13249143439
17507604576
18576003937
87916357
17097153583
17170368381
17170366698
17170366384
17170366637
17170366503
17170364885
17170366438
17170362916
17170361884
17170366641
17170368909
17170366852
17170363760
17170360772
17170363708
17156216713
17170361696
17170361837
17170368872
17170369708
17170366244
17170367177
17170363279
17170360663
17170365355
17170365165
17170363450
17170361783
17170366183
17170366265
17156216698
17156216710
17156216709
17170367369
17170365585
17170363032
17097153859
17097152337
17125000068
17125000028
17170362228
17170362662
17097156235
17170364350
17170361760
17170369895
17170361546
17097158352
17170366659
87823243
17170365215
17170364595
17170366621
17156216711
18676124835
17170367626
17156216708
17097157982
17170367329
18676006873
87823342
17170362592
17170368717
87823024
87823041
18614294951
17097156375
17170366208
17170368948
17170366280
17170361375
17170369409
18675395027
18676104050
17170367697
87823064
17170368914
87823047
17170363858
23795338
15622560197
15625308120
17170369960
18676297542
15625375753
17097152579
87823147
87823042
13144022069
17666268282
87916011
87908829
87916218
17198891591
17170362466
87823144
87823318
13144022381
18676128384
17175219087
13144006532
15625354896
87823247
13144022352
15625357523
87917063
15602861021
87922383
17170361248
15625354100
15625375040
17161227119
87907329
17197601675
18676121350
17081839613
17170366077
17607609311
15625375177
15625375698
18680152805
13144008595
17168246090
18666179050
18676120857
87985130
18664430684
18676265884
13005529037
13286341028
87960758
87905673
18688102893
15521843288
23643252
18689339953
87823049
87905675
15625375066
87822868
13129227060
13286350426
18575847378
18664420564
18680596232
13229985921
15625354882
13286347147
13112922573
15625354750
17576058255
13246048677
18689338163
15625357077
13144009358
13286341102
18689399613
87919083
13144020944
13250169785
15521723739
17181947778
18676430040
13286341904
13286949374
17168246205
87825997
18676013000
18565681349
15625352898
18689399138
13211017018
18688124456
87861239
15625375289
87916113
13286348797
18676423009
15625354122
18689399717
17157380993
13078660909
17081838803
18676110297
87823186
13144022501
15625357772
23788373
15625382698
87915466
87826494
87919028
13286949904
18676153599
13005544889
13017155296
15521822480
13246043631
18689339103
87903758
13286341195
15507672019
18676190222
87919759
13286336499
17170363223
18689348335
13246043895
15625375225
17607601455
87827039
13178697562
15625354175
18689338120
