18679338668
18688775141
13242029491
17606571215
18658458253
13085855568
15507603336
13016001924
13006779978
18676273219
17665456754
18666163707
18658429587
15539554955
18689338396
13267626113
13268304535
18680195612
18688948890
18689338226
13232587637
13232578818
13005552533
13112935939
18689401570
18688125372
18576052078
18680156698
18689338308
18676270228
13085868563
15664336000
17688112602
13018721290
18680160940
13169320255
13099851275
17688224881
18664434861
13005518166
13178691663
16620158029
18667812623
18688131022
16676003148
18566008115
18676116558
18676433179
13112921778
15625327708
18682077939
13112948333
13129271603
13246047095
18688566855
13267600000
13068104777
18566069118
18689330326
18576072111
18666194955
18671468052
15605496299
18689338389
18666191482
18664435091
18576075770
18576226690
18688561866
13025500003
13112977776
15502080820
17666383255
18576068666
18688569655
17585823342
18689338135
13018767028
17607602099
13078664333
18666157789
18676190695
13018768816
18576048111
18688105578
18689399742
18692003395
13178645823
13189240666
15625320096
17666545793
18576225004
18676191419
18576060191
18676113260
18688453799
13005553640
13060905062
13265939261
15625362959
18666156852
15625330027
18676113489
18689368880
13005550788
13068102999
13068135111
16675857644
18689379488
13286339301
18666181122
18676486646
18689338306
18676006872
18680181471
18688126001
18676117659
18689338390
13250080923
18627969558
18689338267
13113935392
13213132915
18676008838
13217604575
17688108334
18675393481
18689336596
18689356201
18689383276
13005510649
18576012320
18636664324
18689338285
13112909637
18651365299
18676416633
17666361988
18666461141
18666759588
18676028050
15625380989
18507606175
18576257928
18620220940
18689338136
15507629087
18664751544
18676408319
18688507981
18689383845
18576030366
18689339132
18689339926
13129227776
13178661114
13178668066
18676162292
15697600002
17666075373
18576215763
18653713148
18664425817
18666191668
13025543911
13068115563
13178617471
13267625791
13272122062
13267622727
18607600567
18673447780
18676100152
18676175927
18676190158
18689338040
13042033926
18576239710
18676014609
18676125077
18688562688
13167003086
13249001988
17175873689
17607606253
17666363899
18607608072
18666160062
18675041292
18676026098
18676189081
18682348584
18688109456
13169863576
13178676988
18565456886
18620021983
18666171595
18675341999
18676101278
18680596112
18688135328
13068129919
13129291707
13169878290
18689368760
13144048753
18664176581
18676182156
18681089559
13005552257
13057853368
13169871614
13249377983
15625305758
17693331584
18680169858
13223845195
18507600168
18666171670
18666742022
18680180133
18680287541
18689338126
13005505407
13070244333
13169302997
13219118388
17688138355
18576055358
18576074163
18688115291
18689379490
15521521797
15625308880
17097151503
18576040603
18664438487
18664474848
18671434577
13112989437
13286327418
17666361000
18520001690
18523547265
18576213280
18578658282
18688561545
18689338223
13113909666
13144028555
13229044124
18576033115
18666431668
18676006191
18676113959
18676193568
18676295779
18680182871
18688561153
18689338350
18689338352
18693143603
13085865235
13144885784
13169315468
13211165287
13246029930
17607601055
18507602797
18664421618
18664433212
18675766188
18675797400
18676197664
18680193273
18689356010
13068189368
13085898588
13088826555
13178665889
18576012867
18576035269
18676177316
18689338110
18689338397
18689372606
13025525000
13169885972
15521599817
18576208868
18603089498
18607602049
18666192594
18680162858
18688131226
18688781082
18689384776
18689397585
13085869631
13178671393
13226086612
13242213888
17688139388
18576007394
18576093627
18676000279
18676011695
18676263486
13113946078
13251103899
17623253275
17666386509
18576013131
18576093189
18576207706
18654106687
18676119996
18688116387
18688129312
13005532227
13085882300
13232360198
15507608976
17666486045
18565718188
18576272208
18676003366
18680152825
18688110869
18689370841
18689379487
13025248127
13068188565
13085851806
13113906153
13178678960
13178689418
13211128868
18507601499
18576019965
18613131781
18676148472
18680180779
18680187663
18688119444
18689338049
13046330036
13169313111
13250483656
18607585253
18666162308
18688562789
13189223698
13249386987
15502056738
18576096689
18578296422
18607601895
18664408995
18664412823
18666195125
18676001199
18676241274
18680177828
18683903388
18689333082
18689354392
18689399741
13246020005
16676010236
17099735796
18576075707
18576268856
18671435641
18676030095
18676111391
18680177700
18680191006
18682185389
18688148580
18688369811
18689338239
18689338318
13078668389
13129258309
13129291655
13178625173
18576060027
18676146334
18676167755
18688110258
18688133591
18689338342
13025553855
13063335678
13068855502
13073084238
13078638388
13112920110
13129203777
13169300046
13268225060
17688137950
18520963849
18576015087
18579106272
18627854475
18666194276
18682399371
18689336117
18689338297
13285088886
13286916228
18585536605
18607604983
18676167518
18676268269
18688126566
18689338286
18691818251
13026632335
13169331858
13169871046
13178670954
13218606583
13242400326
18507600702
18602084208
18665451864
18666852170
18676025521
18676161460
18680181705
18680209368
18685635181
18688113096
18688568616
13178676975
13246031818
13286913883
15521841182
17607607777
18505202170
18576000255
18576099241
18607602997
18666194440
18666627313
18676191088
18676298686
18688105520
18688120850
18696235980
13005550760
13068127303
13078353251
13169896778
13232569903
13249038666
13250488131
15502061591
17607602300
18520438056
18576099261
18576099342
18666175158
18666191098
18666856107
18676104433
18676128178
18676131010
18676193913
18676197399
18676230091
18676298868
18688129526
18689338257
18689402237
13005516178
13144037898
13213129178
17099737230
18086624315
18565126363
18576096404
18620057905
18666180799
18675397525
18676159868
18680152540
18689334060
13005521567
13113906110
13178663604
15521752828
15625379695
17666388989
18576045339
18576099298
18666571675
18675879119
18676193398
18689366554
13005711182
13025513701
13025885868
13078628888
13113927897
13178617461
13286322221
17520355848
17666376297
17688887276
18507601779
18576006736
18576082966
18676100923
18676113885
18676297188
18688117611
18688119155
18688126744
18689338245
13005522068
13018751097
13113119991
13113919477
13129292982
13177662506
13226645979
17665088212
18576071620
18576071999
18576096447
18607605350
18613083999
18663939219
18666181925
18676029556
18676102568
18676126564
18676191249
18680599188
18688112568
13016387722
13060606141
13063687563
13078611297
13129277808
13250093333
13286324666
13286338878
15521552321
17612039333
17688122221
18520957139
18576048273
18576222502
18576229616
18615156777
18666164526
18676000229
18676011795
18676030081
18676168697
18680150722
18682115094
18689399731
