sh601515,0,0,0
sh603012,0,0,0
sz300516,0,0,0
sz002330,5616,0,0
sz002185,205344,319860,2876
sh603803,0,0,0
sz002426,2000,2032,0
sh603367,0,0,0
sh600275,0,0,0
sz002603,0,0,0
sz300039,0,0,0
sz002574,0,0,0
sz002772,0,0,0
sz000409,0,0,0
sz002481,3736,2200,0
sz000878,0,2063,4402
sh603366,1704,0,0
sh600992,0,1000,0
sz002085,2710,0,0
sz300206,0,0,0
sz000157,20419,12758,0
sh600533,2000,0,0
sh601601,16631,27001,1365
sz002084,0,0,0
sh600416,32483,15745,0
sh603683,0,0,0
sh600532,2951,1006,0
sz300531,0,0,0
sh600740,16023,55080,0
sz000413,38310,49168,0
sz002314,0,0,0
sz300722,2119,1722,433
sh600983,0,0,0
sz002279,0,1005,0
sz300730,0,0,0
sz002637,2000,0,0
sz000010,0,0,0
sz300088,53161,22471,0
sz002577,1000,0,0
sz002276,0,0,0
sh601117,11883,14046,0
sz000159,0,0,0
sz300250,1172,0,0
sz002303,0,0,0
sh601628,5308,7187,511
sz300037,0,0,0
sz300106,0,0,0
sz300311,0,0,0
sh600777,31451,0,0
sz000910,0,650,0
sz000021,5353,1640,0
sh601326,0,0,0
sz300358,0,0,0
sz002132,13517,7397,0
sh600225,0,3999,0
sh603086,0,0,0
sh603768,0,0,0
sh600571,0,0,0
sz002530,0,0,0
sz002549,0,0,0
sz002775,0,0,0
sz002399,0,0,0
sh601208,0,0,0
sz002850,0,0,0
sh601500,0,0,0
sz002526,0,0,0
sz002790,0,0,0
sz300653,0,0,0
sz002445,3644,0,830
sh601666,6154,32857,0
sz300555,0,876,0
sh601899,192410,252655,0
sz002099,0,0,0
sz300189,0,0,0
sh600303,0,0,0
sh600647,0,0,0
sz002430,2734,1238,0
sh600523,0,0,0
sh603298,0,0,0
sh600598,988,2654,0
sz300501,0,0,0
sz000996,4302,4850,0
sz002492,0,0,0
sz002763,0,0,0
sz300180,0,0,0
sh603877,0,0,0
sh600148,536,936,0
sz000697,3237,2906,553
sz300390,1450,0,0
sz000420,0,0,0
sz300696,178,148,0
sz002387,0,0,0
sz300442,0,0,0
sz002848,685,0,0
sz000958,0,0,0
sz002371,24959,18746,2349
sh603126,0,0,0
sz002777,0,0,0
sh600098,1557,0,0
sh600054,0,0,0
sh603757,0,0,0
sz002269,0,3369,0
sz002418,0,0,0
sh600241,0,0,0
sz000731,0,0,0
sh600100,1664,5083,0
sz000666,2175,3531,0
sz002369,1647,0,0
sz000038,460,4823,0
sz000004,602,0,0
sz002451,6119,872,674
sz002779,0,0,0
sz002601,0,8223,0
sz300517,0,0,0
sz000967,0,0,0
sz002599,0,2165,0
sz000612,0,0,0
sh600476,0,0,0
sh601882,0,0,0
sz300286,0,0,0
sz002308,0,0,0
sz000810,0,0,0
sz002713,0,0,0
sz300725,8014,9275,615
sh600936,0,0,0
sz000736,0,1415,0
sz002649,0,901,0
sz000663,0,0,0
sz300326,0,0,0
sh603385,0,0,0
sh603398,0,0,0
sh600958,5226,10817,0
sh600827,4916,1607,0
sh601998,18619,27589,1603
sz000099,1180,0,0
sh603338,0,0,0
sz002339,1169,0,0
sz300473,0,0,0
sz300073,1668,2053,0
sh603011,1000,0,0
sh603038,0,0,0
sh600020,0,3300,0
sh600023,33733,6143,0
sh600010,54705,34443,0
sh603196,1797,0,0
sz002049,61465,90723,9893
sz300294,0,0,0
sh603167,0,1199,0
sz300017,120284,77545,2167
sz002299,5302,3109,0
sh600507,22965,41458,1084
sz000877,1239,8200,0
sz000807,41271,68910,0
sh603879,647,0,0
sh603128,1405,0,0
sh600338,2819,4862,268
sz002203,0,0,0
sh600726,0,0,0
sh603020,0,0,0
sz300713,0,0,0
sz002393,0,360,0
sh601566,0,0,0
sh600743,2923,0,0
sz002118,27436,10101,4551
sz002496,0,0,0
sh600069,0,4841,0
sz300532,0,0,0
sh600395,0,0,0
sh600718,1233,6439,0
sh600516,125149,95839,9227
sh600638,0,0,0
sz300268,3413,1002,0
sz002831,0,0,0
sz002247,0,0,0
sz300089,0,2042,0
sz300593,0,0,0
sh600212,2213,1110,0
sz002564,0,0,0
sz300491,0,0,0
sz300201,0,0,0
sz002780,0,0,0
sz000037,0,0,0
sh601108,7639,12769,1034
sz001979,12683,30095,0
sh601900,0,0,0
sh600305,0,0,0
sz000957,0,0,0
sh600801,14593,12834,0
sh603043,0,0,0
sz300305,0,0,0
sz000505,0,2540,0
sz002873,0,0,0
sz002721,0,0,0
sh601633,5829,3595,0
sh600191,1438,3409,0
sz002298,0,0,0
sz000572,2783,0,0
sz000917,9400,4273,0
sh600712,0,1203,0
sz002261,0,2804,0
sh600753,764,0,0
sh600088,0,850,0
sz002680,0,0,0
sz300053,15499,4817,6974
sh600687,820,0,0
sz300005,0,0,0
sz300712,2628,0,0
sh603507,0,269,0
sh601965,0,0,0
sz300044,618,2314,0
sz000899,0,0,0
sz002448,0,0,0
sh603559,8571,12803,354
sz002805,0,0,0
sz002121,0,1224,0
sz300171,0,0,0
sh603466,516,3210,0
sz002164,0,0,0
sz000702,0,0,0
sh603399,1678,1493,649
sz002078,1503,3034,1728
sz300218,0,0,0
sh601999,0,0,0
sz300385,0,0,0
sz000685,0,0,0
sz300229,2254,6792,0
sz002856,7628,1890,647
sz002429,89965,126460,0
sh603357,0,0,0
sh600606,53551,69991,0
sz000158,3985,4252,0
sh601127,0,0,0
sz300537,0,0,0
sh603040,0,0,0
sz000048,0,0,0
sh600895,0,0,0
sz002122,2689,0,0
sz300691,0,300,0
sz002394,0,814,0
sh600048,464903,415116,26633
sz002847,0,0,0
sh603866,0,0,0
sz000966,0,0,0
sz300432,0,0,0
sz300237,5093,0,0
sz002029,0,0,0
sh600616,0,0,0
sz300300,1575,1197,0
sz300115,1362,3917,0
sz002420,0,0,0
sh601018,17543,13976,0
sz300082,0,0,0
sz000785,0,0,0
sz002256,0,0,0
sh600748,0,0,0
sz300559,0,0,0
sz002479,0,0,0
sh600657,1935,5642,0
sh600651,1028,0,0
sz000680,0,0,0
sh603711,38597,30797,7292
sh600115,214210,171731,3365
sh600677,5754,1041,0
sh600110,48543,29589,5020
sz000969,11299,2972,0
sz300267,13482,8243,0
sh600883,0,0,0
sz300707,0,0,0
sz002028,0,0,0
sh600483,0,0,0
sz300055,20032,17179,865
sz000970,7916,6001,0
sh603015,0,0,0
sz300094,0,0,0
sh600735,7341,2037,0
sz002125,0,0,0
sz002186,0,0,0
sh603636,0,0,0
sz002245,34214,45105,2117
sh600015,70208,48118,0
sz002019,5769,4191,0
sz002727,0,0,0
sz000506,0,0,0
sz300587,0,0,0
sz002884,0,0,0
sh601777,0,0,0
sz000753,0,0,0
sh600256,218859,343803,4115
sz000833,0,2023,0
sh600990,0,0,0
sz002737,0,0,0
sz000573,0,0,0
sh600973,2441,0,0
sz002329,0,0,0
sh600531,0,0,0
sz000610,2300,0,0
sz300521,0,0,0
sz300304,0,0,0
sh601929,7144,20963,0
sh600834,0,0,0
sz000088,0,1775,0
sz300682,0,0,0
sh600572,0,1448,0
sh603617,0,0,0
sz300365,500,0,0
sh600377,9645,0,0
sh600594,4783,2768,0
sz002414,0,0,0
sz300353,0,0,0
sz300637,0,0,0
sh603387,0,0,0
sz002251,1492,0,0
sh600101,0,0,0
sz002041,0,0,0
sh603926,0,0,0
sz000837,0,0,0
sh603928,0,0,0
sz002079,70838,132255,5273
sh603777,0,0,0
sz002475,16519,19528,468
sz300150,0,0,0
sz002447,2160,22329,0
sh600446,12714,9023,1874
sz002223,2226,0,0
sh600998,1000,0,0
sh600843,0,0,0
sz300551,0,0,0
sz002490,0,0,0
sh600841,11568,5206,0
sh600511,1109,1449,0
sh600021,4284,0,0
sz002675,1018,1008,0
sh600213,0,0,0
sh600392,9155,11916,1003
sh600366,0,602,627
sz300211,0,0,0
sh600322,0,3601,0
sh600299,0,0,0
sh600713,2002,0,0
sz300589,0,0,0
sh600011,15685,11369,0
sz002817,0,0,0
sh603232,0,0,0
sz300020,3104,3141,0
sz300273,0,0,0
sz000027,0,0,0
sz300378,705,0,0
sz000606,0,0,0
sz300362,770,0,0
sz002608,0,0,0
sh600137,82421,7725,2054
sz000636,126985,232246,7178
sh600339,0,0,0
sh600663,0,0,0
sz002702,0,0,0
sz002698,0,0,0
sz002120,0,0,0
sz002011,0,0,0
sh600521,12931,2532,689
sh601369,11374,15632,0
sz300190,1020,0,0
sz000691,0,0,0
sh600545,10368,9093,3564
sz300420,0,0,0
sz300387,0,0,0
sz002020,0,0,0
sh601311,0,0,0
sz002200,1220,0,0
sh600389,0,0,0
sz002161,0,0,0
sz000422,0,0,0
sz002591,0,0,0
sz300298,0,0,0
sz300705,0,0,0
sz300511,0,0,0
sz002390,2466,1253,0
sh601966,0,1635,0
sz300528,0,0,0
sh600403,0,0,0
sz300119,0,0,0
sz000726,0,0,0
sz300497,0,0,0
sh600012,0,0,0
sz300666,7126,6493,707
sz002613,0,0,0
sz000737,0,0,0
sh600519,13112,18614,2044
sz002517,61951,14924,6590
sz002905,0,0,0
sz000156,4554,0,0
sz002052,0,3520,0
sz002207,0,0,0
sh603997,0,0,0
sh603300,0,0,0
sh600717,0,0,0
sh601126,2764,0,0
sh603335,0,0,0
sz002609,0,0,0
sz300480,0,0,0
sh600844,0,0,0
sz002537,0,0,0
sz000908,0,0,0
sh600056,1545,8940,0
sz000709,37986,109448,0
sh603813,0,0,0
sz002665,3748,1727,0
sz000821,0,0,0
sz300323,8568,3313,785
sz300578,0,0,0
sz300683,0,0,0
sh600705,10000,16394,0
sz002669,0,2255,0
sh600779,6048,9095,0
sh603678,0,0,0
sz002280,0,0,0
sz300130,0,0,0
sz002668,740,0,0
sz002183,56609,17097,0
sz000059,4007,5539,0
sz002588,0,0,0
sz000517,0,0,0
sz000545,0,0,0
sh600734,0,0,0
sz002594,9264,14290,519
sz000978,0,0,0
sh600673,10221,13544,0
sh600234,0,0,0
sz002682,0,0,0
sh600076,2898,1464,0
sz000796,0,919,0
sz000850,2828,0,0
sh603727,0,0,0
sh603899,0,678,0
sh603819,0,0,0
sh600641,9534,2362,0
sz002089,0,0,0
sh600462,2852,0,0
sz000886,0,3364,0
sz000761,16488,3535,3503
sz300563,0,0,0
sh600908,1745,3171,0
sh603717,0,0,0
sz002150,0,0,0
sh603829,0,0,0
sh600278,0,0,0
sz002432,0,0,0
sz300038,87168,92779,11093
sz002140,0,0,0
sh603788,0,0,0
sh600320,0,0,0
sz000531,0,0,0
sz000426,2486,11192,0
sh603688,3303,1502,0
sh600461,0,0,0
sh600688,2151,20179,0
sh601020,0,0,0
sz300697,0,0,0
sz002523,2760,0,0
sz300463,0,0,0
sz002569,0,258,0
sh600696,0,0,0
sz002046,0,0,0
sz000791,0,1645,0
sz300312,1373,0,0
sz300618,7364,13868,1048
sh600635,0,0,0
sz002636,0,0,0
sz002108,0,0,0
sz300148,11025,5470,0
sh600151,33212,5096,0
sz002238,0,0,0
sz300120,0,0,0
sh603677,0,928,0
sz300445,0,0,0
sh600977,6730,5413,0
sz300066,2192,0,0
sz300233,1276,0,0
sz002696,0,0,0
sh600360,19735,48041,0
sh600111,40101,44597,0
sz300018,0,0,0
sh600690,36707,79366,0
sz002543,0,0,0
sz002249,3364,0,0
sz300625,0,0,0
sh600051,0,0,0
sz300270,1888,0,0
sh600132,0,0,0
sz300678,229,0,0
sh603630,0,0,0
sz000593,0,0,0
sh600770,90095,39558,0
sz300092,0,0,0
sz002658,0,0,0
sh601222,5086,6929,0
sz000536,0,5158,0
sz000563,10202,5292,0
sz002282,988,0,0
sh600266,0,1096,0
sz000973,0,0,0
sz002606,0,0,0
sh600811,0,0,0
sh603886,0,0,0
sz002342,0,0,0
sz002034,0,0,0
sh600030,325466,437828,7049
sh600758,4145,0,0
sz002410,1893,0,0
sh600897,474,576,0
sh600815,0,0,0
sh603808,1344,637,0
sz002886,888,1976,341
sh600776,6051,2013,0
sh603538,0,0,0
sh603116,0,755,0
sz300547,0,0,0
sz002065,15333,21898,0
sz002786,0,0,0
sz300224,8917,5581,0
sz300416,0,0,0
sz002456,26662,39075,0
sh600909,0,10936,0
sz002673,9280,61840,0
sz300609,301,0,0
sz002355,0,0,0
sh600209,22385,16484,0
sz300629,0,0,440
sz300457,429,400,0
sz300557,0,0,0
sh603888,0,0,0
sz300460,0,0,0
sz002134,0,0,0
sh603266,0,0,0
sz300721,291,0,0
sh600029,88719,143466,1586
sz000090,0,0,0
sh603328,0,0,0
sz300576,0,0,0
sz002539,0,0,0
sz300657,0,0,0
sz300464,0,0,0
sh603809,322,566,0
sh600423,0,0,0
sz002640,1520,3753,0
sz002514,0,0,0
sz002395,0,0,0
sz002536,0,0,0
sh601002,10037,16299,0
sz000530,5030,0,0
sz002042,8249,7217,902
sz000613,6974,4824,0
sh603186,0,0,0
sh600307,6082,13987,0
sh603160,526,2172,257
sz002365,1130,2543,543
sz300151,0,0,0
sz300045,0,0,0
sz300592,0,0,0
sh601328,195369,228314,0
sz002302,17585,28008,1296
sz002023,3496,0,0
sz002285,76127,78063,5572
sh600376,0,0,0
sz300363,1813,785,0
sh601228,0,3462,0
sh603567,0,0,0
sh600783,0,0,0
sz000005,0,0,0
sh600104,17169,20372,0
sz002860,0,400,0
sz300266,0,400,0
sh600633,0,1607,0
sh603898,0,0,0
sz300502,1336,898,0
sh600547,29212,20170,2458
sz002872,0,0,0
sh603729,0,0,0
sh601216,2225,46809,0
sz300056,1398,0,0
sz300686,617,0,0
sh603612,0,300,0
sz300064,0,1010,0
sz000524,0,1338,0
sz002724,0,0,0
sh600731,0,0,0
sh600612,302,0,0
sh601599,9879,9166,0
sz002017,0,0,0
sh601808,0,0,0
sz002325,4824,2556,0
sh603955,0,289,0
sh600035,4092,10902,0
sz002556,1519,4703,0
sh600298,1477,3933,0
sh600975,0,0,0
sh603180,0,0,0
sh603083,1045,1918,0
sh600271,31098,61602,2728
sh600358,0,0,0
sz002533,0,0,0
sz002760,650,305,0
sh603260,11279,7393,1850
sz000825,10192,60735,0
sz000068,0,3000,0
sh600684,0,0,0
sz002865,0,0,0
sh600661,0,500,0
sh600546,14700,8596,0
sz002639,0,0,0
sh600727,0,0,0
sz002909,707,0,0
sh600782,16204,61453,3712
sz002732,0,0,0
sh600884,2530,4260,0
sh600055,0,2817,0
sh600560,0,0,0
sz300246,0,0,0
sz300389,0,0,0
sz000009,16771,5858,2383
sz002215,0,0,0
sz002241,16984,18669,0
sz002538,1195,1139,0
sh600766,0,0,0
sz000906,0,0,0
sh600319,12174,6363,0
sh600165,0,0,0
sh600489,173627,87619,2611
sh600529,0,0,0
sz002688,0,0,0
sz300057,0,1003,0
sz300671,0,0,0
sz002907,0,0,0
sh603227,0,0,0
sz300252,0,678,0
sh600499,5280,20493,0
sz002380,0,689,0
sh600623,0,0,0
sz002723,685,0,0
sz002233,1466,900,0
sh600182,0,0,0
sh603882,0,0,0
sz000831,1000,1877,0
sz300138,0,0,0
sz002789,0,0,0
sz002703,0,0,0
sz000777,820,1570,0
sz002711,92797,50203,8116
sz002107,0,0,0
sz300317,1575,2654,944
sz000890,0,0,0
sz002598,0,0,0
sz300004,0,0,0
sh601008,0,0,0
sz002159,0,0,0
sh600736,1677,0,0
sz300334,0,0,0
sz300314,0,0,0
sz002286,0,0,0
sz300554,0,0,0
sh600429,0,0,0
sz000792,14640,26693,993
sz300204,0,0,0
sz002461,0,2900,0
sh600535,0,569,0
sh600281,0,0,0
sz000858,36242,58049,2499
sh603716,0,0,0
sz300016,0,1186,0
sh600861,0,0,0
sz002073,0,1724,0
sz300571,557,0,0
sh601377,11230,39067,0
sz002230,109238,154213,21984
sz002112,0,600,0
sh603822,0,0,0
sz300014,1813,2383,0
sz300600,0,0,0
sz000404,2150,4833,0
sh603108,0,0,0
sz300302,0,0,0
sh600019,154886,203808,1332
sz000520,6206,0,0
sh601339,0,0,0
sz300572,0,0,0
sz300692,742,1321,0
sz002722,1241,0,0
sh600470,0,0,0
sh600926,1960,2018,0
sh600851,3593,900,0
sz000659,3020,0,0
sz002156,47852,84525,3489
sz300146,1580,7900,0
sh600066,1544,9059,0
sh603939,1577,404,0
sz002428,0,3752,0
sh603767,0,0,0
sz002167,1468,0,0
sz002208,0,0,0
sz002277,0,3841,0
sz000539,0,2182,0
sz002648,7603,1664,0
sz300440,0,0,0
sh600180,0,1001,0
sz002093,1228,1570,0
sz000603,0,0,0
sz002136,0,0,0
sz000948,0,0,0
sz002154,0,0,0
sh600739,2832,1539,0
sh603799,13938,23953,1065
sz002797,30742,46421,4499
sz000822,0,0,0
sh603669,0,0,0
sh603158,0,0,0
sh600036,118173,188274,7540
sh603037,0,542,0
sh600333,0,0,0
sh600837,15079,34335,0
sh601000,64999,20124,0
sh603679,0,0,0
sh603060,0,0,0
sh600190,0,0,0
sz000417,0,0,0
sz002534,0,0,0
sz002253,0,0,0
sh603208,0,0,0
sz002234,12414,0,0
sh600566,1409,1233,0
sh600891,0,0,0
sz002858,0,0,0
sh603218,0,0,0
sz002583,3872,15414,0
sh600835,3785,4743,992
sz000568,9959,20524,1148
sz300530,0,0,0
sz300461,0,0,0
sh600099,0,0,0
sz300421,0,0,0
sz000551,0,0,0
sh601997,4213,1133,0
sh601006,40222,51979,0
sh601588,0,0,0
sh600372,0,2000,0
sz002081,24637,20646,805
sz300001,0,0,0
sz000912,51268,26996,0
sh600808,111428,125022,0
sz002449,0,1128,0
sh600613,0,0,0
sz300081,0,0,0
sz000895,409,6122,0
sz002374,2001,7015,0
sz002001,46303,42724,4345
sz000628,1510,0,0
sz002006,0,11800,0
sz002803,0,0,0
sh600860,0,0,0
sz000065,661,0,0
sh600691,10604,13114,0
sz002747,0,0,0
sh603488,762,0,0
sz300321,0,0,0
sz002353,0,875,0
sz000565,0,0,0
sz000428,0,0,0
sh600986,0,0,0
sh603519,0,0,0
sz002439,1552,1101,0
sh603131,0,0,0
sz300575,0,0,0
sh600086,1020,0,0
sh600283,11850,3838,0
sz300191,0,0,0
sh600724,0,0,0
sh601677,0,1000,0
sz300654,1424,13738,0
sh600565,28567,2482,0
sh600520,0,0,0
sh600716,0,0,0
sz300619,0,249,0
sh600859,0,1349,0
sz002689,0,0,0
sz000510,0,0,0
sh600258,439,815,0
sz002896,264,1450,0
sz300631,0,0,0
sz000611,0,0,0
sh603919,0,0,0
sh600847,0,0,0
sz002177,0,0,0
sh603599,0,0,0
sz002661,0,0,0
sh603958,0,0,0
sh600693,2000,2418,0
sh603016,0,0,0
sz000868,15043,7651,0
sh600961,0,0,0
sh600720,6328,6982,0
sh600595,0,7193,0
sz000025,0,0,0
sh603226,0,0,0
sh600694,0,0,0
sz000677,3398,0,0
sh603313,387,0,0
sh600246,0,0,0
sz000429,4486,0,0
sz300693,1725,379,0
sz002524,0,0,0
sh601579,0,0,0
sh603991,0,0,0
sz002127,0,0,0
sz000932,29700,66861,0
sz002705,0,0,0
sz000078,0,7170,0
sz300105,0,0,0
sz300478,502,0,0
sh600438,23294,21292,0
sz000838,2190,1769,0
sh603110,0,0,0
sz002733,0,0,0
sh600135,0,0,0
sh603999,0,0,0
sz300113,53234,29678,510
sh603345,0,0,0
sz000596,784,1375,0
sh600219,22378,57232,0
sh603605,455,428,0
sh603127,0,0,0
sz002885,0,0,0
sz300688,212,823,0
sh600435,169412,91968,8652
sz300542,0,0,0
sz000668,0,0,0
sz002679,0,0,0
sz300397,1318,37512,0
sh600251,0,1868,0
sh601866,11208,0,0
sh600839,8948,52250,0
sz300558,2217,0,0
sh600063,0,0,0
sz002332,0,0,0
sz000780,0,0,0
sh603816,1444,2880,0
sz300597,0,749,0
sh603076,0,0,0
sz002699,0,0,0
sz000017,0,0,0
sz000655,0,0,0
sz300411,0,0,0
sz300573,0,0,0
sh603268,0,0,0
sz002801,0,0,0
sz000488,2655,18425,0
sh600741,7224,16751,0
sh600199,0,0,0
sh601727,5942,6195,0
sz300700,1186,880,0
sz002139,0,3237,0
sz002246,10572,5797,0
sh603331,0,0,0
sz002326,0,0,0
sz300297,0,0,0
sz300253,2693,2167,0
sz002465,3296,1163,1529
sz002039,0,0,0
sh601231,3397,5687,0
sz002388,0,0,0
sz000767,0,0,0
sz002367,0,0,0
sh603580,0,0,0
sz002202,25628,61172,0
sh603696,0,0,0
sh603000,1022,0,0
sh603042,2782,2937,0
sh603737,0,0,0
sz002800,0,0,0
sz002567,0,0,0
sh603330,0,0,0
sh601069,4576,1583,0
sh603730,0,0,0
sz002114,600,0,0
sz002486,0,0,0
sz000632,0,0,0
sh603277,0,0,0
sh603825,0,0,0
sh600540,0,0,0
sz002097,0,0,0
sz300652,0,0,0
sh603663,0,0,0
sh600136,0,0,0
sz300258,0,0,0
sz300207,3200,11191,0
sh600642,9390,26835,0
sh601969,0,0,0
sz300655,0,0,0
sh603969,0,0,0
sh603880,0,0,0
sh600597,2411,4113,0
sh601186,8170,29012,0
sh603079,200,819,0
sz002898,0,0,0
sz002266,0,5139,0
sz000937,2017,2058,0
sz002559,0,0,0
sz000987,0,0,0
sh600703,29679,41313,1344
sz002836,0,0,0
sh603179,0,0,0
sh600094,0,8980,0
sz002191,3125,0,0
sz000722,0,0,0
sz002401,3401,962,0
sh600787,2438,6002,0
sh603708,0,542,0
sz002652,0,1570,0
sz002457,0,0,0
sh601928,0,0,0
sh600800,0,0,0
sh601229,14607,41766,0
sz000905,0,0,0
sz002746,0,0,0
sz002152,18388,9140,0
sz002568,0,0,0
sz002644,0,0,0
sz000911,0,0,0
sh601858,0,1000,0
sz300616,113,0,0
sh600325,16834,4269,0
sz002005,0,2579,0
sz300170,992,0,0
sz300256,2327,1502,0
sz300622,0,0,0
sh600889,1212,0,0
sz000043,0,0,0
sz000514,0,0,0
sh600123,1287,1301,0
sz002407,490,601,0
sz300137,525,4191,0
sh600830,0,2744,0
sh600189,0,0,0
sz002416,0,0,0
sh600004,4175,8664,1019
sh600729,453,1438,0
sh600315,6974,11700,0
sh600798,0,0,0
sh600630,0,0,0
sz002174,14347,10145,2382
sh600290,2547,803,0
sz300443,0,0,0
sh601001,0,4654,0
sh601318,282830,356625,34535
sz002290,0,0,0
sh603690,0,900,0
sz002074,0,995,0
sh600221,65477,35689,0
sz002506,23785,4899,0
sh603659,1210,5530,192
sz300676,6775,3254,907
sz000965,0,0,0
sh600353,0,0,0
sh603320,0,0,0
sz300215,2431,0,0
sh600200,0,908,0
sz300396,0,0,0
sz300632,0,0,0
sh600406,18072,44915,1403
sz000559,0,0,0
sz002767,0,0,0
sz002717,4871,2048,0
sh600183,2688,25866,878
sh603067,0,0,0
sh600711,6419,12799,0
sz002693,0,0,0
sz002003,0,0,0
sh600118,47882,27878,2312
sh603326,0,0,0
sz000333,67348,100893,3883
sz002478,0,0,0
sz002250,0,0,0
sh603916,818,0,0
sh603555,0,0,0
sh600819,0,0,0
sh603023,0,0,0
sz002485,0,420,0
sh600582,0,2929,0
sz300324,3573,758,0
sz300035,0,0,0
sz000990,659,0,0
sh600610,2000,0,0
sh600577,0,0,0
sh603355,0,0,0
sz300315,50461,39155,0
sz300368,0,0,0
sz002857,4921,1001,0
sh600176,25930,23986,1109
sh600498,7357,7770,0
sh603239,580,633,0
sh600714,0,0,0
sz002573,1487,1980,0
sh603536,0,0,0
sh600722,5056,11895,0
sz300054,7492,17429,2112
sz002819,0,0,0
sh603183,0,0,0
sz300656,200,915,0
sh600979,0,0,0
sz002050,19917,17449,0
sz002500,3907,7272,0
sz002690,2899,495,0
sz300244,0,911,0
sz300012,0,3353,0
sz000909,0,0,0
sh603619,0,0,0
sh603860,0,0,0
sz002762,0,0,0
sh603607,0,275,0
sz002870,0,0,0
sz002642,0,0,0
sz300485,0,0,0
sz300371,0,0,0
sh600601,0,0,0
sz000682,0,0,0
sh600569,76852,83935,3175
sz300084,0,0,0
sz000692,0,0,0
sh601518,0,0,0
sz300660,0,0,0
sz002684,0,0,0
sz300287,0,3648,0
sz002782,0,0,0
sh600984,0,0,0
sh600771,347,581,0
sh603776,871,300,0
sz300102,39828,37792,0
sh600089,2610,14708,0
sz000036,1891,1142,0
sz000750,3281,22448,0
sh600508,1042,0,0
sh600198,4606,11092,0
sz002415,32109,47022,855
sh600778,0,0,0
sz002557,0,0,0
sz002632,0,0,0
sz000028,0,1477,0
sz002685,0,0,0
sh603305,0,0,0
sz000046,0,0,0
sz002459,0,0,0
sz300217,4496,0,0
sz000690,4015,4730,0
sz002818,0,0,0
sz000410,4767,9373,0
sz300129,0,0,0
sz000783,5277,13157,0
sz002056,41854,26858,956
sz002318,0,1597,0
sh600421,0,0,0
sz000519,12020,48057,0
sz300658,400,0,0
sz002806,2836,1895,0
sz300370,0,0,0
sh600232,0,0,0
sh603322,697,2364,0
sz002734,0,0,0
sz300147,1247,0,0
sz000590,0,0,0
sh600549,6310,15324,0
sz000571,0,0,0
sh603533,11793,11143,495
sz300436,0,461,0
sh600567,29437,60212,0
sh600188,7200,5734,2303
sz002659,0,0,0
sz300126,0,0,0
sz002045,1691,3119,1016
sz002010,0,0,0
sz002274,0,0,0
sz300452,0,0,0
sh600603,1617,0,0
sz002104,0,0,0
sz002892,0,0,0
sz002611,0,0,0
sh600527,0,0,0
sh603608,0,0,0
sh603063,0,601,0
sz000597,0,8755,0
sz000669,0,0,0
sh600153,0,7949,0
sz300349,0,736,0
sz002295,0,0,0
sh601789,0,0,0
sz002128,10513,26043,0
sz300172,0,0,0
sz300234,0,0,0
sh600167,0,0,0
sz002467,2000,1973,0
sh600512,0,0,0
sh600988,37873,21319,0
sh603159,0,0,0
sz002708,0,0,0
sh600654,0,6148,0
sz002832,0,0,0
sh600397,0,0,0
sz300549,0,0,0
sz002678,2880,0,0
sz002891,0,830,0
sh600466,2289,2392,0
sh603169,0,0,0
sh600628,0,0,0
sh600131,0,0,0
sh600468,0,0,0
sh600652,0,0,0
sz002102,12647,22115,0
sh603811,0,0,0
sh601336,29296,45576,1847
sz300471,3306,0,0
sh600689,0,0,0
sz300535,0,0,0
sz002264,3879,1329,0
sh600418,2453,0,0
sz002071,0,0,0
sz000885,866,2678,0
sh603698,0,0,0
sh600794,0,0,0
sz002509,7923,0,0
sh600965,0,0,0
sh603987,0,0,0
sz300263,3081,6678,0
sh600804,1925,2606,0
sz000591,0,0,0
sh603615,0,0,0
sz300465,0,0,0
sz300230,0,0,0
sz300110,8740,2000,0
sz002283,0,2000,0
sh601717,10145,2484,0
sz002522,0,0,0
sh603626,3675,1639,0
sz300716,0,0,0
sh603661,0,0,0
sz002143,3641,1000,0
sz002725,0,0,0
sz300125,0,0,0
sz300350,0,0,0
sh601668,232039,417832,0
sh601288,339309,808389,17659
sh603900,0,0,0
sz000732,0,0,0
sz300259,1801,0,0
sh600018,18106,62671,0
sh601608,3436,10115,0
sz002770,0,0,0
sh603299,0,0,0
sh603606,0,0,0
sh600814,0,0,0
sz002630,0,1000,0
sz002348,0,3257,0
sh601718,64698,39707,2794
sz002130,3778,3701,0
sz000961,0,6911,0
sh600550,0,0,0
sz300245,0,0,0
sz300506,0,504,0
sz002441,0,0,0
sz000976,0,0,0
sz300701,926,0,0
sh600481,0,0,0
sh600217,3936,3224,0
sh600551,0,0,0
sz300203,379,352,0
sz300205,0,0,0
sz300296,0,0,0
sh600773,0,2041,0
sh600825,11074,8673,0
sz002560,0,0,0
sz300412,0,0,0
sz300164,0,0,0
sh603833,992,418,0
sh600583,0,6587,0
sz002435,0,0,0
sh603088,0,0,0
sh600390,0,0,0
sh600517,4370,0,0
sz002906,0,0,0
sz002624,7387,6371,0
sz300009,2001,1156,0
sh600987,0,0,0
sh600526,1559,1599,0
sh600674,23960,12606,0
sh600149,1425,0,0
sz300332,0,0,0
sz000985,699,0,0
sh600886,30633,74567,0
sz002431,0,4426,0
sz002175,0,0,0
sh603843,1548,2584,0
sh603855,0,0,0
sh603225,0,0,0
sz300063,6438,28697,4371
sz000809,0,0,0
sh600177,0,0,0
sh603303,0,0,0
sz300595,0,0,0
sz000058,1468,6929,0
sz002766,0,0,0
sz300333,0,0,0
sz002145,0,0,0
sh600959,0,1319,0
sh600208,210957,102896,4217
sh600892,0,0,0
sh603036,0,0,0
sz300331,0,0,0
sz002262,0,0,0
sh600768,0,0,0
sz000523,0,1362,0
sh603595,0,176,0
sh600868,3028,0,0
sh600604,6044,4650,0
sh603333,0,0,0
sz300567,0,331,0
sh603499,0,0,0
sz000599,0,0,0
sz300605,0,0,0
sh603386,0,0,0
sz300003,3198,2605,0
sh603600,0,0,0
sh603103,0,0,0
sh601238,10630,7066,0
sh603868,154,0,0
sz300366,0,0,0
sh600097,0,0,0
sz002086,9333,38691,3300
sz300327,9501,2705,0
sz002070,13004,6973,0
sz002438,0,0,0
sz002697,0,0,0
sh600408,0,0,0
sh603189,0,0,0
sh603858,0,0,0
sz002899,0,0,0
sh600155,0,960,0
sz300279,0,0,0
sz300274,4874,709,0
sz002878,0,0,0
sz300135,0,0,0
sz002187,0,0,0
sz000631,0,0,0
sz000020,1051,16915,0
sz300627,0,0,0
sh600284,0,0,0
sz002265,0,0,0
sh603566,444,0,0
sz000030,0,0,0
sh603859,0,0,0
sh600850,0,522,0
sh603278,441,440,0
sz000776,9239,13883,0
sh603568,0,0,0
sh600761,0,0,0
sh600396,0,0,0
sz002842,0,0,0
sz300453,0,0,0
sz300095,0,0,0
sh600644,0,0,0
sh600563,293,297,0
sz002491,0,0,0
sz300640,0,0,0
sz002405,14683,35105,513
sz000544,0,0,0
sh603603,0,0,0
sz300579,0,0,0
sh600448,0,0,0
sz002757,0,0,0
sh600793,0,0,0
sz300601,204,200,0
sz000768,59058,25936,6695
sz002176,4550,4857,0
sz002482,0,0,0
sz000819,0,0,0
sz002497,7839,22351,0
sz000150,0,0,0
sz000625,2599,4480,0
sz002768,1595,4662,823
sh600876,0,0,0
sz300192,1988,0,0
sz002058,0,0,0
sh600875,8883,6173,0
sh600071,2595,0,0
sz002242,938,721,0
sz000863,0,0,0
sz000881,0,0,0
sz000018,0,2796,0
sz300672,0,0,303
sz002807,0,1651,0
sh600006,0,0,0
sh601107,0,0,0
sz300231,0,0,0
sz300068,0,0,0
sz002798,0,546,0
sz000892,1856,1850,0
sh600539,0,0,0
sh603005,2560,3042,0
sh600285,0,0,0
sz300456,1443,566,0
sh600192,0,0,0
sh600143,7475,1900,0
sh600917,0,0,0
sz000711,7916,3016,0
sz300541,0,0,0
sz300210,0,0,0
sz002518,0,0,0
sz300291,0,0,0
sz000800,1736,5756,0
sh600493,0,0,0
sz300271,7024,3569,0
sz300610,0,0,0
sh601011,59092,58466,1416
sh601212,0,0,0
sz002631,0,1300,0
sz300168,5732,902,0
sz002180,358,710,0
sh600116,9819,3550,0
sz000521,2768,0,0
sz300472,0,0,0
sz002864,848,1965,0
sz300602,0,204,0
sh601088,28453,72159,1164
sz000727,7437,26262,0
sz002584,8447,3000,0
sh600559,4382,4268,483
sh603966,0,0,0
sz300022,2000,0,0
sz300141,0,0,0
sh600997,3506,12538,0
sh600345,4941,2400,0
sz000063,129053,155501,15353
sh600737,0,4502,0
sz300374,566,0,0
sz000529,0,0,0
sz002561,0,0,0
sh600326,1086,3628,0
sh601968,0,0,0
sz002422,7166,6905,1672
sz002578,0,0,0
sz300182,6159,9061,0
sz300405,0,0,0
sh603937,631,491,0
sz000798,0,0,0
sh600262,481,0,0
sz300067,0,0,0
sz300402,0,0,0
sh600233,0,0,0
sh600452,0,0,0
sz002875,0,0,0
sh600400,0,0,0
sz002196,0,0,0
sh600292,0,0,0
sh603660,337,1306,0
sz002018,0,0,0
sh600593,2608,388,0
sz002641,0,0,0
sz300043,0,0,0
sh601179,0,3626,0
sh603789,0,0,0
sh601333,18668,31888,0
sz000069,10280,21952,0
sh600352,56565,110870,3194
sh600336,0,0,0
sz300546,0,0,0
sz002617,0,0,0
sz000851,0,0,0
sz300034,1762,1200,0
sz002593,0,0,0
sh603066,0,0,0
sz002489,4097,4605,0
sz002662,0,0,0
sh600193,0,2955,0
sh600821,0,0,0
sz300484,0,0,0
sh603839,0,0,0
sz002172,0,0,0
sz300031,1698,2688,0
sz300153,0,0,0
sz000728,7425,7740,0
sh601028,0,0,0
sz002131,38490,25164,0
sz300318,0,0,0
sh600885,1234,3589,0
sz002347,0,0,0
sh603139,0,0,0
sz002153,517,449,0
sz300282,0,0,0
sz300540,0,0,0
sz002452,0,0,0
sz300562,0,1126,0
sz000960,4575,7782,0
sz002412,0,3520,0
sz300226,800,289,0
sh600422,0,0,0
sz300608,0,0,0
sz002013,7351,4583,0
sh600410,0,1885,0
sh600463,0,0,0
sh600129,0,0,0
sz002474,0,0,0
sh603177,0,0,0
sz000927,4692,3314,0
sh600704,0,0,0
sz002558,0,271,0
sh603959,0,491,0
sz002535,5784,6696,0
sh600405,0,0,0
sz002007,1241,2382,0
sz002217,2988,8427,0
sz002111,1330,0,0
sh601226,0,0,0
sh603026,0,0,0
sz300662,0,0,0
sz002572,307,305,363
sz002110,89872,84788,10231
sh601113,970,0,0
sz002239,0,0,0
sh600321,0,0,0
sz300347,0,1211,0
sz002785,8332,0,0
sh600760,10386,7485,768
sz002716,10196,1246,0
sz000639,3006,0,0
sz002083,0,5281,0
sh603058,0,0,0
sz002735,0,0,0
sz002480,0,0,0
sz002027,35959,47443,859
sz300493,0,0,0
sh603181,0,0,0
sz000550,0,0,0
sh600482,7285,534,0
sh600698,7893,1444,0
sz300639,4604,3015,0
sz002701,0,10180,0
sh600570,5261,5390,1134
sz300720,0,0,0
sz300550,0,0,0
sh600614,4911,17505,0
sz002792,0,713,0
sz002383,6092,10596,0
sz300275,0,0,0
sz002009,0,2334,0
sz002115,4411,1010,0
sz002728,0,0,0
sz002126,2407,0,0
sh600058,0,0,0
sz300352,0,0,0
sh600050,238997,285040,0
sh600197,1733,2449,0
sz000537,0,1076,0
sz002043,2016,9259,0
sz000042,0,0,0
sh600130,43962,9846,0
sz000778,14624,9478,0
sh600306,0,0,0
sz002820,0,0,0
sh603998,0,1000,0
sz002392,0,0,0
sz300495,0,0,0
sz000882,0,0,0
sh600763,463,777,0
sh601611,12487,19165,0
sh600831,0,0,0
sh600838,0,1627,0
sh600751,0,0,0
sh600038,22019,16105,265
sz300719,430,0,0
sh600995,3033,0,0
sh600108,3352,22343,0
sh600185,2409,0,0
sz300310,0,0,0
sh600869,0,0,0
sz002660,0,0,0
sh600458,0,0,0
sz000502,0,0,0
sz000670,217835,210857,10886
sz300169,0,0,0
sh600858,0,0,0
sh600552,0,0,0
sz002691,0,0,0
sh600169,16614,0,0
sz002501,1090,3945,0
sh600202,1448,1580,0
sz002839,3227,4851,0
sz002181,0,0,0
sz002880,0,0,0
sz002709,0,300,0
sz002450,25463,51075,1130
sz002706,0,0,0
sz002051,0,0,0
sz300561,0,0,0
sh600887,37626,80387,2406
sz002182,0,0,0
sz002618,0,900,0
sz000582,0,0,0
sh603909,0,0,0
sz300050,0,0,0
sh603035,0,0,0
sz300174,0,0,0
sh600857,0,0,0
sz300354,0,0,0
sz002119,0,510,0
sh600295,20777,30133,1097
sh603007,0,0,0
sz000656,0,7780,0
sz000752,0,0,0
sh603508,0,0,0
sh600509,0,8707,0
sz002359,2000,885,0
sh600658,0,2263,0
sz300313,1300,0,0
sz300553,0,0,0
sh603701,0,0,0
sh600393,2000,0,0
sz000802,1500,839,0
sh600109,0,7969,0
sz000968,1871,7320,0
sz300123,0,0,0
sh600888,0,2000,0
sh600584,40435,43002,2843
sz002774,0,0,0
sz300289,0,0,0
sz300041,0,1046,0
sh600683,0,0,0
sz002236,18333,23992,909
sz002571,0,0,0
sz002322,0,0,0
sh600622,0,0,0
sz002495,0,0,0
sz002275,0,0,0
sz002096,0,0,0
sz000687,4294,1500,0
sh601019,6157,8648,0
sz002913,9326,12252,2528
sz300477,2866,5957,0
sh600061,0,0,0
sz300560,674,979,0
sh600486,0,331,0
sz000793,10267,3101,0
sz002376,0,0,0
sh600596,0,0,0
sz300475,700,0,0
sz300665,0,0,0
sz300320,0,1996,0
sz300423,0,0,0
sh600864,4505,1450,0
sh603389,0,0,0
sz300729,0,0,0
sh603199,0,0,0
sz000758,1640,0,0
sz000617,0,0,0
sz300277,0,0,0
sh601375,0,0,0
sz000609,0,0,0
sh600228,824,0,0
sh600723,0,0,0
sz000652,0,0,0
sh600862,0,1162,0
sh600141,2228,11376,0
sz002195,3509,3666,0
sz002350,2598,17358,0
sz002273,5437,8273,801
sh601390,23028,31314,0
sz002411,0,0,0
sz002656,3550,0,0
sz002837,718,986,0
sz002516,0,2308,0
sh603041,0,0,0
sh600455,0,0,0
sz000739,0,0,0
sz002758,0,0,0
sz300527,2017,0,0
sz002862,0,1652,0
sz002101,0,0,0
sh603321,0,0,0
sz002343,763,405,0
sz000418,0,430,0
sh600797,950,9808,0
sz300613,214,563,0
sz002761,0,0,0
sz002468,2238,500,0
sz000959,0,0,0
sh600106,0,0,0
sh600351,0,0,0
sz002846,0,0,0
sz000338,49622,47416,1601
sz300100,0,0,0
sz300689,0,0,0
sz300543,0,0,0
sz000789,32414,49170,0
sz002769,767,0,0
sz002753,850,609,0
sz000501,1688,6554,0
sz300636,0,876,0
sz002816,0,0,0
sz002427,438,3687,0
sz300427,0,0,0
sh603289,0,0,0
sz300668,0,0,0
sh601555,7794,9184,0
sz002375,0,0,0
sh603006,0,0,0
sh603906,0,0,0
sz000836,2473,4783,0
sh600022,100115,121457,0
sz300726,4104,4228,1449
sh603099,0,0,0
sh600679,0,686,0
sz002424,0,730,0
sh601618,7835,8824,0
sz000552,3000,0,0
sz002458,22861,1601,0
sz002300,0,0,0
sz300235,0,0,0
sh603589,782,222,0
sz002843,1447,5832,0
sh600629,0,0,0
sz002620,0,0,0
sh603848,0,0,0
sz002124,0,0,0
sh600272,0,0,0
sh603656,0,0,0
sz300243,0,0,0
sh600558,2015,3306,0
sz300650,0,0,0
sz002629,0,0,0
sz002638,0,5206,0
sz300019,6550,1234,1094
sz002397,30332,10938,0
sz000635,0,800,0
sz300284,0,0,0
sz000981,0,0,0
sh600075,0,0,0
sz002498,0,0,0
sz002555,8097,4706,687
sz002142,12360,25451,0
sz300051,6294,0,0
sh603779,0,0,0
sz300058,6360,1537,0
sz300239,0,0,0
sh600873,5957,6332,0
sz000541,0,4250,0
sh600589,0,0,0
sh603918,0,0,0
sz002311,0,0,0
sz000880,0,0,0
sz002190,0,0,0
sz002566,0,0,0
sz002091,0,0,0
sz002032,0,0,0
sh600459,0,0,0
sh603602,1234,788,0
sh600371,0,0,0
sh600480,815,702,0
sz000902,0,0,0
sh600259,346,299,0
sz002216,0,0,0
sh600093,0,0,0
sz002309,0,0,0
sh600755,1139,19497,0
sz002389,3992,4821,0
sh600195,587,0,0
sh600702,1189,1156,0
sh601607,2506,11555,0
sz300529,0,0,0
sz300342,662,656,0
sh603025,0,831,0
sz002910,689,2343,0
sz300469,0,0,0
sh600556,0,0,0
sh600490,3736,11010,2046
sz002616,0,0,0
sz300581,0,0,0
sz300163,6004,3740,0
sz002765,0,0,0
sh601699,32742,113894,1488
sh600117,2000,4982,0
sz000601,0,0,0
sh600865,0,0,0
sz300325,4991,5000,0
sh600643,3295,1030,0
sh601199,0,0,0
sh601898,11693,4038,0
sz002634,6029,4616,0
sz002129,274613,417651,22180
sh603496,0,0,0
sz300584,0,0,0
sz300319,0,0,0
sz300098,904,10924,809
sh601818,183746,297634,0
sh600160,3169,0,0
sz000650,0,0,0
sh600738,0,0,0
sh600871,5139,0,0
sh600178,0,0,0
sh601888,4553,6416,0
sh601007,0,0,0
sz000926,963,2800,1064
sz300430,0,0,0
sz000788,0,0,0
sh600238,0,0,0
sh603233,400,0,0
sz300345,3319,3212,0
sz300176,200,811,0
sz300675,0,0,0
sh600639,0,0,0
sz002248,2010,0,0
sh603019,25726,34504,3871
sz002054,4222,0,0
sz002244,13111,3938,0
sh600710,0,0,0
sz002373,13677,14932,0
sh600235,0,0,0
sz002016,4186,0,0
sh600222,0,0,0
sh600833,0,0,0
sz002643,0,912,0
sz000703,23436,33774,663
sh600555,0,0,0
sz300401,6429,6659,976
sz300199,0,0,0
sz000963,1512,2469,0
sh603027,0,0,0
sz300047,0,0,0
sz300633,0,0,0
sz300498,400,1091,0
sh601985,44904,42510,0
sh600370,0,0,0
sh600073,0,0,0
sz000811,0,1499,0
sh601933,41277,134795,0
sz000070,0,0,0
sh603985,0,0,0
sz300335,896,2186,0
sh601166,183168,341150,4695
sz300677,0,0,0
sz300526,0,0,0
sz002563,0,0,0
sh600816,719,5703,0
sh600790,0,0,0
sz002199,0,0,0
sz300702,0,0,0
sz300124,0,1714,0
sz002117,0,710,0
sz300505,297,0,0
sh600501,1029,0,0
sh603667,0,0,0
sh603676,0,0,0
sz300623,0,0,0
sz300166,0,0,0
sh600749,0,0,0
sz002349,0,0,0
sz300568,0,0,0
sz000993,0,0,0
sz000567,820,0,0
sz002063,1002,0,0
sz300512,0,905,0
sz002328,0,0,0
sz000701,0,0,0
sh600268,0,0,0
sz002903,328,0,0
sz300638,2522,6315,0
sz002586,0,0,0
sz002712,0,0,0
sh600220,0,0,0
sz300328,0,0,0
sz000797,953,5146,0
sz002336,0,1218,0
sz002403,0,0,0
sh600095,0,0,0
sh600121,1841,0,0
sh600592,0,0,0
sh603535,0,0,0
sh600138,0,5241,0
sz002377,0,5079,0
sh603069,0,0,0
sh600173,0,0,0
sz002499,0,0,0
sh601798,0,0,0
sz300468,0,0,0
sz002222,9471,10038,0
sz000712,0,0,0
sz002863,0,0,0
sz300132,0,0,0
sh600757,3374,7072,0
sh603778,0,0,0
sh603920,0,0,0
sz000400,1013,0,0
sh600637,735,0,0
sz300482,267,150,0
sz300283,0,0,0
sh601881,6116,14573,0
sz002105,0,0,0
sh603188,0,0,0
sh600270,0,945,0
sz002471,0,0,0
sz300409,0,260,0
sz000862,0,0,0
sh600496,0,0,0
sh600624,0,0,0
sz300388,0,0,0
sz300661,0,153,0
sh603311,0,0,0
sh601996,0,0,0
sh600081,0,0,0
sz002607,0,0,0
sz002477,86521,44745,0
sz002351,0,0,0
sz300212,400,1423,0
sz002667,551,3022,0
sz300128,55093,27557,1080
sz002623,0,0,0
sz002493,11870,14876,1004
sz000876,0,14555,0
sh600456,518,2194,0
sz300538,0,0,0
sz300214,0,0,0
sz002502,3307,1356,0
sz002813,0,0,0
sz002743,0,950,0
sh600578,0,0,0
sz300216,0,0,0
sh600218,0,0,0
sz300407,0,0,0
sz002090,0,0,0
sz002823,0,0,0
sz002064,2061,18013,0
sz000721,0,0,0
sz002628,0,0,0
sz300165,0,0,0
sh600548,0,0,0
sh600179,0,0,0
sh603021,0,0,0
sz300121,0,0,0
sh603222,39022,865,658
sz300195,0,0,0
sz002915,0,0,0
sh600824,0,0,0
sh600538,0,0,0
sh600756,0,0,0
sz002664,1984,394,0
sz300649,0,0,0
sz000901,5526,3664,0
sz300513,0,0,0
sh600277,0,0,0
sh600649,1813,4487,0
sh600386,4454,0,0
sz002582,0,0,0
sh603198,0,0,0
sz002565,0,0,0
sz300369,0,0,0
sz002595,0,0,0
sz000026,0,0,0
sh600853,0,0,0
sh603823,0,0,0
sh600070,0,0,0
sz300133,2333,1254,0
sh600621,1078,5175,0
sz300699,1649,4242,318
sh600249,0,0,0
sz002528,0,0,0
sh600387,0,0,0
sz002681,4094,1070,0
sz000830,136673,147674,6043
sh601880,21705,10523,0
sz002827,0,0,0
sh603359,0,0,0
sh600426,21241,18409,0
sz300356,3756,3533,0
sz002224,0,0,0
sz000918,0,3893,0
sz002284,0,0,0
sz000815,862,2920,0
sh603165,3926,2809,333
sz002541,0,1046,0
sz300065,1026,0,0
sh600039,0,0,0
sz300417,0,0,0
sz000616,0,0,0
sh600107,0,0,0
sz000983,15096,41152,0
sh603306,0,400,0
sz002386,2649,2846,0
sh601616,0,0,0
sh600449,1005,0,0
sh600605,0,0,0
sz300011,1000,0,0
sh600742,0,0,0
sz300514,0,0,0
sh600433,0,0,0
sz000856,2923,12540,0
sh600746,0,0,0
sz300718,0,0,0
sz300446,0,0,0
sz300264,2684,1500,0
sz300111,0,0,0
sh603505,0,0,0
sz002510,2006,1720,0
sh600120,0,0,0
sh603096,0,874,0
sz002741,0,0,0
sh600557,0,1000,0
sh601218,0,0,0
sz000554,0,0,0
sh600316,2166,0,0
sz300021,0,3003,0
sh601989,344674,238765,0
sz002532,0,0,0
sz002889,0,0,0
sz000860,0,705,0
sh600033,0,3748,0
sz300222,3882,474,785
sz000525,0,0,0
sh603008,0,0,0
sz002651,1940,0,0
sz000411,0,0,0
sz000889,1900,1919,0
sz002585,0,0,0
sz000931,0,1539,0
sh600355,0,1263,0
sz002044,6145,4105,1239
sz300450,513,1096,0
sh600291,3478,5242,617
sh603050,0,0,0
sz002048,6930,13862,0
sh603323,1283,12616,0
sh600580,0,0,0
sh603106,0,0,0
sh601101,0,2847,0
sz002087,23746,17157,0
sz300408,18859,18679,0
sz002361,0,0,0
sh600518,10018,10463,0
sz002809,0,0,0
sh601636,45131,66804,0
sz002033,0,0,0
sh600653,0,0,0
sz300344,0,0,0
sh600708,0,0,0
sh600243,0,0,0
sz002466,6867,22637,204
sz300522,0,0,0
sz300036,0,1809,0
sz300178,0,0,0
sh601137,0,0,0
sz300395,0,0,0
sh603878,0,0,0
sh600171,229710,214128,15655
sh601901,3078,7778,0
sh600083,0,0,0
sz002360,20369,12398,0
sh603055,2462,0,0
sz300198,0,1800,0
sz002404,0,0,0
sh603722,0,0,0
sz000915,0,0,0
sz000839,365988,211575,13293
sz002597,4559,5450,0
sz000623,5668,18948,0
sh600608,1500,2497,0
sz002370,725,0,0
sh603588,5206,0,0
sz000717,86557,231267,1200
sh600260,4535,2463,0
sh600510,0,0,0
sz300394,0,461,0
sz300381,0,0,0
sz300127,0,0,0
sh600156,0,0,0
sh600064,0,0,0
sh600348,1460,2953,0
sh600588,1076,512,0
sh600381,0,0,0
sz002808,0,0,0
sz300139,0,0,0
sh600436,1019,1262,0
sz002773,257,1054,0
sz002881,883,2241,0
sz002198,829,0,0
sz002824,0,0,0
sh601801,0,1505,0
sh601010,0,0,0
sz002268,3690,3042,453
sh600513,0,5000,0
sh600329,0,0,0
sz000920,0,1166,0
sz002030,543,0,0
sz002421,47820,28073,0
sz300380,0,8152,0
sz002221,28154,38761,0
sz002826,0,0,0
sz002100,0,0,0
sh603113,1066,0,604
sh600522,289773,249361,6895
sh603456,1000,0,0
sz300202,780,2248,0
sz002014,1000,0,0
sz002745,1059,574,0
sz002695,3987,2090,0
sh601016,0,0,0
sz000921,1000,0,0
sz300577,0,327,0
sz000012,9449,16745,0
sz002138,0,3417,0
sh600000,43835,61875,0
sh600602,0,0,0
sz002345,0,0,0
sh600236,0,1904,0
sz300698,0,0,0
sz000949,2308,0,0
sz002653,0,0,0
sh600317,0,0,0
sz300062,0,0,0
sh603611,0,0,0
sz002771,0,0,0
sh603518,0,0,0
sz000782,0,0,0
sz002670,9346,19745,484
sh600420,907,3579,0
sz002088,0,900,0
sz002333,0,0,0
sz002323,0,5641,0
sh603416,0,0,0
sz300428,0,0,0
sh600618,0,980,0
sz300059,164894,222784,6708
sz000430,0,0,0
sz000507,1047,3201,0
sh603869,0,0,0
sz300377,22328,6461,0
sz000518,0,0,0
sz300193,0,0,0
sh603988,0,0,0
sh603618,0,0,0
sz000897,0,0,0
sz002893,1301,349,0
sh603993,72073,156843,0
sh600068,9894,16471,0
sz002633,0,0,0
sh600845,0,0,0
sz300015,11559,3647,0
sh603616,0,0,0
sh600796,0,0,0
sh603396,0,0,0
sh600297,1499,0,0
sh600802,0,0,0
sz300667,0,0,0
sz002793,0,0,0
sz002570,0,0,0
sz000538,578,2689,0
sh600725,0,0,0
sz002307,0,2077,0
sh600795,12436,18590,0
sz000671,28808,29996,1880
sz002544,755,0,0
sz002294,1499,1221,0
sh601100,893,898,0
sz300406,0,0,0
sz000698,0,0,0
sh600103,0,2911,0
sz002381,0,0,0
sz002483,0,0,0
sz002868,0,0,0
sz000980,1120,3003,0
sz300134,13558,18470,2378
sh603922,0,0,0
sz002871,0,0,0
sh600999,8718,14427,0
sh600175,14246,12568,0
sz300046,12357,16340,0
sh603228,0,0,0
sz300599,0,0,0
sh600327,0,0,0
sz002877,0,0,0
sz002036,20255,11609,1837
sh600119,3001,1979,0
sz002900,0,0,0
sh600585,77779,122889,5962
sz300336,3173,981,0
sh600699,4224,7302,0
sz300079,4366,0,0
sz002811,0,0,0
sh603639,0,0,0
sz000151,0,0,0
sz000816,24823,8089,0
sz002901,383,744,0
sz300337,0,0,0
sz002240,4505,800,3036
sz002552,0,0,0
sz300200,0,0,0
sh600059,0,0,0
sh600506,0,0,0
sz300727,0,0,0
sz300225,0,0,0
sz000581,4472,6453,0
sz002795,0,0,0
sh603258,300,0,0
sz002882,0,965,0
sh600388,2808,2539,0
sh603315,0,0,0
sh600223,0,0,0
sh600590,9109,0,0
sz002487,2500,0,0
sz002210,24780,4340,813
sh600809,481,3106,0
sh600575,0,11373,0
sh603838,0,0,0
sz000998,7179,2198,0
sh600072,799,1643,0
sh603117,0,0,0
sz002116,0,0,0
sz000729,2006,0,0
sh600581,30068,44662,3293
sz002022,0,0,0
sz002413,4994,0,0
sh600127,0,0,0
sh600363,0,0,0
sz300569,0,500,0
sh600255,3040,2995,0
sh600600,420,406,0
sz300281,0,0,0
sh600568,46959,3471,0
sz300061,0,0,0
sh600052,0,0,0
sz300175,0,0,0
sz002755,0,0,0
sz000423,0,2340,0
sz300023,0,0,0
sz002748,0,0,0
sh603887,0,0,0
sh600383,27416,16113,0
sz300213,0,0,0
sz000498,0,0,0
sh600425,0,0,0
sz002272,0,0,0
sz000587,49466,8140,0
sz300196,1918,0,0
sz002621,0,0,0
sh601877,1870,3413,0
sz000421,0,0,0
sz300615,0,0,0
sz000888,0,1519,0
sz300080,3000,0,0
sh603090,0,0,0
sh600057,0,0,0
sz000626,2489,804,0
sz000829,0,0,0
sz002077,0,0,0
sh603316,0,0,0
sz300466,0,0,0
sh600186,4406,0,0
sh600163,0,0,0
sz002060,0,0,0
sz300373,3335,5343,0
sh601595,0,0,0
sz300403,0,0,0
sz002169,0,0,0
sh601678,0,0,0
sh603388,0,0,0
sz002635,8195,6509,0
sh603002,4607,4505,0
sz300194,0,2938,0
sz002291,0,0,0
sz002825,1078,3378,0
sz300359,2647,1979,1016
sh603033,0,0,0
sz300439,0,0,0
sz300418,2493,1111,0
sz002334,0,2309,0
sh601700,0,0,0
sz300645,0,0,0
sz002213,9914,500,1098
sz300433,368,3900,0
sh600981,0,0,0
sh600201,2176,0,0
sz300481,0,0,0
sz300341,0,0,0
sz300093,0,0,0
sz002476,0,0,0
sz002324,0,0,0
sz300434,0,0,0
sz300118,0,0,0
sz300078,0,2058,0
sz300367,1105,1554,0
sz000620,0,0,0
sz002204,8309,7231,0
sz300548,880,0,0
sz000683,10906,49363,0
sz002352,425,1969,541
sz300255,0,0,0
sz002092,5443,6073,0
sz002513,0,0,0
sh603665,0,0,0
sz002902,655,307,0
sz300024,2015,5137,577
sz300400,0,0,0
sh600561,0,0,0
sh603515,248,0,0
sz002674,0,0,0
sh600216,12766,2029,0
sz002718,0,0,0
sz002356,1170,0,0
sh603309,0,0,0
sh603337,0,0,0
sz300040,0,0,0
sh603738,0,0,0
sh600229,1500,0,0
sz002146,29993,11785,0
sh603685,291,700,0
sh601233,8418,19480,0
sz002243,0,0,0
sh600211,0,0,0
sh601398,314870,751756,0
sh600893,10823,6733,0
sh603801,0,0,0
sz300158,0,0,0
sz300459,907,0,0
sz300515,0,0,0
sz002686,906,0,0
sh600791,0,0,0
sh603421,0,0,0
sz002646,676,0,0
sz000681,0,0,0
sh600774,0,0,0
sh603081,0,0,0
sh603885,0,1747,0
sz002378,0,0,0
sz002004,0,3743,0
sz300415,0,0,0
sz002057,0,0,0
sh600745,2309,1014,0
sh600114,0,1250,0
sz300160,2680,1314,0
sz002062,0,0,0
sz002109,0,0,0
sz002173,0,0,0
sz300006,7043,5984,0
sh603377,0,0,0
sh600096,0,0,0
sz300033,2479,2368,0
sz002433,2541,0,0
sh600139,0,0,0
sh603901,0,0,0
sz002320,0,0,0
sz300441,0,0,0
sz002227,0,0,0
sh600310,0,0,0
sz300386,1771,0,0
sh600636,0,785,0
sz000548,0,0,0
sz000936,3993,14783,0
sh603031,0,0,0
sz300154,0,0,0
sz000011,0,0,0
sz300052,2998,2379,1389
sh601158,0,0,0
sz300487,0,0,0
sz002194,2440,11121,724
sh600252,4000,24240,0
sh603889,900,0,0
sh601200,0,600,0
sz002859,2168,300,0
sz300269,0,0,0
sz300398,0,1421,0
sz000676,0,0,0
sz002671,0,21536,7524
sh603118,0,0,0
sh601919,3387,11762,0
sh600300,2701,0,0
sh601366,0,0,0
sh600240,0,0,0
sh601567,0,1266,0
sz300303,0,8251,0
sz000893,10782,0,0
sz300008,16800,4712,0
sh600385,0,0,0
sz002319,0,0,0
sz002304,1223,2000,0
sh600077,0,0,0
sz000589,3000,0,0
sh600409,20804,36167,0
sz300518,0,0,0
sz002619,0,0,0
sh600475,0,0,0
sh601558,0,0,0
sz002192,2102,1480,0
sh603089,451,0,0
sz300489,0,0,0
sh601225,105597,281211,0
sh600903,8331,6987,0
sh603157,0,0,0
sh600650,0,0,0
sz000999,0,447,0
sz002626,5514,8106,0
sz002663,2176,0,0
sh601908,2041,0,0
sz002799,555,0,0
sh600350,0,1898,0
sz002082,0,0,0
sz000760,0,0,0
sh601177,0,0,0
sz002778,0,0,0
sz300025,13190,4535,4078
sz300364,9699,5421,0
sz002362,0,537,448
sz000672,49076,55704,3605
sh601918,0,16501,0
sh603288,540,1053,0
sh601086,0,0,0
sh600617,0,0,0
sz300002,0,0,0
sz002197,0,0,0
sz000977,1778,14043,0
sz000533,1000,0,0
sz002455,0,0,0
sz300177,1258,0,0
sz000955,7518,12100,0
sz002305,3000,0,0
sh603557,743,0,0
sh603658,0,548,0
sz300254,0,0,0
sz002521,0,0,0
sh603721,0,0,0
sh603558,0,0,0
sh600680,0,0,0
sz300620,0,0,0
sz000762,0,716,917
sh603979,0,0,0
sz000651,133176,160634,7998
sh603818,0,0,0
sh601799,767,0,0
sz300447,0,0,0
sh603286,401,0,0
sz002385,7517,8366,0
sz002612,0,0,0
sz000795,0,0,0
sh600282,47404,140625,0
sz002759,1477,0,0
sz300583,0,0,0
sh603028,0,0,0
sh600536,0,0,0
sh600785,0,0,0
sz002749,0,320,0
sz002828,0,0,0
sh600302,0,0,0
sh603378,0,0,0
sz002218,5028,22156,0
sz002815,0,360,0
sz002855,0,0,0
sz300112,0,0,0
sz002503,0,0,0
sz300642,0,0,0
sz000786,37417,27644,2034
sz300585,1655,1543,0
sz002838,0,0,0
sz300413,24398,23055,324
sh603628,0,0,0
sz002080,600,0,0
sz000049,463,525,0
sz000679,0,0,0
sh601111,21904,16432,0
sz002849,771,0,0
sz002212,8684,5177,6500
sh601992,13214,30566,0
sz002605,0,0,0
sh601878,1619,3895,0
sz300299,0,0,0
sh600620,0,0,0
sh600125,5846,6735,0
sz002315,0,0,0
sh603569,0,0,0
sz002469,0,0,0
sh600719,0,0,0
sz000561,1616,0,0
sz300591,1987,0,1258
sh600323,0,8547,0
sh600085,0,1929,0
sh603501,4616,11283,281
sz000715,0,1295,0
sz300379,0,0,0
sz300476,0,467,0
sz002715,0,0,0
sh601099,257693,251497,0
sz000615,3145,1267,0
sh600896,0,0,0
sz300069,800,0,0
sh600067,0,0,0
sz300307,0,0,0
sz002810,0,0,0
sz300262,0,0,0
sz002133,0,0,0
sz300685,0,0,0
sh601098,12964,821,0
sh603989,616,0,0
sz000898,41441,32561,0
sz002292,0,0,0
sz000001,230437,359412,0
sz300251,12711,15783,0
sz300393,0,651,360
sz002425,0,0,0
sz300316,4039,9330,0
sh600867,2428,1620,0
sz002166,0,0,0
sz002364,0,0,0
sz300351,0,0,0
sz300648,0,0,0
sz000153,0,0,0
sz000705,0,0,0
sz002106,0,0,0
sz300534,0,0,0
sz000032,3688,0,0
sz002228,0,0,0
sz300539,0,0,0
sz300238,0,0,0
sz300360,0,0,0
sh600031,120519,216201,3404
sz300617,0,0,0
sz000883,0,0,0
sh603029,0,0,0
sz300220,0,0,0
sz000528,1369,0,0
sz300261,0,0,0
sz300507,0,0,0
sz300525,0,0,0
sz002444,1237,3029,0
sh600090,3094,1336,0
sz000997,1171,6853,0
sz002306,0,0,0
sh600754,694,0,0
sz300290,0,0,0
sh600681,0,2828,0
sh600976,0,0,0
sz002627,0,0,0
sh601021,0,297,0
sz002443,0,4907,0
sh603336,0,0,0
sz002226,0,0,0
sh600478,2739,9962,0
sh600354,0,0,0
sh600640,0,0,0
sh603101,0,0,0
sz300451,0,0,0
sh601890,0,0,0
sz300586,0,0,0
sh600469,0,0,0
sh600780,0,2178,0
sz000989,0,0,0
sh600210,0,3461,0
sz300103,0,0,0
sz002672,0,693,0
sz300426,0,0,0
sz002214,1646,31332,0
sz300083,1765,1330,0
sz300669,0,0,0
sh600678,0,0,0
sh600444,0,0,0
sh600122,12475,5467,0
sz300293,0,0,0
sz000713,0,0,0
sz300188,6103,1712,0
sz300391,0,0,0
sh600503,49098,22244,4890
sh600079,1350,700,0
sh600477,10087,4074,0
sh600368,0,0,0
sz300227,550,0,0
sh600206,360892,278263,39664
sz000630,48932,19895,0
sz000419,0,0,0
sz000953,0,0,0
sh600697,0,0,0
sz002515,0,0,0
sz000667,8473,0,0
sz300338,0,0,0
sh600874,15580,18931,3983
sz002287,0,0,0
sz000100,123522,153987,0
sz300556,0,0,0
sz002687,0,0,0
sz300647,0,0,0
sz300343,0,0,0
sz002867,0,0,0
sz002340,5547,34959,0
sh603648,1625,0,0
sz000633,0,0,0
sz000066,4245,15424,0
sh603100,0,0,0
sz000045,0,2142,0
sh600340,50182,35704,4731
sz002206,0,3002,0
sh603458,361,208,0
sh600543,0,0,0
sh603138,0,0,0
sh600196,22420,19616,814
sh600900,15641,33452,0
sz000008,1210,1827,0
sz000425,6001,31317,0
sh600318,0,0,0
sz002833,0,225,0
sh601118,0,17423,0
sz300510,0,0,0
sz000719,0,0,0
sh603077,10290,44036,0
sz300711,435,433,0
sz002851,0,0,0
sh601958,0,0,0
sz300295,527,500,0
sz300116,0,1888,0
sh601009,35598,45405,0
sz300288,417,0,0
sh603229,0,0,0
sh601886,0,1445,0
sh603938,1376,616,0
sz002341,907,633,0
sz002436,168518,89345,0
sh603358,0,0,0
sz002402,5004,12779,0
sz300155,0,0,0
sz000723,3004,5949,0
sz000710,383,0,0
sh600982,0,0,0
sz000416,0,0,0
sz002271,2050,4980,0
sh601139,0,2916,0
sz002391,0,0,0
sh600026,0,2016,0
sz002316,0,0,0
sh603883,400,1453,0
sh600971,15640,9791,1364
sz300357,301,0,0
sz300606,0,0,0
sh600399,30664,4471,2345
sz000922,0,0,0
sh603528,0,0,0
sz002602,0,4130,0
sh603556,0,0,0
sz000584,0,0,0
sz002853,404,432,0
sz300429,0,0,0
sz002802,0,0,0
sh600525,0,839,0
sh603166,0,0,0
sz300448,0,0,0
sz300329,0,0,0
sh603797,0,0,0
sh603111,706,0,0
sz300709,333,0,0
sh600166,11276,34410,0
sz300029,0,0,0
sz002852,0,0,0
sh601168,0,3223,0
sz300462,333,880,0
sh600665,0,0,0
sz002211,0,0,0
sz300706,689,898,0
sh601155,11275,23493,406
sh601188,0,0,0
sh600128,0,0,0
sz300582,704,0,0
sh600491,0,1049,0
sh601669,0,10272,0
sh603703,0,3326,0
sz002527,0,0,0
sz000622,0,0,0
sz002529,0,0,0
sz002683,2000,0,0
sz300438,505,0,0
sz002911,0,446,0
sz002205,0,0,0
sz002337,0,1988,0
sh600401,0,10104,0
sz002731,0,0,0
sz300404,1000,0,0
sz000039,12228,16575,0
sz002508,1191,1372,0
sz300710,0,0,0
sz000982,6000,28865,0
sz300630,0,0,0
sh600170,3977,13481,0
sh600660,10579,1384,0
sh600250,0,0,0
sh600528,0,5636,0
sh603098,0,0,0
sh600805,0,3000,0
sh603637,0,0,0
sh600820,0,1809,0
sh600037,920,0,0
sz300223,8127,8713,986
sh600750,0,0,0
sz000733,8893,25894,0
sz300717,0,0,0
sz300161,1720,2982,0
sz002235,0,0,0
sz002162,0,0,0
sh601872,0,0,0
sz300565,0,0,0
sh600701,1038,2034,0
sz300355,204794,141101,3323
sh603003,0,0,0
sh603133,0,0,0
sz000952,0,4065,0
sz002505,0,0,0
sz002059,0,0,0
sh603933,0,0,0
sz002372,0,682,0
sz002841,0,0,0
sz002141,0,0,0
sz002035,0,0,0
sh603856,0,0,0
sh600769,0,0,0
sh601788,8766,5355,0
sh600460,746486,735136,74309
sz300509,0,0,0
sh603728,0,0,0
sz002791,0,0,0
sz002288,7525,5339,0
sz002026,0,0,0
sh603527,0,0,0
sz000513,443,3061,0
sz002700,0,0,0
sz002379,0,0,0
sz000627,3873,10418,0
sz002354,4985,4937,732
sh603726,0,0,0
sh603903,0,336,0
sh600280,1208,4725,0
sh600759,7600,7052,0
sz000929,0,0,0
sz000735,0,4195,0
sz000962,1689,0,0
sh603800,0,0,0
sh600158,6517,1551,0
sz002278,6215,1652,0
sh603223,0,0,0
sz300708,52300,103766,20748
sh600078,0,0,0
sz300410,0,0,0
sh603197,0,349,0
sh600380,16288,26002,0
sz300643,0,0,0
sz000553,0,0,0
sh600866,0,0,0
sz002581,0,0,0
sh600287,2895,0,0
sz002252,0,1000,0
sz000859,0,0,0
sz300490,0,0,0
sz300108,14579,6502,0
sh603968,499,1200,0
sz002137,0,0,0
sz002494,0,0,0
sh600619,0,0,0
sh600996,1256,0,0
sz002726,0,0,0
sz000799,421,954,0
sz002031,0,0,0
sz300339,0,0,0
sz300228,3526,16015,0
sz002589,1800,0,0
sz002719,0,400,0
sh600767,0,0,0
sh600863,6721,12308,0
sz000708,0,0,0
sz002883,0,0,0
sz300382,967,2000,0
sz002229,0,0,0
sh600009,5103,4381,0
sz000725,2151459,2728685,0
sh603500,0,0,0
sz300144,1338,4479,0
sh600744,0,0,0
sz002677,0,0,0
sz002796,0,0,346
sz002313,0,2536,0
sz300703,0,0,0
sz300209,0,0,0
sz300026,0,2445,0
sz300679,0,0,0
sh603908,0,0,0
sh600611,2005,0,0
sh600337,0,0,0
sh600375,0,0,0
sz300087,7497,0,0
sz300384,0,0,0
sz002897,0,0,0
sh600276,3916,5910,0
sz300449,0,0,0
sh600587,0,0,0
sz000546,0,0,0
sz000023,0,0,0
sh601128,5668,5402,0
sh600359,0,0,0
sz002463,5189,14101,0
sz002267,0,3940,0
sz300723,901,3973,0
sz002417,0,0,0
sh603707,0,0,0
sz002540,10619,0,0
sh601857,22737,54290,0
sh603817,0,0,0
sz002335,0,0,0
sz002095,0,0,0
sz300308,870,292,0
sh600969,0,0,0
sz002270,0,0,0
sz000972,0,0,0
sh603380,0,0,0
sz002788,0,0,0
sh601198,1843,2007,0
sz002363,0,0,0
sz300611,0,0,0
sz002069,0,0,0
sh600576,0,0,0
sz002310,18881,13481,2078
sh601169,5001,56370,0
sz000407,0,0,0
sh600609,0,3000,0
sh600562,0,0,0
sh600126,0,0,0
sh600848,1188,0,0
sh600113,0,0,0
sz300265,0,0,0
sh603896,0,266,0
sh601800,0,1714,0
sz002531,5209,0,0
sz002887,282,472,0
sz300257,0,0,0
sh600419,0,0,0
sh600203,0,0,0
sz300249,0,0,0
sz000062,0,0,0
sh600667,123038,124854,1983
sz002047,0,5729,0
sh600152,0,0,0
sz300673,0,0,0
sz002542,0,0,0
sz002094,0,0,0
sz002750,0,0,0
sz002845,0,0,0
sh603360,0,0,0
sz002519,0,1683,0
sz300173,0,0,0
sz002840,4524,0,0
sz002406,0,0,0
sz300545,164,200,0
sh601015,1334,19595,0
sz000938,2136,2489,0
sz002866,412,292,0
sz002038,6308,11620,510
sz002812,343,951,0
sz300221,0,997,0
sz300185,9941,0,0
sh600933,0,1554,0
sh603725,0,0,0
sz000543,0,0,0
sz002736,0,4623,0
sh600207,0,0,0
sz000598,6674,2908,0
sh603585,0,0,0
sh601988,213854,365155,0
sh601038,0,0,0
sh601688,35331,48798,1211
sh600789,0,0,0
sh603861,0,0,0
sh603980,0,0,0
sz002440,4333,4540,0
sz000532,0,0,0
sh603393,0,0,0
sz000061,0,0,0
sz300099,0,0,0
sz002201,3507,4138,1452
sz300603,0,0,0
sz002301,662,0,0
sz000813,0,1390,0
sz000988,5351,8649,0
sh600963,2088,0,0
sh600502,6328,0,0
sh600505,0,0,0
sh600215,0,2197,0
sz000661,1007,2212,189
sz002255,0,0,0
sz002148,1918,3294,0
sh603912,2649,3020,0
sh600775,0,0,0
sz000637,0,0,0
sz002546,0,2000,0
sz300107,0,0,0
sz300096,19468,3266,0
sz002055,482,668,0
sh600428,2556,2625,0
sz300097,0,748,0
sh601368,0,0,0
sh600828,0,0,0
sh603929,742,1854,0
sz300248,0,0,0
sh600060,7978,10818,0
sz002135,0,0,0
sz000657,0,1118,0
sh603668,0,0,0
sz300179,0,0,0
sh600367,0,949,0
sz002650,9041,0,0
sh601116,0,0,0
sz002171,0,2155,0
sh601163,0,0,0
sh601012,34009,27359,2607
sz000665,0,0,0
sz002434,7833,4465,1015
sh603686,0,0,0
sz002647,0,0,0
sz002061,9162,4440,0
sh600335,0,0,0
sh600330,3987,18046,1010
sh600747,0,0,0
sh600467,0,0,0
sz300626,0,0,0
sz002113,0,0,0
sh600846,4014,6305,0
sh600391,0,0,0
sz300570,0,545,0
sh600231,17380,20411,0
sz000925,1888,0,0
sh600615,0,0,0
sz002258,2115,5564,0
sh600247,0,0,0
sz300533,0,0,0
sz000619,0,0,0
sz002666,0,0,0
sh600586,0,2700,0
sh600308,0,2876,0
sz002442,0,0,0
sh600764,2239,614,0
sz300651,0,0,0
sz002025,2350,1500,0
sz300236,1271,2526,0
sz300075,0,0,0
sz000558,0,0,0
sh600105,0,0,0
sh603758,0,0,0
sz000801,0,0,0
sz300101,5641,2873,677
sh600879,40916,15907,1251
sz300519,0,0,0
sz000823,36777,24229,884
sz000707,0,0,0
sz300566,0,0,0
sz000928,0,0,0
sz300375,0,0,0
sz300494,3253,3716,0
sh603586,0,0,0
sz002488,0,1033,0
sh600488,0,0,0
sh603009,0,0,0
sz002149,5008,0,0
sz000716,0,0,0
sz300157,2113,6861,0
sh600822,7878,1592,0
sz000720,0,3575,0
sh603990,0,0,0
sh600686,1652,1000,0
sz002053,1839,3037,0
sz000516,0,0,0
sz300424,3835,1358,0
sh603136,0,0,0
sz000096,0,0,0
sh600356,0,0,0
sh600184,0,0,0
sz002066,0,0,0
sh600091,0,0,0
sz002610,0,10000,0
sh600133,0,1372,0
sz002548,0,0,0
sz000751,6217,0,0
sz002225,0,0,0
sz300422,0,0,0
sh603978,0,0,0
sz000852,0,980,0
sh600311,75202,72841,0
sh600500,4870,16027,0
sz300072,9638,9026,432
sh600369,16803,151839,0
sz000673,22842,7903,2280
sz002472,0,0,0
sh600007,0,0,0
sz300425,0,0,0
sh601388,0,13240,0
sz002714,956,5677,0
sz300437,0,0,0
sh600730,0,0,0
sh600836,0,0,0
sh600855,0,1267,0
sh601952,3587,2005,0
sh600439,0,0,0
sh603001,0,0,0
sz002742,6579,3353,0
sz300596,0,0,0
sz000060,1000,6200,0
sz300048,0,0,0
sz300552,0,0,0
sz300641,0,0,0
sz002729,510,0,0
sz002008,20439,30538,1998
sh600495,0,0,0
sz300114,0,0,0
sz000050,68864,55522,2796
sz002861,0,0,0
sz002151,11223,22183,886
sh601689,671,642,0
sz002787,0,0,0
sh601811,0,0,0
sz000919,0,0,0
sz300028,0,0,0
sh603766,6431,0,0
sh600261,0,2792,0
sz300607,172,172,0
sz300670,0,0,0
sh603970,4256,6643,0
sz000923,0,0,0
sz300306,0,0,0
sz300588,0,0,0
sz000408,578,694,0
sz300030,0,0,0
sh601258,14985,10046,0
sz300681,0,0,0
sh601766,326419,318894,6969
sz000605,0,0,0
sz300276,0,0,0
sz002368,865,1271,0
sz300598,0,0,0
sz300470,0,0,0
sh600671,0,0,700
sz002783,0,0,0
sh603976,0,0,0
sh600967,13381,6756,0
sz002890,0,0,0
sh600978,6910,5585,0
sz300346,0,0,0
sz002600,382720,320245,16151
sh600599,0,0,0
sz002409,24420,21317,1769
sz300247,0,0,0
sh600398,8886,0,0
sz002232,0,0,0
sh600765,0,0,0
sh600301,0,0,0
sh600027,0,3222,0
sz002400,1946,1891,0
sh600970,0,6204,0
sz002821,0,196,0
sz300467,0,0,0
sh603129,0,0,0
sz000848,6808,11287,0
sh600573,0,2800,0
sz300145,2846,3266,0
sh600939,0,0,0
sh603369,0,0,0
sz002179,9832,4763,0
sh600810,0,0,0
sz000933,20961,36785,0
sz000913,550,0,0
sh600379,0,0,0
sz002879,8958,4428,326
sh603826,0,1001,0
sz002908,2284,0,0
sh600080,0,0,0
sh600288,2357,19221,0
sh600980,0,0,0
sz002829,0,0,0
sh600537,0,0,0
sz002419,1793,0,0
sz002781,0,0,0
sh600732,0,0,0
sz000415,19473,64518,0
sh601991,9419,18037,0
sh600017,8906,0,0
sh601519,0,2353,0
sh600707,0,0,0
sz002645,0,0,0
sz300340,482,490,0
sz000607,0,0,0
sh600817,0,0,0
sz002144,0,0,0
sh603577,0,0,0
sz002147,0,0,0
sh603178,0,0,0
sz002830,0,913,0
sz000570,0,0,0
sz002193,0,0,0
sz000818,0,1050,0
sz300122,3500,1427,336
sz002296,0,0,0
sz300458,32504,6283,333
sz002021,0,0,0
sh600028,268316,231133,5070
sh600415,0,2959,0
sz002625,3329,0,0
sh600721,0,0,0
sz000055,0,0,0
sz002776,0,0,0
sz002331,0,0,0
sh603881,830,0,0
sz300628,698,0,0
sh603269,1800,0,0
sh600872,0,0,0
sh603022,0,0,0
sz002184,0,0,0
sz002293,0,0,0
sh603609,0,0,0
sh603996,0,2655,0
sz000835,0,0,0
sh603365,0,0,0
sh600823,5998,14063,0
sz002157,3988,15765,0
sz300399,503,0,0
sz002462,0,0,0
sz002076,0,0,0
sz002384,1536,2146,0
sz002040,0,0,0
sz000869,0,0,0
sz300242,1364,1241,0
sz002876,0,0,0
sz002615,0,0,0
sz300687,240,0,0
sz300499,0,0,0
sh600728,0,6680,0
sz300488,0,0,0
sz002587,4250,0,0
sz300508,0,0,0
sz000402,0,0,0
sh600692,0,1444,0
sh603718,0,0,0
sh600053,607,658,0
sh600279,0,0,0
sh600676,0,0,0
sh600882,0,0,0
sz300536,0,0,0
sz002396,5156,6865,523
sh603203,0,0,0
sh603085,949,0,0
sz002259,0,0,0
sh600237,0,0,0
sz300309,0,500,0
sz002554,0,0,0
sz300348,0,0,0
sh600267,1835,4929,0
sz000586,590,0,0
sh600008,1996,33452,0
sz300695,138,0,0
sh603018,0,0,0
sh603339,0,0,0
sz000951,0,0,0
sh600479,0,0,0
sh600626,0,0,0
sz300479,0,0,0
sz002707,0,0,0
sz002888,0,0,0
sh600807,333699,230064,11967
sz002590,0,0,0
sh603383,0,0,0
sz300715,0,0,0
sz002158,1014,0,0
sz000040,0,0,0
sh603017,0,0,0
sz002657,1021,0,0
sh600159,0,0,0
sh600497,14511,12687,0
sz300635,0,0,0
sz300621,0,0,0
sz300663,0,0,0
sz002346,0,0,0
sz300486,0,0,0
sh600312,0,0,0
sz300007,1049,0,0
sz000828,0,0,0
sz000887,1418,0,0
sz000875,2760,0,0
sz300070,3969,2708,0
sz000738,1899,0,0
sz001896,0,0,0
sh603078,3261,0,0
sh600487,147241,177045,22846
sz300690,0,0,0
sh600812,0,0,0
sh601211,20582,33550,554
sz002730,950,0,0
sh600894,1122,1370,0
sh603579,0,0,0
sh600993,1983,1676,0
sh603633,0,0,0
sh601939,112467,297833,0
sz002446,3373,0,6396
sz300330,0,0,0
sz002895,17771,10934,2370
sz300474,1276,2015,0
sh600331,4165,12080,0
sz000662,0,0,0
sz000014,0,0,0
sz002209,0,0,0
sz300184,0,0,0
sz300219,0,0,0
sz300232,0,1000,0
sh600668,1243,0,0
sz300419,0,0,0
sz000016,0,7679,0
sh603308,2626,668,0
sh600382,0,0,0
sh600313,0,0,0
sh603319,0,0,0
sz002822,0,0,0
sz002408,20041,21457,1608
sz300142,48490,25221,3900
sh600781,480,500,0
sh603963,0,0,0
sz300604,1047,0,0
sh600880,0,6665,0
sz000576,0,0,0
sh600373,2482,4665,0
sz300027,68881,43213,0
sh600792,0,0,0
sh600962,0,0,0
sh600172,0,2438,0
sz300241,2015,1269,800
sh600361,0,0,0
sh603798,0,0,0
sh600515,0,0,0
sh603200,0,0,0
sh600706,0,0,0
sz002068,4012,976,0
sz000166,0,10005,0
sz002484,0,0,0
sz002338,0,1130,0
sz000826,2543,671,0
sh600016,224353,285788,0
sz300322,6748,5449,1815
sh603917,0,0,0
sh603806,0,0,0
sh603638,302,600,0
sh600062,1077,487,0
sz300131,0,1631,0
sh600898,0,0,0
sh603787,0,0,0
sz002237,0,1026,0
sz300503,0,0,0
sh603363,0,0,0
sz000779,0,1159,0
sz002752,1076,2072,0
sz002460,15403,17649,1389
sh600662,2287,0,0
sz000686,1679,3961,0
sz000861,0,0,0
sh603444,62,0,0
sz002835,0,0,0
sz002327,4031,2915,0
sh603517,0,0,0
sz002067,0,0,0
sz002317,0,0,0
sz000759,0,0,0
sz002912,3344,5362,613
sh600269,5000,3590,0
sz000503,72465,63733,4242
sh600343,0,1514,0
sh603699,700,842,0
sz300042,0,0,0
sz300181,0,0,0
sz000560,0,0,0
sz300414,482,443,0
sz000534,2311,0,0
sz300183,3375,9738,578
sz002454,0,0,0
sh603123,0,0,0
sz300280,1071,0,0
sz002165,0,0,0
sz002170,0,0,0
sz002547,3079,1998,0
sh600362,17527,36166,1763
sz000756,0,0,0
sh603601,0,0,0
sz000718,0,0,0
sh600854,0,0,0
sh600784,0,0,0
sh600826,0,0,0
sz300520,2140,936,0
sh601106,4036,25469,0
sz002551,0,0,0
sh603030,3001,0,0
sz000595,0,0,0
sz002562,0,0,0
sh601949,1400,10305,0
sz002281,8618,8710,402
sh603689,1627,0,0
sz002155,7564,6263,0
sh600655,2157,9381,0
sz300496,2603,2803,378
sz002231,0,11141,0
sz300136,10578,17629,2372
sh603318,0,1011,0
sz000600,4594,0,0
sz002550,0,0,0
sh600919,40748,53878,0
sz000089,0,1413,0
sz000002,100581,133278,8381
sh603578,0,0,0
sz300162,0,0,0
sh603238,0,0,0
sh600648,0,758,0
sh600881,2732,11945,0
sz002869,0,0,0
sz002614,0,0,0
sz300435,0,0,0
sz002002,0,3550,0
sz002024,36363,47606,0
sz300076,0,0,0
sz002511,0,800,0
sh600803,18404,31524,0
sh603828,0,0,0
sz000700,0,0,0
sz300197,1881,1870,0
sh600168,0,0,0
sz002751,0,0,0
sh601058,9754,0,0
