sz300466,0,0,0
sz300257,0,0,0
sz002046,0,0,0
sh600597,6769,2306,0
sz000536,0,0,0
sz000025,0,0,0
sh603278,0,0,0
sh600684,0,0,0
sh600139,0,0,0
sz300562,0,834,0
sz000156,0,2336,0
sz002715,0,0,0
sz000999,0,0,0
sz300263,5328,14254,0
sz300367,1000,8926,0
sz300299,0,0,0
sz000676,0,0,0
sh600797,9335,9033,0
sh600011,2984,0,0
sz300308,5700,6112,0
sh600179,5261,425,0
sh601011,31681,25466,0
sh603877,0,438,0
sh603223,0,0,0
sz300037,629,0,0
sz000155,1281063,407911,5655
sh603920,0,0,0
sz000921,4945,5137,0
sz002598,0,0,0
sz300402,0,0,0
sz002656,2431,700,0
sz002409,13227,16271,0
sz002307,2470,0,0
sh603633,0,0,0
sz000686,1298,7247,0
sz000543,0,0,0
sz000990,1000,0,0
sz000615,4067,9718,0
sz002274,0,0,0
sh600249,7847,0,2525
sh600589,0,0,0
sh600420,0,0,0
sh600155,0,978,0
sz300370,3403,0,0
sh600649,0,0,0
sh600056,1785,843,0
sz002728,0,0,0
sz300076,0,0,0
sz300155,0,3400,0
sz002812,717,1108,744
sz002700,0,0,0
sz002506,227940,253513,0
sz300429,0,428,0
sh603088,1318,263,0
sz002535,2060,8000,0
sh603183,0,0,0
sz000963,5758,13109,0
sz000665,0,0,0
sh603358,0,0,0
sh603569,0,0,0
sz300252,597,7185,0
sh603040,0,0,0
sh601877,1219,2072,0
sz300418,6173,12655,470
sh600692,1200,0,0
sz000856,49634,58881,0
sh600889,0,0,0
sh600507,16900,20289,791
sz000633,0,1803,0
sz300561,0,0,0
sz002131,36053,74888,0
sz002838,0,0,0
sh600203,0,0,0
sh600490,3622,0,0
sz002374,0,6180,0
sh600166,8397,30767,0
sz300232,0,761,0
sz300224,0,0,0
sz000697,5810,4717,707
sz300041,0,0,0
sh600783,0,1790,0
sh603908,0,0,0
sh601898,6448,4981,0
sh601336,7541,4568,0
sh600702,2283,1806,0
sz300568,500,0,0
sh603018,0,0,0
sz002192,1962,5439,0
sz300428,6551,1326,685
sz002121,0,2378,0
sz000702,0,0,0
sh600422,1085,3871,0
sz002081,49640,40974,1744
sz002878,0,0,0
sz300321,1000,3774,0
sh600977,693,744,0
sz300705,439,0,0
sz300160,0,0,0
sh603186,0,0,0
sz300513,0,0,0
sz300362,0,0,0
sz002055,888,888,0
sz300002,0,4692,0
sz300192,0,0,0
sz002195,2126,22383,0
sz002384,1805,5916,0
sz002714,3664,7104,992
sz000650,1900,0,0
sh600863,7389,0,0
sz002584,1305,3054,0
sz300001,0,0,0
sz000677,2712,2712,0
sz002745,0,0,0
sh603855,0,0,0
sz000848,0,0,0
sh600345,3311,4028,0
sh600200,0,0,0
sz300029,0,0,0
sz300074,66681,110506,2448
sh600710,0,2500,0
sz000818,3000,1866,0
sz300241,0,1644,0
sz002391,0,0,0
sh600969,0,0,0
sh600246,0,0,0
sz300385,0,0,0
sh603758,0,0,0
sz002419,60933,76146,2376
sh600898,0,3049,0
sz002241,61071,79203,2164
sh601688,22654,34144,0
sz002824,602,0,0
sz000687,0,1689,0
sh600190,0,0,0
sz300438,1000,0,0
sz002108,8149,3023,0
sz300236,5850,6313,0
sh600677,0,0,0
sz002362,45922,25325,1544
sz300004,0,0,0
sz000150,0,0,0
sz002709,0,620,0
sh600153,5894,1110,0
sz002122,9570,3578,5992
sh600386,0,0,0
sz002400,6669,14724,0
sh600399,2279,0,0
sh600721,0,0,0
sh601229,2680,11516,0
sz300496,4938,8297,0
sh600088,0,0,0
sz300284,749,0,0
sz002080,0,0,0
sz000407,0,0,0
sh603683,0,0,0
sz300325,0,12102,0
sz300550,0,0,0
sh603806,0,0,0
sh600841,0,0,0
sh601127,0,0,0
sz000301,5105,12689,0
sz300556,0,0,0
sz300014,19680,17070,2677
sz002174,16123,2813,1013
sh600202,0,3223,0
sz002482,2000,0,0
sz002156,79112,80433,3144
sh600421,0,0,0
sz000048,0,0,0
sh603989,0,0,0
sz000722,0,0,0
sh600419,0,0,0
sz002590,2232,0,0
sz002660,0,0,0
sz300443,0,0,0
sh600460,438219,390090,51363
sh600114,0,0,0
sz300721,1988,1684,0
sh600482,700,1433,0
sh603330,0,0,0
sz000501,1382,3705,0
sh600361,53324,43692,24654
sh600978,0,7580,0
sz000039,25654,42276,2237
sh603843,0,0,0
sz300044,0,0,0
sz000619,0,0,0
sz002406,0,0,0
sz300093,0,0,0
sz002790,0,0,0
sh600565,0,3656,0
sz002035,3402,1590,0
sz300111,0,3178,0
sz002849,0,1409,461
sz002231,0,0,0
sh600696,0,0,0
sh603818,0,0,0
sz000613,0,0,0
sz300205,0,0,0
sz300130,5173,5332,0
sz000892,0,3020,0
sz300249,0,0,0
sh600520,17167,15817,4326
sh603335,0,0,0
sh603266,0,0,0
sh601222,0,4245,0
sz000828,0,0,0
sh600269,0,3318,0
sz002039,0,0,0
sz002194,23573,4398,0
sh600587,0,0,0
sh601579,0,0,0
sz002777,0,307,0
sz002114,2000,972,0
sz002616,0,0,0
sh600284,0,0,0
sz000949,3000,2500,0
sz000338,128520,59906,0
sh600511,0,413,0
sh603083,0,608,246
sz002543,0,0,0
sh603181,0,0,0
sh603368,0,0,0
sh600854,0,0,0
sh603669,0,0,0
sh601900,0,0,0
sz000691,0,0,0
sz300065,0,0,0
sz002316,0,0,0
sz300679,110,0,0
sh603038,0,0,0
sz300542,0,0,0
sz002833,0,164,0
sz002830,0,0,0
sz002872,0,0,0
sh600983,0,0,0
sh603260,2745,3090,194
sz300106,1680,3186,0
sz300495,0,0,0
sz002673,6613,7904,1485
sh603031,0,0,0
sz000680,0,0,0
sz300274,1367,1682,0
sz000036,4616,4616,0
sz300396,0,0,0
sz002626,10003,15643,0
sz000738,0,0,0
sz300381,0,0,0
sh600321,0,0,0
sh600198,3930,11795,0
sh601888,3655,8676,0
sz300363,0,0,0
sh603816,0,576,0
sh600819,0,0,0
sz300242,0,0,0
sz300062,0,0,0
sh600622,1433,3075,0
sh600036,70875,60221,1139
sz002407,7950,2481,0
sz000411,0,0,0
sz002067,0,3667,0
sz002531,6175,11517,0
sz300606,0,0,0
sz000524,0,0,0
sh600199,0,4941,0
sz300365,0,0,0
sz002698,0,0,0
sh600261,0,2643,0
sz002883,0,0,0
sz300384,0,0,0
sz002860,0,320,0
sh603508,0,0,0
sz002299,12612,14362,852
sh601000,14427,11758,0
sh600789,0,0,0
sz002652,0,0,0
sh600241,0,0,0
sh600387,0,0,0
sz002200,0,0,0
sz300447,0,0,0
sh603737,0,0,0
sh600295,9728,12022,0
sh601106,0,0,0
sh600391,0,0,0
sz000573,0,0,0
sh601211,7254,5661,0
sh600641,834,3713,0
sz002864,0,0,0
sh603157,0,0,0
sz300304,3000,2294,0
sz300464,11939,9514,0
sh600363,0,1200,0
sz300493,0,0,0
sh600169,0,0,0
sz002128,60165,12826,2163
sz002489,5340,1740,0
sz002244,4411,32119,0
sh600759,16169,121110,0
sh600837,20215,70458,5013
sz002182,13692,1220,0
sh600566,3121,3982,0
sz002559,0,0,0
sz300073,17999,25142,566
sh600271,20506,41895,4160
sz300662,0,0,0
sh601985,7092,6885,0
sh600713,0,0,0
sz002499,0,1120,0
sz002897,930,0,0
sh603116,0,0,0
sh603890,13284,7263,3000
sz002690,0,0,0
sz300436,0,348,0
sz300273,50045,16372,0
sz000970,8811,1105,0
sz000590,0,0,0
sh600992,0,900,0
sz002438,0,0,0
sh601126,0,0,0
sz000551,0,0,0
sz000045,2109,1065,0
sz000779,0,0,0
sz002703,0,0,0
sz002460,34953,49169,1516
sz000567,1462,0,0
sh600803,9763,40023,1681
sz002620,0,0,0
sz000538,4107,3919,199
sh600175,4000,8800,0
sh600283,3489,2840,963
sz002843,1058,596,0
sz002184,0,0,0
sz002919,0,0,0
sh600006,0,0,0
sh600740,143107,89651,3368
sz000850,0,0,0
sz300567,0,0,0
sh603197,0,0,0
sz002023,28302,10467,6032
sz002368,0,0,0
sh600583,0,0,0
sz002536,1686,756,0
sz002485,0,0,0
sh600428,7313,1744,0
sh603101,0,0,0
sz300718,0,0,0
sz002363,0,0,0
sh600333,0,0,0
sz300147,0,3344,0
sz002707,0,0,0
sz000761,7949,5402,0
sz000622,0,2238,0
sh603985,0,0,0
sh603626,356,1085,0
sh603579,159,0,0
sz002399,0,0,0
sz300435,2019,1010,0
sz002225,0,0,0
sh601608,11988,0,0
sz000717,207764,149153,1680
sz002025,478,0,0
sh601929,0,7888,0
sz300097,851,1427,0
sz002716,1205,1302,0
sz300502,0,1198,0
sz300174,0,0,0
sh600874,8792,22227,0
sz000895,5711,10796,0
sh600148,1830,0,0
sh603003,0,0,0
sz000801,13683,4211,0
sz000833,0,4058,0
sz000541,5100,5777,0
sh603808,0,0,0
sh600297,0,0,0
sz002641,0,0,0
sz002621,0,0,0
sz002029,0,0,0
sz002662,0,2051,0
sz300536,0,0,0
sz000560,0,0,0
sz002165,0,0,0
sz000798,0,0,0
sz300543,2059,4034,0
sh603721,0,0,0
sh600601,0,0,0
sz002497,28070,26164,786
sz002327,3480,1661,0
sz300229,11869,31944,1008
sz002757,0,0,0
sz002157,2414,9033,0
sz300250,0,0,0
sz002158,951,14206,0
sz002113,0,0,0
sz300324,6655,4228,0
sh603002,0,4631,0
sz300028,0,0,0
sh600814,1259,5133,0
sz000783,0,1441,0
sh600305,0,0,0
sz000785,0,0,0
sz000731,0,0,0
sz002424,1536,0,0
sz000611,5315,1901,0
sh603028,0,0,0
sh600895,0,1401,0
sh600531,0,2417,0
sz002430,8825,2064,0
sh603313,0,0,0
sz000858,234996,293794,31896
sh600360,11636,19993,0
sz000728,16303,8047,0
sh603366,0,0,0
sh603926,0,0,0
sz002226,1836,1836,0
sz300575,0,0,0
sh601200,981,1089,0
sz002049,118904,168417,17868
sh600107,2088,0,0
sh600308,2732,0,0
sh603869,0,0,0
sz002817,0,0,0
sh603138,11545,8231,1818
sh600243,0,0,0
sh600206,40750,80234,5709
sh603517,247,0,0
sz002816,0,0,0
sh600804,14050,20270,0
sh603987,0,0,0
sh600222,0,0,0
sz000631,0,2517,0
sh600095,0,0,0
sz000967,0,0,0
sz002053,0,1000,0
sz300105,0,0,0
sh601811,0,0,0
sz000905,0,0,0
sh600568,9423,5163,0
sz002130,0,0,0
sh601328,25517,43229,0
sz300354,0,0,0
sz002361,1950,0,0
sh600116,11825,1190,0
sz002166,0,0,0
sh600358,0,0,0
sz002383,8195,13330,1000
sz002264,139463,159871,9458
sh601965,0,0,0
sz002162,0,0,0
sh603416,0,0,0
sh600562,1549,1030,0
sz300309,0,0,0
sz300067,0,0,0
sh600596,1630,0,0
sh601899,249829,326953,0
sh603225,395,0,0
sz300289,0,0,0
sh600281,0,0,0
sz002725,0,0,0
sh603355,0,272,0
sz000826,2988,3242,0
sz002857,3552,1400,0
sz000069,32121,10687,0
sz002246,4816,2744,0
sz000960,4867,1128,0
sz002788,0,0,0
sz002675,2060,3075,0
sh600876,6019,8335,0
sz000550,0,0,0
sz000558,0,0,0
sz002076,0,0,0
sz000587,7178,2076,0
sz300709,373,668,201
sh600300,2793,2500,0
sz002780,458,458,0
sz002873,0,0,0
sz000705,0,0,0
sz000651,216120,171054,13677
sh600637,1294,0,0
sh600186,0,0,0
sz002290,0,0,0
sh600235,0,0,0
sh600082,11583,41897,0
sz000931,0,0,0
sz300552,0,0,0
sh603323,0,1601,0
sz300516,0,0,0
sz300326,0,0,0
sh601518,0,0,0
sh601718,7286,2000,0
sh600973,0,0,0
sh600077,0,0,0
sh600908,0,0,0
sh603238,0,0,0
sz002778,0,0,0
sz300059,82736,121256,879
sz000666,1001,0,0
sz000917,1764,2286,0
sh601601,23742,34346,3683
sz002822,0,0,0
sh603299,0,1809,0
sh603603,0,0,0
sz002500,0,2048,0
sz002306,4950,3902,0
sz300133,0,1640,0
sz000759,144843,88689,9161
sh600131,0,0,0
sh600076,3243,15003,0
sz002597,11067,7322,0
sz002663,0,0,0
sz002643,2401,2804,0
sz000609,0,0,0
sh603677,0,0,0
sz002125,0,0,0
sz300682,0,0,0
sz300270,845,4716,0
sz300126,0,0,0
sh600831,0,0,0
sz002619,0,0,0
sh600869,2047,0,0
sz002563,0,0,0
sz300300,2603,600,0
sz002749,0,0,0
sh601008,0,0,0
sz300434,0,0,0
sz000561,0,0,0
sh603011,0,0,0
sz000822,2810,3591,0
sz002414,0,0,0
sh600680,0,0,0
sz000815,800,0,0
sz002211,0,0,0
sz000639,0,0,0
sz300546,0,0,0
sz002403,0,0,0
sz000669,0,0,0
sh600463,0,0,0
sz300712,0,0,0
sz300118,914,914,0
sz002472,0,0,0
sh603305,300,642,0
sz000420,0,0,0
sz000755,1968,0,0
sz002410,6971,4727,925
sh603318,0,0,0
sz002283,0,0,0
sz002249,4380,10398,0
sz000408,6489,611,0
sz000546,0,1662,0
sh600527,0,2000,0
sh600266,14210,23362,0
sh600408,0,0,0
sz002154,0,4196,0
sz002040,0,0,0
sz002022,0,0,0
sz300595,0,0,0
sh600780,0,0,0
sh600528,4182,2264,0
sz002781,0,0,0
sh600240,1217,0,0
sz002059,0,0,0
sz002300,24762,5045,0
sz002008,10506,24120,397
sz000795,0,0,0
sh601969,0,0,0
sh603167,0,0,0
sh600986,0,0,0
sz300602,0,390,0
sh600258,0,0,0
sz000610,0,0,0
sz000980,6049,5334,0
sz002450,29451,44100,3312
sz002795,0,0,0
sz002095,0,0,0
sh603676,0,0,0
sh600291,2943,970,0
sz002658,0,0,0
sz002785,2067,0,0
sh601952,2842,9917,0
sz300726,2559,7309,572
sh600325,0,10660,0
sz300557,0,0,0
sh600548,0,0,0
sz300545,0,0,0
sh603917,0,0,0
sz300265,0,0,0
sh601288,402622,479029,0
sz002606,24312,50767,1151
sh600835,9089,11446,504
sz002910,0,2528,0
sh600792,0,0,0
sz002892,645,0,0
sz300631,0,0,0
sz002803,0,0,0
sh600196,23230,23496,3015
sz002682,0,0,0
sz002870,0,0,0
sh603800,0,0,0
sh600230,30473,24049,260
sz000089,0,1585,0
sz000595,4769,4769,0
sz300168,0,4577,0
sh600790,0,0,0
sh603868,0,0,0
sz000951,0,0,0
sh603825,0,0,0
sh600744,4688,0,0
sz300280,0,507,0
sh603033,0,0,0
sh600653,0,0,0
sz300366,0,0,0
sz002332,0,1479,0
sz300005,0,0,0
sh600455,0,323,0
sz002415,34235,21188,271
sz002459,0,0,0
sh600827,7431,6302,0
sz002201,1493,1493,0
sz300569,0,0,0
sz300295,0,0,0
sz000419,0,0,0
sz000897,0,9682,0
sz300541,0,0,0
sz300314,0,0,0
sh603977,0,0,0
sz300422,0,3363,0
sz002342,4327,6205,0
sh601949,0,2076,0
sh603505,0,0,0
sh600026,0,0,0
sz300225,13971,13265,1502
sh603110,0,0,0
sh600547,10584,15745,950
sz002190,0,0,0
sh600083,0,0,0
sh600165,0,0,0
sz000690,3744,8776,2010
sh600426,14216,20371,0
sz000514,0,0,0
sz300185,4645,0,0
sz000811,0,0,0
sz002762,0,0,0
sh603578,0,0,0
sh600418,44171,29542,7350
sz000043,3996,1447,0
sh601566,0,0,0
sz002562,639,3933,0
sz300591,0,0,0
sz300165,0,0,0
sz002686,0,0,0
sz000959,0,3923,0
sh600961,0,0,0
sz002142,25430,17876,0
sh600170,6942,15423,0
sz002286,1500,0,0
sh600624,0,0,0
sh600847,0,0,0
sz000739,0,0,0
sz300470,0,0,0
sh600979,0,0,0
sz002522,0,1522,0
sh603997,0,0,0
sz002269,0,0,0
sz002653,0,0,0
sz002477,90124,154658,0
sz000887,6526,8916,0
sh600711,2963,5786,0
sh600933,1505,0,0
sh600168,0,0,0
sh603200,0,0,0
sh603179,0,0,0
sz002644,0,0,0
sz300473,0,0,0
sh603108,0,761,0
sh600706,0,0,0
sz002530,0,0,0
sz300129,1788,0,0
sz002051,0,0,0
sz300424,0,0,0
sz000534,0,0,0
sh600764,0,816,0
sh600259,876,0,0
sh603050,803,553,0
sh600126,0,1774,0
sz300486,0,0,0
sz300484,0,0,0
sz300511,0,0,0
sh601179,0,20000,0
sz002207,0,0,0
sh601369,1379,2996,0
sz300162,0,0,0
sz300532,0,0,0
sz300463,0,887,0
sh600731,0,0,0
sz000625,12971,55728,0
sh600189,0,0,0
sh603738,0,0,0
sz000786,11794,22409,1577
sz002324,2531,631,0
sz300061,0,0,0
sz002086,56561,62742,2848
sz002370,0,0,0
sh600693,2989,2217,1000
sz300183,6837,4282,0
sz000004,0,0,0
sh600886,37280,18602,0
sz300695,0,0,0
sz300307,0,0,0
sz000883,0,0,0
sh600668,0,0,0
sz002056,8937,13255,0
sz002392,0,3900,0
sh600163,0,0,0
sh600285,0,1371,0
sh603896,0,0,0
sz300615,0,0,0
sz300214,0,0,0
sh603315,0,0,0
sh600089,7575,11823,0
sz002798,0,0,0
sz300658,0,0,0
sz002054,14824,1719,0
sh600536,620,0,0
sz002395,0,0,0
sz002684,0,0,760
sh603066,0,0,0
sz300092,0,0,0
sz300215,0,0,0
sh603729,0,185,0
sz002528,0,0,0
sz000821,0,0,0
sh603165,169,0,0
sz002627,0,0,0
sz000700,0,0,0
sz000961,39154,70932,0
sz300625,0,0,0
sz300217,0,0,0
sz300554,0,0,0
sz000881,0,2457,0
sh603027,0,0,0
sz300254,0,0,0
sh600039,0,3380,0
sh603339,0,0,0
sh600111,72189,44622,0
sz300681,0,0,0
sz300102,22617,29807,0
sz300139,0,0,0
sh600229,0,0,0
sz300442,0,0,0
sz000910,5807,2771,0
sz002315,0,0,0
sh603589,1162,2186,0
sz300497,0,0,0
sz002907,0,0,0
sz300691,306,0,0
sh600023,2335,11713,0
sz002340,20060,21128,0
sh600068,25980,31142,0
sh600238,0,0,0
sh600397,0,0,0
sz300356,5981,3770,0
sz300586,852,0,0
sz000568,22282,20937,1965
sz300604,0,0,319
sh600572,0,3239,0
sz000413,36808,32391,0
sh600513,0,0,0
sz000903,9772,71900,0
sz000426,1105,5636,0
sh600234,0,0,0
sz002898,0,0,0
sh601628,8138,5040,0
sz000875,0,0,0
sz002233,1000,3009,0
sz002276,1172,0,0
sz002911,5042,4735,916
sz002085,0,0,0
sh600346,34158,33597,968
sz300456,1223,2283,0
sz002427,13545,6959,507
sz002879,8353,17167,992
sz002137,0,0,0
sz002112,4106,4308,0
sz000620,0,0,0
sh600800,0,0,0
sz300337,0,0,0
sh603886,0,0,0
sh600221,39794,93344,0
sz300357,814,0,0
sz002127,2927,4288,0
sh603528,1539,0,0
sz002533,0,0,0
sz002141,0,0,0
sz000816,0,6601,0
sz000507,2726,2726,0
sz002647,0,0,0
sz002209,1914,0,0
sz300137,8328,15146,0
sz300730,0,0,0
sz002787,0,0,0
sz002287,0,0,0
sh603798,1282,2163,0
sz002896,0,0,0
sh603838,0,0,0
sz002612,0,0,0
sh600712,0,0,0
sh603568,0,0,0
sz000671,40206,26917,0
sz300729,842,1135,0
sz300519,0,0,0
sh603001,0,0,0
sh603166,0,0,0
sz300009,40622,67233,1008
sz002243,0,0,0
sz002541,0,0,0
sz002232,0,0,0
sz002539,0,0,0
sz300194,0,0,0
sz000733,1744,10984,0
sz300577,0,0,0
sz002671,0,1797,0
sh600503,7253,8720,1786
sz002479,5779,6524,0
sh600592,4343,0,0
sh603900,350,371,0
sz002197,13120,4181,0
sz002498,0,7088,0
sh600177,1406,0,0
sz300689,0,0,0
sz300711,0,0,0
sh600209,7212,7302,0
sh601789,0,0,0
sh600303,0,0,0
sz000544,0,0,0
sz000976,0,0,0
sz300144,14778,0,0
sz002670,667,504,0
sz002385,1900,3650,0
sz000762,0,3242,0
sh603326,0,0,0
sz300003,14816,7920,0
sz300698,0,0,0
sh603558,0,0,0
sh600776,18935,9638,0
sh600620,0,0,0
sz000498,5972,5979,0
sz300713,0,0,0
sh600103,0,0,0
sz300578,0,1030,0
sz002291,0,0,0
sz002369,0,1500,0
sh603363,2235,892,0
sz000100,64776,95206,0
sz300593,0,0,0
sz002772,0,0,0
sh603222,0,0,0
sh600250,0,0,0
sh600331,4219,0,0
sz000809,0,0,0
sz300380,0,0,0
sz002683,0,0,0
sz002061,3246,2670,0
sz002825,0,0,0
sh603010,48548,44877,1801
sz000612,6819,0,0
sz002659,0,903,0
sh603369,2613,2691,0
sz002432,0,0,0
sz000010,0,1903,0
sh603458,432,662,0
sh600185,0,6672,0
sz300407,0,0,0
sz300667,0,0,0
sz002187,0,0,0
sh603333,0,0,0
sz002273,4001,1328,0
sz300068,713,0,0
sh600891,0,2080,0
sh600900,30459,38943,1663
sz300670,466,466,0
sz000603,880,880,0
sh601616,0,3253,0
sz000652,0,0,0
sz002250,0,0,0
sh601991,0,0,0
sz002747,0,0,0
sz000902,0,0,0
sz002442,0,0,0
sh603456,0,0,0
sz300720,0,0,0
sh600228,0,0,0
sz300608,335,335,0
sz002387,601,587,0
sh600573,0,0,0
sh603789,0,0,0
sz300210,0,0,0
sz002593,0,0,0
sh603768,0,0,0
sz000576,0,0,0
sz300349,0,695,0
sz000752,0,0,0
sz300400,0,890,0
sh603906,0,0,0
sz000605,0,0,0
sh603797,0,0,0
sz000831,988,0,0
sz002009,769,7821,0
sh600466,5913,4360,0
sh600090,0,0,0
sh603611,0,0,0
sh601231,1885,6017,828
sz000932,13115,18404,0
sh600123,35801,37395,0
sz000725,3571299,2719682,6262
sz300296,5739,7999,0
sz300216,1533,3673,0
sh600926,3909,9754,0
sz300212,6021,7060,0
sz000790,2832,2832,0
sh600543,0,0,0
sh603359,0,300,0
sh600301,0,0,0
sz002769,0,0,0
sh603689,724,0,0
sh603103,0,0,0
sh600425,0,3290,0
sz300237,0,0,0
sh601233,3862,10734,0
sz002689,0,0,0
sh603718,0,0,0
sz002079,48771,56942,0
sz002275,0,0,0
sh601800,0,2827,0
sz002527,0,0,0
sh601618,5608,7607,0
sz300639,4411,3393,232
sz002832,0,417,0
sz002065,39728,16703,0
sh600801,1722,845,0
sz000090,1000,2250,0
sz300584,0,0,0
sh600149,0,0,0
sh600380,8065,26958,1290
sz002661,0,0,0
sz002495,0,0,0
sz002763,0,0,0
sz000068,0,2099,0
sz002457,3603,6366,0
sz300450,485,1670,211
sz000768,12809,14650,0
sz300083,5176,9980,0
sz002899,0,0,0
sz002100,0,0,0
sz300150,0,0,0
sz002169,0,0,0
sz002759,45661,10234,0
sz002687,0,0,0
sz000919,0,0,0
sz002183,4700,7345,0
sz002900,0,0,0
sz002594,4713,7841,610
sh600048,166133,201023,4870
sz002152,4918,25395,0
sz002433,0,1400,0
sz002572,10949,8007,1356
sz000153,0,0,0
sh600535,1539,5381,0
sh600812,0,0,0
sh600862,0,0,0
sz000525,2150,2187,0
sh600016,29538,53793,0
sz002367,1289,0,0
sh600613,0,0,0
sz300560,3271,6852,256
sh603316,0,0,0
sz002365,7504,7850,0
sh600732,0,0,0
sz002582,0,0,1217
sz300007,0,0,0
sh600765,0,1544,0
sh600893,858,2015,0
sz002325,0,0,0
sz300330,0,0,0
sz300626,0,0,0
sz000027,0,0,0
sz300175,0,2800,0
sh600121,4168,5312,0
sh601006,27514,30615,0
sh603300,0,1367,0
sh600501,0,0,0
sz300345,2003,3500,0
sz002733,0,2818,0
sh600628,0,0,0
sz002750,0,0,0
sh603606,0,0,0
sz300426,0,0,0
sz300675,382,817,0
sz300108,1300,2454,0
sz002171,0,0,0
sz300203,0,496,0
sh603277,0,0,0
sz300221,725,725,0
sz002820,0,0,0
sz300661,1507,863,0
sz002416,0,0,0
sh603880,0,0,0
sz000698,0,0,0
sh600000,5153,10268,0
sh600519,12573,9587,1845
sz002875,0,0,0
sz002569,526,4480,0
sz000026,0,0,0
sz300011,0,0,0
sh600558,2000,0,0
sz002216,0,0,0
sh603006,0,0,0
sz002221,3879,5678,0
sz002347,0,0,0
sz002014,0,0,0
sh603519,0,0,0
sz002633,0,0,0
sh600479,780,0,0
sh600062,0,1504,0
sz002761,0,0,0
sz300181,61202,59539,15047
sz300378,0,0,0
sz300487,0,0,0
sz000513,2359,5804,206
sh600459,599,1636,0
sz300421,0,0,0
sz000796,0,0,0
sz002452,0,0,0
sz002685,0,0,0
sz300107,0,0,0
sz300191,531,0,0
sh600602,0,0,0
sh600502,1676,0,0
sh600642,3393,0,0
sz300070,10344,5532,0
sh600429,0,0,0
sz002016,1340,8706,0
sz002723,0,0,0
sh603380,0,0,0
sz002436,28128,12196,2900
sh600080,0,0,0
sz002440,10165,12811,0
sz002581,0,0,0
sz300404,0,0,0
sz300688,0,0,0
sz002679,0,0,0
sz002465,0,0,0
sz000559,2323,1242,0
sz300618,3162,4838,572
sh603577,0,0,0
sh603703,0,0,0
sz000720,7538,59172,0
sz300727,10963,15205,400
sh600225,0,4900,0
sz002176,18238,14198,0
sh600716,0,10974,0
sh601377,12594,35216,0
sh601588,0,0,0
sz300096,159891,72719,0
sz000636,142732,96749,2873
sh603311,0,0,0
sz000985,0,0,0
sz000869,0,0,0
sz002863,1896,1421,0
sh600298,5730,1935,0
sh600336,0,0,0
sh600892,1604,5108,0
sh601139,2856,7405,0
sh603725,0,0,0
sz300628,95,480,0
sh603618,0,0,0
sz300405,0,0,0
sz000008,1186,0,0
sz002317,810,0,0
sz002713,0,0,0
sz002421,18313,87217,0
sh600980,0,0,0
sz002001,93432,84422,2982
sh600335,0,2612,0
sz002435,0,0,0
sz002145,42717,17678,2344
sz002693,0,0,0
sz300572,1576,933,930
sz300173,0,0,0
sz002441,0,0,0
sz002865,2806,1000,0
sz300589,0,0,0
sh603991,0,0,0
sh600188,51241,21096,0
sh603595,148,146,0
sz300445,0,0,0
sz000626,0,0,0
sh600327,0,1769,0
sh600836,0,0,0
sz300533,0,0,0
sz300553,0,0,0
sz002096,0,0,0
sh601886,0,3000,0
sh600159,0,0,0
sz000750,4459,9139,0
sz002205,0,0,0
sh603258,0,0,0
sh600037,0,3242,0
sz300551,0,0,0
sz300281,0,1121,0
sh603309,0,578,0
sz002337,0,0,0
sz002266,0,0,0
sh603607,350,0,0
sz000912,0,0,0
sz300329,0,0,0
sh600156,0,0,0
sz300182,1275,4271,0
sh600577,0,4658,0
sh603239,0,0,0
sz002610,0,10000,0
sz002005,0,0,0
sh600247,0,0,0
sh600371,0,0,0
sz000767,0,0,0
sz002634,76324,42194,8357
sz002254,25391,865,0
sh600998,735,0,0
sz300506,0,0,0
sz300621,0,0,0
sz300030,0,0,0
sz300382,11109,0,1981
sz300053,20744,23888,0
sh600880,3952,5968,0
sz002609,0,0,0
sh600009,1010,353,0
sz002203,0,0,0
sh603208,0,0,0
sz300697,0,0,0
sz002712,0,0,0
sh600217,0,10613,0
sz002303,0,0,0
sz002591,0,0,0
sz002462,0,0,0
sz002471,0,2464,0
sh600160,1322,2636,0
sz002451,687,0,0
sz300267,1680,12076,0
sh600500,1175,4798,0
sz300717,0,0,0
sz000066,0,12043,0
sh600180,0,0,0
sh600728,2127,6012,0
sh600125,93819,74118,4318
sh600141,11594,1413,0
sh600588,1025,1547,0
sh603367,0,0,0
sh600603,0,0,0
sh600038,2679,2699,0
sz002105,0,0,0
sz002282,0,0,0
sz000813,1134,4460,0
sz000061,0,0,0
sz002481,0,0,0
sh601398,487053,415900,0
sh600491,0,2001,0
sh601002,9392,12301,0
sz002017,0,0,0
sh600598,14443,13286,0
sz300027,104802,129926,7729
sh603133,0,0,0
sz002551,0,1236,0
sz002566,0,0,0
sh600584,25144,38736,2033
sz002613,0,0,0
sz300430,0,0,0
sh600060,9308,6507,0
sz002765,0,0,0
sh601001,9439,2000,0
sz300045,1137,5911,0
sz000623,568,7935,0
sz002449,3022,9397,0
sz300475,0,0,0
sh600888,0,2000,0
sh600667,84162,94006,2010
sz002727,0,0,0
sz000859,0,0,0
sz002047,0,1455,0
sz002237,1303,2600,0
sh603196,0,0,0
sh600233,0,0,0
sh600533,14554,7180,0
sh601996,0,2615,0
sz002463,7002,9190,0
sz300612,0,0,0
sh600462,0,0,0
sz000159,0,0,0
sh600192,0,0,0
sh600769,0,0,0
sz300582,0,0,0
sz300195,0,0,0
sh600350,0,1946,0
sz300315,9570,26774,0
sh600872,629,2945,0
sz000016,0,0,0
sz300328,0,1059,0
sz300499,0,0,0
sh603081,982,400,0
sz300685,0,0,0
sz000723,20154,6357,0
sz000059,8865,13802,0
sz002665,1820,3938,0
sz002454,0,0,0
sz300114,0,0,0
sz300703,0,0,0
sh600132,908,0,0
sh600096,0,0,0
sz002390,1747,6306,0
sh600714,0,0,0
sh601500,0,1027,0
sh600734,0,0,0
sh600563,0,610,0
sh600582,3752,0,0
sz300527,4107,0,0
sh600330,73101,60743,10738
sz000962,0,0,0
sh600343,2469,903,0
sz002329,0,0,0
sz002625,1110,0,0
sz002568,0,0,0
sh603881,14179,13038,2255
sz000830,121780,167492,4998
sz000923,2195,1290,0
sz000418,2077,735,0
sh600317,4323,6000,0
sh603345,0,0,0
sh603022,0,0,0
sz000882,0,8322,0
sz300019,0,0,0
sh600237,0,1997,0
sh603608,0,0,0
sz300478,496,333,0
sz002346,0,0,0
sz000597,1520,1520,0
sz300024,12888,16626,636
sz002117,0,650,0
sh600730,0,0,0
sh603533,1206,1225,0
sh600136,983,0,0
sh600981,0,0,0
sh600560,0,0,0
sz002389,7297,8539,0
sz002052,0,0,0
sh600963,0,0,0
sh600423,0,2869,0
sz000663,0,0,0
sh600018,33155,47082,0
sz002518,0,0,0
sh600113,0,0,0
sh601928,0,0,0
sz002151,34623,35605,5099
sz300373,938,7593,0
sz002185,338707,397422,2842
sz002375,1700,2087,0
sh603016,0,0,0
sz002668,0,0,0
sh601388,27303,3199,0
sz002490,0,0,0
sh603658,0,431,0
sz300122,24547,9760,1010
sz300207,10525,5955,0
sz000997,2775,12251,0
sz002680,0,0,0
sz000672,28800,39290,0
sh600697,0,426,0
sh603901,0,0,0
sz000157,0,15154,0
sz300699,6231,8501,189
sh600015,3266,5626,0
sz002793,0,0,0
sz000055,0,0,0
sz002691,0,0,0
sh603139,0,0,0
sh600881,7827,8906,0
sz000516,7502,13746,0
sh603085,0,0,0
sh600030,98275,87811,2174
sh603937,11585,23879,505
sh601558,0,0,0
sz002064,0,2357,0
sz300393,316,316,0
sh600810,0,0,0
sz000415,0,0,0
sz300489,0,0,0
sz002168,43662,0,0
sz002026,8880,2989,1186
sz300482,196,241,0
sz002336,2209,0,0
sz002396,5766,5951,567
sz300723,311,580,299
sz002760,9751,31009,2019
sh603019,81641,96210,9721
sh600784,0,0,0
sz002742,5550,1015,0
sh603268,0,0,0
sz000582,0,0,0
sh603035,0,0,0
sh600461,0,0,0
sh601595,0,0,0
sz300388,1138,1874,0
sh600884,16487,15627,0
sz002484,0,3272,0
sh600316,0,1789,0
sz300520,3066,2253,343
sh603308,0,803,0
sz002126,2306,0,0
sz300663,0,0,0
sz002555,19010,8577,0
sz300169,0,0,0
sz000656,6093,0,0
sh600897,0,0,0
sz300522,0,0,0
sz300218,0,0,0
sh603799,36895,54784,5183
sz002360,0,0,0
sh603648,1393,546,0
sz300457,2247,883,0
sz002087,125500,51303,0
sz300652,0,0,0
sz000710,0,751,0
sh600825,0,2636,0
sz000937,30855,23670,0
sz000758,0,0,0
sh600379,0,0,0
sz000548,2529,0,0
sz300397,0,1074,0
sh603665,0,0,0
sz300234,0,0,0
sz002730,747,4261,0
sh600035,0,0,0
sz002842,0,0,259
sh601038,0,0,0
sh603286,0,859,0
sh601880,10854,0,0
sh601137,0,1000,0
sz300660,0,0,0
sh600691,4000,7300,0
sh600586,0,0,0
sh600063,0,0,0
sz002770,0,0,0
sz002073,0,3333,0
sh603866,0,0,0
sz002078,3780,6412,0
sh600834,0,0,0
sz002517,15579,15152,0
sh601882,0,0,0
sh600708,0,0,0
sz002206,0,3718,0
sz002674,0,0,0
sh600663,0,0,0
sz300592,0,0,0
sh603466,211,820,0
sh600567,20099,30573,0
sh601166,77709,74765,0
sh600999,3043,10554,0
sz002429,51168,60598,0
sz300468,0,0,0
sh600556,4882,6984,0
sh600853,0,0,0
sz300080,0,4356,0
sz000909,0,0,0
sh603883,612,1804,0
sh601128,3392,10056,0
sz300620,0,0,0
sz000060,23900,11859,0
sh600028,26009,61767,0
sz000836,3007,8827,0
sz000088,0,0,0
sh600830,0,8215,0
sz002359,5715,0,0
sz300590,3544,6546,1000
sz002886,4787,2906,389
sh601069,18830,17271,3424
sz300642,111,391,0
sh600729,1635,1886,0
sz002349,0,0,0
sh600561,0,0,0
sh603123,0,0,0
sh601058,0,6272,0
sh603090,0,0,0
sz002401,0,0,0
sh601908,0,0,0
sh603609,0,0,0
sz300638,338,338,0
sz002007,439,487,0
sz300491,0,0,0
sz300256,0,4456,0
sh600654,2440,0,0
sz300303,0,5005,0
sh603730,295,719,0
sh603616,0,0,0
sz002836,8346,1163,0
sh600549,14354,11006,0
sz002758,0,0,0
sh600315,3362,1939,0
sh603777,0,0,0
sz300537,0,0,0
sz002558,1260,1373,0
sh600478,0,0,0
sh600703,23143,35572,2597
sh600662,0,0,0
sz000023,0,0,0
sz002218,21422,47249,0
sh603477,0,0,0
sz000533,1342,5342,0
sh600785,0,0,0
sz002578,0,0,0
sh600614,12964,1453,0
sz300166,7395,17222,0
sz300399,0,0,0
sz002063,0,9541,0
sh603060,0,0,0
sz002667,611,611,0
sz300054,9378,17684,0
sz300153,0,0,0
sh600097,0,0,0
sz000753,0,0,0
sz002503,2000,0,0
sh600665,0,0,0
sh600521,8811,6992,0
sh600773,0,0,0
sz002783,2964,988,0
sh601168,12781,9211,0
sz002352,0,0,0
sz002376,0,0,0
sh603058,0,0,0
sz300632,0,0,0
sh600488,0,0,0
sh600197,500,489,0
sh603008,2010,4027,0
sh603306,0,0,0
sz002889,0,0,0
sz002695,0,0,0
sz002699,1800,0,0
sz002672,0,1283,0
sh600756,0,900,0
sh600022,113465,36401,0
sh600467,0,0,0
sz002615,0,0,0
sz000701,0,0,0
sh601238,4433,8271,2346
sh600894,0,0,0
sz002786,0,0,0
sh603507,351,0,0
sh600962,0,0,0
sz300512,0,0,0
sh600252,0,0,0
sh603365,0,0,0
sz002091,1508,11006,0
sz002859,0,696,0
sh600110,0,12887,0
sh603026,0,509,0
sh603067,0,0,0
sh600055,830,1604,0
sz300023,0,0,0
sh601010,0,0,0
sz300201,0,1550,0
sh600118,1215,0,0
sz300507,0,0,0
sz300657,0,238,0
sh600879,0,11897,0
sz300239,0,0,0
sz000928,0,0,0
sz002639,11623,0,0
sz002181,0,0,0
sh600497,16329,20225,0
sz300302,0,0,0
sz002109,0,0,0
sh600499,13309,8396,0
sh600868,10926,6079,0
sz000681,700,0,0
sz000018,0,3200,0
sz000737,0,0,0
sz300230,0,0,0
sz002799,0,0,0
sz002062,0,0,0
sh603599,3973,0,0
sz002654,2392,8120,0
sz000050,20031,16836,0
sz300268,0,0,0
sz000402,3234,8569,0
sz300635,0,0,0
sh601611,3000,2001,0
sz002574,0,0,0
sz000005,4111,0,0
sz002227,0,0,0
sh600091,0,0,0
sh600551,0,0,0
sh603716,0,0,0
sz000065,625,1271,0
sz300046,1941,4067,1388
sz300441,0,519,0
sz002810,0,0,0
sz000839,59651,97770,0
sz002119,2550,620,0
sz002230,231529,287321,21681
sz002003,0,0,0
sz300057,0,0,0
sz002364,0,0,0
sz300350,0,0,0
sz002173,0,0,0
sh600218,0,0,0
sh600029,63182,88221,0
sz000049,0,352,0
sz300336,0,0,0
sz300701,0,0,0
sz002343,2524,1405,401
sz002235,0,0,0
sh600694,0,1390,0
sz000571,0,0,0
sz300655,0,0,0
sz000953,0,0,0
sz000632,0,0,0
sz000429,0,0,0
sz002057,0,0,0
sz300409,1005,0,0
sh600557,0,0,0
sh603899,565,0,0
sz002212,7100,8103,0
sz002210,0,0,0
sz300526,0,0,0
sh601515,0,0,0
sh600403,0,0,0
sz000657,0,0,0
sh600686,0,2534,0
sh600449,0,0,0
sz300038,48213,39811,5121
sz300599,0,0,0
sz002464,1800,0,0
sz300648,0,300,0
sh601007,0,0,0
sh600352,45273,54125,0
sz002862,0,0,0
sz300498,4472,1102,0
sz000888,0,2256,0
sh603656,0,0,0
sh600109,1007,10736,0
sz000062,0,0,0
sz000403,2947,0,0
sh600270,677,2323,0
sh600748,0,0,0
sz002624,0,2360,0
sz300669,0,0,0
sz000032,0,0,0
sh600559,10704,3516,686
sh600767,0,0,0
sz300394,0,0,0
sz000709,127028,130050,0
sz000520,0,0,0
sz002867,0,0,0
sz300017,31841,64903,1110
sh603612,0,340,0
sh603129,0,0,0
sh603360,0,628,0
sh603218,0,0,0
sz002446,1420,0,0
sh600299,0,0,0
sz002413,1042,2000,0
sh600525,0,1462,0
sh603679,0,0,0
sz002549,0,0,0
sz000862,0,0,0
sz300171,0,0,0
sh603993,130421,116963,0
sz002309,0,0,0
sh600069,1509,0,0
sh600053,0,0,582
sz002402,6369,19882,0
sh603127,0,0,0
sh603131,0,0,0
sh600605,0,0,0
sh603922,0,0,0
sz000969,0,4392,0
sz002388,0,0,0
sh601992,1926,18807,0
sz000670,57052,69211,3858
sz300716,0,1726,0
sh603766,2892,9875,0
sh603617,0,0,0
sh600287,0,0,0
sh600791,0,0,0
sz300617,0,0,0
sz002724,1271,4401,0
sz001696,3340,15546,2300
sh603711,1596,2446,0
sh603063,0,0,0
sh600864,0,0,0
sh601186,18285,39446,0
sz300305,0,0,0
sz002600,71271,107816,3785
sz300157,0,1393,0
sz002640,1832,2369,0
sh603585,0,0,0
sz002623,0,0,0
sz002903,567,2097,323
sh600909,1721,0,0
sz002408,26095,24854,2574
sz002748,0,703,0
sh603113,1205,0,0
sz300708,26520,12493,0
sh600616,0,0,0
sh600339,0,0,0
sz002048,3586,4896,0
sz002345,0,1001,0
sh600988,27029,9131,0
sz000404,0,2000,0
sz002751,0,0,0
sz002516,0,6080,0
sh603396,0,0,0
sz002782,0,0,0
sz002379,4702,0,0
sz300338,983,0,0
sz002107,0,0,0
sh603567,0,0,0
sh601009,4052,2007,1589
sh600555,0,2636,0
sz300368,0,0,0
sz300012,0,4700,0
sz300088,8509,20187,0
sz300293,0,0,0
sh600621,751,4250,0
sh601567,0,0,0
sh603233,0,305,0
sz300334,1375,1375,0
sh600609,0,0,0
sz300172,0,0,0
sz300437,0,0,0
sz300193,0,0,0
sh600051,0,0,0
sz300078,1870,2765,0
sz002853,2080,0,0
sz002319,690,0,0
sz002649,7875,24333,1994
sz002431,8376,6731,0
sz300477,8250,4048,0
sz000683,3327,4533,0
sz002123,5877,3713,0
sh600372,0,0,0
sh600610,0,0,0
sh603385,0,0,0
sz002829,0,0,0
sh600858,0,0,0
sz000661,2845,3135,159
sz002702,0,0,0
sz002505,0,0,0
sh600319,34328,2002,0
sh600392,33602,34248,0
sh600887,215740,159435,10397
sz300469,0,0,0
sz002093,0,4159,0
sh603320,0,0,0
sh601339,0,0,0
sz300358,0,0,0
sh600844,2784,0,0
sz002099,4000,0,0
sh600158,0,1276,0
sh600483,0,0,0
sz002425,6651,3158,0
sh603757,0,200,0
sh600079,2800,3719,0
sh600487,40263,46858,4161
sz001979,11377,14638,549
sh600025,0,0,0
sh603929,0,0,0
sz300015,3702,1745,0
sz300731,4796,33286,1968
sz002161,5332,3262,0
sz300022,0,2808,0
sz300335,15816,3282,648
sz300692,414,414,0
sz002776,0,0,0
sz000596,3659,3271,275
sz000593,0,2926,0
sz300261,1100,0,0
sh603227,0,0,0
sz000913,3382,1930,0
sz300508,0,0,0
sz002806,4247,3684,0
sz002752,0,0,0
sh600575,0,0,0
sz002279,10783,9754,0
sz002905,0,0,0
sz300432,0,0,0
sz002850,0,0,0
sh600215,0,8486,0
sz300161,0,2000,0
sz000627,8890,10162,0
sh603229,0,0,0
sz000829,0,0,0
sz002509,1188,0,0
sh600798,0,0,0
sh603337,200,321,0
sz000922,0,0,0
sz002573,4547,5729,0
sh603399,2521,1580,0
sz002302,105612,123955,4307
sh603889,750,700,0
sh601777,1367,0,0
sh603021,0,0,0
sh603319,0,0,0
sz000011,0,0,0
sz300141,952,0,0
sz002104,1251,1437,0
sz002491,0,0,0
sz300283,0,0,0
sz002186,0,0,0
sz300179,0,0,0
sh601158,0,0,0
sz002521,0,0,0
sh603336,500,0,0
sz300006,0,0,0
sz000736,0,0,0
sz300343,0,0,0
sz002204,6500,0,0
sz002044,4947,3949,0
sz000918,0,0,0
sz300576,0,0,0
sz300376,7875,8802,0
sz000570,0,0,0
sh600600,6049,4840,0
sz002050,64062,49201,0
sz002603,4778,2836,0
sz000630,48498,48601,0
sz300391,0,0,0
sh601218,0,3041,0
sz002393,0,0,0
sz300164,0,0,0
sh600701,0,0,0
sh603685,0,680,0
sh603106,743,0,0
sz002077,0,0,0
sz002118,6824,2564,0
sz300668,0,0,0
sh603822,0,0,0
sh603012,0,0,0
sz002614,0,1171,0
sh600093,0,0,0
sh600719,0,0,0
sh600750,448,0,0
sz002196,0,0,0
sh603000,0,3282,0
sh603970,12094,8921,3622
sz002167,1693,1693,0
sz002815,0,0,0
sz000899,0,0,0
sz000637,0,0,0
sh600223,21696,12151,0
sz300627,0,0,0
sh601858,0,0,0
sz002404,0,0,0
sh600623,0,0,0
sh600362,57351,23103,667
sh600736,0,0,0
sz002236,22672,18761,0
sz002828,0,0,0
sh600182,0,0,0
sz300433,11359,13505,1647
sz002474,0,1859,0
sh600050,381667,463544,0
sz000800,0,7374,0
sh600081,0,0,0
sz002664,640,1493,0
sz300719,1009,482,0
sh603099,0,0,0
sh603980,0,0,0
sz002378,0,0,0
sh600707,0,0,0
sz000965,0,0,0
sz000989,1975,988,0
sz002155,3889,3266,0
sh600775,0,1577,0
sz300360,0,0,0
sz000713,0,0,0
sh600630,0,0,0
sz002538,0,5406,0
sz300101,3205,8555,736
sh600959,0,1300,0
sz002461,0,0,0
sh603023,0,0,0
sz002629,0,0,0
sh600757,13132,1980,0
sz300042,0,349,0
sz002839,3020,3494,0
sh600101,0,0,0
sz002150,0,0,0
sz002351,0,0,0
sh600737,0,2373,0
sh600550,0,0,0
sz002124,0,0,0
sh600619,0,0,0
sh603708,7903,9273,0
sz300069,1702,0,0
sz300146,2778,11868,0
sh603938,1021,375,0
sh600161,11701,24636,2531
sh603826,0,0,0
sz300034,1129,4966,0
sz300389,0,0,0
sz300605,0,0,0
sh603996,0,0,0
sh603990,0,0,0
sz002356,0,0,0
sz002380,0,0,0
sz002731,0,0,0
sz002736,1000,0,0
sz002895,2435,4438,0
sz002827,0,0,0
sz002159,0,0,0
sh603686,0,0,0
sh600644,0,19273,0
sz000417,0,3500,0
sz002468,0,0,0
sz300525,0,0,0
sz300082,0,0,0
sz002802,0,0,0
sh600486,0,417,0
sh600105,0,0,0
sh600129,0,800,0
sz002386,13131,25122,0
sz002915,0,0,0
sh600660,2380,4380,0
sh600366,1600,0,0
sz300052,1248,5398,0
sz000017,0,0,0
sh600098,0,0,0
sz000601,0,0,0
sz002546,0,0,0
sh600522,88111,153720,9243
sh601228,0,1996,0
sh600381,0,0,0
sz002308,0,1164,0
sh600067,0,0,0
sz300025,0,1553,0
sz300119,0,0,0
sh601188,0,0,0
sh600885,0,646,0
sz002090,0,0,0
sz002808,0,0,0
sh600896,0,0,0
sh603559,6392,6056,0
sz002868,0,0,0
sh601933,1498473,2184018,69181
sh600505,0,0,0
sz300123,0,0,0
sz300465,0,0,0
sz002705,0,0,0
sh600515,940,9412,0
sh603722,718,867,0
sz002743,0,2008,0
sh603779,0,0,0
sh600458,0,0,0
sh603377,0,0,0
sz002550,0,0,0
sh600320,8529,15617,0
sh601326,1763,6153,0
sh600917,0,0,0
sz002534,995,1977,0
sz002043,17957,16483,0
sh601677,0,0,0
sz300251,5182,4537,0
sz002311,0,0,0
sz300115,32108,38793,563
sz002554,0,0,0
sz002887,202,0,0
sh600151,1274,3761,0
sh600861,0,0,0
sh600059,0,0,0
sz000555,7742,12355,0
sz300672,1771,2979,229
sz002774,0,0,0
sz300322,0,0,0
sz000537,19857,25592,0
sh601633,902,1002,0
sh600012,3489,0,0
sh600512,2657,0,0
sh600882,0,0,0
sz002170,0,0,0
sz002876,0,0,0
sz002208,0,0,0
sh600590,0,1755,0
sz000998,7929,24132,1004
sh603667,0,0,0
sz300184,0,0,0
sh600965,0,0,0
sz300449,0,0,0
sh600571,1598,1000,0
sz300488,0,0,0
sz002097,0,0,0
sz002722,1696,453,0
sh603600,0,0,0
sh600793,0,0,0
sh603398,0,0,0
sh600671,0,1108,0
sz300414,0,0,0
sh600508,3180,0,0
sz000789,43396,39948,4085
sz300585,0,2453,0
sh600651,0,0,0
sh601100,352,1023,0
sz002019,16466,24249,4182
sh603177,863,1881,0
sz000802,6807,2597,0
sh603637,0,2600,0
sh600268,0,0,0
sh600618,0,1014,0
sh603813,0,0,0
sh600984,0,0,0
sh603588,2127,826,0
sz000987,0,0,0
sh600826,0,0,0
sh603383,0,0,0
sz002813,0,0,0
sh600072,3397,0,0
sz002070,34997,162227,0
sz300579,0,0,0
sh600383,5266,6540,0
sh603605,390,464,0
sh600538,0,0,0
sz002706,4229,0,0
sz002734,500,459,0
sh600760,13757,18433,1479
sh601599,0,4047,0
sz002223,2055,4042,1523
sh600615,0,0,0
sh603017,0,0,0
sh603601,0,0,0
sz002448,0,0,0
sh601098,5188,7626,0
sz000685,0,0,0
sz000679,0,0,0
sz002024,146373,140907,7712
sh600373,1579,779,0
sz000589,0,0,0
sh603819,0,0,0
sh600606,7991,18427,0
sz002877,0,0,0
sz300180,0,0,0
sh601857,19481,35877,0
sz002456,112344,124330,3521
sz002272,0,0,0
sh600576,0,0,0
sh603069,0,0,0
sz300047,0,0,0
sz002488,0,4265,0
sz002339,0,0,0
sz300317,7002,3297,0
sh601798,0,0,0
sh601901,0,10305,0
sh600636,0,800,0
sz002651,0,0,0
sh600369,20979,13701,0
sz300033,1054,2177,0
sz002293,0,0,0
sh600020,0,2304,0
sz300222,2072,3602,0
sz002132,0,0,0
sz300406,640,0,0
sh600640,0,0,0
sz002060,0,0,0
sz000425,555398,339732,0
sz002138,3898,788,0
sh601668,91665,109623,0
sz002561,0,1702,0
sz300233,0,0,0
sh601519,0,0,0
sz002493,16356,16981,0
sh600987,0,0,0
sz002298,0,0,0
sz002771,0,0,0
sz000502,0,0,0
sz300515,0,0,0
sh600410,2027,1224,0
sz002884,0,0,0
sz002447,0,2000,0
sh600232,0,0,0
sh600822,0,2404,0
sz300609,0,392,0
sh603331,0,0,0
sz002270,0,0,0
sh600848,0,0,0
sh603387,0,352,0
sz000037,0,0,0
sz000096,0,0,0
sz300020,1472,6886,0
sz002648,6458,7283,0
sh601368,0,0,0
sh601018,3705,0,0
sz300413,20697,27085,5670
sh600698,67304,34493,0
sz300016,12604,9656,0
sz300462,367,1412,0
sz300320,1000,0,0
sh603357,0,0,0
sz002280,1652,1652,0
sh600823,0,3182,0
sh601890,0,0,0
sh600251,3132,6038,0
sz300297,0,0,0
sz000009,6643,17262,0
sz002373,7119,15792,0
sh600532,0,0,0
sh601118,7510,6130,0
sz002526,0,0,0
sz300036,687,805,0
sh600754,386,391,0
sz002880,0,0,0
sz000421,0,0,0
sh600183,5728,3577,0
sh600866,0,0,0
sz002869,0,0,0
sh600746,0,0,0
sz002496,0,0,0
sh600075,0,0,0
sz002002,0,0,0
sz000825,42086,10911,0
sz300565,0,0,0
sh600064,0,800,0
sz000428,0,0,0
sz002515,0,0,0
sh600939,0,0,0
sz300333,0,1521,0
sz300715,0,0,0
sz002480,0,0,0
sh603966,0,0,0
sz300247,1915,3834,0
sh600629,0,0,0
sz300446,0,0,0
sz300563,0,0,0
sz002129,675395,1019771,30186
sz300673,0,0,0
sh600738,0,0,0
sz300530,0,0,0
sh600219,20834,7182,0
sz300531,0,0,0
sh600469,0,0,0
sz002397,0,0,0
sz000852,977,1947,0
sz300332,0,1723,0
sz300423,1457,0,0
sh601117,7118,8249,0
sz300588,0,0,0
sz300549,0,0,0
sh601689,0,0,0
sz000430,0,0,0
sh600312,0,0,0
sz002038,4885,11016,789
sz002688,0,0,0
sz000506,0,1646,0
sz300043,0,0,0
sh600133,0,0,0
sz002696,0,0,0
sz002556,20113,50264,2050
sh600275,0,0,0
sh603856,0,0,0
sz300671,368,296,0
sh603728,0,0,0
sh600594,0,1942,0
sh600415,0,7835,0
sh601666,127440,56227,0
sh600997,21803,4155,0
sz000659,2483,21577,0
sz002510,2510,2092,0
sz002318,1672,0,0
sz002753,1513,0,0
sz300269,1004,1958,0
sz002669,0,1255,0
sh600307,25083,42258,0
sh601375,0,6602,0
sz002031,0,5420,0
sz002548,0,0,0
sh601088,32888,23648,509
sz000776,1899,7059,635
sh603500,0,0,0
sz002628,1667,0,0
sz300687,0,0,0
sz300636,0,0,0
sz300374,0,0,0
sz300616,0,0,0
sz000488,10137,25140,0
sh600292,0,0,0
sz300064,0,8295,0
sz300690,0,0,0
sh600481,0,0,0
sh600599,539,0,0
sh601318,244658,231740,27187
sh603036,0,0,0
sz002608,0,0,0
sz002256,0,0,0
sh600433,0,0,0
sz002767,0,0,0
sz002791,0,0,0
sz000876,0,3711,0
sz002445,25185,785,0
sz000521,0,0,0
sz300548,0,0,0
sh600846,8786,37484,1573
sz300211,0,0,0
sz002809,16488,11373,991
sz002631,0,0,0
sz002607,0,0,0
sh601717,0,0,0
sz300196,0,0,0
sh601016,0,2972,0
sz000835,8008,2000,0
sz002523,0,0,0
sz300189,0,30004,0
sh600405,3418,0,0
sz300505,0,0,0
sz000529,0,0,0
sh603232,0,0,0
sz300583,0,0,0
sz300555,1856,0,0
sz002006,0,0,0
sz002595,0,0,0
sh600489,17872,15953,0
sz002596,24377,4442,0
sh603859,0,597,0
sz000655,8716,1605,2279
sh603159,0,0,0
sz300318,0,0,0
sz002294,4304,6718,1211
sh603421,0,0,0
sz300481,0,0,0
sz300245,0,0,0
sh601881,0,6139,0
sz002301,1920,570,912
sh601015,40464,25195,0
sz002638,2278,2278,0
sz002800,0,0,0
sh600322,0,0,0
sh600355,0,0,0
sh600390,0,0,0
sz000020,0,0,0
sh603803,0,0,0
sh600370,0,0,0
sh603788,0,0,0
sh603321,0,0,0
sz000532,0,0,0
sz002305,0,0,0
sh601968,0,0,0
sz002310,14059,11525,0
sz300290,0,0,0
sh600936,0,0,0
sh600010,19594,122888,0
sz002153,29553,43519,412
sz002501,0,1156,0
sz300063,1913,1913,0
sh600255,3098,6000,0
sh600546,2008,2181,0
sh600781,1030,630,0
sh600787,4356,4010,0
sh600509,0,1847,0
sz300213,0,2696,0
sz002893,0,0,0
sz000968,706,2144,0
sh601311,0,0,0
sz002587,0,0,0
sh603690,0,5972,0
sh603988,0,0,0
sz300277,26509,40879,3578
sz000952,0,0,0
sz000726,0,0,0
sh600688,5509,14806,0
sz300026,8243,0,0
sh600475,0,0,0
sh603628,0,0,0
sh600805,0,0,0
sh600883,0,0,0
sz002807,0,4523,0
sz300598,0,0,0
sz002116,0,0,0
sz000635,0,0,0
sh603378,0,0,0
sz000889,1212,2964,0
sz300623,531,531,0
sh603663,0,798,0
sh601636,21508,26186,3540
sz300055,45581,54436,2815
sh600137,0,1525,0
sz000518,0,0,0
sh600655,0,2508,0
sh603555,0,0,0
sz002335,0,0,0
sz300686,0,0,0
sz300084,0,0,0
sz002258,12328,4728,0
sz002618,1545,0,0
sh600843,0,1980,0
sz002801,0,0,0
sz300529,0,0,0
sz300440,0,0,0
sz300528,0,0,0
sh600753,0,0,0
sz000692,0,0,0
sz300379,0,1488,0
sh601998,5738,29142,0
sz300100,2029,0,0
sh603879,0,0,0
sz002565,0,1859,0
sh601799,619,2871,0
sz300253,2387,0,0
sh603499,0,0,0
sz300294,0,500,0
sz000028,812,627,192
sz000777,0,0,0
sz000607,0,0,0
sz002146,18190,10253,0
sh600143,2001,11446,0
sh600996,0,0,0
sh600755,2522,3345,0
sz002094,597,0,0
sz300500,9867,12975,1648
sh600774,0,1000,0
sh600279,0,0,0
sh601555,3581,4480,0
sh600982,0,0,0
sz002140,0,0,0
sz000898,17222,7904,0
sz002476,0,0,0
sh600919,15401,23183,0
sz300341,0,0,0
sz300008,0,0,0
sh600735,0,0,0
sz002909,2559,0,0
sh600811,0,0,0
sz002069,0,0,0
sh601199,0,0,0
sz000014,0,0,0
sz300539,0,0,0
sz002434,2045,3205,0
sz300223,7390,12659,753
sh600117,2516,0,0
sz000711,0,0,0
sh600236,5093,4000,0
sh600676,0,0,0
sh600612,0,0,0
sz300641,1285,0,0
sz002768,535,535,0
sz300452,0,0,0
sh600993,2691,0,0
sz002455,0,0,0
sh600626,0,0,0
sz002292,27288,8129,768
sh603556,0,0,0
sh600388,8462,7184,0
sh600635,0,10000,0
sz002901,1252,556,0
sz300451,0,0,0
sz300467,250,0,0
sz300039,0,2354,0
sz300138,0,0,0
sz000519,36236,53054,0
sh603538,4609,492,0
sz002428,3772,4421,0
sz300654,0,0,0
sh603696,0,0,0
sz002871,0,0,0
sh600104,16979,23729,454
sz300121,0,1650,0
sh600725,5000,5013,0
sz000926,0,2000,0
sz002831,239,500,0
sz002074,8840,8100,0
sz000510,17353,1315,0
sh600867,1138,8850,0
sz300279,0,0,0
sh603698,0,0,0
sz000793,52899,70083,0
sh600678,3600,0,0
sz002487,0,0,0
sz300651,0,0,0
sz300596,0,0,0
sz000948,0,0,0
sh600017,0,0,0
sh603979,0,0,0
sz300271,15787,2628,906
sz002567,0,0,0
sz002553,0,12466,0
sh603919,0,0,0
sz300035,0,0,0
sz300611,0,0,0
sh600608,0,0,0
sh603839,0,0,0
sz002746,1898,516,0
sz000978,0,0,0
sh601989,103856,113373,0
sz300316,18596,21740,877
sz300412,0,0,0
sz300514,0,0,0
sz002840,0,0,0
sz002811,0,0,0
sz300633,0,0,0
sz000416,0,1500,0
sh600393,2329,0,0
sz300058,1713,8250,0
sh600416,2524,3834,0
sh600310,0,0,0
sz000908,0,0,0
sh603338,931,0,0
sh600256,76989,162971,0
sh600172,3093,7700,0
sh603566,0,0,0
sh600052,0,0,0
sh600436,1247,913,0
sh600302,0,0,0
sh600779,9147,7173,962
sh600376,0,0,0
sz300509,0,0,0
sz300306,0,0,0
sz000707,0,0,0
sz300459,0,0,0
sh600195,0,0,0
sz300344,12867,18763,0
sz000880,0,0,0
sh603999,0,0,0
sz300339,0,0,0
sh600971,24844,8603,0
sh600444,0,0,0
sz002088,0,0,0
sh600593,0,0,0
sz300653,0,0,0
sz000927,12169,6486,0
sh600446,0,667,0
sh603969,0,0,0
sh603833,144,223,0
sz300558,897,1698,0
sz000975,18615,16658,787
sh600201,17290,9853,0
sz002281,9747,21982,1860
sz000712,617,3161,0
sz002677,0,0,0
sh603916,0,0,0
sz002304,5103,4477,920
sz300534,0,0,0
sh600545,6001,2356,0
sz002882,0,1622,0
sz002101,0,0,0
sh600674,2939,1009,0
sh603118,0,0,0
sz002792,2493,1223,0
sz300676,13821,12806,2619
sz002354,1103,2388,0
sh603727,0,0,0
sh600611,0,0,0
sh601107,0,0,0
sz002779,0,0,0
sh603078,0,742,0
sh600958,7599,11751,0
sh603043,0,0,0
sz300066,0,0,0
sz300099,7212,0,0
sz300094,0,2500,0
sh601028,0,0,0
sz300199,2756,3815,0
sz002217,1005,7557,0
sh600539,6582,0,0
sh600094,1800,0,0
sz300231,81314,97261,5335
sz002492,0,0,0
sh600007,0,0,0
sz002417,0,0,0
sh600208,58179,101992,0
sh600277,0,0,0
sz000586,2000,0,0
sz002637,0,0,0
sh601366,0,1000,0
sz002636,0,0,0
sz300416,0,0,0
sz300248,0,0,0
sh603688,3118,686,0
sh603959,0,0,0
sz300683,0,0,0
sz300051,1400,2200,0
sh601766,157160,124901,7690
sz002486,2032,2032,0
sh601208,0,0,0
sz000038,743,1291,0
sh600210,4930,5593,0
sz002732,0,0,0
sz300411,4200,0,0
sz300732,21182,10614,3740
sh600377,0,0,0
sh600329,0,1072,0
sh603858,0,0,0
sz000400,4444,10360,0
sh601012,15251,21881,1122
sz002540,1500,0,0
sh603203,0,300,0
sz000823,11249,12930,0
sh600176,32380,24147,0
sh603939,968,0,0
sz002295,0,0,0
sh603639,0,0,0
sh600658,0,0,0
sz002149,0,0,0
sh603801,371,0,0
sz300355,96741,118476,1169
sz000599,5570,0,0
sz000333,133526,114913,7032
sz002355,5905,1672,0
sz002885,0,0,0
sh600569,39336,63045,0
sz000030,0,0,0
sh603096,0,250,0
sh603288,0,909,0
sh601226,0,0,0
sh600311,1690,0,2294
sh600004,3168,2688,0
sz002255,0,2000,0
sz000021,7562,23333,0
sz300603,1938,1195,0
sz002102,7560,10644,0
sz002916,0,0,0
sz002323,16370,0,0
sh601866,3007,0,0
sz002511,807,748,0
sz300410,2600,3252,0
sz000708,0,0,0
sh600439,0,14710,0
sz000410,0,0,0
sz300346,0,598,0
sh603699,0,0,0
sh600717,1262,3035,0
sh603128,0,5404,0
sh600537,0,0,0
sz000911,14871,12052,0
sz002494,0,1596,0
sz002906,0,0,0
sz002721,43171,38240,0
sh600058,0,0,0
sz000042,0,0,0
sz000070,0,0,0
sz002030,3635,7055,0
sh600875,6267,2042,0
sz000778,4324,12096,0
sh600470,0,0,0
sz300200,0,0,0
sz002701,2344,4551,0
sh603158,0,0,0
sh600389,0,0,0
sz300377,9779,38871,0
sz000751,0,0,0
sh600262,0,512,0
sz300331,0,0,0
sz300630,1428,0,0
sh601918,11560,10198,0
sh603580,0,0,0
sz300131,0,0,0
sz300693,0,0,0
sz000553,0,0,0
sh600816,11853,13763,0
sz000901,1325,2888,0
sz002796,0,0,0
sh603933,0,0,0
sz002601,2598,1699,0
sz000563,16807,18381,0
sh603089,0,0,0
sh600661,501,672,0
sh600865,0,0,0
sh600581,39044,18387,0
sh600739,0,0,0
sh603496,0,0,0
sz000851,0,0,0
sh600833,0,0,0
sh600510,0,2759,0
sz002789,324,0,0
sz002755,0,0,0
sz300460,0,0,0
sz300403,0,680,0
sh601788,0,0,0
sz002848,0,0,0
sh603809,315,0,0
sh600438,11750,24157,0
sz300135,0,0,0
sz300649,0,0,0
sz002708,0,0,0
sz002251,9695,21575,0
sz002513,0,0,0
sh601997,2989,11926,0
sh600290,0,906,0
sh603180,81,0,0
sz002348,0,0,0
sh600807,36750,103786,2384
sh603787,0,0,0
sh600970,5004,0,0
sh600033,5629,53630,0
sz000002,74205,98607,3049
sh603005,5324,7310,0
sz002267,1528,0,0
sz000523,0,1217,0
sh603823,0,0,0
sh600212,0,0,0
sh600359,0,0,0
sz300371,0,0,0
sz002068,36308,19800,2084
sh600452,0,0,0
sh600476,0,0,0
sz300228,0,0,0
sz002835,0,0,0
sz300472,437,0,0
sz300204,0,0,0
sz300474,4190,7315,268
sh601699,243100,115070,10477
sz300351,0,0,0
sz300310,5716,4842,0
sz000756,3346,1376,0
sz000788,0,2562,0
sz002605,3560,1024,0
sh603661,0,0,0
sh603978,0,0,0
sh600448,0,5890,0
sz002242,2194,0,0
sz002041,2667,0,0
sh603619,0,0,0
sz002585,0,0,0
sz002330,6425,0,0
sz300226,2116,733,300
sh601198,0,0,0
sz002222,11006,28340,0
sz000662,0,0,0
sz002577,0,0,0
sz000158,4143,4285,0
sz300275,0,0,0
sz300386,930,0,0
sz002818,0,0,0
sh601101,11784,3528,0
sh600375,0,0,0
sz300327,1174,3776,0
sh600120,427,1289,0
sh600839,27545,43272,0
sh600768,0,0,0
sz300021,0,0,0
sh603630,0,0,0
sz300177,0,0,0
sh600353,2368,0,0
sh600367,0,0,0
sh600802,0,0,0
sz300521,0,0,0
sz300128,5079,11375,0
sz002326,0,0,0
sz002268,5426,4734,0
sz002557,0,2889,0
sh603269,0,0,0
sh601333,15062,45571,0
sz000598,1929,0,0
sz000958,2718,2718,0
sh600115,17544,84101,0
sz300643,0,0,0
sh603015,0,1439,0
sz002858,0,0,0
sz002198,0,0,0
sh600795,10965,50256,0
sz002028,1160,1160,0
sz002092,3626,5820,0
sh600193,0,0,0
sz300244,0,800,0
sh600726,0,0,0
sz300266,2143,2957,0
sh603557,0,0,0
sh600260,967,3084,0
sh603226,0,0,0
sh600727,0,0,0
sz000810,0,0,0
sz300395,0,0,0
sz300113,5706,8544,0
sh600723,0,0,0
sh600657,0,0,0
sh600704,0,7793,0
sh600838,1000,7625,982
sz002657,0,0,0
sz002179,4840,3609,0
sh601163,0,0,0
sz002642,0,0,0
sz300110,37936,19105,0
sz002737,331,0,0
sz000682,0,0,0
sh603303,0,0,0
sh603918,0,0,0
sz000915,360,806,0
sz002020,0,2200,0
sh603117,0,0,0
sh600480,1801,0,0
sz002891,0,0,0
sh600382,0,0,0
sh600100,0,3605,0
sz002805,0,0,0
sh601086,14719,5641,0
sz300571,0,0,0
sh600213,0,2469,0
sh600523,0,0,0
sh600340,12727,19649,0
sz002147,0,0,0
sz002729,0,0,0
sh600456,1248,542,0
sz002253,1291,810,0
sz300163,0,0,0
sz300375,0,0,0
sz300645,0,0,0
sz000807,255585,237270,1282
sz300517,0,0,0
sz300570,0,960,0
sz002422,9118,8276,0
sh603707,415,0,0
sh600771,1824,2410,0
sh603444,136,54,0
sz002847,0,0,0
sz002852,0,0,0
sz002740,14604,59209,0
sh600758,0,1733,0
sz000505,0,0,0
sz002259,2062,4066,0
sz002202,113037,134163,1926
sh600231,9330,4491,0
sz002042,26499,7073,0
sh601801,0,0,0
sz300710,0,0,0
sh600282,56233,41891,0
sz300420,0,0,0
sh600859,4565,15319,0
sz002861,0,0,0
sh600821,1500,0,0
sz000936,3517,12224,0
sz000012,32420,33236,0
sh601258,9766,46510,0
sz002741,0,0,0
sz002823,0,0,0
sz000628,0,0,0
sz001896,0,0,0
sz002570,0,1879,0
sh600585,47899,40376,1192
sz300619,338,0,0
sz000988,0,7188,0
sh601212,0,3058,0
sh600184,0,0,0
sz000727,0,5001,0
sz002032,0,0,0
sh600468,0,9783,0
sh601390,9987,10537,0
sz002537,0,0,0
sh603086,0,0,0
sz300587,0,0,0
sz002775,0,0,0
sh600293,0,0,0
sh603076,0,0,0
sh600085,345,4978,0
sz002542,0,0,0
sz000703,26783,15561,0
sz300136,23016,22004,1602
sz002338,0,900,0
sh600078,0,0,0
sz002238,0,0,0
sz000920,0,0,0
sh600395,12595,0,0
sh603098,0,0,0
sh600857,0,0,0
sz000938,3944,7489,0
sz300178,0,0,0
sz002143,5400,0,0
sz300453,0,1600,0
sz300439,0,0,0
sz002635,7195,10418,0
sz000517,0,0,0
sh603289,590,0,0
sz300087,0,0,0
sh600647,0,0,0
sh600073,0,3389,0
sz002333,1000,0,0
sh600873,0,5169,0
sh603636,992,0,0
sz300640,0,0,0
sh600763,0,2120,0
sh603041,0,0,0
sh600119,0,0,0
sh601999,5302,12285,0
sz300276,0,0,0
sh600722,0,7138,0
sh600673,1500,5749,0
sh600777,0,5770,0
sz300471,833,1780,0
sh603958,0,0,0
sh600019,105588,57435,0
sz300124,2241,816,0
sz002821,1088,1805,0
sh600517,4007,5674,0
sz000977,41195,50119,1367
sz300461,0,0,0
sz300154,1675,0,0
sh603602,0,438,0
sz300258,0,0,0
sz000667,0,3818,0
sz002341,3772,472,0
sz300246,0,0,0
sh603055,0,0,0
sz000046,0,1417,0
sh600127,0,0,0
sz002321,66196,53977,2712
sh600398,0,0,0
sh603515,783,333,0
sz300415,0,0,0
sz300364,0,0,0
sz002215,0,0,0
sh600809,15836,14032,0
sz002851,674,674,0
sz002483,0,0,0
sz300048,0,0,0
sz300540,0,0,0
sz300148,4313,0,0
sz000973,1600,2460,0
sz002458,15245,8310,599
sh601669,6095,12525,0
sz002252,0,0,0
sz002681,0,2831,0
sz000001,218374,245336,946
sz002666,12024,0,0
sz300665,0,0,0
sz000837,0,0,0
sh600633,2959,0,0
sz300298,0,0,0
sz002372,0,0,0
sz002719,0,0,0
sz000878,14380,12414,0
sh600216,7207,8202,0
sz300678,2545,4346,0
sz300518,0,0,0
sz000729,11401,0,0
sz002148,0,1216,0
sh600652,3862,1941,0
sh603955,254,0,0
sz300387,0,0,0
sz000545,0,4235,0
sz002544,0,0,0
sz002353,0,0,0
sz002334,1589,1589,0
sz002120,437,0,0
sh601939,200225,183939,0
sz300613,405,1679,71
sz002013,2090,2139,0
sz000797,0,19101,0
sh603963,0,0,0
sz002381,0,0,0
sz002439,3445,7768,0
sz002018,3000,2029,0
sh600152,0,0,0
sh600356,0,0,0
sz002645,0,0,0
sz300262,0,0,0
sz002350,0,0,0
sh603888,0,0,0
sz002261,13063,28256,0
sz002735,0,0,0
sz000925,0,0,0
sh601678,0,0,0
sz300573,498,0,0
sz002418,0,0,0
sh603025,0,0,0
sz002135,1945,0,0
sz002475,21817,16659,0
sz002632,0,2612,0
sz000803,0,0,0
sz000735,17697,6089,0
sh603198,0,0,0
sz002560,0,0,0
sz002552,0,0,0
sz000608,0,0,0
sh600855,0,0,0
sh603615,0,0,0
sz300538,0,0,0
sz002837,0,0,0
sh600749,0,0,0
sz300431,62908,110576,9547
sh600477,0,4429,0
sh600850,0,0,0
sh600741,9618,4725,0
sz300170,6408,10858,0
sz002846,1672,11388,0
sz002106,4270,14118,0
sh603228,200,1442,0
sh600278,0,0,0
sz300348,0,0,0
sh600173,0,0,0
sh603829,0,0,0
sz002856,6768,858,1892
sz000584,683,2443,1116
sz002519,0,0,0
sz300622,0,0,0
sz002021,0,0,0
sz002193,2430,2430,0
sz000982,4193,0,0
sh600071,0,0,0
sh600995,0,0,0
sz002139,1434,0,0
sh600128,0,0,0
sz300479,0,567,0
sz300352,0,0,0
sh601808,0,0,0
sh600529,0,0,0
sz300209,0,1200,0
sz000099,0,0,0
sz002420,0,0,0
sz002819,0,0,0
sz300288,0,1033,0
sz002314,1985,1985,0
sz300319,1750,0,0
sh603111,1020,3991,0
sh601607,3131,2265,0
sh603518,0,0,0
sz000993,0,0,0
sz300089,3432,0,0
sh603030,0,0,0
sh600272,0,0,0
sh603160,1430,4602,473
sz002136,0,0,0
sz300559,0,0,0
sh601878,640,959,0
sh603882,0,0,0
sz002175,0,0,0
sz300581,0,0,0
sh603029,0,0,0
sz002514,0,0,0
sh600687,5831,1541,0
sz300490,0,0,0
sz002588,0,0,0
sz300476,0,1119,0
sh600506,0,0,0
sz300132,0,0,0
sz002027,93887,71696,1524
sz002394,1703,0,0
sz000868,5804,17496,0
sh600540,0,0,0
sh603776,0,1277,0
sz002913,1841,497,0
sz300408,15593,24125,0
sz300311,0,1201,0
sh601019,1847,4752,0
sh600747,0,0,0
sh600595,2556,10923,0
sz000780,7113,0,0
sz000716,0,0,0
sz002172,0,0,0
sh603298,0,786,0
sh600338,1411,4861,0
sz000906,0,0,0
sh600061,0,738,0
sh600650,0,0,0
sz000617,0,0,0
sz002224,0,0,0
sz000972,0,0,0
sz002855,0,0,0
sh601988,81792,174121,0
sz002240,2862,1000,0
sh601958,9524,5342,0
sz300696,0,143,0
sh600280,17604,23607,0
sh600409,23933,47302,0
sz002444,14402,27851,707
sz000838,0,0,0
sz300142,9148,16986,0
sh601177,0,0,0
sz300342,0,0,0
sh600008,5612,9808,0
sh601818,45088,92919,0
sh600552,0,0,0
sz300485,0,0,0
sh600617,1200,0,0
sh603586,0,0,0
sz300243,0,0,0
sz002144,0,0,0
sh600348,61984,10517,0
sz002278,10880,3361,0
sz000503,43186,58123,3620
sz300610,0,0,0
sz000890,0,0,0
sz002284,2000,0,0
sh603903,0,0,0
sz002888,0,464,0
sh600406,20301,31724,0
sz002797,17699,54628,0
sh600368,0,0,0
sz002110,132097,149332,5188
sh600851,1263,3811,0
sz300494,2035,7564,0
sh600705,3779,15117,0
sz000530,0,0,0
sz000504,9519,19562,0
sz000791,12480,8475,1373
sh600578,0,0,0
sh600401,9085,0,0
sz000863,0,0,0
sz002881,0,0,0
sz300188,8181,4642,705
sz300291,0,0,0
sz000565,3165,0,0
sh603860,0,0,0
sh600220,0,0,0
sh603659,1952,1356,0
sz300287,0,17269,0
sh603717,0,0,0
sh600871,0,39069,0
sh600766,0,0,0
sh600679,950,0,0
sh601919,10517,17636,0
sh603488,0,709,0
sh600267,903,6177,0
sz002841,0,0,0
sh600681,0,877,0
sh603535,0,0,0
sh600337,2499,2907,0
sh603928,0,0,0
sz300359,0,0,0
sz002717,0,0,0
sz002678,0,0,0
sz300419,0,2000,0
sz002912,2838,5824,98
sz000966,0,0,0
sz300607,1090,0,180
sh601111,15282,40684,3306
sz000600,0,3850,0
sz002320,0,4282,0
sz000528,0,1713,0
sz000861,0,3801,0
sz300050,0,0,0
sh603811,0,386,0
sz300312,0,0,0
sz300056,0,2100,0
sz000792,33179,59840,0
sh603878,0,0,0
sz000885,0,0,0
sz300079,0,2351,0
sz300120,0,0,0
sh601155,3474,12423,419
sz002826,0,0,0
sz002180,0,0,0
sz002890,0,0,0
sz002071,8279,10419,1000
sh600820,3288,0,0
sz002508,819,219,0
sh600761,0,0,0
sz002726,0,0,0
sz000581,2839,6427,0
sz300601,457,197,0
sz002917,18587,6067,8657
sh600903,16312,31016,0
sz000151,0,0,0
sz002248,35802,76847,0
sh603726,0,0,0
sh600570,12580,10458,986
sz002718,0,0,0
sh600815,0,0,0
sz300145,5736,6123,0
sz002469,0,0,0
sz002199,0,0,0
sz002412,0,0,0
sh603042,0,0,0
sz300535,0,0,0
sh603885,0,732,0
sz000554,7907,0,0
sz300503,0,0,0
sz300458,5878,8605,0
sh600207,0,4807,1823
sh600086,3931,0,0
sh600683,0,0,0
sh603898,0,429,0
sh600138,2538,1447,0
sh603968,0,0,0
sh600966,7100,3175,0
sh600498,9043,16748,0
sz000929,0,0,0
sz000799,1699,1927,0
sh603701,0,0,0
sz002630,2961,14078,0
sh600211,0,0,0
sh603136,0,0,0
sh600742,0,0,0
sz002617,2084,1460,0
sz002902,2757,3018,841
sh603199,1255,732,0
sh601021,0,347,301
sz300219,0,0,0
sh603386,0,0,0
sh600354,4142,1536,0
sz002265,3471,1884,1070
sz000981,0,0,0
sh600699,3576,14792,307
sz002191,2000,0,0
sh603077,12399,41216,0
sz300031,0,0,0
sz000063,498417,616989,53817
sz002239,22584,13410,0
sz000423,1257,2649,0
sz300722,714,759,0
sz300480,0,0,0
sz002564,0,3648,0
sz002443,12862,0,0
sh603828,1138,0,0
sz300417,0,0,0
sh600021,0,0,0
sh603668,0,0,0
sh600496,0,15080,0
sz000552,3041,3815,0
sz000719,0,0,0
sh603817,0,0,0
sh600171,93947,132960,5108
sh603767,0,0,0
sh600351,0,0,0
sz300448,0,0,0
sz002845,0,0,0
sz002322,0,0,0
sh600057,6693,11063,0
sh603009,0,1240,0
sz002371,20311,26399,1279
sz300255,0,0,0
sz300637,1039,1039,534
sh603169,0,0,0
sh600108,10006,9657,0
sh600167,11747,444,0
sz000782,0,0,0
sh601108,8266,9886,678
sz300566,0,0,0
sh603178,0,0,0
sz002571,0,0,0
sz002115,0,0,0
sh600400,0,2000,0
sz002426,2500,8563,0
sz300707,0,0,0
sz300220,0,0,0
sz300235,0,0,0
sh600743,0,0,0
sz000616,0,0,0
sh600967,993,13834,0
sh600396,0,0,0
sh603536,0,0,0
sz300125,0,0,0
sh600689,0,0,0
sz000760,0,12046,0
sz002773,400,506,0
sh603887,0,0,0
sz002405,128386,183010,5071
sh600817,0,0,0
sh600675,1721,0,0
sz300677,1350,194,0
sz000668,0,0,0
sz300323,0,662,0
sh603100,0,0,0
sh601099,8613,57790,0
sh600495,6565,0,0
sz300075,0,0,0
sz002089,2524,11412,0
sz002034,0,773,0
sz000886,2217,11062,0
sz000718,0,0,0
sz300547,0,0,0
sz002529,795,795,0
sh600690,124139,120793,6495
sz002599,0,0,0
sz000591,0,3041,0
sh600720,3287,5726,1917
sz002213,25680,4089,0
sh603020,0,0,0
sz002271,816,1585,0
sz300018,5000,0,0
sh601113,0,0,0
sh600751,0,6205,0
sh601727,5586,11135,0
sh600122,12481,2360,0
sz002011,0,0,0
sh603126,0,0,0
sh600435,17991,5894,0
sz000606,0,0,0
sh603501,1357,8922,988
sh600135,0,1299,0
sz002377,3026,4266,0
sz002245,20171,11744,0
sh600385,0,0,0
sh601116,6378,5710,0
sz300095,0,0,0
sz300282,0,0,599
sz000819,0,0,0
sh603007,0,0,0
sz000539,0,0,0
sz002908,0,549,0
sh600824,0,0,0
sz000531,3082,0,0
sz300510,0,0,0
sz002111,0,0,0
sz300264,1437,6993,0
sz300259,0,0,0
sz300151,1727,1727,0
sh600130,0,4001,0
sz300127,0,0,0
sz000983,159863,57034,0
sz002583,3266,5552,0
sz002164,0,0,0
sz000422,0,0,0
sh600070,0,0,0
sz002262,1482,2000,0
sh600860,0,0,0
sz300369,0,0,0
sz002285,265048,279119,16427
sh600990,203,305,0
sz002084,0,0,0
sh600493,0,0,0
sh600027,0,0,0
sz300301,0,0,0
sz000877,16766,24448,0
sz300597,1416,1416,0
sz000715,2092,0,0
sh600099,0,3233,0
sh600828,0,0,0
sh600724,0,0,0
sz300197,39224,16652,0
sz000957,0,1996,0
sz000955,0,1655,0
sz300198,21828,13495,0
sh603037,432,0,0
sz300398,0,0,0
sh603912,2252,2863,0
sh600326,2989,0,0
sh600054,0,0,0
sh603848,22712,12463,1831
sz300176,317,177,0
sz002296,0,0,0
sz300427,0,0,0
sh600518,17687,25805,1053
sh600782,51798,66847,0
sh603976,0,0,0
sz002229,1103,2000,0
sz002247,0,0,0
sh600516,263193,199555,25981
sz300347,493,493,0
sz300647,0,0,0
sh603909,0,0,0
sz002058,0,600,0
sz002133,0,0,0
sh603189,0,0,0
sz300656,0,470,0
sh600313,8033,0,0
sz300340,680,887,365
sz002288,0,0,0
sh600306,6008,11042,0
sh600770,8923,11145,0
sz300081,0,0,0
sz300286,0,0,0
sh600845,1047,0,0
sz002328,0,0,0
sh600975,0,0,0
sz002036,708,1226,0
sz300702,0,0,0
sh603168,0,0,0
sh603389,0,0,0
sz002045,765,5486,0
sh600778,0,0,0
sh600191,0,0,0
sh600638,0,800,0
sh603328,0,0,0
sz002066,0,0,0
sh600178,0,4742,0
sz002611,0,1858,0
sz002547,2533,11176,0
sz002650,43430,13891,0
sz300227,0,0,0
sh603393,810,1489,0
sz002134,0,0,0
sz000893,6426,5944,0
sh600808,74539,34567,0
sh600639,0,0,0
sz000572,3197,7355,0
sz300666,12460,15312,1558
sz002467,0,2741,0
sz300706,2665,4365,288
sz300501,0,0,0
sz002602,0,0,0
sz002589,0,0,0
sz002083,0,1685,0
sz002502,2052,0,0
sz002277,7664,32159,0
sz300425,0,0,0
sh600976,0,0,0
sz000933,151450,122528,0
sh600276,5847,7419,0
sh600718,717,2341,0
sz300238,0,491,0
sz000996,8630,11626,1704
sz002766,0,0,0
sh601700,0,0,0
sz300700,428,1249,0
sh600323,1322,1528,0
sz002646,801,0,0
sz002234,5406,15245,0
sh600643,0,1938,0
sz002177,0,0,0
sh600106,7151,2615,0
sh600648,1938,0,0
sh600796,0,0,0
sz002411,2300,0,0
sz300206,0,0,0
sz300202,0,0,0
sz002214,3975,7839,0
sz300158,0,0,0
sz300190,0,0,0
sz300353,0,0,0
sz000166,9660,10342,0
sz000078,0,5313,0
sz300650,0,0,0
sh600604,0,8658,0
sz000409,0,0,0
sz300072,44824,29043,3177
sz300103,0,0,0
sz000860,893,1569,0
sz000732,2756,0,0
sh600066,0,4504,0
sh600526,1503,0,0
sh601169,18194,22261,0
sz000721,0,0,0
sz002478,2707,2707,0
sh600031,136165,93445,2070
sh603638,300,1293,0
sh600288,0,1238,1509
sh601225,279708,207093,0
sh603527,0,411,0
sh603678,0,0,0
sz300600,0,0,0
sz002532,0,0,0
sz000058,0,1483,0
sh603188,0,0,0
sh603388,0,0,0
