sh603985,0,0,0
sh601898,6174,7108,0
sz002776,0,0,0
sz002598,0,0,0
sz002631,0,0,0
sh600684,0,0,0
sz002394,1786,2000,0
sh600076,0,6693,0
sz002492,0,0,0
sz300708,15237,18410,3258
sz002538,13416,3781,0
sh600148,0,0,0
sh600655,0,0,0
sz002855,0,0,0
sh601326,0,0,0
sz000977,149599,99008,9575
sz002205,0,0,0
sz002211,0,0,0
sz300678,7238,7960,620
sh600998,0,606,0
sz300316,24615,9984,0
sz002046,0,1284,0
sz002091,5987,0,0
sh600275,0,0,0
sz300093,0,0,0
sz000762,924,924,0
sz300100,0,0,0
sz002474,0,0,0
sh603377,0,502,0
sh603777,0,0,0
sz300404,0,0,0
sh600160,8134,3530,0
sh601019,3892,9679,0
sz002272,0,0,0
sz300427,0,824,0
sz300345,0,1725,0
sz300697,0,0,0
sz300068,0,0,0
sz300503,0,0,0
sz300422,726,0,0
sz002151,7210,9512,694
sz300175,30582,29678,0
sz002023,36215,27880,1297
sz002818,0,0,0
sh600101,0,0,0
sh601996,3222,0,0
sz000622,2190,2792,0
sz002427,12614,13159,2076
sz002106,0,5301,0
sh600862,1694,0,0
sz002723,0,0,0
sh600422,0,0,0
sz000625,12345,4531,0
sz300362,0,0,0
sh603698,0,0,0
sh603677,0,0,0
sz002589,10337,2120,0
sh600476,1500,0,0
sz002595,0,899,0
sz300513,0,0,0
sz000707,4010,0,0
sz300654,1540,0,0
sz300716,0,0,0
sh601908,4304,0,0
sz000011,0,0,0
sz300570,0,702,0
sh600563,2047,3461,0
sz300082,0,0,0
sz000937,0,0,0
sh600109,7146,8078,0
sz002316,4544,0,0
sh603798,0,0,0
sh600738,0,0,0
sz300443,0,600,0
sz002128,3368,4010,0
sh603906,0,0,0
sh600649,1115,6299,0
sz000063,534008,407927,55043
sz300026,16586,2456,0
sh600875,0,8603,0
sz000816,2940,3925,0
sz002559,0,0,0
sh600350,3641,4492,0
sh600325,1394,6025,0
sz300593,0,0,0
sz300666,1531,4154,645
sh600127,0,0,0
sz002663,0,0,0
sz300160,2000,0,0
sz002117,0,679,0
sh600754,366,0,0
sh601588,1817,0,0
sz002392,1907,0,0
sz002774,0,0,0
sh600486,0,847,0
sz300528,0,0,0
sh600220,0,0,0
sz300022,0,0,0
sz000582,0,0,0
sh600398,0,4179,0
sh600497,70143,48894,1939
sz300647,0,0,0
sh601168,0,3610,0
sz002873,0,0,0
sz300406,0,1727,0
sz000662,0,0,928
sz002222,2165,3472,0
sz300337,0,0,0
sz002216,0,0,0
sz002277,5857,0,0
sh603239,0,0,0
sz002482,0,0,0
sh600207,0,1673,0
sz300502,841,363,0
sz300001,0,0,0
sh603033,0,0,0
sz000921,6668,2221,0
sz000068,0,6527,0
sz300470,0,412,0
sh600811,0,2350,0
sz002025,689,810,0
sz300189,0,0,0
sh600158,0,0,0
sh601555,1206,0,0
sh603729,200,0,500
sh603110,0,0,0
sz300446,0,0,0
sh603917,6980,15677,1109
sz300596,0,0,0
sh600470,0,0,0
sz300689,0,1003,0
sh603326,0,0,0
sh603716,0,0,0
sz002683,0,0,0
sz002616,0,0,0
sz000070,0,0,0
sh603667,0,0,0
sz000738,0,0,0
sz002872,0,0,0
sz000551,0,0,0
sz002885,0,0,0
sz000576,0,0,0
sz002252,0,10171,0
sz000980,5249,10364,0
sz002120,285,0,0
sh603696,0,0,0
sh600971,1245,2210,0
sz002895,7036,3715,756
sh600232,0,0,0
sz000796,820,0,0
sh600382,0,889,0
sh600973,0,0,0
sz002294,34891,29674,1559
sz300548,0,300,0
sz002780,0,791,0
sh600665,0,0,0
sh600807,125020,122172,947
sh600193,0,0,0
sz300587,0,0,0
sh601010,0,0,0
sz002674,0,0,0
sh600507,38756,32561,708
sz002275,0,0,0
sz300177,0,0,0
sz300242,1273,0,0
sz000039,41462,16981,0
sh603970,5659,2511,0
sh600291,6873,6922,0
sh603968,0,0,0
sz300541,0,6651,0
sz300685,0,114,0
sh600693,0,0,0
sz002771,0,0,0
sz300171,0,0,0
sz300687,0,250,0
sz002468,575,2302,0
sh603035,0,0,0
sh603955,0,1139,0
sh603006,0,0,0
sz300004,0,0,0
sh600267,9247,7669,0
sz000669,0,900,0
sh603963,0,0,0
sh601798,0,0,0
sz002092,13232,17632,0
sz300241,13171,31780,0
sh600734,0,0,0
sh603339,0,0,0
sh601101,0,4194,0
sz002186,3864,0,0
sz002265,0,0,0
sz002065,10737,10718,0
sz002542,0,0,0
sh600720,18360,18007,0
sz300712,0,0,475
sz300053,7465,22202,0
sz002386,1602,1700,0
sz002629,0,0,0
sz002331,0,0,0
sz002443,0,0,0
sh600893,1254,7252,0
sh600477,1000,960,0
sh603063,0,0,0
sz002514,0,0,0
sz002287,0,0,0
sz002665,1931,0,0
sz000587,61043,12255,3269
sh603556,0,0,0
sz000876,14159,8825,0
sz002164,0,0,0
sh600093,0,0,0
sz300394,0,0,0
sh600578,0,0,0
sz000668,0,0,0
sz000718,0,15874,0
sz000510,0,0,0
sh600536,597,700,0
sh600855,3279,0,0
sz300229,53710,76817,8609
sz002197,2700,2554,0
sz300191,992,0,0
sz002679,0,0,0
sz300355,46326,74628,0
sh600439,1763,0,0
sz300722,464,1017,491
sz000729,6840,3704,0
sz000759,7923,9577,0
sh601328,59858,26483,0
sz300628,194,516,0
sz300384,0,0,0
sz300111,0,0,0
sz300008,2940,12553,0
sh600458,0,0,0
sh600776,0,2007,0
sh603721,0,0,0
sz002532,0,0,0
sh603678,0,0,0
sh600481,0,0,0
sh600735,0,1012,0
sz002044,9612,4815,1013
sz002861,0,0,0
sz000627,27179,7445,0
sh600401,53545,43330,0
sz002077,0,7723,0
sz002486,10944,1818,0
sz000829,0,0,0
sz300288,2308,1287,0
sz002104,1231,0,0
sz002039,0,0,0
sz300254,0,0,0
sz002400,3013,6001,0
sz300256,2525,2040,0
sh600969,0,0,0
sz300568,0,0,0
sz300024,4170,3352,0
sh600522,217168,176572,5709
sz000981,0,1534,0
sz002733,0,0,0
sz300465,1188,0,1631
sz000809,0,0,0
sz002387,0,900,0
sz002169,0,0,0
sz002778,0,0,0
sh600452,0,368,0
sh600415,2211,2067,0
sh600919,192977,147576,0
sz300598,0,0,0
sh603444,0,0,0
sz300449,0,0,0
sz300067,0,0,0
sz300467,657,268,0
sz000859,0,0,0
sz002864,748,906,0
sz300397,0,2200,0
sh600064,842,0,0
sz002773,1109,1409,193
sh601390,12812,21767,0
sh603993,244632,187878,0
sh600358,0,0,0
sz000931,0,0,0
sh600785,0,0,0
sz300243,0,0,0
sh603129,0,0,0
sz000417,0,0,0
sh603633,0,0,0
sh600756,3429,731,886
sz000513,25327,11933,0
sh603918,0,600,0
sz002560,1739,0,0
sh603855,0,0,0
sh600090,0,0,0
sz000936,3019,14252,0
sh600568,15661,0,0
sz002068,3846,6077,0
sz300101,5687,3013,0
sz002857,3098,0,0
sz300137,2649,4231,676
sh603708,10130,3629,554
sz300731,0,0,0
sh601616,3003,3646,0
sz000157,14204,11782,0
sh603012,0,0,0
sz300055,5504,25483,521
sh603308,2363,693,0
sz300202,0,0,0
sh603776,1058,453,0
sh600462,0,0,0
sh603189,0,0,0
sh600760,0,2116,0
sz000888,4054,1229,0
sz002547,14063,4250,0
sz000988,9859,1982,647
sz002658,0,0,0
sz300283,0,0,0
sz002757,411,0,0
sz002137,0,2068,0
sh600480,0,768,0
sz300671,404,954,0
sz002161,1394,0,0
sz300002,1770,0,0
sz300122,537,1735,2008
sh600521,34504,46878,2415
sh600581,26167,23269,0
sh600535,0,748,0
sh600569,65039,112943,0
sz000810,0,0,0
sh600732,0,0,0
sz002548,0,0,0
sz000655,0,0,0
sh600962,0,0,0
sh603126,0,0,0
sh603586,0,0,0
sz002765,0,0,0
sz002105,0,0,0
sz002333,0,1777,0
sz002264,172143,333758,7049
sz300245,6027,40588,691
sh600499,25249,14006,0
sz000951,1421,0,0
sz002647,0,0,0
sh600100,7705,8846,0
sh600359,0,0,0
sh600683,0,0,0
sz300557,0,0,0
sz002035,2974,568,0
sz002836,0,0,0
sz002145,0,6502,0
sz300670,0,0,0
sz300667,262,0,0
sz002891,472,717,0
sz002668,0,0,0
sh600004,17814,5973,0
sz002450,49251,40439,574
sz300318,0,0,0
sh600548,0,0,0
sh600547,5708,9749,0
sz000598,3180,7319,0
sz002416,0,0,0
sh601888,34226,28362,581
sz002225,5333,2563,0
sh603615,0,0,0
sh600081,0,0,0
sh601901,3167,10240,0
sz300131,4628,1500,0
sh603181,0,0,0
sz300635,0,0,0
sz002715,14514,0,0
sh600252,3001,9284,0
sz300204,0,1754,0
sz300286,0,0,0
sh600681,0,0,0
sh600516,187909,99253,8808
sh600508,0,0,0
sz300331,0,0,0
sh600515,1341,1712,955
sz000750,10762,13441,0
sz002534,1269,0,0
sh603316,0,0,0
sz300440,0,0,0
sz300610,0,0,0
sh600190,0,0,0
sz000005,0,0,0
sh603385,0,0,0
sz002867,0,0,0
sh600188,13050,10092,0
sz002388,0,0,0
sz000957,10364,1199,868
sz300405,0,0,0
sz002795,0,0,0
sz000606,0,0,0
sz002249,2043,1790,0
sz002808,0,0,0
sh603588,967,0,0
sz002521,1196,0,0
sz002351,0,0,0
sz002081,32585,8437,0
sh601800,4798,17814,0
sz300087,0,0,0
sz002640,14020,2296,0
sh600784,0,0,0
sz002242,0,2190,0
sh601139,1754,4803,0
sz300042,313,500,0
sz300399,1098,0,0
sh600602,2500,5697,0
sz002330,18177,0,0
sh600086,0,0,0
sh600977,0,0,0
sz002195,37664,19225,0
sz002051,0,0,0
sz002630,3257,0,0
sz002002,2425,0,0
sh603002,0,3735,0
sz000895,13344,6176,0
sh600984,0,0,0
sz000100,286436,268766,0
sh600783,0,800,0
sh600107,1005,7101,0
sz300057,0,0,0
sz300044,1923,1822,0
sz300630,375,1350,0
sz000885,0,3595,0
sh600258,1343,923,0
sz000728,8396,3074,0
sz300284,0,0,0
sh603365,2171,442,0
sz300506,500,0,0
sz300487,0,0,0
sz002737,0,0,0
sh600577,2702,0,0
sz002024,98250,66758,0
sh603868,280,369,0
sh603030,14792,2686,0
sh600189,0,0,0
sh600692,0,0,0
sz300368,0,0,0
sz300108,14294,0,0
sz002827,0,0,0
sh600647,0,0,0
sz300322,816,10765,0
sh603128,2858,1260,0
sh600506,0,0,0
sh600456,0,523,0
sz000538,15125,9138,1008
sz002537,1000,1070,0
sz002792,5804,5121,373
sz300323,833,1283,0
sz300376,67064,63293,1573
sz300469,0,0,0
sh600165,0,0,0
sz002913,5492,4269,217
sz002475,49204,26717,1841
sh601717,0,0,0
sh600809,11836,5665,0
sz002435,0,0,0
sz002748,0,0,0
sh600933,0,6847,0
sz300076,35126,7959,0
sz002700,0,0,0
sz000058,0,0,0
sh603789,0,0,0
sz000756,4767,1000,0
sz000692,0,0,0
sh603318,0,0,0
sz002258,1479,1024,0
sh600662,1800,0,0
sh603797,0,0,0
sz000567,1000,0,0
sh600780,0,0,0
sh600176,41962,18302,0
sz300720,0,0,0
sz300508,0,0,0
sh603825,0,0,0
sz000952,858,0,0
sh603612,449,571,0
sz002505,0,4000,0
sz300078,1880,7740,1259
sh600526,1069,0,0
sh600169,0,6122,0
sh603305,0,0,0
sz002488,0,1320,0
sh603003,1095,0,0
sh600883,0,0,0
sz000767,0,0,0
sh601880,0,0,0
sz002102,17298,4443,0
sz300411,472,0,0
sh600302,0,0,0
sz002753,0,0,0
sz000973,0,0,0
sz002585,0,0,0
sh603899,1188,2234,0
sz300311,0,1250,0
sz000610,0,0,0
sh600830,0,0,0
sz002863,3140,1618,0
sz002204,0,7799,0
sh601918,3184,18751,0
sh603025,0,0,0
sh600791,0,0,0
sz000783,6336,7955,0
sh600118,2889,400,0
sz002539,0,0,0
sh600748,0,0,0
sz300330,0,0,0
sz002212,3734,3195,0
sz000737,0,0,0
sz300066,2248,0,0
sz002174,6032,1052,0
sz300715,0,0,0
sz002338,0,0,0
sz002860,266,0,0
sh600555,0,2800,0
sz300359,2320,1162,0
sh600889,0,0,0
sz300320,0,4201,0
sh600246,0,0,0
sz300526,0,0,0
sz300027,62779,96758,0
sz002501,4682,0,0
sz300257,0,2989,0
sh603029,0,0,0
sz002908,3978,4594,9230
sz300357,0,0,0
sh600094,0,0,0
sh603881,0,7095,0
sz000780,0,0,0
sz300199,0,4740,0
sh600561,0,0,0
sz300371,0,0,0
sh601611,8274,8444,0
sz002817,1165,749,0
sz002448,0,0,0
sh600297,1185,3973,0
sh601628,10984,9421,0
sh600668,0,0,0
sh603518,0,0,0
sh600845,3959,4978,0
sh600757,0,1451,0
sh601158,0,0,0
sz002043,2502,0,0
sh603228,2555,4207,0
sh603360,0,0,0
sh600790,2000,0,0
sh600152,0,0,0
sz002246,2860,938,0
sz002274,0,0,0
sh603086,0,0,0
sh600361,0,1950,0
sz000410,1296,1155,0
sh600114,0,0,0
sz000659,0,2630,0
sh603113,0,0,0
sz300333,1636,2919,0
sh603198,0,0,0
sz300033,3668,5007,279
sh600865,0,0,0
sz300438,0,0,0
sh600926,28600,25923,0
sz002300,0,0,0
sz002404,0,0,0
sh600136,0,0,0
sz300495,1000,0,0
sz300385,0,0,0
sh600600,720,0,0
sz002279,23848,75862,1502
sz300549,0,0,0
sh600702,8093,3497,0
sz000761,3784,2001,0
sh600356,0,0,0
sh603077,173911,69805,0
sh600644,0,0,0
sz300558,2496,1535,0
sz002019,50044,23639,1908
sz300335,3209,4253,0
sz002660,0,0,0
sz002271,2656,1536,0
sh600886,17982,26318,0
sz000976,4808,0,0
sh603335,0,0,0
sz300471,0,0,0
sz300692,1031,876,0
sz002530,0,554,0
sh601218,0,0,0
sz002838,0,0,0
sz002509,1622,0,0
sh601069,825,0,0
sh600766,0,0,0
sz300162,0,0,0
sz002396,25499,16626,582
sz000571,0,6648,0
sz300729,0,2967,0
sz000548,0,0,0
sh600069,2643,5034,0
sz002232,4430,2319,0
sz000670,79088,57059,4637
sh601225,50549,49188,0
sz300582,0,0,0
sh600792,0,0,0
sh600426,42336,41460,3020
sz300595,266,270,0
sz002425,0,0,0
sz002451,337,0,0
sh600186,7294,17572,0
sz002158,0,0,0
sz300182,2609,11658,0
sh600391,0,800,0
sz002324,1049,500,0
sz300094,0,2897,0
sh601727,6551,3515,0
sz300249,0,0,0
sh603877,516,0,0
sh600825,17056,25181,0
sz002050,23628,12996,665
sh600598,1937,9518,0
sz000919,0,0,0
sh603519,1378,4049,0
sz002724,0,0,0
sz300413,15577,15466,455
sz000595,0,0,0
sz000603,0,0,0
sz300340,210,1838,188
sh600848,0,0,0
sz000897,0,3552,0
sz002119,1674,664,0
sz000778,11809,5011,0
sz000997,14480,5279,707
sz300573,0,0,0
sh603058,0,0,0
sh600990,0,165,0
sh600395,0,0,0
sh600221,51182,26608,0
sz002897,0,0,0
sz002783,0,0,0
sh600609,12821,28129,0
sz300269,13539,13420,2580
sz300700,204,1945,0
sh603908,0,0,0
sh600755,9200,2844,0
sh600887,203033,130092,9686
sz300113,22463,42440,0
sz002430,1807,830,0
sh601333,81222,24343,0
sz002685,8145,1781,0
sh600601,20739,7675,0
sh600592,2649,0,0
sz000037,0,2964,0
sh600725,0,0,0
sz002758,0,0,0
sh600319,13309,13886,0
sz002617,0,0,0
sz300290,1508,5188,0
sz300051,0,0,0
sz000960,6508,6766,0
sh600599,0,0,0
sh600843,0,0,0
sz000021,3921,5322,0
sh600219,11434,16732,0
sz002697,21257,8422,0
sz300656,0,417,0
sh600624,0,0,0
sh603757,390,0,0
sz002397,0,0,0
sz000800,4271,6240,0
sz002170,0,2046,0
sz300366,0,1048,0
sh600493,0,0,0
sh600716,0,0,0
sz300535,0,0,0
sh600030,261896,241102,599
sh600815,2878,0,0
sz002461,0,0,0
sh600671,1500,3910,0
sz300105,0,0,0
sz002652,0,0,0
sh603138,0,506,0
sh603222,0,0,0
sz002517,22843,25084,1273
sh603903,0,0,0
sh603730,0,630,0
sh600270,683,0,0
sz002736,2748,0,0
sh601618,0,3800,0
sz300063,0,0,0
sh603386,0,0,0
sz300691,212,0,0
sh600871,0,3592,0
sh600689,0,0,0
sh603639,0,0,0
sh603557,0,0,0
sz000586,0,637,0
sz300456,2172,1158,0
sh600636,0,0,0
sz300023,0,0,0
sh603663,0,0,0
sz300416,0,0,0
sz300488,0,0,0
sh603043,2998,0,0
sz000544,0,0,0
sh603959,0,0,0
sz002467,1345,8928,0
sz002053,0,1000,0
sz000958,15453,7393,0
sz300458,9383,3402,586
sz002812,128,117,0
sz000505,0,0,0
sz002303,0,0,0
sh601086,35888,26042,5314
sz002822,0,0,0
sh603600,0,0,0
sz000733,3327,3539,0
sz002200,0,0,0
sz002372,0,0,0
sz000611,1468,1900,0
sh600823,14900,0,0
sz000593,0,0,0
sh600622,1699,0,0
sh603178,0,0,0
sz300597,7120,7179,0
sz000631,0,0,0
sz000519,1138,10661,0
sh601968,0,0,0
sh603515,0,0,0
sh603218,0,0,0
sh600373,3520,12967,0
sz002638,0,5117,0
sh603127,0,0,0
sz000861,0,0,0
sz002320,592,572,0
sz002409,3496,8357,0
sz300220,0,0,0
sh600691,7473,12413,0
sz300703,0,0,0
sz002695,0,0,0
sz300218,0,0,0
sh603856,0,0,0
sz300281,0,0,0
sh601567,0,0,0
sz002055,704,2490,0
sz000828,0,0,0
sz300206,0,0,0
sz002004,2781,2000,0
sh600479,1031,0,0
sz002841,0,0,0
sz300585,1742,986,0
sz002635,3058,2568,0
sz300617,0,0,0
sh600575,0,0,0
sz300314,0,0,0
sz300119,0,0,0
sh603399,0,1542,0
sz002912,12526,18598,1867
sz002001,26374,31951,2321
sh601900,0,1313,0
sz002293,1000,0,0
sz300672,0,389,0
sz300599,0,0,0
sz300442,0,0,0
sz300050,4662,2000,0
sz002363,0,0,0
sz000681,3821,2638,500
sz300188,50186,29727,2408
sh603896,304,545,0
sz002167,0,0,0
sz300301,0,0,0
sz000537,1012,0,0
sh600316,0,0,0
sz000932,9006,17296,0
sz000990,0,868,0
sz000882,0,4983,0
sh600663,0,1806,0
sz300038,41377,45615,10423
sh600339,0,0,0
sh603567,0,0,0
sh600006,4011,0,0
sz300379,1913,0,0
sz300475,0,0,0
sz300213,1206,0,0
sz300303,0,0,0
sh603717,1648,5922,0
sz002408,1928,12321,0
sz300600,0,0,0
sh603378,0,559,0
sz300181,8529,7995,0
sh600997,8542,1680,0
sz000020,0,0,0
sz300530,0,0,0
sh601788,4774,5672,0
sh601899,81583,111623,0
sh603619,610,308,405
sz002018,15905,5755,0
sz300236,2095,3409,0
sh600240,0,0,0
sh603000,2335,0,0
sh601881,7319,3880,1012
sz300073,618,924,0
sz300578,0,0,0
sh600959,0,0,0
sz002270,0,0,0
sz000776,33362,26537,0
sh600817,0,0,0
sz000663,687,600,0
sz000026,1930,0,0
sh603711,38221,49483,4581
sz002760,2103,0,500
sz000672,47831,40532,7003
sz300727,2264,28036,0
sz002354,5119,0,0
sz000700,2000,0,0
sz002550,0,0,0
sz300579,1337,0,1094
sz000635,0,0,0
sz002214,4558,9845,2105
sh603533,2461,2438,0
sh600059,0,0,0
sz000559,4605,3968,0
sh600979,0,0,0
sz300608,0,707,0
sz002727,0,0,0
sz000004,0,0,0
sz300207,1246,8918,0
sh600710,0,1752,0
sz300663,602,0,0
sh600155,2432,0,0
sh600603,1938,0,0
sz002172,0,0,0
sh600800,0,0,0
sz000710,673,525,201
sh600337,22588,2000,0
sh600062,4057,1011,0
sz002306,2358,10770,0
sh600743,11841,0,0
sh603036,0,0,0
sz000727,28978,9448,0
sz002059,0,1500,0
sz300298,1153,0,0
sz300517,0,0,0
sh600509,0,0,0
sz002380,0,0,0
sz300393,0,850,0
sz002698,0,0,0
sz000716,0,0,0
sh600429,0,0,0
sh603898,0,0,0
sz300560,0,599,353
sz000985,0,0,0
sh603989,370,0,0
sz000998,15181,7067,0
sz000815,0,698,0
sz300195,0,0,0
sz002826,0,0,0
sz002213,5462,546,0
sz002454,0,0,0
sz000926,67433,35617,0
sh603199,438,0,0
sz002788,0,0,0
sh600153,7237,2938,0
sz000570,0,0,0
sh603238,0,0,0
sz002042,7240,6615,0
sz000009,0,1532,0
sh600117,0,3210,0
sz000797,0,1004,0
sz300334,0,834,0
sz000069,7246,11253,0
sz002801,0,0,0
sz002433,1857,1290,0
sz300658,0,0,0
sz300237,2678,0,0
sz300088,32055,25286,0
sh600128,3000,0,0
sh600759,2301,5400,0
sz002798,630,0,0
sh601116,21732,14761,0
sz002245,21662,15011,0
sh603727,0,0,0
sz300507,0,0,0
sh603320,0,500,0
sz002223,3241,0,0
sh603123,0,0,0
sh600803,15816,23186,0
sz002693,0,0,0
sz002837,0,731,0
sh600839,35079,12086,0
sz300584,0,0,0
sz002129,334306,383675,8339
sh600300,5008,0,0
sz300070,4614,9648,0
sh600031,157859,119515,3084
sz002230,181679,150514,26078
sz002747,2074,2000,0
sh601519,2146,0,0
sz002853,0,0,0
sz000038,2671,2319,0
sz000333,128594,93916,6888
sz000835,0,0,0
sh601311,800,0,0
sh603637,469,0,0
sz002045,3448,3173,0
sh600206,107230,109102,8047
sh600295,29317,25760,1064
sz002337,0,0,0
sz000502,0,0,0
sz300183,1036,2227,0
sh600616,0,0,0
sh600322,10747,1771,0
sz300387,0,0,0
sz300201,1551,3381,0
sh600448,0,0,0
sz002463,32278,18402,0
sh600105,0,0,0
sh603233,0,272,0
sz002825,0,0,0
sz300293,0,0,0
sh603363,0,0,0
sz300472,553,0,0
sh600132,2133,785,0
sz300705,0,0,0
sz000666,6682,1713,0
sz002829,0,0,0
sz002656,0,505,0
sz002146,5864,8196,0
sz300527,2844,0,0
sz300354,0,0,0
sz000819,0,0,0
sh600650,0,0,0
sh600801,9292,8446,0
sh603822,0,0,0
sh600983,0,0,0
sz002426,21645,40869,0
sh600866,0,0,0
sh603888,0,0,0
sz002866,0,0,0
sz000966,0,0,0
sh600399,0,0,0
sz300184,1035,0,0
sz300215,0,0,0
sz300168,13834,7839,0
sz002859,0,1011,0
sh600061,0,0,0
sz002527,0,0,0
sh603922,3831,2309,0
sh600321,0,0,0
sh603090,0,0,0
sz002108,2491,7044,0
sz300514,1422,2265,0
sh603661,0,184,0
sh601238,2010,5598,0
sh600418,18489,7634,0
sz002069,0,0,0
sz300080,0,0,0
sh603022,0,0,0
sz300409,3027,2819,0
sh600284,0,0,0
sz000550,800,0,0
sz002402,23910,11341,0
sh603369,735,0,0
sh601211,10098,26352,1318
sh601985,4236,7455,0
sz300020,15044,4158,0
sh600892,3000,0,0
sz300419,5833,1360,0
sh600192,0,0,0
sz000686,2005,0,0
sz300464,0,0,0
sh603916,0,1529,0
sz300378,1132,0,0
sz000017,0,0,0
sh601633,6055,5033,0
sz300363,1148,0,0
sh603636,1982,0,0
sz002472,1284,0,0
sh600495,1785,0,0
sz000906,0,0,0
sh600711,31415,24608,0
sh600651,1124,1364,0
sh603333,11728,1452,0
sh601515,0,0,0
sh600988,0,0,0
sh603535,0,0,0
sh600859,551,2559,0
sz002835,0,0,0
sz002830,928,0,0
sh600705,21705,14666,0
sz002276,0,0,0
sh600387,0,0,0
sz000560,1520,1613,0
sz300344,4162,0,0
sh600138,3091,2767,0
sz002335,1002,517,0
sz002905,0,0,0
sh600593,0,905,0
sz000043,3700,1533,0
sh601179,12437,0,0
sh600517,0,8068,0
sz000760,0,0,0
sz000858,169235,111303,16514
sh601998,49487,39985,0
sz002883,0,0,0
sh601558,0,6999,0
sz002456,92841,62440,1427
sz000517,0,3097,0
sz002445,0,0,0
sz000630,37132,57421,0
sz000411,0,0,0
sz300212,3641,5526,0
sz002309,0,0,0
sh601226,0,0,0
sz002236,35165,24239,1471
sz300262,1300,0,0
sh600588,32611,21474,864
sz002034,232,466,0
sh600827,3994,6758,0
sz300621,0,0,0
sz002417,0,0,0
sz300250,0,0,1231
sz300141,0,0,0
sz002481,0,4604,0
sh600209,15170,39491,0
sh600369,6174,17076,0
sh600366,630,700,0
sh601965,0,0,0
sz300395,800,1341,0
sh600066,12444,3089,1001
sz002038,9675,5016,514
sz002238,1892,0,0
sh600104,54476,20243,0
sh600463,0,0,0
sz000525,1000,0,0
sz000667,11954,0,0
sz002266,6722,2730,0
sz000826,1910,1629,0
sh601500,2924,7917,1337
sz002132,2000,4000,0
sh601939,303058,302410,0
sh603299,0,2679,0
sh603288,1271,211,0
sh603828,0,0,0
sh600243,0,0,0
sz002194,4201,17970,0
sh603200,0,0,0
sz002789,0,0,0
sz002209,1031,6580,0
sz002536,1418,0,0
sh600420,3169,1257,0
sh601339,0,0,0
sz300653,0,0,0
sz300637,0,0,0
sh600690,135101,104365,554
sz300709,0,295,0
sh600072,0,0,0
sh600130,22212,7545,0
sh603505,0,0,0
sz002714,7046,3778,719
sh600584,53781,45493,3120
sz002192,4076,1842,0
sh600292,0,0,0
sh603660,822,1302,0
sz002367,1400,0,0
sz300410,356,0,0
sh603826,0,0,0
sz002208,0,0,0
sz300165,0,0,0
sh600861,0,0,0
sh603398,0,0,0
sz300616,0,0,0
sz300061,1609,0,0
sh603987,0,0,0
sh603900,403,412,0
sh600231,17370,28713,0
sz002121,0,2900,0
sh600016,209427,203983,16662
sh600742,0,0,0
sz002508,8267,3975,221
sh600778,0,0,0
sh600287,0,0,0
sz300019,0,0,0
sh603050,0,0,0
sh600995,0,0,0
sh600744,0,0,0
sh600529,2157,0,0
sz002029,0,0,0
sz002762,5295,0,0
sz300407,0,0,0
sz000912,0,3305,0
sz000001,777130,702059,14925
sz300611,0,0,0
sh603648,2077,7410,703
sh600051,1102,0,0
sh600403,0,0,0
sh600330,23583,35824,7506
sz002031,5000,0,0
sh601015,3180,2545,1442
sz000008,7348,4561,0
sh600212,6486,1959,0
sz300660,0,0,0
sh603001,0,0,0
sz000027,6083,0,0
sz000609,0,0,0
sh600097,0,0,0
sh600490,14031,1364,0
sz300669,0,0,0
sz002131,34653,48354,0
sh603939,1001,0,0
sz300540,0,0,0
sh603358,0,0,0
sz300297,3539,0,0
sh603758,0,0,0
sh603355,377,0,0
sz002420,0,0,0
sh600917,0,0,0
sz000933,15905,31870,3038
sz000848,3491,1358,0
sz002369,0,0,0
sh601689,5634,1558,0
sz300686,0,0,0
sh600978,2000,7075,0
sz002898,0,0,0
sh603069,0,0,0
sz300522,0,0,0
sz300479,0,0,0
sh603009,0,0,0
sz002562,2012,1133,0
sh600676,0,0,0
sz300224,2855,0,0
sz002006,0,0,0
sh600731,0,0,0
sz000514,0,0,0
sh603607,0,275,0
sh600151,1441,0,0
sz002184,0,0,0
sh600894,0,0,0
sh603106,1137,6722,0
sz002368,4269,4660,1214
sz002286,0,0,0
sz000920,0,0,0
sz002428,28491,27397,2124
sz002166,0,0,0
sh600694,0,0,0
sz002800,0,0,0
sh600272,0,0,0
sz002878,0,0,0
sh600121,0,0,0
sh600435,9448,9772,937
sh600433,0,0,0
sh600677,1109,2029,0
sh600717,1020,0,0
sz300012,0,0,0
sz300648,173,250,0
sz002332,5457,1480,0
sh603017,0,0,0
sh603569,0,0,0
sz000589,0,0,0
sh601318,510767,403379,56911
sh600804,7542,7318,0
sh603016,0,0,0
sz002688,0,0,0
sz300239,0,0,0
sz002203,0,0,0
sh600261,0,0,0
sz300193,0,0,0
sz000680,7949,0,0
sh600654,0,6726,0
sh603638,0,0,0
sh601177,0,0,0
sh603232,0,0,0
sz300592,0,0,0
sh600135,1035,0,0
sz002142,14341,8001,0
sz002503,0,0,0
sh600550,0,0,0
sz300457,494,0,0
sh603179,0,0,0
sh600259,787,777,0
sz000426,4058,10524,0
sz002147,0,1600,0
sz002190,0,0,0
sh601099,26303,61229,0
sz002641,0,0,0
sh600467,0,0,0
sh601595,0,0,0
sh600565,17149,7961,0
sz300255,0,2761,0
sh603027,1249,595,0
sz002749,0,0,0
sz300124,5308,1003,0
sh600079,8143,5239,0
sh603345,0,0,0
sz000420,48987,66122,0
sz000925,0,0,0
sz000725,5032775,3234880,4173
sz300591,0,0,0
sh600836,0,0,0
sz300028,1954,0,0
sz002401,0,0,0
sz000062,435,0,0
sh600048,285583,234117,12667
sz002673,7700,15678,0
sh603817,0,0,0
sz002901,375,403,0
sz300166,0,89272,0
sh601886,0,0,0
sz300618,4578,4297,638
sz002515,0,0,0
sz300192,0,0,0
sh601669,2451,7900,0
sh603501,6548,5836,461
sz300200,0,0,0
sz300043,0,0,0
sz002657,3744,1676,0
sz000407,1356,0,0
sz000908,0,0,0
sz300589,0,0,0
sz002896,0,0,0
sh600585,103059,83919,3673
sz002565,18738,3493,0
sh600611,0,6276,0
sh603188,0,691,0
sh600775,0,0,0
sz300571,542,0,0
sh600518,10254,3372,0
sh600626,0,0,0
sh600210,11677,8241,0
sz300282,0,0,0
sh603958,0,0,0
sz000752,0,0,0
sz002554,0,0,0
sh600527,2237,0,0
sz002348,0,0,0
sh600958,8961,14578,0
sh603396,622,0,0
sz002478,0,0,0
sz300510,0,0,0
sz300365,0,0,0
sz002671,1900,0,0
sh600868,2576,0,0
sz002056,20208,13079,0
sz000554,1614,1990,0
sz002483,0,0,0
sh600126,0,0,0
sz000821,0,0,0
sz300701,0,0,0
sz002848,0,0,0
sz002522,0,2915,0
sz002083,0,0,0
sz002371,8616,8722,315
sz000032,0,0,0
sz300279,3945,1999,0
sh601100,859,379,0
sz002457,942,1010,0
sh600802,0,1993,0
sz000501,2260,668,0
sz002269,0,0,0
sz300550,0,0,0
sh600400,1870,1700,0
sh600652,0,0,0
sz002440,21593,15036,0
sz000899,0,0,0
sz300244,500,0,0
sz000429,0,0,0
sh603157,0,0,0
sz000685,0,0,0
sz002893,1147,1695,416
sh600853,0,0,0
sz300605,0,600,0
sz002373,11697,18747,7062
sh603300,0,0,0
sz002182,24050,5504,0
sh601011,27810,11357,0
sh600172,1550,3887,0
sz300468,6375,8713,1143
sh600975,0,0,0
sh603718,0,0,0
sz300388,1808,1636,0
sz300370,0,0,0
sz300092,0,0,0
sz002176,17736,3735,0
sz300099,0,0,0
sz300150,0,0,0
sh601518,0,0,0
sz300226,1498,0,0
sh600750,967,0,0
sz002315,522,0,0
sh603901,0,0,0
sz300543,0,0,0
sh603813,843,1324,0
sh603100,0,0,0
sh601009,72754,139622,0
sz300520,678,4865,0
sz002768,1332,4028,0
sh600173,0,0,0
sh600375,0,0,0
sz002157,31689,21095,0
sz000488,11139,15134,0
sz002116,0,0,0
sh600262,0,0,0
sz002118,0,9779,1527
sz002086,61586,26352,3010
sz300352,36973,37882,0
sz002359,0,499,0
sh600939,0,0,0
sz300326,0,0,0
sz002518,0,899,0
sz300059,318286,238300,4015
sz000963,24387,15026,1777
sz300079,0,2206,0
sz300238,479,508,0
sz300463,599,586,0
sz000677,0,3000,0
sz300264,0,3000,0
sh603538,0,0,0
sz300677,0,0,0
sz002288,2265,0,0
sh600386,0,0,0
sz000739,2033,0,0
sz002268,15944,9039,525
sz002014,0,0,0
sz002090,520,0,0
sh600191,0,0,0
sh603005,6852,5151,457
sz300036,1388,0,0
sz002429,69614,70016,0
sz002574,0,0,0
sz002728,0,0,0
sh600348,11541,9546,0
sz300266,743,2331,0
sz002395,0,0,0
sh600306,0,0,0
sz002882,0,0,0
sh603578,0,513,0
sz000768,2482,7592,0
sz002361,0,0,0
sz002664,0,364,0
sh601155,9078,10135,0
sz002721,0,0,0
sz000721,0,0,0
sz002442,0,3746,0
sh603311,0,852,0
sh603577,0,0,0
sh601188,8000,0,0
sh603606,0,0,0
sz000726,0,0,0
sz000875,0,2993,0
sz000565,0,0,0
sz002618,11284,1606,0
sz002852,0,0,0
sh600764,754,350,0
sz000520,0,0,0
sz002311,1747,2459,0
sh600255,0,6164,0
sh600769,3884,2000,0
sz300615,0,0,0
sz300294,439,0,0
sz002020,12662,4621,0
sz300271,5219,1850,0
sz002672,795,1800,0
sh600372,1000,2500,0
sh600235,0,0,0
sz002881,339,0,0
sz300198,1977,22070,0
sh600900,15153,25732,0
sz002041,0,0,0
sz002422,32126,19861,0
sz002718,0,0,0
sh600773,0,2370,0
sz300537,0,0,0
sh600217,1664,0,0
sz002628,0,0,0
sz000679,2004,0,0
sz002880,0,0,0
sh600736,0,0,0
sh600708,0,0,0
sh600643,6792,2212,0
sz000402,0,5158,0
sh603315,0,0,0
sh601098,854,3830,0
sz002196,0,2700,0
sh600619,0,0,0
sz300081,2806,0,0
sh600163,2600,0,0
sh603079,0,0,0
sh600511,1347,476,0
sh600238,0,0,0
sh601008,4728,0,0
sh600018,12577,30442,0
sz002856,8925,2680,0
sz002360,0,1166,0
sz002614,0,0,0
sh600884,15218,11702,606
sz002678,0,0,0
sh603605,768,2096,0
sz000850,0,0,0
sh601111,43531,30425,0
sz002558,911,0,0
sh603559,10021,11165,3283
sz300651,0,0,0
sz002218,11460,18452,0
sh600487,80790,53755,5088
sz002709,352,390,0
sz000400,0,0,0
sz002769,0,0,0
sh600285,1000,0,0
sz300450,4310,1683,0
sz300512,0,0,0
sz002308,10411,0,0
sz000530,0,2121,0
sz000813,1149,3828,0
sz002802,0,0,0
sh600197,1198,1094,0
sh603838,0,0,0
sz002444,3755,3142,0
sz300425,1186,1929,0
sh600008,10557,34412,0
sz002824,0,4389,0
sh600751,3000,1500,0
sz002292,0,821,0
sh603879,646,0,0
sz300645,0,0,0
sh603393,0,330,0
sz300097,491,1316,0
sz002318,0,0,0
sh600200,0,0,0
sz000917,2832,1770,0
sz000982,10847,22490,0
sh603303,0,0,0
sh600168,0,0,0
sh600410,37004,5765,1020
sh601163,0,0,0
sh600029,91160,98605,997
sh603289,0,0,0
sz002052,0,2000,0
sz002217,13928,5639,0
sz300414,0,0,0
sz002839,1054,4436,0
sz002583,3618,1934,0
sz002377,5552,0,0
sh600696,0,0,0
sh600660,6652,2032,0
sz000536,0,5018,0
sz300474,741,1152,0
sh603801,0,225,0
sz300538,0,0,0
sz002600,160084,148284,25805
sh600797,7768,6350,0
sh600312,1110,1604,0
sz000055,0,1939,0
sz300107,0,0,0
sh600837,11563,11406,0
sh600782,17378,52213,2065
sh601375,3884,0,0
sz002095,2267,1455,0
sh600556,0,0,0
sz000825,26346,19353,0
sh600798,2763,3177,0
sh603568,0,0,0
sz300509,0,0,0
sh600489,17214,27558,0
sh600419,0,0,0
sz002495,0,0,0
sz300661,149,491,0
sz002109,0,0,0
sh600088,1698,0,0
sz002405,100778,74137,7017
sz002661,0,0,0
sh600362,14567,19642,0
sz300603,255,0,0
sz000698,0,0,0
sz300154,0,0,0
sh603323,0,1341,0
sh601969,0,0,0
sh600317,0,0,0
sh600706,0,0,0
sh600500,3184,6121,0
sz000415,3976,0,0
sh600196,68687,41302,4986
sz300007,0,0,0
sh603766,2703,22190,0
sz002732,0,0,0
sh600503,3027,5384,0
sh600789,0,0,0
sz300629,222,0,0
sz300300,581,4263,0
sz000025,0,0,0
sz002259,1800,1937,0
sz002793,0,0,0
sz002410,6033,1288,0
sh601579,0,0,0
sh603269,0,0,0
sz300046,1280,3125,0
sz300211,0,0,0
sz002364,0,0,0
sh600113,0,0,0
sz000002,68172,90238,2536
sz300632,0,0,0
sh603728,0,0,0
sz002233,3741,0,0
sz000600,4144,4564,0
sh600234,0,0,0
sz002251,22871,11591,0
sz000532,0,0,0
sz000028,1150,304,0
sh603991,0,0,0
sz002346,1393,0,0
sz000590,0,0,0
sh600822,1855,1498,0
sz000498,0,0,0
sz300561,0,0,0
sh601088,17776,8967,816
sz002840,1291,386,0
sz002568,0,0,0
sh600838,0,0,0
sz002323,3202,4537,0
sh603595,339,0,0
sh600846,5737,0,0
sh600071,0,0,0
sz300332,1766,0,0
sh603919,0,0,0
sz002903,313,563,0
sz002201,0,0,0
sz002047,0,2059,0
sh603260,2891,3224,219
sh600119,0,0,0
sz002730,0,0,0
sh600679,0,0,0
sz002339,2166,4663,0
sz300641,0,0,0
sz000839,97152,60428,0
sh601169,59144,44702,0
sz002008,49081,30979,3294
sz300649,0,293,0
sh603500,0,0,0
sz000818,3589,2400,0
sh601882,0,0,0
sz000665,1014,0,0
sh601038,0,0,0
sh600343,0,794,0
sh603616,0,939,0
sz300400,0,0,0
sz002845,1493,1635,0
sh600085,2346,0,0
sz300118,0,1049,0
sz300132,0,0,0
sh601636,41063,45607,0
sz000552,2958,0,0
sz000799,2310,1759,0
sh600566,12045,10485,0
sh603686,368,0,0
sh601608,0,3565,0
sz300155,0,0,0
sz002502,11213,5546,0
sh600805,0,0,0
sz300437,0,0,0
sz002150,0,0,0
sz002058,0,0,0
sh603208,0,0,0
sz002820,0,0,0
sz002076,0,0,0
sz002088,0,0,0
sz002879,11171,2676,202
sh603389,0,0,0
sz300459,0,0,0
sh600496,4093,0,0
sz300153,889,0,0
sh600545,7026,16274,1212
sh601801,1006,0,0
sz002340,133355,29364,0
sz300710,248,423,0
sz300679,0,0,0
sh600881,7594,13039,0
sz002612,0,0,0
sh600501,0,0,0
sz002815,0,0,0
sz300030,1600,0,0
sz002191,0,3029,0
sz002113,909,3782,0
sz300556,0,611,0
sz002469,0,0,0
sh600129,17462,749,0
sh600022,335195,260835,0
sh600520,3345,6241,0
sh603131,0,0,0
sh603823,0,0,0
sh603779,0,0,0
sz000789,35795,47171,0
sh600313,0,0,0
sz300228,2212,1000,0
sz000652,0,2751,0
sh600551,0,0,0
sz000418,1991,184,0
sh600860,0,0,0
sz002159,539,0,0
sz002345,0,0,0
sz300158,0,0,0
sz000605,0,0,0
sh600222,0,0,0
sz000616,0,0,0
sz002541,0,0,0
sh603618,0,0,0
sz002751,0,0,0
sh601222,30189,9891,0
sz000338,77976,50434,0
sz000581,16486,11688,787
sh600409,14736,9746,0
sz000978,0,0,0
sz002374,0,0,0
sz000423,8557,9350,203
sz300451,474,443,0
sh600011,5328,0,0
sh600053,0,515,0
sh600567,71333,26160,0
sz002317,0,3986,0
sz002255,0,0,0
sh603536,0,0,0
sz002026,0,0,0
sz002235,0,0,0
sh600067,14594,2050,0
sz300401,2300,4710,0
sh600075,1538,1873,0
sz300270,993,8079,1004
sh601799,500,1149,0
sz002659,826,0,0
sh603076,328,0,0
sz300258,0,0,0
sz002302,36508,18473,1964
sz300518,0,0,0
sh601388,34011,14600,0
sz300415,0,675,0
sz000732,0,0,0
sz300432,644,0,0
sz000923,466,0,0
sz002494,0,0,0
sz300126,0,0,0
sh600108,2632,0,0
sz002500,11655,0,0
sz002107,0,0,0
sz002347,0,0,0
sz002851,0,0,0
sz002007,2817,1305,0
sh603926,0,0,0
sz002101,0,0,0
sz300358,0,0,0
sz002705,900,0,0
sh601949,0,0,0
sz000016,2540,1719,0
sz000563,8572,0,0
sz000408,1695,0,0
sh601128,0,2037,0
sh600338,5253,3988,0
sh603999,0,0,0
sz300418,36521,68293,5642
sh600589,0,0,0
sh600779,11293,11547,413
sz300196,915,0,0
sz002362,448,0,0
sz002680,2630,3028,0
sz000723,0,8823,0
sh601866,18509,3088,0
sz000416,0,0,0
sh600099,0,0,0
sh601718,8007,4674,0
sz002497,20816,21821,983
sz002281,41520,34421,2877
sh601007,0,0,0
sz000409,0,0,0
sh600613,0,0,0
sz002073,3499,0,0
sh600175,56488,67541,0
sz002028,0,0,0
sz300435,0,0,0
sh600251,0,0,0
sz300707,0,295,0
sh600055,3380,844,0
sz300089,0,0,0
sz300163,0,0,0
sh600106,0,0,0
sz002745,268,0,0
sh600739,0,3100,0
sz300420,0,0,0
sh603866,0,0,0
sh600863,0,8000,0
sz002471,0,0,0
sh603701,0,0,0
sz002125,0,1020,0
sz002273,7367,6855,0
sz002057,0,0,0
sh603603,0,0,0
sz002066,0,0,0
sz300497,0,0,0
sh600610,0,0,0
sz002755,0,0,0
sz002355,20043,13001,1044
sh600851,1991,6011,0
sz002477,25349,69819,0
sh601677,1248,1403,0
sz300116,0,0,0
sz000156,0,0,0
sh600828,0,0,0
sh603722,0,667,595
sz300657,0,0,0
sh600819,0,0,0
sh603997,3020,0,0
sz000713,0,0,0
sh600228,0,1374,0
sh600438,120159,99557,1595
sh600354,0,0,0
sz300545,201,0,0
sh600123,7988,12895,0
sz300136,29505,23244,1251
sz000987,0,0,0
sz002385,12780,2396,0
sh603183,1502,2705,0
sz000836,2307,0,0
sz300142,44417,10923,1249
sh601928,3215,2000,0
sz300216,0,0,0
sz002816,0,0,0
sz300623,528,0,0
sh600965,0,0,0
sz300602,168,0,167
sh603839,0,0,0
sz002207,0,4063,0
sh600986,6528,1010,0
sh600089,22120,28867,0
sz002231,0,0,0
sh603883,6145,4088,0
sz002571,0,0,0
sh603665,0,0,0
sh600557,1999,0,0
sh601811,0,0,0
sz300622,0,0,0
sz000060,2749,5320,0
sz002875,0,0,0
sz002594,22908,13862,1771
sz002003,1060,1559,0
sh600012,0,0,0
sh600058,0,0,0
sz002162,0,0,0
sz002280,0,4124,0
sz002790,0,0,0
sh600587,0,0,0
sz002590,0,0,0
sh603617,0,0,0
sz002890,0,0,0
sz002636,3904,1361,0
sz000617,0,0,0
sz002307,2313,985,0
sh603929,0,0,0
sz000753,0,0,0
sz000516,21058,9277,0
sz002094,688,4025,0
sz002179,947,2972,0
sh600015,7323,15349,0
sz300317,626,2694,0
sh603328,3316,2776,904
sh600345,3373,6442,342
sz002632,0,0,0
sz000687,0,0,0
sh600202,0,8238,0
sz000838,0,0,0
sz002624,1982,921,0
sh600301,0,0,0
sh603277,0,0,0
sh600936,0,0,0
sz300534,0,0,0
sz000539,0,3000,0
sz002062,0,0,0
sz000831,0,0,0
sz002097,0,0,0
sz002599,0,0,0
sh600763,0,510,0
sz000584,900,0,0
sz002810,0,0,0
sz300180,4509,936,0
sz002314,1644,0,0
sz001896,0,0,0
sh603458,301,505,0
sz300123,0,0,0
sz300047,1301,1880,1588
sh603103,0,376,0
sh603225,0,0,0
sh600237,0,4300,0
sh600698,0,3047,0
sz002011,0,0,0
sh601369,0,2164,0
sz002610,0,12351,0
sz300305,0,0,0
sz000151,0,0,0
sh600039,8873,0,0
sh600796,0,0,0
sh600718,14972,5344,0
sz002393,0,0,0
sz000852,2419,0,0
sh603933,0,203,0
sz000632,0,0,0
sz300014,584,1928,0
sz002299,2037,1984,0
sz300235,0,0,0
sh600895,0,0,0
sz000807,96168,103020,0
sz000837,0,0,0
sz300496,3266,3054,0
sh600023,0,0,0
sz300377,17538,5938,14911
sz300448,0,0,0
sh600278,0,0,0
sh603421,0,0,0
sh603223,0,0,0
sh603167,0,0,0
sh600831,0,0,0
sz002381,0,0,0
sz002549,0,0,0
sz300268,8901,5032,317
sz002899,0,493,0
sh600642,4529,6669,0
sz002722,2828,1622,0
sz002847,0,0,0
sz300498,5689,6404,0
sh600436,3516,2838,0
sh600215,1704,1000,0
sh603336,3417,452,0
sh603028,0,0,0
sz002849,0,0,0
sz002843,0,0,0
sz000518,0,0,0
sh600247,0,0,0
sh600874,14968,4249,0
sz002639,0,1247,0
sz002846,0,582,0
sz002689,0,0,0
sz300329,0,0,0
sz300567,0,0,0
sz002350,2130,0,0
sz000023,0,0,0
sz002199,0,0,0
sz002813,0,0,0
sh603656,0,0,0
sh603668,0,0,0
sz300084,0,0,0
sh603527,0,0,0
sh600559,10294,9332,1550
sh603117,0,0,0
sh603738,0,0,0
sh600586,0,2712,0
sz300554,0,206,0
sh600033,6650,0,0
sz002648,1471,1830,0
sz300315,5005,6552,0
sh603083,1137,776,567
sz002254,25420,2537,0
sz000860,0,684,0
sz000961,0,9795,0
sz000949,0,0,0
sh600425,0,0,0
sz000972,0,0,0
sz300328,0,0,0
sz000089,0,2494,0
sz300408,5186,26689,513
sh603338,0,0,0
sh603067,0,0,0
sh603488,1472,1000,0
sh603306,0,848,0
sz002064,0,9612,0
sz002403,0,0,0
sz002181,0,0,0
sz300447,0,0,0
sz300017,39668,59813,1070
sz000523,0,0,0
sz002325,0,0,0
sh603980,500,0,0
sz002484,0,0,0
sz000909,0,0,0
sz002248,2284,12824,0
sh603139,0,0,0
sz002690,1397,579,0
sz002626,0,2672,0
sz000553,0,0,0
sz300045,6137,802,0
sz002349,0,0,0
sh600630,0,0,0
sh600201,26717,9539,0
sz300452,0,0,0
sz002143,0,2000,1243
sz300221,880,0,730
sz002243,0,0,0
sz002729,0,0,0
sz300267,3610,1760,0
sz300234,0,0,0
sz002060,36341,9272,0
sh600606,130673,76058,0
sz002489,85690,15273,0
sh600615,0,0,0
sz000928,0,0,0
sz002173,0,0,0
sz000546,933,3316,0
sh600781,0,999,0
sz000886,6349,0,0
sh603608,0,0,0
sh600260,5558,1457,1451
sh601991,6591,0,0
sh600714,0,0,0
sz002283,0,0,0
sz002619,7153,1567,0
sz300148,5681,3221,0
sz300553,0,0,0
sz000158,5017,2965,0
sh600236,0,1925,0
sh600909,5755,9032,0
sz002544,0,1357,0
sz002054,6592,5156,0
sh600455,0,0,0
sz002485,0,390,0
sz000045,0,8431,0
sz002567,0,0,0
sz002061,3955,3181,0
sz002030,0,694,0
sz000404,10222,0,0
sz002870,0,0,0
sh600488,0,0,0
sh600537,5425,5557,0
sh601678,0,0,0
sz000421,0,0,0
sz002561,0,0,0
sh601789,0,0,0
sz000533,0,1442,0
sz000862,0,0,0
sz300494,3638,553,0
sh600844,3000,1879,0
sz002892,973,320,0
sz000615,2850,0,0
sz000572,9224,5985,0
sh600063,0,0,0
sh600841,1219,6835,0
sh600256,150468,228924,3110
sh603996,0,1259,0
sz002298,0,0,0
sh600633,5504,13338,745
sz300566,300,0,0
sz002247,958,844,0
sh600177,0,5788,0
sz300515,0,0,0
sh601137,0,0,0
sz300309,0,0,0
sz002356,0,0,0
sz000049,1077,2885,0
sz300693,0,0,0
sh600704,6679,3670,0
sz002650,2135,6280,0
sz002581,830,672,0
sh603768,623,0,0
sh600808,114872,156500,0
sh600078,0,0,0
sz000893,0,0,0
sz300031,0,0,0
sz002424,0,0,0
sz002148,2775,0,0
sz002681,0,0,0
sh603258,0,0,0
sz002807,1246,0,0
sh600037,0,0,0
sh600628,0,0,0
sz002253,0,0,0
sz300295,0,0,0
sh600834,0,0,0
sh601857,44837,37938,0
sh600729,5098,1093,0
sz000927,4789,0,0
sz300547,0,0,0
sh603528,3188,0,0
sz002564,1384,0,0
sz000720,0,0,0
sh600963,2203,0,0
sz300576,0,0,0
sz002285,111479,71736,4433
sz002832,0,0,0
sz300173,1232,0,0
sz002295,0,0,0
sz300389,0,0,0
sh603020,0,0,0
sh600980,0,0,0
sh600027,5324,10800,0
sh600999,8072,13484,0
sz000545,0,0,0
sh600299,0,0,0
sz002021,0,0,0
sz300577,0,0,0
sh600021,0,0,0
sz300551,0,0,0
sz300699,1501,3619,650
sz002645,0,0,0
sz002850,0,0,0
sz002785,0,0,0
sz000651,270412,220213,23831
sz002819,0,0,0
sz300253,2501,0,0
sz002596,12668,1011,0
sh600617,0,0,0
sh603683,0,0,0
sz300676,6290,6035,1074
sh600468,0,0,0
sh603118,0,0,0
sz000596,3909,1860,0
sz000792,44886,37347,1063
sh600183,15822,12918,0
sz000823,13993,5752,0
sz002510,1857,0,0
sh600641,1062,5518,0
sz002341,1593,0,0
sz002621,1000,0,0
sz300225,2515,0,0
sz002719,0,0,0
sh600416,6405,4715,0
sz002917,0,0,0
sh600795,32069,45024,0
sz300006,0,0,0
sh603886,0,588,0
sz300041,0,0,0
sh600661,2138,0,0
sh600137,0,2329,0
sh603843,71412,30988,0
sh601208,0,0,0
sz002653,0,0,0
sz002384,2899,2479,0
sh603658,200,0,0
sz002017,0,0,0
sh603226,0,0,0
sh600596,3504,5628,0
sh600095,0,0,0
sh600279,0,0,0
sz000938,16529,15356,3058
sz002667,0,3496,0
sh601699,47741,51858,0
sh600475,0,0,0
sz002593,0,0,0
sz300430,1885,525,0
sz002127,3641,5387,0
sz000639,0,0,0
sz300619,0,234,0
sh600377,2000,0,0
sz002907,0,778,0
sz002634,0,2221,0
sh600498,28768,21778,1624
sz002206,0,0,0
sz002016,1001,3175,0
sz300308,18418,12176,302
sz300477,6778,4761,0
sz000690,7786,8085,0
sh601766,193406,166544,2185
sz300391,0,0,0
sh600131,2000,0,0
sz002682,0,0,0
sh603909,0,0,0
sz000830,75899,81037,4921
sh600597,8398,1391,0
sh600311,13725,12629,0
sh600873,4114,0,0
sz002902,379,899,329
sz300423,0,0,0
sz000612,0,4694,0
sh600621,6786,4147,0
sz300683,0,0,0
sh603456,976,0,0
sz002601,6776,5466,0
sz000620,0,0,0
sh601199,0,0,0
sz300424,0,0,0
sz002013,7785,2184,0
sz300499,0,0,0
sz000736,0,0,0
sz002048,2900,8723,628
sz300112,0,0,0
sz002112,0,0,0
sz300688,0,0,0
sh600115,113310,108389,0
sz300325,12923,8682,2525
sz002828,0,0,0
sh600036,199911,210387,14486
sz002779,0,0,0
sz300190,0,0,0
sz300482,145,0,0
sh600368,0,0,0
sh603566,0,0,0
sz300120,0,0,0
sh603558,1000,0,0
sz300174,0,530,0
sh601398,467496,501615,0
sh600707,0,0,0
sh601012,81975,52222,5804
sz002446,9714,23876,2028
sz002707,3652,0,0
sz000018,3478,0,0
sz002237,1533,0,0
sh600713,0,0,0
sh600908,0,0,0
sh601878,2709,868,0
sz002809,0,0,0
sz300110,4292,5344,826
sz002459,0,0,0
sz300575,0,0,0
sh603988,0,0,0
sh600211,0,0,0
sz000030,0,0,0
sz002887,139,121,0
sz002546,0,0,0
sz300625,0,0,0
sz002787,0,0,0
sz002198,0,0,0
sh600857,0,0,0
sz000607,0,0,0
sh600009,11978,1588,0
sz300478,957,0,0
sz300296,5723,5376,492
sh601858,2000,0,0
sh600225,0,0,0
sh600280,1423,1837,0
sh600678,0,0,0
sz000676,0,0,0
sz300431,0,2755,0
sh601872,0,0,0
sz002441,2324,0,0
sh600858,0,0,0
sh600268,15791,4868,0
sh600570,57971,32512,7364
sz000892,0,0,0
sz000910,6310,3652,0
sz002833,410,0,0
sz002842,0,398,0
sh601231,18087,28601,0
sz002124,0,0,0
sh600987,0,6496,0
sz300203,652,1507,0
sz002415,81881,55999,3953
sh600035,7101,1958,0
sh603330,0,0,0
sz300273,0,0,0
sh603066,0,0,0
sh603861,0,0,0
sh603099,0,0,0
sz300652,0,0,0
sz002343,3198,410,0
sz002085,0,0,0
sh603268,0,0,0
sh600502,6739,1740,0
sh603026,0,0,0
sz000042,0,0,0
sh600867,29900,14989,0
sz300461,0,0,0
sz300138,0,0,0
sz300721,323,0,0
sh603800,0,0,0
sz002130,0,0,0
sh603808,600,0,0
sz300382,0,900,0
sz002608,0,2227,0
sh603023,0,0,0
sh600686,4494,4496,0
sz300696,0,0,0
sz002336,0,0,0
sz300307,1956,0,0
sz300251,27242,2090,0
sz300627,0,0,0
sz300569,0,0,0
sz300197,9350,5692,0
sz002301,1000,2030,1000
sz002821,1601,1830,0
sz000918,0,2300,0
sz300572,0,1100,0
sh603818,0,0,0
sh600657,26718,0,0
sh600793,0,0,0
sh603767,0,0,0
sz002352,2012,233,0
sz002418,0,1260,0
sh603227,0,0,0
sh600623,0,0,0
sz000717,97425,124837,1232
sz002900,400,0,0
sh603990,0,0,0
sh600360,29280,35138,0
sz300730,0,0,0
sz002746,0,597,0
sz300209,0,0,0
sh603101,0,0,0
sz002439,19822,9966,2815
sh600976,0,0,0
sh600747,0,0,0
sz300062,0,0,0
sz002734,0,0,0
sz000791,1779,1916,0
sz300259,0,0,0
sh603806,0,0,0
sz002511,0,0,0
sh603321,0,0,0
sz002376,890,0,0
sh600229,0,0,0
sz002602,894,2214,0
sz000153,0,0,0
sz300638,445,2036,0
sz002399,0,0,0
sz000078,9111,21474,0
sh600199,0,0,0
sh603159,0,0,0
sz300519,0,0,0
sz300343,800,0,0
sh603011,1000,0,0
sh603133,0,0,0
sh600381,0,0,0
sh603589,6208,4454,423
sh600821,4549,8015,0
sz002712,600,3514,0
sh601020,0,0,0
sh600638,0,0,0
sz300562,1272,1524,0
sz300005,0,2130,0
sh600216,8552,2440,0
sz002210,0,0,0
sh603038,0,0,0
sh601366,0,0,0
sh601368,0,0,0
sz000856,1795,7703,0
sz300025,3610,6700,0
sz002577,0,0,0
sz300626,0,0,0
sz000901,722,1423,0
sh600070,0,0,0
sz000531,1678,0,0
sh600276,60676,37336,4953
sh600525,4029,1451,0
sz002637,0,0,0
sz002646,0,0,0
sz300682,0,0,0
sz002071,3276,0,0
sh600637,786,1960,0
sh600882,0,0,0
sz002144,0,0,0
sz300169,0,0,0
sz300360,0,0,0
sz000599,0,0,0
sh600478,1879,0,0
sz300139,0,0,0
sh600724,0,0,0
sh603177,1260,0,0
sh600408,0,0,0
sh601966,0,0,0
sz000507,6156,1379,0
sz002413,2087,0,0
sh600010,222336,121154,0
sz300222,3464,2645,0
sh601952,11905,8515,0
sz002556,4737,1650,0
sh600241,0,0,0
sz300381,0,0,0
sh601688,68237,70705,0
sz300639,858,1228,0
sz000999,4538,500,0
sz300035,0,0,0
sz002487,0,0,0
sz300214,0,0,0
sz000722,0,0,0
sh600133,9988,1522,0
sz002291,0,0,0
sh603726,0,0,0
sh600393,4304,0,0
sh603887,0,0,0
sz002491,1242,1000,0
sh600120,1201,2445,0
sz002713,800,502,0
sz002240,0,0,0
sz000890,0,0,0
sz002152,12311,10723,0
sh600658,9367,0,995
sz000782,0,0,0
sh600208,176544,122364,2583
sz002290,0,0,0
sh603858,404,196,0
sz300356,0,0,0
sz300302,2011,6055,0
sh600774,0,605,0
sz000889,28366,11214,0
sh601002,6581,13749,0
sh600758,0,5208,0
sh600688,0,1567,0
sz002563,0,3132,0
sz300607,0,0,0
sz002074,4045,2584,0
sz300096,9086,6524,0
sh603466,2060,1309,0
sz300021,0,0,0
sh603676,0,0,0
sz002449,3409,1379,0
sz300490,0,0,0
sz000779,1518,0,0
sz300064,0,0,0
sh600996,1572,1000,0
sh600993,2126,2473,0
sh600170,2769,23745,0
sz000046,0,0,0
sz002215,0,0,0
sz002805,0,0,0
sz300493,3830,875,0
sz002383,3808,10089,0
sh600864,0,0,0
sz300586,0,0,0
sh603659,3139,1751,693
sh600826,0,0,0
sh600850,0,0,0
sh601107,4580,3000,0
sz300072,8473,5218,327
sh600283,23870,7536,0
sz002716,0,3671,0
sh601607,15984,3490,0
sh603699,560,0,0
sz002763,0,0,0
sh600385,0,0,0
sz300310,3964,1821,0
sz000088,1733,0,0
sh603869,0,0,0
sz000902,0,1545,0
sh600703,181420,104327,13303
sh601018,11203,8334,0
sz002586,0,1119,0
sz000682,0,0,0
sz300003,13142,3991,0
sh600482,958,2175,0
sz002742,14335,9140,0
sz002627,0,0,0
sz002772,0,0,0
sz000983,12185,15864,0
sz300115,4209,8637,0
sh601601,39418,36272,1494
sz002523,0,0,0
sh603078,0,753,0
sh600721,0,0,0
sz002093,1837,2697,0
sz300417,0,0,0
sz002134,1295,0,0
sh600608,8762,6987,0
sh600891,0,0,0
sh600353,0,0,0
sh600590,0,1000,0
sh603685,0,0,0
sh601997,8330,5293,870
sz300034,0,799,0
sh603885,2574,0,0
sz002096,0,0,0
sz300426,1888,592,0
sz002480,0,0,0
sz300147,0,0,0
sh600269,0,0,0
sz300531,0,0,0
sz002431,10945,0,0
sh600277,5309,3068,0
sh603309,1619,0,0
sz002155,5415,3857,0
sz300539,0,0,0
sz300178,0,0,0
sh601233,14959,13584,704
sh600771,520,0,0
sh603388,0,0,0
sz002633,0,0,0
sz300304,1570,0,0
sz300532,0,0,0
sz002770,0,0,0
sh603555,0,0,0
sh601929,0,0,0
sz002566,0,0,0
sh600583,0,1700,0
sz002823,0,0,0
sz300103,4889,0,0
sz002858,0,0,0
sh600184,0,0,0
sz300348,0,0,0
sh600290,0,0,0
sz300717,0,0,0
sz000430,0,0,0
sz002267,3679,0,0
sh600171,58816,70689,4336
sz002084,0,0,0
sh603816,1767,1619,0
sz000705,0,0,0
sh600329,1850,0,0
sh600355,9752,2000,0
sh600981,0,0,0
sz002110,49970,73861,3225
sh600125,8464,3480,0
sh603357,1275,2134,0
sz002711,9317,7717,0
sh603978,150,391,0
sh600546,5025,4981,0
sh603809,627,0,0
sh600139,0,0,0
sz300436,0,0,0
sz300179,0,0,0
sz300563,0,0,0
sz300402,0,0,0
sz300275,1028,2104,0
sh601958,2123,2356,0
sh603197,0,0,0
sz002390,16880,34173,2005
sh603367,0,0,0
sh600765,0,0,0
sz002888,0,0,0
sz002915,0,0,0
sz300725,7859,10637,1310
sh603579,172,0,0
sh601229,19568,35747,0
sz000048,0,0,0
sh603630,0,0,0
sz002115,1026,1172,0
sh603669,0,0,0
sh600967,1960,6046,0
sz300145,19158,12260,0
sz002329,0,0,0
sh600903,1652,3497,0
sz300223,12739,22621,581
sh603878,0,0,0
sh603599,1835,545,0
sz002529,668,0,0
sz300546,0,0,0
sz300726,5707,3926,0
sz002305,0,0,0
sh603266,0,0,0
sz000528,5924,2620,0
sz002434,989,6653,0
sh600558,4915,0,0
sz000719,0,0,0
sz000959,0,0,0
sh600674,8417,3614,0
sh603920,0,0,0
sz300690,0,0,0
sh603041,0,0,0
sh600017,0,0,0
sz002603,0,1003,0
sz300412,0,0,0
sz002570,5500,5855,0
sh601599,4863,0,0
sz000822,2324,5915,0
sz300341,0,0,0
sh600640,0,0,0
sz300489,0,0,0
sh600446,7164,5041,680
sh600740,15550,24130,0
sz300299,0,0,0
sh601126,0,1601,0
sh600326,5153,3615,0
sh603707,0,0,0
sh603037,0,0,0
sz002310,31109,16486,0
sh600249,0,0,0
sz002684,0,0,0
sz002262,940,7319,0
sz000521,0,0,0
sh600203,0,0,0
sz000883,4881,0,0
sh601117,15082,7558,0
sh603517,0,0,0
sz002027,182835,113101,4100
sz300230,3090,0,0
sh603880,0,0,0
sz000968,3876,2913,0
sh600543,0,0,0
sh600271,44044,39304,982
sz002766,0,0,0
sh600307,27920,62195,0
sz002063,3338,2697,0
sz300252,0,1650,0
sz002149,0,0,0
sz300265,1516,0,0
sz002493,36934,27556,950
sh600371,0,1045,0
sz002533,0,0,0
sh600182,0,0,0
sz000691,0,1802,0
sz002490,0,0,0
sz002687,0,0,0
sz300665,0,0,0
sz002701,0,0,0
sz002183,5347,3559,0
sz002886,563,0,0
sz000905,0,0,0
sh600028,181489,174913,0
sh600122,22795,5088,0
sh603055,0,622,0
sh600538,0,0,0
sz300521,0,0,0
sh600648,600,0,0
sh600737,0,0,0
sz002767,0,0,0
sh600562,500,400,0
sz002551,0,0,0
sz002010,0,0,0
sz000967,0,0,0
sh600396,0,0,0
sz000715,1211,0,0
sh601127,2039,521,0
sz300480,0,0,0
sz300473,0,0,0
sh600461,0,0,0
sz002005,0,0,0
sh603689,0,0,0
sz300157,3284,1779,0
sh600340,10437,22291,0
sh601006,41384,90059,1433
sz002322,2799,0,0
sz300205,0,2439,0
sz300604,0,0,0
sh600352,195453,126056,2898
sh600423,0,0,0
sz002496,0,0,0
sh603319,0,0,0
sz002256,0,0,0
sz002811,0,0,0
sz002526,0,0,0
sh600057,0,0,0
sz002666,0,0,0
sh600383,14419,53822,0
sz000878,5317,2758,0
sz000065,0,0,0
sh600397,0,4008,0
sz002455,0,0,0
sz002644,0,0,0
sz002741,0,0,0
sh603496,0,402,641
sz000965,0,0,0
sh600469,0,0,0
sz002156,210675,113429,12343
sz002353,1743,0,0
sz000785,0,0,0
sh600810,1500,0,0
sz002717,0,553,0
sh603833,282,206,0
sz000786,18001,12247,615
sz002651,0,1940,0
sz002458,6689,0,0
sz002136,1867,951,0
sh603788,0,0,0
sh600282,89068,125246,0
sh603507,0,0,0
sz300620,0,0,0
sz000541,18093,5138,0
sz002686,0,1208,0
sh603580,0,0,0
sz002185,189516,180908,6541
sz002171,0,0,0
sh603165,1231,2098,0
sh600026,4741,0,0
sz000887,856,0,0
sz002703,0,0,0
sz300336,0,881,0
sh600970,15941,13212,0
sh600077,0,0,0
sh600571,2476,942,0
sz300037,0,620,0
sh600406,53358,17858,0
sh603368,493,0,0
sh601989,92227,181571,0
sz002080,2516,0,0
sh600573,0,0,0
sz000568,34596,19220,1791
sh603111,823,0,0
sz000989,0,0,0
sz000650,0,0,0
sh603331,0,0,0
sz300633,0,0,0
sz002465,0,0,0
sh600629,0,0,0
sz002615,0,0,0
sz300009,19256,12207,1087
sz300511,0,0,0
sz300711,8384,6423,553
sh600233,0,0,0
sz002391,0,0,0
sz300662,542,0,0
sh603979,0,0,0
sh601186,7684,15728,0
sz000657,0,0,0
sz300029,0,0,0
sz300106,0,0,0
sh600110,30006,18205,0
sz000503,116162,90285,6118
sz002513,0,0,0
sz300364,4018,4796,0
sz300016,0,2900,0
sz300698,4307,3404,0
sz002193,0,860,0
sh600167,814,1408,0
sz300351,0,0,0
sh601777,0,0,0
sz002555,7054,3328,1048
sh600869,0,1858,0
sz300339,1200,2268,0
sh603688,1286,0,0
sz002876,0,209,0
sz002587,0,0,0
sh600303,0,0,0
sh600533,0,0,0
sh600323,0,815,0
sz000708,0,0,0
sh600820,9385,9397,0
sz002535,0,0,0
sz002261,45658,156155,0
sz002725,0,0,0
sz300673,0,0,0
sh601988,247138,215375,0
sz002609,0,0,0
sz002304,4747,4604,0
sh600572,0,0,0
sz300485,0,0,0
sh603085,0,0,0
sz300398,924,0,0
sz002342,0,0,0
sz002138,7923,3004,0
sz300581,0,0,0
sz002702,3671,6042,0
sz300172,0,0,0
sz000851,0,4979,0
sz300386,603,0,0
sh603019,39954,42161,3177
sz000012,10132,11819,0
sz002165,0,0,0
sz300135,0,0,0
sz300247,14182,3927,0
sz002591,0,0,0
sz002750,0,0,0
sz300287,34486,27091,0
sh601666,15560,22847,0
sz300056,0,0,0
sh603387,0,0,0
sz002831,465,1684,0
sz300403,0,0,0
sh603703,0,776,0
sh600050,625397,444934,0
sh600576,0,0,0
sz002406,0,0,0
sz002221,42312,13081,0
sz002623,0,731,0
sz300706,5618,7022,687
sz002122,0,0,0
sh600143,46681,14724,0
sz000506,0,1577,0
sh601228,2325,0,0
sz002375,3009,12191,0
sz300453,4917,1164,0
sz300291,5243,964,0
sh600653,0,5726,0
sz002460,36752,28387,3757
sh600298,14921,4215,0
sh600466,1881,4408,0
sh600179,5124,6736,0
sz002670,3133,2612,0
sh603166,0,0,0
sz300536,0,0,0
sh603912,11045,5913,0
sz002607,0,5454,0
sh603088,0,0,0
sh601336,27983,23312,1469
sh600896,0,0,0
sz000159,0,0,0
sz002099,2030,0,0
sh600308,2194,0,0
sz002282,0,0,0
sh601106,2794,5937,0
sz300319,0,0,0
sh600673,11107,5027,0
sz002649,37224,17751,0
sh601890,0,1700,0
sz300439,0,0,0
sh600595,0,0,0
sz000913,0,0,0
sz300529,544,0,0
sh600198,6831,10073,0
sz300380,0,0,0
sz300613,469,320,0
sh603108,0,1936,0
sz002706,0,0,0
sh600310,0,0,0
sh600897,0,0,0
sz002479,0,0,0
sh601058,20024,6507,0
sz300565,0,0,0
sz002414,0,0,0
sh600379,0,0,0
sh600888,2103,2681,0
sh603690,5606,3797,0
sz002791,0,0,0
sz300232,800,801,0
sz000633,0,0,0
sz300642,0,0,0
sh600582,2700,0,0
sz002476,0,0,0
sh600749,0,0,0
sh600519,29309,22159,3336
sz002228,0,0,0
sz002250,0,993,0
sz000712,1414,910,0
sz002229,0,0,0
sz300434,0,0,0
sz000010,0,0,0
sz002133,0,0,0
sz002524,2056,0,0
sz300040,0,0,0
sz300552,0,0,0
sz300588,414,342,0
sh600376,1005,0,0
sz000626,7007,2368,0
sh600618,0,0,0
sh603969,0,910,0
sh603359,0,0,0
sz002421,5000,5232,0
sh601028,0,0,0
sh600824,0,0,0
sz002708,0,1950,0
sh600007,0,0,0
sz002786,0,0,0
sz002296,0,0,0
sz001979,6424,20619,0
sz002328,0,0,0
sz300533,0,0,0
sh600712,0,0,0
sh603158,0,0,0
sz000066,24113,9636,0
sh601000,11621,27937,0
sh600083,0,0,0
sz000637,0,0,0
sz000877,2290,2230,0
sh601166,135068,112787,0
sz002620,0,0,0
sz300719,0,893,0
sz000962,0,0,0
sh603725,0,0,0
sh600549,15625,11240,0
sh600872,5621,4525,510
sh603380,0,0,0
sh600898,0,0,0
sz000802,909,796,0
sh601288,457448,487983,0
sz002862,0,0,0
sh603031,0,0,0
sz002009,3377,600,0
sz002759,4095,10419,0
sh600699,14861,22514,309
sz002087,1734,6006,0
sz002032,0,0,0
sh600149,0,0,0
sz002499,0,0,0
sz002070,5076,8173,0
sh600166,49319,49243,0
sh600726,0,0,0
sh600091,0,0,0
sz000425,330669,107749,0
sz000529,0,0,0
sh600992,0,0,0
sz300367,7644,3141,3201
sz300146,4198,2412,0
sz002519,0,0,0
sz002799,0,0,0
sz000955,1458,13887,0
sz002877,0,0,0
sh600185,0,0,0
sz002224,3000,0,0
sz300433,9168,5883,0
sz300246,0,0,0
sz002613,0,0,0
sh600019,98894,63447,0
sh603116,0,0,0
sz002588,0,0,0
sz300695,0,0,0
sz300312,0,800,0
sz000036,1176,0,0
sh603040,0,0,0
sz000929,2071,0,0
sh600961,0,0,0
sz002411,8815,520,506
sh600727,0,0,0
sz300185,8585,5000,0
sh600392,14186,12264,0
sz000524,1051,0,0
sh600814,3236,1193,0
sh600728,0,7830,0
sh603313,0,0,0
sh603160,1411,1669,152
sh600405,0,0,0
sh603203,0,374,0
sz300052,743,2670,0
sz002436,22238,33038,0
sh603937,704,1058,0
sz000970,5558,3357,0
sh600116,4251,6117,0
sh600523,0,0,0
sz300048,0,0,0
sh603508,0,0,0
sz300121,1009,0,0
sz000613,0,0,0
sz002175,0,0,0
sz002139,3073,7424,0
sz300233,1551,0,0
sh600491,3352,1038,0
sz000543,0,3000,0
sz000040,1020,1002,0
sh603601,0,0,0
sz300491,0,0,0
sz000703,19435,12533,0
sz002111,0,0,0
sh603928,0,0,0
sz000795,6799,0,0
sz002244,0,8511,0
sh603366,0,0,0
sz002691,0,0,0
sz000735,7636,0,0
sh600080,0,0,0
sz300194,0,0,0
sz002761,4501,0,0
sh600293,1570,5258,0
sz000661,2407,701,178
sh600614,11935,10093,0
sh600777,5427,7940,0
sz300018,0,0,0
sz000683,16279,11084,0
sz300501,0,0,0
sz300643,0,0,0
sh601212,0,1540,0
sh600141,895,1572,0
sh600390,0,0,0
sz300655,0,0,0
sh600879,44449,4194,1268
sz002040,0,0,0
sh603889,4927,0,0
sz002582,0,1264,0
sh600719,0,0,0
sz300668,179,0,0
sh600701,0,2954,0
sz300390,0,0,0
sz300640,0,0,0
sh600620,0,0,0
sz002438,0,0,0
sz002531,9621,2328,0
sz002462,0,372,0
sz002379,0,1994,0
sz002516,2097,0,0
sh600098,2506,3351,0
sh600604,45436,106387,0
sz002910,960,687,0
sz002806,0,0,0
sz300375,0,0,0
sh600612,0,270,0
sh603136,0,0,0
sz000880,0,0,0
sz000993,0,0,0
sz300170,22834,7029,2002
sz000619,0,0,0
sh600539,11617,0,0
sh600327,0,0,0
sh601113,3500,0,0
sh600421,0,0,0
sz002884,0,0,0
sz002419,802,1593,0
sh603060,0,0,0
sh603096,0,0,0
sh603609,0,0,0
sz000099,0,0,0
sh600730,0,0,0
sh603098,0,591,0
sz000898,16685,36121,0
sz300636,0,0,0
sz002696,571,0,0
sh601919,39210,39155,0
sz000881,0,0,0
sh600288,0,2700,0
sz000996,3414,3949,0
sz002036,1730,10491,0
sz002284,0,0,0
sz000413,56496,27844,0
sh603229,0,0,0
sz300681,0,406,0
sz002540,0,0,0
sz300466,0,0,0
sh600680,0,1167,0
sz002572,1090,4673,295
sh603799,47538,28776,5046
sz300161,0,0,0
sh603278,0,432,0
sz000428,3076,0,0
sz002033,0,0,0
sh600687,3138,1941,0
sh603966,779,900,0
sz002498,0,0,0
sz002868,0,0,0
sz300631,0,0,0
sz300369,0,1496,0
sz000558,0,0,0
sh603042,975,5185,0
sz300164,0,5500,0
sh600331,12463,2898,0
sz300601,0,0,0
sz300396,684,0,0
sh603848,0,0,0
sh603628,0,0,0
sz000709,41961,98901,0
sh600213,2468,0,0
sh603089,0,0,0
sz000150,0,0,0
sh603829,0,0,0
sz000915,861,370,0
sz000701,0,0,0
sz300476,1000,2277,500
sh603180,560,0,0
sz300583,0,0,0
sz300289,0,0,0
sz300306,0,0,0
sz000636,55363,42099,0
sh600111,75277,47656,0
sh603679,0,0,0
sz002906,0,0,0
sh600594,0,0,0
sz300054,10616,15095,0
sz002735,0,0,0
sz000597,2790,2800,0
sh600982,0,0,0
sz300277,1333,1080,0
sz002135,0,0,0
sz000014,0,0,0
sz000751,9498,6000,0
sh603882,436,0,0
sh601001,0,2273,0
sh600723,0,0,0
sh600178,1593,0,0
sz002022,1939,900,0
sh600768,0,0,0
sz002241,34227,28963,0
sh600580,0,0,0
sz000711,903,2581,0
sz002775,0,0,0
sz300134,5292,3525,0
sz002552,0,0,0
sh600459,0,507,0
sz300280,451,0,0
sz300065,4077,0,0
sh603585,0,0,0
sz002049,218939,144662,17432
sh600060,7623,4687,0
sz002669,0,0,0
sz000801,0,0,0
sh600038,2986,1291,0
sh601021,300,0,0
sz300144,11214,2840,1124
sz002797,59527,19181,0
sh600000,48672,31429,0
sz000422,0,4833,0
sh601118,16982,6906,0
sh600483,1366,0,0
sz002677,2648,0,0
sh600305,5949,1025,0
sh601377,3380,33773,0
sz000166,1825,11524,0
sz002909,0,0,0
sh600389,0,0,0
sh603018,0,0,0
sz000798,1245,0,0
sz300263,21008,20774,0
sh603787,0,0,0
sh600812,0,0,0
sh600054,0,0,0
sh603015,0,0,0
sh601700,0,0,0
sz002114,1507,600,0
sz002506,0,0,0
sz300374,0,0,0
sz002777,0,0,0
sh600835,9495,1582,0
sz002865,0,0,0
sh603007,0,0,0
sz002067,0,8142,0
sz002412,0,0,0
sz002662,6644,6537,0
sz002432,6022,1000,0
sz000573,0,0,0
sh600528,1962,3391,0
sh600073,1673,0,0
sh600428,5814,2085,0
sz300349,3341,0,652
sz300609,0,694,0
sz002889,0,0,0
sz000096,0,0,0
sh600020,0,4828,0
sh603811,0,0,0
sh600266,6500,2829,0
sz300373,4017,3127,720
sz002911,882,752,0
sz002528,0,0,0
sz300481,0,0,0
sh600746,0,0,0
sz000811,0,4776,0
sh600367,0,0,0
sh600333,0,0,0
sz002126,0,4204,0
sz002642,30615,2363,2677
sz300313,0,2400,0
sz002327,3000,0,0
sz300486,0,500,0
sz002089,2289,2796,0
sz300484,0,0,0
sz002869,0,0,0
sh600281,0,0,0
sh603976,0,0,0
sh600156,0,0,0
sz002447,4400,3075,0
sz300176,1369,1303,106
sh603298,0,0,0
sh603499,0,0,0
sz300133,0,0,0
sz002625,0,1024,0
sz300039,0,2980,0
sz300098,9952,4120,1048
sz300542,636,757,0
sh600363,0,0,0
sz000090,0,0,0
sh600096,0,0,0
sz002731,0,0,0
sz002239,0,3287,0
sh603860,0,0,0
sz002452,0,0,0
sz000671,58192,17145,0
sz300129,0,1400,0
sh603383,0,0,0
sz002334,1812,0,0
sh601016,0,0,0
sz300555,0,0,0
sz300346,930,0,0
sz000561,0,0,0
sz002743,0,0,0
sh600351,0,0,0
sz000697,1295,4417,0
sz002573,8197,2566,0
sz002643,2632,1000,0
sz300151,0,0,0
sz000702,0,0,0
sz300227,700,0,0
sz002378,1146,0,0
sz300274,36966,34927,1887
sz002557,1543,4685,0
sz002407,8696,4607,0
sz000788,0,0,0
sh603416,0,0,0
sz000534,0,0,0
sz000301,34622,20992,0
sz300127,0,0,0
sz300219,0,0,0
sz000758,0,3838,0
sh600195,4659,1680,0
sz000868,133438,157063,3580
sh601108,11273,17702,1016
sh600816,832,7069,0
sh600741,46877,16172,1293
sz300338,0,495,0
sh600380,41490,32336,0
sh601808,996,0,0
sz300445,0,0,0
sz000059,8442,1224,0
sz000953,1648,1545,0
sh600068,17077,72105,0
sz300559,0,0,0
sz300350,0,0,0
sz300324,20651,16979,2674
sz300525,0,0,0
sz300327,484,2393,0
sz000628,0,0,0
sz300276,0,0,0
sz300095,0,0,0
sh603998,0,3039,0
sz300441,0,0,0
sh603081,0,1150,0
sz300125,2000,0,0
sz002082,0,0,0
sz002699,0,0,0
sz002871,0,0,0
sz002234,1792,11481,0
sz300231,0,3763,0
sh600876,0,0,0
sz000656,0,8730,0
sh600532,0,0,0
sz300590,36288,51639,4706
sz300718,647,302,0
sh600460,350213,372907,61254
sz002578,2606,0,0
sz300347,0,0,0
sh600250,0,0,0
sz002177,0,2497,0
sz002187,0,0,0
sh600854,0,2000,0
sz002153,35869,48121,0
sh601200,1608,4078,0
sh603611,0,0,0
sh601877,32178,26400,1003
sh600103,0,0,0
sz002226,0,0,0
sh600770,11355,7821,0
sz300210,0,0,0
sh601818,187875,180600,0
sz300217,17029,15423,0
sz002796,0,0,0
sh600635,0,0,0
sz002782,0,0,0
sh600180,0,0,0
sh603008,0,0,0
sh603626,372,1319,0
sz002078,16875,18102,0
sh603859,0,0,0
sh601992,69054,46709,0
sh601999,0,0,0
sz002326,0,0,0
sz002140,0,0,0
sh600833,0,0,0
sz000777,0,0,0
sh600847,0,0,0
sh603337,0,0,0
sh603169,0,0,0
sh603803,0,0,0
sh600885,3117,262,0
sz300083,4104,4338,3960
sz300421,0,0,0
sz000869,0,0,0
sz300723,4612,2588,858
sh600218,0,0,0
sz002466,45656,34610,4258
sh600370,0,0,0
sz300058,0,1700,0
sz300075,14182,4154,692
sh600444,0,0,0
sz300011,0,0,0
sz300342,0,1200,0
sh600697,0,0,0
sh603938,1395,363,0
sz300460,0,0,0
sz002675,7615,0,0
sz002606,350849,84018,2492
sh601668,230624,264899,16792
sz300429,0,0,0
sz002154,0,5000,0
sz002597,6846,4890,0
sz002752,0,0,0
sz002278,3231,7452,0
sh600223,0,2817,0
sh600505,0,0,0
sh603021,0,0,0
sh600560,0,0,0
sh601216,3032,13806,0
sh603186,0,0,0
sh600722,0,2889,0
sh601258,38146,12243,0
sz300321,0,0,0
sz300650,299,0,0
sz002180,0,0,0
sh600540,0,0,0
sz002781,0,0,0
sh600605,0,0,0
sh600667,134500,112288,11424
sh600052,0,0,0
sz300248,945,0,0
sh603602,3323,7793,555
sz300102,68689,25526,1616
sz002584,633,3794,1096
sh600787,26238,14748,0
sz300428,0,0,0
sz000601,0,0,0
sh600531,0,0,0
sz000731,0,2066,0
sz002605,0,0,0
sz002079,42382,37372,1010
sz000833,0,0,0
sz300130,16593,9382,0
sz000948,1133,0,0
sz000050,22160,14866,0
sh603196,1008,2157,0
sh603819,0,0,0
sz300516,0,0,0
sz002726,0,1001,0
sz000419,0,0,0
sz300353,731,1030,0
sh600449,0,1077,0
sh600639,0,0,0
sz002141,0,0,0
sz002365,3631,2927,0
sz000061,0,0,0
sz300462,3213,16737,541
sz002389,3467,4501,0
sh600510,0,0,0
sz000623,11952,13531,0
sz000793,1002,4482,0
sh600159,0,0,0
sz002100,0,0,0
sz300606,0,0,0
sh600336,0,0,0
sz002611,1000,0,0
sz300069,300,0,0
sh600552,0,0,0
sh600513,0,0,0
sz300114,0,0,0
sz300713,0,0,0
sz000922,0,0,0
sh601566,0,0,0
sh600753,1000,413,0
sh601198,0,0,0
sh600745,2278,1831,0
sz002202,38501,22544,1450
sh600880,0,3400,0
sh600761,2038,1000,0
sz002569,0,285,0
sz000969,0,5828,0
sh600388,6218,6741,0
sz300702,0,0,0
sz300128,70714,28511,1011
sh600056,15770,7729,551
sz002370,0,0,0
sz002803,0,0,0
sh600767,0,0,0
sh603286,341,722,0
sz002543,469,0,0
sz000591,3835,0,0
sh600335,0,1501,0
sz300675,789,353,0
sh603737,0,200,0
sz002319,0,0,0
sh600512,0,0,0
