sz000519,70250,55708,10791
sz000881,0,0,0
sz300137,21374,6427,749
sh600100,11760,4633,0
sz000759,7553,23797,0
sz300632,0,0,0
sz002701,2235,4163,0
sh600238,0,2121,0
sh600179,22835,5121,501
sz002141,1289,0,0
sh603177,0,1135,0
sz002675,0,950,0
sh600598,23630,12312,0
sz300527,0,602,0
sz300039,2107,9008,0
sz300458,8655,16581,880
sh600835,5904,10386,462
sh600589,0,0,0
sh603020,0,0,0
sh600714,0,0,0
sz000828,0,0,0
sz002331,0,0,0
sz000862,0,0,0
sz000663,0,0,0
sz002401,0,0,0
sz000732,913,988,0
sz300554,199,0,0
sz000415,21582,5411,2101
sz000010,4321,0,0
sz000426,3135,1560,0
sz300387,0,0,0
sh601985,15302,8872,0
sh603378,2027,0,0
sh601669,1683,5572,0
sz300386,2636,1412,0
sh600580,1447,0,0
sz002064,5000,2500,0
sh603368,0,0,0
sh600809,2547,1283,0
sh600858,0,0,0
sh603888,432,0,0
sz000058,0,0,0
sz300064,0,1367,0
sz002673,2565,10948,0
sz002406,0,0,0
sh603042,6496,2458,0
sh603665,0,0,0
sz300553,0,0,0
sz300605,0,0,0
sh600881,0,10002,0
sz300649,265,0,0
sz002043,3020,2489,0
sz002826,0,0,0
sh600739,0,0,0
sh603338,0,142,0
sz000768,683,18979,0
sz000785,0,0,0
sz002766,0,0,0
sz000668,0,0,0
sh600107,9212,10204,0
sz300123,0,0,0
sh603029,0,0,0
sh603003,0,0,0
sz300095,0,0,0
sh603366,0,0,0
sz002535,2428,6261,0
sh600520,0,0,0
sh600298,5449,2709,308
sz002356,0,0,0
sz300333,0,0,0
sh600327,0,0,0
sz000014,0,0,0
sz002881,0,1143,0
sz002045,1243,2345,0
sz000636,103634,118365,6695
sz002370,0,0,0
sz000955,0,0,0
sz002733,0,0,0
sh600562,2156,899,0
sz300271,2477,1516,0
sh603021,0,0,0
sz300581,0,0,0
sz000150,0,0,0
sz002650,2515,4625,0
sz002613,0,0,0
sh600446,2453,0,1037
sz002681,1053,1001,0
sh600684,0,2000,0
sh600993,2239,1000,0
sz300080,0,3500,0
sz300276,0,0,0
sh601727,3607,0,0
sz000800,5913,1813,0
sh601117,4895,8916,0
sh603386,0,0,0
sz002419,6606,5773,0
sz300443,0,0,0
sh603701,0,600,0
sh601369,0,7844,0
sz000488,13729,9712,0
sh600064,0,0,0
sz000985,643,0,0
sh601108,15793,10962,0
sh600197,0,1381,0
sz002348,2409,0,0
sz002737,0,0,0
sz002712,0,0,0
sh603996,0,888,0
sz300409,2159,600,0
sz300138,0,0,0
sh600803,33096,19998,2103
sz300155,1815,0,0
sz000797,1804,0,0
sz300201,6018,1456,0
sh603899,0,0,0
sz300323,1270,1430,0
sz000539,0,0,0
sh603066,0,0,0
sz000852,0,0,0
sz002097,0,0,0
sz002570,0,2435,0
sz300162,0,0,0
sh600926,7373,8730,0
sz002213,4362,0,0
sh603559,19201,8425,336
sh603076,0,0,0
sh600748,0,0,0
sz002303,0,4249,0
sz002642,3228,0,0
sz002165,0,0,0
sz002374,2000,4162,0
sz002563,0,0,0
sh600882,0,0,0
sz002459,0,0,0
sz000856,2427,6204,0
sz000538,3153,1366,0
sz300486,501,0,0
sz300610,0,0,0
sh603728,450,480,0
sh603595,0,0,0
sz000777,0,1580,0
sz002497,49865,30791,1023
sz002252,0,1000,0
sz002067,0,0,0
sz000791,0,0,0
sh601012,60843,43799,6455
sz002483,0,0,0
sz000042,0,0,0
sh603806,0,0,0
sz300679,0,0,0
sz300231,0,1200,0
sh603612,262,0,297
sz002522,1282,0,0
sz002569,250,0,0
sz000735,8114,2009,0
sz002108,0,0,0
sh600132,10224,1371,0
sz300528,0,0,0
sh600401,37170,31534,0
sz000020,3515,3935,0
sh600741,14011,18494,0
sz002157,25335,93070,0
sz300496,3863,2953,0
sz300706,2233,4682,250
sz002839,2750,7432,0
sh600256,125511,146436,3388
sz000587,29207,12629,3869
sz300030,0,0,0
sz002842,0,0,0
sh601229,10296,19224,0
sh601899,135526,260925,3415
sz002788,0,0,0
sz000835,0,0,0
sh600177,0,1143,0
sz000698,0,0,0
sz002360,9161,0,0
sz002001,35977,45614,4108
sz300539,0,0,0
sz002046,0,0,0
sz002543,800,0,0
sh600439,0,0,0
sz300050,4332,1293,0
sh600018,14201,18356,1836
sh600595,4764,0,0
sz000012,9759,7774,0
sh600195,1081,869,0
sh603667,0,0,0
sh603377,0,712,0
sz000065,0,0,0
sz002582,0,0,0
sh601608,0,4032,0
sz002551,0,0,0
sz002034,0,205,0
sz000839,104031,94341,0
sh603819,0,900,0
sz002195,12131,16712,0
sz002433,0,0,0
sh600062,501,0,0
sz002509,9733,2193,0
sz000786,20386,14613,0
sh600583,0,0,0
sh600271,17623,36304,618
sh600517,12402,4263,0
sh601898,5698,10746,0
sz002663,1891,0,3009
sz300199,2393,1136,0
sz002311,0,2120,0
sh600587,0,0,0
sh601989,81481,119599,0
sh600867,2502,586,0
sh600816,881,1000,0
sh603797,1777,0,0
sz002320,589,1346,0
sz002099,0,3000,0
sz002056,4714,18589,0
sz002645,0,0,0
sz002773,193,0,0
sz300038,46176,48441,7658
sh600992,1113,0,0
sh600689,0,0,0
sz300545,266,383,0
sz300397,7483,11440,1186
sz002853,523,0,0
sz300043,0,0,0
sz002727,0,0,0
sz000593,0,0,0
sz002154,0,0,0
sh600295,44658,18610,1721
sh600055,1709,1210,0
sh603519,521,1564,0
sz002638,0,0,0
sh600743,0,0,0
sz002584,627,0,0
sz000060,2113,1977,0
sz300287,3350,4510,0
sz300501,0,0,0
sz002352,448,304,0
sz300132,0,0,0
sh600366,620,0,0
sz000008,13020,0,0
sz002236,21327,22721,0
sh603393,0,0,0
sz002215,0,0,0
sz300571,0,0,0
sz000430,0,0,0
sz002060,0,0,0
sz000825,52751,17099,0
sh603359,304,0,0
sh600291,10402,7274,0
sh603916,0,0,0
sz300621,0,0,0
sz002760,300,0,0
sz002332,0,0,0
sz002451,932,600,0
sz000404,0,5171,0
sh600800,3887,2200,0
sh600491,0,2371,0
sz002714,23086,8586,898
sz000798,0,0,0
sh603181,0,0,0
sz002793,0,0,0
sh600908,2877,0,0
sh603958,0,0,0
sh600891,0,0,0
sz002549,0,0,0
sz300016,2000,0,0
sh600208,67847,100144,9680
sz000598,5125,5679,0
sz000676,0,0,0
sh603536,0,0,0
sh600716,2830,0,0
sh603009,0,0,0
sz002394,1044,9485,0
sh603360,0,0,0
sh600526,0,0,0
sz002526,3971,0,0
sz002631,900,0,0
sz300127,0,0,0
sz300398,1200,1500,0
sz002142,22347,19215,821
sh603976,0,0,0
sh600496,2850,27139,0
sz002431,1775,0,0
sz002870,0,0,0
sz002161,4334,1651,0
sz300097,0,389,0
sz300160,8691,2780,0
sh600090,0,0,0
sh603128,1916,0,0
sh603555,0.0,0.0,0.0
sh600010,50764,38123,0
sz002811,0,0,0
sz002857,2113,0,0
sz000911,0,0,0
sz002445,1588,0,0
sh603929,1732,1171,0
sh603881,1309,1588,0
sz000758,3353,0,0
sh603017,0,0,0
sh603299,0,0,0
sz002450,50284,30291,2059
sh603005,2368,2566,0
sz002024,152167,147733,1145
sh600624,0,0,0
sh600506,0,0,0
sh601001,0,0,0
sz300118,1058,0,0
sh603878,0,0,0
sz000815,3172,0,0
sz300087,0,0,0
sh600599,0,0,0
sz000829,1421,1358,0
sh600488,0,0,0
sz002893,2303,2047,0
sh600635,0,0,0
sz000607,0,0,0
sz300081,3345,0,0
sh600545,0,2296,0
sh603517,281,0,0
sz002475,62431,21949,929
sz300057,0,0,0
sz300697,0,0,0
sz002040,0,0,0
sz002544,0,0,0
sh600362,16553,20994,0
sh600422,0,0,0
sz300562,522,0,0
sh601965,0,0,0
sh600113,0,0,0
sz300552,0,0,0
sz300189,0,0,0
sz000425,13931,56630,0
sz300690,177,0,0
sh600758,0,0,0
sz002900,0,0,0
sz002094,4197,0,0
sz002616,0,0,0
sz300373,5020,7509,0
sz002846,0,0,0
sz002156,59465,58424,1221
sz002810,0,0,0
sz300682,0,0,0
sh600072,0,0,0
sz300569,0,0,0
sh603566,0,0,0
sz002452,0,0,0
sz002800,0,0,0
sz300319,0,0,0
sh600828,0,0,0
sz300320,0,937,0
sz002758,0,0,0
sh600336,0,0,0
sh600550,0,0,0
sz300412,0,0,0
sh603123,0,0,0
sh600820,0,3172,0
sh600206,177004,191354,14958
sh601800,0,713,0
sz300211,0,0,0
sz002585,4580,0,0
sz300281,0,0,0
sz002649,0,2847,0
sz000409,0,2971,0
sh600070,0,0,0
sz000153,0,0,0
sz002086,26128,3170,0
sz002206,0,0,0
sh601163,0,0,0
sz300561,0,0,0
sh601010,2884,0,0
sh601038,0,0,0
sh600482,1843,708,1663
sh600859,14128,10162,772
sz000751,0,0,0
sz002121,1541,0,0
sz000423,640,862,0
sz300583,0,0,0
sz000733,7443,12050,0
sh601139,4503,0,0
sh600986,0,0,0
sh601766,265381,378088,3921
sh600490,10749,4432,0
sz300546,0,0,0
sz002674,0,0,0
sh603200,0,0,0
sz000523,0,1491,0
sz002265,0,0,0
sz300489,0,0,0
sz000897,10000,0,0
sh600623,0,0,0
sh600711,12785,11237,0
sh603969,0,0,0
sz002837,0,0,0
sz002307,2318,0,0
sh600613,0,0,0
sz300656,257,699,0
sz300037,0,0,0
sh603286,281,1069,0
sz002146,9487,8115,0
sh600796,0,0,0
sz000809,0,0,0
sz000545,2462,2000,0
sz300598,0,0,0
sz002057,0,0,0
sz000691,0,0,0
sh600704,13901,1869,0
sz002753,0,772,0
sh603007,0,0,0
sh600876,0,0,0
sz002292,841,0,0
sz300337,0,0,0
sz300577,0,0,0
sz002333,0,0,0
sz300652,500,0,0
sz000667,0,0,0
sz300457,504,0,0
sz300224,3272,2129,0
sz300464,0,0,0
sz002191,0,5639,0
sh603081,0,0,0
sh600345,16158,3502,2321
sh600600,841,341,0
sz000004,0,0,0
sh600629,0,0,0
sz300283,0,0,0
sz002173,0,0,0
sh603776,0,173,0
sz000813,0,0,0
sz000792,37798,15303,0
sz000970,4612,781,0
sz300416,0,0,0
sz300510,0,0,0
sh600561,0,0,0
sh600577,0,0,0
sz002719,0,0,0
sz300420,0,0,0
sz000100,350740,249672,0
sz002621,701,0,0
sz000066,9761,6653,0
sz002335,0,0,0
sz300590,26543,17464,2120
sz002228,2338,0,0
sz002068,9849,2007,0
sz002498,0,0,0
sh600636,0,0,0
sz002652,0,0,0
sz300585,491,3872,0
sz300731,0,0,0
sz300710,1884,0,0
sh603569,0,0,0
sz002639,0,0,0
sz300661,548,0,0
sh600568,87154,45609,10391
sz000099,0,0,0
sh603100,0,0,0
sh603556,0,0,0
sz000677,0,0,0
sh603626,867,700,0
sz000544,0,0,0
sz002380,0,0,0
sz000628,0,0,0
sz000796,0,0,0
sz002175,5513,1569,0
sh600551,0,0,0
sz300036,3244,0,0
sh600213,0,0,0
sh600771,707,311,0
sh601186,9358,16240,0
sh600518,8520,12917,0
sz300007,0,0,0
sz300499,0,0,0
sh601238,5072,5261,0
sh603199,0,0,0
sh600854,0,0,0
sz300111,0,0,0
sh600393,1650,1800,0
sh600151,0,7098,0
sz002211,0,0,0
sh600400,0,0,0
sz000670,170741,123569,14835
sz000987,0,0,0
sh603809,0,899,0
sz300494,2638,3399,0
sz300326,0,0,0
sz000801,0,2319,0
sh600601,12856,0,0
sh603127,0,0,0
sz002730,1041,0,0
sh600959,0,0,0
sz002795,0,0,0
sh600480,626,847,0
sh600965,0,0,0
sh600207,0,0,0
sz002256,0,0,0
sh600398,11959,1149,0
sz300322,4127,1641,0
sz002153,3819,2328,0
sz300158,0,0,0
sz300557,0,0,0
sh600643,1000,2294,0
sz002471,0,0,0
sh600777,3242,0,0
sz300183,4615,4959,579
sz000505,0,0,0
sz002602,1942,778,0
sz300467,0,1202,0
sh600455,0,0,0
sz000860,0,1228,0
sz300254,0,0,0
sz300006,5975,2878,0
sh600698,0,4170,0
sz002647,0,0,0
sz000623,2819,8471,0
sh601919,0,8368,0
sz000659,5550,0,0
sz002197,5410,903,946
sz000422,0,0,0
sh603887,0,0,0
sh600578,0,0,0
sz300026,5005,17487,0
sh601069,848,959,0
sh600462,0,0,0
sh600543,0,0,0
sh603278,0,0,0
sz002238,0,0,0
sh600501,0,0,0
sh600850,0,0,0
sz000656,0,3580,0
sz300101,6402,2169,1394
sh600983,0,0,0
sz002640,0,1002,0
sz300099,0,0,0
sh600017,0,5201,0
sz002234,4444,12717,0
sz002599,0,0,0
sh600565,6575,0,0
sz300722,1617,1055,830
sz002185,253051,186768,6729
sz300424,0,0,0
sz300565,0,652,0
sz002216,0,7440,0
sh601717,9918,0,0
sz300279,0,0,0
sh600033,0,0,0
sh600160,6637,10229,0
sh603031,0,0,0
sz002422,6244,3869,0
sz002667,0,1100,0
sh603339,0,0,0
sh600279,0,0,0
sz002059,0,4683,0
sh600893,1875,1279,0
sz000333,134558,107495,15856
sz000760,1751,0,0
sh603159,0,0,0
sh600536,0,0,0
sh600303,0,0,0
sz002502,1820,0,0
sz300163,0,0,0
sh600220,0,0,0
sz000937,7256,4625,0
sh603660,2038,1501,0
sh600387,0,0,0
sz002632,0,0,0
sz300107,0,0,0
sz002425,2500,0,0
sz300599,0,0,0
sz002780,0,0,0
sz300603,577,259,0
sz300181,0,0,0
sh603258,4185,1348,1101
sh603320,0,500,0
sh600188,34862,13916,0
sz300586,0,0,0
sh601016,0,3497,0
sh603860,0,0,0
sh601968,0,0,0
sh600079,3658,0,0
sz002243,0,0,0
sz002486,8569,0,0
sz002869,0,0,0
sz002666,21526,3098,0
sh603686,0,1702,0
sh600706,0,602,0
sz002330,0,0,0
sh600269,0,2798,0
sh600311,27210,34018,4287
sh600597,3404,3481,0
sh600021,0,0,0
sz002136,0,0,0
sh603716,0,0,0
sh603298,0,0,0
sz002607,6725,0,0
sh600535,0,0,0
sz300020,3548,1000,0
sh603618,0,0,0
sz002118,43480,24822,0
sh601808,0,4574,0
sh603912,3132,1381,0
sz300723,341,1187,0
sz000633,0,0,0
sz002449,8136,13064,2305
sh600884,7497,5559,0
sh600999,4680,14630,0
sh600637,9495,0,0
sz002114,1270,0,0
sh600418,2143,2358,0
sz000611,0,0,0
sh603698,0,0,0
sz002708,0,0,0
sh600283,5905,1011,0
sh603488,6107,0,0
sh600827,9974,5811,927
sh600307,50787,77679,0
sh603077,20108,56962,0
sz300247,0,0,0
sz300633,934,0,0
sh600448,0,0,0
sz002350,0,0,1458
sh600848,475,647,0
sh600469,0,0,0
sh600163,0,0,0
sh600293,22979,6238,0
sz002868,0,0,0
sh600649,0,3366,0
sz300312,0,1002,0
sz002258,6300,3375,0
sh600898,0,0,0
sz002889,0,0,0
sz002479,37039,2074,0
sz002399,0,0,0
sz300220,0,0,0
sz002715,0,0,0
sz300396,0,0,0
sz000563,5308,4372,0
sz002271,4110,3211,0
sh603603,325,0,0
sh600117,0,0,0
sz002207,0,0,0
sz002476,0,1733,0
sh600381,0,0,0
sz000620,0,0,0
sh603838,0,0,0
sz300354,0,0,0
sh600982,0,0,0
sh603823,0,0,0
sz300304,1500,0,0
sh600022,265579,95932,0
sz002542,3097,0,0
sz002249,0,1561,0
sh600355,0,0,0
sz300602,198,0,0
sh600819,0,0,0
sh603985,0,0,0
sz002310,33076,12634,505
sh600231,45763,43991,0
sh600436,1434,375,0
sh601137,0,0,0
sz002325,2146,3250,0
sz002284,0,0,0
sz002448,0,0,0
sz300711,2737,21193,5098
sh600101,0,0,0
sz002648,3990,1809,0
sh600744,6196,0,0
sh601179,0,0,0
sz300417,0,0,0
sh603855,0,0,0
sz002591,0,0,0
sh600639,0,0,0
sz300609,0,503,0
sz300115,3508,510,0
sh603599,0,0,0
sh603900,371,892,0
sh601908,0,0,0
sz300513,0,0,0
sh603600,0,0,0
sh601008,0,0,0
sz000418,0,0,0
sz002487,0,0,0
sh603988,0,0,0
sz002635,4194,412,0
sz000005,5197,0,0
sz000983,23792,21300,0
sz300069,2344,0,0
sh603133,0,0,0
sz000637,0,0,0
sh601118,0,12736,0
sz002501,0,0,0
sz002895,7457,7382,0
sz002677,0,1000,0
sz300098,6116,0,0
sh600606,127396,112153,0
sz002327,1587,0,0
sh600662,0,0,0
sh603990,0,0,0
sh600868,10938,3000,0
sz300151,0,0,0
sh600647,0,0,0
sh603011,0,0,0
sh603085,0,0,0
sz002007,0,1506,0
sh601992,21026,22092,0
sz002564,0,0,0
sh603896,1058,0,0
sh601328,43422,112072,0
sz002609,0,0,0
sh603737,0,0,0
sh600719,0,0,0
sz002770,0,0,0
sh603609,0,0,0
sz300698,1021,3430,0
sz000917,3083,2499,0
sz002208,0,0,0
sz300233,0,0,0
sh601872,0,0,0
sh600655,0,996,0
sz300432,0,1186,0
sz300418,2560,3344,0
sh600282,218630,211324,0
sz300291,12769,19895,0
sz002465,0,10515,0
sz300264,0,3123,0
sh600721,0,0,0
sz000713,0,0,0
sz300411,0,0,0
sh600425,0,0,0
sh603357,648,0,0
sh600095,0,0,0
sh603309,0,0,0
sz002106,9832,1021,0
sh603505,1003,0,0
sh600586,2781,0,0
sh600560,0,0,0
sz002290,0,0,0
sz002035,500,504,0
sh600801,10861,8833,0
sz300122,2853,2393,769
sh600815,2581,0,0
sh600567,35981,18630,0
sz002128,23907,11496,0
sz002223,547,501,0
sh603306,0,0,0
sz300083,7815,1618,0
sz300288,1000,0,0
sz002799,0,0,0
sz300401,1150,923,0
sh600509,0,8851,0
sz002721,0,0,0
sh603078,1055,0,0
sz002032,358,0,0
sh600116,18703,44380,1960
sz002101,0,0,0
sz300625,0,0,0
sz002314,0,0,0
sz300232,974,0,0
sh600538,0,0,0
sz000902,0,2000,0
sh600202,0,0,0
sh600388,6016,8014,0
sh600277,5032,18682,0
sz300311,0,0,0
sz000920,1374,0,0
sh600444,0,0,0
sz000552,0,0,0
sz300345,0,4689,0
sh600313,0,3149,0
sh600069,4325,0,0
sz002345,0,0,0
sz002111,0,700,0
sz300452,0,0,0
sz002180,977,500,0
sz300687,0,0,0
sz002628,2020,0,0
sh601216,20162,14950,0
sh600642,8299,2079,0
sz300531,0,0,0
sh600759,0,6604,0
sh600104,11371,10664,0
sh600757,0,0,0
sz300400,0,0,0
sh603319,0,0,0
sh600708,0,0,0
sz300129,5167,0,0
sz300031,0,0,0
sz000859,0,0,0
sz002393,0,0,0
sz300382,0,0,0
sh600723,0,0,0
sh600817,907,0,0
sh600549,4301,4153,0
sz002867,0,0,0
sh603839,0,0,0
sz300641,0,0,0
sz002641,0,0,0
sz300689,2910,18909,0
sh600019,182746,207203,7150
sh600917,0,0,0
sh603999,0,0,0
sz300556,605,0,0
sz002127,4316,1230,0
sz300588,0,0,0
sz002752,3375,0,0
sz002247,0,985,0
sh601019,8068,2787,0
sz002835,0,0,0
sh601799,337,260,0
sz300589,0,0,0
sz000811,0,1939,0
sh600061,0,0,0
sh600463,0,0,0
sz000697,1125,3504,1400
sz300672,679,0,0
sz300306,0,0,0
sz300660,0,0,0
sz300324,12560,38976,0
sz002665,12076,0,0
sh603507,0.0,0.0,273.0
sh600508,1212,0,0
sz300573,0,0,0
sz002349,0,0,0
sh600130,27127,13546,0
sz300471,2447,0,0
sz002817,0,0,0
sh600502,4244,1605,0
sh600089,47358,17405,0
sz002831,0,0,0
sh600640,0,0,0
sh600261,6252,0,0
sz002679,487,0,0
sz002757,0,0,0
sz002695,0,1607,712
sz300408,6432,10525,0
sz002232,0,0,0
sh600680,0,0,0
sz002055,5101,499,0
sz000533,0,0,0
sh603380,0,0,0
sz002145,20381,0,0
sh601811,0,0,0
sh603978,293,831,0
sh600879,8955,9948,0
sh603086,0,0,0
sz300065,0,0,0
sh600098,0,0,0
sz002769,700,0,0
sh603803,0,0,0
sh600028,113023,195023,0
sz002169,0,2174,0
sz300406,0,919,0
sh600287,0,1736,0
sz000836,2421,17146,0
sz300177,0,1111,0
sz300334,0,754,0
sz300063,20670,29366,0
sh600080,0,0,0
sh600380,11762,8263,0
sz002013,1000,1514,0
sz002137,0,0,0
sz000040,2439,1782,0
sh603630,0,0,0
sz300047,0,0,0
sh600880,2000,0,0
sh603825,0,0,0
sz300399,0,0,0
sh600866,0,0,0
sz300450,1242,616,0
sz300218,0,0,0
sz002363,0,0,0
sz300076,28971,9221,2038
sh600052,0,0,0
sh600626,0,0,0
sz000686,8225,7866,0
sz002581,0,0,0
sz300055,16666,8667,0
sz300611,0,0,0
sh603180,0,0,0
sh603730,0,0,0
sh601618,4694,13004,0
sz000338,47615,38496,0
sh600149,0,0,0
sz300708,43602,45087,6456
sh600761,0,0,0
sh601601,27603,27954,1579
sz002159,933,0,0
sh600871,23974,18522,0
sh603787,0,0,0
sz300363,1000,0,0
sh603578,0,500,0
sz000957,0,0,0
sz002177,0,0,0
sz002240,0,0,0
sz000968,3915,4791,0
sz002214,6500,7479,0
sh600889,0,1106,0
sz000756,0,0,0
sz300309,0,0,0
sh600596,1900,1277,0
sz000931,0,0,0
sh603799,15020,10018,446
sh603818,0,0,0
sz000571,0,0,0
sz300460,0,0,0
sz000753,0,0,0
sh600512,7912,5489,0
sh600836,0,0,0
sz002164,0,0,0
sz300591,0,1330,0
sz300451,0,0,0
sz000969,2494,8441,0
sh603577,0,0,0
sh600319,40060,1442,0
sz300374,0,807,0
sz300559,0,0,0
sz300579,0,0,0
sz002697,30881,6748,0
sz002095,0,0,0
sz000715,0,0,0
sh601668,173958,255043,1051
sz002053,2042,0,0
sz002150,0,0,0
sh601999,0,0,0
sz300360,0,1511,0
sh603197,219,200,0
sh600521,2891,387,0
sh600288,0,5383,0
sh600847,0,0,0
sh600557,0,0,0
sh603993,216035,112506,0
sz002886,0,0,0
sh603722,4094,7333,257
sz002309,0,0,0
sz002112,7331,1561,0
sz300147,0,0,0
sz002009,7152,700,0
sh601933,105455,268419,1577
sz000821,0,0,0
sz002019,11807,6519,0
sh603387,0,210,0
sz002183,0,18841,0
sz000779,0,0,0
sh603239,0,731,0
sh603637,0,0,0
sh600784,0,0,0
sz000603,932,0,0
sh600936,0,0,0
sz002696,0,0,0
sz300239,0,0,0
sh603619,0,301,0
sh601952,7012,9787,0
sz000608,0,0,0
sh603528,0,0,0
sz300506,0,0,0
sh600546,6180,21400,0
sz300693,0,0,0
sz002746,0,0,0
sz300348,0,0,0
sh600171,104387,99694,12597
sh603316,0,0,0
sh600318,0,0,0
sz002076,0,0,0
sz002748,0,0,0
sh600667,282491,196348,7572
sh600737,1251,1731,0
sz300362,1001,1800,0
sz300485,0,0,0
sz000400,0,762,0
sz000568,7244,9830,0
sh600995,0,0,0
sz000560,0,0,0
sz002546,0,1980,0
sh600523,0,0,0
sh601011,25753,11370,0
sz002006,2501,3900,0
sz002801,0,0,0
sh600528,0,0,0
sz300023,0,0,0
sz000639,0,0,0
sh600382,0,0,0
sz002080,625,1488,0
sz300004,0,0,0
sz002432,0,0,0
sz002777,0,0,0
sz000981,0,0,0
sz300547,0,0,0
sz002381,0,0,0
sz000887,6880,5925,0
sh601858,1000,0,0
sz300442,0,0,0
sz002002,0,0,0
sz002862,0,600,0
sh600027,11413,9609,0
sh600223,3163,0,0
sh603331,0,0,0
sz300209,600,0,0
sz002244,0,0,0
sz002466,40128,29800,1147
sh601988,124028,219608,0
sh600066,4663,15459,1478
sz300341,0,0,0
sz000043,3200,0,0
sz002820,0,0,0
sz002598,0,0,0
sh601211,8291,18308,1269
sz300627,0,0,0
sz002369,1136,0,0
sh600794,19298,0,0
sz002792,2389,1335,641
sh601288,393920,544192,3053
sh600730,0,0,0
sz002176,6922,12271,0
sz002485,0,0,0
sh603345,0,0,0
sz002155,4150,3618,0
sz000028,198,0,0
sh603289,0,0,0
sh600320,1796,0,0
sh603987,0,0,0
sh600251,0,0,0
sz002119,0,0,0
sh600745,2881,4285,0
sz300041,0,0,0
sh603179,0,0,0
sz000868,16574,9235,0
sh600192,1909,0,0
sh600630,0,1397,0
sz300456,950,1669,0
sz300094,5986,1451,0
sh600872,712,0,0
sh603028,0,0,0
sh601098,0,0,0
sz300316,14398,5542,0
sh600196,42185,28123,2852
sz000958,0,2106,0
sz000673,23420,5523,0
sz300295,0,552,0
sz002428,0,1040,0
sz002850,0,0,0
sz000716,0,0,0
sz002626,601,3257,0
sz300446,0,0,0
sz002438,0,0,0
sh600358,0,2000,0
sz002477,144523,93191,0
sh600330,92595,49653,5425
sz002605,815,0,0
sh601616,0,0,0
sh601515,0,0,0
sz000550,0,0,0
sh603919,0,0,0
sz300180,0,0,0
sh600415,3620,9349,0
sz002268,10606,4086,0
sh600007,0,0,0
sz300681,707,0,0
sz300290,0,0,0
sz300237,1000,1008,0
sz002583,6448,7044,0
sh600159,0,0,0
sh600980,0,0,0
sh600736,0,0,0
sz000419,0,0,0
sz000416,0,0,0
sz300219,0,0,0
sz000651,154784,112128,11031
sz000632,0,0,0
sz300587,0,0,0
sh601689,4211,0,0
sz002096,0,0,0
sz300702,0,0,0
sz000096,0,0,0
sz300166,0,0,0
sz002772,0,0,0
sz300576,0,0,0
sz300141,1025,0,0
sh601198,0,0,0
sz002390,3061,2000,0
sz002181,0,0,0
sh601500,13340,8934,0
sh600167,1941,1775,0
sh601169,7148,14509,0
sh601607,4237,4170,0
sz002403,0,0,0
sz300257,0,0,0
sz002775,0,0,0
sz002408,17216,16317,0
sz002892,2523,1135,0
sz002413,2754,1000,0
sz002456,101854,72314,6117
sh601567,0,0,0
sh600290,5519,4776,0
sz300525,0,0,0
sz000613,0,0,0
sh600420,2847,3009,0
sh600717,1020,0,0
sh603877,0,0,0
sz000561,0,0,0
sh601595,0,0,0
sh601633,10369,3359,0
sh600765,835,0,0
sz002600,388219,427849,37356
sz002461,0,0,0
sz002251,4409,0,0
sh600292,0,0,0
sz300717,660,327,0
sz300654,474,0,0
sz000565,0,0,0
sz002341,7758,1436,556
sh600651,5597,2083,0
sz002227,0,0,0
sh603186,0,882,0
sz002742,9221,2214,0
sz002693,0,0,0
sz002071,0,0,0
sz300338,0,0,0
sz000913,697,1186,0
sh600023,10582,8000,0
sz300645,0,0,0
sz300642,0,0,0
sh601881,5377,40632,0
sh600268,0,0,0
sh600379,0,0,0
sh603108,0,0,0
sz002377,3929,1998,0
sz300002,0,0,0
sh600873,3343,4010,0
sh603922,1155,4716,0
sz300070,11249,6195,1993
sh600519,13458,11892,2147
sz002372,0,0,0
sz000682,0,0,0
sz300136,22655,19926,1841
sh600477,0,3221,0
sh600851,0,2195,0
sz002434,6347,1933,0
sz000761,8828,20065,0
sz000046,0,1600,0
sz002761,0,0,0
sz002803,0,0,0
sh600702,3671,907,0
sh603367,0,0,0
sz002593,0,0,0
sz002052,7522,1662,0
sz000700,0,0,0
sh603616,0,0,0
sz000826,11776,4219,0
sz002883,0,0,0
sz000069,9525,21151,0
sz002069,0,0,0
sz000570,0,0,0
sz002233,4244,0,0
sh601006,2527,11093,0
sz300108,7182,2744,0
sz002786,0,0,0
sh600267,4229,2018,0
sh600326,2402,4970,0
sz300655,0,0,0
sz002239,29014,8220,0
sz002689,0,0,0
sz300005,4099,0,0
sz300078,2000,7310,0
sh600369,11902,34746,0
sh600756,0,0,0
sh603928,0,0,0
sh600770,32031,24576,0
sh601688,13221,26053,0
sz300051,0,2629,0
sh600004,3595,846,0
sz000709,62773,85695,0
sz000530,0,0,0
sh600452,0,0,0
sz300375,0,0,0
sz002147,2700,1072,0
sz002404,0,0,0
sh603318,0,0,0
sz300229,2511,2981,0
sz002245,37174,32088,0
sz002523,0,0,0
sh600933,4013,1889,0
sh600056,460,495,0
sz300355,201849,172480,10549
sz300120,0,0,0
sz300415,0,0,0
sh603997,0,0,0
sz002762,0,0,0
sh601611,70926,36294,1052
sh603568,0,0,0
sh601900,0,0,0
sh603963,0,436,0
sh601588,0,0,0
sh603766,19400,5434,0
sh603208,0,252,0
sz002253,0,0,0
sh600984,0,0,0
sh600826,0,0,0
sz002274,0,0,0
sz002898,530,0,0
sz002373,6210,5034,0
sh603178,0,0,0
sz000915,691,4267,0
sh600728,14706,6467,0
sz300600,0,0,0
sz002194,7094,4152,2046
sz002566,0,0,0
sz002082,0,0,0
sz002816,0,0,0
sz002030,541,758,0
sh603933,402,250,0
sh600690,117450,74013,3619
sh600604,1566,6694,0
sz300700,4136,3760,389
sz300130,0,0,0
sz300236,494,1709,0
sz300709,155,134,0
sh600569,239862,158891,20356
sz300125,0,0,0
sh603588,4584,1831,0
sz300019,0,0,0
sh600996,0,0,0
sz000898,31001,25164,0
sz300595,0,0,0
sh603326,0,0,0
sh600375,0,0,0
sh601116,14795,1515,526
sh600495,2025,0,0
sh600559,7203,6835,0
sh601101,1797,0,0
sz000068,0,0,0
sh603980,0,0,0
sh603767,0,0,0
sh603228,0.0,0.0,0.0
sz002134,0,0,0
sh600979,2205,0,0
sz002050,25555,20181,635
sz000823,9097,3092,1500
sh600300,7213,2875,0
sh600678,0,0,0
sh600148,409,1067,0
sz300067,0,0,0
sz000830,109715,146284,15300
sh600370,0,0,0
sh600750,0,0,0
sh600810,0,0,0
sz000725,3347918,2661311,0
sz002295,0,0,0
sh601997,4856,1774,0
sh600622,0,1000,0
sz002888,0,0,0
sz300075,0,1020,0
sz002138,8877,5904,0
sz002166,0,0,0
sh600865,0,0,0
sz002436,74606,65426,2468
sz300538,0,0,0
sz002186,0,0,0
sh600581,45791,39311,6200
sh600886,22558,50447,0
sh600791,1520,0,0
sh600663,0,839,0
sz002122,2511,0,0
sz002533,0,0,0
sh600212,0,0,0
sz002078,9411,3608,0
sh600352,34355,51956,0
sz000807,126755,84981,1871
sz000922,0,10007,0
sh600487,67512,67827,5341
sz002367,0,0,0
sz002594,10710,12533,1696
sh601126,0,1536,0
sz002899,0,5416,0
sh600764,8586,1200,0
sh601996,0,7451,0
sh600435,52042,41860,0
sz300380,1012,1838,467
sz002829,0,0,0
sz002192,1257,0,0
sz000151,0,0,0
sz002568,0,0,0
sz000548,0,0,0
sz002102,9828,5015,0
sh600687,4475,6038,0
sz002014,1879,0,0
sz300517,0,0,0
sz002368,0,1980,0
sh600410,3123,0,1247
sz300463,602,0,0
sh600234,1000,0,0
sh600498,32375,12774,0
sh603586,0,0,0
sh603355,0,0,0
sh600409,8745,13679,0
sz002222,12096,1743,0
sz000960,836,0,0
sz002917,0,0,0
sz002726,0,0,0
sh601857,40269,34608,0
sh600073,1748,1774,0
sh603358,0,0,0
sz000780,0,0,0
sz000521,0,0,0
sh600193,0,0,0
sz002908,0,0,0
sh600961,0,0,0
sz002595,0,0,0
sh601890,0,0,0
sz002877,0,0,0
sz000890,0,0,0
sh600299,0,2000,0
sz300034,0,1003,0
sz300425,1041,0,0
sz000157,3287,15744,0
sh600747,0,0,0
sh600754,0,600,0
sz002070,0,17055,0
sz002472,0,0,0
sz002736,1470,0,0
sz002224,0,0,0
sz300701,0,326,0
sh603116,0,0,0
sz000876,11353,33060,0
sz002126,2103,0,0
sh600479,0,1816,0
sh603656,0,0,0
sz000546,4501,2636,0
sz002378,0,0,0
sz000023,0,0,0
sz002731,0,0,0
sh600337,0,0,0
sh600844,0,2000,0
sh603908,0,0,0
sz300277,0,0,0
sz000926,0,950,0
sh603859,478,0,0
sh603444,0,0,0
sz002547,17604,16499,1995
sz300241,5006,1335,0
sz002706,0,0,0
sz300459,0,1200,0
sz002359,500,0,0
sz300325,82330,49367,9911
sz300716,0,0,0
sz300178,0,0,0
sz002279,0,0,0
sz300703,0,0,0
sz002417,0,0,0
sh603708,9129,8533,0
sz002354,10711,4968,0
sh603323,11209,1468,0
sz002759,7051,2950,1770
sh603726,0,0,0
sz002084,0,0,0
sz300584,0,0,0
sh601336,32999,28002,874
sh600781,520,1599,0
sh600499,12803,7764,0
sz300366,1000,0,0
sz300268,9356,8527,0
sh600860,0,0,0
sh600988,0,10849,0
sz000421,0,0,0
sz300128,24091,29844,0
sz002371,13296,19056,770
sh600478,0,0,0
sz000599,0,0,0
sz000506,0,1853,0
sz300252,0,0,0
sh603685,948,635,0
sz300530,0,0,0
sz300011,991,2039,0
sz300440,1000,0,0
sh600139,0,0,0
sh601020,0,0,0
sh600726,0,0,0
sz002873,0,0,0
sz300725,5506,10073,2303
sz002776,0,0,0
sz000711,2710,0,0
sh603661,159,927,0
sz002387,1410,2338,0
sz300188,3478,1349,0
sh600110,33269,26876,0
sh601969,0,0,0
sz300192,9000,916,0
sz300508,0,0,0
sh603313,436,368,0
sz002662,1410,1500,0
sh600029,71226,79526,0
sz000990,0,0,0
sz002513,0,0,0
sh601228,1749,0,0
sh600897,0,0,0
sz300280,0,0,0
sh601333,13502,18739,0
sz000848,0,2410,0
sh600037,1085,1932,0
sz002911,1049,658,0
sz300453,852,0,0
sz300215,1200,1744,0
sh600109,7797,26399,0
sz002467,2631,0,0
sz002385,21433,28002,0
sh600219,61161,34076,0
sh600475,0,0,0
sh603901,0,0,0
sz002588,0,0,0
sz000032,0,0,0
sh600141,0,658,1010
sh600821,6833,1893,0
sz300550,0,0,0
sz300042,0,0,0
sh600683,0,0,0
sz002796,0,0,0
sz002747,0,0,0
sh600811,7668,0,0
sh600616,0,0,0
sz000595,0,0,0
sz002577,0,0,0
sz000948,2534,0,0
sz300658,0,0,0
sz300339,0,0,0
sz002849,0,0,0
sz002031,0,0,0
sh603869,0,0,0
sz002140,0,0,0
sz002836,0,0,0
sz300317,4555,8368,0
sz002890,0,0,0
sz000993,0,0,0
sz300607,0,0,0
sz002105,0,0,0
sz002876,0,0,0
sh603060,0,0,0
sz300024,0,600,0
sz300174,0,0,0
sz300303,0,0,0
sh600513,0,0,0
sh603016,0,0,0
sh601928,0,0,0
sz000738,698,670,0
sh603022,0,0,0
sz300307,0,0,0
sz002272,0,0,0
sh600483,0,0,0
sz000597,9757,13037,0
sz002296,0,0,0
sh600529,0,0,0
sz300402,0,0,0
sz002004,1857,1967,0
sh600619,0,0,0
sz002521,0,0,0
sz002732,0,0,0
sz000802,3665,1687,0
sz300512,0,0,0
sz002906,478,0,0
sh603822,0,0,0
sz300578,0,0,0
sz002410,5797,963,778
sz000657,0,0,0
sh603848,0,0,0
sh601088,22417,31552,0
sh600841,37951,10689,0
sz002484,0,0,0
sz300511,0,0,0
sz002537,0,2511,0
sz300216,0,0,0
sh600500,0,3166,0
sz000810,0,0,0
sz002572,3837,1237,0
sz002750,0,0,0
sh603169,0,0,0
sh600137,1915,12783,1282
sz000963,2016,3375,0
sh603777,0,0,0
sz300289,0,0,0
sh600722,7333,3511,0
sz002905,800,0,0
sz000671,12472,11581,0
sh601558,8257,6093,0
sh600433,0,3005,0
sz300604,479,941,0
sz300422,2475,0,0
sz000018,0,0,0
sh603889,5328,0,0
sh600272,0,0,0
sh603139,0,0,0
sz002021,0,0,0
sz002751,0,0,0
sh600377,4930,2002,0
sz002023,3906,8153,0
sz000838,1901,0,0
sz002480,0,0,0
sh603615,0,0,0
sh603668,0,0,0
sz300472,0,0,0
sz002027,90499,46627,0
sz300381,0,0,0
sh600895,0,2432,0
sz002162,0,0,0
sz300384,0,0,0
sz002855,0,0,0
sz300488,451,0,0
sh603917,0,0,0
sz300441,0,0,0
sh603336,0,6354,0
sz000669,957,0,0
sz002765,0,0,0
sh600802,16194,1321,0
sz002339,0,0,0
sh603798,0,0,0
sz002767,0,0,0
sz002597,5380,1675,0
sz002819,0,0,0
sh603920,1105,0,0
sz300336,957,0,0
sz002276,0,0,0
sz002858,0,0,0
sz300073,2101,575,0
sz002139,12982,3372,0
sz002830,0,0,0
sz002556,2752,0,0
sh603611,1255,0,0
sh601998,20974,40933,0
sz000927,7301,6800,0
sh603113,1245,0,0
sz300391,0,0,0
sz300068,3371,0,0
sz002828,1001,0,0
sz000737,0,0,0
sz002151,12889,10662,2442
sh600155,1010,1171,0
sh600862,3208,0,0
sz000998,7211,9343,0
sz000166,6154,6477,0
sz000617,0,0,0
sz002277,10432,0,0
sh600426,21732,17349,1010
sz300404,0,0,0
sz002388,0,0,0
sh600008,30498,7299,0
sz002488,4603,4718,0
sh600058,0,0,0
sh600493,0,0,0
sh600693,3567,0,0
sz300640,0,0,0
sz300244,0,0,508
sh600654,10283,9063,0
sz002558,0,406,0
sh600075,1955,2327,0
sh603608,0,0,0
sz300250,0,0,0
sh603885,0,915,0
sz002812,537,0,0
sz000822,0,0,0
sh600389,0,0,0
sz000679,0,0,0
sz300542,1946,1925,0
sh600470,0,0,0
sh600333,0,0,0
sz002412,0,0,0
sz002633,0,0,0
sh603499,0,0,0
sz000025,250,0,0
sz300699,9810,8214,1468
sz002346,0,0,0
sh600222,0,0,0
sh600653,7641,0,0
sz300439,0,0,0
sz002092,56058,25466,0
sz002560,0,0,0
sz002863,4958,5720,0
sz002167,4000,1149,0
sz002316,0,0,0
sz000752,0,0,0
sz000736,0,700,0
sz300347,0,461,0
sh600405,0,0,0
sh603535,0,0,0
sz002266,0,4762,0
sz300228,0,2527,0
sh603788,0,0,0
sh603198,0,0,0
sh600610,0,0,0
sz300358,0,0,0
sz000001,375994,291033,3603
sh603311,0,0,0
sz000705,0,0,0
sh600602,0,0,0
sz300495,979,0,0
sz300313,0,0,0
sh600588,3923,1397,0
sh601058,0,0,0
sz000965,0,0,0
sz002515,0,0,0
sh600363,817,1542,0
sh603779,0,0,0
sh600812,0,0,0
sh600831,0,0,0
sz000789,17470,30146,0
sz002763,0,0,0
sz002016,4743,6876,0
sz002304,1751,1839,288
sh601798,0,0,0
sh600009,2823,4019,0
sz002841,0,0,0
sh601949,14200,3428,0
sz002391,0,0,0
sz002489,5315,0,0
sz002336,0,0,0
sh600766,0,0,0
sh600266,2009,2854,0
sz002135,0,0,0
sh603189,0,0,0
sz000027,0,0,0
sz300238,0,0,0
sh603398,0,0,0
sz300328,0,0,0
sz002400,0,2588,0
sz300114,0,0,0
sh603027,1775,534,0
sh603225,0,0,0
sz002469,0,0,0
sh601700,0,0,0
sh600749,0,0,0
sz002343,1328,325,0
sh603008,750,0,0
sz002217,16237,7154,0
sz300124,6852,969,0
sh603829,0,0,0
sz300175,2205,0,0
sz002237,0,2174,0
sz002132,7478,0,0
sz000919,0,0,0
sz000702,0,0,0
sz300255,0,0,0
sz300017,60810,71955,2053
sh600406,16830,20409,627
sz300438,864,0,0
sh600725,0,0,0
sz000532,0,0,0
sz002644,0,0,0
sh603050,0,0,0
sz300035,0,0,0
sz300048,7665,0,0
sz000524,0,0,0
sh600105,0,0,0
sh600875,4023,6282,0
sz300267,7706,5777,0
sh603688,1346,0,0
sh600712,0,0,0
sh603856,0,535,0
sz002073,0,0,0
sh600011,18849,10492,0
sz002901,0,291,0
sh600990,0,0,0
sh600114,0,0,0
sh603801,0,0,0
sh600158,2150,3577,0
sh600322,5356,0,0
sz000999,900,596,0
sz000925,0,0,0
sz000795,0,0,0
sz300613,391,369,150
sz002446,22174,53625,0
sz000949,0,0,0
sz300223,46436,43244,8432
sz002847,0,0,0
sh601718,6202,25015,0
sh603998,0,0,0
sh600977,4728,2608,0
sz002025,0,0,0
sh601877,46483,37556,1747
sz002429,53542,60727,0
sz002637,0,0,0
sh600165,0,0,0
sh601128,0,3555,0
sh600015,11849,45222,0
sz000088,2000,3294,0
sz300164,0,0,0
sh601111,17891,42142,3408
sh600775,1547,0,0
sh600209,50515,28332,2019
sz000062,0,0,0
sz002805,0,0,0
sh600874,15758,21117,958
sz002286,0,0,0
sh600774,0,594,0
sz300414,0,478,0
sz000692,0,0,0
sz002113,880,0,0
sh603218,451,0,0
sz000048,0,0,0
sh600686,7849,0,0
sz300092,0,0,0
sz000952,0,0,0
sh603882,467,0,0
sz300653,0,0,0
sh601918,19989,3402,0
sz000591,2000,0,0
sh600768,0,0,0
sz300022,2001,0,0
sz002561,0,0,0
sz300227,0,0,0
sz000616,0,0,0
sz002724,0,0,0
sh600218,0,0,0
sh603886,0,0,0
sz000687,2263,2549,0
sh600594,3984,2270,0
sh600175,8864,7885,0
sh600184,0,0,0
sh603602,5274,6221,791
sz300651,0,0,0
sz300667,0,0,0
sz300253,1543,3506,0
sz000966,0,0,0
sz002496,0,0,0
sz002074,2524,1009,0
sh601677,0,0,0
sh600531,0,0,0
sz300696,171,159,0
sz300558,3589,506,0
sh600138,2233,1791,501
sz300142,18261,26517,0
sh600746,0,0,0
sh601888,23271,7587,986
sh600584,80287,50465,3277
sz300357,0,0,0
sz000882,12805,0,0
sz002083,0,0,0
sh601318,509853,367112,50203
sz002494,0,0,0
sz002659,0,0,0
sz002085,0,0,0
sh603679,0,0,0
sz002651,0,0,0
sh603328,0.0,0.0,0.0
sz002017,0,0,0
sz300170,6251,4319,0
sh600792,0,0,0
sz300686,500,0,0
sz300310,8801,1999,0
sh600795,49926,15068,0
sz002235,0,1000,0
sz002912,9252,13114,836
sz002505,0,0,0
sh601929,7012,0,0
sh600696,0,0,0
sh601311,0,0,0
sz300657,1329,612,0
sh600958,3553,4541,0
sz002671,10058,26360,0
sh603300,2559,2000,0
sh600692,0,0,0
sz000909,955,0,0
sz002700,0,0,0
sz002409,18710,12882,1614
sh603069,0,0,0
sh600489,28763,29229,0
sz002033,0,0,0
sh603518,0,0,0
sz002259,2014,0,0
sz002789,0,0,0
sz300428,0,0,0
sz300730,0,0,0
sz002516,0,0,0
sz002705,0,2979,0
sz000938,5605,2523,0
sz002492,0,0,0
sh603717,538,396,0
sh603970,2681,884,433
sz002242,721,633,0
sz002397,16643,11736,0
sz002657,440,0,0
sh601398,193351,359436,0
sz300012,0,3115,0
sz300212,0,1442,0
sz300668,0,0,0
sz000783,9040,14333,0
sz002864,1055,829,1089
sz300477,3914,2011,900
sz300468,1836,4744,0
sz300052,1777,731,0
sz300217,22224,9218,0
sz300293,0,0,0
sz000011,0,0,0
sz300648,0,0,0
sh600701,0,0,0
sz300570,1194,0,0
sz000921,0,750,0
sz300116,2009,0,0
sz300119,0,0,0
sz300314,0,0,0
sz300719,3699,0,579
sh601113,1906,0,0
sz002865,1541,1480,0
sz002875,591,0,0
sz002518,0,0,0
sh600416,11143,8014,0
sz300555,994,0,0
sz300275,765,0,0
sh600731,0,0,0
sz002340,22768,64619,0
sh600969,0,0,0
sh603617,0,0,0
sz300540,0,0,0
sz300685,0,127,0
sz300479,0,0,0
sz002887,1197,309,0
sz300205,0,0,0
sh600359,0,0,0
sh600048,332597,409984,21275
sh603030,9092,0,0
sz002308,0,9020,0
sz300126,0,4800,0
sz002606,34643,0,0
sh603089,0,0,0
sz300445,0,0,0
sz000861,0,0,0
sz002624,6818,4437,610
sz002241,28182,32311,0
sh600753,580,0,0
sh600127,0,0,0
sh603389,0,0,0
sh603083,3630,1809,771
sz002063,0,0,0
sh600703,79550,56256,4905
sz002049,222039,153951,34791
sh603811,0,0,0
sh601021,360,470,0
sz002656,0,0,0
sz002630,0,0,0
sz002538,11898,0,0
sh603658,606,221,0
sh603229,0,0,0
sz002619,0,0,0
sh600532,0,0,0
sz300349,621,0,0
sz000782,0,0,0
sz000630,8372,32452,0
sz300259,0,0,0
sh600863,8031,3723,0
sz300615,0,0,0
sh600461,0,0,0
sh600173,0,0,0
sh600085,378,0,0
sh600823,37806,9723,0
sz002430,1163,0,0
sz002291,0,0,0
sz002415,52823,39406,1990
sz000883,0,0,0
sz300503,0,0,0
sh600707,0,0,0
sz002646,0,0,0
sz002495,0,0,0
sz002529,0,0,0
sz300650,0,0,0
sz002054,38045,10127,749
sh600641,797,977,0
sh603006,0,0,0
sz000886,5069,2602,0
sh600190,0,0,0
sz002703,0,0,0
sh600153,0,8352,0
sh603330,0,0,0
sz002807,3906,0,0
sh601127,510.0,0.0,0.0
sz000703,30890,33173,770
sh600361,0,3954,0
sz000933,33281,16909,0
sz002468,3751,1873,0
sz002782,0,0,0
sz000972,0,0,0
sz002880,0,0,0
sz002629,0,0,0
sh603315,0,0,0
sz300262,0,0,0
sh600030,175565,243996,11639
sz002229,0,0,0
sz002226,0,2015,0
sz002081,13362,12907,2145
sz300526,0,0,0
sh603858,516,427,0
sh600573,0,0,0
sh603808,0,0,0
sz002503,8753,0,0
sh603861,0,0,0
sz002540,0,0,0
sz300045,867,1031,0
sz000411,0,0,0
sz002199,0,0,0
sh600657,0,2510,0
sh600718,810,1324,0
sh600572,0,0,0
sz000665,0,0,0
sz300207,6132,5161,0
sh600449,3216,1887,0
sh601222,9826,3100,0
sz002519,0,0,0
sh600621,34463,14141,980
sz300637,0,0,0
sz002608,0,0,0
sz002426,0,14048,0
sz000750,4644,21798,0
sz002318,0,0,0
sz000655,0,0,0
sh600350,3450,0,0
sz300421,0,0,0
sz300058,0,0,0
sh601225,94662,67345,1274
sh603659,2522,3569,455
sz002806,0,780,0
sz000788,0,0,0
sh600059,0,0,0
sz300537,0,0,0
sz002149,0,0,0
sz300509,0,0,0
sz300631,0,0,0
sz002823,0,0,0
sz002416,0,0,0
sh603606,0,0,0
sz000045,0,0,0
sh603260,6388,5397,377
sh603605,378,1896,0
sz002555,24380,10464,0
sz300029,0,0,0
sh603222,1337,1428,0
sh603118,1260,0,0
sz002833,186,225,0
sz002124,0,0,0
sz300206,0,0,0
sh603937,530,972,0
sz300436,0,0,0
sz300677,414,344,0
sh600373,2610,3914,0
sz002499,0,0,0
sz300210,0,0,0
sz300213,1262,0,1961
sz300028,0,0,0
sz300100,0,0,0
sz002107,0,0,0
sz300720,0,0,0
sh603188,705,0,0
sz300321,0,0,0
sz002041,0,0,0
sz300294,0,0,0
sz002729,0,0,0
sz000683,18167,21658,0
sz000301,4298,0,0
sh600438,51981,51167,1028
sh600123,0,0,0
sh603129,0,0,0
sz300480,0,0,0
sz300618,6755,4217,1077
sh600421,1041,0,0
sh603238,0,0,0
sz002554,0,0,0
sh600012,0,0,0
sh603165,466,1314,387
sz000501,3871,950,0
sz300520,4063,379,639
sz300072,5024,5484,0
sz000615,7239,2122,0
sh600280,1232,1188,0
sh601390,32976,28350,1673
sh600665,0,0,0
sz002324,0,0,0
sz000701,0,0,0
sz000739,0,0,0
sz002902,1741,1220,0
sz300173,6203,2363,0
sh601866,5791,5865,0
sh600845,0,0,0
sz300113,29027,19942,3011
sz002383,16681,13678,0
sh600396,0,0,0
sz300110,1965,3002,0
sh600539,0,0,0
sz002427,2577,13911,2037
sz300476,500,438,0
sz000078,2084,2000,0
sh600779,5919,5535,0
sh601188,0,0,0
sz000601,0,0,0
sz300082,0,0,0
sh603826,0,0,0
sh603758,0,0,0
sz300482,0,0,0
sz002424,1496,0,0
sz002824,10427,16594,2738
sh600391,0,0,0
sh600790,0,0,0
sz002011,1640,0,0
sz000428,0,0,0
sz300426,0,597,0
sz002661,0,766,0
sz000612,0,1351,0
sh601882,0,0,0
sz000584,0,0,0
sh600769,0,0,0
sz002845,8994,12812,0
sh603466,1921,1388,0
sh600507,49241,31465,3535
sz300200,0,0,0
sh603026,0,0,0
sz300018,0,0,0
sz000420,18307,229378,0
sz300286,0,0,0
sz002685,933,0,0
sz002848,0,0,0
sz300112,0,0,0
sz000606,0,0,0
sh601991,18128,11864,0
sh600481,0,0,0
sh600036,107764,96282,2100
sh603166,0,0,0
sz300532,0,0,0
sh603696,0,0,0
sh600031,221806,282444,7872
sz002856,6114,1789,231
sz300150,0,0,0
sh600892,0,0,0
sz002287,0,0,0
sz002414,605,0,0
sh600900,12228,5465,0
sz002827,0,0,0
sh600260,5947,1948,0
sh600399,1996,4043,0
sh600076,0,1391,0
sz002262,906,0,0
sz300705,0,0,0
sh603828,0,1020,0
sz300008,1503,4722,0
sz300134,10710,8853,0
sz002022,0,0,0
sz300053,12587,14907,0
sz300359,1793,5565,0
sz002790,0,0,0
sh603678,400,0,0
sh600368,0,0,0
sz002047,0,5949,0
sz000021,9676,0,0
sh600423,0,0,0
sz002687,0,0,0
sz300519,0,0,0
sh600305,2474,1000,0
sz300461,0,0,0
sh603033,0,0,0
sh601777,0,0,0
sz300522,0,1493,0
sh600510,0,0,0
sh601818,68095,181717,0
sz300616,80,297,0
sz002634,75157,27619,9963
sh600168,0,0,0
sz002109,0,0,0
sz002511,741,0,0
sz300346,0,0,0
sz300626,461,0,0
sz300315,22666,17281,0
sz300535,0,0,0
sz000631,0,0,0
sh600729,2836,0,0
sh600385,1079,0,0
sh603012,4248,4683,0
sz000055,0,0,0
sh600558,5759,1973,0
sz000600,1500,0,0
sh603002,5300,0,0
sz300543,0,0,0
sz300165,0,0,0
sz300054,4503,8407,0
sh600125,6377,7554,0
sz000978,0,0,0
sz000089,0,0,0
sz002514,0,0,0
sh600354,0,0,0
sz002713,0,0,0
sh600503,9569,7073,0
sz300671,921,3002,1027
sz300484,0,0,0
sz002612,0,0,0
sz002506,18823,19650,0
sh600460,535172,521886,31989
sh600281,0,0,0
sz002020,1940,0,0
sz002493,21443,8628,3530
sz002100,0,0,0
sz300365,0,320,0
sh600962,0,0,0
sz002722,0,0,0
sh603055,0,0,0
sz300493,5044,10641,0
sz300001,0,0,0
sz000666,7226,683,0
sz300106,0,0,0
sz000090,7440,0,0
sz300715,0,0,0
sz000039,3869,12729,0
sz300235,0,0,0
sh603101,0,0,0
sz300139,1774,1400,0
sz300639,1505,1780,0
sh603938,760,668,0
sh600896,0,0,0
sz300184,0,0,0
sh601226,0,0,0
sz002202,15057,6145,652
sz002058,0,0,0
sz300221,1455,0,0
sh603058,0,0,0
sh600191,6534,5375,0
sz002421,5287,2218,0
sh603580,0,0,0
sz300089,2000,1203,0
sz300377,58767,18704,4517
sh603183,0,352,0
sh600225,0,0,0
sz000923,1060,0,0
sz002474,0,0,0
sh603607,576,687,0
sh600390,2103,0,0
sz000961,9890,2616,0
sz000030,0,0,0
sh600099,1431,0,0
sh600789,1982,0,0
sz300691,1286,139,0
sh600853,0,0,0
sz300146,4309,3342,0
sh600593,3801,1027,0
sh603025,0,0,0
sz300088,42975,20787,0
sh600135,0,0,0
sz002351,0,0,0
sh600592,1300,0,0
sh603036,0,0,0
sz300265,0,0,0
sh601788,0,7147,0
sh603515,0,0,0
sz002104,2560,0,0
sz002455,0,0,0
sh600830,10535,0,0
sh600038,2964,5532,0
sz002088,0,0,0
sh603633,0,0,0
sz000719,1197,0,0
sz002200,0,0,0
sz300635,0,0,0
sz300343,0,0,0
sz300195,0,0,0
sz002338,0,0,0
sh603558,0,0,0
sz002882,0,0,0
sz000507,0,0,0
sz000502,0,0,0
sh600998,0,560,0
sh600392,17472,6739,1141
sz000529,0,0,0
sh600083,0,697,0
sh600000,36581,25809,0
sh600590,0,0,0
sh600981,0,0,0
sz002779,0,0,0
sz002129,527620,322296,16483
sz300462,394,873,0
sh600975,0,0,0
sz300514,3545,5045,0
sz000541,1237,1688,0
sz002774,0,0,0
sz000681,6129,1694,0
sz002298,1270,0,0
sz002204,18048,6100,0
sz300662,0,0,0
sz300619,0,0,0
sz000589,0,0,0
sh600919,87837,52719,0
sh600316,0,700,0
sz300629,220,0,224
sh600247,0,0,0
sz002683,0,0,0
sz002375,1530,0,0
sz002491,0,0,0
sh600638,0,0,0
sh600486,0,300,0
sz300427,0,0,0
sh600688,0,0,0
sh601231,30970,164475,0
sz002174,9341,5967,0
sz300299,1294,0,0
sz300521,0,0,0
sz300246,0,0,0
sz002275,0,0,0
sz000610,0,1100,0
sh603500,0,0,0
sh600780,0,0,0
sh600078,0,0,0
sh603527,0,0,0
sz000531,3600,0,0
sz000070,0,2000,0
sh600833,0,0,0
sz300666,11187,8333,1446
sz000037,0,0,0
sh601801,0,0,0
sh600778,0,0,0
sh601901,2811,3301,0
sz300419,1212,0,0
sz000596,2066,464,0
sz000690,2401,4696,0
sz002029,1165,4778,0
sz300389,0,0,0
sh603035,1078,0,0
sh600229,0,0,0
sz002500,1361,1263,0
sz002411,4462,0,0
sz002342,2000,4295,0
sz002573,6641,4085,0
sh603727,0,0,0
sz000009,0,1954,0
sz300351,0,0,0
sz002903,1003,0,0
sz300370,4637,0,0
sz002405,91798,63349,9433
sz000417,0,0,0
sh603496,0,400,0
sz002230,93429,105081,12760
sz002909,0,0,0
sz300131,0,1893,0
sz002322,0,660,0
sh600525,0,0,0
sz002353,982,4651,0
sh600262,0,1241,0
sh600419,0,0,0
sz000652,0,0,0
sz300683,620,0,0
sh600215,1603,1000,0
sz002843,0,0,892
sz000880,0,0,0
sz002281,21902,16704,0
sh600035,14629,5743,0
sz002559,0,0,0
sh600615,0,0,0
sh600054,1582,0,0
sh600091,0,0,0
sh600356,0,0,0
sh600785,0,0,0
sz000996,1718,6135,0
sz002462,548,600,0
sz002716,2714,3730,0
sz300335,8249,5928,0
sh600429,0,0,0
sz002184,0,0,0
sh600582,3167,0,0
sz000899,0,0,0
sh600903,2356,9479,0
sh603959,0,0,0
sh600734,1364,0,0
sh600118,8902,8643,0
sh603126,0,0,0
sh600255,0,3000,0
sz300434,0,0,0
sz001979,6674,8173,0
sh600694,0,807,0
sz002255,0,0,0
sz002392,0,0,0
sz300003,2574,6226,0
sh600071,0,0,0
sz000708,0,0,0
sh600386,0,0,0
sz000680,0,0,0
sh601015,6445,1084,0
sz002317,0,0,0
sh600887,67592,83391,5805
sz300726,9186,1492,3396
sh600172,2836,10067,0
sh600198,3438,9808,940
sz002048,3821,1787,0
sh603000,0,0,0
sh600710,0,0,0
sh600660,6991,4828,944
sz002539,0,0,0
sz000536,0,2303,0
sh600315,3355,3233,0
sh600180,0,0,0
sh603538,6124,0,0
sh600306,0,0,0
sz300364,1024,2819,0
sh603385,500,0,0
sh603160,3380,3247,361
sh603718,2000,2202,0
sz002273,23048,10782,1512
sz002787,0,0,0
sh603337,0,0,0
sz300331,968,0,0
sz002678,0,0,0
sh600611,11159,0,0
sh603369,4973,0,0
sz300249,0,0,0
sh603721,0,0,0
sh603533,7697,5046,0
sz002808,0,0,0
sz000727,11489,8261,0
sz002571,0,0,0
sz002680,885,0,0
sh603196,14791,0,0
sh600782,109618,103228,5041
sz300665,0,0,0
sz300248,0,0,0
sz000016,1778,2375,0
sz300154,0,0,0
sh603365,3044,964,0
sz000707,0,0,0
sz002087,0,8366,0
sz000962,0,0,0
sz002190,0,0,0
sh600170,2674,23612,0
sh600971,6674,3594,0
sh600348,12162,8852,0
sz002254,35629,6005,0
sh603227,0,0,0
sz000731,0,1323,0
sh600834,0,0,0
sh600537,8212,0,0
sz300176,3157,2360,136
sz002896,287,0,0
sh601028,1761,1471,0
sz002749,0,0,0
sz300282,0,0,0
sh601699,46360,57939,1229
sz002026,0,0,0
sz002618,1459,2717,0
sz300560,1353,598,0
sz002246,6715,4120,0
sz300575,0,0,0
sz002267,1949,0,0
sz300536,0,0,0
sh600773,0,1206,0
sz002524,0,0,0
sh600169,0,0,0
sz002897,0,0,0
sh603589,2232.0,1920.0,0.0
sh603883,3380,2629,0
sz002589,4500,2184,0
sz300498,4962,7064,0
sz000877,4136,2441,0
sh600308,1888,0,0
sz300062,0,0,0
sh601518,0,0,0
sz300673,0,0,0
sh600081,0,0,0
sz000982,11443,57307,0
sz002302,12882,18334,0
sh600609,0,0,0
sh603725,0,0,0
sh603226,374,0,0
sz002288,0,0,0
sh603789,0,0,0
sz300169,0,0,0
sh600020,0,0,0
sz002601,2819,1033,716
sh603131,0,0,0
sh601258,19763,51650,0
sz300157,6065,1214,0
sz300643,0,0,0
sh600067,1798,0,0
sh600166,9298,33490,0
sz002282,0,0,0
sz300431,0,8644,0
sh600566,2431,0,0
sh600367,0,1479,0
sh603866,0,0,0
sz300447,0,0,0
sh600787,42167,15012,0
sz300593,0,0,0
sz000878,5460,2213,0
sz002578,2530,0,0
sh600671,0,0,1506
sh600614,5044,8013,0
sz002791,0,0,0
sz300395,0,650,0
sh600270,0,0,0
sz000905,0,0,0
sh601339,0,0,0
sh600652,0,0,0
sz300608,368,0,0
sz002643,1385,2501,0
sz300093,0,0,0
sz002065,5807,6307,0
sz000627,9701,2980,0
sz300079,2262,6501,0
sh600246,0,0,0
sh600258,433,0,0
sz002209,0,0,0
sh600843,0,0,0
sh601158,0,0,0
sz000513,3292,1184,0
sz002218,4747,7185,0
sz000901,1044,9759,0
sz000833,0,0,0
sh601007,0,0,0
sh600321,0,0,0
sh600563,2129,956,0
sz002201,0,982,0
sz000590,0,0,0
sz300284,0,0,0
sz002821,998,1811,0
sh603909,0,0,0
sh603043,0,0,0
sh603038,0,0,0
sh600243,0,0,0
sz300669,0,473,0
sh600804,4234,4090,0
sh600497,39468,16639,0
sz002822,0,0,0
sh600199,0,0,0
sh601599,4710,0,0
sz002668,0,0,0
sz000662,0,0,0
sh600466,0,0,0
sz300270,1832,0,0
sz002699,890,800,0
sh601099,49343,21008,0
sh600732,0,0,0
sz002741,1600,951,0
sh600967,1898,1929,0
sz300033,562,440,258
sh603018,0,598,0
sh603926,0,0,0
sh600705,6584,27895,0
sz002441,1200,0,0
sh600459,0,0,0
sh600235,0,0,0
sz300318,0,0,0
sh600805,0,0,0
sz002907,738,0,0
sz300009,11014,7511,511
sz002610,19296,10000,0
sh600211,0,0,0
sh601388,14360,3916,0
sz000929,0,0,0
sz300242,0,0,0
sz300465,2543,0,0
sz000893,7052,0,0
sh603567,0,0,0
sh600115,41618,93188,0
sh600143,0,0,0
sz002879,6813,11605,709
sh600909,9811,7712,0
sh601018,6290,8937,0
sh600814,0,2539,0
sz300059,143789,154977,2627
sh603939,0,300,0
sh601166,110466,120258,1756
sh600673,66337,22243,3030
sz000932,33314,37257,0
sz300204,0,0,0
sh601100,1723,1921,0
sh600156,0,0,0
sh600555,0,0,0
sz002832,0,0,0
sz002603,0,0,0
sz300413,12759,24105,1555
sh600973,0,2240,0
sh603090,0,0,0
sz002457,0,0,0
sz002196,0,0,0
sz002158,0,0,0
sz300103,0,0,0
sh603639,254,300,0
sh600760,1508,2736,744
sz000910,4015,5944,0
sh600617,0,0,0
sz300179,0,0,0
sz300466,0,0,0
sz002171,0,0,0
sz000722,0,0,0
sz002439,6057,4420,0
sz002361,0,0,0
sz002131,22861,3979,0
sz300474,900,1518,211
sz000516,5550,9000,0
sz300534,0,0,0
sh603458,1834,2570,0
sh600618,0,0,0
sz000510,0,0,0
sz002005,4633,3369,0
sh600131,0,0,0
sh603816,1170,1372,0
sz002077,4924,2732,1002
sz002443,0,0,0
sh600767,0,0,0
sz300066,0,0,0
sz000059,4969,14846,1643
sh603399,1500,742,873
sh603663,0,0,0
sh603508,0,0,0
sz002743,0,0,0
sh600620,0,0,0
sh603268,0,0,0
sh601000,5570,0,0
sz000997,6964,4302,0
sz002669,0,1819,0
sz002866,0,0,0
sh600939,0,0,0
sz300342,0,0,0
sh600575,0,0,0
sh600203,0,0,0
sh600861,0,0,0
sh600857,0,0,0
sz002130,0,3593,0
sh603968,0,500,0
sz002910,2260,1243,0
sh603308,0,1098,0
sh603601,0,0,0
sz002532,0,0,0
sz002326,1000,0,0
sh601199,0,0,0
sh601789,0,0,0
sh600511,0,0,0
sh601106,0,0,0
sz000723,2471,4011,0
sz002871,0,0,0
sz300676,7359,4418,1243
sz300368,0,0,0
sh601878,6241,5407,0
sh603079,2267,421,0
sh600735,0,0,0
sz000525,500,549,0
sz300388,3070,2567,0
sz300572,209,0,0
sh600658,0,2900,0
sz300678,6962,16089,463
sz300403,0,0,0
sh600997,3823,4247,0
sh600476,0,0,0
sh600039,2727,0,0
sh603800,0,0,0
sh603001,3598,2550,1787
sh600353,0,0,0
sz002203,0,0,0
sh601678,0,0,0
sh601566,0,0,0
sz002044,15227,8438,0
sz002444,1670,2827,0
sh600200,0,0,0
sh600713,0,1848,0
sz300507,0,0,0
sz300407,0,0,0
sz000553,0,735,0
sz002148,1097,2963,0
sz000980,1000,0,0
sh600111,37757,40783,0
sh603711,37235,53226,10529
sz002818,0,0,0
sh600302,0,0,0
sz002517,47086,77763,3897
sz002723,0,0,0
sz300308,6495,1231,0
sh600310,0,0,0
sz002861,0,0,0
sh601519,0,5003,0
sz002301,1930,6473,959
sh600681,0,0,0
sz300548,238,250,0
sz002478,1988,0,0
sz300563,0,0,0
sz300516,0,0,0
sz002611,0,0,0
sh601966,0,0,0
sz002152,3025,1466,0
sz002386,5445,2539,0
sh600096,0,0,0
sz002051,0,0,0
sz002785,1603,0,0
sh603966,0,0,0
sh600240,1500,0,0
sh603501,3529,5049,0
sz300161,2180,0,0
sz300369,0,0,0
sh600976,0,0,0
sz002334,0,0,0
sz002062,0,0,0
sh600016,81579,131326,0
sz300273,0,0,0
sz000718,0,0,0
sh600103,0,0,0
sz002442,0,0,0
sh603955,352,0,0
sz002913,15942,8882,842
sh603158,0,0,0
sh601555,1903,1944,0
sz300027,12362,31040,0
sz300225,3000,0,0
sz000889,2200,944,0
sh600556,0,0,0
sz000413,64622,16066,0
sz002623,0,0,0
sz300153,0,0,0
sh600189,0,0,0
sz000895,1334,3061,402
sh600697,0,0,0
sh603669,0,0,0
sz300344,0,1000,0
sh603628,0,0,0
sz002660,0,0,0
sz002838,0,0,0
sz300214,0,0,0
sz002463,28667,25801,0
sz300469,0,0,0
sz300190,0,0,0
sh600284,0,0,0
sz000988,7947,3093,0
sh603648,8237,5785,0
sz300435,0,0,0
sh600250,0,1112,0
sz000816,7324,18672,0
sh603880,0,0,0
sh603117,0,0,0
sh600176,24487,20732,2550
sz300429,500,0,0
sh603768,0,0,0
sz002172,0,0,0
sz002728,0,0,0
sh600978,0,1290,0
sh600060,826,2187,0
sz002872,0,0,0
sz300638,1214,944,0
sh600864,0,0,0
sz300448,0,0,0
sz002798,0,0,0
sh603232,0,0,0
sh600699,15602,23094,0
sz300549,0,0,0
sz002120,282,0,0
sz002536,0,0,0
sh600677,917,2000,0
sz300670,0,0,0
sh600839,20116,11821,0
sz000581,11559,2609,0
sz300620,0,0,0
sz000543,0,0,0
sz000407,0,0,0
sz000061,0,0,0
sz002891,373,0,0
sz002362,510,1316,0
sz002755,0,0,0
sz002294,1730,902,0
sh603906,0,0,0
sz002565,2484,0,1968
sz300606,3980,0,0
sh600740,20477,17721,3041
sz000799,0,1576,0
sz300203,2066,1846,305
sh603579,0,0,0
sz000778,3947,10014,0
sz300430,0,0,0
sz000626,1591,2435,0
sz002557,1830,3148,0
sz002813,1312,0,0
sh601212,1728,5042,0
sz002355,5246,4620,0
sh603991,0,0,0
sz002036,13392,7117,0
sz300197,6517,1240,0
sh600397,2911,0,0
sz002306,0,0,0
sz300592,0,0,0
sz000831,0,0,0
sh600026,0,1693,0
sh600077,0,0,0
sz000976,0,0,0
sz002093,4320,2080,0
sz002698,0,0,0
sh600133,14503,1122,0
sz300056,0,0,0
sz300327,2543,3161,0
sz002116,0,0,0
sh603421,0,0,0
sz002707,0,0,0
sz300261,0,0,0
sh600252,0,0,0
sz002815,374,0,0
sh603099,0,0,0
sh600093,1500,0,0
sh603416,0,0,0
sh603157,0,0,0
sz002402,41563,7295,0
sz000928,0,0,0
sh600456,0,0,0
sz002884,0,0,0
sz002231,0,1060,0
sh600650,0,0,0
sz300551,0,0,0
sz002771,0,0,0
sz002686,0,0,0
sh603677,508,0,0
sz002248,0,7436,0
sz300582,0,0,0
sh600201,8363,0,0
sh600278,0,0,0
sh601579,0,0,0
sz300061,0,2800,0
sz000635,0,0,0
sz002460,39233,15547,3603
sz000567,0,810,0
sz000885,650,0,812
sh600644,0,0,0
sz002682,0,0,0
sz002066,0,0,0
sz000528,1734,0,0
sz300473,0,0,0
sz300663,0,0,0
sh600468,0,0,0
sz300481,0,0,0
sz000537,6552,1655,0
sh601628,12191,9493,0
sz300394,0,0,0
sz300367,937,1367,0
sz300046,3816,3955,0
sh603335,0,0,0
sz002315,0,0,0
sz300502,980,319,0
sz002625,901,0,0
sh600724,0,0,0
sz002089,6164,0,0
sz300297,0,0,0
sz002079,38226,73876,1829
sh600297,4486,0,0
sz002028,0,0,0
sz000875,0,0,0
sz300352,0,0,0
sh600339,0,0,0
sz002852,0,0,0
sh600408,0,0,0
sh603138,0,0,0
sh600152,0,0,0
sh600540,0,0,0
sz300727,0,0,0
sz002550,0,0,0
sh603903,302,0,0
sz000908,0,0,0
sh601886,0,0,0
sh600106,0,0,0
sh600338,3071,6316,270
sz000650,2179,0,0
sz300533,0,221,0
sh600516,92192,66220,2335
sh601233,19179,21174,2309
sz300274,28403,10485,0
sh600063,0,4964,0
sz002658,0,0,0
sh600807,68764,131613,0
sz002250,0,0,0
sh600608,5000,0,0
sh600846,7515,2557,0
sh600136,0,0,0
sz002691,0,0,0
sz002702,0,0,0
sh600275,0,0,0
sh601086,10325,28377,0
sz002010,0,0,0
sz002018,0,0,0
sz300541,0,0,0
sz000518,0,0,0
sz002407,5346,2907,0
sh600691,47291,42725,0
sz000410,0,8811,0
sh600108,0,2766,0
sz300145,2254,1602,0
sz002851,0,0,0
sh600053,1042,415,373
sh603269,0,0,0
sh600403,0,0,0
sz300171,0,0,0
sz300518,0,0,0
sz000685,0,0,0
sh600603,1495,0,0
sz002458,2962,1601,0
sz002329,0,1542,0
sh600467,0,0,0
sz000717,229742,197176,0
sz300688,0,0,0
sh600301,0,0,2285
sh601377,4725,13436,0
sh600376,0,0,0
sz300628,0,0,0
sz300025,1943,10876,0
sz002490,0,0,0
sh600372,1644,0,0
sz000712,11004,1795,0
sz300636,0,0,0
sz000156,0,4036,0
sz300234,0,0,0
sz300390,1576,0,0
sh603103,613,0,0
sh600217,9779,5344,0
sz002182,0,0,0
sh603363,1073,0,0
sh603396,0,0,0
sh600221,49164,108887,0
sz000408,0,2656,0
sz002117,0,0,0
sz002061,11903,7970,0
sz300449,0,0,0
sh601880,12589,0,0
sh600628,0,0,0
sz000625,5810,4959,0
sh600797,2390,2188,0
sz002278,116509,24520,0
sz300371,0,0,0
sh600783,0,0,0
sz002481,0,0,0
sz300713,0,0,0
sh600755,14649,1148,0
sz000869,406,424,0
sh600585,71699,63478,5864
sh600987,0,999,0
sz002125,1211,0,0
sh603638,0,0,0
sz002285,27215,91125,6964
sz002300,0,0,0
sz300014,6991,835,0
sh600547,15195,23535,1503
sz300202,0,600,0
sh600515,2615,1782,0
sz001896,0,0,0
sh600120,0,817,0
sz000576,0,0,0
sh600648,0,795,0
sh600970,3109,1411,0
sz300021,1719,1975,0
sh603023,0,0,0
sh603321,0,0,0
sh600329,0,0,0
sh600312,3879,0,0
sz000554,0,0,0
sz002299,6597,1407,0
sz000517,10897,0,0
sh600548,0,0,0
sh603683,0,0,0
sz000850,0,0,0
sh600259,0,1156,0
sh600086,2346,0,0
sh600605,0,0,0
sz002840,1865,1224,2318
sh601002,17084,19708,0
sh601107,0,19229,0
sh601208,0,0,0
sh600571,1000,0,0
sz002270,0,0,0
sh600094,2390,0,0
sh603098,0,0,0
sz300491,0,0,0
sz002323,7791,5296,0
sz000050,12883,15774,1152
sh600371,0,0,0
sz002364,0,0,0
sz002587,1654,0,0
sz000863,0,0,0
sh603111,928,0,0
sz002531,1394,0,0
sh600798,4000,0,0
sh600228,0,0,0
sz002620,0,2000,0
sh603699,3166,0,0
sh600395,0,0,0
sz300185,5131,6027,0
sz000837,0,0,0
sz000159,2602,0,0
sz002221,6543,26678,0
sh600057,1670,0,0
sh600883,0,0,0
sz002885,0,0,0
sz002690,553,626,0
sz002090,1500,0,0
sh600097,0,0,0
sz300105,0,0,0
sz300172,0,0,0
sh600727,0,0,0
sz002778,0,0,0
sz000977,24910,25277,0
sh603817,0,0,0
sz002672,0,0,0
sh603019,40302,34418,5858
sz300226,0,0,0
sz000558,9955,0,0
sh601375,5543,4779,0
sh600325,1928,5939,0
sz300266,1545,842,412
sz000918,1532,1500,0
sh603041,8889,1572,0
sz000936,15971,6562,0
sh603233,0,0,0
sh603383,0,0,0
sh603136,0,0,0
sz300121,0,0,0
sz300040,0,0,0
sh600963,0,2100,0
sz300721,307,647,0
sz300437,0,0,0
sz300712,0,756,0
sz300198,31706,3010,0
sz300194,0,0,0
sh603096,229,0,0
sz002653,869,0,0
sz002825,445,813,0
sz000967,0,0,0
sz002615,0,1687,0
sz300096,5846,0,0
sz000912,10924,24539,0
sh600236,2506,2071,0
sz002038,6419,6466,809
sh603223,0,0,0
sz002264,77491,42168,6277
sh600232,0,0,0
sz300385,1279,0,0
sz002725,0,0,0
sz300353,0,0,0
sz002384,3553,3040,0
sh600888,0,0,0
sz000017,0,0,0
sz300379,1000,0,0
sz002347,0,0,0
sz000776,13276,18343,0
sh601368,0,0,0
sz000572,0,0,0
sh603305,0,337,0
sz000906,0,0,0
sz002534,1324,0,0
sz002395,0,0,0
sz300148,0,0,0
sh600129,0,0,0
sz300102,16016,12254,1344
sh600128,0,0,0
sz002144,0,0,0
sz000002,78197,107513,4259
sz300258,0,0,0
sz002586,0,0,0
sh603303,0,0,0
sz002379,0,0,0
sh600855,2517,1382,0
sh603689,632,1428,0
sh603106,8300,8356,0
sz002170,0,0,0
sz300675,960,400,0
sh603585,0,0,0
sz002664,817,2233,0
sh601636,117162,55096,3258
sz300393,300,0,0
sz002596,29130,25781,962
sz000661,654,708,0
sz300251,2429,3148,0
sz002376,0,0,0
sh600661,500,0,0
sz000158,26597,37798,0
sz000498,5590,4153,0
sz000514,0,0,0
sh600119,0,1000,0
sh600178,0,0,0
sz000520,6281,0,0
sz300332,0,2300,0
sz002212,1645,971,0
sz300622,0,0,0
sh600742,700,2714,0
sz002293,1746,0,0
sz002527,0,0,0
sz002418,0,16098,25252
sh603015,0,0,0
sz002091,0,0,0
sz002283,0,1800,0
sz300405,0,0,0
sh600050,455196,320197,1694
sh603979,1000,0,0
sz002008,34275,16605,948
sz002269,0,0,0
sh600505,0,0,0
sz000951,0,2754,0
sh600068,20983,6678,0
sh600751,0,0,0
sz002711,22135,4094,0
sh603843,6861,6060,0
sz002440,5426,4002,0
sz300378,0,0,0
sz002319,689,0,0
sh600527,0,0,0
sh600335,2489,0,0
sz000726,0,0,0
sh600552,0,0,0
sz300084,0,0,0
sz300245,0,835,0
sh603167,0,1410,0
sz000573,0,0,0
sh600249,0,0,0
sz000858,63558,36991,3389
sh600533,4705,0,0
sz002802,0,0,0
sz000953,2461,18773,0
sh600428,5783,2525,0
sz300515,0,0,0
sz002735,0,0,0
sh600343,0,793,0
sz002745,1829,267,0
sh600676,0,0,0
sh603288,1017,302,0
sz300623,456,205,0
sz002337,0,0,0
sz002717,440,0,0
sh600186,3292,5144,0
sz300647,0,0,0
sz300597,13210,14493,0
sh600885,1726,1184,0
sz000710,1490,636,0
sh603388,0,0,0
sz300695,0,245,0
sz300568,3377,0,0
sz002115,0,2235,0
sz000036,2953,0,0
sz002365,331,1244,458
sz002435,0,0,0
sz300340,1757,203,0
sz002878,0,0,0
sh600633,0,839,0
sh600216,6913,15513,0
sz300330,0,0,0
sz000959,0,0,0
sh600351,0,0,0
sz300567,0,93,0
sz002718,0,0,0
sz000402,2908,5712,0
sz002590,0,0,0
sz002396,10557,8028,520
sz002261,0,62836,0
sh603456,0,0,0
sz002225,0,0,0
sh601958,0,0,0
sh603738,0,0,0
sz002617,0,3432,0
sz002110,114519,77627,5159
sh600824,0,0,0
sz000619,0,0,0
sh601218,0,0,0
sz300182,1303,3598,0
sz002552,0,0,0
sz300269,14421,0,0
sh603063,0,0,0
sh600051,0,0,0
sh603277,0,0,0
sz002614,1000,2129,0
sz300191,0,0,0
sz000989,768,0,0
sz000973,0,0,0
sh603088,358,0,0
sh603703,1000,0,0
sh601200,957,0,0
sh600869,0,0,0
sz300601,193,1988,0
sz300263,5396,8347,0
sz002684,700,0,0
sh600763,0,449,0
sz000582,0,0,0
sh600183,17237,13918,0
sh603676,0,0,0
sz300356,0,1987,0
sh600121,0,0,0
sh603690,486,631,0
sz002562,5082,4678,0
sz000720,0,0,0
sz000888,0,1051,0
sz002003,0,0,0
sz300230,0,0,0
sz000622,0,0,0
sz300243,0,0,0
sh601939,119503,155642,0
sz002210,12945,813,0
sz002198,3770,0,0
sz002179,4603,1602,0
sz300692,549,0,0
sz300617,0,0,0
sz002042,9933,905,0
sz300566,316,0,0
sh600383,11729,14864,0
sz300490,804,0,0
sz000851,2060,5030,0
sz000026,0,0,0
sz300168,35425,20252,0
sz300133,2500,1045,0
sh601168,29836,3814,0
sz002627,0,0,0
sz002280,3207,0,0
sz002420,0,0,0
sh600822,13845,6668,701
sh603898,1183,1314,0
sz002528,0,0,0
sh603333,0,0,0
sz002734,0,0,0
sz000551,0,0,0
sh603203,310,400,0
sz002193,844,0,0
sz002783,0,0,0
sz002860,0,0,0
sh601177,0,0,0
sz300475,0,0,0
sh603918,0,0,0
sz300470,0,0,0
sz300729,0,0,0
sz000892,0,1507,0
sh600317,3919,0,0
sz002636,0,0,0
sz002508,3400,1519,0
sz000819,0,0,0
sz300135,0,0,0
sz002133,0,0,0
sz300256,4452,17873,0
sz002530,0,0,0
sh603067,0,0,0
sz300305,0,0,0
sz002670,6280,16347,504
sz002797,25738,17126,0
sh603879,0,0,0
sh603557,655,0,0
sh603729,0,0,399
sz300350,0,0,0
sz000729,0,0,0
sh601666,3954,10428,0
sz300410,0,0,0
sh600808,169937,127417,0
sh600570,7299,14399,1269
sz300596,0,0,0
sh600793,0,0,0
sz300044,0,0,0
sz000818,4471,2066,0
sh600237,0,0,0
sh600331,19109,7986,0
sz300423,0,0,0
sh603757,432,533,0
sh603110,0,457,0
sz002328,0,0,0
sz002859,649,280,0
sz300630,0,0,0
sh600323,1520,1401,0
sz002709,239,0,0
sh603989,0,0,0
sz002143,5443,3313,0
sh600088,0,0,0
sz002781,0,0,0
sh600612,0,521,0
sh600522,234118,275180,4156
sz002482,0,0,0
sz000429,0,0,0
sz300144,989,2026,0
sh600674,1114,10006,0
sz000762,3298,0,0
sh600285,0,0,0
sh600126,0,0,0
sz000721,0,0,0
sz300529,0,0,0
sh600340,14156,15194,730
sh600185,0,0,0
sz300497,0,0,0
sz300718,319,685,0
sz000767,8555,3846,0
sh600679,0,0,0
sz002305,2676,4981,0
sh600122,13004,3000,0
sz300298,555,0,0
sh603868,701,0,0
sz000559,1212,1125,0
sz002809,0,0,0
sz002510,6929,4841,3512
sz002574,7000,0,0
sz300300,5132,3270,0
sz002915,0,0,0
sh600210,3096,7271,0
sz300478,0,0,0
sh600738,0,0,0
sz000038,7799,3130,0
sz300193,0,0,0
sh600668,2468,4723,0
sz300707,0,0,0
sz000063,360075,270879,29352
sz300487,0,0,0
sh600720,28891,9918,0
sz000672,59377,44340,1954
sh600241,0,0,0
sh600825,9603,28382,0
sh601155,15103,9735,678
sz002567,0,0,0
sh600182,0,415,0
sz300329,0,0,0
sh603040,0,0,0
sh600006,2376,0,0
sz002205,0,0,0
sz000586,0,0,0
sh603707,0,1865,0
sh600233,0,0,0
sz002548,0,0,0
sz002039,689,0,0
sz300296,499,515,0
sz000728,0,6980,0
sz000605,0,0,0
sz300196,0,0,0
sz300433,2482,1573,0
sh601366,0,0,0
sh600894,0,0,0
sz002389,6768,1600,0
sh603636,0,0,0
sz300302,1153,0,0
sz000793,1244,8737,0
sh603833,236,0,0
sh603813,1853,2879,0
sh600360,90001,53598,0
sh600576,4960,1500,0
sh600458,0,0,0
sz002541,0,0,0
sz000503,66001,73486,4069
sh601326,2417,2266,0
sh601009,10144,13733,0
sz002454,0,0,0
sh603037,0,0,0
sh600776,11507,3694,0
sz002187,0,0,0
sh600276,15562,8910,334
sz002447,2000,3022,0
sh600838,0,1166,0
sz000609,0,0,0
sz000534,728,0,0
sz300222,3987,2622,0
sz002688,0,0,0
sh600837,7016,8311,0
