sh600085,1951,3973,0
sh603138,7944,7342,283
sz000630,18864,142900,0
sh603601,0,0,0
sh600171,202494,187081,21895
sz000615,57877,40589,2873
sh601001,0,3716,0
sz002192,2950,6328,415
sh603378,0,0,0
sz000838,0,0,0
sh601677,0,0,0
sh603966,0,0,0
sh600119,0,0,0
sz002293,1620,0,0
sh600399,0,0,0
sh600743,0,5979,0
sz000662,0,3995,0
sh600765,4968,0,0
sz000908,0,0,0
sh600854,0,0,0
sz000767,9934,0,0
sh600595,0,2814,0
sz000530,0,0,0
sz000004,450,1450,0
sh600268,0,3000,0
sh601058,0,6905,0
sz000020,0,0,0
sh603308,0,960,0
sh603656,0,0,0
sh600397,0,0,0
sh601608,0,4726,0
sh600997,0,1845,0
sh600793,0,0,0
sh603987,0,0,0
sz002302,164748,187110,4649
sh600463,0,0,0
sh600618,0,0,0
sh603811,0,0,0
sh603858,0,0,0
sh603226,0,0,0
sh600320,0,0,0
sh603825,466,6326,0
sz002205,0,0,0
sz000333,77411,88115,5809
sh603387,197,0,0
sh600622,0,0,0
sz000538,1843,2474,661
sh600269,0,9334,0
sh600185,0,0,0
sh600243,0,0,0
sz002185,832423,746094,18880
sz002007,0,1666,0
sz002139,6613,6070,0
sz000831,944,1860,0
sz000953,0,30257,0
sh601222,1224,11461,0
sh600779,5698,5661,217
sh601515,0,0,0
sh600630,0,0,0
sz002222,25184,22661,3199
sh600018,54247,115973,0
sz002282,851,0,0
sh603113,0,0,0
sh603955,524,0,0
sz000800,7588,18309,0
sh603021,1053,1000,0
sz000595,0,0,0
sh603585,0,0,0
sz000923,2237,4738,0
sh603855,0,0,0
sh603066,1034,0,0
sh603015,0,0,0
sh603603,669,609,0
sh601113,18400,2934,0
sz000963,7770,4722,0
sz000911,16915,5430,0
sh600438,6567,30900,0
sz000425,487810,407154,0
sz000762,8993,2203,0
sh603380,0,0,0
sz000848,0,0,0
sh600015,13004,25467,0
sh601628,11251,8405,910
sz002030,2250,0,0
sh600501,5949,13081,0
sh603729,3302,568,0
sh600556,0,0,0
sz002174,2372,5791,0
sh600007,0,0,0
sh600315,5242,872,0
sh601108,38615,22447,1223
sh603869,0,550,0
sz002253,1256,988,0
sz000813,0,0,0
sh600674,2131,12116,0
sh600861,0,1179,0
sh601669,1763,12823,0
sh600353,0,0,0
sh600764,0,400,0
sh603042,0,420,0
sh600426,11087,22216,767
sh600167,1770,1919,0
sz002145,198304,80476,3259
sz002097,0,5000,0
sh600028,166356,180043,9407
sh603311,0,0,0
sh603069,0,804,0
sh603638,0,0,0
sz002028,7582,1655,913
sh600933,0,0,0
sz001696,17710,21534,0
sh600555,7288,5859,0
sh601607,3176,11808,0
sh603227,0,0,0
sz000859,0,0,0
sh600105,0,2286,0
sh603718,0,0,0
sh603683,0,0,0
sz000988,4607,14838,0
sz000627,3973,17949,0
sh600059,0,0,0
sz000537,21210,28214,1778
sh600303,0,0,0
sh600053,0,0,0
sh600540,0,0,0
sh600114,0,0,0
sh600980,0,0,0
sz002349,0,0,0
sz000732,1690,3600,0
sh603885,5635,3237,0
sh600810,0,0,0
sh600271,51862,61304,7132
sz000692,0,0,0
sh600390,0,0,0
sh601991,0,2565,0
sz002091,4000,0,0
sh600846,68626,29048,4406
sh600995,0,3046,0
sz002207,0,0,0
sh603077,60630,116118,0
sz002133,0,0,0
sh600368,0,0,0
sz002183,0,0,0
sh600562,4910,1306,0
sh600311,1712,5253,0
sz000429,0,0,0
sh603260,3363,5302,919
sh600697,2396,0,0
sz000573,0,0,0
sz002009,5194,2047,0
sh600962,0,0,0
sh600961,0,0,0
sh603035,0,0,0
sz002275,0,0,0
sh600498,6546,10803,0
sh600900,35394,82166,0
sh603721,0,0,0
sh600981,0,0,0
sz002258,7168,9169,0
sh600889,0,0,0
sh600038,3362,4512,310
sh601880,10878,36361,0
sz000932,61809,128632,0
sh600531,0,0,0
sh603533,915,3657,237
sh603959,720,0,0
sh600428,0,2000,0
sh601208,0,0,0
sz000005,0,0,0
sh603757,273,0,523
sh600665,0,0,0
sh600526,0,1688,0
sh600398,0,0,0
sz000096,0,0,0
sh600308,0,0,0
sz000912,3182,0,0
sz000786,34125,48486,636
sz002027,532985,451687,9599
sh600203,0,0,0
sh603777,0,0,0
sh603716,0,0,0
sz000025,350,0,0
sh600517,29268,23748,0
sh600990,469,160,0
sz000702,0,0,0
sz000687,5107,6171,0
sh601038,0,0,0
sz000728,8218,16383,0
sz002131,5101,20872,0
sh600886,40639,21645,0
sh600975,0,0,0
sh600307,24386,49829,0
sh601015,3603,2021,0
sz002182,1355,2862,0
sh600706,0,0,0
sz000672,76889,116146,1307
sz000863,0,0,0
sz000768,52089,24789,614
sz002112,0,1200,0
sh603166,0,0,0
sh603320,0,0,0
sh600196,34578,42533,1725
sh600589,0,0,0
sh600416,16133,7409,1056
sh603067,0,0,0
sh603838,0,0,0
sz000555,42741,20110,8185
sh600611,0,5568,0
sh603108,0,0,0
sh600188,7585,9103,0
sh600331,11122,0,0
sh600566,3188,2740,0
sz000069,108744,143397,0
sz000760,0,0,0
sh603090,0,0,0
sh600215,851,11222,0
sh601618,9030,4400,0
sh600488,0,0,0
sz000506,8057,9920,0
sh603006,0,0,0
sh600687,212488,40561,14706
sh600094,0,0,0
sz000014,0,0,0
sh600111,31343,60197,0
sz002361,0,0,0
sh601226,0,0,0
sh600190,0,0,0
sz000534,0,0,0
sh603159,0,0,0
sh603685,0,361,0
sh600415,9424,13967,0
sz000909,0,0,0
sz002032,0,0,0
sz000825,19347,55851,0
sz002024,278398,348321,2454
sh600409,2164,21254,0
sh600130,9413,7320,0
sh603268,0,0,0
sz002077,0,0,0
sz000504,64936,21669,404
sz000970,12962,13364,0
sh600559,2996,2076,0
sz000959,0,0,0
sh603813,0,538,0
sz000895,12277,8167,0
sh600722,2907,0,0
sh600824,6916,0,0
sz000897,4832,4832,0
sh603996,10037,723,0
sh600680,0,0,0
sh600340,14670,6372,817
sz000801,9116,4000,0
sh600982,0,0,0
sh603328,0,3390,0
sh601886,0,0,0
sz002089,0,2261,0
sz000099,2200,0,0
sz000901,513,1271,0
sz002153,28007,32383,536
sh600769,3367,0,0
sz002181,0,0,0
sz002243,0,0,0
sh600662,0,0,0
sh600078,0,0,0
sh600550,0,0,0
sh600828,0,0,0
sh600299,0,0,0
sz002087,10544,3124,0
sh601997,2905,45908,0
sz000785,1005,5156,0
sh603535,0,0,0
sh603822,0,0,0
sh600684,0,0,0
sh603076,0,0,0
sz000822,30783,39637,0
sh600418,1148,9313,0
sz000965,0,3592,0
sh603615,0,0,0
sz000666,495,495,0
sh601929,8001,12421,0
sh603316,0,0,0
sh600546,6612,0,0
sz000899,0,0,0
sh603309,0,0,0
sh603926,0,0,0
sh600275,0,0,1632
sz000017,0,0,0
sh603988,0,0,0
sh603331,0,0,0
sh601211,7212,8782,0
sz002350,3638,1633,2005
sh600237,0,3506,0
sz000531,0,0,0
sz000554,2716,0,0
sh600816,11971,10622,0
sz000410,7268,4596,0
sh600804,3538,13363,0
sh601016,3210,4257,0
sh600822,2073,3816,0
sh600969,0,3500,0
sh600261,2000,0,0
sh600200,0,0,0
sh600158,0,5081,0
sz000723,0,1775,0
sh600356,0,0,0
sz000685,5189,5189,0
sh601100,542,1423,0
sh603659,2063,4104,0
sz000708,0,0,0
sh600771,0,0,0
sh600688,16427,4284,0
sh601118,15451,28269,0
sh603383,0,0,0
sz002125,0,0,0
sh603063,0,0,0
sh600266,0,3400,0
sh600881,0,0,0
sh603963,0,0,0
sz000886,12125,1771,0
sh600790,9428,4886,0
sz000926,42781,41077,0
sh600435,6714,9318,0
sh600029,75028,87256,3573
sh600293,0,0,0
sh603698,0,0,0
sh600470,0,0,0
sz002088,0,0,0
sz002010,2449,8638,0
sh600075,0,0,0
sz002308,0,0,0
sh600513,0,0,0
sz002351,0,0,0
sz002148,3696,0,0
sh600422,5721,8531,0
sh603878,0,0,0
sh603889,2165,1800,0
sz002273,3143,10139,504
sh601699,12616,43374,0
sh603612,0,1244,0
sh601099,17926,49342,0
sz000978,0,0,0
sh600466,2670,9220,2489
sz000078,0,7159,0
sh603019,79297,68190,9640
sz000665,0,0,0
sz002093,3650,5898,0
sh603896,227,193,0
sz000736,0,0,0
sh600297,0,11240,0
sh603208,0,0,0
sz002031,0,0,0
sz002035,800,714,0
sh600006,0,3858,0
sz000636,277886,391027,6424
sh600965,1446,0,0
sh600421,0,0,0
sh601238,4033,7028,0
sz002247,947,947,0
sh603336,0,0,0
sh603010,0,7212,0
sz000503,67540,61558,3770
sh600973,0,0,0
sh600004,2337,1472,0
sh603366,0,0,0
sh603043,0,0,0
sh600066,3450,2904,0
sh600375,0,0,0
sh600694,1409,0,0
sz000906,0,0,0
sh601988,121292,233791,0
sh603969,810,974,0
sh600199,0,0,0
sh600163,0,0,0
sz000966,0,0,0
sh601019,800,10861,0
sh600614,36566,15022,0
sh601588,0,0,0
sh600543,0,0,0
sz002070,47588,456461,0
sh600023,8974,28891,0
sz002287,0,0,0
sh600216,3135,21866,0
sz000949,33818,15066,0
sh600425,3458,19460,0
sh600527,0,2000,0
sh603036,0,0,0
sz000420,0,0,0
sh603899,0,0,0
sh603233,0,539,0
sh603890,0,0,0
sh603232,0,0,0
sz000610,0,0,0
sz000976,0,0,0
sh600500,3950,12458,0
sh603787,0,0,0
sz002279,2133,1217,0
sz000159,0,0,0
sh600707,0,0,0
sh601700,0,0,0
sz002044,5925,9239,0
sz000519,86560,57204,1615
sz002232,0,0,0
sz000753,0,0,0
sh600834,0,0,0
sh603602,199,0,0
sh603766,2336,17330,0
sz000543,2195,2195,0
sz000613,7796,0,0
sh600809,9587,9423,0
sh603339,0,0,0
sh603888,0,474,0
sh601007,0,0,0
sz002202,180448,173631,2141
sh600476,0,0,0
sh601518,0,0,0
sh600758,0,0,0
sh600329,0,0,0
sz000668,0,0,0
sh600100,4796,23533,0
sh600222,0,0,0
sh600726,0,0,0
sh603200,0,0,0
sh600560,0,0,0
sh600202,0,0,0
sh603106,0,0,0
sz000919,0,0,0
sz002271,1133,2197,506
sh603389,0,0,0
sh600323,0,1743,0
sz002001,113719,160534,8432
sh601388,0,3374,0
sh600096,0,0,0
sz002274,0,0,0
sh603978,307,531,0
sh601985,28995,71240,3712
sh600371,0,0,0
sh603189,0,0,0
sh600077,5000,0,0
sh600648,0,2381,0
sh600497,3005,18318,0
sh603977,0,0,0
sz000851,0,0,0
sh600676,0,0,0
sh603086,0,0,0
sh603527,0,0,0
sh601777,1800,1751,0
sh600651,1074,7306,0
sh603178,0,0,0
sh603197,0,0,0
sh600219,20518,23272,0
sz000523,0,0,0
sz002327,2641,2620,0
sh601882,0,0,0
sh601339,0,0,0
sh600270,0,0,0
sz002041,0,0,0
sh600176,3372,5466,0
sz000430,0,0,0
sz000652,0,0,0
sz000581,13991,19602,0
sh603767,0,0,0
sh601919,2251,32010,0
sz000016,15715,5607,0
sh601818,123641,205308,0
sh600612,0,260,0
sz000839,55322,100722,0
sh600301,0,0,0
sh600795,35987,112239,0
sh600288,1652,0,0
sz000600,19831,13594,0
sz002008,32716,58309,2121
sz002064,5872,2589,0
sh600477,21343,7255,0
sz000783,17849,19505,0
sh600658,892,0,0
sz000150,0,0,0
sh600917,0,0,0
sh600702,2922,6433,759
sh603557,0,0,0
sz002060,0,7026,0
sz000682,0,0,0
sh600352,80188,148525,1383
sz000671,110715,129890,0
sz000011,604,604,0
sh600644,0,0,0
sh600635,0,26079,0
sh600633,0,760,0
sz002264,135529,125818,2066
sh603078,198,986,0
sh600395,0,0,0
sh603839,0,0,0
sh600083,0,0,0
sh603605,1000,814,0
sz000823,8588,23994,835
sh603856,0,0,0
sh603416,0,0,0
sh603025,0,0,0
sh600805,0,1724,0
sh603900,1215,420,0
sh603345,0,0,0
sz000860,858,2962,0
sh600459,0,984,0
sz000727,21176,63524,0
sz002210,11494,7259,0
sz000411,0,0,0
sh600113,0,0,0
sh600064,0,0,0
sh600963,2304,5329,0
sh600179,12663,4325,0
sz002142,33620,45134,3155
sz002309,1600,0,0
sh600545,5592,4093,0
sh600819,0,0,0
sh601566,0,0,0
sz002301,8474,6834,0
sh600155,927,0,0
sz002095,0,517,0
sh600126,0,2386,0
sz000905,0,2000,0
sh600875,1430,6095,0
sz002006,7857,7871,0
sh603970,2477,6401,0
sh600998,0,0,0
sz000656,0,6000,0
sz002005,4236,5000,0
sh600184,0,0,0
sh603398,0,0,0
sh603707,501,0,0
sh603333,0,0,0
sh600170,0,18739,0
sz000819,0,0,0
sh603637,7144,449,0
sz002218,51082,100487,0
sz000612,0,0,0
sh601877,0,0,0
sh601969,0,0,0
sh603050,1240,1578,0
sz000560,0,2934,1599
sh603031,0,0,0
sh600780,0,4664,0
sh601225,21133,145399,0
sh600667,56850,176105,5261
sz000735,32183,15569,0
sz002197,0,1490,0
sz002342,19900,4255,0
sz000550,0,0,0
sh600548,1586,1931,0
sh603085,0,0,0
sh600168,0,0,0
sz002195,58440,32032,2033
sz002118,8153,8184,0
sh601881,3215,7625,0
sz000516,18372,9891,0
sh601918,0,7137,0
sh600537,2215,2539,0
sh603007,0,0,0
sh601011,7333,6005,0
sh600738,0,0,0
sz002109,0,0,0
sh601633,0,0,0
sh600746,0,0,0
sh603676,0,0,0
sh603800,0,0,0
sh600643,0,811,0
sh603917,1500,501,0
sh601186,27668,32968,0
sz002242,1304,5687,0
sh600601,0,0,0
sh601555,0,4016,0
sh600732,0,1643,0
sz000416,0,0,0
sz002346,490,2898,0
sz000598,14710,5916,0
sz000587,4502,0,0
sh603028,0,0,0
sh600580,0,6280,0
sh600159,0,0,0
sz002150,0,0,0
sh600195,0,1498,0
sz000928,0,5250,0
sz002134,0,0,0
sz002348,0,0,0
sh603129,0,0,0
sh600884,2230,7681,0
sh601009,12400,26657,0
sh600838,5528,1223,0
sh603165,0,0,633
sh600624,0,0,0
sz000590,0,0,0
sh600121,0,3200,0
sz000725,10289416,9071633,0
sh603776,737,578,0
sh600775,0,0,0
sz000798,0,0,0
sh600883,0,0,0
sh600808,109730,187255,0
sz000852,7473,4486,0
sz002193,10114,0,0
sh600970,8345,11115,0
sh600221,19667,89229,0
sh600568,32871,27249,0
sz000715,1059,1059,0
sz000977,75419,63919,2705
sz000089,0,0,0
sz000999,0,920,0
sz000663,0,0,622
sh603616,0,853,0
sh600097,0,0,0
sz000710,0,766,0
sz002061,6251,16194,0
sh603887,0,0,0
sh601398,300567,295923,0
sh600698,15212,6666,0
sz000885,7058,4109,0
sz002154,6660,6660,0
sh600767,0,0,0
sz000975,45799,29432,0
sz000961,28588,35308,0
sz000544,0,0,0
sh600057,4417,8604,0
sz000403,2909,4103,0
sz002151,92768,75617,3416
sz002237,4952,6657,0
sh600798,0,2157,0
sh600458,0,0,0
sh600392,29825,16117,0
sh600197,941,5789,0
sz000605,1947,0,0
sh600529,0,708,0
sz002259,0,0,0
sz002140,2827,1418,0
sh600380,4121,37846,1226
sz000400,1034,1034,0
sz002100,1600,0,0
sh600863,4513,0,0
sz000913,647,1647,0
sh603218,0,0,0
sz002161,42453,40809,4788
sh600290,1500,0,0
sh603298,0,0,0
sh601788,2012,5322,0
sh603678,1521,400,0
sz002036,6248,15268,984
sh601390,18575,65057,0
sz000973,0,0,0
sz002052,1814,0,0
sz000558,0,0,0
sh600909,7907,0,0
sh601595,0,0,0
sz000402,7082,7097,0
sh603880,0,0,0
sh603788,0,0,0
sz002245,43367,74636,0
sz002144,870,0,0
sh601086,1336,3221,0
sz000589,0,0,0
sz002063,1021,3021,0
sh600506,0,0,0
sh603933,0,0,0
sh603507,0,0,0
sz000750,0,6880,0
sz000882,40958,0,0
sz000782,1637,1637,0
sh600008,106836,27222,0
sz000690,18278,15498,0
sz000676,0,0,0
sh600247,0,0,0
sh601898,1787,1862,0
sz002120,0,0,0
sz002048,4891,9710,0
sz000582,0,0,0
sz000021,25539,33755,3870
sh601106,5059,5000,0
sh600122,24385,6448,0
sh603868,0,220,0
sh600276,4801,21350,2155
sz000788,0,0,0
sz000677,2526,0,0
sz002022,4181,1781,0
sz002355,11000,5892,0
sh600020,2598,17105,0
sh600213,0,0,0
sh601166,74541,114757,0
sh600054,0,720,0
sh600781,0,762,0
sz000887,4624,4035,0
sz002324,0,0,0
sz000797,899,8935,0
sh601599,4055,14141,0
sh600572,2451,2442,0
sh603901,0,0,0
sh600825,0,1986,0
sz000789,147857,211551,6140
sh600496,29420,18841,0
sh600958,12521,37171,2660
sz000776,21750,58827,1832
sh600183,9534,16023,0
sh600563,0,526,0
sz000679,2776,2776,0
sz000858,85204,84597,5442
sz000856,139220,157846,2802
sz000903,124582,70800,0
sh603806,0,368,0
sh600104,13219,26647,701
sh600719,0,0,0
sh603088,0,0,0
sh600850,498,687,0
sh600337,0,0,0
sz000917,15377,10404,0
sh603877,0,0,0
sz000902,0,0,0
sz000739,0,0,0
sz000910,1107,1107,0
sh600250,1799,0,0
sh600419,0,0,0
sh600030,168216,150679,2767
sh600039,0,0,0
sz002137,0,0,0
sh600723,0,0,0
sh600689,0,0,0
sh600988,33045,4539,0
sh601901,0,1938,0
sh603033,0,0,0
sh601688,48616,43933,0
sh603180,0,318,0
sh600871,5907,25822,0
sz002127,3579,4909,0
sz000507,7944,12198,0
sz002318,0,0,0
sz000670,78210,80437,0
sh600468,0,2300,0
sz002238,0,0,0
sh600583,32071,0,0
sz002115,0,1060,0
sz002116,0,0,0
sh600993,999,7080,0
sh600298,2423,6684,0
sz002094,4778,4798,0
sz002240,1726,0,0
sh601069,11449,7365,0
sh600926,0,6398,0
sh603128,1514,0,0
sz002187,3091,1081,0
sh601169,41714,81787,0
sh600207,13421,31477,2389
sz002102,122404,52569,0
sh603999,0,0,0
sh600330,55683,114125,4360
sh600475,0,0,0
sz002121,1241,5605,0
sh601999,4857,0,0
sh600552,0,0,0
sh600312,4652,1605,0
sz002099,0,4404,0
sh603315,0,0,0
sh603228,0,0,0
sh600686,1022,1692,0
sz000719,0,0,0
sh603136,0,651,0
sz000716,0,0,0
sh600851,0,0,0
sh600657,2000,2000,0
sz000697,4787,2460,0
sz002325,4099,17037,0
sz000890,0,0,0
sh600062,535,1019,0
sh601519,0,0,0
sh600521,11746,13255,918
sh603882,360,0,0
sh603686,0,0,0
sh601126,0,1440,0
sz000616,0,0,0
sz000809,0,0,0
sh600814,3650,0,0
sz002343,8571,3858,498
sh600479,0,0,0
sz000931,0,0,0
sh600750,2207,1871,0
sh600547,20022,16075,474
sh600410,6101,13340,0
sh600362,16203,19152,0
sh600071,0,0,0
sh600756,0,0,0
sh600386,0,0,0
sz000722,0,0,0
sh600734,0,0,0
sh603566,0,0,0
sz002352,610,202,0
sh603789,808,0,0
sh600231,8141,32361,0
sh603808,604,0,0
sh603663,1383,0,0
sh600393,2012,0,0
sz002074,4614,2529,0
sz002104,0,0,0
sz002320,4730,4781,0
sz002164,0,0,0
sh600385,0,0,0
sh600302,0,0,0
sh600369,5872,8625,0
sh600570,9633,27215,1402
sh600175,16766,2501,0
sh600586,0,21685,0
sh603991,0,0,0
sz000655,0,2001,2001
sz002283,1826,7691,0
sz002083,3495,3495,0
sh601678,0,6136,0
sh603003,0,0,0
sh600864,0,0,0
sz002194,4802,4536,0
sh600408,3050,10017,0
sz002246,4482,0,0
sh600831,0,0,0
sz002172,0,8268,0
sz002276,0,2402,0
sz000631,0,0,0
sh600232,0,0,0
sz002076,0,0,0
sz002298,0,0,0
sh603359,0,333,0
sz002111,0,1456,0
sz000428,0,0,0
sh600051,0,0,0
sh600343,0,0,0
sh603501,6101,9815,1104
sh600885,1262,233,0
sz002329,0,0,0
sh600936,0,0,0
sh603938,1140,596,361
sh600354,0,0,0
sh600759,0,11477,0
sz002266,8033,3233,0
sh600359,0,0,0
sh603809,735,0,0
sh600782,74850,143603,0
sh600724,0,0,0
sz000409,0,0,0
sz002305,20889,0,0
sh601717,0,5846,0
sh603843,0,0,0
sz002101,1194,0,0
sz002038,13182,19699,356
sh600133,0,2477,0
sz000960,0,2840,0
sh600067,0,0,0
sh603768,0,0,0
sh600335,856,0,0
sh603096,0,160,0
sh600377,0,0,0
sh600673,22468,48595,0
sh600770,13304,26351,1301
sh603368,0,0,0
sh600599,533,0,0
sh603385,1273,1255,0
sz000933,147302,104524,1343
sz000576,0,0,0
sz000601,4155,4155,0
sh603833,0,0,0
sz002295,1735,1735,0
sh600584,77360,108147,6496
sh603696,0,0,0
sh600108,8433,0,0
sz002213,0,3681,0
sh600755,1118,10722,0
sh600683,0,0,0
sh600080,0,0,0
sz002214,42453,33607,0
sh603110,0,0,0
sz000952,0,0,0
sz000731,6556,12919,2809
sh603299,0,0,0
sh603365,0,0,0
sh603689,0,0,0
sh601878,3525,853,0
sh600489,43241,14141,0
sh600169,3000,0,0
sz000892,0,0,0
sh600019,32045,96605,0
sh603269,623,0,0
sh600241,0,0,0
sh601368,0,0,0
sh603127,805,601,0
sz000707,6000,0,0
sh600433,0,0,0
sz000421,0,0,0
sh603690,543,4156,0
sh600820,0,1680,0
sh600089,20718,62829,0
sh603823,0,0,0
sh600753,430,0,0
sh600381,0,0,0
sz002315,440,0,0
sz002347,0,0,0
sh603116,0,0,0
sh600396,0,0,0
sh600060,8982,10241,0
sh600129,3431,1005,0
sz000726,0,5854,0
sh600699,28861,19020,886
sz000795,0,4692,0
sh603313,0,0,0
sh603660,2172,1813,0
sh600800,0,0,0
sh600919,38067,68426,0
sh603022,0,0,0
sz002316,1463,1463,0
sh603369,2543,0,0
sh603816,891,0,0
sh600279,0,0,0
sh600052,0,0,0
sz000816,16643,9834,0
sz000793,143425,138555,3125
sh600258,1114,572,0
sz002256,0,0,0
sz000862,0,0,0
sh600999,6267,20111,0
sz000568,12473,11689,704
sh601908,0,0,0
sh603569,0,0,0
sz002233,2810,16040,0
sz002042,20664,14536,0
sh600588,1016,4017,0
sh601369,5194,22672,0
sh600400,0,1527,0
sz002166,0,0,0
sh601101,1624,1600,0
sh600760,45350,23904,3047
sh600048,231186,327768,7869
sz000803,1000,0,0
sh600763,417,1934,0
sz000850,0,0,0
sz000876,21316,17524,1732
sz000938,6557,9206,476
sh600817,0,0,0
sh600987,0,0,0
sh600508,1126,0,0
sh601808,0,7096,0
sz000536,5006,4284,0
sh603393,343,3870,0
sh600880,2500,0,0
sz002029,0,0,0
sz002156,112250,147625,3844
sh601177,0,0,0
sh600862,1207,0,0
sh600693,1000,0,0
sz002162,0,0,0
sh600446,1466,2634,0
sh600161,72780,63507,6125
sh600101,0,0,0
sz002201,0,0,0
sh600262,0,500,0
sh600596,0,1380,0
sz002155,5259,10201,0
sz000705,0,0,0
sh600708,0,0,0
sh603626,1283,1750,0
sz002230,279132,240275,28189
sh600107,0,1070,0
sh600730,0,0,0
sh600872,500,514,0
sh600660,1836,7924,0
sh600652,0,0,0
sh600206,93674,176295,12414
sh600690,40988,77253,708
sz000880,0,0,0
sh603818,0,0,0
sz000807,239654,158081,1245
sh600135,0,0,0
sz002184,0,0,0
sh603158,0,0,0
sz002323,10133,32988,1029
sh603708,8980,5013,0
sz000510,0,0,0
sh600103,0,0,0
sh603444,0,0,0
sh603588,4009,1827,0
sh600728,7303,1180,0
sh600802,0,5064,0
sz002053,2050,2820,0
sz000551,0,0,0
sz001896,0,0,0
sz002265,1460,1398,0
sz002199,0,0,0
sz000982,22205,44639,0
sh603179,0,0,0
sh603009,0,0,0
sh603799,35799,53150,4708
sh600026,1856,5056,0
sh600141,0,2358,0
sh603355,0,0,0
sh600536,0,0,0
sh600613,0,0,0
sz000626,931,931,0
sh603030,0,0,0
sh603998,0,0,0
sz002106,13933,17728,1989
sz002179,1221,3134,0
sh600894,0,0,0
sh603111,0,3316,0
sh600255,4999,10036,0
sh600520,29790,47560,2649
sz000796,0,0,0
sz002069,0,0,0
sz000338,103894,140561,0
sz000552,6644,20872,0
sh600128,0,0,0
sh600835,37935,26609,2246
sz000620,0,0,0
sh603828,0,0,0
sz002165,0,0,0
sh603058,0,0,0
sh600452,0,0,0
sz002212,48407,5896,3000
sh603040,0,0,0
sh600992,0,0,0
sh601866,10408,0,0
sh600186,0,0,0
sz002171,3751,3751,0
sz002177,0,0,0
sh601231,1501,7226,0
sz002011,1863,10632,0
sh600259,1344,2559,0
sh600095,0,0,0
sh600478,0,4415,0
sh603730,400,1406,0
sh600106,0,0,0
sh600628,1452,1002,0
sh601611,2993,4980,0
sh600511,500,3161,0
sh603922,0,0,0
sh600744,4978,0,0
sh601158,0,1578,0
sh600360,16580,54513,0
sh600857,0,0,0
sz000686,6640,16429,0
sh601888,5374,8251,1003
sz000596,1291,2036,0
sh600522,182435,279879,6358
sh600535,501,400,0
sz002333,0,0,0
sh600647,0,0,0
sh600277,0,3428,0
sz002291,0,0,0
sz002065,10704,11773,0
sh600493,0,0,0
sh600127,0,0,0
sh600868,17166,7777,0
sh600233,0,0,0
sh603038,0,0,0
sh600165,0,0,0
sh603886,0,0,0
sh603458,445,1297,324
sz002332,0,0,0
sh601500,0,0,0
sz000929,955,955,0
sh603667,0,0,0
sz000158,49006,65639,4200
sh600720,13900,29894,0
sh603238,500,0,0
sh603199,4312,9037,0
sz000869,1968,3537,0
sh600280,10328,17674,0
sz000967,0,0,0
sh601366,1061,0,0
sh600519,6472,9672,622
sh601636,72164,176852,5238
sz000998,12598,21814,0
sh603866,0,0,0
sh600637,11381,7782,0
sh600742,700,0,0
sh603918,0,0,0
sz000802,3394,3293,0
sh603579,0,0,0
sh600617,8436,5438,0
sz000712,3284,4868,0
sh600093,0,0,0
sz000829,1076,0,0
sh600469,0,0,0
sh600866,0,0,0
sh603826,0,0,0
sh603002,7464,7584,0
sh603011,0,1380,0
sh601668,169468,295181,0
sz002288,6036,0,0
sh600137,0,1405,0
sh603303,0,0,0
sz000830,237428,207878,11135
sz002296,0,0,0
sz001979,30669,60367,0
sh600757,0,0,0
sh603421,0,0,0
sh600754,0,600,0
sz000026,0,0,0
sh600056,3257,1752,0
sh600251,0,0,0
sh603990,0,0,0
sz000920,0,1513,0
sh603688,1819,809,0
sh600355,0,0,0
sh600605,0,0,0
sh603131,0,0,0
sh603801,209,208,0
sh600118,1503,956,0
sh600212,1026,0,0
sz000565,1709,2880,0
sh603937,0,0,0
sz000983,21001,18820,0
sh600283,800,3888,0
sh603586,0,0,0
sh600234,0,0,0
sh603803,0,0,0
sz002356,1749,1160,0
sz000518,0,0,0
sh603618,0,0,0
sh601128,0,0,0
sh600509,0,1646,0
sh603055,0,0,0
sh600976,596,0,0
sz000761,40932,52310,0
sh600523,0,0,0
sh600009,4131,930,0
sh603001,0,0,0
sh603738,0,0,0
sh600358,0,0,0
sh600099,0,0,0
sh600641,16533,1830,1019
sz000597,9976,14454,1087
sh601377,21269,28050,0
sh600016,81716,83311,0
sz000915,0,0,0
sh603883,0,0,0
sz002026,0,0,0
sz002113,1762,2104,0
sz000553,1424,1400,0
sh603860,0,0,0
sz000541,6073,29234,0
sh603980,0,0,0
sh601021,0,391,0
sh600516,168961,180408,23598
sz002200,0,0,0
sz000628,0,0,0
sh600718,4765,658,0
sz000070,0,0,0
sh603326,0,0,0
sh600803,11464,31526,0
sh603879,698,729,0
sh600249,2205,23639,0
sh601333,79427,82617,0
sh603559,3096,3278,1190
sz002336,9218,6435,0
sz000637,0,0,0
sh600490,0,20661,0
sh600533,0,0,0
sh600654,0,10888,0
sh603617,0,0,0
sh603319,0,0,0
sh600505,0,0,0
sh600557,0,2560,0
sz002299,0,6464,0
sh600292,0,0,0
sz002054,20704,6686,0
sh603979,0,0,0
sh600716,4336,2000,0
sz002227,0,0,0
sh600815,0,0,0
sh600031,118512,106866,0
sz002285,114598,76620,4562
sz000591,7291,3129,0
sh600778,0,0,0
sh603779,0,0,0
sh600486,596,244,0
sz002135,0,0,0
sh601198,0,0,0
sh600876,13285,5579,1848
sh601155,3736,20344,0
sh603357,0,0,0
sh600575,0,0,0
sh600076,4851,1512,0
sh603989,0,0,0
sh600619,0,0,0
sh600711,11209,25620,0
sh601200,0,0,0
sh601949,2000,0,0
sh600639,0,0,0
sz000713,0,0,0
sz002294,8565,8519,370
sz002211,0,0,0
sh600939,0,0,0
sh603829,0,0,0
sh603929,413,0,0
sh601008,0,0,0
sz002226,0,9482,0
sz002278,17342,9484,4744
sh601212,0,1968,0
sh600143,0,2500,0
sh600236,0,0,0
sz000611,0,0,0
sh600761,1859,0,0
sz002049,261846,282307,32888
sh600594,899,0,0
sh600246,0,0,0
sh600182,0,0,0
sz000606,1655,1655,0
sh603722,485,1066,0
sz000878,10824,5347,0
sz002307,16360,10957,1855
sh601010,0,0,0
sh600461,0,2245,0
sh600515,1108,6902,0
sz000791,0,2200,0
sz002229,3000,3332,0
sh600551,1891,0,0
sz002046,0,0,0
sh600376,1875,3285,0
sh600581,52964,54232,0
sz000502,0,0,0
sh600367,0,935,0
sh600348,0,19993,0
sh603699,0,594,0
sz002292,2983,5433,0
sh603103,423,0,0
sh603677,0,438,0
sh601616,0,0,0
sh600088,0,0,0
sz002190,669,982,669
sh601857,15478,41406,0
sz000659,0,0,0
sh601899,196048,207359,0
sh600235,0,0,0
sh601179,5098,5000,0
sh600148,519,0,822
sh603496,0,679,0
sz000810,0,0,0
sz000990,0,0,0
sh601127,0,2984,0
sh603589,606,1037,0
sh603118,0,1700,0
sh600558,2000,0,0
sz000651,122600,131738,6706
sh601163,0,0,0
sh601727,0,16561,0
sh600306,7759,29929,10425
sh600860,0,0,0
sh601116,5179,2626,0
sh600727,0,0,0
sh600837,17832,40654,0
sz002330,8001,0,0
sh600561,0,0,0
sh600201,2853,4825,0
sh600383,5499,11806,0
sh601958,0,0,0
sh600050,550496,548745,0
sh603555,0,0,0
sh600149,0,0,0
sh601900,0,0,0
sh601579,0,1939,0
sh600812,0,0,0
sh603321,0,0,0
sz002353,3838,11604,0
sz002262,3450,8429,0
sh600874,42374,14175,0
sh601766,138882,195689,0
sh603939,576,345,0
sz002335,0,0,0
sh600833,0,960,0
sz000559,5479,17417,0
sh601137,0,0,0
sz002225,0,0,0
sh603817,0,1000,0
sh603089,0,0,0
sh600403,0,0,0
sh601800,3091,6992,0
sz002269,0,0,0
sz000698,0,0,0
sz002217,7977,22073,1019
sz000520,0,0,0
sz002014,0,0,0
sz002124,0,0,0
sh603488,972,557,0
sh603157,0,0,0
sz000404,2435,2435,0
sz000937,11744,15416,0
sz002321,144102,77568,4454
sz000415,19613,6004,0
sh600036,90384,119404,0
sz002223,0,4287,0
sz000532,0,0,0
sh601966,0,900,0
sz000898,67179,97973,0
sh601968,0,0,0
sh600853,0,0,0
sz000755,20004,27586,0
sz000657,0,0,0
sh603903,0,299,0
sz000546,1257,0,0
sz000729,4260,4600,0
sh603388,0,0,1363
sz000711,0,0,0
sz000927,3014,0,3014
sh600260,1469,4367,488
sz000951,1339,2645,0
sh603920,0,0,0
sh601002,10825,3118,0
sh603337,0,0,0
sh603606,0,0,0
sh600691,32506,54136,0
sh600401,0,27756,0
sz000733,5914,7134,0
sh603133,0,0,0
sz002043,5955,5002,1447
sh600841,1001,0,0
sh600655,0,2667,0
sh603229,0,0,0
sh600079,2004,7774,0
sh600839,6154,48712,0
sh600177,0,5329,0
sh600166,0,58214,0
sz002066,0,0,0
sz000609,0,923,0
sh603607,0,0,0
sz002167,1358,0,0
sh603725,0,1495,0
sz002322,0,0,0
sh600903,79104,70311,4188
sh600313,4333,0,0
sz000525,2266,1521,0
sh603993,104774,218027,0
sh603798,0,0,0
sh600789,0,0,0
sh603139,0,0,0
sh600366,0,2706,0
sz000948,0,0,0
sz000821,0,0,0
sh603167,0,0,0
sz000513,6295,6203,0
sh600267,4813,9461,0
sh603898,500,0,0
sz002003,0,0,0
sh600455,0,0,0
sh600582,0,0,0
sh603258,0,0,0
sh601088,8430,20974,0
sh603160,1213,1963,270
sh603916,619,0,0
sz000561,1501,3817,0
sz002173,1528,0,0
sh600848,540,1362,0
sz002341,4305,2681,0
sh600663,0,2834,0
sz000010,10177,2090,0
sh601558,0,17355,0
sz000779,0,0,0
sz000635,0,0,0
sh600748,0,0,0
sz000088,0,5000,0
sh603386,0,0,0
sz000498,2344,9344,0
sz000758,0,4486,0
sh601811,0,0,0
sh603183,0,0,0
sh600650,0,698,0
sh601139,4543,7307,0
sh603499,0,0,0
sz002360,0,2712,0
sh600740,1265,6171,0
sh603186,0,0,0
sh600677,1819,993,0
sh600978,2047,1138,0
sh601858,0,0,0
sh600058,0,0,0
sh600131,0,0,0
sz000533,5088,7120,0
sz000639,0,0,0
sz002284,0,0,0
sz000792,131656,111607,2312
sz002117,0,0,0
sz002023,43538,33546,0
sh600173,0,0,0
sh601012,26184,35286,1725
sh600869,0,0,0
sh600867,1659,4325,0
sz002328,0,0,0
sh600739,0,1892,0
sh600609,0,3500,0
sh601989,326409,414260,7886
sz000833,2946,0,0
sh600751,3531,7449,0
sh600252,3150,0,0
sh600703,38823,53308,1035
sh603919,0,0,0
sh603908,0,0,0
sh603117,0,0,0
sh600858,0,0,0
sz002239,0,0,0
sh600238,0,0,0
sz002263,97865,63401,4415
sz000413,47377,59200,0
sh603906,0,0,0
sz000008,1611,9611,0
sh600774,1456,0,0
sz000524,0,0,0
sh600310,0,0,0
sz002221,24646,21313,0
sh600448,0,14600,0
sh600539,0,0,0
sh600984,2787,3963,0
sh600598,3932,8879,0
sh600705,2875,31693,0
sh600287,0,0,0
sh600160,2015,4641,0
sh600721,0,0,0
sz002252,0,0,0
sh601952,8551,6767,0
sz000790,1594,4870,1594
sh600507,23113,47105,0
sh600449,1103,7216,0
sh603222,0,0,0
sh600339,0,0,0
sz000985,0,0,0
sh600070,0,0,0
sh600796,0,0,0
sh600436,1704,6358,175
sh603639,475,0,0
sz000996,17968,18584,3962
sh603668,0,0,0
sh600192,0,0,0
sh600532,0,0,0
sz000023,0,0,0
sh600891,12351,5678,0
sz000567,0,0,0
sz002130,0,4912,0
sz000752,0,0,0
sz000777,0,0,0
sh603466,635,1761,0
sh600597,3476,5984,0
sz002310,15233,16136,0
sz000691,0,0,0
sz000090,2739,4063,0
sz002020,4286,7489,0
sh600503,50195,12082,0
sz002204,8965,24757,0
sz000617,0,0,0
sh600388,3640,0,0
sh603012,0,0,0
sz000780,0,0,0
sh600892,0,0,0
sh600783,6394,1600,0
sz000875,0,0,0
sh603358,0.0,0.0,0.0
sz000720,0,0,0
sh600116,9956,2006,0
sh601311,0,0,0
sz002143,8104,12204,0
sz002319,1382,659,0
sh601288,306311,808115,0
sh601326,6828,2523,0
sh601998,14306,11591,0
sz002034,1371,770,0
sh600372,7007,1000,0
sh603519,0,0,0
sh600423,0,0,0
sz000650,0,0,0
sz000301,0,12300,0
sh603536,0,0,0
sz002270,0,4247,0
sh603016,0,0,0
sz002126,0,0,0
sh600406,19103,19578,601
sh600462,2778,0,0
sh603289,0,604,0
sh603737,0,0,0
sh600456,490,2845,0
sh600068,31001,68139,0
sh603567,0,0,0
sz002311,894,0,0
sh603017,0,692,0
sz000423,3933,12962,803
sh603628,0,0,0
sh600737,4483,10158,0
sz002314,0,0,0
sh600668,0,0,0
sh600638,0,3159,0
sh600576,0,4172,0
sz002039,0,0,0
sh600736,0,0,0
sz000778,33399,25746,0
sh600405,0,0,0
sz002062,0,0,0
sz002359,1418,480,0
sh600132,0,3294,0
sh603305,500,1078,0
sh600022,26261,167468,0
sh600787,35620,51163,1548
sh600549,5024,4869,0
sz000001,409558,481154,0
sh600420,0,905,0
sz000517,0,0,0
sz002084,0,0,0
sh600325,0,16621,0
sh600223,0,0,0
sz000680,0,0,0
sh600000,12507,9178,0
sh600033,7010,48814,0
sh603538,0,0,0
sh600836,0,0,0
sz000925,1443,1443,0
sh600055,4464,1453,0
sh600821,0,0,0
sh600361,12870,14261,0
sz000156,0,4266,0
sh603123,0,0,0
sh600139,0,3517,0
sz000738,1278,1276,0
sz002251,32641,25121,2405
sz000009,10745,18785,0
sh600110,15072,51162,0
sh603727,0,0,0
sz002058,0,0,0
sz000681,1000,0,0
sh603600,0,0,0
sh600865,0,2830,0
sh603517,0,0,0
sh603098,0,0,0
sh603703,610,0,0
sh600285,0,0,0
sh600640,0,0,0
sh600525,6696,7567,0
sz000980,0,2040,0
sh603029,0,0,0
sz000993,0,2836,0
sh600731,0,0,0
sh600391,0,994,0
sh600593,402,0,0
sh603558,0,0,0
sh600125,132869,129685,5283
sh603277,0,0,0
sh600081,0,0,0
sh601799,0,0,0
sz002147,0,0,0
sh603360,0,0,0
sh603318,0,0,0
sh600807,24351,43133,2823
sh603198,0,0,0
sz000157,20431,41742,0
sz002254,0,0,0
sz000737,0,18000,0
sh600281,0,8670,0
sh603976,0,0,0
sz000501,13441,10703,0
sz000426,10617,10893,0
sh600979,0,2659,0
sh600636,0,0,0
sh603578,0.0,0.0,0.0
sh600091,0,0,0
sz002132,38261,15911,0
sz000828,951,951,0
sz000893,0,0,0
sh600678,0,0,0
sh600895,0,0,0
sz000721,0,0,0
sz000622,3079,3079,0
sh600587,0,0,0
sh600327,0,0,0
sh603005,1837,1163,0
sz002108,42640,8311,0
sh603338,0,0,0
sz002128,27605,35952,1145
sh600768,0,0,0
sz002019,28384,19347,4140
sz000922,0,0,0
sh603099,0,1183,0
sh603126,0,0,0
sz002059,0,0,0
sz002255,0,0,0
sh601018,6035,3280,0
sh601199,0,0,0
sh601218,0,0,0
sh600225,0,0,0
sz002206,2558,2558,0
sz002272,0,0,0
sh601258,71147,17682,0
sh600338,722,1668,0
sh600117,0,0,0
sh603661,0,565,0
sh603928,0,0,0
sh601318,266498,273614,28190
sh600859,20340,12694,501
sh600439,0,0,0
sh603020,0,0,0
sh600844,0,0,0
sz000151,0,926,0
sh600996,0,0,0
sz002047,0,9309,0
sz000962,0,0,0
sz002280,15242,17343,0
sz002241,23086,33091,0
sh603881,17244,12559,3297
sh600569,78280,150510,0
sh600681,0,1000,0
sz000718,3199,3199,0
sh603330,0,0,0
sz002180,791,2247,0
sh600136,0,0,0
sz000661,2568,2979,119
sh600811,2728,0,0
sh600615,0,0,0
sz002021,0,0,0
sz002141,1812,1812,0
sh603367,0,570,0
sh600495,0,1619,0
sz000799,1389,3463,0
sh603026,0,0,0
sh600098,0,1668,0
sz002326,0,12550,0
sh603633,0,0,0
sh600606,23650,49465,0
sh600882,0,0,0
sz000936,6611,2716,0
sz002040,0,0,0
sz000570,0,0,0
sz000703,59961,62928,1998
sz002114,1189,4070,0
sz002068,52291,52636,0
sh601098,5694,5255,0
sh600321,0,0,0
sh600966,9298,6428,0
sh603041,0,0,0
sz000586,0,0,0
sh603000,0,990,0
sh603508,0,0,0
sz002067,0,0,0
sh600021,1114,0,0
sh600282,93406,153549,0
sh600696,0,0,0
sh600847,0,0,0
sz000958,7104,5894,0
sh600843,0,0,0
sz002234,0,2000,0
sh601228,0,14721,0
sz002317,6538,6907,0
sz002002,22627,11551,0
sh600712,1163,0,0
sh603669,0,0,0
sz002123,3080,0,0
sh600229,0,3075,0
sh600073,1577,2382,0
sh601006,36443,56590,0
sh603599,0,0,0
sz000521,0,0,0
sh603595,200,0,0
sh600063,0,0,0
sh600801,31432,60582,0
sz000700,0,0,0
sh603037,0,570,0
sh600620,0,999,0
sh600704,1401,1580,0
sh600747,0,0,0
sh600389,0,0,0
sh600138,0,0,0
sh600035,3324,0,0
sh600898,1450,1040,0
sh601336,24136,12593,306
sh600291,1823,2597,0
sz000669,1758,0,0
sh603101,0,0,0
sh600363,911,0,0
sh600565,3000,4312,0
sh600908,0,4998,0
sh600967,0,1900,0
sh600766,0,0,0
sh603958,0,0,0
sz000968,8601,1258,0
sz002016,6179,20866,0
sh600345,2761,3782,419
sh601890,0,0,0
sz002138,3781,3289,600
sz002045,8315,5439,0
sh600069,11643,9044,0
sh600773,1934,0,0
sh600037,2973,1977,0
sz002340,87552,92521,0
sh600977,0,0,0
sz002110,276458,289864,29871
sh600444,0,0,0
sz002268,12172,18451,1810
sz000868,40744,79094,0
sz000836,7205,5600,0
sh600115,47148,54463,0
sz002056,18926,12191,0
sh600729,2374,1010,0
sz002345,14075,4654,0
sz002090,466,466,0
sz000623,15856,27653,0
sh603266,0,0,0
sh603528,0,0,0
sz000633,0,0,0
sh600893,3247,2255,0
sh601996,0,0,0
sh603288,734,0,0
sh600642,7077,14677,0
sh603909,0,0,0
sh600567,52499,38142,0
sz002191,0,0,0
sz000969,3506,9617,0
sh600826,0,0,0
sh603997,0,1019,0
sz002086,40359,28237,0
sh600483,0,0,0
sh600610,0,0,0
sh600123,1210,2832,0
sh600090,9990,0,0
sz000972,0,6000,0
sh603968,1272,0,0
sz000918,7362,6200,0
sh600025,0,0,0
sh600240,0,7384,0
sz000815,0,0,0
sz002169,0,0,0
sz002261,64480,40852,0
sh600209,4843,5100,0
sz002078,27284,26001,0
sz002050,38317,66686,892
sh600272,0,0,0
sh600592,3808,1103,0
sh600278,0,0,0
sz000418,2501,1735,0
sz002055,0,1054,0
sh600220,0,0,0
sh601965,0,0,0
sz000818,5725,12086,0
sz002337,0,0,0
sh601601,18929,17635,1233
sz002073,0,0,0
sh600172,7050,0,0
sz000826,7850,5148,0
sh600480,1671,2097,0
sz000717,310228,325891,1762
sz002281,48450,68103,2052
sh601789,0,2340,0
sh603081,823,0,0
sh603819,0,0,0
sh600873,6100,10894,0
sz002339,13507,7484,1777
sh600072,0,0,0
sh603396,0,0,0
sz000861,0,8392,0
sh603363,0,0,0
sh600295,13343,26890,0
sh600379,0,0,0
sh600317,14072,0,0
sz000607,0,0,0
sh600897,0,0,0
sh601028,0,0,0
sz002119,489,1131,0
sh600180,0,0,0
sh600792,0,4232,0
sz002158,15603,3596,0
sh603278,1765,1338,0
sh600714,0,0,0
sh600336,0,0,0
sz000545,3906,0,0
sh600027,7978,3063,0
sz002186,0,0,0
sh601928,0,0,0
sh603711,1459,3625,851
sh600679,0,0,0
sh600510,0,0,0
sh600460,528122,489175,58230
sh601666,16707,30668,0
sh603726,0,0,0
sh603306,0,0,0
sh600322,3618,2748,0
sz002196,0,0,0
sh603568,0,0,0
sz002168,10274,0,0
sz000881,4870,0,0
sz000488,39397,67667,0
sh600512,24086,0,0
sh600178,5721,3024,0
sh600692,0,0,0
sz002215,0,0,0
sh603223,0,0,0
sz002107,0,0,0
sh601188,0,0,0
sh600210,0,21027,0
sz000002,104371,139822,2945
sh601168,1360,7283,0
sh603619,461,0,628
sz002338,0,0,0
sz002236,135998,168673,3299
sh600482,600,1005,0
sh601798,0,0,0
sz002231,0,1002,0
sz000563,2594,32058,0
sz000599,3282,0,0
sh600621,4954,6078,870
sh600502,0,16232,0
sh600827,10769,6632,730
sh600888,0,0,0
sh603169,0,0,0
sz000419,0,4762,0
sz000759,134224,172453,0
sh600717,0,0,0
sh600208,44986,79099,0
sz000683,18112,27016,0
sz000593,1268,5885,0
sh600603,0,0,0
sh603188,0,0,0
sz000407,0,0,0
sz000632,0,0,0
sz000877,21194,22418,1193
sz002017,0,0,0
sh603679,0,0,0
sz000529,0,0,0
sz000625,8440,42567,0
sz000837,0,0,0
sz002300,1417,0,0
sh600333,0,0,0
sz002136,4889,0,0
sh603286,0,0,0
sh600823,0,4759,0
sh600608,0,0,0
sz002079,74594,112232,2416
sh603181,0,0,0
sh600896,0,0,0
sh600017,4800,3784,0
sh601375,1914,0,0
sh600061,0,0,0
sz000100,361984,542867,0
sh600373,2886,1419,0
sh603079,254,552,0
sh600217,2010,5152,0
sh600855,0,0,0
sh603500,0,500,0
sz000987,1015,1015,0
sh603177,562,3843,0
sz002286,0,0,0
sh601111,43086,75196,2137
sh600741,5234,10730,0
sh603018,0,0,0
sh603717,421,0,0
sz002157,54896,62536,0
sz002209,0,2398,0
sh603060,0,0,0
sz000514,0,0,0
sh600012,0,2378,0
sh600784,0,0,0
sh600387,0,1040,0
sh600986,0,0,0
sh600626,1303,1300,0
sz002304,2976,4922,226
sh600151,1303,2746,0
sh600193,0,2158,0
sh600887,388130,318217,23825
sh601567,0,0,0
sh603083,740,516,0
sz002228,0,0,0
sz000619,0,0,0
sz000751,2450,6850,0
sh600577,0,0,0
sh600518,4346,7458,0
sh600623,0,0,0
sh600578,0,0,0
sz000408,3623,8023,0
sh600326,5795,1373,0
sh600198,1140,5507,0
sh603577,0,0,0
sh600346,224193,117882,17937
sh603377,1113,0,0
sz000417,11990,8542,0
sh600191,0,1424,0
sz000709,179372,302160,0
sh603300,0,0,0
sz000835,7390,0,0
sh600499,5452,20263,0
sz002018,5714,4000,0
sz000667,0,0,0
sz002149,0,0,0
sh600879,25878,9998,0
sz002013,4173,1101,0
sh600284,0,0,0
sz000539,0,0,0
sh600701,0,3374,0
sz002235,1758,1758,0
sz002248,16605,99151,0
sh600845,2970,0,0
sh601992,23928,16754,0
sz002303,1909,1909,0
sh603701,0,0,0
sh603636,0,0,0
sh600467,0,0,0
sh600086,1090,0,0
sh600653,0,4000,0
sz000012,40818,75808,0
sh600300,0,0,0
sh603609,1205,0,0
sh600370,0,0,0
sz000701,0,0,0
sh600382,0,850,0
sh603008,0,600,0
sz000756,2000,0,0
sz002085,735,1600,0
sh600228,0,0,0
sz000981,0,0,0
sh601939,98106,100399,0
sz002362,48446,120776,3380
sh600661,0,509,0
sh600010,32029,108578,0
sh600305,0,1759,0
sh600616,0,0,0
sh603556,516,0,0
sz002057,0,0,0
sh603027,0,1200,0
sh603658,0,0,0
sz002025,3942,488,0
sh600604,0,1874,0
sz002081,45134,44245,0
sz002176,46044,75906,1263
sh600120,0,618,0
sh600538,0,0,0
sh600585,98230,150248,4289
sz002267,5848,2620,0
sh600776,1706,11511,0
sh600602,3188,4186,0
sh600749,0,0,0
sh603203,0,0,0
sz000811,0,0,0
sh603335,0,0,0
sz002249,1997,5897,0
sz000921,2036,2826,0
sh600011,21694,3613,0
sz000888,0,0,0
sh600649,1155,1316,0
sz000584,685,2251,0
sz002203,0,0,0
sh601801,0,0,0
sh603239,0,0,0
sz002277,58258,35971,0
sh600109,4643,2648,0
sh601107,0,0,0
sh601689,0,0,0
sz002175,0,2439,0
sh600573,0,0,0
sh603196,0,0,0
sz002354,7039,2674,0
sh603630,0,0,0
sh600528,0,3259,0
sz000548,4226,0,0
sh600725,0,0,0
sz002216,0,0,0
sh603648,682,1697,0
sh603225,0,878,0
sz000603,0,0,0
sz002224,0,2400,0
sh603456,712,0,0
sh600152,0,0,0
sz002105,0,0,0
sh603399,0,0,0
sz000883,0,7332,0
sz000571,0,0,0
sh600491,1600,3360,0
sh600600,14457,10653,580
sh601718,1742,5310,0
sz000166,40683,36684,0
sz002129,1642220,1396401,66235
sh601229,8287,26665,0
sh600735,5069,0,0
sz002244,5792,11708,0
sz002152,108785,84351,1579
sz000989,0,4435,0
sz002363,1510,0,0
sz000997,1613,2243,0
sh600571,5296,3053,0
sh600211,370,0,0
sz002306,0,0,0
sz000018,0,0,0
sh600791,0,0,0
sh600671,1500,0,0
sz002080,0,0,0
sz000153,0,0,0
sh600487,68781,118376,7352
sz002096,0,0,0
sh603100,0,0,0
sh600710,0,0,0
sh603797,0,1648,0
sh601000,28735,5292,0
sh600156,0,0,0
sh600830,22500,3894,0
sh600218,0,0,0
sh600971,0,5944,0
sh603985,0,0,0
sz000528,11304,11926,0
sz002122,0,7768,0
sh601233,10965,23075,1383
sz002051,2694,2485,0
sh600256,224261,195675,13849
sh600153,2044,0,0
sh600590,2017,0,0
sz002250,0,0,0
sh600713,0,0,0
sh601328,66962,153798,0
sh600481,0,0,0
sh600777,0,8029,0
sh600629,0,0,0
sh600316,1693,0,0
sz000422,0,5845,3000
sh603023,0,0,0
sh600983,0,0,0
sz002198,0,0,0
sz000608,1962,0,0
sz000572,4238,0,0
sz002290,0,0,0
sz002170,2162,0,0
sz002082,0,0,0
sz000955,7614,9716,0
sh603665,0,0,0
sh603580,0,0,0
sh603608,0,0,0
sh603515,471,0,0
sz000957,0,0,0
sh603758,0,0,0
sh600959,0,1200,0
sh600189,0,0,0
sh603728,0,0,0
sh601117,80408,63453,0
sh603323,0,1765,0
sh600351,0,0,0
sh603848,26438,21978,2618
sz002208,0,0,0
sh603518,0,0,0
sz000889,4523,2924,0
sh600785,0,0,0
sz002146,24748,37330,0
sh603505,0,0,0
sh600319,2840,0,0
sh603611,0,0,0
sh600350,0,5533,0
sz002159,0,0,0
sh603912,3455,1565,503
sh603859,2894,2341,0
sz002071,30128,49234,4048
sz002092,14204,28395,0
sz002334,1579,0,0
