sh600744,0,0,0
sh600601,2989,3733,0
sz002191,0,1676,0
sz300300,1521,3521,0
sh600780,0,0,0
sh600623,0,2726,0
sh600861,0,0,0
sz300532,0,0,0
sh603269,0,0,0
sz002569,849,1751,0
sh600358,3011,1851,0
sz300063,5188,7478,1902
sh600563,1682,573,0
sh600521,50727,32050,3107
sz300088,50107,59104,0
sh600377,2000,0,0
sz002724,0,0,0
sh600536,0,2654,0
sh600613,0,0,0
sh600876,0,0,0
sz300682,0,0,0
sh600095,0,0,0
sz300157,4487,3956,0
sh603919,706,0,0
sh603937,1060,1355,0
sz000550,0,0,0
sz000058,3974,10021,0
sz000719,0,0,0
sz300228,2284,7521,0
sh603183,0,1303,0
sh603517,0,268,0
sz000906,0,0,0
sz300183,5746,8012,0
sz002190,0,1216,0
sz002217,4410,4350,0
sz002647,0,360,0
sh600435,15196,33911,0
sz002407,22190,14418,827
sz002885,0,0,0
sz300233,2648,2032,0
sz002665,7872,1852,0
sz002870,0,0,0
sh601258,0,67177,0
sh600199,0,0,0
sh600647,0,0,0
sh603599,0,0,0
sh601028,0,0,0
sh603367,0,1604,0
sz300273,1486,9346,0
sz002286,0,0,0
sh601882,0,0,0
sz300718,0,2024,0
sz300478,2959,919,791
sz002782,0,0,0
sz000626,2665,2877,0
sz000830,155864,188466,4859
sz002629,0,0,0
sz000993,0,0,0
sh600764,0,415,0
sz000620,0,0,0
sh603916,0,1720,0
sz002017,0,0,0
sz000836,67793,39541,0
sh600004,0,6489,0
sz300066,12000,0,0
sz002138,7034,15192,0
sz002661,0,0,0
sh600969,0,0,0
sz300096,19923,11240,0
sz300487,0,0,0
sz002753,623,0,0
sz002141,5472,2616,0
sz300039,8814,14756,2002
sz300125,0,0,0
sz002908,31001,18224,2705
sz002267,4130,11881,0
sh600807,52676,143990,0
sz002151,16761,22015,761
sh600119,0,773,0
sz002280,3462,11488,0
sz002868,520,520,0
sh600980,1061,0,0
sz300178,0,0,0
sh600552,0,1746,0
sh603444,60,238,0
sh600386,0,0,0
sz002447,4600,4000,0
sh600009,5174,6927,0
sz002340,352976,248788,0
sz002409,16276,15544,1987
sz300348,667,667,0
sh600106,0,0,0
sz000890,0,0,0
sh601001,0,1767,0
sz002675,0,0,0
sh600000,29880,87344,0
sh600970,14207,8518,0
sz000717,237373,310201,2126
sh603518,0,0,0
sh600822,1885,1639,0
sz300528,0,0,0
sz002272,0,0,0
sh603878,0,0,0
sz000659,0,0,0
sz300174,0,590,0
sz300610,0,0,0
sz000848,3691,4240,0
sz002307,2221,4169,0
sz300280,0,0,0
sz300028,3400,3400,0
sz002393,390,390,0
sz002111,0,0,0
sz300519,0,0,0
sz000613,3382,0,0
sh600033,3308,0,0
sz002737,0,0,0
sz002596,10358,12250,0
sz002233,6745,11411,0
sz300518,0,0,0
sz300355,182650,199281,15280
sz300357,0,0,0
sz002353,847,0,0
sh603011,2788,0,0
sz300583,296,296,0
sz300146,10253,33339,0
sz000926,11973,15835,0
sz002642,4468,13547,919
sh600640,0,0,0
sh600288,0,2727,0
sz300094,2328,0,0
sh601801,1010,974,0
sh603566,0,0,0
sz000043,2320,0,0
sh603667,1080,0,0
sh601997,975,7280,0
sh600171,41186,56009,1006
sh601666,2059,9199,0
sh600961,0,0,0
sz002101,910,1840,0
sh603005,4742,7463,0
sh601880,0,12715,0
sz002002,18338,5450,3300
sz002829,0,0,0
sz002519,0,6060,0
sz300642,0,137,137
sz000089,0,1354,0
sh600143,7692,2310,0
sh600898,0,1000,0
sh603268,0,0,0
sh603843,2856,2333,0
sh601218,0,0,0
sh600868,2643,4143,0
sz000589,0,0,0
sz300393,1687,475,0
sz300165,0,0,0
sz000959,0,0,0
sh600255,0,3236,0
sh600575,2503,0,0
sz300213,0,0,0
sh603377,0,0,0
sz000759,14165,10092,0
sz002008,58710,57514,3870
sz002318,8811,5736,0
sz000018,7609,0,0
sz300176,330,757,83
sz300222,1862,5806,520
sz000571,0,3804,0
sh603079,1212,0,0
sh603278,1406,0,0
sh603099,0,0,0
sz000705,0,0,0
sh600642,8418,4430,0
sh600376,0,1200,0
sz002040,0,0,0
sz300386,1328,0,0
sz300342,1600,892,892
sz300438,571,571,0
sz002283,0,0,0
sz002678,0,0,0
sz002166,0,0,0
sz002355,2647,2647,0
sz002424,3524,1898,0
sh600760,3735,3351,0
sz000584,2800,1578,0
sh600186,4333,3337,0
sz002244,3635,8243,0
sh600523,0,0,0
sh603533,2764,3793,343
sz002343,0,600,0
sz000630,49741,145398,0
sz002897,285,285,0
sh601567,0,0,0
sz000972,0,0,0
sh603977,4310,2725,0
sh600663,0,695,0
sh600072,0,6686,0
sz300707,516,657,0
sz002162,0,4000,0
sz300540,0,0,0
sh603089,0,0,0
sz000656,6879,13121,0
sh600011,4042,6462,0
sh603679,0,0,0
sz300203,775,2591,0
sz300656,878,1506,0
sz002227,0,0,0
sh603335,0,0,0
sz002207,0,3200,0
sz300343,0,0,0
sh600673,5000,10130,3547
sz300017,51245,77857,0
sz300065,2395,1295,0
sz300398,0,1280,0
sz300629,627,207,1095
sz002284,0,0,0
sh600455,0,0,0
sz300283,0,0,0
sh603233,0,221,0
sh600551,0,0,0
sh601668,209350,400005,0
sz300275,0,6585,0
sz002523,0,0,0
sh600180,0,0,0
sz002205,0,0,0
sh600499,63318,35011,3340
sh601717,0,8857,0
sz002278,227562,13177,2093
sz002007,2989,5746,0
sh600501,0,2269,0
sz000892,0,0,0
sh601700,3807,0,0
sz300472,1466,568,0
sh601000,6018,11749,0
sz000420,33895,37424,0
sz300354,0,0,0
sz002066,0,0,0
sz300189,0,0,0
sz000088,0,0,0
sh600590,0,1942,0
sz002146,158172,134496,0
sz300102,47151,68811,2400
sz002749,0,0,0
sh603869,0,0,0
sh600486,0,228,0
sz300153,0,0,0
sz300021,0,0,0
sh603232,0,0,0
sz000996,8560,11164,1049
sz000885,8336,15058,0
sz002213,5501,501,0
sz000690,2239,21387,0
sh603726,0,0,0
sz002787,0,1980,0
sh600639,0,0,0
sz000851,2242,5442,0
sz002878,489,489,0
sz000799,949,4718,0
sz300450,5281,2551,154
sz002270,0,0,0
sz002210,0,0,0
sh601212,0,0,0
sz002487,0,0,0
sh600933,1305,0,0
sz002898,0,0,0
sz002374,9062,31262,0
sz002300,0,1412,0
sz300282,0,0,641
sz300070,11921,25689,0
sz002430,4132,4980,0
sh600152,0,0,0
sz000428,0,0,0
sz300535,400,0,0
sh600694,0,0,0
sh601100,779,787,0
sz300194,0,0,0
sz300050,0,0,0
sz002211,0,1442,0
sz300633,0,0,0
sh603559,5608,1839,739
sh600151,1303,1693,0
sh603380,0,0,0
sh600570,28904,34893,2722
sz000539,0,0,0
sz002342,1961,0,0
sh600790,2304,0,0
sz300484,0,0,0
sh603825,0,0,0
sh601108,11568,31868,0
sh600196,24488,35068,1622
sz000587,6639,1545,0
sh601616,0,0,0
sz300112,0,0,0
sz002668,552,552,0
sz000150,0,0,0
sz002630,4145,2145,0
sh603366,0,0,0
sh600027,0,27731,0
sz300080,0,0,0
sz300212,6365,3154,0
sh601377,14394,16037,0
sh600703,91616,97708,8212
sz300048,0,0,0
sz002132,10023,2771,0
sh600782,75397,55715,0
sz000955,23542,13580,0
sz002338,0,0,0
sh603811,0,0,0
sz002796,0,0,0
sz300035,0,4164,0
sh601101,0,0,0
sz000987,0,0,0
sz300169,0,0,0
sz300424,0,2006,0
sz300258,0,0,0
sh603023,0,0,0
sh600381,0,0,0
sz000883,2294,2294,0
sh600078,0,0,0
sh600132,2108,0,0
sh600621,2458,4164,0
sz000028,1944,1696,0
sh600396,0,0,0
sh603882,702,347,0
sz002316,0,0,0
sz000521,3001,3001,0
sz300411,2112,308,0
sh603969,0,0,0
sz002799,869,0,0
sz300552,0,0,0
sz002731,0,0,0
sz002044,23529,23273,0
sz002167,0,2116,0
sz300364,9316,12252,0
sh600148,0,0,0
sz300351,0,1600,0
sh600477,0,2113,0
sh600793,0,0,0
sz000554,1327,1327,0
sh600862,1124,1055,0
sz002135,0,0,0
sz002510,14366,12688,0
sz002486,16044,13730,0
sz002403,0,0,0
sz002666,0,0,0
sh601388,2771,26562,0
sz000698,0,0,0
sh601881,0,12409,0
sz300215,0,0,0
sh600556,0,0,0
sz002439,16332,5330,810
sz300298,1529,3883,0
sz300370,0,0,0
sz002090,0,0,0
sz300246,0,0,0
sh600179,4343,4184,0
sh600351,0,0,0
sh600491,0,0,0
sh601888,13435,20917,1133
sz002767,0,0,0
sz000826,3685,1085,0
sz300620,0,0,0
sh603037,0,0,0
sz300224,11162,6918,0
sz002023,191690,161101,5498
sz000619,4000,0,0
sz300182,39014,18483,0
sh600756,0,2757,0
sz002251,29274,23274,0
sz002406,0,0,0
sz002022,0,2241,0
sz002261,315131,215558,5406
sz300333,1152,2862,0
sz300266,0,2540,0
sz300431,403332,232334,35324
sh603978,110,341,0
sz002809,0,0,0
sz002450,78688,94527,1381
sh603022,0,0,0
sz002808,0,0,0
sh600353,0,0,0
sh603928,0,0,0
sh600114,0,0,0
sz300555,0,0,0
sz002041,0,2936,0
sz002887,966,1864,0
sz002402,30123,37094,1525
sh603806,0,0,0
sz002725,0,0,0
sz000701,0,0,0
sh600228,0,855,0
sz300073,14993,14679,1639
sh600266,2468,5756,0
sh600768,0,0,0
sz002534,3806,1554,0
sz000797,4704,865,0
sz300201,15754,31494,0
sz300630,319,355,146
sh600679,0,0,0
sz002131,26201,22593,0
sz002390,121907,102203,0
sz002095,293,797,0
sh600908,0,5925,0
sz002713,0,0,0
sz002825,634,0,0
sz300660,0,0,0
sz000786,29599,40810,592
sh603012,1443,0,0
sz002518,1438,776,0
sh600619,0,0,0
sh603797,0,0,0
sh600710,0,2312,0
sh600331,0,0,0
sz002291,0,0,0
sz002176,87870,63870,0
sh601872,0,2335,0
sz300691,358,0,225
sh601137,0,1001,0
sh600094,0,2000,0
sh603298,0,0,0
sh600719,0,0,0
sz002864,862,3306,0
sh600909,3638,7186,0
sz300009,44117,34162,5007
sh600397,0,0,0
sh600425,0,0,0
sz300244,2087,2557,0
sz000055,0,0,0
sz000533,1503,0,0
sh603906,0,0,0
sh603933,0,238,0
sz000661,2856,1726,473
sz300488,0,0,0
sz002287,0,0,0
sh600237,0,5201,0
sz300447,0,1000,0
sh600122,14127,4115,0
sh600287,0,0,0
sz002499,0,0,0
sz002509,13888,5488,2200
sh600169,0,4000,0
sh600285,1000,4182,0
sh603036,0,0,0
sz002055,1233,4799,0
sh600269,0,0,0
sh603990,0,0,0
sz002685,2280,5040,0
sh600716,0,0,0
sz002417,0,740,0
sz000004,494,0,0
sz002732,0,0,0
sz000687,1010,1826,0
sh600711,40802,37643,0
sh603918,0,0,0
sz002047,12133,2990,0
sh603009,0,0,0
sz300014,45119,44567,2139
sh601369,0,4328,0
sz002463,12205,15653,0
sz000159,0,0,0
sz000735,51545,26380,0
sz002741,1287,635,0
sh600247,0,0,0
sz002542,0,0,0
sh601985,8908,4051,0
sh600566,4684,3095,370
sh600354,0,0,0
sz300695,0,367,0
sz300384,0,0,0
sz300414,0,1276,0
sz002790,0,0,0
sh600517,1937,8333,0
sz000899,0,0,0
sz300029,0,0,0
sh600510,0,0,0
sh600303,0,2000,0
sh600260,0,1356,0
sz300617,0,0,0
sz300034,3106,0,0
sz000570,0,0,0
sz300332,0,0,0
sz002693,0,0,0
sz002301,21300,5862,631
sz000837,0,0,0
sz002039,0,0,0
sz000997,2041,9692,0
sz002803,0,0,0
sz002455,21277,47503,1009
sh603528,1221,0,0
sh600338,11206,2985,511
sh600403,0,0,0
sh601998,24868,49386,0
sz000733,1582,4968,0
sz300207,14719,11063,0
sz300025,2776,5780,3004
sz300605,0,0,0
sz002435,0,0,0
sz000965,0,0,0
sh600079,4578,4781,0
sz002150,0,0,0
sz002351,0,1487,0
sh601006,5308,29755,0
sh600086,1078,0,0
sz002118,27114,11630,0
sh601607,2015,4888,0
sh601949,0,2785,0
sz300598,0,0,0
sz002230,234886,221214,24120
sz002014,830,8000,0
sz002816,0,0,0
sz300548,0,0,0
sz000880,0,0,0
sh603018,0,0,0
sh601788,13717,36598,0
sh600757,0,1661,0
sh600012,2002,800,0
sh603033,679,0,0
sh600469,0,0,0
sh600721,0,0,0
sh603839,0,0,0
sz002830,621,0,0
sz300440,0,0,0
sz000998,9076,2571,0
sz300563,0,0,0
sz002798,0,0,0
sz000838,0,1955,0
sz002594,33519,34992,1765
sh603026,0,0,0
sz002386,6362,2955,0
sz000413,156398,97381,0
sh600740,11449,17500,0
sz000702,0,0,0
sz300397,4254,3412,0
sh600311,3227,7549,0
sh603126,0,0,0
sz002282,0,0,0
sz000001,980386,912187,7089
sz002196,0,0,0
sz002107,0,0,0
sz002322,4982,699,0
sz300299,0,0,0
sz300697,489,1518,0
sh603822,0,0,0
sz002181,0,0,0
sz002152,14052,12636,0
sh600189,0,0,0
sz300613,977,1056,136
sz002489,0,1827,0
sh600388,0,0,0
sz000532,0,0,0
sz000667,0,0,0
sz000025,278,0,570
sh600826,0,0,0
sh603098,7819,9344,0
sz300031,0,1600,0
sz300401,3196,3742,0
sh603019,42603,38355,3947
sh600714,0,0,0
sz002418,5488,17387,0
sz300534,0,0,0
sh600777,0,3289,0
sz300022,18688,47377,0
sz002644,0,0,0
sz002414,1558,3720,0
sz002672,0,3330,0
sz002618,17552,20013,1302
sh603768,0,0,0
sh600825,3786,2026,0
sz000616,0,7976,0
sz300507,0,0,0
sh603985,0,0,0
sh600029,134394,229227,2704
sh603879,0,0,0
sh603997,0,0,0
sz000758,0,0,0
sh600100,7048,17040,0
sh600308,0,0,0
sz300237,0,0,0
sh603616,0,0,0
sz002339,0,0,0
sz002792,3268,1778,397
sh600846,0,11684,0
sz300445,0,0,0
sh600315,0,1778,0
sh600582,6794,5377,0
sh603198,0,0,0
sz000983,36824,88153,0
sz000677,0,0,0
sh600420,0,0,0
sz002543,0,0,0
sz002506,40464,13908,0
sz002249,10619,7183,0
sz300303,3371,3371,0
sz002105,0,0,0
sh603277,0,0,0
sz002886,0,2027,0
sh603326,0,0,0
sz000100,314299,459828,0
sz002108,5707,4535,0
sh601226,0,0,0
sz002472,0,0,0
sh601233,6046,14981,529
sh601198,0,1000,0
sh603029,0,0,0
sz002038,10666,16503,1217
sh601669,1648,0,0
sz002584,24624,11503,0
sh600508,0,2949,0
sh603861,0,0,0
sh600466,0,0,0
sz000913,595,5619,0
sz002817,353,0,0
sh600077,0,5000,0
sh600476,0,0,0
sh603580,0,0,0
sz000753,6810,0,0
sz000810,1331,0,0
sh600743,8294,0,0
sz002051,0,0,0
sh600279,0,0,0
sz300474,3738,2130,1214
sz300367,6414,6105,0
sh600648,1076,674,0
sh600643,967,9906,0
sh603617,0,0,0
sz300366,0,0,0
sz002296,0,0,0
sz002818,0,0,0
sz300338,1732,1732,0
sz000785,11544,5544,0
sz300591,1346,1346,0
sh601965,0,0,0
sz002085,0,695,0
sz300514,0,678,0
sh603527,0,0,0
sh600792,0,0,0
sz000046,0,0,0
sh603086,0,0,0
sh601811,0,0,0
sz300482,0,400,0
sz300699,4121,4995,377
sz300051,0,0,0
sz300055,120404,80013,4977
sh603938,356,509,0
sz002011,0,0,0
sh603188,0,856,0
sh600249,0,0,0
sz300416,0,0,0
sz300608,4085,8619,2488
sz300106,0,0,0
sz000402,12311,13682,0
sh601113,0,2000,0
sh600887,95754,114942,7405
sz002602,0,0,0
sh600261,0,0,0
sh600958,2065,17728,0
sz300225,13722,0,0
sz002187,0,0,0
sz000707,0,0,0
sz002445,0,4961,0
sh603856,0,0,0
sz002350,0,1275,0
sz000506,0,5390,0
sz300056,1388,1388,0
sz300350,0,0,0
sz300164,3878,0,0
sh603103,0,0,0
sz002158,1872,9336,0
sz002248,0,0,0
sz000016,6862,5220,0
sh600658,0,1107,0
sh600073,0,0,0
sh600401,19145,8884,0
sz000715,0,0,0
sz300314,0,0,0
sh600611,2001,0,0
sz300349,6447,325,0
sz300243,0,0,0
sz000652,0,0,0
sh600050,287898,435223,0
sh600525,1661,2125,0
sz002822,1608,0,0
sz300279,0,0,0
sz000541,10902,8161,0
sz002161,2930,11287,0
sh600791,0,1678,1649
sz002081,24767,59403,0
sh600252,4000,11071,0
sz300084,1473,3800,0
sh600583,2586,0,0
sz000090,1121,1121,0
sz300529,1116,1116,0
sz000970,28926,23889,0
sz000779,0,0,0
sz002373,25364,37915,0
sz002673,8192,26439,0
sz300147,0,0,0
sh600693,0,0,0
sh600375,0,2376,0
sz002194,54327,56118,910
sz000877,13562,11777,0
sz002434,8132,18023,2527
sz300368,0,0,0
sz002827,0,0,0
sz300606,0,0,0
sz002234,6032,7648,0
sz002517,249782,85458,4699
sh600783,0,0,0
sz002663,3120,3120,0
sz002175,8394,12988,0
sh600769,0,0,0
sh603690,2346,983,0
sh603737,0,503,0
sz002137,0,0,0
sh600051,0,0,0
sz000828,3279,3299,0
sz002202,33481,41634,0
sz300491,0,0,0
sh603515,0,0,0
sz002232,0,1068,0
sz002253,769,769,0
sz300550,0,0,0
sh600256,116704,150133,0
sh600707,0,0,0
sh601339,0,0,0
sz000686,4061,22662,0
sz002515,0,0,0
sz000507,1276,11970,0
sz000608,2816,7556,3820
sh600603,0,0,0
sh600048,153795,244391,3968
sz000727,10086,67842,0
sh600699,8214,14938,0
sz002848,0,0,0
sh600539,0,0,0
sz000158,1459,2704,0
sz002335,1171,1453,0
sz300173,9050,0,3050
sz300291,1239,9517,0
sz300199,1286,0,0
sz300376,51255,95832,2210
sz300145,8896,16787,0
sz300036,919,919,0
sz002769,0,0,0
sz300214,0,0,0
sh600676,0,0,0
sh603365,1225,479,0
sz300210,0,0,0
sz300600,0,0,0
sz002750,0,0,0
sz002274,0,0,0
sh601008,0,0,0
sh600458,0,1909,0
sz000048,0,0,0
sh600866,0,0,0
sh603208,0,0,0
sh600487,79483,59952,4975
sz002785,0,0,0
sz000039,36499,33989,0
sh600463,1021,0,0
sz002765,1630,0,0
sz300562,0,2868,0
sz300496,4765,3615,0
sz000910,4427,4393,0
sh600884,45518,19277,4045
sz002164,0,0,0
sh600967,3411,11325,0
sz002383,6212,10488,738
sh600380,20960,15973,0
sz000582,0,2174,0
sz300637,1260,0,0
sh603000,822,0,0
sz000663,577,2283,0
sz000537,5925,6561,0
sh603040,0,158,0
sh603787,0,0,0
sh600070,0,0,0
sh600662,0,0,0
sz002097,0,0,0
sz002129,2482020,2045344,181894
sz002845,4277,5562,843
sh603678,0,0,0
sh600210,0,24882,0
sz002541,0,0,0
sz000045,1735,0,0
sh600831,0,0,0
sh601038,0,0,0
sh603866,0,0,0
sz300011,0,0,0
sz000636,177434,149662,1895
sz000777,669,669,0
sz300521,0,0,0
sh600543,0,0,0
sz000026,0,0,0
sz002419,6260,14084,0
sz002721,2000,0,0
sh600133,0,7018,0
sz002345,0,0,0
sz300449,0,0,0
sh603108,0,0,0
sz002223,6500,0,0
sz000650,0,0,0
sh603100,0,0,0
sz300388,2602,2851,0
sz300410,331,331,0
sz002422,10976,24064,0
sh600548,0,0,0
sz000691,17658,5622,0
sz300395,894,894,0
sz000752,0,0,0
sz300020,4792,3936,1634
sz300142,75466,66682,3066
sh603799,93206,54679,13393
sh600028,278304,246458,0
sz002772,1488,0,0
sz002855,0,0,0
sz002581,0,0,2417
sz000611,0,0,0
sh603090,0,0,0
sz002490,0,0,0
sh600977,1900,661,0
sz300317,3361,6235,0
sh600765,0,1621,0
sz300058,1978,22759,0
sz002501,10497,10944,0
sz002389,2288,2226,0
sh600007,0,0,0
sz300603,564,0,0
sh600335,0,0,0
sh603615,0,0,0
sz300439,0,0,0
sz002605,8584,0,0
sz300649,676,0,0
sz300490,0,0,0
sz300003,13768,7310,409
sh600317,0,0,0
sz300573,0,0,0
sz002743,0,0,984
sz300585,2054,1985,0
sh600267,748,3009,0
sz002341,13202,3544,0
sh600773,3328,0,0
sz300180,0,0,0
sz300139,0,0,0
sz300353,0,0,0
sh600595,2013,0,0
sh603387,0,200,0
sz300172,0,0,0
sz300004,0,0,0
sh603386,0,0,0
sh600096,0,0,0
sh601678,0,5366,0
sz002225,2163,8882,0
sz000977,77997,68567,1838
sz300358,0,0,0
sh600219,20212,23048,0
sh600850,0,0,0
sz002811,0,0,0
sz300648,0,0,0
sh600489,3651,8653,0
sh603683,0,0,0
sh601012,28858,29368,1552
sz300191,2000,0,0
sh600981,0,0,0
sz002331,0,2000,0
sh600036,117555,157929,1571
sh600505,0,0,0
sh601018,12070,4063,0
sz002384,3939,3793,0
sz000908,0,0,0
sh600705,23434,22514,0
sh600797,4550,7186,0
sh600350,23638,11589,0
sz002491,0,2000,0
sh603630,0,0,0
sz000982,0,0,0
sh603131,0,0,0
sh600213,0,1000,0
sh603578,0,0,0
sh603886,0,0,0
sz300448,0,0,0
sh600804,4572,8436,0
sz300512,0,0,0
sz000027,2493,10247,0
sh600817,0,0,0
sz000750,16221,22269,0
sz002070,12126,28259,0
sh600076,0,3666,0
sh603166,0,0,0
sh600754,344,485,0
sh603991,0,0,0
sh600860,0,0,0
sh600203,0,1201,0
sh601919,27693,24894,0
sh600295,24636,32634,1262
sz000059,12558,10416,0
sz002056,10284,26144,0
sz300670,0,0,0
sh603577,0,0,0
sh600529,0,0,0
sz000886,2473,5679,0
sz002400,0,8020,0
sz002527,994,994,0
sh600689,0,0,0
sz002347,0,0,0
sz300456,3660,3375,0
sz002763,0,0,0
sh603300,0,0,0
sz002303,0,0,0
sz000099,0,0,0
sh600701,0,3553,0
sh600090,0,0,0
sh603777,0,600,0
sz000631,0,0,0
sz002385,8527,84513,0
sz000989,737,1431,0
sz002060,28280,11132,0
sz300408,24864,12846,0
sz000429,0,0,0
sz300168,7131,14792,0
sz002770,0,0,0
sz002667,523,2440,0
sh600348,2427,3091,0
sh600821,0,2097,0
sh600734,0,0,0
sh601718,0,34319,0
sh600581,64157,50174,2774
sh600848,7131,3073,0
sz300643,0,0,0
sz000822,17357,11600,1297
sz002503,0,0,0
sh601800,2100,15606,0
sh600188,8611,6012,0
sh600268,2000,3000,0
sh603129,0,0,0
sz300287,14919,15392,0
sh603979,1063,0,0
sh600325,3112,12562,0
sh600215,3443,958,0
sz300248,0,0,0
sz002531,8160,6510,0
sh603306,0,0,0
sz002560,0,0,0
sz002147,2032,20810,0
sz002793,0,1400,0
sz002459,0,0,0
sz300069,6326,3380,500
sh600130,35753,5005,0
sz002094,0,2161,0
sz300469,0,0,265
sz300387,0,0,0
sz300635,0,0,0
sz000581,15308,34718,0
sz002608,1118,3118,0
sz001896,0,0,0
sh600460,239945,317880,29250
sz300362,2290,784,0
sz300428,0,0,0
sz002109,0,0,0
sz002016,2731,6677,0
sz002438,0,0,0
sz000725,5403398,5246540,0
sh600218,0,0,0
sh603901,0,0,0
sz300590,15540,17259,1545
sz002087,0,13486,0
sz002356,0,0,0
sz002571,0,0,0
sh600982,0,0,0
sz002448,2466,0,0
sh600863,0,20081,0
sh601225,36541,81804,0
sz300232,0,0,0
sh600824,0,0,0
sz002239,0,3839,0
sz002305,0,0,0
sh603060,0,0,0
sh603998,1024,1032,0
sz300622,0,0,0
sh600316,1402,1398,0
sh603603,0,0,0
sz002514,0,0,0
sz002698,0,0,0
sz002780,0,0,0
sh600302,0,0,0
sh601595,0,0,0
sh603823,0,0,0
sh600103,0,3305,0
sh603078,187,614,0
sh601336,12788,16804,570
sz002612,0,0,0
sz002586,0,0,0
sh600400,0,0,0
sh600624,0,1699,0
sz000823,10586,18509,0
sz000882,0,0,0
sh600988,0,0,0
sz300489,0,0,0
sh600075,1605,3059,0
sh600557,1036,842,0
sh603813,0,501,0
sz300595,0,0,0
sz300423,0,0,0
sh603676,0,0,0
sh603988,0,0,0
sz300639,4468,4851,422
sz002639,0,0,0
sh600135,0,1683,0
sz000721,0,0,0
sz300596,0,0,0
sz300690,0,0,0
sh603729,514,0,0
sz002686,0,0,0
sh603826,0,0,0
sz000868,233368,156245,1741
sz300308,21109,22379,2440
sz300599,0,0,0
sz002145,11558,20879,0
sz300498,14364,19075,0
sz300293,0,0,0
sz300247,14449,8157,0
sz002099,0,0,0
sz002412,0,0,0
sz300226,481,1697,0
sz300559,0,0,0
sz300371,0,0,0
sz000559,0,0,0
sh603299,0,2500,0
sh601966,0,0,0
sz000096,0,0,0
sz000153,1466,1466,0
sz300493,726,726,0
sh600660,5450,4818,0
sz002786,0,0,0
sh600837,0,27389,0
sh600066,3802,2008,0
sz002179,3321,2315,0
sh601858,0,0,0
sz002315,0,0,0
sz002061,57126,16303,746
sz002461,0,0,0
sz300067,0,1715,0
sz002902,1788,2463,0
sz300685,0,0,0
sz002910,3161,4567,0
sz002551,0,2878,0
sz000049,1705,2827,376
sz002130,0,0,0
sz000514,0,0,0
sz002464,16151,45693,747
sz002861,0,0,0
sz300229,52332,61337,1707
sz300400,0,0,0
sh603660,2016,2241,0
sh601928,0,0,0
sh600290,0,1249,0
sz000897,0,0,0
sz300698,1408,1844,0
sh600008,3842,11501,0
sz002327,0,2200,0
sz000338,72863,117186,0
sh600610,0,0,0
sh600281,0,0,0
sh600321,0,0,0
sh600183,20524,31865,920
sz300254,0,0,0
sz002441,0,0,0
sh600696,0,0,0
sz002027,110876,100739,2672
sh600037,1462,800,0
sz002760,641,1141,0
sh600516,304594,243961,17833
sz002493,25142,17670,0
sh603656,0,0,0
sh600039,0,3037,0
sz002013,3624,1935,0
sh600182,0,0,0
sz002751,0,0,0
sz300356,0,0,0
sz300027,45856,43421,0
sh600191,2609,0,0
sz002462,826,0,0
sz000960,4836,10448,0
sz000821,0,0,0
sz000856,9102,21608,2435
sh600355,0,0,0
sz000062,0,0,0
sz002456,100050,128927,3032
sz000813,0,0,0
sz002856,13986,16532,796
sh600022,210287,252212,0
sz002632,0,0,0
sh603035,0,0,0
sz000552,0,0,0
sh600594,1159,4367,0
sh600900,9279,12446,0
sz002319,0,0,0
sz300702,0,0,0
sz300249,0,0,0
sz002086,51190,36026,0
sz002768,658,800,0
sh603288,3397,4860,0
sz002209,0,0,0
sh601798,0,0,0
sh601216,2508,15603,0
sz300360,1044,1990,0
sz300289,0,9012,0
sh600069,0,1404,0
sz002529,0,0,0
sz300404,0,0,0
sh603320,0,0,0
sz002295,0,0,0
sz002865,1728,892,0
sh603345,0,850,0
sz300256,48970,42091,1899
sz000929,2053,0,0
sz000732,1542,636,0
sz002810,0,749,0
sz002336,0,0,0
sh601229,9544,15172,0
sz300638,499,750,1006
sz300602,184,184,0
sz002717,793,1554,0
sz300570,2259,1145,637
sh600369,2170,44064,0
sz002031,0,0,0
sz000030,0,0,0
sz002716,1771,3237,0
sz002652,0,0,0
sh603838,0,0,0
sh601500,1171,1643,0
sz000915,0,0,0
sh600117,0,0,0
sz300019,0,1102,0
sh603133,0,0,0
sh600017,0,0,0
sz300238,1682,1128,0
sz002626,53702,16482,960
sh600779,477,497,229
sh600805,0,0,0
sz002264,297370,286670,25033
sz300239,0,0,0
sz002052,0,2702,0
sz300463,0,0,0
sz002544,0,1404,0
sz300345,0,2057,0
sz300732,0,0,0
sz002847,0,0,0
sh601818,238409,230813,0
sz000606,0,0,0
sz002505,0,0,0
sh601011,31873,8143,1213
sh601898,6056,2406,0
sz002483,0,0,0
sz002683,0,0,0
sh603669,0,0,0
sh600841,0,0,0
sz002466,120772,100050,11246
sz002538,27239,9653,0
sz002729,0,0,0
sz002805,372,372,0
sz000510,0,0,0
sz002029,3872,1312,0
sz002035,4992,368,0
sh603389,0,0,0
sh600184,0,0,0
sh600577,0,0,0
sh600838,0,1100,0
sz000591,17205,30728,0
sh603027,0,0,0
sh601179,0,8319,0
sh601208,0,0,0
sh600436,1330,3432,0
sz002832,0,0,0
sz300252,557,0,0
sh600704,4403,10168,0
sz002588,0,0,0
sz000795,3659,7217,0
sz300115,14556,28126,0
sh600650,0,0,0
sz002050,11882,19429,556
sz000534,0,0,0
sh600216,46621,17659,0
sh600881,11247,17651,0
sz002706,0,0,0
sz002235,0,0,0
sz000430,0,0,0
sz000513,8326,12113,1407
sh603328,0,725,0
sz300460,0,0,0
sz002216,0,0,0
sh600614,8489,3185,0
sh603908,0,0,0
sz300526,0,0,0
sh600851,1174,5472,0
sh603535,0,0,0
sz002522,9644,17232,0
sz300127,794,794,0
sz002852,0,0,0
sh603818,0,0,0
sz000798,0,0,0
sz002240,2092,2092,0
sz300611,0,0,0
sz000612,0,0,0
sz002815,0,0,0
sh600787,16591,4443,0
sh600300,0,6450,0
sz300328,1042,1042,0
sz000938,7781,7631,0
sz002478,0,0,0
sh601126,0,5005,0
sh601555,2786,3957,0
sz300205,0,3623,0
sz002476,2460,2460,0
sh603809,0,332,0
sz300054,80642,47379,1303
sz000603,3046,0,0
sz300479,0,0,0
sz002722,2077,1347,0
sh600771,0,326,0
sh600243,0,0,0
sh600236,0,2100,0
sz002416,0,0,0
sh600919,42147,59917,0
sh600021,0,0,0
sz002752,5407,2174,0
sz002165,0,0,0
sz300451,0,0,0
sh600671,2570,0,0
sz002614,0,0,0
sz300647,0,0,0
sz000021,8384,16788,0
sz002701,0,0,0
sz002218,34602,63278,0
sz000767,0,0,0
sz002835,0,0,0
sh600153,14090,57816,0
sh600293,5287,0,0
sh603556,0,310,0
sh600785,0,0,0
sz002171,6342,0,0
sz300033,2035,2773,262
sh600058,0,875,0
sh601579,0,0,0
sz002268,15123,13495,0
sz002117,0,0,0
sz002143,8870,28694,0
sh603396,0,375,0
sz002708,37738,8394,0
sh600415,0,0,0
sh603698,0,0,0
sh603319,0,0,0
sz300584,0,0,0
sh601996,0,0,0
sz300464,0,0,0
sh600233,0,0,0
sh601969,0,0,0
sh600612,0,0,0
sh601169,27431,64743,0
sz300652,0,0,0
sh603500,0,0,0
sh600426,12005,15142,2094
sz002697,12229,21701,0
sh600278,0,0,0
sz002024,132114,176514,6363
sz002590,0,0,0
sz300406,2076,0,676
sz300204,0,0,0
sh603289,0,1207,0
sh600330,55748,49179,0
sh603388,0,0,0
sh603819,0,0,0
sz002269,0,0,0
sz300227,0,0,0
sh603716,0,0,0
sh600587,0,0,0
sz002819,0,0,0
sz000932,40439,98384,1985
sh600177,1126,1775,0
sz300206,0,0,0
sh600155,956,2171,0
sh600588,6913,5156,820
sz300427,1717,767,0
sh600655,0,5890,0
sz300341,0,0,0
sz002840,8857,2057,716
sz002627,0,0,0
sz002866,0,0,0
sz002362,1054,15049,0
sz300421,0,0,0
sz300669,0,0,0
sz300420,0,0,0
sh600874,3855,9032,0
sz002080,632,632,0
sh600617,0,0,0
sz300137,3715,5003,0
sh600282,89316,96504,0
sz002895,10104,14733,550
sh600428,1800,3000,0
sz002262,3908,7281,0
sz002679,0,0,0
sz300134,45656,43907,0
sh603311,657,0,0
sz002426,49300,27234,0
sh600723,0,0,0
sh600478,0,0,0
sz002557,0,3487,645
sh600706,0,0,0
sz002657,3904,4386,0
sh600250,0,0,0
sz300547,0,0,0
sh600333,0,0,0
sh603006,0,0,0
sh601988,28714,250484,0
sh601515,0,0,0
sh600297,0,9685,0
sh600509,0,4064,0
sz000919,0,0,0
sz300310,3044,3152,0
sh601231,14063,23721,0
sh600823,2600,20278,0
sz300589,462,0,0
sh600750,440,400,0
sh603968,0,0,0
sh603567,0,0,0
sz300335,8294,18807,0
sz300087,0,0,0
sh600620,0,0,0
sz002841,300,320,0
sh601608,0,3855,0
sz300116,7862,9694,0
sz300023,0,0,0
sz000010,0,0,0
sz000529,0,4533,0
sz000005,2693,0,0
sz000860,1438,3820,0
sz300378,0,0,0
sh601989,83398,246224,0
sz300452,0,0,0
sh600200,0,1460,0
sz300390,0,0,0
sz002883,0,0,0
sz002783,0,0,0
sh600545,13992,0,0
sh600345,400,929,396
sz000042,0,0,0
sh600098,0,0,0
sz002245,44176,65074,0
sh600990,0,173,0
sh603369,0,833,0
sz300565,0,0,0
sh600291,4824,13620,0
sz002467,3856,5833,0
sz002707,0,0,0
sz300710,313,313,0
sz300100,0,0,0
sh600781,0,0,0
sh600736,0,1589,0
sh600875,1000,16350,0
sz000410,1098,1098,0
sz300220,654,0,0
sh600766,0,0,0
sz002871,0,0,0
sh600535,1537,12032,0
sz002337,5412,0,0
sz002446,2976,2993,0
sz300002,3907,3907,0
sz002843,1413,0,0
sz300083,8689,10896,0
sh601968,0,0,0
sz002636,0,2650,0
sz300597,1550,4206,0
sz300092,0,0,0
sh601918,4985,8520,0
sh600320,3130,20535,0
sz002154,0,0,0
sz002616,0,0,0
sz000683,5224,16014,0
sz000761,6991,17559,0
sz000157,29541,57854,0
sz300373,16818,14700,523
sz002346,0,498,792
sz300446,0,0,0
sz300551,0,0,0
sz002734,0,0,0
sz002071,0,6800,0
sh600312,0,3428,0
sz002048,1049,11153,0
sz300626,0,0,0
sz002204,29738,9715,0
sh600060,16078,14566,0
sh601155,35591,12604,1400
sh601519,3867,0,0
sh600684,0,0,0
sz000665,0,2398,0
sz300171,0,1322,0
sz300030,0,0,0
sh600452,0,0,0
sh603360,1300,0,0
sh600718,835,14745,0
sh600713,0,0,0
sz002124,0,0,0
sh600370,0,0,0
sz002413,0,0,0
sh600170,10075,20769,0
sz002640,2343,5476,0
sz002033,0,0,0
sh601328,31026,91075,0
sh603101,0,0,0
sz000958,3056,3056,0
sh603197,0,0,0
sz300556,0,0,0
sh600258,482,0,0
sz000876,3818,10205,0
sh600109,5718,7337,0
sz002621,0,2000,0
sh603663,0,0,0
sh600886,4105,14730,0
sz300453,0,0,0
sz000651,267411,259021,21434
sz002561,0,0,0
sz002758,0,0,0
sz000788,0,0,0
sh603766,0,0,0
sz002745,2017,227,251
sz002781,0,0,0
sz300668,0,199,0
sz300522,0,0,0
sh600683,1662,0,0
sz002405,228300,192567,11720
sz000778,35222,45122,0
sz002488,2101,2101,0
sz000502,0,0,0
sz002839,4438,28797,0
sz300313,0,0,0
sz000617,0,0,0
sz300495,4257,3389,0
sz300554,418,418,0
sh600770,16230,16377,0
sz002598,2600,0,0
sh601886,0,0,0
sh601939,111258,218704,0
sz300324,4566,7721,0
sz300216,0,0,0
sz002587,0,0,0
sz002645,539,1739,0
sh603626,425,715,0
sz002838,0,0,0
sz002361,0,0,0
sz300057,0,0,0
sh600763,0,372,0
sh600382,0,0,0
sh603588,0,5026,0
sz000156,2450,13098,0
sz300363,2014,0,0
sh600586,0,0,0
sh603798,0,0,0
sz000895,5925,15181,0
sz002281,25624,39342,756
sh603088,0,0,0
sz300587,0,0,0
sz002474,1375,5222,0
sz000711,4480,15575,0
sz300476,0,0,0
sh603028,0,0,0
sz002258,6071,4036,0
sz300130,11104,5766,0
sz300381,899,899,0
sz000937,0,0,0
sh600665,0,0,0
sh600661,2270,1108,0
sz000536,0,0,0
sh600232,0,0,0
sz000548,0,0,0
sh600421,0,0,0
sh601611,16520,19395,2253
sh601366,0,1100,0
sz300623,300,0,155
sh600859,1148,1995,0
sz002293,0,0,0
sz002065,7355,7594,0
sz300304,0,0,0
sz300604,2409,2553,282
sz002183,13333,19553,0
sz300075,5338,8126,0
sz300700,2473,3164,0
sh600513,0,0,0
sz300679,0,0,184
sh601019,8420,9023,0
sh600622,0,2917,0
sz002521,0,0,0
sh600917,0,0,0
sz002623,522,522,0
sz000713,0,0,0
sh600121,0,0,0
sz002404,0,0,0
sh600835,29175,9072,1109
sz300107,0,0,0
sz300007,0,0,0
sz000166,37856,36379,0
sh600515,1188,1017,0
sz300443,0,0,0
sz300503,0,0,0
sh603127,0,0,0
sh603055,932,1511,0
sz000623,10928,26966,0
sz300346,531,531,0
sh603416,0,0,0
sz002243,0,0,0
sh601111,99068,127112,0
sz300113,28292,30110,0
sh600131,0,0,0
sz000657,0,0,0
sz002689,0,0,0
sh600759,0,13402,0
sz002806,717,0,0
sh600208,291110,134587,2018
sz000703,12961,16438,0
sh600883,0,0,0
sz002110,290390,257135,14496
sz300727,39338,53066,10396
sz300494,11669,8197,2196
sh600283,5942,2299,0
sz000936,8746,17870,0
sz002208,0,0,0
sz000731,2116,2116,0
sz000679,0,0,0
sh603890,0,0,0
sz002761,997,997,0
sz002526,0,0,0
sh600433,0,0,0
sz000718,3605,0,0
sz002401,4150,3454,0
sh603900,1311,1535,0
sh603611,800,0,0
sh600816,9706,20651,2239
sz002452,0,0,0
sz002173,0,0,0
sz002620,0,0,0
sz300676,6268,7644,1308
sh600727,0,0,0
sh600606,161473,74775,0
sh600527,0,0,0
sz300133,2366,10796,0
sh600120,486,1458,0
sz300569,1010,551,0
sz002802,531,531,0
sz002837,0,562,0
sh601633,1843,1000,0
sz000505,0,0,0
sz002062,3533,20781,0
sh603323,5653,21016,0
sz300601,0,2532,602
sz300432,0,0,0
sh600241,0,0,0
sz300286,0,0,0
sz000985,0,0,0
sh603601,0,0,0
sh601238,6301,6768,1251
sz300079,3388,10808,0
sh600198,18493,28133,0
sh600999,1104,26258,0
sh600741,10866,15962,0
sz000409,0,0,0
sz300331,0,0,0
sz000415,37033,29032,0
sz002492,1354,1354,0
sh600093,0,3102,0
sz000969,1248,16967,0
sh603661,0,297,0
sh600500,3322,4542,0
sh600068,17163,38520,0
sh600843,0,0,0
sh603383,0,0,0
sz002901,493,0,0
sz300329,0,0,0
sh600578,0,0,0
sz300426,3557,4387,0
sh600217,23140,18018,0
sh603896,215,0,0
sz300709,351,1815,0
sz300269,6423,17822,0
sh603222,0,0,0
sz002042,0,0,0
sz000599,0,0,0
sz002242,764,1382,618
sz002903,1818,5548,0
sz300640,0,0,0
sz000050,26654,41962,0
sz000060,23297,39366,0
sh601636,21886,55056,0
sz300513,0,0,0
sh603689,0,715,0
sz002670,16723,25304,945
sz002200,0,0,0
sz000568,14341,18429,532
sh600319,1500,0,0
sz300255,0,6100,0
sz002432,1349,2535,0
sh600644,0,0,0
sz000670,106071,81713,6555
sh603002,0,2000,0
sh600495,0,0,0
sz002567,10616,3961,0
sh603888,0,1529,0
sz000544,0,1459,0
sz300701,0,325,0
sh603043,0,0,0
sh600393,0,0,0
sh601139,9512,0,0
sz002857,993,0,0
sh600532,0,0,0
sz300703,0,0,0
sz002102,94831,36195,0
sh600827,2033,0,0
sz002299,0,1742,0
sz002133,0,0,0
sz000543,3001,3000,0
sh600618,0,0,0
sz002637,0,0,0
sz002606,1008175,642580,40188
sh603238,0,0,0
sz002703,0,0,0
sh601177,0,0,0
sh600107,3070,1000,0
sh600880,12252,9339,0
sz002259,1660,1660,0
sh600438,30314,80484,999
sz002481,2717,0,0
sz300047,0,0,0
sh600391,0,0,0
sh600409,1149,23944,0
sh603199,500,1197,0
sz002495,0,0,0
sh600872,7023,0,0
sz002321,438680,183457,26915
sh600576,1583,1296,0
sh600896,0,0,0
sz002778,0,0,0
sz300499,0,0,0
sz300419,1208,3000,0
sh600879,6979,8131,0
sz000565,0,0,0
sz002394,1340,1340,0
sh600830,43726,11702,0
sh603903,0,0,0
sz002379,0,12910,0
sz002851,0,0,0
sz000421,0,0,0
sz002613,0,0,0
sh603816,965,867,0
sz002869,0,0,0
sz002266,17059,31519,0
sz002791,0,0,0
sz000768,2131,4945,0
sh600992,1858,0,0
sz000776,54930,80990,1226
sz300653,0,0,0
sh600979,0,0,0
sh601699,22431,84531,0
sz300497,0,0,0
sz000488,6969,28787,0
sz002564,0,0,0
sz000633,1184,6184,0
sh603007,0,0,0
sh603833,168,293,0
sz300061,3380,1020,0
sz300577,0,0,0
sz002429,72117,121964,0
sz300533,0,0,0
sh601958,0,2718,0
sz300072,10926,16945,0
sz300078,1769,0,0
sz300230,0,0,0
sz002369,5295,11185,0
sz300198,28709,47331,0
sh603658,0,0,0
sz002899,0,1912,0
sh600326,1100,7323,0
sh600211,0,0,0
sz300665,0,0,0
sz300510,0,462,0
sh600800,0,0,0
sh600493,0,0,0
sz300016,0,0,0
sh600855,0,0,0
sh600654,0,16805,0
sh603609,0,0,0
sz300673,0,0,0
sz002431,3040,12999,0
sh600869,0,0,0
sz300462,1924,4484,0
sz300352,10219,14585,0
sz002867,0,0,0
sh603568,0,0,0
sh600864,0,0,0
sh600387,0,0,0
sh601186,9203,50477,0
sz002513,0,0,0
sz000595,0,0,0
sz300038,59851,61465,4360
sz002546,0,2329,0
sz000418,1127,391,0
sh600986,0,2276,0
sz300108,7031,3765,2408
sz000068,0,0,0
sh600035,0,0,0
sz300537,0,0,0
sz002078,12664,13540,0
sz300430,0,0,0
sz002387,2334,6009,0
sz002480,0,1574,0
sh600597,6369,0,0
sh600167,1352,455,0
sz000739,0,0,0
sz002174,4898,4623,0
sz002831,778,0,0
sh600641,5467,3510,0
sh600637,593,0,0
sz000912,4256,6176,0
sh603600,0,0,0
sh600016,160042,331210,0
sz000038,445,1944,0
sz300151,0,0,0
sz300097,0,5005,0
sz300435,0,0,0
sz300543,0,0,0
sz002615,0,0,0
sh600839,14966,66897,0
sh603579,0,0,0
sz300120,0,0,0
sh600605,0,0,0
sz300391,0,0,0
sh600604,41932,59360,2350
sz300502,0,1521,0
sh601166,74800,135715,0
sh603929,1450,396,0
sz002742,28048,13918,1139
sh600687,0,1100,0
sz000560,0,3340,0
sz002591,0,0,0
sh600649,0,1519,0
sh603116,0,1923,0
sz002288,0,9924,0
sz002609,723,1946,0
sh600429,0,0,0
sz000411,0,0,0
sz300200,0,0,0
sz002909,0,0,0
sz300193,0,0,0
sz002112,11600,3554,0
sh601866,12573,13484,0
sz300312,3850,8087,0
sh600882,0,0,0
sh600448,0,2986,0
sz002182,9503,13794,0
sz300311,0,1025,0
sz300119,0,1269,0
sh601168,8249,17719,0
sz002201,0,1088,0
sz002471,0,0,0
sh601900,0,0,0
sh603169,0,0,0
sz000605,0,628,0
sz000625,5897,23465,0
sz300062,0,0,0
sh600306,0,0,0
sz300037,4616,3896,0
sh600853,0,0,0
sh600262,0,2766,0
sz300281,0,0,0
sz300295,1062,1839,0
sz300515,0,0,0
sh600192,0,0,0
sz002231,0,0,0
sz002812,712,0,0
sh603118,0,0,0
sz000404,3599,0,0
sz002069,0,0,0
sz000333,126560,121029,10628
sh601878,2013,3917,0
sh603338,0,182,0
sh600540,0,0,0
sz000893,0,1308,0
sz300045,5369,1678,0
sz000720,0,0,0
sh600168,0,0,0
sz002068,60368,26293,0
sh600480,0,715,0
sh603085,0,0,0
sh603633,0,0,0
sh601789,5000,0,0
sz300242,0,0,0
sz002911,1598,2958,0
sh601857,40921,54911,0
sz300582,0,614,0
sz002370,0,0,0
sz000572,0,0,0
sh603558,0,0,0
sz000407,0,0,0
sz000070,0,0,0
sz300662,566,566,0
sz000672,84272,95425,0
sz002314,0,0,0
sz002671,0,4152,0
sz002323,3076,1051,0
sz000036,4830,18329,0
sh601901,0,4056,0
sz300185,0,20100,0
sh600251,0,0,0
sz002028,0,974,0
sh600996,0,0,0
sh600748,0,0,0
sh600390,0,0,0
sh600139,0,2771,0
sz300506,0,0,0
sh600503,9173,0,0
sz300046,3553,2578,2451
sh603708,1126,0,0
sh601086,0,18613,0
sz300359,0,1925,0
sz002064,8206,19466,0
sh600732,0,0,0
sz300678,2424,3097,170
sh600893,4611,4893,0
sz300162,0,0,0
sh600599,0,494,0
sh603707,0,0,0
sz002846,2278,1544,0
sz002699,0,3920,0
sh603989,1451,0,0
sz002849,0,0,0
sz000710,201,686,468
sh600987,0,1567,0
sh600726,0,0,0
sz002821,195,1269,0
sz300301,7273,4000,0
sh601127,1206,1917,0
sz002881,1250,0,0
sz000573,0,0,0
sh601117,60503,49947,0
sz002271,1650,710,0
sz000819,0,0,0
sz000586,0,0,0
sh601009,23155,68453,0
sz002599,0,0,0
sh600865,0,0,0
sz002021,0,0,0
sz000598,3657,7657,0
sh603648,5369,8281,1661
sz300480,0,0,0
sz002306,6128,6128,0
sh603722,706,1672,404
sz300409,6210,6557,1533
sz000425,185303,208435,0
sz002635,14010,10320,0
sz300396,0,0,0
sz000408,7457,1153,0
sh603718,0,0,0
sh600209,5673,23329,992
sz000520,0,0,0
sz300347,1143,1035,0
sz300158,0,0,0
sh603507,0,0,0
sz000517,8672,8672,0
sz300467,1185,600,0
sh603639,0,0,0
sz000981,2612,7147,1629
sh600126,0,0,0
sh600903,1356,11289,0
sz000859,0,0,0
sz300297,0,0,0
sz300441,547,0,0
sz002206,0,0,0
sz000796,0,0,0
sz000008,3900,6243,0
sh603355,360,0,0
sz300160,0,0,0
sz002277,2840,23256,0
sh600897,0,0,0
sz002199,0,0,0
sh600449,0,3113,0
sh600520,4112,44770,0
sz000551,0,0,0
sz002046,0,0,0
sz300294,0,0,0
sz000967,0,3266,0
sh600310,0,0,0
sh601929,3729,4702,0
sz002813,0,0,0
sh601118,2350,3705,0
sz002888,0,0,0
sh600745,2723,2454,0
sz002308,917,5305,0
sz002420,0,0,0
sz300672,746,372,454
sz000069,11443,48866,0
sh603885,4416,0,0
sz002059,0,0,0
sz002114,3077,1430,0
sz002276,1106,6956,0
sz002157,23411,50062,0
sz300155,0,0,0
sh600163,0,0,0
sz002363,0,0,0
sz300433,14010,12243,784
sh600871,0,0,0
sz002193,2075,35018,6003
sh600398,1101,1503,0
sh600118,3797,1953,0
sh603229,0,0,0
sz002079,133180,94297,0
sh603701,0,0,0
sz002631,0,6706,0
sz000888,1187,3247,0
sz300726,9040,15603,1391
sh600123,3551,12139,0
sh600313,0,0,0
sz300382,13300,0,0
sz002088,0,0,0
sh600997,1808,0,0
sh600724,0,0,0
sz002091,0,2266,0
sz300211,0,0,0
sh600091,0,0,0
sh600690,67486,65174,557
sz000756,0,1960,0
sh600299,0,0,0
sz300103,18823,4259,0
sz000615,7903,12851,0
sz002349,0,0,0
sh600190,0,0,0
sz002348,0,0,0
sz000301,5500,0,0
sz000637,0,0,0
sz300259,0,0,0
sz002688,1611,1611,0
sh600018,21194,54829,0
sz000726,0,0,0
sz002310,42997,29681,1377
sz300560,1630,1360,401
sh603339,0,0,0
sh600518,5311,18691,0
sh600746,0,6323,0
sz000523,0,0,0
sh603138,0,1596,0
sz002863,4606,3094,0
sz002479,0,0,0
sz000862,0,0,0
sz000901,1340,3807,0
sz002036,12411,14472,556
sz300471,1921,3849,1000
sh603031,634,685,0
sh600546,24121,5110,0
sz002556,1567,15865,0
sz002073,0,0,0
sz300436,0,0,0
sh603855,0,0,0
sz300271,0,0,0
sh600038,1895,4922,0
sz002714,6810,9865,0
sz300437,0,0,0
sh603538,0,0,0
sh600238,0,0,0
sh600892,1033,1022,0
sz000419,0,0,0
sz000889,5787,18435,0
sz002053,0,2046,0
sz002562,21150,19540,0
sh600101,0,0,0
sz000078,18094,5000,0
sh600828,0,0,0
sz000716,0,0,0
sz300262,0,0,0
sz002611,2810,810,0
sz300234,0,0,0
sh600063,0,11269,0
sz002777,0,2000,0
sz002905,0,0,0
sh603313,0,0,0
sz000881,0,0,0
sh600776,4116,0,0
sh600406,6603,18172,0
sz300696,0,175,0
sz300235,0,0,0
sh601877,2999,8154,0
sz300126,0,0,0
sh603181,0,0,0
sh603180,359,0,0
sz300520,3229,7689,429
sz300719,1799,4283,1035
sh600141,650,2706,0
sh600836,0,0,0
sz002433,5372,5372,0
sh600600,764,347,0
sz002549,1522,0,0
sh600819,0,0,0
sz300527,0,0,0
sh600023,0,20553,0
sh601599,4551,9561,0
sz002915,0,0,0
sh603223,0,0,0
sh603496,0,0,0
sz002285,53817,83277,0
sh603196,0,0,0
sz300619,253,0,369
sh600129,0,2622,0
sz002148,0,6722,0
sh603703,1008,0,0
sh601618,2993,16996,0
sh600812,0,0,0
sz300026,7484,17462,0
sh600978,0,2982,0
sz002858,0,0,0
sz002279,20272,40595,1169
sh600537,3239,21796,0
sh600580,1302,1925,0
sz002229,2286,2286,0
sh603003,0,912,0
sz002436,91218,81568,0
sh603225,569,400,0
sh603738,0,0,0
sh600681,0,0,0
sz002128,11568,13421,0
sh603868,0,0,0
sz300122,1809,7272,0
sz002789,0,0,0
sh600735,0,1560,0
sh600894,0,0,0
sz300417,0,0,0
sz300095,0,0,0
sh600111,71955,80900,2307
sz300274,7135,33915,0
sz002497,163894,130593,6181
sz300105,0,0,0
sh600847,0,0,0
sh600571,0,1111,0
sz002696,0,0,0
sh600160,0,4005,0
sz000009,7191,15782,0
sz300337,0,0,0
sh600498,12481,18138,0
sz300250,670,670,1196
sz002872,0,0,0
sz300322,6398,6384,0
sh601015,0,7009,0
sh600550,0,0,0
sz000922,1185,0,0
sz002391,738,738,0
sz002891,0,358,0
sz002500,6591,19658,0
sh603076,0,692,0
sz300706,2824,2194,356
sh601992,11694,53969,0
sz002570,3129,1709,0
sh603303,0,0,0
sh600692,0,0,0
sh600193,0,0,0
sh601601,40322,44272,627
sz000760,0,0,0
sh600635,0,3025,0
sh603128,0,0,0
sz000723,21147,5084,2546
sh600533,0,0,0
sz300377,27445,23424,0
sz300658,0,0,0
sz002465,0,1535,0
sh601766,245499,343219,2245
sh603685,382,1512,0
sz300385,0,0,0
sh600596,1249,0,0
sz002597,7827,8362,0
sz300138,0,0,0
sz000831,5550,8416,1000
sh600965,0,0,0
sz000609,0,0,0
sz002083,0,0,0
sh600195,1300,0,0
sh600272,0,0,0
sz002559,0,0,0
sz000426,18001,9784,0
sh600462,0,0,0
sz002882,0,957,0
sz002018,4940,1940,0
sh603917,5303,9915,428
sz300089,2063,8975,0
sh600626,0,0,0
sz000518,4744,0,0
sh601628,6955,15069,647
sz000576,1298,0,0
sz000032,0,1800,0
sz000953,0,0,0
sz000780,0,0,0
sz300692,1174,763,0
sh600368,0,0,0
sz000610,0,1850,0
sz002221,18150,28634,0
sh600761,1400,3500,0
sh600680,0,1139,0
sz002421,3344,9403,0
sh603767,0,0,0
sz300422,0,1652,0
sh600322,0,0,0
sh603050,962,0,0
sz002320,7522,8197,500
sz300711,5971,6858,0
sh600056,2841,4167,0
sz002195,20832,21692,0
sh600739,700,700,0
sz002537,1297,4325,0
sz002862,0,0,0
sz002458,69679,8939,0
sz002236,45172,39167,2653
sz300661,357,599,0
sz000875,0,5860,0
sz300339,0,1711,0
sh603618,0,0,0
sz300389,0,0,0
sh603421,0,0,0
sh600803,22903,24545,706
sh600408,0,0,0
sz000567,0,0,0
sz000516,15855,18417,0
sz002185,1055470,976558,18644
sh601890,0,2256,0
sh600475,0,771,0
sz300657,554,0,309
sz000501,0,1960,0
sh603996,23374,1598,0
sh603357,0,4285,0
sh600456,1000,507,0
sh600653,0,0,0
sz000973,6250,0,0
sh600731,0,0,0
sz300418,164412,163284,8687
sz300687,238,0,0
sz002246,1974,1974,1983
sh603966,0,0,0
sh600976,0,0,0
sz002004,2019,3525,0
sh603179,0,0,0
sz300323,730,0,0
sh603920,0,0,0
sh600271,18413,12374,0
sz002860,0,262,0
sz000020,0,1576,0
sz300618,20671,14275,3134
sz002539,0,0,0
sh603286,0,341,0
sh601021,384,925,0
sh600159,0,0,0
sh600730,0,0,0
sz002658,0,0,0
sh600936,0,0,0
sh600405,0,0,0
sz300475,0,0,0
sz002807,5341,15157,0
sz300720,446,446,0
sz000061,1597,8597,0
sz300553,651,651,0
sh600895,0,0,0
sh600758,5191,4664,0
sz002170,4020,0,0
sh601398,268072,383814,0
sz002535,5671,11699,0
sz300005,0,0,0
sz300163,0,0,0
sh600059,0,0,0
sz300082,0,1588,0
sz300586,0,495,0
sz002498,0,0,0
sz002524,0,0,0
sz002030,0,1360,0
sh603159,0,0,0
sz002096,0,0,0
sz300516,560,300,300
sz002610,4344,23644,0
sz002730,0,0,0
sz000503,124791,152195,10586
sh600708,0,0,0
sh600088,0,0,0
sz002113,15546,5121,0
sh600559,2934,10396,0
sz002876,0,0,0
sh600081,0,0,0
sh603136,0,0,0
sz002650,12110,32607,0
sz002719,0,0,0
sz002324,0,0,0
sh603077,5110,45562,0
sz000988,7115,9439,619
sz002067,12067,40772,0
sh600329,2079,0,0
sh603728,0,0,0
sh603608,0,0,0
sh600844,0,0,0
sh601010,0,0,0
sz002913,12027,14028,1247
sz002528,0,0,0
sh600820,0,4818,0
sz000861,0,0,0
sz300365,0,0,0
sh600197,5735,12284,0
sz002624,1453,2672,0
sz002900,0,0,0
sz000792,218435,202917,7148
sz002354,8702,6797,0
sz300093,0,0,0
sz300425,1396,1396,0
sz300380,0,502,0
sz000590,0,0,0
sz300008,1650,7897,0
sz002309,24933,32907,1918
sz300124,674,1000,0
sz002496,0,0,0
sz300241,6274,15216,0
sz000920,0,0,0
sz002367,0,0,0
sz300018,0,0,0
sh600343,0,0,0
sz002638,0,5222,0
sh600697,0,0,0
sz300508,0,0,0
sz300340,4226,3547,0
sz000833,0,0,0
sz000607,0,0,0
sh600702,1031,4600,302
sh603466,385,1879,0
sh600019,74969,140765,1620
sh600725,0,0,0
sz300284,694,2094,0
sh600657,0,0,0
sz002049,258685,250262,38814
sz000671,105810,90830,0
sh603321,0,0,0
sz300655,0,0,0
sh603017,0,1600,0
sz002153,57326,54389,2498
sz002651,0,0,0
sh603636,0,1049,0
sz002628,1553,5657,0
sh600973,2279,0,0
sz000948,0,0,0
sz002043,1161,2002,0
sh600749,0,0,0
sh603315,0,0,0
sz300076,33919,1912,3383
sh603106,945,0,0
sh600481,0,2753,0
sh600698,0,0,0
sz000878,3452,8930,0
sz300270,1613,0,0
sh600585,29754,54109,1724
sz300511,0,0,0
sh600062,654,1560,0
sh603158,0,0,0
sz300708,27502,24263,2692
sz300136,20095,17289,756
sz002653,0,0,0
sz300477,10954,8062,0
sh600373,2726,10707,0
sh603606,0,0,0
sz002076,0,0,0
sz000902,0,0,0
sz000927,4638,2176,0
sz002477,261744,170691,6051
sh603880,0,0,0
sz300101,11009,6537,0
sh600207,0,0,0
sz002334,0,0,0
sz300121,0,0,0
sz002690,0,778,0
sz000917,1875,3824,0
sz002775,0,0,0
sh601326,2078,4186,0
sz000921,1821,4935,0
sh603081,977,0,0
sz002381,0,0,0
sz002795,0,0,0
sh600468,3741,17105,0
sh603038,0,0,0
sh600115,171702,278142,0
sz002664,754,0,0
sh600165,0,0,0
sz300144,2049,4648,0
sh600561,0,0,0
sz000553,1306,0,0
sh603336,566,0,0
sz300135,0,0,0
sz300309,0,0,0
sh603258,0,0,0
sh600633,1613,696,0
sz002619,2814,9706,0
sh600125,5588,8986,0
sh600775,0,0,0
sz300434,0,0,0
sh603800,0,0,0
sh601689,0,492,0
sz300627,0,0,0
sh601099,5660,32442,0
sz300542,0,0,0
sh600814,0,0,0
sh600652,0,0,0
sz000762,9243,11008,0
sz300068,0,1600,0
sh600323,0,2542,0
sh603363,0,950,0
sz002215,0,0,0
sz002032,0,0,0
sh603757,0,256,0
sh600502,7564,4538,0
sh600363,7405,2661,0
sh603456,0,0,0
sh603959,0,0,0
sz300641,1866,0,0
sz000722,1773,1773,0
sh603189,0,0,0
sz300628,0,113,0
sz300575,0,0,0
sh600366,0,2554,0
sz000789,58357,50615,0
sz300253,0,4617,0
sh603508,0,0,0
sh603030,15388,2472,0
sh600959,0,0,0
sh600020,0,6000,0
sh600598,3313,6012,0
sz000066,23456,65866,0
sh600185,0,0,0
sz000968,1437,2759,706
sh601311,0,800,0
sh600593,0,0,0
sz300296,1288,2560,0
sz002859,301,2143,0
sz002566,0,0,0
sh601163,0,0,0
sz002583,59604,74368,6145
sz300006,1624,4696,0
sz002677,1422,2182,0
sz000065,3515,2095,0
sz002475,68575,69232,1719
sz002304,10503,4901,641
sh600767,0,0,0
sz300181,21881,24386,0
sz002533,0,0,0
sz002100,0,0,0
sh601116,5546,12714,2044
sh600371,0,0,0
sz300040,0,5000,0
sh601318,252326,326203,30541
sz300588,0,0,0
sz300188,27171,47243,982
sh603789,1080,2610,0
sz002025,0,0,0
sh600026,0,18071,0
sz002711,167427,45881,3125
sz002884,0,600,0
sz002415,74052,47714,2437
sz002800,0,0,0
sh600810,0,0,0
sh600137,0,4006,366
sh600201,3230,2121,0
sh600097,0,0,0
sz002449,3732,3232,0
sz000980,8330,9765,0
sh603177,0,0,0
sz000538,4964,3956,114
sz300219,0,0,0
sh600461,0,2500,0
sh600395,0,2700,0
sz002329,0,0,0
sz002364,0,0,0
sz300593,0,0,0
sh601211,10203,44689,0
sz300302,1179,0,0
sz002723,0,0,0
sz000999,435,404,0
sh600506,0,933,0
sh600984,0,0,0
sh603619,460,689,0
sz002824,3043,3323,0
sh603358,0,0,0
sz002617,3180,2616,0
sh603041,0,0,0
sz002833,176,176,0
sz002275,0,0,0
sz000990,0,0,0
sh603776,431,1049,0
sz002485,2429,791,0
sh600206,206596,157714,20048
sz002511,0,4086,0
sz300114,0,0,0
sz000669,0,1600,0
sh603063,0,623,0
sz002020,3081,4033,0
sz002582,1860,0,0
sz002873,0,367,0
sz002122,1608,0,0
sh600995,0,0,0
sz002574,0,0,0
sz300415,0,0,0
sh603939,0,0,0
sz300394,0,0,0
sz000751,0,4138,0
sz002365,6681,5008,0
sh600055,0,0,0
sz000697,5700,486,0
sh601188,2700,0,0
sh600560,0,0,0
sz002006,6601,8293,0
sh600609,7337,14899,0
sz002502,4798,0,0
sz300525,0,0,0
sh600885,0,1954,0
sh600983,0,0,0
sh600356,0,0,0
sh600246,0,0,0
sz002726,1251,0,0
sh601333,91632,84448,2088
sz300671,1256,1463,0
sz002063,0,1956,0
sz300053,14085,18391,0
sh603058,0,0,0
sz000782,0,0,0
sz300012,0,8230,0
sz002184,0,0,0
sz002001,247153,216924,15116
sz002568,2226,0,0
sz002893,3342,3604,813
sh600083,0,0,0
sh600751,6803,4330,0
sh603167,895,0,0
sz300375,0,0,0
sz002082,0,0,0
sz002755,0,0,0
sz002660,0,0,0
sz300344,0,4780,0
sz002410,0,3000,0
sz002646,0,0,0
sz002695,2075,702,576
sz002494,0,0,0
sz002771,0,0,0
sh600175,13064,3990,0
sz002828,0,0,0
sz300713,0,204,0
sh600628,0,0,0
sz300458,44393,16907,0
sh603808,0,0,0
sh600526,0,1091,0
sz002093,2001,2632,0
sz002440,42795,41395,2618
sh603987,0,0,0
sz002600,164123,251859,3647
sh600339,0,0,0
sz002273,25904,32914,943
sz000951,0,1972,0
sh600636,3372,0,0
sz002125,8996,2372,0
sh600854,0,0,0
sh600229,0,0,0
sz300723,2930,1565,0
sz300666,5447,8148,720
sz300123,0,0,0
sh600444,0,0,0
sz000737,0,0,0
sh600572,0,0,0
sz000012,35690,33042,3999
sz300179,0,1768,1768
sz002224,15027,12894,0
sh603499,0,0,0
sz002516,4093,4093,0
sz300041,0,0,0
sz000063,566767,543688,24499
sz000825,8007,40863,0
sz002250,0,0,0
sz002241,96121,139061,713
sz300615,0,0,0
sz300645,0,0,0
sz000909,0,0,0
sz002773,0,0,0
sz002552,2273,1273,1000
sh600277,5394,2477,0
sh603727,0,0,0
sh601908,4136,1852,0
sz300681,840,250,200
sz000887,4316,2252,0
sh603368,0,0,0
sh600729,428,0,0
sz002197,3600,1057,0
sz002634,0,3203,0
sh601288,202173,342588,0
sz002198,0,0,0
sz002892,387,759,0
sh600052,0,0,0
sz300651,354,354,0
sz002255,0,0,0
sz002120,0,0,0
sh603686,0,0,0
sz002896,0,892,0
sz002376,0,0,0
sz002034,0,0,0
sz002254,3747,11552,0
sh603505,0,0,0
sh603308,0,0,0
sh603385,1673,0,0
sz000002,176248,145585,7982
sh600416,4136,3071,0
sh600030,152948,260036,2454
sz300631,0,0,0
sz300277,0,4182,0
sz300177,0,0,0
sz300636,0,0,0
sz002457,0,982,0
sh600808,89435,111173,0
sz000681,1148,3428,0
sh600385,0,0,0
sz002214,84760,46556,0
sh603218,0,0,0
sh600722,1693,7874,0
sh603398,0,0,0
sz300245,30281,18260,4020
sz000923,0,0,0
sz300473,0,0,0
sz000662,0,0,0
sz000423,3666,9773,338
sz002121,1838,11755,0
sz300567,293,196,0
sh600712,0,0,0
sh600784,0,0,0
sz002294,23283,23634,374
sh601899,88750,134128,0
sh603605,0,3412,507
sz000976,8941,5564,0
sh603585,0,0,0
sh603612,1120,728,0
sz002428,32717,42946,0
sz002573,2977,5566,0
sh603501,11709,19536,2128
sz300688,400,428,0
sh601107,0,2966,0
sh600522,177562,221158,3521
sz300118,0,0,0
sh600966,8557,11719,0
sz002127,4654,11796,0
sz001979,8636,17628,549
sh600105,0,0,0
sz002399,0,0,0
sh603730,0,0,0
sz000928,10000,0,0
sh603912,3843,3650,0
sz002875,0,0,0
sh600584,66141,58517,5269
sz300571,0,0,0
sh603817,0,0,0
sz002850,185,185,0
sz000597,22722,15369,2236
sh600677,0,4314,0
sh603963,0,0,0
sz300693,0,0,0
sh600067,1998,12301,0
sz300412,0,0,0
sh603970,5949,3414,1072
sh603557,0,0,0
sz002444,16310,2898,0
sz000850,0,0,0
sz002333,0,0,0
sh600336,0,0,0
sz002547,5613,10851,0
sz000905,3425,1114,0
sz002684,2475,764,0
sh600971,2856,8622,0
sh600496,0,8710,0
sz000622,0,0,0
sz002371,57167,46802,4708
sz002709,7730,4079,672
sh600858,0,0,0
sh600327,0,0,0
sz002144,0,0,0
sh600589,0,2000,0
sz300264,1486,0,0
sz300549,0,0,0
sh600360,31038,36914,1215
sz300326,0,0,0
sz300268,10010,44540,1571
sz002648,1396,4907,0
sz002917,0,0,0
sz300196,0,0,0
sh600678,0,0,0
sh600668,772,0,0
sz300730,0,0,0
sz002879,28750,8116,3145
sh603909,0,0,0
sh600419,0,0,0
sz300265,0,0,0
sh600222,0,0,0
sh600568,3827,1915,0
sz002186,1350,668,0
sh603898,0,0,0
sh600298,4136,1875,0
sz002408,15256,20767,0
sh603157,0,0,0
sz000037,0,0,0
sz002558,416,1216,0
sh600275,0,12932,0
sz002578,0,0,0
sh603711,18465,19409,2878
sz002572,2744,3445,0
sh603889,6754,3194,0
sz002443,6994,4595,0
sh600470,2513,0,0
sh600225,0,4500,0
sh600031,110889,134860,0
sh603999,0,0,0
sz002311,3567,6459,1201
sh600602,0,0,0
sh603688,800,999,0
sz300236,25962,55216,1505
sh603025,0,0,0
sz002057,0,0,0
sh600446,3215,649,0
sz002302,127501,66638,3101
sh600270,0,0,0
sz000561,0,0,0
sz002733,1982,2805,0
sz300064,1796,1796,0
sz300288,1998,2589,0
sz300578,0,0,0
sh601688,35061,86494,3526
sh600422,0,0,0
sz300369,0,5310,0
sz002603,0,0,0
sz300141,0,0,0
sz002687,0,1656,0
sh601677,0,0,0
sz002555,8250,10306,0
sz000685,1072,1072,0
sz000815,0,1300,0
sh601727,1930,1647,0
sz002705,0,0,0
sz002396,62102,40418,1147
sh603021,0,0,0
sz002682,0,935,0
sz300545,0,0,0
sz002595,0,0,0
sh603958,0,0,0
sz000400,0,0,0
sh601375,2404,16968,0
sh603111,710,0,0
sz300111,4522,4522,0
sz002009,8362,2314,0
sz300457,2242,1851,0
sh600439,0,0,0
sh600116,0,1894,0
sz002368,2655,2951,0
sz300192,822,0,0
sh600483,0,0,0
sz000416,6000,0,0
sz300024,1910,9481,0
sz002397,50912,6545,0
sz300485,0,0,0
sh600531,0,0,0
sz002565,22088,19000,0
sh600280,2000,2461,0
sh601069,0,0,0
sh600061,804,1806,0
sh603001,0,0,0
sz000593,1481,0,0
sh603595,0,0,0
sz300663,0,0,0
sz300154,0,0,0
sz300318,0,0,0
sz000829,0,0,0
sh600651,1004,3027,0
sz002691,0,0,0
sz000011,4080,1010,0
sz300536,0,0,0
sz002326,2240,2240,0
sz000783,28650,40720,0
sh600053,0,406,0
sz002003,0,0,0
sh600085,0,3497,0
sz300223,17868,19008,1460
sh600104,14591,19780,431
sz002669,561,0,0
sz002156,192897,208353,3072
sz002427,4764,7263,1847
sh603160,664.0,1001.0,0.0
sz000708,0,0,0
sh603008,0,600,0
sh603378,0,0,0
sz000800,5236,8293,0
sz002554,0,0,0
sz002662,4680,1702,0
sh600569,112143,191520,0
sz000531,0,2850,0
sz300557,0,0,0
sz002702,2120,6626,0
sz300263,7478,24235,0
sh603725,0,0,0
sh601991,7326,19987,0
sh603083,384,2544,0
sz002633,0,1006,0
sh600998,0,0,0
sz002674,0,0,0
sh600873,4663,7220,0
sz000801,1704,10928,0
sz002550,0,0,0
sz002106,0,7256,0
sz300231,175040,250702,8505
sz000023,0,0,0
sh603803,0,0,0
sz002907,0,0,1243
sz002092,58219,64370,0
sz000530,0,0,0
sh603113,463,0,0
sz300315,21448,52853,1801
sh603607,0,723,0
sh600383,24460,25345,0
sz002203,0,0,0
sz000700,0,0,0
sh600926,1929,14254,0
sz300128,86666,52152,3057
sz002375,3582,3582,0
sh603637,505,664,0
sz000949,0,0,0
sz002177,0,0,0
sz000807,230398,226089,8520
sz300307,0,0,0
sh600549,33022,15122,0
sz300729,22292,14137,1186
sz300161,0,0,0
sh603883,0,0,0
sh600512,5196,2159,2250
sz002641,0,0,0
sz002607,0,0,0
sz002411,0,0,0
sz002563,0,0,0
sh600352,384626,379032,11260
sz002454,0,0,0
sz000957,0,3084,0
sh600015,8304,5721,0
sz000528,1563,1563,0
sz002265,1435,0,0
sh600497,34518,32505,0
sh600728,8677,6742,0
sz000676,0,0,0
sz300561,0,0,0
sh600392,25541,18196,863
sz002776,0,0,0
sz002290,0,0,0
sz002392,0,0,0
sz000961,7914,5914,0
sh603638,0,0,0
sz300336,0,0,0
sh600418,0,5387,0
sz002718,0,0,0
sh600276,19525,29343,2904
sh603976,0,0,0
sh600547,5142,6137,346
sz000014,0,0,0
sh600889,0,1360,0
sz002252,1506,1980,0
sh603758,0,0,0
sh600833,0,0,0
sh603779,0,0,0
sh603110,436,0,0
sh603096,1500,0,0
sh603536,0,0,0
sz300150,0,0,0
sh600891,0,0,0
sz002536,0,0,0
sz002169,0,0,0
sh601558,0,7026,0
sz300166,212872,156171,17519
sz002728,0,1318,0
sh600202,0,0,0
sh600616,2873,0,0
sh600071,0,0,0
sh603227,0,0,0
sz002736,0,0,0
sh601158,0,0,0
sz300209,0,0,0
sz002774,0,0,0
sh600054,0,0,0
sz300327,7342,7153,0
sh603020,0,0,0
sh600234,0,0,0
sh600507,23653,33571,4789
sh600136,0,0,0
sh600359,0,0,0
sh600691,3361,40435,0
sh600138,3771,4840,0
sz300616,0,0,0
sh600742,0,886,0
sz002649,14496,27283,0
sh603860,0,0,0
sz002788,0,0,0
sz000632,3406,0,0
sz300558,595,2438,0
sh601222,3556,8140,0
sz000978,0,0,0
sz002585,0,0,0
sz300576,0,0,0
sh600367,1098,3773,0
sh600223,0,0,0
sz000839,131924,161514,1405
sz002853,387,1082,0
sz300148,10740,50526,0
sz002360,0,6828,0
sz000596,3257,4598,0
sh600240,0,0,0
sz002005,0,0,0
sz300667,516,0,0
sh603266,0,0,0
sz002451,0,0,0
sh601200,0,1825,0
sz300044,689,2764,0
sh601128,1623,8428,0
sz000738,636,2788,0
sh603066,0,0,0
sh600592,0,1890,0
sz000635,0,0,0
sh600720,7495,20173,0
sz002159,0,0,0
sz300320,0,3512,0
sh600562,1386,0,0
sz002766,0,0,0
sh603458,350,778,0
sz000816,15920,24782,0
sz300059,280691,387462,0
sz000963,13504,15687,210
sh601228,2206,0,0
sz300481,0,0,0
sh600629,0,0,0
sh600528,2127,8518,0
sz002842,0,397,397
sz300621,0,0,0
sh600975,0,0,0
sz002746,0,0,0
sz002823,0,0,0
sz300129,0,0,0
sz002659,0,0,0
sz300110,12867,18807,2641
sz002352,246,3322,0
sh600361,0,0,0
sh600108,0,3035,0
sz300405,0,0,0
sz002292,2392,4319,0
sz300175,18672,46601,0
sh603488,9546,2507,1510
sh600811,0,3441,0
sz000809,0,0,0
sz002192,9783,7125,443
sz002298,0,0,0
sh600292,0,0,0
sh603333,0,0,0
sh600221,16283,63691,0
sh603881,26907,89235,3209
sh600362,11782,19861,0
sz000835,5800,0,0
sz002237,2000,1251,0
sh600538,0,2113,0
sz002460,199442,176107,16511
sh603926,0,0,0
sz002238,6000,0,0
sz300402,0,0,0
sh600667,70471,101048,0
sz300716,600,1954,0
sz002378,3598,3095,1868
sh600389,0,0,0
sz000422,0,0,0
sz002139,3219,4683,0
sz002820,0,0,0
sz000668,0,0,0
sh600845,1044,1730,0
sz002748,0,0,0
sh600212,1715,0,0
sh600178,0,0,0
sh603555,3067,0,0
sz000680,13269,6471,0
sh600379,0,0,0
sz300131,6184,9664,0
sz002377,0,0,0
sz300251,5308,2000,0
sz000040,5296,3026,0
sh600423,0,0,0
sh600482,4975,4517,0
sz300581,0,0,0
sh603200,0,273,0
sh600156,0,0,0
sh600080,0,0,0
sh603899,1199,2060,0
sz002712,0,451,0
sz002890,0,0,0
sh600674,0,4929,0
sz002119,3456,2407,0
sz000639,1764,0,0
sz300276,0,0,0
sz002906,924,0,0
sz002482,11025,6909,0
sz300306,0,0,0
sz002328,0,0,0
sh601002,1810,15933,0
sz000524,0,4156,0
sh601999,0,0,0
sh600802,7223,0,0
sh603993,338860,328744,0
sz002601,2218,9223,0
sz300170,6973,8545,0
sh601098,0,1547,0
sz300568,386,1112,0
sz000729,0,0,0
sh600340,9585,7101,345
sz300099,0,0,0
sh600686,869,2609,0
sh600796,0,0,0
sz002247,4446,18246,0
sh603309,0,0,0
sz002880,0,0,0
sz300607,0,0,385
sh600231,10232,22962,0
sz000600,2055,12878,0
sz002155,4444,8469,0
sz300517,0,0,0
sz002759,4471,372,0
sh603117,0,0,0
sh600490,10882,12033,0
sz300539,0,0,0
sz000692,0,0,0
sh603877,0,0,0
sh600467,0,4185,0
sz300334,1157,2839,0
sh603980,0,0,0
sh603139,0,0,0
sh603699,0,0,0
sh603331,0,0,0
sh601368,0,0,0
sz002172,2461,2461,0
sh600638,970,0,0
sz002826,0,0,0
sh600567,21954,22347,0
sh600519,14037,14941,1862
sz000852,4655,8491,0
sz000811,0,0,0
sh600753,3361,859,0
sh601106,0,0,0
sz000666,3961,1795,0
sh600172,21176,26804,0
sz300609,15145,5909,2630
sz002084,0,0,0
sh601199,0,0,0
sz000869,713,713,0
sh603042,0,0,0
sz000655,0,0,0
sh600089,4286,44354,0
sz002058,0,0,0
sz000802,0,764,0
sz300715,0,0,0
sz300465,0,0,0
sh601566,0,750,0
sh600127,0,0,0
sz300572,0,406,0
sz300321,0,0,0
sz002136,0,1902,0
sh600128,0,0,0
sh600778,0,0,0
sh603788,0,0,0
sz300712,2364,0,0
sz002797,56938,118288,0
sz300379,0,0,0
sh601058,0,0,0
sz000791,0,0,0
sz300683,212,422,0
sh603178,0,0,0
sh603859,555,0,0
sz002643,3991,3109,0
sh603569,0,0,0
sz000925,0,0,0
sh600737,0,0,0
sz002530,454,454,0
sz000627,8418,25134,0
sz002019,30125,22508,493
sh603887,0,0,0
sz300509,0,0,0
sz000519,7552,15319,0
sh600615,0,0,0
sz300625,0,0,0
sh600301,0,0,0
sz300689,0,824,0
sz000563,4813,17370,0
sz002715,0,500,0
sh603337,202,0,0
sh601088,6904,23332,0
sz002045,7687,4058,0
sh601777,0,1675,0
sh603828,0,0,0
sh603602,440,1263,0
sh600815,0,0,0
sz002442,0,5190,0
sh601016,0,0,0
sh600113,0,0,0
sz002484,0,0,0
sh600166,0,76557,0
sz002010,3107,7187,0
sz000682,0,0,0
sz000601,0,1628,0
sz300330,0,0,0
sz002140,0,0,0
sh603226,0,0,0
sh603260,12890,10163,2076
sz002757,0,0,0
sz002104,0,1491,0
sh601390,17663,29677,0
sz000736,0,0,0
sz300081,0,8018,0
sh600717,2080,0,0
sh600688,0,18595,0
sh600399,0,4573,0
sz000709,288416,131512,0
sz000546,759,1557,0
sh603016,0,0,0
sz002469,0,0,0
sh603067,1000,0,0
sz000525,3470,1107,0
sh600809,6049,5459,235
sz300043,0,0,0
sz300731,0,0,0
sh600747,0,0,0
sz002074,13044,14933,563
sz300705,0,0,0
sh600173,0,0,0
sz002228,2893,2893,0
sh600006,0,0,0
sh600479,0,0,0
sz300721,1493,2352,320
sz300403,0,0,0
sh603393,0,0,0
sh603399,0,1000,0
sz002395,0,0,0
sh603318,0,0,0
sz002779,0,0,0
sh603922,0,486,0
sz300459,4412,2012,0
sz300650,0,0,0
sz000858,122806,128659,7960
sz002801,0,0,0
sh603848,0,0,0
sh600064,0,710,0
sh603801,0,208,0
sz300566,0,0,0
sh600963,1952,7532,0
sz000417,0,0,0
sh603677,0,0,0
sz300374,0,0,0
sz300217,0,0,0
sz300538,0,0,0
sz000952,776,2782,0
sz300001,0,0,0
sz300407,0,0,0
sz000933,68126,80841,0
sh603858,199,1049,0
sh603717,0,0,0
sz002134,0,0,0
sz002226,0,0,0
sz002577,0,0,0
sz300466,0,1250,0
sz000793,440638,930779,18632
sz300399,887,0,0
sh603955,0,0,0
sz002180,1938,3988,0
sz002054,10942,14545,0
sz002889,440,0,0
sz002380,0,0,0
sh600110,1707,5382,0
sz300184,0,0,0
sz002747,0,947,0
sh600993,0,3937,0
sz000818,3394,4643,0
sz002256,0,0,0
sz002540,0,0,0
sz300461,1143,203,0
sz002877,0,0,0
sh600307,13853,53544,0
sz002115,0,1385,1116
sh600738,0,0,0
sz300305,0,0,0
sh600284,0,1768,0
sh603203,0,0,0
sh601588,0,4000,0
sh603721,0,0,0
sz000918,50514,151858,0
sh603696,0,0,0
sh600789,0,0,0
sz002332,7728,5548,0
sh600410,2499,3040,0
sh603586,0,0,0
sh600555,0,0,0
sz300677,790,1000,0
sh600939,0,0,0
sh600565,2909,8095,0
sh600630,1160,0,0
sz002317,6536,2950,802
sz002762,0,0,0
sz000017,0,0,0
sz300290,29010,26032,0
sz300197,1018,10280,0
sh600798,8275,0,0
sh603228,228,2967,0
sz002126,0,0,0
sz002468,2000,500,0
sz300592,0,0,0
sh600488,0,0,0
sh603659,1817,2202,0
sh601007,0,0,0
sz002532,0,0,0
sz000498,0,0,0
sz002212,28929,71421,1017
sz300486,0,0,0
sz002589,1571,1571,0
sz300052,4200,850,0
sz002077,0,944,0
sz000728,8596,31457,0
sz002425,2461,0,0
sz300686,0,1600,0
sh600888,0,0,0
sz300413,12058,14226,573
sz002142,11783,18720,0
sz002836,0,0,0
sz300675,1441,0,0
sh603069,2000,0,0
sz002089,1966,18066,0
sz002508,3278,2212,366
sh600235,0,0,0
sz300722,1424,2320,311
sh600573,0,0,0
sz002325,4290,4290,0
sh600795,17597,22044,0
sz300501,0,0,0
sh601518,0,0,0
sh600857,0,0,0
sh600057,2009,0,0
sh600099,0,0,0
sh603305,393,249,0
sz000962,1706,1706,0
sz300470,0,600,0
sh600176,7535,22918,946
sz300319,0,0,0
sz300717,0,1259,0
sh603359,0,0,0
sh600755,9582,12639,0
sz002735,0,0,0
sz000898,73763,67922,0
sz300546,0,0,0
sz002681,0,2572,0
sz300632,0,0,0
sz000545,0,0,0
sz002222,3123,10100,0
sz300325,0,1912,0
sh600220,0,0,0
sz300429,0,0,0
sz300531,0,0,0
sz300579,0,0,0
sz002116,0,0,0
sz002680,0,0,0
sz002912,5995,16061,1277
sz300132,0,0,0
sh603123,0,0,0
sh603239,0,679,0
sh600558,1625,6066,0
sh603316,0,0,0
sz300541,5950,8244,0
sh603829,0,0,0
sh601952,17690,11620,0
sh603330,0,0,0
sh600962,0,0,0
sz000558,0,0,0
sz000931,0,0,0
sz300218,0,0,0
sh600337,0,2647,0
sz002330,1799,1799,0
sz300267,7669,15507,0
sh600305,0,913,0
sh600608,0,1300,0
sz002388,0,0,0
sh600459,500,0,0
sz300195,0,0,0
sh600774,0,0,0
sh603628,0,0,0
sh603165,1030,1030,162
sz300468,695,4535,0
sh600834,0,0,0
sz002026,0,0,0
sz002727,0,0,0
sh600158,0,0,0
sz000151,0,0,0
sh603015,0,0,0
sh600259,1099,1196,500
sh600372,0,0,0
sz300442,0,0,0
sz002656,10626,4224,1003
sh603519,0,0,0
sz002359,0,0,0
sh600801,8224,10215,0
sz000966,0,0,0
sz002548,0,0,0
sz002372,591,591,0
sz000628,0,0,0
sz300202,0,0,0
sz300190,0,0,0
sz002593,0,0,0
sh601808,0,0,0
sh603668,0,0,0
sh600010,20405,38676,0
sz300316,83742,69571,4932
sh600867,9384,15447,0
sz002700,0,0,0
sh601799,0,557,0
sz300257,10385,12411,0
sh603589,1531,1159,0
sh600149,990,6451,0
sz002625,616,1144,0
sz300654,1386,1258,0
sz002149,0,0,0
sz300221,643,2143,0
sh603665,0,0,0
sh600511,0,0,0
