sz300039,0,0,0
sz300176,272,210,0
sz300421,0,0,0
sz002732,689,0,0
sz002806,0,0,0
sz300585,0,2184,0
sz002404,1627,0,0
sz000906,0,1849,0
sz300005,0,2527,0
sh603938,251,328,0
sz000828,1215,1207,0
sz000750,6274,8026,0
sz002780,0,0,0
sz300453,0,0,0
sz002265,0,0,0
sh603728,944,0,0
sh600854,0,2010,0
sh600143,6094,7965,0
sz300654,409,1322,0
sz300234,0,0,0
sz300021,0,0,0
sz002827,1345,3659,0
sz002088,0,861,0
sh600278,0,0,0
sz002599,0,0,0
sz002546,4000,2200,0
sz300403,0,0,0
sh603000,3001,5000,1088
sz002198,0,0,0
sz000936,1528,15234,1542
sz300170,1885,8301,0
sz002001,90566,63587,10153
sz002235,0,0,0
sz300696,0,0,0
sh601177,1700,0,0
sh601222,77258,79813,0
sz000537,10819,12099,0
sh601107,0,0,0
sh601398,825906,669796,0
sz300464,0,0,0
sz002748,0,0,0
sz002396,5336,5756,611
sz300037,0,807,0
sz002315,0,0,0
sh601636,64671,51966,0
sz000498,0,0,0
sz300212,1026,714,0
sz000155,51206,95371,0
sz002298,0,1193,0
sz002471,0,0,0
sz002712,0,0,0
sh601088,14285,19044,0
sh600493,0,0,0
sz300395,0,0,0
sz002567,0,0,0
sz300321,0,0,0
sz002121,0,4721,0
sz002741,0,0,0
sz300405,0,0,0
sz002024,85980,165551,0
sh603726,0,0,0
sh603499,0,0,0
sz000501,1010,2870,0
sz000729,39900,22927,1429
sz300682,0,0,0
sh600039,0,0,0
sz000541,0,3266,0
sz300526,0,0,0
sz000823,11223,37159,0
sz300169,0,1900,0
sz300078,0,0,0
sz002649,7433,17945,1290
sh603818,0,0,0
sz002203,0,4784,0
sz000150,0,0,0
sh600810,0,2461,0
sh601058,7483,3540,0
sz300153,0,988,0
sh600528,1020,3786,0
sz000719,0,0,0
sz300347,1422,1150,306
sh600213,0,0,0
sh601700,2278,0,0
sz300093,0,0,0
sz002341,7448,3475,0
sz002430,1857,3599,0
sz000507,4461,4573,0
sh600835,7105,18486,443
sz000582,0,0,0
sh600725,0,4371,0
sh600637,1651,0,0
sh603228,278,0,0
sz300649,0,0,0
sh600426,43197,44472,2079
sh600798,0,6009,0
sz002284,0,0,0
sh601016,7372,23871,0
sz002606,3017,6971,0
sz300443,0,0,0
sz300456,443,0,0
sh600276,7075,8683,0
sz002197,0,0,0
sz002375,0,0,0
sz000516,3017,2263,0
sh600710,0,0,0
sh600714,0,0,0
sz300217,14109,12665,0
sh600495,0,1711,0
sh600568,45814,13857,2888
sh600232,0,0,0
sz002311,1199,2233,0
sh600716,0,4448,0
sh601163,0,804,0
sz002381,0,1353,0
sh603518,0,0,0
sh600887,81504,110545,5332
sz002446,0,0,0
sz300183,757,2314,0
sh603116,0,0,0
sz000045,0,3103,0
sh603699,0,0,0
sh601002,6451,18410,0
sz000402,4524,6706,0
sz000819,0,0,0
sh601169,6627,34681,0
sh600055,1303,1636,0
sh603916,866,693,0
sz300266,1001,4980,0
sz300009,48403,44999,4760
sz002067,1802,6998,0
sz002329,0,0,0
sz000968,4144,3171,0
sz002701,12869,2000,0
sz002165,0,3593,0
sz002025,4167,2384,0
sh600010,87919,182998,0
sz300650,0,0,0
sz000042,0,0,0
sz000545,0,3086,0
sh603335,0,0,0
sz002514,0,0,0
sh603106,2098,0,0
sz000063,273608,354483,35095
sz300514,0,0,0
sz300562,0,0,0
sh600742,1469,4362,0
sh603727,505,4330,0
sz002562,3155,7088,0
sz000069,82844,77107,3505
sh600821,2103,0,0
sz002380,0,0,0
sz002796,0,400,0
sz300720,0,672,0
sh600736,1707,0,0
sz300250,0,0,0
sh603337,0,400,0
sh600961,0,0,0
sz000792,33474,35833,0
sz002335,0,0,0
sh600712,0,0,0
sz300681,896,3845,0
sh603636,0,0,0
sh603999,0,0,0
sh603136,0,0,0
sz002031,0,15899,0
sz002232,3298,1000,0
sh603128,3196,5794,0
sh600077,3000,0,0
sh603103,0,0,0
sh600737,0,0,0
sh603639,0,0,0
sh600738,0,0,0
sz002376,0,0,0
sz000677,0,0,0
sz002178,1597,0,0
sh600288,1520,0,0
sh600604,0,3331,0
sh600606,279171,205780,0
sz002564,0,1540,0
sz300220,0,0,0
sh600303,0,0,0
sh600648,0,589,0
sh601688,62466,111594,2044
sh600393,0,0,0
sz300129,0,0,0
sh600780,2308,0,0
sz300722,2976,4860,470
sz300094,0,3541,0
sh603527,375,0,0
sz300609,0,0,0
sh600203,0,0,0
sz002352,0,0,0
sh603779,0,0,0
sz002681,2871,2323,0
sz000010,5468,0,0
sz000544,6205,0,0
sz300081,1261,3889,0
sz002713,0,0,0
sz002245,9703,33822,0
sh603667,5254,0,0
sz300555,3745,0,0
sz300556,0,0,0
sz002340,37317,40834,0
sz002719,650,0,0
sh603607,0,0,0
sh600936,0,0,0
sh603012,0,0,0
sz300162,0,0,0
sz002188,0,0,0
sh603278,0,0,0
sz002785,6461,1610,0
sz300708,6640,10581,0
sz300288,0,406,0
sz002323,6315,12556,0
sz002393,0,500,0
sh600720,2487,13262,0
sh603679,0,0,0
sh600834,0,0,0
sz000055,0,0,0
sh603536,0,0,0
sh603058,4174,0,0
sz000410,3082,5065,0
sh600876,0,770,0
sz002397,0,0,0
sz002170,0,0,0
sz002351,0,0,0
sh603198,0,0,0
sh600475,0,0,0
sh601878,750,3988,0
sh600119,0,1357,0
sh600480,0,0,0
sz300645,0,0,0
sh601117,25172,6522,0
sz002302,13214,21484,753
sh603040,158,150,0
sh603898,0,0,0
sz300446,0,0,0
sz002173,0,0,0
sz002865,999,0,0
sh600973,0,0,0
sh600321,0,0,0
sz300460,0,0,0
sh601668,167745,183686,0
sz300583,0,0,0
sh600059,1104,1102,0
sz300344,5253,2000,0
sh600731,0,0,0
sz002802,0,0,0
sz002842,0,0,0
sz000908,0,0,0
sz300469,0,0,0
sz300427,0,0,0
sz002609,0,0,0
sh603798,0,0,0
sz002870,0,0,0
sh601198,0,1892,0
sh600774,700,0,0
sh600588,1001,5286,0
sz002086,20475,15266,0
sz000803,0,0,0
sh603001,0,0,0
sz300616,0,322,0
sz300256,2640,6641,0
sh600051,0,0,0
sz002489,0,0,0
sz300324,1795,0,0
sz002156,7616,33159,0
sh603239,0,0,0
sh603985,0,0,0
sz300436,0,0,0
sz002792,334,3916,0
sz000999,0,398,0
sz300357,218,0,0
sz002490,0,0,0
sh600285,0,0,0
sz002199,700,0,0
sz300309,0,0,0
sh600267,11261,6886,0
sh600220,0,13443,0
sz000514,0,0,0
sz300705,444,0,0
sz002048,1443,3011,0
sh600240,0,0,0
sh600176,72835,57553,3564
sz300015,2146,3235,0
sz000981,0,0,0
sz002673,18321,25052,0
sz000822,3223,3678,0
sh603026,0,0,0
sh600004,8608,5116,0
sz300496,2102,5839,0
sh600301,0,0,0
sh603360,0,0,0
sz002532,0,0,0
sz300660,0,0,0
sh603980,587,597,0
sz002108,0,4944,0
sh603507,1542,545,0
sz002731,0,0,0
sz300173,0,0,0
sh600593,0,1210,0
sz000018,2539,6408,0
sz002833,275,0,0
sz000759,22118,6370,0
sz300587,0,0,0
sh600028,190021,267652,0
sz300095,0,0,0
sh600183,92092,79526,6151
sh603387,200,1406,0
sh603811,0,0,0
sz300366,0,0,0
sh603888,0,0,0
sz300607,0,180,0
sz002153,3313,5114,503
sz300333,0,1396,0
sz300001,0,0,0
sz000011,0,0,0
sz002238,3001,0,0
sz300302,0,0,0
sz300390,0,0,0
sh600694,812,4166,0
sz002231,0,0,0
sz300458,1538,3668,380
sz002526,0,1695,0
sz300411,282,0,0
sh600247,0,0,0
sh600210,0,4818,0
sz002261,0,8908,0
sz002648,11789,8095,0
sh600986,0,1000,0
sz002469,0,0,0
sz002867,0,0,0
sz002105,0,0,0
sz002445,800,899,0
sz002385,25376,73754,0
sh600130,4316,13166,0
sh600201,1745,5543,0
sh601012,54726,63285,4613
sz002091,0,3479,0
sz300026,0,43072,0
sz300686,0,0,0
sz300480,0,0,0
sz002906,0,0,0
sz002151,11465,8670,1343
sz300120,0,0,0
sh603658,0,205,0
sz000885,0,0,0
sz002021,0,0,0
sh600153,10567,14994,1001
sh600312,0,0,0
sz002272,0,0,0
sz002034,0,0,0
sh600219,27467,23500,0
sh600917,30453,28477,7953
sh600748,1900,0,0
sh603208,0,0,0
sz300066,0,0,0
sh600482,1209,2193,0
sh600498,4635,12032,333
sz000918,0,0,0
sh600863,36692,0,0
sz300076,0,0,0
sz002709,1701,602,0
sz300432,0,0,0
sz300239,0,0,0
sz001979,57995,55633,2300
sh603585,0,0,0
sh600054,1188,1059,0
sh603958,0,0,0
sz002342,0,2870,0
sh601211,5856,13390,0
sz300058,72160,120032,21162
sz002839,9643,994,0
sh601969,0,0,0
sz300525,0,270,0
sh600791,0,4417,0
sh603823,817,1104,0
sh600036,146005,163206,8088
sh603338,0,0,0
sz002429,14561,49230,0
sz002587,0,0,0
sh600833,0,0,0
sz002767,0,0,0
sz002247,3693,2609,0
sh600186,0,3577,0
sz000768,21499,53837,785
sz000789,60970,20927,7335
sh600865,0,0,0
sz300466,0,0,0
sh603386,0,7136,0
sz300117,2430,0,0
sz002735,0,0,0
sz000727,5873,20051,0
sz000899,0,0,0
sh600516,646234,464391,71034
sz300675,0,0,0
sh600391,530,0,0
sz300042,0,0,0
sz002002,0,3825,0
sh600704,6994,25896,1783
sh600959,0,0,0
sz300367,3073,13085,0
sh600458,0,0,0
sh600853,0,0,0
sz002480,8267,7683,0
sz300200,0,0,0
sh600677,0,8151,0
sz300259,0,0,0
sz000589,0,0,0
sh600362,37823,37880,917
sh600202,0,2477,0
sz002190,0,500,0
sz300035,0,0,0
sz300428,0,0,0
sh600592,3000,2195,0
sh600093,1433,7506,0
sz002479,0,1520,0
sz300322,909,6892,0
sz300399,0,0,0
sh600652,0,3590,0
sh603289,1795,0,0
sh600873,9259,21438,0
sz002046,0,0,0
sz300264,0,0,0
sz000534,0,0,0
sz002392,0,3477,0
sz002515,0,0,0
sz002634,0,6095,0
sz300474,410,1284,0
sz300077,94829,112696,2415
sh600080,0,0,0
sh601777,0,7545,0
sz300732,1867,2474,180
sz300442,0,0,0
sz300478,5793,0,620
sh600696,0,0,0
sz002583,0,4617,0
sz300415,0,0,0
sh600609,0,0,0
sh603099,0,0,0
sz300185,6000,25000,0
sz002680,0,0,0
sz300494,0,2356,0
sh603777,0,0,0
sh600844,0,0,0
sz002227,0,0,0
sh603365,0,1173,0
sz300300,0,0,0
sz002613,0,0,0
sz002060,0,3000,0
sz300225,4750,1307,0
sz002114,0,800,0
sz002213,9031,0,0
sz300177,0,0,0
sh600252,20903,16607,0
sh600372,1241,3379,0
sz000668,0,0,0
sh600383,188105,123406,5947
sh603399,723,690,0
sh603416,0,0,0
sh600400,0,0,0
sh600513,0,1489,0
sz002359,608,0,0
sh600118,2625,12291,0
sz300327,2397,677,0
sz002783,0,0,0
sz300364,1160,7321,0
sz002488,0,0,0
sh600699,1756,5305,0
sh600616,1145,4116,0
sh600199,0,0,0
sz300380,0,0,0
sh600076,0,5680,0
sz300475,0,0,0
sh600392,112068,66979,8465
sh600091,0,0,0
sh601717,1938,9033,0
sz300485,0,0,0
sz000807,176652,142037,0
sz000655,0,0,0
sz002256,0,0,0
sh603421,0,0,0
sh603806,0,0,0
sh600967,2000,2244,0
sz002343,2036,1978,0
sz002667,0,0,0
sz000998,7913,8577,773
sz000676,0,0,0
sz000711,0,0,0
sz002696,0,0,0
sz002511,2248,6551,0
sh601965,0,0,0
sz002296,0,0,0
sh601158,0,1664,0
sz002822,0,1626,0
sz002878,0,0,0
sz002040,0,0,0
sz300601,0,579,0
sz300029,0,0,0
sh600768,1000,0,0
sz002825,0,0,0
sz300130,0,501,0
sz002259,2021,14797,0
sz002172,0,0,0
sh600025,2087004,3278796,388163
sh603477,0,0,0
sh600241,0,0,0
sz002679,0,0,0
sh600897,0,0,0
sh601225,40823,43653,0
sz300373,983,7004,0
sz002083,0,2008,0
sh603989,302,0,0
sz002395,0,0,0
sh600052,0,0,0
sz300491,0,0,0
sh601518,0,0,0
sz002672,0,2541,0
sz002830,0,0,459
sz002593,0,0,0
sh600448,0,0,0
sh603555,669,0,0
sz002521,0,0,0
sz002797,51696,104008,0
sz002528,0,0,0
sz300257,910,2805,0
sh600390,0,0,0
sh600706,0,0,0
sh603637,0,500,0
sz002439,3338,13549,1704
sz002793,0,0,0
sh601939,413535,246732,0
sz002876,0,393,0
sz300265,0,0,0
sz000931,5815,0,0
sz300196,0,0,0
sz000708,0,0,0
sh603501,4151,3505,258
sh603313,0,0,0
sh600463,0,0,0
sz300303,4504,8053,0
sz000767,0,0,0
sz300625,0,0,0
sh600208,80763,53472,5189
sh600919,18659,32308,0
sh600746,0,0,0
sh600687,16147,7634,0
sz000838,2000,0,0
sz300611,0,0,0
sz002142,20924,24573,0
sh600668,0,0,0
sh601288,576340,427359,0
sz002897,0,271,0
sz002543,0,510,0
sh601028,0,0,0
sh603178,0,0,0
sz300435,0,0,0
sh601113,3835,0,0
sh600617,1843,0,0
sh601339,0,0,0
sz300416,0,0,0
sh603067,0,0,0
sh603444,93,445,0
sz002161,3345,0,0
sz300206,0,0,0
sh600667,108432,119212,4056
sz000682,0,0,0
sz300229,0,745,0
sh601928,0,4627,0
sh603707,477,0,0
sz002462,0,1188,0
sz300517,0,0,0
sz002145,10579,8490,0
sz002251,14657,8114,0
sz002688,0,0,0
sz000889,3712,4416,0
sh600206,20022,46623,2338
sz300172,3511,0,0
sz300640,0,0,0
sh600258,0,0,0
sz002845,0,600,0
sz000671,97278,57531,0
sz002204,0,0,0
sz002781,1100,0,0
sz002666,0,0,0
sh600256,221252,303872,0
sh603738,0,0,0
sz300521,0,0,0
sz300218,0,0,0
sz000710,0,277,0
sh603038,0,0,0
sh600744,0,0,0
sz000715,0,0,0
sz002581,0,0,0
sh600862,0,0,0
sz002629,0,0,0
sh600602,0,0,0
sh600345,350,4792,0
sz000417,0,1698,0
sh600985,38799,22324,1538
sz002808,0,0,0
sz002413,2194,2275,0
sz002714,8531,5762,0
sz000810,0,1379,0
sz002913,622,769,0
sz000613,0,0,0
sh603063,0,0,0
sh600775,0,0,0
sz002106,2000,10772,0
sh603165,0,204,0
sz002036,3160,7274,0
sh601188,0,0,0
sz002437,9662,9004,3830
sz000062,0,0,0
sz300355,12405,15380,0
sz300203,2475,3056,0
sz000565,0,0,0
sh600017,3527,7828,0
sz002321,46163,24046,1006
sz000428,0,0,0
sh603357,0,0,0
sh600097,0,0,0
sz002548,0,0,0
sh601611,0,5874,0
sz000859,0,2882,0
sz002643,0,900,0
sz000913,1294,2051,0
sh603908,0,0,0
sz300586,0,0,0
sz300648,0,0,0
sh600532,1512,0,0
sh600316,1648,7839,0
sh600488,0,0,0
sz000620,0,0,0
sz300144,5812,0,0
sz300189,0,0,0
sz000593,1004,2594,0
sz002505,0,386885,0
sz300050,0,0,0
sh601519,0,0,0
sh600817,0,1234,0
sz000739,0,0,0
sz000796,0,1466,0
sh603801,0,0,0
sz002126,0,0,0
sh600423,2177,0,0
sh603701,0,0,0
sz002022,0,1002,0
sh603839,0,0,0
sz300581,0,0,0
sz002379,0,2301,0
sz002618,0,2828,0
sz002008,50616,72097,5190
sz002066,0,2024,0
sz300069,0,0,0
sh600713,0,0,0
sz002435,0,0,0
sz002152,1530,13331,0
sh600212,0,4166,0
sz300313,1124,2480,0
sz002753,0,582,0
sz002158,0,1109,0
sh600272,0,0,0
sh600225,0,0,0
sh601212,1961,1583,0
sz002328,0,0,0
sz000776,7285,19191,0
sz002896,0,568,0
sh600984,0,0,0
sz300661,0,815,0
sz300088,20968,124922,1862
sh600512,70348,14704,0
sz300476,0,0,0
sz002319,0,0,0
sh603378,0,1051,0
sz300419,2097,0,0
sh603309,0,0,0
sz002773,199,233,186
sz300386,2213,4579,0
sh603889,2185,0,0
sh603678,0,2077,0
sz000880,0,0,0
sh603316,827,0,0
sh603299,0,1702,0
sh600418,5263,6352,0
sh603311,0,0,0
sh600446,1567,9022,0
sh600223,0,3830,0
sz000925,2698,1321,0
sz000301,0,1962,0
sh600882,0,0,0
sh603638,0,0,0
sz000338,36053,59441,0
sz300568,1813,1640,0
sz000632,0,0,0
sz000680,0,2395,0
sz300553,0,0,0
sz002410,2968,7856,0
sz002233,0,882,0
sz002879,3976,5951,472
sh603538,0,0,0
sh603500,0,0,0
sz300121,0,925,0
sh603628,0,0,0
sz300588,0,0,0
sh601258,0,17761,0
sh600757,0,0,0
sz002481,0,0,0
sh600048,659709,530633,62489
sz000816,0,4000,0
sz002186,0,0,0
sh600315,0,2559,0
sh603711,2341,3916,0
sh600298,1364,7186,0
sz300055,5031,20030,0
sh600663,636,0,0
sz300370,0,3500,0
sz000996,1054,17419,0
sh600293,0,0,0
sh601218,0,0,0
sz300653,0,0,0
sh600868,4217,11949,0
sz300329,0,0,0
sh603283,0,0,0
sz300181,62495,62179,0
sz000420,4120,0,0
sz000735,2946,6537,0
sh600171,40612,37500,637
sh603890,1414,2202,509
sh603669,0,0,0
sz300563,0,0,0
sh603900,421,592,0
sz002431,1897,9166,0
sh600732,1945,1500,0
sh601098,803,882,0
sz300337,0,0,0
sh601166,168919,156399,0
sh603189,0,0,0
sz300381,955,2920,0
sz002090,0,0,0
sh600692,0,0,0
sz300139,0,0,0
sh600371,0,0,0
sz300699,7835,2848,0
sz002388,0,0,0
sz300522,0,0,0
sh601038,3735,20124,0
sh603028,0,0,0
sz300527,0,467,0
sh600167,1558,961,0
sz002018,1581,11328,0
sz000933,40877,27549,0
sz001696,0,1800,0
sz300096,2400,0,0
sh600894,0,1400,0
sz002095,0,2149,0
sz002347,0,0,0
sz300440,0,0,0
sz300179,0,0,0
sz002619,22410,0,0
sh600322,7630,6144,0
sz000811,0,3300,0
sz300593,0,0,0
sz000862,0,0,0
sh600825,0,0,0
sz300274,7230,14518,0
sz000065,592,1953,0
sz300423,1550,0,0
sz002573,4227,10816,0
sh603320,0,0,0
sz002407,3117,3399,0
sh603117,0,1367,0
sz002139,4314,4065,0
sh603881,271,396,0
sz002483,0,0,0
sh600282,31166,70354,0
sh600261,0,0,0
sz300233,0,539,0
sh600680,0,0,0
sz000897,0,0,0
sz300299,0,1400,0
sh603110,402,869,0
sz000831,7472,877,0
sz300371,0,0,0
sh600023,0,2000,0
sh601318,457738,439828,48770
sh600779,7207,9065,256
sh603029,0,0,0
sz300111,0,2828,0
sh600502,7231,4662,0
sh600721,0,0,0
sz002196,0,0,0
sh603345,0,0,0
sz000938,1054,366,0
sz000088,0,6097,0
sz000683,16951,21522,0
sh600132,8516,5522,0
sz002499,800,593,0
sh603268,800,0,0
sh600356,0,0,0
sh600886,9291,48528,0
sz002882,0,0,0
sz300201,4594,1927,0
sh603626,19789,6613,405
sz000623,2251,1438,0
sh600506,0,0,0
sh600555,0,3171,0
sz300473,0,0,0
sz002671,0,0,0
sz002768,0,419,0
sh600655,0,1000,0
sh603618,0,0,0
sz002064,0,11547,0
sh600563,205,533,0
sh600647,0,933,0
sz300666,2417,3478,492
sz000488,15198,38652,0
sz300500,0,562,286
sz000078,2502,7594,0
sz300279,1102,1158,0
sz002254,2008,4964,0
sh600739,1245,722,0
sh600614,4483,6978,0
sz300243,0,0,0
sz002691,0,0,0
sh600481,0,0,0
sz300003,4204,3232,1501
sh600141,0,0,0
sz002205,648,0,0
sh603605,520,0,0
sz000608,0,0,0
sh603828,0,0,0
sz300160,0,0,0
sh603776,221,377,209
sh603298,0,0,0
sz002749,0,0,0
sh600436,395,1787,0
sz300228,0,4615,0
sh600701,0,5308,0
sz000905,0,1441,0
sz300512,0,0,0
sz002262,0,696,0
sh600456,0,0,0
sz002566,0,0,0
sz000611,1986,0,0
sz300413,2696,1950,0
sz002061,5870,3745,0
sh600598,9692,16343,0
sz300317,1005,1000,0
sz002813,0,345,0
sz002856,1073,2277,0
sz300198,34114,16992,0
sz300293,0,0,0
sh603188,0,980,0
sz002029,0,1430,0
sz000587,98122,8572,1510
sh601126,0,0,0
sz002135,0,0,0
sz300073,1412,500,427
sz300284,0,0,0
sz002565,0,0,0
sz000692,0,0,0
sz002424,0,0,0
sz000883,0,2705,0
sz002650,19411,0,0
sz000633,0,3339,0
sh600983,0,0,0
sh603899,0,500,0
sz002747,0,1270,0
sz000630,94917,67012,0
sh603456,2474,724,0
sh600529,5067,1796,502
sz002655,5807,16057,0
sh600639,0,0,0
sh600549,16763,16765,839
sz300394,0,0,0
sz300248,0,0,0
sz300377,3686,25195,0
sh600735,879,0,0
sh600380,0,7130,0
sh603817,0,0,0
sh601311,962,0,0
sz002412,0,0,0
sh600635,2200,15806,0
sh603319,0,0,0
sz300345,0,0,0
sh603108,0,2906,0
sz002733,4940,0,0
sh600816,23106,15068,0
sz002582,2369,1127,0
sh600827,0,945,0
sz300281,0,0,0
sz002585,0,1619,0
sh603179,0,0,0
sh600172,3227,8468,0
sh600718,2725,13596,0
sz002653,0,0,0
sz002798,900,1398,0
sz300105,0,0,0
sz300690,0,0,0
sh600421,0,0,0
sh603002,2071,12964,0
sz002647,0,0,0
sh600812,0,0,0
sh600575,0,0,0
sz000028,1424,1094,0
sz002689,0,0,0
sz002620,0,0,0
sh600295,5071,13496,0
sh600765,0,1249,0
sz002610,0,5440,0
sz300596,0,0,0
sh603222,0,0,0
sz300056,2174,5411,0
sh603970,8539,5542,437
sz002595,0,0,0
sh600845,553,772,0
sh603611,0,0,0
sh600503,7693,14033,0
sh600760,8969,15761,1041
sz300114,0,0,0
sz002336,1000,1000,0
sh603331,0,0,0
sh600630,0,1302,0
sh603901,0,0,0
sh603533,275,1546,322
sz002069,0,0,0
sz300662,0,0,0
sz002790,0,0,0
sz000157,22868,15165,0
sh603879,0,1608,0
sz300146,28653,12286,0
sh603138,6628,4985,228
sz002026,0,0,0
sh603003,0,0,0
sh600346,5232,8649,0
sh603676,12156,10893,1617
sz002529,0,0,0
sh600872,9276,1786,0
sh600179,14567,5962,0
sh600896,0,0,0
sz300044,0,741,0
sh601368,0,0,0
sh600767,0,0,0
sz000893,20212,5060,0
sz002225,2000,0,0
sz001965,140330,56188,7391
sz300283,0,0,0
sh603567,0,0,0
sz300297,0,2690,0
sz000818,2859,1007,0
sz002843,0,0,0
sz300438,0,0,0
sh603035,0,676,0
sh601866,0,11459,0
sz300479,0,0,0
sz300632,0,0,0
sz300063,0,0,0
sz000026,0,0,0
sz000627,12104,1994,0
sh600600,9213,11960,248
sz000600,2193,5862,0
sz002699,5153,557,0
sh600129,0,1043,0
sz300727,8479,9840,1153
sz002281,11959,15391,810
sh600561,0,0,0
sh603976,0,0,0
sh600846,3402,5583,0
sh600517,0,0,0
sz000558,2313,0,0
sz002594,4797,2963,0
sh600874,7072,19866,0
sh600452,0,700,0
sh600830,14600,1757,0
sh601336,39647,30229,2500
sz000505,0,0,0
sz002191,16788,7776,2027
sz002772,0,0,0
sz000690,3411,6035,0
sh600703,38063,75317,3240
sz002043,5958,1001,0
sh603589,2561,4992,0
sh600211,0,1000,0
sh601628,27947,41125,1157
sz300166,0,3690,0
sz300573,0,0,0
sz000159,0,0,0
sz002415,26690,27719,1674
sh600996,0,0,0
sz000911,0,0,0
sz000829,0,0,0
sz002116,0,0,0
sh603033,0,0,0
sz002663,0,0,0
sh601155,18765,21861,0
sz002316,0,0,0
sh601377,9377,12950,0
sh603158,0,0,0
sz002361,2084,0,0
sz300385,0,0,0
sz002552,0,0,0
sz300378,0,0,0
sz000975,0,1111,0
sz002364,0,0,0
sh603661,0,413,0
sz300057,0,0,0
sz000858,86880,102042,12343
sz300219,0,0,0
sh600496,0,7270,0
sh600022,5657,181890,0
sh600569,0,61623,0
sz002215,0,3249,0
sz000520,0,0,0
sz300330,0,0,0
sz300133,3179,0,0
sz300092,0,0,0
sz002809,957,558,0
sz002740,0,0,0
sz300080,0,2809,0
sz000685,0,2422,0
sz000502,1520,1096,0
sh600168,1204,0,0
sh600200,0,0,0
sh600419,0,0,0
sz002495,0,0,0
sh600461,0,1898,0
sh603959,0,0,0
sz300551,0,0,0
sz300227,0,0,0
sh600895,0,0,0
sh600161,3279,7492,0
sh600395,0,0,0
sz300449,0,1992,0
sh600612,0,0,0
sz002326,0,0,0
sz002494,0,0,0
sh603223,0,0,0
sh601799,0,0,0
sz300025,0,2927,0
sh603886,0,0,0
sh600629,0,0,0
sz300610,0,671,0
sz000099,0,0,0
sh603833,394,2418,0
sz000778,8239,38196,0
sz002536,0,0,0
sz000576,0,0,0
sh600368,0,0,0
sz002246,0,1191,0
sz002893,535,0,0
sz002810,0,0,0
sz002472,2996,0,0
sz002868,0,0,0
sz300703,0,0,0
sz300595,0,0,0
sh600192,0,0,0
sz300221,0,6311,1220
sz300126,0,0,0
sh600058,0,0,0
sz000848,0,2036,0
sz000997,1688,6827,0
sz000707,0,0,0
sh603336,0,0,0
sz002212,3413,11920,11432
sz000543,0,2572,0
sz000965,0,0,0
sz000987,0,0,0
sh600131,0,0,0
sz002306,0,2931,0
sz300533,0,0,0
sz002791,0,0,0
sh603960,824,468,0
sh600111,91650,78785,7320
sz000698,0,0,0
sh601888,3195,6902,0
sh603133,0,4935,517
sz300655,0,0,0
sz002637,0,0,0
sz300276,0,0,0
sz002282,0,0,0
sz300651,0,0,0
sh603579,0,642,0
sz002194,5021,2139,0
sz300202,0,0,0
sh600196,42635,41627,2354
sz300142,28806,30261,615
sz300635,1082,0,0
sz002541,0,0,0
sh600520,21081,36631,2154
sh600478,0,0,0
sz002005,3703,6095,0
sz300075,1331,760,0
sz300550,0,0,0
sh603315,0,941,0
sh600444,712,0,0
sz002305,7081,2262,0
sz002540,0,0,0
sh601579,0,0,0
sz002035,1875,0,0
sz002477,12025,22901,0
sz000610,863,0,0
sh600198,10299,6013,0
sz002401,903,0,0
sz002875,0,0,0
sz002150,0,0,0
sh603906,0,0,0
sh600803,16242,16675,1320
sh601186,13300,13621,0
sz300642,0,123,0
sz000425,291737,234832,0
sh600619,0,0,0
sz002586,0,0,0
sh603718,3977,0,0
sh600992,3363,11210,3300
sz300122,756,1333,501
sh603955,0,0,0
sz300677,0,0,0
sz002119,0,580,0
sh600982,0,0,0
sz002846,0,617,0
sh600823,0,5510,0
sz300560,787,2015,0
sz300481,0,0,0
sh603021,1020,0,0
sz000681,1504,3781,0
sh603303,0,0,0
sh600650,0,921,0
sz002405,31823,39027,1122
sh603615,0,0,0
sz300731,1011,1988,0
sh601666,15148,53066,0
sz002346,0,0,0
sh600128,0,0,0
sh600708,5000,0,0
sz300298,658,0,0
sh603123,0,0,0
sh601918,0,3265,0
sz300673,0,0,0
sh601818,144127,156024,0
sz300665,0,0,0
sh600531,0,5783,0
sh600552,0,0,0
sz002757,0,0,0
sz000982,6840,3509,0
sz002411,0,0,0
sh600026,2348,0,0
sz000423,3524,8274,235
sh600381,0,0,0
sz002128,0,15869,0
sz000961,25622,7555,0
sz002657,513,1092,0
sz002012,85643,107171,2053
sz300398,2402,0,0
sz002636,0,0,0
sz300318,0,0,0
sz300127,0,0,0
sz300489,0,0,0
sz000901,2774,3312,0
sz002264,5370,9833,1595
sz002815,0,0,0
sz002339,0,0,0
sz000039,11216,17220,510
sz002275,0,0,0
sz300051,0,0,0
sz002584,1865,3171,0
sz000732,4668,45217,2718
sz002269,0,0,0
sh600567,15944,77371,0
sh603816,240,678,0
sz002044,708,0,0
sh603730,0,0,0
sz002011,1634,4188,0
sz002148,0,10044,0
sh603909,0,0,0
sz000670,8144,21640,0
sz300647,549,550,0
sz000519,0,3773,0
sz002294,4613,1763,650
sh603017,0,0,0
sz002452,0,0,0
sz002600,49621,67727,0
sz002491,3515,1946,0
sz002736,2100,4790,0
sh600236,0,0,0
sz002221,45348,30379,0
sh601168,0,26349,0
sh600660,7233,5190,0
sz002017,0,0,0
sh600782,26689,30877,0
sz300669,0,0,0
sh600090,0,0,0
sh601900,0,0,0
sz002386,7376,26041,0
sh600299,0,1000,0
sh600971,2078,22426,0
sz000667,4255,14885,0
sh600888,0,0,0
sh600037,2112,1119,0
sz000068,0,0,0
sz000701,0,0,0
sz000622,0,5309,0
sz002056,16492,62180,0
sh603129,0,0,0
sz002527,0,0,0
sz300067,0,0,0
sz002149,0,3700,0
sz000426,1518,5197,0
sz300602,0,0,0
sz300706,3613,2006,1110
sh600420,0,1069,0
sh600470,2055,2000,0
sz300261,0,0,0
sz002771,0,0,0
sz002734,0,0,0
sh600012,2004,4485,0
sz002164,0,1200,0
sz002045,2949,4324,0
sz000836,0,4737,0
sh603227,0,0,0
sz002693,0,0,0
sz000967,0,0,0
sh600804,1803,4975,0
sz002195,25938,48292,0
sz300368,0,0,0
sh603822,0,978,0
sh601766,408843,425606,4048
sh601116,0,0,0
sz300062,0,1510,0
sz000058,0,0,0
sz000568,10880,10995,209
sz000153,0,0,0
sz002812,230,704,129
sz000875,0,3000,0
sh601788,1200,3555,0
sh603025,0,0,0
sz002855,2022,0,0
sz002356,0,564,0
sz300678,223,1392,233
sh600108,30721,13205,0
sz000043,0,0,0
sz002460,27221,54634,2189
sz300246,0,0,0
sh600369,7372,14863,0
sh600308,0,0,0
sh600965,0,0,0
sh603305,316,0,0
sz002146,88174,82243,0
sh601599,12679,9803,0
sh600233,0,0,0
sz000782,0,0,0
sz000625,20498,12949,0
sh600814,0,0,0
sh600085,0,5844,0
sz002905,0,0,0
sz300064,1698,3164,0
sz002675,4021,0,0
sz002391,0,0,0
sh603803,0,0,0
sh603966,0,0,0
sh603328,0,893,733
sh600230,852,4113,301
sh603586,0,0,0
sh603011,0,0,0
sh603126,0,2128,0
sh600898,993,0,0
sz300016,9194,6577,0
sz002542,0,0,0
sz002553,1314,0,0
sh601727,6602,10843,0
sz002240,2640,1021,0
sh600435,4341,23521,0
sh603797,0,0,0
sz002118,0,3048,0
sh600586,0,0,0
sh601800,2690,1042,0
sh600537,4685,7886,0
sh600182,2519,972,0
sh600728,1737,6703,0
sz300387,0,1573,0
sh600234,1732,0,0
sz002871,0,0,0
sh601933,386464,317481,11815
sz002459,0,0,0
sh600468,0,2500,0
sz002123,2937,0,0
sh600801,6935,6366,0
sh600135,0,1400,0
sh603005,2270,4064,0
sh600997,0,8083,0
sh600698,1472,5554,0
sz300571,0,0,0
sz002597,12904,10972,0
sz300224,0,5212,0
sz002019,30212,22786,1691
sz002635,5873,11986,396
sz300268,10745,0,9458
sz002807,1782,1626,0
sh600462,0,0,0
sh600515,0,6944,0
sh603519,0,0,0
sh603880,0,0,0
sz002419,0,2530,0
sh600622,2183,11554,0
sz002322,0,0,0
sz002389,0,2734,0
sh600926,18130,6721,0
sh600740,27413,64606,0
sh601069,14717,6738,0
sh603505,0,0,0
sz300311,0,0,0
sh600068,14228,51309,0
sh600963,2005,5590,0
sh600351,0,0,0
sz002887,0,0,178
sz002658,0,0,0
sh601880,11095,0,0
sz002427,5637,2934,0
sh600399,0,3349,0
sz000837,0,0,0
sz002403,0,0,0
sh603023,0,0,0
sz000902,0,0,0
sz000966,0,0,0
sh603036,0,0,0
sz002684,2990,0,800
sz300131,0,4530,0
sh600148,0,0,0
sh603698,0,0,0
sz300697,1001,3733,0
sz300537,0,0,0
sz300658,0,0,0
sh600499,20529,22265,0
sz002433,0,1762,0
sh600459,912,0,0
sz300712,1022,1728,2230
sh603988,480,310,0
sh600490,8461,9401,0
sh600723,0,0,0
sh603859,0,0,0
sh600587,0,0,0
sz300482,1038,889,235
sh600640,0,733,0
sh603737,0,1424,0
sh600114,690,0,0
sz000009,8881,3702,0
sz000977,18640,22131,0
sh600727,0,0,0
sz000552,0,10042,0
sz002769,0,0,0
sh603060,487,0,0
sz002137,0,0,0
sz300668,0,0,0
sz002851,0,0,0
sh600856,198280,183828,11723
sh600636,0,818,0
sh603496,0,0,0
sz300249,6627,4143,0
sz300710,0,0,0
sz002147,0,1050,0
sz000021,10185,17794,0
sz300422,1021,5048,0
sz002746,0,0,0
sh600717,0,2177,0
sz000826,1382,5295,0
sz300488,0,0,0
sz000570,0,0,0
sh601857,11655,24940,0
sz300402,0,0,0
sh600216,9068,7532,0
sz002224,0,0,0
sz002909,0,0,0
sz002418,6790,0,10042
sh600207,0,2574,0
sh601200,669,2032,0
sz000951,3413,5468,0
sz000958,2822,10617,0
sz002502,0,0,0
sh601086,3889,2439,0
sz000856,2134,2769,814
sh603118,0,0,0
sz002559,0,0,0
sz002109,0,0,0
sz002184,0,0,0
sz300007,0,0,0
sz002638,0,4865,0
sz300036,705,3624,0
sh600623,0,2999,0
sz002097,0,0,0
sz002563,0,0,0
sz000546,773,716,0
sh600075,0,1479,0
sz300497,0,0,0
sh603168,2227,2826,0
sz002501,0,4898,0
sz000830,56488,41730,2098
sh600518,25012,8838,0
sh600889,0,0,0
sh600266,794,845,0
sz300397,0,0,0
sz002456,85021,136328,10912
sh600338,515,1583,501
sh600209,0,2528,0
sz300237,0,0,0
sh600678,0,0,0
sz300045,1811,3251,0
sz000012,1371,27831,0
sz002617,3001,732,0
sh601992,18538,53471,0
sh603721,0,0,0
sh600409,4002,7172,0
sh600083,0,0,0
sz300304,0,0,0
sh600094,0,0,0
sz002723,0,0,0
sz002370,0,0,0
sz002020,1150,3199,0
sz002498,0,0,0
sh600388,4739,8841,0
sh601128,2766,2618,0
sh601179,0,0,0
sh600990,200,1141,0
sh601015,6758,8760,0
sh603388,0,0,0
sz300430,0,539,0
sz002836,0,0,0
sz002869,0,0,0
sz300190,4333,3869,0
sz300204,0,0,0
sh601567,0,0,0
sh600724,0,0,0
sz002394,0,2803,0
sh600486,906,0,0
sz002561,0,0,0
sh603868,228,0,0
sz000912,0,0,0
sz300351,0,2730,0
sh603277,574,0,0
sz002737,0,365,0
sh600771,500,260,0
sz002484,0,0,0
sz300565,499,457,0
sz300135,0,3049,0
sz002028,929,0,0
sh603160,618,3501,0
sz002144,0,0,0
sh603330,0,0,0
sz300350,0,0,0
sz000687,2587,2012,0
sh600184,0,1017,0
sz300375,0,0,0
sz002755,0,0,0
sz000555,0,0,0
sh600975,0,1783,0
sz002588,0,0,0
sh603488,0,0,0
sz002350,0,0,0
sh603969,0,0,0
sh600683,0,0,0
sh600839,7982,53306,0
sh603716,0,0,0
sh600501,0,0,0
sh600259,876,300,0
sh600217,0,21589,0
sh601375,0,11055,0
sz002550,0,1889,0
sz002803,0,0,0
sz300532,0,0,0
sz300417,0,0,0
sz002420,2234,0,0
sh601233,36346,62859,2569
sh600778,0,1818,0
sz300034,0,0,0
sz002444,4214,20997,0
sz002718,0,0,0
sz000560,1454,9918,0
sh600197,5069,5955,0
sh600796,0,0,0
sh603929,513,1145,0
sh600056,401,2431,0
sz002621,2500,2276,0
sh600038,5961,8886,527
sz002614,0,0,0
sz000725,2234565,2406326,0
sz002623,0,0,0
sz002759,668,1678,0
sz002464,967,0,0
sh600031,339457,481222,4749
sh600396,0,0,0
sz002898,624,2540,0
sh600605,0,0,0
sz300641,0,0,0
sh600551,0,0,0
sz000669,6341,6496,1008
sz300618,2275,4900,485
sz000030,0,0,0
sz002848,0,0,0
sh600067,0,0,0
sz300589,0,0,0
sh600018,31854,75731,0
sz002645,0,0,0
sz300670,0,0,0
sz002443,1502,1378,0
sh600305,936,7725,0
sh603232,0,0,0
sz002632,0,1570,0
sz002440,5204,3241,0
sz300079,0,3287,0
sh600363,6751,1941,0
sz002487,0,0,0
sz300106,0,1382,0
sz000571,0,2198,0
sz002441,0,0,0
sz002183,0,12750,0
sz002475,77474,114172,13268
sh603339,0,492,0
sz000017,0,0,0
sh603039,0,0,0
sh603183,0,0,0
sh600062,4913,1468,0
sh603918,0,0,0
sz000691,0,0,0
sh600684,0,0,0
sz300242,0,0,0
sh603113,0,0,0
sz002864,0,1455,0
sz300148,48932,32024,5145
sz000790,0,0,0
sh603508,0,0,0
sz000717,66117,49834,1348
sz000554,0,1640,0
sz002007,0,0,0
sz300623,0,162,0
sh603677,0,0,0
sh601929,0,7100,0
sz300164,0,2000,0
sz000960,2029,5281,0
sz300028,0,0,0
sz002763,0,0,0
sz002436,9313,33440,0
sh600073,0,0,0
sh603663,0,0,0
sz300226,0,1256,0
sh600379,0,0,0
sz000728,3102,22205,0
sz002234,1000,4903,0
sh600838,0,1341,0
sz002779,0,0,0
sh600626,0,0,0
sh603019,17226,29973,1372
sz300503,0,800,0
sz000990,0,0,0
sh600325,20388,13634,0
sh600903,113847,135796,12915
sz300048,4034,0,0
sz002447,0,7500,0
sz002014,0,0,0
sh603090,0,0,0
sz002639,0,1440,0
sh603218,0,0,0
sh600228,0,0,0
sz002317,0,0,0
sh603286,0,0,0
sh601333,40424,178212,6157
sz002534,0,0,0
sz300101,27846,27405,0
sz300362,0,2250,0
sh600343,0,841,0
sz002903,0,0,0
sh600730,0,0,0
sz002141,1501,4000,0
sh603157,1372,0,0
sh601999,0,0,0
sh600329,0,671,0
sz000917,0,10277,0
sz300619,0,0,0
sh603722,2049,550,0
sh601515,0,0,0
sz000886,1500,3000,0
sz002242,0,0,0
sz300308,464,1229,0
sz002654,0,0,0
sh600215,0,0,0
sh600163,0,0,0
sh600330,46430,67060,4290
sz002338,0,0,0
sh600596,5121,7547,0
sz000919,0,0,0
sz002006,0,1566,0
sh603186,0,0,0
sz002695,0,0,0
sh600476,0,0,0
sz002309,7518,0,1597
sz002778,0,0,0
sh601020,0,0,0
sz000795,0,3706,0
sz002708,0,0,0
sz002244,5541,10007,0
sh603843,0,0,0
sz300100,0,0,0
sh600260,0,5320,0
sz002660,0,0,0
sz002125,0,0,0
sz300578,0,0,0
sz000970,9858,1845,0
sz000718,0,3814,0
sh600693,1195,2976,0
sz300018,0,0,0
sh600644,0,3633,0
sz300301,1658,0,0
sh601872,0,2700,0
sz002237,996,1001,0
sz300320,0,0,0
sz002570,4977,9326,0
sh600582,0,4800,0
sh601669,9257,2011,0
sh600793,536,0,0
sh600621,0,3820,0
sz000755,0,2507,0
sz300070,4812,12526,0
sz002795,0,0,0
sz002774,0,0,0
sz000861,0,0,0
sh601801,0,0,0
sh600007,0,0,0
sh603808,0,705,0
sz300530,0,0,0
sz000609,0,0,0
sh600122,7860,4164,1336
sz300019,0,0,0
sh600310,0,0,0
sz002113,0,3054,0
sz002598,0,0,0
sh600808,41227,69149,0
sh603300,0,0,0
sz000533,23215,11626,0
sz300561,0,0,0
sh600125,4955,43963,0
sz002278,1980,2261,0
sh603608,0,0,0
sh603022,6000,0,0
sz300011,1000,0,0
sz002377,0,4762,0
sh600320,2510,16611,0
sh601908,3535,13999,0
sz300328,0,1645,0
sz000892,0,1336,0
sh600751,0,2453,0
sh600566,2020,668,0
sz300307,0,0,0
sh600847,0,0,0
sh601601,33764,48723,634
sz300325,0,0,0
sz002228,0,0,0
sz002093,0,2640,0
sh601328,63013,114369,0
sh601996,0,0,0
sh600307,10117,60722,0
sh601139,25136,46889,1354
sh600160,1420,25432,0
sh600509,1705,6595,0
sh601228,6247,2106,0
sz000407,0,2528,0
sz002465,4188,5241,0
sz300701,0,0,0
sz000158,0,0,0
sz002248,6006,8298,0
sz002270,0,0,0
sh600151,0,4464,0
sz300688,0,0,0
sh603557,0,770,0
sh603535,0,0,0
sz002652,0,3962,0
sh603768,0,0,0
sh600679,0,0,0
sh601881,20395,23031,0
sz000523,0,0,0
sh600851,4042,5937,0
sh600867,7685,20821,511
sh600759,2457,2456,0
sh603018,0,0,0
sh603878,0,0,0
sz002155,10490,4892,0
sz300332,2020,2536,0
sh603683,0,0,0
sz002065,19947,11069,0
sh600317,0,0,0
sh603866,0,0,0
sz300577,169,0,0
sz002308,0,1000,0
sh600970,31995,22227,0
sz002816,0,0,0
sz300424,0,0,0
sz000825,6370,18250,0
sz002611,800,0,0
sz300157,0,15084,0
sz002201,2441,3034,0
sz000753,0,0,0
sh600661,500,520,0
sz002642,0,0,0
sz002911,10847,9479,0
sz002032,475,300,0
sh600138,912,1337,0
sz002252,0,7787,0
sh603609,0,0,0
sh600831,0,0,0
sz002703,0,0,0
sz002493,36049,51176,2032
sz002080,2188,5410,0
sh600377,0,1200,0
sh600689,0,0,0
sz002299,873,7586,0
sz002551,0,0,0
sz002899,0,0,0
sz000061,0,0,0
sz002840,3771,1883,0
sz300513,0,0,0
sz000046,0,0,0
sz000780,0,0,0
sh600995,0,0,0
sh601555,1165,10010,0
sz000037,0,0,0
sh600410,0,14537,0
sh600763,528,460,0
sz300085,787,830,0
sz000801,9900,7855,0
sh600993,2304,5275,0
sz300154,0,0,0
sz300363,0,0,0
sh600590,0,0,0
sz300495,0,0,0
sz300376,15783,12216,0
sz000525,0,507,0
sz002765,2000,0,0
sz300509,0,0,0
sz300729,1060,456,0
sz300352,2827,0,0
sz300012,0,0,0
sh601595,0,0,0
sz002417,0,0,0
sh603688,0,0,0
sz002549,0,0,0
sz002912,6718,7470,215
sz002349,0,0,0
sh603595,200,136,0
sz000852,0,2039,3286
sz300534,0,0,0
sz000032,1000,0,0
sz002331,0,0,0
sz300006,24587,0,0
sz002055,800,2690,0
sh600082,0,0,0
sh600353,0,0,0
sz000985,0,0,0
sz002674,0,0,0
sh600571,0,3266,0
sz002555,5468,4338,0
sh600505,0,0,0
sz002762,0,0,0
sz000760,0,1901,0
sz002096,0,0,0
sh600681,2167,1117,0
sz002451,562,0,0
sh600545,12468,7165,0
sz002497,22279,23671,1008
sz000025,0,301,0
sz300017,116286,79327,9060
sz300188,11995,3319,0
sh600805,0,0,0
sz002301,3093,2310,1019
sz002862,0,0,0
sh600674,33343,22580,0
sz300445,0,0,0
sh600620,910,0,0
sz300110,1413,870,1074
sz300255,0,0,0
sz300557,0,0,0
sz000882,0,0,0
sz002616,0,0,0
sh600370,0,0,0
sz300572,0,200,0
sh603979,0,0,0
sz002454,0,0,0
sz002700,0,0,0
sz002104,0,7070,0
sh600101,0,0,0
sz002468,624,0,0
sz300412,0,0,0
sz300280,300,0,0
sz000762,1171,0,0
sh600218,0,0,0
sz002277,0,0,0
sz000700,0,3490,0
sz002208,0,0,0
sz000752,2735,800,0
sz001896,0,0,0
sz002860,0,0,0
sz000869,3126,897,0
sh600628,0,0,0
sz000709,69936,89928,0
sz002889,0,0,0
sh600281,0,0,0
sh600406,39714,65174,2624
sz300465,0,1130,0
sz300059,79621,175636,3692
sh603177,1088,1051,0
sh600857,0,0,0
sz000657,0,0,0
sz002209,0,0,0
sz000050,9894,11194,521
sz002852,0,0,0
sz000851,0,1513,0
sz300617,0,0,0
sz000712,1362,1289,0
sh601988,425176,460783,0
sh600722,2030,4680,0
sh601952,15719,9978,0
sz002129,470454,455998,7455
sz002185,67348,166125,0
sh600764,6335,1566,0
sz300639,780,1446,0
sz000839,24043,32346,0
sz002101,1756,0,0
sz002290,0,0,0
sz300408,17430,10534,0
sh603920,0,682,0
sz002292,4612,10648,0
sh603729,1599,791,0
sh600354,2352,0,0
sh603269,0,0,0
sh600729,2061,0,0
sz000581,7067,19511,0
sz000721,0,0,0
sz002776,0,0,0
sz000422,3000,0,0
sh601226,0,2159,0
sh600449,0,1013,0
sh600539,0,0,0
sh603578,0,0,0
sh603393,1613,1139,0
sz300230,2020,800,0
sz002824,0,0,0
sz300184,0,0,0
sz300554,0,0,0
sh601100,1214,1550,0
sz002042,0,1015,0
sz002622,54445,46760,9911
sz002092,2008,15496,0
sz000661,1779,2843,295
sh603009,0,0,0
sz002369,0,0,0
sz002640,590,600,0
sh603993,79239,96067,0
sh601985,0,25163,0
sz000697,930,2134,0
sz002159,0,0,0
sh600969,0,0,0
sz002726,907,0,0
sz300717,0,0,0
sz002750,0,0,0
sz002630,1200,1000,0
sz300286,0,0,0
sz300097,658,755,0
sz000049,1355,7552,0
sz300192,3000,800,0
sz300314,0,0,0
sz002884,0,0,0
sz000538,1070,1107,0
sh601238,30198,3914,0
sh600662,1826,8720,0
sh600792,0,0,0
sz002518,0,650,0
sz300531,0,0,0
sz002127,0,861,0
sz300566,0,0,0
sh603882,4341,1603,0
sz000626,0,0,0
sz000733,2974,7624,0
sz002009,2958,3579,0
sh600188,49935,34125,0
sz002291,0,0,0
sz000590,0,0,0
sz300388,425,1192,0
sh601608,0,0,0
sz000599,5595,3349,0
sz002179,722,2531,0
sh601877,22240,8425,1101
sh601677,0,945,0
sz000993,0,0,0
sz000890,0,0,0
sz000672,32277,9704,1244
sz300467,234,273,0
sz300604,167,971,0
sh601558,6902,6396,0
sz000548,0,0,0
sz300528,0,0,0
sz300340,995,3009,0
sh600671,497,700,0
sh600686,984,1946,0
sh603933,0,500,0
sh600891,0,0,0
sz002280,0,1382,0
sz300271,0,0,0
sz000066,8174,31164,0
sz002071,18990,4688,0
sh603326,0,0,0
sh601890,1653,0,0
sz002729,1394,0,0
sh600745,2013,4561,0
sz000001,410409,457711,3813
sz002508,5048,3903,200
sz002533,0,1526,0
sz002888,0,0,0
sz300339,0,0,0
sh601127,10885,4595,3006
sz002761,675,0,0
sz002659,0,0,0
sz000932,31791,39142,0
sz300592,0,0,0
sz300277,5218,6816,1908
sz002574,0,0,0
sz000059,1210,16279,0
sh603200,0,419,0
sz002138,1499,3769,0
sz000038,0,669,0
sh603926,0,0,0
sz002665,12761,17862,3855
sz000813,0,9007,0
sz300718,0,0,0
sh600337,2000,8457,0
sz300470,0,0,0
sz300448,0,0,0
sz000596,204,2994,0
sz300671,580,0,0
sz002656,2010,1500,0
sz002478,0,0,0
sz002230,89896,100769,9211
sh600603,0,0,0
sz000786,74487,82165,2627
sz000333,102066,84967,10249
sh600088,0,0,0
sh600467,0,0,0
sz002027,25257,30469,0
sz002690,697,1270,0
sh601099,24919,35302,0
sz002853,0,0,0
sh603580,0,0,0
sh603939,0,0,0
sz300643,0,0,0
sh603088,3178,0,0
sz002715,0,1778,0
sh600777,15685,14042,0
sz002085,793,0,0
sh601366,0,0,0
sh600489,32001,17738,0
sz002900,726,357,0
sh603648,1213,3733,0
sz000518,0,0,0
sh600980,0,0,0
sz002327,0,0,0
sz000605,0,0,0
sz000636,44873,68419,0
sz300499,0,0,0
sz300180,468,500,0
sz000591,40435,35421,2153
sz000799,1420,2739,0
sz300244,443,1046,0
sh603458,347,304,0
sz300584,0,0,0
sz000722,0,0,0
sz002752,2730,0,0
sh600608,0,0,0
sh603690,0,569,0
sz300685,300,0,0
sz000976,0,0,0
sz000815,0,0,0
sz002169,0,0,0
sz002892,0,0,0
sz300389,0,0,0
sz000895,10872,7720,0
sz300245,0,0,0
sz300008,0,6833,0
sz002482,0,1357,0
sh603588,0,5313,0
sh603725,0,0,0
sh603166,0,0,0
sz000563,0,21197,0
sz300487,0,0,0
sh600455,0,0,0
sh600861,0,0,0
sh603978,0,0,0
sz300691,131,150,0
sz300231,10684,22368,792
sh600755,4734,21403,0
sh603396,1615,700,0
sh600100,12327,18251,0
sz002558,2362,898,0
sz300400,0,1323,0
sz300356,2889,0,0
sh600156,0,0,0
sz000595,0,0,0
sz002547,27594,3206,0
sz300558,691,603,0
sh600123,15244,19953,0
sz300493,1160,702,0
sh600287,0,0,0
sz300396,400,0,0
sz300700,502,1679,0
sz300348,0,1000,0
sz300637,0,0,0
sh600859,6084,4325,0
sz300068,11949,5047,0
sz002627,560,0,0
sz002157,0,14479,0
sh601618,16821,39605,0
sz002438,0,0,0
sh600773,1528,0,0
sz000617,0,0,0
sh600776,2276,16607,0
sh603860,0,0,0
sh603987,0,0,0
sh600766,0,0,0
sh600104,39272,25534,348
sh600781,2383,0,0
sh600250,2511,2254,0
sh600099,2473,0,0
sh600651,0,0,0
sz002820,1033,0,0
sz002530,0,0,0
sz002102,5304,14443,0
sz300507,0,0,0
sz300074,0,0,0
sz002089,4844,5000,0
sz002120,0,0,0
sz000631,0,0,2756
sz300404,0,0,0
sz300420,0,0,0
sh600770,4561,28031,0
sz300336,0,1600,0
sh600510,0,0,0
sh600797,2058,11208,0
sz000650,0,0,0
sh601021,0,428,0
sh600665,0,0,0
sh603359,0,346,0
sh603778,0,0,0
sz300715,0,0,0
sz002059,1700,0,0
sz002131,15365,60157,0
sz300151,0,0,0
sh600107,6862,0,0
sz002910,10944,20367,610
sz000673,0,27083,0
sh600016,64577,99813,0
sz000409,0,2312,0
sz000005,0,0,0
sz000923,0,0,0
sh600050,167762,167943,0
sz002400,0,9820,0
sh600879,7432,16660,0
sz300041,0,1200,0
sz300518,0,0,0
sz300631,0,0,0
sh600881,3128,8569,0
sz300630,780,404,0
sz300656,0,0,0
sz300520,0,0,0
sz002107,0,0,0
sz000705,0,0,0
sz300409,1633,854,314
sz300597,0,1299,0
sz002486,3572,0,0
sh600597,5875,3489,0
sz002050,42903,49154,3392
sh601997,1148,3988,0
sh600133,0,0,0
sz002325,0,0,0
sz002288,0,1965,0
sz300175,0,0,0
sh600826,0,929,0
sz000860,0,541,0
sh600749,0,0,0
sz300338,0,0,0
sz002428,9916,9179,0
sh600270,6535,3621,0
sz002727,0,0,0
sz000833,0,0,0
sh600106,0,0,0
sz002669,0,0,0
sh600433,0,0,0
sz300723,3047,3731,0
sh600557,0,970,0
sz300343,0,0,0
sh601958,1789,1632,0
sh603566,0,0,0
sz002049,35293,54018,4448
sz002258,0,661,0
sz000023,563,958,0
sz002285,30245,27967,0
sh600726,0,0,0
sz300450,748,1679,0
sz300379,0,0,0
sz300132,0,1316,0
sh601390,7407,14904,0
sz002084,0,0,0
sz002496,5006,0,0
sh603919,0,0,0
sh603321,0,0,0
sh600116,4200,3656,0
sh603020,0,0,0
sz300319,0,1700,0
sz002706,2737,0,0
sh600556,0,0,0
sh600536,616,0,0
sh600063,0,3004,0
sz002788,0,0,0
sh600848,4574,9577,0
sz300119,0,0,0
sz000957,0,1414,0
sh600081,0,0,0
sz300508,0,244,0
sz300441,0,0,0
sh603686,0,0,0
sz002560,0,0,0
sh603030,0,0,0
sh600548,1200,0,0
sz002615,0,0,0
sz002601,3959,3740,0
sh600072,0,3060,0
sh600547,28753,14855,1203
sz002492,0,0,0
sz000793,367205,172101,3609
sh600009,624,2281,0
sh603131,0,0,0
sz300579,0,0,0
sz300429,0,0,0
sh603809,0,635,0
sh603569,0,0,0
sz300505,0,0,0
sh600641,5138,3537,0
sz002805,0,0,0
sz300022,20609,17452,0
sh600375,0,3342,0
sz002241,77224,140070,3571
sh603322,683,441,0
sz002828,0,0,0
sz300102,12575,58003,2079
sz002426,26032,18084,0
sz300341,0,0,0
sh603758,0,0,0
sz002605,14123,1900,0
sz000539,29557,0,0
sz300113,3527,4536,0
sh600191,0,0,0
sz300393,0,0,0
sh600155,1673,0,0
sh600883,0,0,0
sz300065,1210,3597,0
sz300262,0,0,0
sz000877,0,1847,0
sh603800,0,0,0
sz300124,951,4320,0
sh601008,0,3333,0
sh600815,0,0,0
sz000850,0,0,0
sz002651,0,0,0
sh600837,6240,12573,0
sh600809,3933,7658,0
sh603369,11061,2865,0
sh603081,0,0,0
sh600323,3347,4498,0
sz000972,0,0,0
sh603258,0,0,0
sz300451,0,0,0
sh601588,6387,4151,0
sh600366,3048,5067,0
sz300575,0,0,0
sh600843,0,0,0
sh603825,0,0,0
sh600987,0,0,0
sh600235,0,0,0
sz000927,3014,0,0
sz002268,2432,2750,1065
sz002363,0,0,0
sz000408,3287,1573,0
sz300657,0,300,0
sz000888,0,1042,0
sh603385,0,1051,0
sz002202,53265,44353,1390
sz002890,0,0,0
sz002174,1207,3438,0
sz300194,0,0,0
sh600477,0,6540,0
sh600811,0,6852,0
sh603226,0,1000,0
sz002314,3609,0,0
sz000503,38049,37260,3653
sz002333,0,1982,0
sz002332,0,0,0
sh600105,0,0,0
sz002003,3112,0,0
sh600657,0,3000,0
sz002310,5865,11279,0
sh603617,0,0,0
sh600583,1841,5837,0
sz002857,0,0,0
sz002249,16689,0,0
sh600070,0,0,0
sh600511,770,1951,0
sh600185,0,0,0
sz002751,0,0,0
sz002115,0,7479,0
sh601858,0,0,0
sz300002,0,6394,0
sh603197,312,0,0
sh603665,0,0,0
sz000929,9647,0,0
sz300536,0,0,0
sz000429,0,0,0
sz000663,0,0,0
sh600137,0,604,0
sh600336,0,0,0
sh600428,2898,5942,0
sz000686,1196,7928,0
sz000703,62052,77772,3174
sz002052,0,8158,0
sh601901,1440,3898,0
sh603069,900,0,0
sh600460,245865,202443,17489
sh600562,0,0,0
sz002177,0,0,0
sz300501,0,0,0
sz300052,0,723,0
sh603006,0,0,0
sz002873,0,0,0
sz002786,0,0,0
sz002041,0,2594,0
sz002821,893,848,300
sz300214,4557,7361,0
sh603766,15310,20499,0
sz000898,10165,26705,0
sh600095,32477,0,0
sz300426,0,0,0
sz000524,0,0,0
sh600103,0,10000,0
sz300676,1250,1199,48
sz300182,2365,7135,0
sz002218,6950,10417,0
sz000020,0,0,0
sz300459,975,1274,0
sh603577,0,0,0
sh601229,9920,12594,0
sz000014,15009,0,0
sz002633,0,0,0
sh600189,0,0,0
sz002408,2839,26568,1017
sz002717,0,2918,0
sh600165,736,0,0
sz002038,4166,6191,587
sz002917,2609,0,0
sh601899,270562,314975,0
sz300620,0,0,0
sh603789,4997,0,0
sh600966,1743,4005,0
sz002644,0,0,0
sh600540,0,0,0
sz002850,0,200,0
sh601009,20156,22454,0
sz002823,0,0,0
sz000702,0,0,0
sz300171,0,0,0
sz002907,626,6710,0
sh600302,0,0,0
sh603633,0,0,0
sh600533,0,0,0
sh603937,8376,2129,566
sh601998,20519,31901,0
sz002603,0,0,0
sz000616,0,0,0
sz000761,6848,7936,0
sz300118,0,0,0
sz002607,0,3005,0
sz000089,0,0,0
sh600398,0,0,0
sz000506,0,0,0
sh603238,0,0,0
sz002416,0,1331,0
sh603288,0,0,0
sz300253,0,5983,0
sz000953,2538,0,0
sz000601,0,0,0
sz002742,2038,1386,0
sh600136,2987,0,0
sz002187,0,0,0
sh601326,0,4255,0
sh601001,0,0,0
sz300638,0,0,238
sz002516,0,0,0
sz300519,0,0,0
sh600939,0,0,0
sh600283,0,0,0
sz002800,0,0,0
sz000716,0,0,0
sz300251,2009,9033,0
sh600864,0,0,0
sz002421,0,3649,0
sh600389,773,0,0
sh600403,0,0,0
sh600855,797,0,0
sz002557,0,0,0
sz002360,0,0,0
sz000628,0,0,0
sz000723,14440,6963,0
sz300165,0,0,0
sh600790,0,8180,0
sh600507,74838,64419,3580
sz300628,0,78,0
sh600015,23351,41715,0
sh603466,2164,2239,0
sh603963,0,2437,0
sz300108,0,0,0
sh600519,10586,11207,1137
sz002348,0,0,0
sh603318,3600,0,0
sz002837,0,0,0
sh603111,0,6043,0
sh603717,0,0,0
sz002596,892,2927,0
sz300452,0,451,0
sz000903,0,10912,0
sz300027,2422,17216,4065
sh603181,946,557,0
sz300687,0,0,0
sh600999,8884,29081,0
sz300125,0,0,0
sh603086,0,0,0
sz000151,0,0,0
sh601678,0,3312,0
sz002353,0,904,0
sh603366,0,0,0
sz300679,0,0,0
sh600572,2700,1600,0
sz002229,2005,0,0
sz002283,0,2127,0
sz002832,0,0,0
sh600249,0,0,0
sh600526,0,1136,0
sz002662,0,3112,0
sz300222,1739,2060,0
sz300613,144,147,0
sz002057,0,0,0
sz000949,0,0,0
sz000788,0,0,0
sz300569,0,0,0
sh600416,1843,25577,0
sh600962,3580,0,0
sz002473,0,0,0
sz300713,0,204,0
sh601106,0,3170,0
sh600822,0,5297,1541
sz300726,0,515,0
sh603619,2513,1847,0
sz002074,1658,4182,0
sz300128,29353,7921,0
sz000963,23361,16956,1256
sz002885,0,0,0
sh600741,44582,32386,5465
sz000758,2214,10000,0
sz300349,568,32267,271
sz000404,0,1639,0
sz300447,0,0,0
sz002568,0,0,0
sz000530,0,8334,0
sh600169,0,4456,0
sz000504,0,2445,0
sz002476,0,0,0
sz002136,0,834,0
sz300359,0,1475,0
sh600292,0,0,0
sh600676,0,0,0
sh600340,27375,23386,332
sh601208,0,0,0
sz002063,0,0,0
sz000521,0,3596,0
sz000536,7070,0,0
sh600869,0,0,0
sh600589,0,0,0
sz002537,0,0,0
sz002371,15387,15303,0
sz000983,12130,29447,0
sz002760,56231,11369,3190
sz300150,0,0,0
sz300087,0,0,0
sz000959,0,6263,0
sh603323,0,4058,0
sz300197,3068,10834,0
sh601966,0,1879,0
sh600335,1003,9070,0
sz300672,0,0,0
sz002702,0,0,0
sh600491,0,4154,0
sz002181,0,0,0
sz002053,0,1130,0
sz000421,0,0,0
sz000868,0,11230,0
sz300603,643,286,0
sz300215,0,0,0
sh600079,1253,991,0
sz002334,0,5129,0
sz300054,10605,10074,1164
sh603767,0,0,0
sh601616,0,2871,0
sz300310,1017,1805,0
sh603380,0,0,0
sz300406,0,0,0
sz000783,18350,33609,0
sz002068,2022,3438,0
sh603602,0,0,0
sh600802,0,1385,0
sz300290,0,2003,0
sz300305,0,0,0
sz002826,0,0,0
sz300287,0,10151,0
sz002167,20446,0,0
sh603896,1041,721,0
sh603928,0,0,0
sz000529,0,0,0
sh603042,0,0,0
sh600523,0,0,0
sh603630,0,0,0
sh600350,0,0,0
sz000413,18226,56813,0
sh603515,0,0,0
sz002743,2290,6004,0
sz000720,0,0,0
sh603389,0,0,0
sz000835,0,0,0
sz300191,0,0,0
sz002758,0,0,0
sz002724,0,0,0
sh603757,0,1183,0
sh600784,0,0,0
sh600178,0,0,0
sz300072,15127,12453,0
sz002171,0,0,0
sh603306,0,2315,0
sh600958,15243,23051,0
sz300621,0,0,0
sz002463,26701,23089,0
sh603703,1485,3558,0
sz002872,502,490,0
sh600360,21892,41446,1869
sh600820,1420,0,0
sz000679,0,0,0
sz002692,1810,0,0
sh603037,0,0,0
sh600702,4047,8544,0
sz002901,1399,384,0
sh600415,2310,11063,0
sz002384,4819,16106,925
sz000881,0,0,0
sh600195,0,2044,0
sz300289,1697,5840,0
sz002081,12487,12942,1605
sz002818,0,0,0
sz000887,2722,2443,0
sh600933,1000,787,0
sz002831,389,1140,0
sz300209,0,600,0
sh600348,1937,15684,0
sh600638,0,0,0
sz002461,2036,3001,0
sz000528,4326,5718,0
sh600522,68866,119635,9684
sz000598,0,5280,0
sz002819,0,0,0
sz000926,23449,48824,9100
sz002915,0,0,0
sz000921,983,3515,0
sz300020,1032,10471,0
sz300692,1452,1769,0
sz002591,0,0,0
sz002253,0,0,0
sh600291,3287,5478,0
sh603203,300,0,0
sh600096,0,0,0
sz000419,0,0,0
sz300082,0,2050,0
sh603685,353,0,0
sh600633,3618,2578,0
sz002422,4819,23660,1507
sh601798,0,0,0
sz300567,100,90,0
sz002661,0,0,0
sh600277,0,7082,0
sz000100,218634,452709,0
sh600237,0,0,0
sh603196,0,0,0
sz300031,4231,0,0
sh603066,0,0,0
sz002367,0,0,0
sh600030,130979,151263,1512
sh600279,0,0,0
sz002835,0,0,0
sz000403,1256,936,0
sz002918,36270,30738,12297
sz002458,425,1108,0
sz000016,13268,25872,0
sz002402,19562,30998,1450
sz300622,0,0,0
sh603008,593,0,0
sz000411,0,0,0
sz300463,449,0,0
sz300599,0,0,0
sz300223,2266,8899,910
sz002273,25278,24303,0
sz300263,1738,6802,0
sz002078,2894,12646,0
sh603858,256,844,0
sz000004,0,0,0
sz300698,1454,0,511
sh603968,0,787,0
sz000662,0,0,0
sh600078,0,0,0
sh603367,8614,6845,1862
sz002556,9252,7187,0
sz002450,11401,39323,0
sz002467,0,3236,0
sz000962,0,0,0
sz002612,0,0,0
sz000096,0,0,0
sz002368,0,0,0
sz300258,700,0,0
sh603885,5235,22065,0
sz300615,0,0,0
sz002313,15010,3748,0
sh601808,0,4079,0
sz300296,1622,11422,0
sh603085,0,0,0
sh601101,0,3068,0
sh600126,0,0,0
sz002300,0,0,0
sh603167,0,972,0
sh601137,0,0,0
sh603368,243,0,0
sz000969,0,6946,0
sz002725,0,0,0
sz300570,0,512,0
sz300600,0,0,0
sz300334,0,0,0
sz300335,1220,8659,0
sz300439,0,0,0
sz300213,0,1806,0
sz300046,0,960,0
sz300023,0,0,0
sz300540,0,0,0
sz300541,0,0,0
sh600527,3026,2085,0
sz300354,0,0,0
sz000802,4146,0,0
sh603819,0,0,0
sz300471,0,0,0
sh600521,7853,11542,530
sz300136,14130,29743,1142
sz000559,0,1969,0
sh601886,0,0,0
sz300030,0,0,0
sh603996,1250,2835,0
sz002010,0,0,0
sh603031,0,0,0
sh600170,0,4747,0
sh600479,736,0,0
sz000400,0,5446,0
sz000980,0,1987,0
sz300038,15967,17435,876
sh600893,866,10508,0
sz002908,0,0,0
sz002117,600,1503,682
sz002485,0,0,0
sh603668,0,0,0
sh601991,0,11540,0
sh600643,5653,1377,0
sz300236,2724,2352,0
sz002279,0,6615,0
sz300138,0,0,0
sh600422,4361,7803,0
sz002016,4808,0,0
sz000909,0,0,0
sh600401,12949,10763,0
sz002267,5089,21994,0
sh601108,15591,21859,1065
sh603355,0,0,0
sh600909,3853,21317,0
sh600743,0,0,0
sh600469,0,0,0
sh603169,0,0,0
sz300401,248,2720,0
sz000978,0,0,0
sz002895,0,1878,0
sh600019,51878,96714,0
sz000738,776,3635,0
sz002318,0,0,0
sz300702,0,0,0
sh603096,1716,957,0
sh603998,0,0,0
sz300425,0,2085,0
sh600884,7813,13168,589
sh600386,2002,0,0
sh600487,44302,90488,4729
sh600908,0,2943,0
sz300548,0,0,0
sh600439,4637,0,0
sz002500,5788,9582,0
sh601199,0,0,0
sh603233,605,455,0
sh603225,0,0,0
sh600690,34914,41013,2063
sh600306,0,0,0
sz000510,4311,0,0
sz002777,0,0,0
sz300282,0,0,0
sz300205,0,0,0
sz000416,0,0,0
sz300326,0,2663,0
sh600594,3474,7752,0
sz002571,0,0,0
sz002079,5099,16853,0
sz300275,0,0,0
sz002211,0,0,0
sz000798,0,0,0
sz300457,0,923,504
sz300084,0,0,0
sz002330,2939,3276,0
sz300033,283,2013,0
sz300693,0,0,0
sz002811,0,0,0
sz300721,556,1259,0
sh600500,0,2832,0
sz000637,1970,0,0
sz002589,0,3134,0
sh600707,3360,0,0
sz002243,0,0,0
sh600570,8655,20545,1995
sz300247,2150,0,0
sz002425,4515,3835,0
sh600828,0,0,0
sz002039,0,700,0
sz002255,0,0,0
sh600866,0,0,0
sz002058,1268,792,0
sz000060,9330,10683,0
sh601566,0,0,0
sz300155,0,0,0
sz300472,0,0,0
sz002716,2520,3768,0
sz300542,0,408,0
sh603101,0,0,0
sz300663,0,0,0
sz000615,3473,8599,0
sh600585,103260,111072,4654
sz002023,4099,16133,0
sz002686,0,0,0
sh600875,6444,11132,0
sz002271,10090,5916,0
sh600753,817,0,0
sh601699,73213,98743,4745
sz002100,0,0,0
sz300252,0,0,0
sz300270,0,0,0
sz002457,5691,0,0
sz300098,0,3090,0
sz002051,0,1001,0
sh603656,400,0,0
sh600565,2713,14075,0
sz000619,5000,7146,0
sh600756,0,0,0
sh600376,0,1260,0
sh600836,0,0,0
sz002217,14277,47271,1260
sh603922,0,0,0
sh600719,0,0,0
sz000550,0,703,0
sz002337,0,0,0
sz002722,0,475,0
sh603266,0,0,0
sz000876,1546,7637,0
sh600331,4052,15708,0
sz002538,1768,3401,0
sz002506,156460,99671,2420
sz300141,0,1121,0
sh600361,0,0,0
sz000656,41384,7213,0
sh600747,0,0,0
sz002474,0,0,0
sz300711,0,1761,0
sh600243,0,1557,0
sh600149,0,0,0
sz300315,6567,18700,0
sz000561,0,0,0
sh600159,0,0,0
sz000666,0,2454,0
sh600053,0,1039,0
sz000517,0,0,0
sh600367,0,0,0
sz300061,0,831,0
sz300384,0,0,0
sz000988,2229,8256,0
sh600113,0,0,0
sh601111,114273,144160,1302
sz300053,3429,16359,0
sh600611,0,6730,0
sz300004,0,1030,0
sz300506,0,0,0
sz000553,0,0,0
sh603055,1464,0,0
sz300484,0,0,0
sz300161,0,0,0
sz300145,4256,1253,0
sh603606,0,0,0
sz300123,0,0,0
sz002858,0,0,0
sh600021,3370,0,0
sz000928,17850,138161,0
sz000785,1500,0,0
sz000751,0,2770,0
sh600497,25066,12490,0
sz300590,0,968,0
sz002683,0,0,0
sz000513,8910,4119,353
sh603708,502,2402,0
sh600885,1055,994,0
sz002789,0,0,0
sz002572,3192,3404,305
sh600653,0,0,0
sh603517,323,0,0
sz002590,0,0,0
sz002223,0,0,0
sh600297,5102,4643,0
sh600688,1637,5655,0
sz002631,2257,0,0
sh603077,22708,92417,0
sz300545,0,0,0
sh603007,0,0,0
sh601369,5813,0,0
sh600177,5625,38511,0
sz300591,0,0,0
sz300346,0,500,0
sz002087,0,3780,0
sz300490,0,0,0
sh600649,0,0,0
sh600576,0,0,0
sh600300,0,5626,0
sh603127,228,194,0
sh601018,0,17937,0
sz002682,0,0,0
sz002355,6922,3522,0
sh600560,0,0,0
sh600758,0,0,0
sz000973,0,4045,0
sh600595,2208,5650,0
sz002406,0,0,0
sz002193,0,0,0
sz002902,882,1208,0
sz000430,0,0,0
sz002705,1000,0,0
sz300431,5909,14336,1695
sz300552,0,0,0
sh600584,37581,53934,519
sz002801,0,0,0
sz300269,0,2248,0
sz000607,0,0,0
sz002094,0,0,0
sz002210,3050,2097,0
sz300418,524,6895,0
sh600892,0,0,0
sz002390,4035,16020,0
sz300360,0,1425,0
sz000584,1010,0,0
sh603696,0,0,0
sh601010,0,0,0
sh603997,0,0,0
sh600988,126088,90379,10233
sh600255,0,7774,0
sh600783,1577,0,0
sh600385,0,0,0
sz002745,0,0,0
sh603813,389,0,0
sh603363,3946,9585,0
sz002206,0,0,0
sz002838,0,0,0
sh600173,0,0,0
sh600355,0,0,0
sz300407,0,0,0
sz300498,13698,28079,0
sz000639,0,2434,0
sz002013,6993,0,0
sh603659,2373,601,424
sh600069,19080,7491,0
sh600397,0,0,0
sz300306,0,0,0
sz300235,0,0,0
sz300709,0,608,189
sz000008,18206,1652,0
sh603100,0,0,0
sh600313,3300,0,0
sz000756,0,0,0
sh603358,0,0,0
sz002099,0,0,0
sh600675,0,0,0
sh601019,2744,5055,0
sh603990,0,0,0
sh600120,412,1508,0
sh600615,0,0,0
sh603977,0,0,0
sz300353,0,845,0
sz002539,0,0,0
sz300546,0,0,0
sh600071,0,0,0
sh603887,0,0,0
sz002287,0,0,0
sh600011,31884,30294,0
sz000955,0,1733,0
sz300107,0,0,0
sh600466,9466,7918,0
sz300199,940,0,0
sh601231,4776,7486,0
sh600033,3488,3377,0
sz300147,7893,1196,0
sz002124,0,0,0
sz300707,575,589,0
sh603398,0,0,0
sz002919,0,0,0
sh603089,0,0,0
sh600387,0,0,0
sz300486,0,0,0
sz002678,0,0,0
sh603308,0,2219,0
sh603078,0,0,0
sz002513,0,0,0
sh600359,0,0,0
sz002866,0,0,0
sz000948,0,0,0
sz002387,915,601,0
sh601898,0,15425,0
sz300285,1983,3547,0
sh600358,0,0,0
sz300627,0,0,0
sz000567,6648,4862,514
sh600117,0,10378,0
sz300365,0,0,0
sh603869,0,0,0
sz000915,400,1776,0
sz002628,0,0,0
sz000777,0,0,0
sh600673,13721,4839,0
sh600158,1000,1513,0
sz300178,0,0,0
sz300502,442,1436,0
sz000737,0,0,0
sz300369,2753,0,0
sz002175,2000,3300,0
sz002544,0,0,0
sz002030,0,1000,0
sz300689,0,0,0
sz002698,0,0,0
sh600121,0,9090,0
sh600027,0,17224,0
sh600642,4585,23628,0
sz002286,0,0,0
sh600538,0,0,0
sz000797,2001,6136,0
sh600624,0,0,0
sh600060,7324,15566,0
sz002365,1969,4734,626
sz300559,0,0,0
sh600290,1897,2203,0
sz002503,0,1960,0
sh601689,408,500,0
sz002054,24829,13271,0
sz300241,1186,6961,0
sz002180,0,0,0
sz300606,0,0,0
sh600061,0,0,0
sh603139,0,0,0
sh603660,0,0,0
sh603883,643,792,0
sz300511,0,0,0
sz002409,0,3193,0
sh600769,0,0,0
sz002509,0,1201,0
sh600109,5651,14001,0
sh603377,8671,736,0
sh601006,46535,31379,0
sz300516,0,0,0
sh600110,4481,26741,1207
sz002519,0,0,0
sh600841,0,2055,0
sz002354,2530,10253,0
sz002274,0,0,0
sz300462,7249,6552,0
sz000048,0,0,0
sz300254,0,0,0
sh603229,0,0,0
sh600880,0,0,0
sz300538,0,0,0
sz002554,0,0,0
sh601882,0,0,0
sh603616,1002,1012,0
sz000863,0,0,0
sh600978,0,1186,0
sz002522,0,1478,0
sz002730,0,1591,0
sz000573,0,4521,0
sh603912,1879,1324,0
sh600550,0,0,0
sh600976,0,2583,0
sz300549,0,0,0
sz300323,1938,4342,0
sh601633,0,4154,0
sz000791,0,0,0
sz002295,0,0,0
sz000736,0,0,0
sh600577,0,0,0
sz000606,0,0,0
sz002077,1736,2527,0
sz000726,0,0,0
sh600008,30652,30649,0
sh601118,18721,0,0
sz002434,0,4787,0
sz000821,0,0,0
sh600483,0,1730,0
sz300608,0,0,0
sz002222,10143,42759,2796
sh603383,0,265,0
sz002214,3477,7044,0
sz300461,0,0,0
sz000952,1010,0,0
sz002133,0,0,0
sh600618,0,0,0
sh600271,27877,25830,485
sh603083,526,309,0
sh600246,0,0,0
sz002886,300,0,0
sz300626,0,0,0
sz002176,10561,32102,0
sz002373,716,7341,1004
sh601000,2109,77388,0
sz002062,6939,0,0
sh600573,0,1400,0
sh600824,0,0,0
sh600020,0,11512,0
sz300358,0,0,0
sz300174,0,1494,0
sh601811,0,0,0
sz002320,1155,2014,0
sz000809,0,3500,0
sh601607,2603,8891,0
sz002216,0,0,0
sh601388,4458,3981,0
sz000800,3631,1041,0
sh600229,0,0,0
sz002162,0,0,0
sz000779,0,0,0
sh603826,805,0,0
sh603010,4801,1069,0
sz002670,500,0,0
sh600654,0,2447,0
sh600438,76417,100266,3341
sz000603,0,0,0
sz300014,1215,7164,0
sz000652,0,0,0
sz002578,2900,12700,0
sh603848,1708,613,0
sz002841,0,147,0
sz002372,3529,2036,0
sh600558,0,8773,0
sh600581,15649,42629,3765
sz300158,0,0,0
sz002531,8049,1735,0
sh603015,0,0,0
sh603599,0,0,0
sh603903,0,0,0
sz002143,9888,931,2806
sh603601,0,0,0
sz002677,0,0,0
sz002047,7697,5364,0
sz000531,0,0,0
sz000415,0,2003,0
sz002877,0,0,0
sz002110,31591,27986,6926
sz300115,11720,9556,0
sz300633,594,0,0
sz002859,0,440,0
sz002880,0,0,0
sz000659,0,0,3126
sz300543,0,0,0
sz002799,2569,0,0
sz002685,0,11104,0
sh600064,0,0,0
sz000922,0,0,0
sz002668,0,0,0
sz300342,0,1387,0
sz300725,6315,4620,2161
sz300683,0,0,0
sz002626,1758,2715,0
sz002775,3226,3089,850
sh600327,0,0,0
sz000418,0,735,0
sh600599,0,0,0
sh600139,0,0,0
sh600066,5395,7804,0
sz002154,10931,0,0
sh601007,0,0,0
sz002863,6275,5948,2242
sh601919,3279,11742,0
sh600333,74588,74250,9073
sh600429,0,0,0
sz002510,0,5444,0
sz002166,0,0,0
sh600981,0,0,0
sh600900,48979,77778,0
sh600231,13582,8391,0
sh600405,0,3000,0
sh600543,0,0,0
sh603556,0,0,0
sz002577,0,0,0
sh601718,1742,2925,0
sz300719,1363,0,0
sz300576,0,0,0
sh600750,0,2143,0
sh603877,0,0,0
sz300434,0,0,0
sh600035,2000,0,0
sz300294,0,0,0
sh600850,0,761,0
sz300043,0,0,0
sh600284,0,0,0
sh603838,0,0,0
sz002881,0,0,0
sz002883,0,0,0
sz300331,0,1680,0
sz300598,0,0,0
sh600166,0,27810,0
sh603689,53566,67411,18235
sh603917,0,0,0
sh600613,0,0,0
sh603861,0,0,0
sz300273,4188,1867,0
sz002449,1546,0,0
sh600535,590,2942,0
sz000937,4669,18754,0
sz002602,664,1150,0
sz000027,1706,7807,0
sh603041,0,0,0
sz002707,0,0,0
sh600705,37127,96705,0
sh603568,0,0,0
sh600979,0,9810,0
sz002782,0,0,0
sz002766,0,0,0
sz300291,1500,0,0
sz002728,0,0,0
sz002200,0,0,0
sh603856,0,0,0
sh600658,0,0,0
sz300163,0,0,0
sh601949,4599,2200,0
sh603159,0,0,0
sz300168,925,6280,0
sz002239,0,0,0
sz000878,8002,9567,0
sz300535,0,0,0
sz300582,0,0,0
sh600789,0,1418,0
sh600795,46599,70960,0
sh600262,0,0,0
sh600578,22659,0,0
sh603788,0,0,0
sh600221,84438,42174,0
sz000166,1955,19939,0
sh603098,618,0,0
sz000551,0,0,0
sz002304,3830,2664,207
sz300433,8695,18478,0
sh603829,0,0,0
sz300612,10275,7743,322
sh600175,4000,6238,0
sz002276,0,2730,0
sh600152,0,0,0
sh600546,2310,5876,0
sh601500,0,0,0
sz002770,0,0,0
sz002849,0,0,0
sz300211,0,0,0
sh600115,129197,203578,0
sz000989,0,0,0
sz002374,0,4018,0
sh600425,0,0,0
sz002517,62681,42884,10864
sz300137,1670,2101,0
sh600319,0,1000,0
sz002455,1385,0,0
sh600339,13691,25114,1918
sh603558,0,0,0
sh603855,0,0,0
sz002646,940,0,0
sz300477,3273,7862,1800
sz300316,37910,42068,4340
sh600006,0,6887,0
sh603787,0,0,0
sz002073,0,0,0
sh603600,0,0,0
sh600871,6095,3982,0
sh600352,111967,143643,0
sh603180,0,279,0
sh600754,0,1166,0
sh600086,42316,6575,0
sh600193,0,0,0
sh600373,683,3370,0
sz002362,578,4047,0
sz002293,3146,1062,0
sz000002,122803,99832,6983
sh603043,0,604,0
sz002664,3602,2100,0
sh600222,1968,2000,0
sh600269,2000,6880,0
sz002132,2029,6765,0
sz000731,6766,0,0
sz000090,2015,3690,0
sz300539,0,0,0
sz002236,47170,68083,1073
sz002383,1961,13017,0
sz002378,0,0,0
sh603528,0,0,0
sh600029,242899,174239,20658
sz002916,0,324,0
sz002140,0,0,0
sh600601,0,0,0
sz000920,0,0,0
sz300414,0,0,0
sh603260,4735,2402,0
sh601011,30004,33055,0
sz002432,0,1076,0
sz300103,780,0,0
sh600858,0,0,0
sh600508,0,0,0
sz000597,1944,860,0
sh600998,0,0,0
sh601789,0,2248,0
sz300382,19818,1461,1600
sz000036,1201,3136,0
sz300024,4789,8924,549
sz300193,0,0,0
sz000651,117390,107882,10138
sh600190,0,0,0
sz002847,0,0,0
sz000070,0,0,0
sz300636,0,0,0
sh601968,0,0,0
sz300652,0,0,0
sh603603,0,0,0
sz002266,0,5003,0
sz000713,0,0,0
sz000586,0,0,0
sz002817,0,0,0
sz002448,0,0,0
sh600275,0,0,0
sh603612,1570,2778,314
sz000910,3316,4117,0
sz300312,18410,5997,0
sh600800,1701,3467,0
sz002641,0,0,0
sh600098,7700,8269,0
sz002624,1417,3318,0
sz002307,0,900,0
sz002721,16818,4681,0
sz300232,0,0,0
sh600127,0,0,0
sz300695,0,0,0
sz000635,0,0,0
sz002182,3955,2489,0
sh603076,0,0,0
sz300238,2158,1172,901
sz002829,0,0,0
sz300515,0,0,0
sz300083,10618,0,0
sz300099,0,0,0
sz000040,772,0,0
sh603027,563,0,0
sz000572,0,6098,0
sz002111,0,0,0
sz002250,0,0,0
sh600311,13554,0,0
sz000612,0,0,0
sz300547,0,0,0
sh600000,15078,28245,0
sh603799,20645,15225,2303
sz300295,0,784,0
sh600326,2658,6309,0
sh600382,0,3396,0
sz002861,0,501,0
sh600761,0,0,0
sh600089,36000,55898,0
sh600787,2896,6810,0
sh600785,0,0,0
sz300267,7711,15003,0
sh600977,0,6619,0
sh600268,0,1884,0
sh600697,0,4799,0
sz002608,0,0,0
sz002207,6342,1261,0
sz300210,0,0,0
sh600180,0,0,0
sh600559,4015,10451,0
sz002687,17390,7780,0
sz300207,2568,16271,0
sz300410,0,0,0
sz000532,0,0,0
sz002535,0,0,0
sh603991,0,0,0
sz300716,0,0,0
sh600408,0,0,0
sz300468,708,2480,0
sh603050,0,0,0
sz300195,0,0,0
sz000665,0,0,0
sh603199,0,0,0
sz300529,0,0,0
sh600860,0,0,0
sh600280,0,5388,0
sz002414,0,0,0
sz002303,0,5051,0
sz300047,0,0,0
sz002192,411,1439,0
sh600691,30938,74828,0
sh603333,0,0,0
sz000156,0,3181,0
sz002891,0,0,0
sh600819,0,0,0
sz002134,0,0,0
sh600610,0,0,0
sz300605,0,0,0
sh600251,0,0,0
sh600238,0,0,0
sz300437,0,0,0
