sz002067,2176,2176,0
sz000636,254110,170159,832
sz002498,0,0,0
sz002679,0,0,0
sh600338,1000,1518,5197
sz002536,870,0,0
sz002853,0,466,0
sz000888,3269,3207,0
sh603963,0,0,0
sh603268,0,0,0
sz000501,0,0,0
sh603677,0,0,0
sz002303,0,0,0
sz002091,0,0,0
sz000691,0,0,0
sz300691,387,132,0
sh600130,12975,8637,0
sz002845,1017,0,0
sh600052,0,0,0
sh600778,0,0,0
sz002633,1057,10057,0
sh603015,0,0,0
sh603500,0,0,0
sz002201,3044,0,0
sh603181,0,0,0
sh600714,0,0,0
sz002909,2473,1093,0
sz002379,0,0,0
sh603676,0,0,0
sz300397,0,1038,0
sh600592,0,0,0
sz002115,1352,0,0
sh600333,0,1541,0
sh600590,0,0,0
sz000529,0,0,0
sz300282,0,0,0
sz002855,0,0,0
sz300457,392,0,0
sh600830,7381,4109,0
sz000048,1000,0,0
sz002564,0,0,0
sh603888,0,597,0
sz002200,0,0,0
sz002166,0,0,0
sh601857,43923,33723,0
sh603919,0,549,0
sh600252,0,4953,0
sz000012,11991,17885,0
sz300254,0,0,0
sz002309,18168,10255,0
sz300723,2701,1306,0
sz002699,1200,2000,0
sz300324,3441,5017,0
sh603000,0,0,0
sz300630,138,138,0
sh600759,3076,2709,0
sh600516,143515,142054,15705
sz300553,0,0,0
sh600881,25283,12963,0
sz300555,0,0,0
sh600056,1400,551,0
sh600635,0,0,0
sz002457,14519,5620,0
sz002019,15376,10115,0
sh603711,7130,4870,2276
sh600892,4858,0,0
sz300650,0,0,0
sh600428,0,0,0
sz300310,2530,7600,0
sh600701,0,1000,0
sz002074,4161,6356,0
sz002910,1802,4630,0
sh600755,8217,12409,0
sz300611,0,0,0
sz300406,0,0,0
sh600213,0,0,0
sz000420,20825,21714,0
sh600876,0,0,0
sz002101,689,0,0
sz300172,3361,0,0
sz002029,0,0,0
sz000005,0,0,0
sz000683,0,30036,0
sz000037,0,0,0
sh601339,0,0,0
sh603037,0,0,0
sz002440,7582,17848,0
sz002245,59282,34438,1045
sh603222,0,0,0
sz002620,0,0,0
sz002411,858,0,0
sh601628,8896,11517,0
sz002901,887,427,0
sh600202,0,3000,0
sz002281,28704,23687,775
sz002369,19500,0,0
sz300543,0,0,0
sh600865,0,0,0
sh600331,0,0,0
sz300248,0,1886,0
sz002105,0,0,0
sh600288,1535,2192,0
sz001979,3620,18341,0
sz002351,0,0,0
sh600979,0,0,0
sz002362,2640,8479,0
sh600222,1930,0,0
sh600533,0,0,0
sz002570,0,4816,0
sh600889,0,0,0
sh601996,0,0,0
sz300678,2240,1870,0
sz300587,0,0,0
sz300575,0,0,0
sz002036,15791,22166,561
sz002602,0,1000,0
sh603116,0,777,0
sz000883,0,0,0
sz300697,485,0,0
sz002513,0,0,0
sz300136,45660,38083,2679
sh603826,0,0,0
sz001896,0,0,0
sh603083,2735,805,0
sz002202,552705,213363,15079
sh603758,0,780,0
sh600515,2358,5471,0
sh600637,1600,985,0
sz002348,0,0,0
sz002317,7189,11148,2998
sh600961,0,0,0
sz002588,0,0,0
sh603667,0,0,0
sh600795,32877,62715,0
sz002646,0,0,0
sz000973,2215,0,0
sh600448,0,0,0
sz002785,0,0,0
sz300073,3369,2594,0
sz002199,0,0,0
sz300481,0,0,0
sz002818,0,0,0
sz000816,0,12202,0
sh600072,0,0,0
sh603886,0,0,0
sz000828,6483,19813,0
sz000514,0,0,0
sz300546,0,0,0
sz002733,0,789,0
sz002499,0,0,0
sz300122,13302,19382,0
sz002850,0,0,0
sz000919,0,0,0
sh601007,0,0,0
sz002212,9400,10855,7916
sz300360,949,0,0
sh603005,8228,2963,0
sz000777,939,939,0
sz000917,0,0,0
sz002014,1747,1747,0
sz002100,1453,0,0
sz002697,6488,14158,0
sz002822,0,0,0
sh600598,3210,5081,0
sz002144,0,0,0
sh603029,0,0,0
sh603825,0,0,0
sz300511,0,0,0
sh601398,513862,484428,0
sz000752,0,0,0
sh600997,4932,2000,0
sz300484,0,0,0
sz300470,0,0,0
sz000966,0,0,0
sz002064,23123,21544,0
sz000593,0,0,0
sh600216,5085,18136,0
sh600067,0,2000,0
sz300688,227,430,0
sh600728,3364,3756,0
sh600463,2011,0,0
sz300183,13369,3755,482
sh600883,0,0,0
sz002140,0,2000,0
sh603099,0,0,0
sz000928,0,0,0
sh603036,0,0,0
sz002292,757,0,0
sz300548,229,0,0
sh600176,18449,6742,0
sh600209,2314,7685,0
sz000571,0,0,0
sh601939,211670,85980,1637
sz002561,0,0,0
sh600661,490,1494,0
sh603011,0,0,0
sh603197,0,0,0
sh603920,0,0,0
sh600220,0,4355,0
sh600604,4424,5740,0
sz002295,0,0,0
sz000023,0,500,0
sz300097,2645,2704,0
sz002674,0,0,0
sz000761,10656,24940,0
sh600310,0,0,0
sz300210,0,0,0
sh603363,0,0,0
sh600518,8474,5898,0
sz002630,0,0,0
sh600555,0,0,0
sz300394,1190,0,0
sz002461,0,0,0
sz300249,0,0,0
sh600099,0,0,0
sz000043,0,5610,0
sh603801,0,0,0
sz000716,0,0,0
sz000850,0,0,0
sz002533,0,0,0
sh603811,0,0,0
sh600113,1197,0,0
sh603328,1000,0,0
sz300005,2901,0,0
sz000538,3943,4559,102
sz300447,0,0,0
sh600775,3827,0,0
sz002727,0,0,0
sz002532,0,0,0
sz300496,4882,3076,0
sh600562,0,0,0
sz002387,0,0,0
sz300168,9014,12867,0
sh600851,1503,3416,0
sh600835,27385,16973,900
sz300065,1345,671,0
sz002798,0,0,0
sz002452,0,0,0
sh600006,0,2596,0
sz300539,0,0,0
sz300318,0,0,0
sh600312,0,0,0
sz300417,0,0,0
sh600079,2554,0,0
sz300290,3969,12618,0
sz000014,1728,1728,0
sh601997,3244,3155,0
sh603608,0,0,0
sz300309,0,0,0
sh603839,0,0,0
sz300577,0,0,0
sh603882,0,0,0
sh603767,0,0,0
sz002842,0,0,0
sz300666,5255,3817,830
sz000046,1475,4229,0
sh603589,2095,384,0
sh600550,0,0,0
sz002208,0,0,0
sh603085,900,0,0
sz300402,0,0,0
sz300303,3328,3328,0
sz002618,1836,3031,0
sz000573,0,0,0
sz002645,0,0,0
sz300637,0,0,0
sz002612,0,1800,0
sz300135,0,0,0
sh601127,0,0,0
sz002407,7815,10656,0
sh600678,0,0,0
sh603166,0,0,0
sz002132,15571,12666,0
sz300116,0,6318,0
sh600511,1758,0,0
sz002321,92863,43275,10620
sz002183,5797,13626,0
sh603605,0,505,0
sz000878,3647,967,0
sz002860,0,0,0
sh600965,0,0,0
sz300571,0,213,0
sz300025,3471,13785,0
sh600538,0,0,0
sz002530,0,0,0
sh600872,10706,557,2001
sh600825,9770,10536,0
sz002608,0,2000,0
sh603226,0,0,0
sh600487,88740,59513,3207
sz002872,0,0,0
sh603086,0,0,0
sh603808,0,0,0
sz002715,0,700,0
sz000758,6404,1844,0
sz002384,15441,15823,0
sz000418,2041,3554,0
sz002527,0,0,0
sh600919,43515,114131,0
sz300551,834,0,0
sh600208,60652,131573,0
sz002175,4715,5448,0
sz002174,0,4743,0
sz002693,0,0,0
sh600233,1301,0,0
sz000063,652593,559714,44343
sh603319,0,0,0
sz002869,0,0,0
sh600532,0,0,0
sz300436,0,0,0
sh603108,0,0,0
sz000949,0,0,0
sz300023,0,0,0
sz000951,5982,2897,0
sh600189,1600,0,0
sz300675,825,0,0
sh601968,0,0,0
sz300441,0,0,0
sz002133,0,0,0
sh600088,800,912,0
sh600548,0,0,0
sz000839,78197,84885,0
sz002690,4819,5956,0
sz000953,1559,9577,0
sz002632,0,0,0
sz002899,0,988,0
sz300150,0,0,0
sh603668,0,1282,0
sz002063,993,0,0
sz002127,2633,833,0
sz002266,27206,15290,0
sz000721,0,0,0
sz300416,800,0,0
sz002062,0,0,0
sz300510,0,0,0
sz000825,12473,9882,4759
sh601579,0,932,0
sh600817,0,0,0
sh603912,1606,995,0
sh600567,24625,46359,0
sh600139,0,0,0
sh600821,1500,0,0
sh603987,0,0,0
sz002479,6742,1285,0
sh603838,0,0,0
sz300514,0,620,0
sz002427,4286,4983,0
sh603008,0,0,0
sh601519,6600,0,0
sz300465,0,0,0
sh601009,2999,5900,0
sh603321,0,0,0
sh601966,0,0,0
sz002903,797,0,0
sz002017,0,0,0
sz002825,0,0,0
sz000729,103582,42337,1873
sz002305,2994,2994,0
sh600381,0,0,0
sh600581,18181,31428,0
sz002259,2045,0,0
sz300540,0,0,0
sz002848,0,0,0
sz002558,4600,330,0
sz000666,2082,3000,0
sz300179,0,0,0
sh603536,0,0,0
sz002176,36122,35473,0
sh600741,16460,8434,979
sz002656,6814,0,0
sz002856,4651,8129,0
sh601689,0,0,0
sz300170,39630,7644,0
sh600255,0,13667,0
sh600738,0,0,0
sh600742,0,0,0
sz000049,832,1698,0
sh603937,1057,568,0
sz300478,0,0,0
sz300072,32815,18594,298
sh600897,0,0,0
sh603843,0,0,0
sz002537,3044,0,0
sz300252,624,0,0
sz002451,1771,1235,0
sz000425,494173,442925,10619
sh600884,8991,9505,0
sz300307,0,0,0
sz300082,0,0,0
sh603138,25916,14394,1570
sh600523,0,0,0
sz300421,0,0,0
sz300727,57031,15868,5896
sh603928,0,0,0
sz300384,0,0,0
sz000560,0,0,0
sz002052,1893,0,0
sz000965,6000,0,0
sh600361,0,0,0
sz002882,0,0,0
sh603001,0,0,0
sz300683,400,0,0
sh601211,34239,44739,630
sz300561,476,476,0
sh603067,2000,0,0
sz300113,20335,22400,1020
sz000697,653,0,0
sh600372,1900,1000,0
sz002299,5765,4151,0
sh600739,1783,3586,0
sz002024,189265,149661,1250
sh600528,0,971,0
sh603996,0,2177,705
sz002068,33447,13608,0
sh600064,0,0,0
sz000799,5804,1258,0
sh600790,0,0,0
sh600262,2332,472,0
sz300171,0,0,0
sh603823,0,0,0
sh600857,0,0,0
sz002455,17607,21654,0
sh600399,0,0,0
sz002244,23835,19585,0
sh600662,0,0,0
sh600846,27063,29095,1241
sz300693,0,282,0
sh600862,0,1000,0
sh600475,0,0,0
sh603126,0,1260,0
sh603690,1457,606,0
sz002412,0,0,0
sz002779,0,0,0
sh603331,0,0,0
sz002238,2000,0,0
sz002775,0,0,0
sh601100,4658,3760,0
sz300197,9299,7948,0
sz300343,0,0,0
sz002836,971,0,0
sz002717,3159,3439,0
sz000516,0,0,0
sz300512,0,0,0
sz002217,26021,42416,0
sz300359,8029,4201,1200
sh601069,822,0,0
sh600723,0,0,0
sz300204,0,0,0
sz002626,4524,10509,0
sh600501,0,0,0
sz002793,0,0,0
sz002732,0,0,0
sh600396,0,0,0
sz002016,6542,10243,0
sh600660,16189,6642,0
sh603533,1830,829,0
sz002056,34054,34588,2570
sh600570,11406,8964,997
sh603555,800,0,0
sz000901,3041,5466,0
sz300081,3740,1732,0
sz002769,1383,698,0
sz002708,0,0,0
sh600020,0,2249,0
sz002443,0,0,0
sz300110,1794,5609,0
sh603131,0,0,0
sz002218,25781,45488,0
sz002781,0,0,0
sz002126,4338,1276,0
sz300599,0,0,0
sh600416,5361,2952,0
sh603901,0,0,0
sh600679,0,0,0
sz002333,3136,2512,0
sh603580,0,0,0
sz300295,0,0,0
sz002837,627,0,0
sz002196,0,0,0
sz002048,11112,8579,0
sh600837,29522,35973,0
sz002741,3600,838,0
sz002345,4696,966,0
sh603822,0,0,0
sz002008,97706,74672,4776
sz002448,0,0,0
sz000881,2302,2302,0
sh600429,0,0,0
sh600283,1656,5783,0
sz002337,0,1826,0
sz300570,18955,37770,0
sh601188,8612,11170,0
sz300385,0,0,0
sz002767,0,0,0
sh601881,7806,10669,0
sz000021,14818,40171,1094
sh600507,8833,18777,0
sz000869,6257,1638,0
sh601038,0,0,0
sh603078,860,526,0
sh600611,2000,0,0
sz002118,6695,12018,0
sh600393,0,0,0
sz000756,0,0,0
sh600545,0,2973,0
sz300595,0,0,0
sh600319,0,0,0
sz000066,6716,8504,0
sz002753,920,0,0
sh603816,300,552,0
sz300709,1214,193,0
sz002255,0,3998,0
sh600718,1707,0,0
sz000895,36466,32871,1918
sz002538,2240,10730,0
sz002093,0,1628,0
sz300616,0,0,0
sz000157,28093,17459,0
sz300462,1357,1050,0
sh601288,268013,333741,0
sh600329,0,685,0
sh600123,6148,0,0
sz000521,0,0,0
sz000099,0,3060,0
sz002396,35467,24725,0
sz000603,0,0,0
sh600768,1343,0,0
sz300438,0,0,0
sz002873,400,0,400
sz300035,0,4033,0
sz002651,0,0,0
sh601377,10213,25435,0
sz300327,1103,0,0
sz000892,0,0,0
sz000568,41358,28890,2397
sz000936,50232,76077,0
sz002598,0,0,0
sz000059,8485,10601,1311
sz002097,0,0,0
sz002318,0,0,0
sh600015,29881,25909,0
sz002906,0,0,0
sh600549,8308,8091,692
sz000705,0,0,0
sh600807,47465,62846,0
sz300681,0,0,0
sh601258,18940,0,0
sz002681,2164,0,0
sz300066,3497,3497,0
sz300326,0,0,0
sh600888,0,0,0
sz300190,0,0,0
sh600496,12141,0,0
sz002664,468,468,0
sz002560,0,0,0
sz300330,0,0,0
sz000667,8000,0,0
sz002546,0,0,0
sz002232,0,1130,0
sz000912,2271,0,0
sz300671,1010,0,0
sh603669,0,0,0
sz002288,0,0,0
sz000090,3968,3952,0
sz002456,233608,235896,5610
sz002780,0,0,0
sz002503,7840,4015,0
sh603557,0,992,0
sz300433,34443,36262,1547
sz002458,28341,12443,525
sz002371,22939,23793,1299
sz002450,21119,36711,501
sz002136,0,0,0
sh600823,5062,4903,0
sz300068,0,0,0
sz300388,5517,4263,0
sz002827,0,0,0
sz002380,0,0,0
sh600206,222429,172719,17607
sz300472,0,0,0
sh600033,0,0,0
sz300108,0,0,0
sz002778,0,0,0
sz000987,0,0,0
sh603955,306,448,0
sz300515,0,0,0
sz000026,0,0,0
sh600247,0,0,0
sh603368,0,0,0
sz300661,500,809,271
sz300312,0,0,0
sz002471,0,6000,0
sz002662,0,5101,0
sz002515,0,0,0
sh600219,19696,7886,0
sz000539,0,0,0
sh603567,0,0,0
sz002265,3279,839,0
sh603002,4061,0,0
sh603519,0,0,0
sh600191,0,2834,0
sh603399,0,1451,0
sz000050,23678,15323,0
sz300572,0,0,0
sh600958,5504,1594,0
sz002551,0,0,0
sz002131,0,0,0
sz002302,80368,64415,7062
sz002107,0,0,0
sh603339,0,0,0
sh600009,17159,2371,504
sz300367,17597,12295,1007
sh603917,1783,0,0
sh603799,71219,82059,11326
sz000921,1605,4012,0
sz002040,0,0,0
sh601368,0,0,0
sh600887,221243,141521,7967
sz002743,2075,0,0
sz300012,0,0,0
sz300460,0,0,0
sh600587,1155,0,0
sz000823,12849,16602,4511
sz300336,2728,3742,826
sh603916,0,0,0
sh603880,0,0,0
sh600179,9992,6074,0
sz300048,0,0,0
sz002783,0,0,0
sh603333,0,0,0
sz002902,12309,4546,982
sh600866,0,0,0
sh603416,0,0,0
sz300039,0,0,0
sh601113,0,0,0
sz002624,1632,1384,0
sz002088,0,0,0
sh600651,2080,2446,0
sz002691,0,0,0
sz300732,0,0,0
sh600880,0,0,0
sz000413,187844,89209,0
sz000776,30917,46045,0
sz002807,0,3294,0
sh601618,3011,2526,0
sz002782,0,0,0
sz300056,0,0,0
sz002770,0,0,0
sz002293,1282,1282,0
sz000709,137914,185037,0
sz000543,3002,3002,0
sz002511,1960,0,0
sz000616,0,6000,0
sz300414,0,0,0
sz002185,901442,662308,3788
sz300126,4000,0,0
sz002601,886,0,0
sz300560,3394,0,0
sz300147,0,0,0
sz002812,350,0,0
sz002082,0,0,0
sz000597,12444,10829,0
sz000055,0,0,0
sh603101,0,0,0
sh603978,305,355,0
sz000635,0,0,0
sz002327,0,0,0
sz000100,323047,197462,0
sz002705,2650,0,0
sz000755,6072,19400,0
sz000622,0,0,0
sz300300,1498,893,0
sz300415,2208,772,0
sh603286,0,4104,0
sh600658,1300,0,0
sz002147,4609,979,1825
sz000030,0,0,0
sh601789,2162,0,0
sz300185,37943,16973,0
sz002077,0,0,0
sz002432,0,1189,0
sz300363,1238,1238,0
sh600556,0,0,0
sz000952,0,0,0
sh600691,24579,9745,0
sh600158,0,2083,1001
sh603855,0,0,0
sh601858,0,0,0
sh601929,0,0,0
sh600095,0,0,0
sz002640,7139,3770,0
sz002587,0,0,0
sz000848,1118,1118,0
sz002547,19480,0,0
sz002246,3694,1821,0
sh600730,0,0,0
sz000586,0,0,0
sh600182,0,0,0
sh600732,0,0,0
sh603879,612,0,0
sz002791,0,0,0
sh600459,0,1211,0
sz002669,0,0,0
sz002392,0,0,0
sh600327,0,0,0
sz002400,3944,3482,0
sz000759,2804,7524,0
sh603229,0,0,0
sz002240,1695,1695,0
sz002205,0,0,0
sz002306,12795,17309,0
sz300224,2790,0,0
sz002680,0,0,0
sz300382,3807,0,807
sz002806,0,0,0
sh603499,0,0,0
sh603367,0,0,0
sz000088,1727,10850,1703
sz002830,0,0,0
sh603306,0,0,0
sz000710,0,0,0
sh600201,6145,6723,0
sz002373,13447,10425,0
sz300177,0,0,0
sz300196,0,0,0
sz300518,0,0,0
sh601021,728,307,0
sh601811,0,0,0
sz300537,0,0,0
sz000409,0,0,0
sz002155,8645,1153,0
sh600377,7871,0,0
sz000897,0,0,0
sz002849,0,0,0
sz000723,1525,3033,0
sh600886,2810,8436,0
sh603787,0,0,0
sh600232,0,0,0
sz002684,0,0,0
sz000913,0,0,0
sz000421,0,0,0
sh600704,3101,3419,0
sh601326,0,0,0
sz002153,16399,23021,417
sh600455,0,0,0
sz300124,5460,8833,363
sz000668,0,0,0
sh600240,2252,0,0
sh603038,0,0,0
sh603708,2717,1171,0
sz002322,1250,0,733
sz002524,59138,120522,0
sz300356,0,1467,0
sz300631,0,0,0
sz002492,0,0,0
sz000662,1000,1610,0
sh600536,0,0,0
sz002487,0,0,0
sz002595,0,0,0
sh600663,505,1022,0
sh600520,5125,8015,980
sz002089,0,0,0
sz002606,227124,247489,15730
sz300243,0,0,0
sh600266,5859,2563,0
sh601669,0,0,0
sz002510,35351,88573,0
sh600971,2662,2182,0
sh600336,0,0,0
sz002581,930,0,0
sz300314,0,0,0
sh603856,0,0,0
sz300663,0,0,0
sh600575,0,3977,0
sh600259,404,0,0
sh603997,2031,0,0
sz300366,0,0,0
sz002863,2550,0,0
sh603929,605,3401,0
sz300710,7010,17640,1414
sz000731,0,0,0
sz002213,0,2006,0
sz002666,4400,0,0
sz002228,0,0,0
sz300491,0,0,0
sz002713,0,0,0
sh603260,2280.0,3390.0,249.0
sh600121,0,1923,0
sz000410,0,0,0
sz002264,277329,204067,11609
sz300494,1173,3030,0
sh600420,883,0,0
sz300618,11443,10670,2193
sz300550,346,0,0
sz000525,0,2004,0
sh603861,0,0,0
sz002254,14804,13388,0
sz000682,0,0,0
sz000963,11047,8286,0
sz002430,6885,16735,1576
sz000096,0,0,0
sh600648,0,731,0
sz002813,600,291,0
sz000061,0,8002,0
sh603096,611,0,0
sz002227,671,0,0
sh600236,0,4000,0
sh600403,0,0,0
sz002340,105129,130385,0
sz000613,0,0,0
sz300708,78479,46740,5594
sh600804,13096,35624,0
sz002852,0,0,0
sh600873,3789,4905,0
sz300649,948,278,0
sh601019,884,3706,0
sh603165,1685,1171,364
sz002762,0,0,0
sz300488,0,0,0
sz002685,2148,0,0
sh603299,0,0,0
sh603228,552,444,0
sz300489,0,0,0
sz002726,0,0,0
sz300542,0,669,0
sh600155,0,0,0
sz002359,6276,6276,0
sz000821,0,0,0
sz002614,0,0,0
sz002165,0,0,0
sz300299,0,0,0
sh600085,862,1778,0
sh603050,0,0,0
sz002102,22790,61441,0
sh603041,984,0,0
sz002716,3002,4200,0
sh601318,352790,308278,39536
sh600676,0,0,0
sh603089,0,0,0
sh600053,0,0,0
sz000833,0,0,0
sz002041,3662,1160,0
sz300652,520,0,0
sh600300,0,0,0
sh603508,0,0,0
sh600433,0,0,0
sh603636,0,0,0
sz000796,0,0,0
sz000791,0,0,0
sz002644,0,0,0
sh600387,0,0,0
sh601717,0,2367,0
sh603009,0,0,0
sz002283,12048,2016,0
sz002211,1712,0,0
sz000981,1522,1522,0
sh600217,23458,17444,0
sh600896,0,0,0
sh603908,0,0,0
sh600385,0,0,0
sz300648,0,0,0
sz002010,2703,703,0
sh603043,0,0,0
sz002044,27951,26225,1048
sz002682,0,0,0
sh603058,0,0,0
sz002413,0,0,0
sh600483,0,0,0
sh600624,0,0,0
sh601998,81112,125692,0
sh601882,0,0,0
sh600063,0,4627,0
sz300206,0,0,0
sh600785,0,0,0
sh600750,0,1126,0
sh600793,0,0,0
sz002879,30893,84053,755
sh603979,0,0,0
sz000681,10187,3315,0
sz002389,1386,587,0
sz002841,0,0,0
sz300529,0,0,0
sz002360,0,9062,0
sh603505,0,605,0
sz000605,583,0,0
sh601111,212091,125781,2346
sz002250,0,0,0
sh601002,2577,4013,0
sz002673,32860,37291,0
sh600595,0,2142,0
sz300578,0,0,0
sz000559,5385,6180,0
sh603318,0,0,0
sz002796,0,0,0
sz300141,0,0,0
sh600667,207243,93358,1198
sz002472,0,0,0
sh600104,17180,15768,1002
sz300393,305,305,0
sz002766,0,0,0
sh600316,0,0,0
sz000932,26363,26494,0
sz002460,64437,63771,8525
sz300628,92,189,0
sz300306,596,596,0
sz000786,64130,62963,2804
sz002591,0,0,0
sz002197,26437,7363,1782
sh600976,0,0,0
sh600460,449259,392290,28294
sz002805,0,0,0
sz002251,22728,27424,0
sz000751,0,0,0
sh600073,3293,0,0
sz002695,0,867,0
sz002148,0,1858,0
sh600301,0,0,0
sh600470,0,0,0
sz300178,0,0,0
sz300716,473,0,0
sz002284,0,0,0
sz002404,7658,0,0
sz002490,0,0,0
sz002723,0,0,0
sz000423,3700,2676,0
sz002096,0,0,0
sh603019,18187,22299,2336
sz300288,1032,0,0
sh603993,161059,205131,9338
sh600251,0,0,0
sz300235,895,0,0
sz002531,67389,23707,0
sz002675,4330,3778,0
sz300067,0,0,0
sh600295,6726,7871,3592
sz000877,11417,27926,0
sh603030,0,1694,0
sh603922,0,0,0
sz300387,0,0,0
sh600480,0,762,0
sh603527,0,0,0
sz002209,2241,10241,0
sh603388,1700,563,0
sh603883,189,847,0
sh600260,5492,3365,0
sh603989,0,600,0
sh600671,0,0,0
sh600215,0,3379,0
sh600891,0,0,0
sh603803,0,0,0
sh600628,0,0,0
sz002194,12322,6898,0
sz000801,4518,4518,0
sz002104,5328,3795,0
sz000885,5234,3999,0
sz300153,0,0,0
sz300557,0,0,0
sz002552,0,0,0
sh601058,0,0,0
sz002267,6550,4837,0
sh600760,32010,13488,1044
sz300395,4594,6761,0
sz000887,1194,0,0
sh603003,0,0,0
sh603938,0,0,0
sz002506,47785,36489,0
sz002464,11439,12826,848
sh600580,0,0,0
sh600389,655,1300,0
sz000856,50234,44639,2917
sh601101,2165,0,0
sz000627,26102,18097,0
sh600094,0,2801,0
sh600446,1537,2101,0
sz300365,0,0,0
sz002378,3087,2041,0
sz002876,0,0,0
sh600007,0,0,0
sz002735,0,0,0
sh600228,2529,1000,0
sz000655,0,0,0
sh600839,25328,12361,0
sz002403,0,0,0
sz000060,3000,5324,0
sh600271,12219,16303,646
sh603602,995,318,0
sh600629,0,0,0
sz002593,0,0,0
sz000561,0,0,0
sz300370,0,0,0
sz002773,225,597,0
sz300563,0,0,0
sh601599,5048,1535,0
sz002878,0,0,0
sz300396,0,0,0
sh601375,3849,0,0
sz002586,0,0,0
sz300083,1377,2700,0
sz002459,0,0,0
sh601010,0,0,0
sz300315,29437,46701,0
sh600722,8233,9281,0
sh603026,0,0,0
sh603725,0,0,0
sh600168,0,0,0
sz002331,0,0,0
sh603716,0,0,0
sh603998,0,0,0
sz300626,0,0,0
sz300541,1513,602,0
sz002108,1087,8018,0
sz300095,0,0,0
sz300615,0,1372,0
sz000690,6112,0,0
sz000977,32302,28862,540
sh600335,0,0,0
sh603566,1067,0,0
sh600116,9105,4010,0
sh600128,0,0,0
sz002639,0,0,0
sz300689,645,0,0
sh601799,0,0,0
sz300239,0,0,0
sh603899,3409,0,0
sz002042,9346,5586,0
sz002307,1531,3833,0
sz300222,5222,3422,0
sz000733,5378,6307,0
sh600747,0,0,0
sh600272,0,0,0
sz002397,8691,10091,0
sh601212,0,2003,0
sz300245,3725,3838,0
sh601688,15974,43759,1184
sz300418,58177,76473,6995
sh600241,0,0,0
sz300308,12741,4636,381
sh603559,1278,3150,279
sz300358,0,0,0
sz000510,4000,4000,0
sh600860,0,0,0
sh601878,3445,1135,0
sz300513,915,315,630
sz300283,0,0,0
sh603100,0,0,0
sz300379,1124,1873,0
sz000338,92738,62506,0
sh603686,364,0,0
sz000789,47930,90409,4999
sz000875,0,0,0
sz002703,0,0,0
sh600967,0,4645,0
sz000020,0,971,0
sh603377,0,377,0
sz002750,0,0,0
sh601880,0,20310,0
sz002496,0,0,0
sz300487,0,0,0
sh600136,2756,0,0
sz002190,0,0,0
sz000533,57405,29036,5027
sh600867,7064,3595,512
sz300118,0,0,0
sh601086,0,0,0
sh601238,4238,4499,0
sz002747,0,0,0
sh600966,5005,3870,0
sz002801,0,0,0
sz300700,1117,1873,0
sz300351,0,0,0
sz002571,0,0,0
sh603456,0,0,0
sz300255,0,0,0
sz300040,0,0,0
sz000983,26746,33742,0
sz002069,0,0,0
sh603025,0,0,0
sh600152,0,0,0
sh600000,20083,34070,0
sz000961,4276,23876,0
sz300137,9662,4563,0
sh601169,48084,41335,0
sz000959,2464,8492,0
sz002028,0,0,0
sz002462,0,0,0
sh600305,0,0,0
sh600699,11627,10018,1184
sz000767,0,0,0
sh603233,0,319,0
sh600740,9792,7147,1499
sz002324,0,0,0
sh603313,0,0,0
sh600498,38993,24296,1393
sz002494,0,0,0
sh600816,8150,5661,0
sz002877,0,0,0
sh600303,0,0,0
sz300407,0,0,0
sz300003,6298,3131,1151
sh600978,7659,0,0
sz300409,11470,10784,341
sz300424,972,0,0
sz300464,0,0,0
sh601700,7113,0,0
sz002225,0,0,0
sz300419,2088,2040,0
sz300471,0,0,0
sz300277,1854,0,0
sz000070,0,0,0
sz002749,0,0,0
sh600114,0,2222,0
sz002300,2057,2057,0
sh603076,0,0,0
sz002092,33137,21058,1483
sz002080,0,0,0
sz002599,0,0,0
sz002206,0,4050,0
sh600317,9895,0,0
sh600933,0,0,0
sh600527,0,0,0
sh600719,0,0,0
sz000818,9089,5332,0
sh600153,3156,17175,0
sz000831,2435,898,0
sz300432,0,0,0
sz002347,0,0,0
sz002073,4411,0,0
sz000548,0,0,0
sz300045,8918,4968,0
sh603111,1223,713,0
sh603330,0,0,0
sz002493,31027,16939,3137
sz002221,30149,14147,0
sz002890,0,0,0
sz000062,2016,1530,0
sh600987,0,8391,0
sz000554,0,0,0
sz300202,10473,8525,0
sz000502,0,0,0
sz300340,2178,4030,0
sz300121,0,0,0
sh601163,0,500,0
sh600490,5903,16024,6346
sh600684,0,0,0
sh601958,4191,2217,0
sz000657,0,0,0
sz002889,0,0,0
sz000040,0,0,0
sz300123,0,0,0
sh603040,0,155,0
sh603127,0,0,0
sh600356,0,0,0
sz300114,0,0,0
sz002001,92535,109910,4572
sz300677,10274,31884,292
sz000677,0,0,0
sz000926,14613,8401,0
sz300258,0,0,0
sh600653,0,0,0
sz300076,7631,0,2427
sz300093,0,0,0
sz300006,8093,4491,0
sz300298,0,0,0
sz300107,8327,16244,0
sh603359,0,0,0
sz002316,0,0,0
sh600618,0,0,0
sh601126,0,7881,0
sz300225,12034,912,1000
sh600395,4695,0,0
sh603528,0,0,0
sz000504,13449,48010,1161
sh600018,59064,28703,2219
sz002563,0,0,0
sz002152,0,6986,0
sh600692,0,0,0
sh601137,0,0,0
sz002502,21211,0,0
sz000045,0,0,0
sz002714,5424,7569,0
sz000563,8434,7512,0
sz002239,0,0,0
sh603595,350,0,0
sz000937,6060,0,0
sh600221,207729,155379,0
sz000042,0,0,0
sz300695,155,0,0
sz300606,0,0,0
sz300212,4515,3144,566
sz000596,13565,4163,321
sz002346,852,932,0
sh600243,0,0,0
sh600282,67534,56402,0
sh603918,0,0,0
sh600609,2225,0,0
sh600098,0,0,0
sz300589,0,0,0
sh600163,0,0,0
sh600963,2127,1910,0
sh603515,0,551,0
sz300148,47239,26411,5128
sh600712,0,0,0
sz002119,7004,6705,0
sh603355,0,306,0
sh600613,0,0,0
sz002023,73596,77409,2927
sz300625,0,0,0
sz002702,2290,2290,0
sz300319,4863,1803,0
sh600560,0,0,0
sz002332,0,0,0
sz002279,3439,5170,0
sz002273,14997,36209,0
sz300469,0,0,0
sh603345,0,0,0
sz002004,3793,3793,0
sh603337,201,0,0
sz002800,0,0,0
sz002394,0,3124,0
sz002173,0,0,0
sh601727,1840,0,0
sz002760,8966,21159,414
sh603818,0,0,0
sz300598,0,0,0
sh600600,13022,10143,0
sh600390,0,0,0
sh600808,25457,61591,0
sh603848,38964,71382,5378
sz002325,2070,4200,0
sz300467,3360,3288,0
sz300479,3803,0,0
sz002550,0,0,0
sz000989,3656,2456,0
sh600698,2989,7187,0
sh603269,501,0,0
sh600408,5240,0,0
sz002294,8158,5278,534
sz300139,0,0,0
sh600148,840,0,0
sz000835,9046,0,0
sz300731,0,0,0
sh600476,0,0,0
sz002282,0,0,0
sh600805,2613,2530,0
sz002117,0,902,902
sz000617,0,0,0
sz300445,0,0,0
sz300028,2000,0,0
sz300698,2377,874,0
sz300268,7754,4626,0
sz002009,4878,1576,0
sz300173,0,0,0
sh600011,6000,2008,0
sh603728,0,0,0
sz002688,0,0,0
sz002483,0,0,0
sz300347,6572,3308,0
sz300201,0,0,0
sh600689,0,0,0
sz300405,0,0,0
sh600419,0,0,0
sz002447,2995,9695,0
sh600461,0,0,0
sh603380,0,0,0
sz002409,17102,11311,0
sz300004,0,0,0
sh603183,0,0,0
sz300374,1780,0,0
sh600322,4122,0,0
sz000018,0,0,0
sz300581,0,0,0
sz300531,0,0,0
sz300018,0,0,0
sh600850,0,0,0
sz300665,0,0,0
sh603959,0,402,0
sh600758,0,2085,0
sz002582,0,0,0
sz002635,5428,10147,0
sh603179,0,0,0
sh600984,1551,0,0
sz300209,0,634,0
sz300259,6000,0,0
sz002790,0,0,0
sz000792,84863,85418,1662
sh600086,0,1162,0
sz002116,0,0,0
sz300182,49207,7455,0
sh603169,0,0,0
sh600874,10744,4651,0
sz300633,543,0,0
sh603098,0,597,0
sh600170,15640,44006,0
sh603661,0,0,0
sz000663,633,0,0
sz000408,1240,2454,0
sh603398,0,0,0
sz002065,12105,10572,0
sz002262,6092,2264,0
sh600522,124990,202422,7481
sz002022,0,0,0
sz300297,0,0,0
sz002881,0,680,0
sh600077,0,0,0
sz300033,0,1017,0
sz300273,0,0,0
sh603985,0,0,0
sz002159,0,0,0
sh600792,2604,0,0
sz002150,0,0,0
sz300017,34064,34947,0
sz300218,0,0,0
sz300430,0,0,0
sz300169,19485,53316,2020
sh600405,0,0,0
sh600091,0,0,0
sz002006,0,0,0
sh600551,0,0,0
sh603223,0,0,0
sz300490,0,0,0
sh600885,1318,539,0
sh603660,2163,0,0
sh600731,0,0,0
sh600820,0,2000,0
sz300155,0,0,0
sh600996,0,0,0
sh603336,0,0,0
sz300423,463,463,0
sz300101,19997,15137,1034
sz300667,0,0,0
sh600585,84080,101608,5612
sh600988,0,0,0
sz300016,957,957,0
sz000400,1104,6958,0
sz002668,607,1807,0
sz002847,0,0,0
sh601515,1734,0,0
sz300528,0,0,0
sz300593,0,0,0
sh603316,0,0,0
sz002454,971,971,0
sz000513,6317,4314,0
sz002420,0,0,0
sh603203,0,0,0
sh600479,1750,0,0
sz300233,0,0,0
sz300194,0,0,0
sz002090,1000,0,0
sz002034,0,0,0
sz300264,2422,0,0
sh600586,2649,0,0
sh603813,0,0,0
sz000687,2895,2895,0
sz300125,0,0,0
sz300641,0,0,0
sz002231,1783,0,0
sz000938,4059,3036,1274
sh600118,1025,2248,868
sz002652,0,0,0
sz002505,13953,3681,0
sz002521,0,0,0
sz300213,3101,0,0
sh603133,0,0,0
sh600488,0,0,0
sh603858,0,0,0
sz002573,33040,7456,524
sh603507,800,0,0
sz002274,0,0,0
sz002696,0,0,0
sz002786,11671,9766,0
sz300232,0,0,0
sz300592,0,0,0
sz002895,4595,1645,1120
sh603980,0,510,0
sh600531,0,0,0
sz000868,47752,39857,0
sh600105,0,0,0
sh600512,7734,0,0
sz000595,2635,2635,0
sz002026,0,0,0
sh600456,3794,974,0
sz002672,815,2815,0
sz002609,0,0,0
sh600642,2761,2753,0
sh600834,0,0,0
sh600048,143456,169284,8045
sz300174,0,0,0
sh603926,0,0,0
sh600939,0,0,0
sz002611,1568,0,0
sh600290,17655,4069,0
sh601158,0,4585,0
sz002613,0,0,0
sz002610,282049,353915,24123
sz300653,0,0,0
sh603556,0,0,0
sz000528,5401,9401,0
sz002222,12072,5270,0
sz002429,126138,49804,0
sz300722,862,418,0
sz300538,0,0,0
sz300660,149,149,0
sz002109,0,0,0
sh600831,0,0,0
sz002326,0,0,0
sh601166,93301,102075,700
sh601336,20235,24398,527
sz000570,0,0,0
sh600822,11344,11326,2269
sz002406,0,0,0
sh600183,17582,10438,734
sh600250,0,0,0
sz002643,3404,2457,0
sh600803,8966,21397,0
sh600031,190351,232687,4354
sh600388,13508,6793,0
sz002468,1799,494,0
sz300061,0,0,0
sz002025,13725,4621,0
sz000004,0,0,0
sh600169,0,0,0
sh603881,10751,21131,1247
sz000797,0,861,0
sh603890,0,0,0
sz000955,0,0,0
sz002886,938,946,0
sh601918,11773,0,0
sh603128,0,2716,0
sz000969,7347,2856,0
sz002172,0,0,0
sh603860,0,0,0
sh600765,0,0,0
sz002897,1225,795,0
sz300270,3950,0,0
sz002615,0,0,0
sz000659,0,0,0
sh603730,405,0,0
sz300296,7217,6161,0
sz002838,0,0,0
sz002436,119820,63189,0
sz300062,0,0,0
sh600725,0,0,0
sh603020,0,0,0
sz000813,2512,3903,0
sh600376,0,0,0
sh601155,5841,13113,425
sh603227,0,0,0
sz000599,0,0,0
sz002415,73372,51257,1324
sh600826,0,0,0
sh600101,0,0,0
sz002071,85839,31448,1130
sz300220,0,0,0
sh603679,0,970,0
sz000671,162447,203625,2017
sz300499,0,0,0
sz002734,0,0,0
sz002485,0,0,0
sh603628,0,0,0
sz000976,0,0,0
sh600415,7571,13233,0
sz002242,0,1220,0
sh600066,18250,2574,0
sh601607,783,3664,0
sh600409,18656,25753,0
sh600339,0,0,0
sz002722,3763,744,0
sz300175,9342,15362,0
sh600246,0,0,0
sh601588,0,0,0
sz002787,0,0,0
sz000428,0,0,0
sz002393,0,0,0
sz002129,1934032,1729835,112941
sh600605,0,0,0
sz000838,4213,2230,0
sh600571,1320,4210,0
sh600293,0,0,0
sz002390,2482,7207,0
sz000551,0,0,0
sz300586,6159,11043,358
sh603129,0,0,0
sz300585,0,1404,0
sz002187,0,0,0
sh603768,0,0,0
sz002795,0,0,0
sh600117,0,0,0
sh600908,0,0,0
sz002375,0,0,0
sh600980,0,0,0
sh600234,0,0,0
sh600508,0,0,0
sh600781,674,0,0
sh603648,5023,1836,591
sz002484,0,0,0
sz000039,55331,68315,0
sh600782,35301,37722,3363
sz000882,16202,41657,0
sz002433,0,0,0
sh603022,0,0,0
sh600537,0,6702,0
sz300238,3483,1234,772
sz002114,2000,4333,0
sz000422,3493,3493,0
sh600814,0,0,0
sz002435,0,0,0
sz002660,0,0,0
sh600292,0,0,0
sz002757,0,0,0
sz000550,0,0,0
sz000918,20256,42876,0
sz000591,7050,15448,0
sz000565,0,0,0
sz002446,1044,3276,0
sz300567,172,172,123
sz300668,0,0,0
sz300354,0,0,0
sh603315,0,0,0
sz002811,0,618,0
sh601608,21279,2500,0
sz000651,365432,265353,9148
sh601886,0,0,0
sz300286,0,0,0
sz300267,160447,243437,0
sz300375,0,0,0
sh603898,470,0,0
sh600644,0,0,0
sz000927,0,0,0
sh600238,0,0,0
sz002053,0,0,0
sz300265,0,0,0
sh600540,3000,0,0
sh600552,0,0,0
sh603966,0,0,0
sh600589,0,0,0
sh600421,0,0,0
sh603656,363,0,0
sz300696,0,0,0
sh600489,7100,8827,0
sz300422,4998,0,0
sz300720,485,1341,0
sz002797,259938,203606,2291
sh601611,3200,1359,0
sz002167,0,0,0
sz000859,0,0,0
sz300686,0,0,0
sz002522,3430,2164,0
sh600756,0,0,0
sh600491,1215,3335,0
sh603303,0,0,0
sz000703,61401,38238,1194
sz300532,0,0,0
sh600261,0,0,0
sz002078,12709,0,0
sh601992,51609,84730,0
sh601186,10308,9982,0
sz000150,371,371,0
sz002354,4422,4936,0
sh600992,1969,0,0
sz002893,2968,2110,0
sz002003,4000,0,0
sh603689,0,750,0
sz002761,0,10458,0
sz002130,4130,0,0
sh600547,4082,3675,0
sh600499,14798,29936,1402
sz002438,0,0,0
sz002417,4709,0,0
sh600853,0,0,0
sh600620,0,0,0
sz002113,5128,3370,877
sh600779,7010,3054,2518
sz000488,6098,22417,0
sh600028,130685,102134,0
sh600059,2675,0,0
sz002777,0,0,0
sh600125,1118,5557,0
sz002866,0,0,0
sz300448,0,0,0
sz002597,12821,15894,0
sh600061,0,1157,0
sz000665,0,0,0
sz002258,23188,10826,0
sz002616,38976,7869,1199
sh603158,0,0,0
sz300603,945,0,0
sh600521,9233,14194,1977
sh600193,0,0,0
sz300180,0,0,0
sz000898,68128,38845,0
sz300132,0,0,0
sh603729,175,172,0
sh600269,0,6061,0
sh600869,0,0,0
sh600323,1670,0,0
sh600800,1608,1509,0
sz000625,14509,12194,0
sh603027,0,0,0
sh601333,85143,48873,0
sz300036,0,2000,0
sz000607,0,0,0
sh600517,12942,0,0
sh603079,307,1679,0
sz300284,0,0,0
sh600391,0,0,0
sz002243,0,0,0
sz002658,0,0,0
sz000717,231459,213199,1294
sh603017,0,0,0
sz002039,0,0,0
sz300041,0,0,0
sh603701,0,0,0
sh600811,2942,5751,0
sz300341,0,0,0
sz300138,0,0,0
sz300207,5679,14279,0
sz300635,2161,1440,0
sz002083,0,0,0
sz002445,0,1914,0
sh600588,1479,550,0
sh600559,13267,1278,556
sz300021,0,0,0
sh603088,0,0,0
sh600936,0,0,0
sz002589,854,3554,0
sh603601,0,0,0
sh600639,0,0,0
sh603308,0,0,0
sz300046,14876,15093,709
sh600354,1656,0,0
sz300712,485,0,0
sz300266,541,10188,800
sz002301,16614,9724,0
sz000686,12697,10077,0
sz002746,0,0,0
sh601919,5963,12777,0
sz300584,0,0,0
sh603501,7472,4619,2362
sh600285,0,0,0
sh601116,3015,3430,0
sh600353,0,0,0
sz000978,0,0,0
sz000795,1655,4786,0
sz002320,7026,7504,1009
sh600038,7540,2966,0
sz002488,3785,3785,0
sz000415,19837,14665,0
sh600249,0,0,0
sz300391,0,0,0
sh603859,1185,0,0
sz300506,0,1609,0
sz300669,0,0,0
sh600398,0,1298,0
sh600200,0,0,0
sz300223,24011,11613,2634
sh601107,0,0,0
sh601118,1867,9335,0
sh601098,7696,17135,0
sz002661,1000,0,0
sz002916,0,0,0
sz300527,5800,0,0
sz000802,1905,1544,0
sz300503,0,0,0
sh603006,0,0,0
sz000739,0,0,0
sh600505,0,0,0
sz002788,0,0,0
sz002342,9435,4573,0
sz002330,0,0,0
sz002298,4884,1144,0
sz002233,3683,3633,0
sz300355,106045,108582,1990
sz002191,4532,10742,0
sh603393,0,0,0
sh600895,0,0,0
sh600801,45901,32987,4564
sz002566,0,0,0
sz300442,0,0,0
sh603578,913,0,0
sz300619,544,454,0
sz300509,0,0,0
sz002033,0,0,0
sz300094,0,0,0
sh601015,0,1851,0
sh600606,8649,38209,0
sz000762,698,2301,645
sz300215,0,0,0
sh600422,0,0,0
sz000890,0,0,0
sz002880,0,0,0
sh600235,0,0,0
sz300608,1036,1510,0
sz300160,7072,5012,0
sh600746,0,0,0
sh603586,0,0,0
sz300516,0,0,0
sh601208,1634,0,0
sh600022,211445,219997,0
sz000429,0,0,0
sh601018,0,2001,0
sh601633,11376,3000,0
sh603063,0,0,0
sh600900,9520,12832,0
sz002256,0,0,0
sh600010,106840,77076,0
sh601766,126885,132156,0
sh601985,10275,5019,0
sh600706,0,0,0
sh600370,0,0,0
sz002737,0,842,0
sh601231,8641,13082,0
sh600192,0,0,0
sz002809,519,0,0
sz000732,3000,0,0
sh601666,12563,7403,0
sz000728,12235,12895,0
sh600458,0,0,0
sh600060,0,4155,0
sh600593,0,0,0
sz002574,0,0,0
sz000980,3974,4836,0
sz300651,0,0,0
sh600210,0,10478,0
sz300450,768,2445,0
sz300647,0,0,0
sh603033,0,0,0
sz000587,14079,11758,0
sh600149,0,0,0
sz300199,4078,1466,0
sz002177,0,0,0
sh600119,2715,773,0
sz000908,0,0,0
sz000798,0,0,0
sh600753,3699,1923,0
sz002134,2549,2549,0
sz300466,10394,54019,0
sh600280,6963,1860,0
sz002235,0,0,0
sz300014,12862,13522,1205
sz002352,648,206,0
sh603055,0,0,0
sz002402,10194,3080,0
sh603698,0,0,0
sz000753,0,0,0
sh601328,51375,27951,0
sh603123,0,0,0
sh603320,0,0,0
sz000615,9559,10097,0
sh600132,31495,15861,0
sh600836,0,0,0
sz300549,0,0,0
sh603999,0,0,0
sz300037,0,0,0
sz000065,0,0,0
sz000826,4446,5749,0
sz300335,14559,11004,607
sz002162,0,0,0
sh600199,0,0,0
sz300443,0,0,0
sz002054,2919,3044,0
sh603383,0,0,0
sz300621,0,0,0
sz000600,11287,0,0
sz002161,41403,250689,0
sh600577,2653,0,0
sh603444,0,65,0
sz300164,0,0,0
sh601952,0,1146,0
sz000735,38722,18706,0
sh601388,0,14289,0
sz000880,0,0,0
sh601199,0,0,0
sh600640,642,0,0
sz000552,9966,0,0
sz002277,0,4188,0
sz000581,18323,13039,934
sz300262,0,0,0
sh600298,6047,2344,0
sz300256,28088,11765,1832
sz000809,0,0,0
sh600379,0,0,0
sz300412,0,0,0
sh601390,10466,4088,0
sh603585,0,377,0
sz300658,0,0,0
sz002368,570,0,0
sz002491,1071,3593,0
sz300166,20914,26385,1369
sz000886,0,1500,0
sh600703,62374,56492,1612
sh600720,12196,21743,0
sz002353,3676,2606,0
sz300431,118603,128386,1634
sz000858,153521,145903,6323
sh600844,0,0,0
sz300134,20575,28936,0
sz002539,0,3666,0
sz002401,0,0,0
sh600131,0,0,0
sh600369,6212,27605,0
sz002629,0,0,0
sz300242,0,0,0
sh600070,0,0,0
sh603232,0,0,0
sz002517,11873,9953,0
sz002509,0,1805,0
sh603638,1757,0,519
sh603238,0,0,0
sh600543,0,0,0
sh601011,6589,22220,1281
sz000417,0,0,0
sh600366,0,0,0
sh600135,0,0,0
sz300084,0,0,0
sh600478,1927,1418,0
sz002410,1703,3086,1617
sh603496,0,0,0
sh603611,0,0,0
sz002087,17937,8897,0
sz300390,0,0,0
sz000925,0,0,0
sh600789,0,0,0
sz300474,1827,1342,0
sh603722,276,698,0
sz000760,0,3000,0
sz000656,0,0,0
sz300521,0,0,0
sz002600,112918,112244,0
sz300552,0,0,0
sh601890,0,0,0
sz002774,0,0,0
sz300730,0,0,0
sz300099,0,0,0
sh600133,1410,0,0
sh600062,544,561,0
sh600690,199572,114373,4129
sh603305,408,377,0
sz002826,0,0,0
sz300325,0,0,0
sz000811,1800,0,0
sh601117,29173,26508,0
sz300193,0,0,0
sz300386,0,1482,0
sz300020,3236,4361,0
sh601233,6379,5743,1129
sh601518,0,0,0
sz002341,5790,5465,0
sh600654,0,4485,0
sh601928,0,1930,0
sh600734,0,0,0
sh600277,3225,1620,0
sz000158,2328,0,0
sz000929,0,0,0
sh600080,0,0,0
sh600050,271764,165128,0
sz002486,1777,4000,0
sz002670,8036,8978,0
sh603458,9604,13223,1104
sh600281,2016,0,0
sh603866,0,0,0
sh600223,0,0,0
sh600231,66116,67028,0
sz000002,87109,85967,3745
sh600583,8782,15607,0
sh600275,0,0,0
sh603117,0,0,0
sz300482,0,2080,0
sz002583,13727,10293,2307
sz000631,0,0,0
sz000089,1596,6946,0
sz300311,0,0,0
sz002143,4199,4616,0
sh600462,0,0,0
sh600237,0,0,0
sz000958,4000,0,0
sz300435,700,0,0
sz000899,0,0,0
sz300446,0,0,0
sz300044,1327,738,0
sz300656,0,0,0
sz002399,1286,0,0
sh603157,0,0,0
sz000948,0,0,0
sz002290,0,0,0
sz002748,0,0,0
sh603968,0,0,0
sh600510,0,0,0
sh603023,0,0,0
sh600879,1311,31725,0
sz300034,0,0,954
sz000692,0,0,0
sh603721,0,0,0
sh601677,844,785,0
sz300328,0,0,0
sh601901,1698,1961,0
sh600502,0,5000,0
sz300332,21853,20052,0
sh600311,0,0,0
sz002386,10557,9586,0
sh600167,0,569,0
sz300316,90294,64177,3299
sz002526,0,0,0
sz000990,698,698,0
sz002442,0,934,0
sh600622,512,5700,0
sh603833,0,112,0
sh603518,0,0,0
sz000016,2569,4000,0
sz300639,4379,1965,0
sh603558,0,0,0
sh601908,0,2264,0
sh603278,0,0,0
sh603018,0,0,0
sh603326,0,0,0
sz000537,2600,5008,0
sh600418,0,2000,0
sz002268,79328,21716,2924
sz000010,5372,2000,0
sh600815,0,0,0
sz300145,0,6346,0
sz300052,6980,3356,0
sz300530,0,0,0
sz002210,19381,7486,0
sz002270,2261,0,0
sz002898,0,0,0
sh600643,869,926,0
sz300399,5194,3318,0
sz002285,94237,126279,0
sz002820,0,0,0
sz300657,225,619,200
sz002234,3762,2822,0
sh600452,0,0,0
sh603077,201026,92502,0
sh600058,0,0,0
sz000589,0,0,0
sz300106,0,0,0
sz002846,1639,613,0
sh603386,0,0,0
sz300293,0,0,0
sh600633,1683,0,0
sz002789,0,0,0
sz000906,0,0,0
sz002568,0,0,0
sz002709,331,2625,0
sh603797,1370,0,0
sh600802,0,1486,0
sz300526,0,1800,0
sz002544,1316,0,0
sz000680,5194,7572,0
sz000778,19544,28098,0
sz002858,0,0,0
sz000933,55128,30592,0
sz300130,17616,5102,1092
sz002810,1926,2319,0
sz300301,12859,8240,0
sz002418,0,17324,0
sh600657,0,0,0
sz002768,1060,0,0
sz002908,2107,7547,0
sz002287,0,0,0
sz002045,2011,5339,0
sz002475,103759,105199,2383
sh603300,0,0,0
sh603738,0,0,0
sz002730,0,0,0
sh600495,0,0,0
sh603777,0,0,0
sz002145,12046,0,0
sz000582,0,0,0
sh603896,0,0,0
sz002542,5853,0,0
sz300702,0,0,0
sz000620,0,0,0
sh603958,0,0,0
sh603683,0,0,0
sh600190,0,0,0
sh600127,0,0,0
sz300451,0,0,0
sh603488,3624,0,0
sz000572,9879,5883,0
sz000960,20194,6305,0
sh600016,88867,78842,0
sh600770,75609,25376,0
sh603637,0,0,0
sz002596,4044,2200,0
sz300244,410,804,0
sh600969,0,0,0
sh600089,10921,21116,0
sz300281,0,0,0
sh600858,0,0,0
sh600386,0,0,0
sh600051,0,0,0
sz002742,19619,14523,0
sz000628,1661,1661,0
sh600500,37908,18859,2893
sh600284,0,0,0
sz002557,0,0,0
sh600748,0,0,0
sz002095,1686,1607,0
sh600584,39719,49577,1610
sz002444,11778,16152,0
sz000301,8292,5941,0
sh600809,9528,3350,211
sz000962,2600,0,0
sh603389,0,0,0
sh603568,0,0,0
sz002314,0,0,0
sz002634,2828,0,0
sz002541,0,0,0
sz300377,7939,28405,0
sz002249,1578,8952,0
sz002226,0,0,0
sh603909,0,0,0
sh600506,0,0,0
sz300331,0,0,0
sh603421,0,0,0
sz002099,0,0,0
sz000008,2701,2701,0
sh600561,0,0,0
sh600138,501,878,0
sh600998,1000,0,0
sh600729,0,0,0
sz000567,0,0,0
sz002698,0,0,0
sh600539,0,0,0
sh600981,0,0,0
sh600926,10521,10222,0
sh601366,0,0,0
sz000011,2499,0,0
sh603208,0,0,0
sh600373,3600,4030,0
sz300294,0,0,0
sh600687,55023,23631,1393
sh603726,0,0,0
sz300508,0,0,0
sh600615,0,0,0
sz300228,6756,1201,0
sh603159,0,0,0
sz000639,575,0,0
sz000530,0,0,0
sh600165,0,0,0
sz002388,3023,1256,0
sz300263,8139,5908,0
sz000923,3768,968,0
sz300556,0,0,0
sh600619,0,0,0
sh601898,3057,9904,0
sz300533,0,0,0
sh600791,2581,0,0
sh603703,0,0,0
sz002481,0,0,0
sz002771,0,0,0
sz300449,1375,1375,0
sh600526,0,0,0
sz002736,0,0,0
sz300617,0,0,0
sh600397,0,0,0
sh600917,0,0,0
sh600023,0,6176,0
sh600383,7499,2029,0
sz000915,0,0,0
sz300055,52029,52784,883
sz300154,0,0,0
sz000632,0,0,0
sh600196,21381,16995,935
sh603603,0,0,0
sh600090,0,0,0
sh603139,0,0,0
sz300078,21268,10043,0
sz000982,0,6000,0
sz300029,0,0,0
sh600582,2190,6574,0
sh600425,2947,5346,0
sh603828,0,0,0
sh600573,0,0,0
sh601999,0,0,0
sh603588,0,0,0
sz300507,0,0,0
sz300452,0,0,0
sz002867,2800,0,0
sh600107,5084,3621,0
sz002833,0,0,0
sh600111,34240,19710,0
sh600212,0,1224,0
sz002035,2230,5726,0
sh601012,37363,23828,1628
sh603806,0,0,0
sz002272,0,0,0
sz300230,0,0,0
sh600423,0,0,0
sz000698,0,0,0
sz002308,0,1023,0
sz300304,0,0,0
sh603903,0,0,0
sz300468,0,667,0
sz000670,196243,86260,7356
sz000584,9866,866,0
sz300640,0,0,0
sh601601,39615,35905,5201
sh600103,0,0,0
sz000676,0,0,0
sz300590,22417,26953,2674
sz002870,0,0,0
sz300191,0,0,0
sh600109,5767,12530,0
sh601777,0,0,0
sh603385,1500,0,0
sh600211,0,0,0
sz002252,0,0,0
sh600519,17069,13146,1943
sz300357,0,0,0
sh603031,0,0,0
sz300353,854,0,0
sz002021,0,0,0
sh600352,89884,94812,0
sz300236,22412,17572,2583
sh603619,0,1119,0
sz000679,3000,0,0
sz300229,7895,22310,0
sh603579,0,0,0
sz002261,80927,92656,0
sz002081,41680,15083,0
sh603196,0,0,0
sz002050,117269,63249,0
sz002677,0,2800,0
sh603617,700,0,0
sz002269,0,0,0
sh601988,279347,243405,0
sh600486,1866,552,307
sz000800,6483,11864,0
sz000507,2902,0,0
sh603658,633,1253,0
sz000546,1151,1151,0
sz000001,614960,565553,5628
sz002120,306,306,0
sh600375,0,0,0
sh603600,0,0,0
sh600330,222274,96383,6854
sz000720,0,0,0
sz300493,2347,2223,1239
sh600828,0,0,0
sz000860,0,0,0
sz002236,30326,19160,951
sz000038,1442,0,0
sz000997,31338,27354,933
sz002559,0,0,0
sh600027,2751,0,0
sz002142,40217,22051,0
sz000829,0,0,0
sz002349,0,0,0
sh603665,0,0,0
sz000862,0,0,0
sh603618,0,0,0
sz000920,0,2200,0
sh603369,0,0,0
sz002043,10395,6871,0
sz002449,3618,2648,1002
sz000669,0,0,0
sz000032,0,1800,0
sh600847,0,0,0
sz002248,0,9461,0
sh600302,0,0,0
sh600143,0,4791,0
sh600864,0,0,0
sz300501,0,0,0
sh600614,11961,13704,0
sh603042,0,0,0
sz300368,0,0,0
sz300623,444,146,0
sz002363,0,0,0
sz002158,4895,1032,0
sz000009,10990,3764,0
sz002370,0,0,0
sz000078,8838,31672,0
sz300476,0,0,0
sz300569,0,0,0
sz300705,0,0,0
sz000708,0,4748,0
sh600726,0,0,0
sz002002,31576,0,0
sz002280,4896,4104,0
sh600975,0,0,0
sh600151,0,4015,0
sh600493,0,0,0
sz300378,725,0,0
sh603167,0,0,0
sh603800,0,0,0
sh600326,0,3614,0
sh603199,414,2536,0
sh600578,0,0,0
sh600297,1206,1311,0
sz000830,235892,172183,1975
sh603517,0,0,0
sh601222,10378,4088,1091
sh603569,0,0,0
sz002343,1615,2145,0
sh600959,0,0,0
sz000988,7599,3405,0
sh600401,37445,12416,0
sz002729,0,0,0
sz300389,0,0,0
sz000558,4852,0,0
sz000626,0,3929,0
sz002311,5208,674,0
sh600380,2072,9273,0
sz300588,0,1676,0
sz300279,0,0,0
sh601500,0,0,0
sz300087,3179,3179,0
sz000782,0,0,0
sh600184,0,0,0
sh600812,2246,0,0
sz002816,0,0,0
sz002861,0,0,0
sz300001,0,0,0
sh600097,0,0,0
sz000630,116382,56400,0
sh600141,0,0,0
sz300102,129239,57014,1964
sh601989,61115,33497,0
sz002535,4003,0,0
sz002731,0,0,0
sh600647,0,0,0
sz000633,1518,10518,13000
sz002465,4000,7016,0
sz300231,114089,109489,4283
sz300157,0,0,0
sz300188,20328,16758,3508
sh600195,2696,600,0
sz000807,147671,149713,11063
sz002584,42926,20494,1410
sh600810,0,0,0
sh603577,0,0,0
sz002915,0,0,0
sz002824,1717,0,0
sz300302,2965,0,0
sz300313,0,0,0
sz002840,7947,8634,0
sh600693,0,0,0
sz000785,1854,1854,0
sz000750,8439,22559,0
sh603829,0,0,0
sh603633,0,0,0
sz000506,6836,5836,0
sz002395,0,0,0
sz002247,0,0,758
sz002752,5280,6090,0
sz002603,6657,6129,0
sh603189,0,0,0
sz002038,10464,18101,616
sz300342,0,0,0
sh600071,0,0,0
sz002851,0,0,0
sh601226,0,0,0
sz002728,0,0,0
sz000902,0,0,0
sh600705,33873,52337,0
sz002590,2720,0,0
sz000407,0,0,0
sz002683,0,0,0
sh600608,0,0,0
sz300726,4957,894,1828
sz002182,7247,2296,0
sh600029,263453,152932,6440
sh600603,0,0,0
sz000970,8448,8218,0
sh600848,2061,2011,1007
sz002463,52792,25075,0
sz300100,2000,619,0
sz300535,275,0,0
sz002229,0,0,0
sh603028,0,0,0
sz002917,0,0,0
sh603779,0,0,0
sh601699,38945,30839,1184
sz002835,0,0,0
sz002151,11582,8452,0
sz002865,4333,889,0
sh600481,0,0,0
sh600198,0,3265,0
sz000715,0,0,0
sz002671,0,0,0
sh600197,4486,1610,0
sz000159,0,0,0
sh603258,0,0,0
sh600173,2099,0,0
sh603887,0,0,0
sz002659,2800,0,0
sz002687,0,0,0
sz000650,6570,8002,0
sz300247,0,3568,0
sz300654,2888,852,0
sz002385,22528,11738,0
sh601311,0,1045,0
sh600744,0,0,0
sz000815,0,615,0
sz002224,0,0,0
sh603615,0,0,0
sz300655,405,0,0
sz000793,146336,51584,3063
sz000861,0,0,0
sz300128,48881,45143,0
sh600355,0,0,0
sh600859,2702,0,0
sz000788,0,0,0
sh600360,40689,26541,1228
sz300719,1541,1008,0
sh601225,62026,64018,0
sz300274,5575,16687,0
sh600466,0,2004,0
sz000996,32122,25504,0
sz002291,0,0,0
sh600359,0,0,0
sh600716,5255,0,0
sz300534,0,0,0
sz000027,4000,4806,0
sz300579,0,0,0
sz002032,0,0,0
sz002628,0,0,0
sz000609,0,0,0
sz002207,3596,0,0
sz002408,18042,22944,0
sh600833,0,0,0
sh603696,0,0,0
sh600868,3292,2595,0
sz300364,2616,3129,0
sz300429,0,0,0
sz300645,0,0,0
sh600565,3394,0,0
sz002905,0,0,0
sz300673,1444,244,0
sz002578,0,5984,0
sz002913,2706,2114,0
sh603387,0,0,0
sz002625,1711,1146,0
sh601369,6673,0,0
sz002434,8058,11755,0
sz002466,51918,55104,5566
sz000025,0,377,0
sz300198,149863,85983,0
sz300269,2052,768,0
sz300058,4150,8150,0
sz002070,0,33465,0
sz000727,27591,63915,0
sz300211,0,0,0
sz300237,6034,0,0
sh600764,1932,0,0
sh601866,6920,0,0
sh600350,4334,7805,0
sz002864,0,0,0
sz300344,9601,6829,0
sz300176,832,2294,349
sz002253,0,0,0
sh600626,2581,1555,0
sz300280,1614,1493,0
sz300031,895,1567,672
sh600894,0,1975,0
sh601177,0,0,0
sh600638,1487,0,0
sz000993,0,0,0
sz000610,0,0,0
sz300079,7087,2549,0
sz002051,0,0,0
sh600563,209,700,0
sh600696,0,1800,0
sh603788,0,0,0
sh600973,0,2279,0
sz002808,0,0,0
sh600426,89392,33205,992
sh603323,17105,8250,0
sz300257,686,2486,0
sz002184,0,0,0
sz002819,0,0,0
sz002339,0,0,0
sh600287,0,0,0
sh600096,0,4978,0
sh600026,2000,0,0
sh600599,0,0,0
sz002186,0,0,0
sz002476,0,0,0
sz002381,0,0,0
sh600798,0,10385,0
sz002474,0,2078,0
sh600343,0,1270,0
sh603177,17852,14217,0
sh603358,0,0,0
sz002712,1010,0,0
sh600177,0,1903,0
sh603688,0,1185,0
sz002237,2783,4865,0
sh600557,0,1322,0
sz002027,217973,125740,4699
sz002180,2274,2274,0
sz300522,0,0,0
sh600784,0,0,0
sz002275,0,0,0
sh600602,0,0,0
sh600610,0,0,0
sh600358,0,0,0
sh600503,1563,0,0
sz002480,2600,2600,0
sz002414,1200,0,0
sh603977,0,1722,0
sh600863,3982,0,0
sz000893,0,0,0
sh600766,0,0,0
sh600351,0,0,0
sz002171,5701,9101,1716
sz002718,0,0,0
sh603239,559,540,0
sh600702,4019,2229,0
sh603218,0,0,0
sh603717,0,500,0
sz002030,0,0,0
sh603007,0,0,0
sh600694,0,0,0
sz300129,1438,0,0
sh600535,601,6614,0
sh600371,0,0,0
sz300495,2322,2322,0
sz300051,0,3484,0
sz002706,0,0,0
sz002426,15047,37241,0
sz000156,0,14432,0
sz002540,1367,0,0
sh601228,0,0,0
sh600469,0,0,0
sh600838,0,0,0
sz300070,19037,3559,670
sz002725,0,0,0
sh603110,0,0,0
sh600655,0,0,0
sz002179,607,1271,0
sz000545,0,0,0
sz002650,108504,7376,0
sz000058,6017,1290,0
sz300321,562,562,0
sh603630,0,0,0
sh600186,7077,0,0
sz002577,0,0,0
sz300398,728,728,0
sz300461,0,0,0
sh600854,0,0,0
sz300092,0,0,0
sz300410,0,576,0
sh603289,0,0,0
sz002701,11207,29192,0
sh600601,0,0,0
sz002528,0,0,0
sh601016,0,0,0
sh600207,0,0,0
sh600444,0,0,0
sh603106,0,463,0
sz002271,0,600,0
sz000553,1642,3425,0
sz002758,0,0,0
sh600855,0,0,0
sz300146,4611,726,1155
sz002862,0,0,0
sh600737,2900,0,0
sz300381,0,0,0
sz002059,0,0,0
sz002772,0,0,0
sz300692,879,1813,918
sh600617,0,0,0
sh600612,0,0,0
sz300453,0,0,0
sz002170,0,0,0
sz002719,0,0,0
sh600436,1573,2018,173
sh600057,0,0,0
sh600482,10688,1304,0
sz000922,0,0,0
sz000707,7740,0,0
sh600270,0,0,0
sz000998,5886,10610,1100
sz300473,0,0,0
sh600291,5355,2790,0
sz002111,0,0,0
sz000837,0,0,0
sz300158,0,0,0
sz000612,0,0,0
sz300583,0,0,0
sz300427,0,2000,0
sh603678,0,0,0
sh600773,0,0,0
sz000725,4364383,4578182,0
sh603817,0,0,0
sz300038,85100,54005,3911
sz002086,22609,14520,0
sz002278,39585,10717,0
sh601872,0,0,0
sz002031,10002,0,0
sh603869,0,0,0
sh600871,15905,10000,0
sz300088,47890,44194,0
sh600903,2511,6952,0
sz002329,0,0,0
sz002884,0,0,0
sz300271,0,5372,0
sz000972,0,0,0
sz002572,9009,18982,583
sz000416,0,3676,0
sh600055,4671,1000,0
sh600683,0,0,0
sz300184,0,0,0
sh600893,1439,3962,0
sh600468,1501,5207,1536
sh600763,398,0,0
sh603988,0,0,0
sz002912,4439,7816,979
sz002376,0,0,0
sh601965,0,0,0
sz300022,63845,57006,0
sh603060,630,0,0
sh600449,0,1152,0
sh600308,0,2691,0
sh600749,0,0,0
sz300498,11552,2857,0
sz300729,5017,8518,1895
sh600410,7855,0,0
sz002121,0,18966,0
sz300622,0,0,0
sz300007,0,0,0
sz000711,5153,4659,0
sz000819,1998,0,0
sz300057,2000,0,0
sz300711,2931,3787,0
sh603200,0,0,0
sh601088,10344,9213,0
sh601106,0,0,0
sh600774,0,0,0
sh601200,929,1763,0
sh600572,2331,0,0
sh600558,2300,0,0
sh601168,1820,3013,0
sh600019,60169,44382,0
sh601216,0,0,0
sz002619,3181,5311,0
sz002361,0,0,0
sz002594,21069,10056,609
sh600438,33233,21700,0
sz002802,0,0,0
sz300525,0,0,0
sz300609,3153,2002,1172
sh600069,4000,6608,0
sz002047,5127,0,0
sh600686,3085,0,0
sz300339,0,0,0
sz002391,885,0,0
sh600160,0,1503,0
sh603360,804,652,0
sz300151,0,0,0
sz002514,0,0,0
sz300545,499,499,0
sz002193,1758,0,0
sz300009,59674,44225,1571
sz002367,0,0,0
sz002323,41805,5519,1063
sz300161,0,0,0
sz300480,0,0,0
sh600641,3882,5926,0
sz300059,217269,219268,0
sz002891,1363,660,0
sz002296,0,0,0
sz002605,853,853,0
sh603969,0,0,0
sz002534,0,0,0
sh601128,3611,1590,0
sz300404,1200,0,0
sz300437,0,720,0
sh600120,0,942,0
sz300338,1052,1067,0
sz300536,0,0,0
sh600777,8200,13056,0
sz002018,2568,13388,0
sh600636,2816,800,0
sh601900,0,0,0
sz300345,2489,0,0
sz300111,0,0,0
sz000430,0,0,0
sz300216,1588,0,0
sz300050,1417,0,0
sz300620,481,0,0
sz300497,0,0,0
sz000702,0,0,0
sz000876,6833,28583,0
sz002607,6607,6607,0
sz300632,0,0,0
sz000518,11273,1547,0
sh603288,2726,1379,0
sh600569,34893,55415,0
sz300214,0,0,0
sz300105,0,0,0
sz002112,968,0,0
sh603266,0,580,0
sh600039,0,2517,0
sz300043,0,0,0
sh601198,0,0,0
sz300054,24074,27535,0
sh600721,0,0,0
sh601001,2012,2962,0
sh603069,0,0,0
sh601218,0,0,0
sz300275,0,853,0
sh603309,0,837,0
sz300103,0,1400,0
sh603877,0,0,0
sz300643,0,0,0
sh600362,16015,12244,0
sz300597,3687,4795,566
sz300715,0,0,0
sh603626,711,1843,0
sz002548,0,0,0
sz000503,131771,106156,2908
sh600203,0,0,0
sz002364,0,0,0
sz002419,4779,7546,1007
sz002678,0,0,0
sz300241,12309,15323,0
sz002868,0,0,0
sz000713,0,0,0
sz002832,0,0,0
sh600688,4697,8291,0
sh600008,32100,11437,0
sz000836,20790,5171,0
sh603737,0,483,0
sh600185,0,0,0
sh600400,0,1750,0
sz002356,2659,1288,0
sz002350,0,0,0
sh600594,0,0,0
sh600307,13269,61496,0
sz300703,0,0,0
sz002751,0,0,0
sz300127,631,0,0
sz300227,497,497,0
sh600754,0,1076,0
sz002839,11912,18751,971
sz000541,2568,1322,0
sz002637,0,2000,0
sz300069,2299,1859,0
sz000810,0,0,0
sh600313,0,0,0
sh603016,284,0,0
sz000780,0,0,0
sz002495,0,0,0
sz000779,0,0,0
sz000967,0,0,0
sh601991,3165,8749,0
sz002076,0,0,0
sh600037,838,1180,0
sh603298,0,0,0
sz002334,3292,3292,0
sz000069,17400,29867,0
sh600824,0,0,0
sh600175,0,2385,0
sh600368,0,0,0
sz300019,2867,0,0
sz300434,0,0,0
sz002425,0,0,0
sz002707,0,0,0
sz300337,0,0,0
sz300064,25782,11716,0
sz300718,0,629,0
sz000637,0,0,0
sz002497,62189,70866,0
sz300610,0,0,0
sz300063,0,2538,0
sz002859,0,0,0
sh603798,0,0,0
sz002843,1096,0,0
sz300027,48234,45177,5406
sh600166,13414,0,0
sh601801,0,0,0
sz000736,0,0,0
sh601808,985,0,0
sh600156,0,0,0
sz002765,0,0,0
sh600665,0,0,0
sh600467,0,0,0
sz300706,3622,2844,599
sz300687,249,436,0
sz002892,5084,1970,302
sz002374,4400,0,0
sz300672,1314,1231,179
sz000910,3676,3171,0
sh600035,2377,0,0
sh600081,0,0,0
sz000517,0,0,0
sh600999,3869,9977,0
sz002424,784,0,0
sz000402,6016,11596,0
sh600225,0,0,0
sz300425,1009,0,0
sz002657,593,0,0
sh600054,0,0,0
sh603136,0,0,0
sz000531,0,0,0
sz000722,0,0,0
sz300420,0,0,0
sz002230,183958,137655,14838
sz002529,0,0,0
sh600909,8648,0,0
sh601636,34351,27151,0
sh601798,0,0,0
sh601899,367104,197028,0
sz300562,697,0,0
sh600674,5534,5194,0
sh600708,0,0,0
sz300613,142,473,50
sz300520,2388,922,385
sh601000,13696,18364,0
sh603868,0,0,0
sh603606,0,0,0
sz002124,0,0,0
sz300329,0,0,0
sz000608,0,0,0
sz000017,0,0,0
sh600435,6986,5955,0
sz002519,0,0,0
sz300205,17914,0,0
sz300276,0,0,0
sz300234,0,0,0
sz000889,0,0,0
sh600776,11352,1598,0
sz002125,8894,2582,0
sz002110,158849,177484,4612
sz002649,17002,30324,0
sz300144,2545,6663,0
sz002286,0,0,0
sh600268,0,4000,0
sh600106,0,0,0
sh600030,156009,116959,5650
sh601595,0,0,0
sz300334,4203,2819,0
sz300475,0,0,674
sh603090,0,0,0
sh600178,0,0,0
sh600623,0,0,0
sz300699,6513,7475,177
sz000404,0,0,0
sz300120,0,0,0
sz000685,1135,0,0
sz002653,1562,1562,0
sh603035,0,0,0
sz002885,0,0,0
sz002907,0,823,0
sh600727,0,0,0
sh603103,435,0,0
sz002372,3228,4010,0
sz002883,264,0,0
sh600137,405,0,0
sz002792,6147,10230,260
sz300682,0,0,0
sh603789,0,0,0
sz300713,0,0,0
sz300601,1259,643,0
sh600596,1202,3491,0
sz002061,29327,13298,0
sh600076,0,0,0
sz300565,581,0,0
sh600348,10545,0,0
sz002585,0,0,0
sh600093,0,1115,0
sh600180,0,0,0
sz300605,0,0,0
sh603612,0,722,273
sz000411,0,0,0
sz000783,11574,25276,0
sz000905,0,0,0
sz002336,0,973,0
sh600787,95963,50031,0
sz002556,0,0,0
sh600017,4000,6400,0
sz000520,7743,7743,0
sz300348,0,0,0
sz000532,0,0,0
sh600279,0,0,0
sz000576,0,0,1690
sh600325,0,7557,0
sz000726,6370,1154,0
sz300717,0,0,0
sz000166,21696,19212,0
sz002887,306,0,0
sz000590,0,0,0
sz002128,4921,9085,0
sz300352,6272,6272,0
sz000623,12176,12634,0
sz000536,7957,2957,0
sz002007,1474,4535,0
sz002383,15392,6991,0
sz002146,35255,23316,0
sh600021,0,0,0
sz300192,1007,4214,0
sz300602,0,0,0
sz002106,20363,12669,0
sz002192,7920,6533,0
sh600172,11521,6737,0
sh603757,0,0,0
sz002157,5582,10465,0
sz002156,203904,177131,3585
sh600597,4968,1817,0
sh601567,0,0,0
sh600767,0,0,0
sz300251,3274,11960,0
sz300165,0,0,0
sz002020,12337,7531,0
sh600843,0,0,0
sh600367,0,0,0
sz300373,9585,7415,0
sz002623,0,0,0
sh601718,0,10760,2033
sh603616,766,0,0
sz002689,0,0,0
sz300075,0,1016,0
sz300559,0,0,0
sz000909,0,0,0
sh600068,22193,29478,0
sh601179,0,0,0
sz300685,240,0,0
sz002084,0,0,0
sz002554,2262,2262,0
sh600677,0,0,0
sz300371,0,0,0
sz300096,49407,107431,0
sz300463,1452,970,0
sz300591,0,0,0
sh601616,0,0,0
sh603933,0,0,0
sh603819,0,0,0
sz002500,6311,4308,0
sz300026,6000,0,0
sh601558,5920,0,0
sh603178,0,0,0
sh600218,0,0,0
sz002523,2089,2089,0
sz300024,4315,699,0
sz000985,0,0,0
sz002900,1728,1214,0
sh603225,0,0,0
sz300008,1968,0,0
sz002745,608,0,0
sh601139,0,0,0
sh601229,3893,3197,0
sz002223,0,3130,0
sz000153,0,0,0
sh600256,77675,180491,0
sh603776,0,0,0
sz000606,0,0,0
sh600100,3566,6039,0
sh600267,1542,4802,0
sz002724,0,0,0
sz000822,9212,11801,0
sz300486,552,0,0
sz002011,0,0,0
sz002441,0,0,0
sz002763,0,0,0
sh603277,0,0,0
sh603609,0,0,0
sz300323,0,1536,0
sh600108,0,0,0
sh603699,0,0,0
sz300485,0,686,686
sz002482,3012,3012,0
sz002508,7993,3915,0
sz002871,0,0,0
sz002204,45018,64162,0
sz002135,1654,1654,0
sh600735,1204,0,0
sz300439,0,0,0
sh603186,0,0,0
sh601818,276602,163172,0
sz002631,1048,0,0
sh603599,0,897,0
sh600841,0,0,0
sh603718,0,0,0
sh600652,0,0,0
sh603885,11942,706,0
sh600819,0,0,0
sz300477,3626,5064,670
sz000718,0,0,0
sz300517,0,0,0
sh601028,0,0,0
sz000672,40964,84586,1267
sz300162,0,0,0
sh600681,0,0,0
sz300181,7408,0,0
sz002477,107680,125851,0
sz300411,0,0,0
sh600630,955,0,0
sh600276,10946,8964,912
sz300573,1674,0,0
sz002138,3261,6130,0
sh600780,0,2473,0
sh603906,0,0,0
sz002700,0,0,0
sz300413,8094,21563,0
sz002565,0,0,0
sh600743,0,4059,0
sz300080,5559,0,0
sh600697,0,0,0
sh601877,3194,2261,0
sh600717,5096,0,0
sz002516,0,8938,0
sh600321,0,0,0
sz300011,0,0,0
sh600159,0,0,0
sz300317,8927,13746,0
sh601108,11630,5389,0
sh603659,3830,1264,459
sz300502,560,963,0
sh603535,0,0,0
sh603727,0,0,0
sh603396,0,0,0
sh600529,0,0,0
sz002365,2137,4258,0
sz002648,13823,6484,0
sh600970,3109,30186,0
sz000028,2294,3317,0
sz300568,0,487,0
sh600986,0,1000,0
sh600710,0,0,0
sh600576,0,0,0
sh600713,0,0,0
sz002501,1017,1373,0
sz300662,400,0,0
sz300554,0,0,0
sh600568,27567,16805,0
sz300566,410,410,0
sz300458,43392,38354,2842
sz002428,14068,9136,0
sh603663,0,0,0
sh603466,570,1118,0
sz000426,5601,11905,0
sh600769,0,0,0
sz300576,0,0,0
sz002875,0,0,0
sz300246,0,0,0
sz300047,0,4426,0
sh600898,1872,0,0
sh600771,1174,1000,0
sh600278,0,1635,0
sz300119,0,0,0
sz002046,0,0,0
sz000768,18692,14432,0
sh603160,1788,1313,0
sh600392,18980,23499,761
sz002421,29502,14516,2020
sh600075,0,0,0
sh603990,0,0,0
sh600621,812,1962,0
sh600796,0,0,0
sh600012,0,0,0
sz002828,0,0,0
sh600337,0,0,0
sz002416,0,0,0
sh600509,2482,1792,0
sz002094,0,2100,0
sz300403,0,0,0
sh603378,0,0,0
sz300690,0,0,0
sh603366,0,0,0
sh603188,1043,2681,0
sh600761,0,1825,0
sz300369,0,0,0
sh600363,0,2301,0
sz300163,0,4000,0
sh600757,0,6900,0
sz300089,15692,5810,0
sz300133,0,5029,0
sz000519,32885,40039,3852
sh603180,749,207,0
sz002195,24025,30416,0
sz002759,7118,0,0
sz300459,0,2016,0
sz002888,0,0,0
sz002055,2055,3283,0
sh600882,0,0,0
sh600306,0,0,0
sz300636,0,0,0
sz000619,0,0,0
sh601678,1894,4359,0
sz002642,6421,4001,0
sh603198,0,0,0
sz002060,0,0,0
sz002647,477,0,0
sz300380,0,0,0
sh600977,0,1702,0
sh603766,0,11544,0
sz002335,0,0,0
sz002467,8599,3077,1599
sz300291,0,2000,0
sz300203,714,0,0
sh600439,0,14256,0
sh603707,573,700,0
sz300456,4404,3802,275
sz000999,453,2277,0
sz300322,0,1876,0
sz000544,0,0,0
sh600783,0,0,0
sz000419,0,0,0
sz300408,7852,12370,860
sh603338,155,0,0
sz002567,10800,3682,0
sz002431,5015,5332,0
sz300349,2032,1561,983
sz300221,0,0,0
sz002776,0,0,0
sh601008,0,0,0
sh601668,208137,158299,0
sz002721,0,0,0
sh600126,0,0,0
sz002169,0,3870,0
sz300558,6497,8104,354
sz300547,0,0,0
sh603685,0,0,0
sh600004,30083,4069,706
sh603081,4286,2806,0
sz300701,1247,0,0
sh600616,0,0,0
sh600083,0,0,0
sh603113,0,0,0
sz000505,0,0,0
sh600229,0,0,0
sz002663,0,0,0
sz000036,2338,0,0
sz000601,4557,5947,0
sz002543,0,0,0
sh600680,0,0,0
sh600861,0,0,0
sz300115,4263,10004,0
sz300627,0,0,0
sh600650,0,0,0
sz000852,6332,0,0
sh603607,1377,279,0
sz002141,0,0,0
sz002241,161649,165781,579
sz002857,1294,0,0
sz002821,3028,3377,535
sz002139,0,0,0
sz300226,1323,1323,0
sz002665,9113,3635,0
sz002057,0,0,0
sh600736,0,0,0
sz300642,0,0,0
sz000968,20138,12261,0
sh600315,5453,1419,0
sh600129,0,0,0
sh601969,0,0,0
sh600707,0,0,0
sz002478,0,0,0
sz300400,0,0,0
sz002829,0,0,0
sh603357,0,579,0
sz300142,59666,54298,559
sz300002,1829,1829,0
sz000523,0,0,0
sh603939,1254,0,0
sz002137,0,0,0
sz002405,113294,117147,1032
sz300440,0,0,0
sz300707,0,350,0
sh600525,0,673,0
sz000652,0,0,0
sz002154,0,0,0
sz002066,0,0,0
sz000931,0,0,0
sh600668,0,1722,0
sz002555,20020,6841,1279
sz300195,0,0,0
sh600122,38069,3889,0
sz300217,3671,0,0
sz002549,0,0,0
sh601888,3740,3029,0
sz000598,0,0,0
sz300250,0,1786,0
sh600036,116676,119094,1477
sz002518,0,0,0
sz300376,58572,71089,0
sz000498,0,0,0
sz002149,1247,1247,0
sz002198,2234,804,0
sz002911,1060,1360,0
sz300596,0,0,0
sh601566,0,0,0
sz300333,0,0,0
sz300679,0,0,0
sh603970,538,3109,0
sz000957,1067,2713,0
sz002328,0,0,0
sz300219,0,0,0
sz000737,0,0,0
sz300305,0,0,0
sz002338,0,0,0
sz002164,0,0,0
sz000151,1217,0,0
sz002276,1798,1798,0
sz300346,542,0,0
sh600382,0,978,0
sh600990,517,668,0
sz002627,0,1140,0
sh600406,62241,18295,2796
sh600827,947,0,0
sz300600,0,0,0
sz002079,214881,154029,2427
sz300131,2472,2472,0
sh600845,0,0,0
sz000524,1000,0,0
sz002562,19173,14904,599
sz000068,0,0,0
sz002304,9498,7426,1056
sh600258,0,0,0
sz000700,0,0,0
sz002469,4000,0,0
sh603900,0,0,0
sh601800,800,1661,0
sz002815,938,532,0
sh603889,1700,0,0
sz002122,0,0,0
sh603976,0,0,0
sh600711,1828,34067,0
sz002085,0,1380,0
sz002636,882,882,0
sh600546,2439,2585,0
sh600340,8447,17008,0
sz000719,0,0,0
sz000611,0,0,0
sz300519,0,0,0
sh603311,0,0,0
sz300428,0,0,0
sz002489,0,3794,0
sh603021,0,0,0
sh600320,0,12927,0
sz000851,4000,6026,0
sh600566,1388,1681,0
sz000661,3388,2485,381
sh600962,0,0,0
sz002422,63340,37592,518
sz002315,475,475,0
sh600110,15650,12077,0
sh600993,1115,1805,0
sz002058,1098,2310,0
sz002667,59511,11490,0
sh600751,23110,17376,0
sh603365,0,0,0
sz002181,0,0,0
sz002823,0,0,0
sh600649,6131,4906,0
sz300320,15583,0,0
sz002641,3280,0,0
sz300189,6000,0,0
sz002755,0,0,0
sz002203,0,0,0
sz002005,0,0,0
sz002049,225237,203569,21499
sz000738,793,0,0
sh603809,293,0,0
sz300200,0,0,0
sz002214,109275,97392,1111
sz300362,0,0,0
sh600513,2437,0,0
sh603066,0,0,0
sh603538,0,0,0
sh603118,0,1127,0
sz300053,37437,32277,0
sh600345,10373,4965,382
sz300426,0,0,0
sz002569,17221,1014,1806
sh600477,0,0,0
sh603991,0,0,0
sz002831,0,0,0
sz300670,0,0,0
sh601006,21755,60321,0
sz002638,12910,0,0
sz002355,0,0,0
sz002377,2897,4206,0
sz002216,1266,1266,0
sz300287,9114,2947,0
sh600724,0,0,0
sz002617,9712,8945,0
sh600875,7460,2064,0
sz000534,0,0,0
sh601788,972,3338,0
sz300721,11588,16897,597
sz300607,0,0,0
sh600497,9078,7987,0
sz000333,142756,105084,8064
sh600299,0,0,0
sz300289,0,0,0
sz002310,13695,14481,0
sz300253,0,0,0
sz002799,1082,0,0
sz002817,0,407,0
sz002686,0,0,0
sh600078,0,0,0
sh603639,0,0,0
sh601099,24151,6181,0
sh600983,0,0,0
sh600115,277470,133505,10026
sh603012,0,0,0
sh600673,3504,7366,0
sz300638,560,983,0
sh600171,240427,175127,26600
sz300582,0,0,0
sz002803,0,0,0
sh601555,1133,6773,0
sh600995,0,0,0
sz002013,1983,8591,0
sh600982,0,0,0
sz300350,0,0,0
sh601949,0,0,0
sz002621,1267,1267,0
sz300676,8527,6737,1062
sz300604,867,585,0
sz002215,0,0,0
sh603335,0,0,0
sz300030,0,0,0
sh603878,0,0,0
sh600188,9440,13001,0
sz002439,2556,7084,550
sz000701,0,0,0
