sh603079,759,572,0
sz000002,93030,121017,5047
sh601011,5120,22901,0
sh600333,5046,7939,0
sz002477,69490,77957,0
sh601965,0,0,0
sh603636,0,0,0
sh600739,0,577,0
sh601881,6730,29711,0
sh600331,14476,1984,0
sh603817,0,0,0
sz000639,0,1000,0
sh603266,0,0,0
sz002205,0,0,0
sz002172,0,0,0
sh603533,2673,508,260
sz002335,0,328,0
sz300650,0,300,0
sz002120,0,1364,0
sz300396,0,0,0
sh600519,7281,9027,797
sz300409,953,0,0
sz002123,19032,3456,2206
sh600801,2630,5999,0
sz002801,0,0,0
sh603116,0,0,0
sz300415,0,0,0
sz002680,0,0,0
sz002745,239,0,0
sh600167,0,386,0
sz300527,0,0,0
sh601989,68210,107091,0
sh600018,24094,63369,0
sz002277,12238,5000,0
sh603813,503,0,0
sh603788,0,0,0
sz300533,0,0,0
sh600429,0,0,0
sz002746,0,429,0
sh603067,1625,0,0
sh600683,0,0,0
sz002200,0,0,0
sz300395,0,0,0
sh603026,0,0,0
sz300709,555,375,0
sh600753,616,634,0
sz002159,0,0,0
sh603315,0,0,0
sz300349,0,1610,0
sz002122,0,0,1890
sh601966,0,0,0
sz002116,0,0,0
sh601886,0,0,0
sz300443,0,0,0
sz002705,0,0,0
sh600007,0,0,0
sz300184,0,0,0
sz002328,0,0,0
sz002076,0,0,0
sh600008,47704,14449,0
sz000421,0,0,0
sh600173,0,0,0
sh603826,714,0,0
sh600403,0,0,0
sh603998,0,0,0
sh600270,831,788,0
sh600135,0,0,0
sz300190,0,0,0
sz002446,0,6666,0
sz002152,29752,24461,0
sz300630,133,133,191
sz300345,2730,4748,0
sz002767,0,0,0
sz300603,0,931,0
sz002442,0,0,0
sz300120,0,0,0
sz000068,0,10392,0
sh600810,0,0,0
sh600651,0,3001,0
sz002851,0,0,0
sz002707,0,0,0
sz000158,0,2700,0
sh601599,6922,3868,0
sh600455,0,0,0
sz000716,0,0,0
sh603882,0,0,0
sz002316,2312,0,0
sh600004,13717,10811,0
sh603980,0,0,0
sz002233,9278,4792,0
sz300249,0,0,0
sh603177,11934,7813,0
sh603507,0,358,0
sz300501,0,0,0
sz002893,3943,456,0
sz002674,0,0,0
sh600595,0,2151,0
sh603903,0,0,0
sz002314,0,0,0
sz300430,0,0,0
sz300227,1611,1000,0
sh600317,5063,0,0
sz300599,0,0,0
sh600360,16194,19451,1896
sz002905,0,0,0
sz000600,5012,5012,0
sz300471,2930,0,0
sz002413,0,0,0
sh603730,0,0,0
sz000803,2079,4041,0
sh600240,0,0,0
sz002672,0,0,0
sz000680,0,0,0
sh601000,2168,0,0
sh600641,0,2088,883
sz002809,0,0,0
sh600655,1006,3516,0
sh600355,5047,3949,0
sz000011,0,0,0
sz002684,13461,9536,4300
sz002591,0,0,0
sh600071,0,0,0
sz300532,0,0,0
sh600734,0,0,0
sz300204,0,3400,0
sz002865,511,511,0
sz300597,5363,4515,0
sh600604,7404,4296,0
sh600735,6497,7236,0
sz000591,7429,15719,0
sz002062,0,0,0
sz002246,4059,6334,0
sz002288,6000,2086,0
sh603919,0,726,0
sh600103,5900,31693,0
sz002208,0,0,0
sz300412,0,0,0
sh600152,0,0,0
sz002417,0,0,0
sh600755,1200,9109,0
sz002303,0,0,0
sh601718,6334,8324,2490
sh600477,0,0,0
sh603288,1648,797,0
sz000679,0,0,0
sz000655,0,0,0
sz002346,2971,1726,0
sh600322,1658,6365,0
sh603868,0,0,0
sz002758,922,922,0
sh600345,2769,5804,0
sz300069,1739,1017,0
sz300084,0,0,0
sz002662,2232,0,0
sz002639,2587,12333,0
sh600573,0,0,0
sz300683,0,0,272
sh600749,0,0,0
sz002752,2022,0,0
sz002094,851,851,0
sz000151,0,0,0
sz300170,18352,9106,0
sz300707,0,610,0
sh600448,0,2255,0
sz002047,11915,5631,0
sz000862,0,0,0
sz002448,0,0,0
sz002177,0,0,0
sz300639,3268,999,1640
sz300119,0,5096,0
sz300165,0,0,0
sh600460,312293,422148,16004
sh603661,153,316,0
sz300666,36725,35778,2222
sh600611,22061,4202,0
sz002359,0,0,0
sz300678,2151,1566,0
sz000530,0,0,0
sz000729,108118,47856,4552
sz300431,84323,83313,5055
sh600017,2900,0,0
sz000933,46016,75236,0
sz002011,0,0,0
sz002153,101131,88055,1555
sh601799,0,0,0
sh600325,9087,12530,0
sh603238,0,0,0
sz000835,19800,19800,0
sh600590,0,0,0
sz300605,0,0,0
sz000762,3467,3304,0
sh600834,0,0,0
sz300118,0,0,0
sh603323,0,0,0
sz002549,0,0,0
sh600638,0,0,0
sz002709,4308,5525,302
sh601311,0,0,0
sz002609,0,0,0
sz002429,236188,146694,6116
sh600662,0,5352,0
sz002298,0,0,0
sz002567,0,0,0
sz002254,10002,8002,0
sz300652,487,0,0
sz000996,47229,47437,0
sz002786,6051,1135,1039
sz002878,1000,794,0
sh601888,2180,7961,0
sz300082,0,0,0
sz000507,61640,35421,1130
sh603912,897,0,454
sz300579,0,0,0
sh603567,0,0,0
sz000760,3387,3387,0
sh603031,0,0,0
sz002441,0,0,0
sh603819,0,0,0
sh600459,0,650,0
sh600781,0,0,0
sh600019,26419,41567,0
sh600881,2000,21998,0
sz002608,0,0,0
sh600761,0,0,0
sz300649,715,0,0
sh600054,0,0,0
sh601633,6035,6573,0
sz300729,3102,2590,0
sz300416,0,0,0
sz002571,0,0,0
sz300364,5477,4745,0
sh601211,21117,46342,0
sz300403,3445,3545,0
sz002067,3908,6112,0
sz002428,11368,11775,0
sh603887,0,0,0
sh600702,685,1126,0
sz000883,0,0,0
sz002307,51279,29563,0
sh603958,0,0,0
sz300438,674,440,0
sz300374,0,0,0
sz000603,2818,2818,0
sh600237,5623,0,0
sz300359,31613,11110,0
sz300368,0,0,0
sz300540,0,0,0
sh603663,0,0,0
sz002070,53481,63231,0
sz300296,4257,5432,0
sz002091,0,0,0
sh600100,12021,9467,0
sz002881,1313,0,727
sz300039,0,0,0
sh603025,0,0,0
sz002807,1902,3416,0
sh600789,0,0,0
sz000150,2280,0,0
sz000821,0,0,0
sh603839,0,0,0
sh601901,0,0,0
sz300661,671,1147,213
sz002432,0,0,0
sz000850,0,0,0
sh600540,0,0,0
sh601113,0,0,0
sz002885,0,0,0
sz002651,0,0,0
sh603768,0,0,0
sz002909,941,2373,0
sh603028,0,0,0
sz002023,66577,75487,942
sz300284,0,0,0
sh600458,1448,0,0
sh600729,3027,701,0
sh600496,0,3314,0
sz000756,0,0,0
sz000090,0,0,0
sh603877,0,0,0
sz000750,14224,18238,0
sz002372,0,600,0
sh600163,0,0,0
sz300336,0,0,0
sz002492,0,0,0
sz300238,0,968,0
sh603963,0,400,0
sz002778,0,0,0
sh600231,23491,46325,0
sz002537,6800,0,0
sh600606,13783,38563,0
sz002326,0,0,0
sz000960,5717,11361,0
sh600547,22837,17284,0
sh603515,0,0,0
sh600719,0,0,0
sh603601,0,0,0
sh600156,0,0,0
sz300490,0,0,0
sz000623,15040,30538,0
sz002269,0,0,0
sz002025,1574,574,0
sh600860,0,0,0
sh603331,0,0,0
sz002751,0,0,0
sh603518,0,0,0
sh603389,0,0,0
sh600815,0,0,0
sz002142,23877,31566,0
sz300317,2381,0,0
sz002266,5128,0,0
sz000518,0,0,0
sz300342,0,1600,0
sh603037,0,0,0
sz002546,0,0,0
sz002186,0,0,0
sz002093,3110,1628,0
sz000860,0,1200,0
sz002104,0,5846,0
sz300199,2856,3064,0
sz002460,53213,58526,7017
sh603505,0,0,0
sz002087,31410,2620,0
sz000430,0,0,0
sh600382,0,0,0
sz300355,132222,184031,0
sz300656,0,0,0
sz002478,0,0,0
sz300520,3121,2205,0
sz002199,0,0,2206
sh600211,0,0,0
sh600292,0,0,0
sh603311,0,0,0
sz000751,0,0,0
sh600722,0,1836,0
sz300435,0,0,0
sz300460,0,0,0
sz300273,0,0,0
sh600206,123647,204710,11893
sz000402,15485,35061,0
sz002837,648,0,0
sh600569,41070,72170,0
sz002788,0,0,0
sz000922,0,0,0
sz300633,0,579,0
sh600368,0,0,0
sz002466,58034,71182,4824
sz000702,0,0,0
sz002544,0,1772,0
sz300699,22986,21777,2399
sh600705,3535,22227,0
sz000586,0,0,0
sz000425,1677802,971424,6205
sz002735,0,0,0
sz000651,193689,195415,6233
sz002540,14005,0,0
sh603500,0,0,0
sh601388,4278,0,0
sz002089,22977,44940,0
sz002378,0,1311,0
sz002409,17893,27267,568
sz002203,0,0,0
sz002658,0,0,0
sz002049,501107,369404,43515
sz002888,0,0,0
sh600855,0,0,0
sh600594,0,0,0
sh603758,0,0,0
sz300192,4799,5401,0
sh600963,1470,9217,0
sz300366,0,0,0
sz000717,168641,134925,0
sh600817,0,0,0
sz002550,0,0,0
sz002741,0,800,0
sz300059,632809,536122,2563
sh603718,0,0,0
sz300467,0,0,0
sh603659,1620,3484,0
sz300341,0,0,0
sz002210,54263,21095,0
sz002806,821,0,0
sh600247,0,0,0
sh603041,0,0,0
sh600307,4186,61958,0
sh603558,0,0,0
sz300411,2000,0,0
sz300695,0,0,0
sz300718,0,568,0
sh603757,602,180,0
sz000023,0,0,0
sz000999,1774,1118,656
sz300267,93864,80799,0
sh600566,3575,421,373
sz002659,0,0,0
sh600401,0,19886,0
sh600069,3000,11951,0
sz300136,26803,26304,2900
sh601226,0,0,0
sh600023,0,15135,0
sz300370,0,0,0
sz002489,0,0,0
sz002109,0,0,0
sh600170,13237,19198,0
sh603222,0,0,0
sz002088,0,0,0
sz002337,0,0,0
sh603385,0,0,0
sh601699,16003,21319,0
sh603416,0,0,0
sz300043,0,0,0
sz002134,1993,5593,0
sz300620,0,0,0
sz002364,0,0,0
sh603088,895,0,0
sh603569,0,0,0
sh600113,0,0,0
sz002649,41653,29054,0
sz000417,28038,8014,0
sh600671,0,0,0
sh600480,0,700,0
sz000661,3677,4034,639
sz000005,0,0,0
sh603589,1717,0,0
sz002517,108435,54359,2026
sh600823,0,2600,0
sz300335,18701,19692,609
sh600379,0,0,0
sh603444,69,70,0
sh600362,7685,16228,0
sz300135,6242,0,0
sz002119,2078,3583,0
sz300012,12180,15722,0
sz300526,578,0,0
sz300474,4840,3953,0
sh600221,16548,54666,0
sz300631,0,0,0
sh603985,0,0,0
sz000957,899,0,0
sh600088,0,0,0
sh601369,15472,5602,0
sh600026,6754,0,0
sz300727,23664,36277,2702
sh603499,0,0,0
sz300515,0,0,0
sh603012,0,0,0
sz000928,0,0,0
sh601137,0,0,0
sz002783,0,0,0
sh600398,0,0,0
sz002419,35806,72267,1081
sz002455,3108,6525,0
sz000058,0,0,0
sz002747,0,0,0
sz002456,876028,735577,31795
sz002897,0,353,0
sz000897,0,0,0
sz002430,5242,9848,1663
sz002669,1808,2165,0
sz002498,0,0,0
sz002727,0,0,0
sz000017,0,0,0
sh600483,0,0,0
sz002725,0,0,0
sh603496,0,0,0
sz000880,0,0,0
sz000980,4280,7455,0
sh603726,0,0,0
sh600370,0,0,0
sh600085,551,2211,0
sz002148,2233,1102,0
sh603196,0,0,0
sz000848,0,0,0
sh601558,24625,8924,0
sh600199,0,7329,0
sz002039,0,5406,0
sh600588,9877,6410,673
sz300144,589,2587,0
sz000014,0,0,0
sz002182,0,2744,0
sz300198,9042,12403,0
sh603580,0,0,0
sh600057,0,0,0
sz300618,5394,4225,1223
sh603933,0,0,0
sh600808,40167,95533,0
sh601919,3567,33309,0
sz002572,9731,6551,0
sh603009,0,0,0
sz300432,0,1168,0
sz002462,0,0,0
sz000735,16605,11077,0
sz000868,204724,121161,2532
sz300125,0,1726,1726
sh603603,0,0,0
sz002822,0,0,0
sz002181,0,0,0
sz300488,0,0,0
sz002408,105399,51466,817
sz002733,644,2912,814
sh601616,0,0,0
sz000059,3094,62445,0
sz000909,0,0,0
sh600260,1455,401,0
sz000799,1411,8833,0
sh603139,0,0,0
sz002617,20213,9483,1112
sz002781,0,0,0
sz300493,2812,1675,0
sh600763,0,446,0
sh603365,992,0,0
sh603595,758,365,0
sz300402,0,0,0
sh600372,2434,1000,0
sh603501,4212,6613,1005
sz000009,17165,56681,0
sz000826,7766,2726,0
sh600879,2940,6658,0
sz002005,2341,2341,0
sz002440,5132,6109,0
sz002202,220649,217838,9491
sz300698,1846,1386,0
sh600674,2000,1702,0
sz300128,72206,48892,0
sh600155,0,4159,0
sz002059,0,0,0
sh603703,0,0,0
sh603878,0,0,0
sz002898,0,0,0
sz000593,1126,2526,1400
sz000570,0,0,0
sz300115,3988,7822,0
sh603656,0,0,0
sz300269,2369,777,0
sz000422,0,13948,0
sz300358,0,0,0
sz002610,346115,242981,0
sz300648,548,161,0
sz002399,0,0,0
sz300449,0,0,0
sz000032,2137,1154,0
sz300266,1671,5253,0
sh600171,188173,160765,15558
sh600159,0,0,0
sh600518,2289,7261,0
sz300404,0,0,0
sz300516,303,303,0
sh600476,0,0,0
sh600063,0,0,0
sz000153,0,0,0
sz300469,0,0,0
sz002696,0,0,0
sh600760,44328,26052,1884
sz300371,0,0,0
sz000959,0,3680,0
sz300466,22881,24225,0
sz000920,0,2052,0
sz002509,0,5477,0
sz002838,0,0,0
sz002578,6024,8752,0
sh600446,7279,2142,0
sz300551,0,0,0
sh600073,0,0,0
sh600576,0,2229,0
sh600062,1002,472,0
sz002193,0,0,0
sz000801,3400,3340,0
sh603937,1617,0,0
sz300044,659,659,0
sz300023,0,0,0
sh601116,7800,3541,0
sz002414,0,0,0
sz300070,21165,13257,928
sz002318,0,4000,0
sz000026,0,0,0
sz300162,0,0,0
sz300001,0,0,0
sh600533,0,0,0
sz000700,0,0,0
sh600180,0,0,0
sz002819,0,0,0
sz002496,0,8000,0
sh600515,2751,0,0
sz300213,0,5032,0
sz000972,2566,8632,0
sh600730,0,0,0
sz300472,0,0,0
sz300287,5485,8455,1500
sz002805,0,0,0
sh603223,0,0,0
sh600767,0,0,0
sh600609,2368,2234,0
sz002006,0,0,0
sz300262,0,0,0
sz002156,91400,136139,2178
sz300552,0,0,0
sh600213,0,0,0
sh601669,0,14642,0
sh600777,16940,3194,0
sz002280,27401,17481,0
sz300495,0,0,0
sh600466,2000,3461,0
sz002665,4305,6188,0
sz300723,3100,4221,0
sz300035,0,0,0
sz000516,22487,12375,0
sh600582,0,0,0
sz300114,4000,0,0
sz300299,0,1127,0
sz002268,44039,46769,0
sz002626,12571,6942,0
sh600371,0,0,0
sh603186,0,461,0
sz000567,1800,0,0
sz300717,0,412,0
sz300414,497,497,0
sh600389,0,732,0
sz000630,40739,96609,0
sh603010,0,0,0
sh601908,0,4943,0
sz002717,0,0,0
sz002824,854,0,0
sh600883,0,1271,0
sh603579,0,0,0
sh603843,0,0,937
sz002068,51196,34395,2601
sh603313,0,0,0
sz002282,0,0,0
sh600975,0,0,0
sz300498,21976,28559,0
sz300530,0,0,0
sz000768,6391,2878,0
sh601999,0,0,0
sh603585,0,0,0
sh603939,306,303,0
sz300445,0,0,0
sz002868,0,0,0
sh600874,1871,7181,0
sz002324,0,0,0
sz300511,0,0,0
sz300382,2515,3403,888
sh603260,8614,5118,0
sh600826,0,0,0
sh600667,74205,113900,0
sh601818,68623,131687,0
sh603229,0.0,0.0,0.0
sh603900,0,0,0
sh603602,0,299,214
sh600489,26347,27676,0
sz000657,0,0,0
sh603305,0,0,0
sz300323,3516,4694,0
sz000899,0,0,0
sz002795,0,0,0
sz002616,0,1710,0
sh603019,14459,23329,828
sh600010,28287,93406,0
sh600009,3105,2486,0
sz300716,0,549,0
sh603578,0,0,0
sh601006,16359,12961,0
sz002479,19685,1246,0
sh600055,0,0,0
sz002535,2004,0,0
sz002652,0,8000,0
sz300027,78173,55569,0
sz300434,0,0,0
sh603559,2600,5324,0
sz002308,0,4028,0
sh601800,3037,12260,0
sz300126,4000,0,0
sh603577,0,0,0
sz000932,89243,68290,0
sz300429,0,0,0
sz002856,7325,16403,0
sz000758,0,11474,0
sz300301,0,0,1707
sz300132,0,0,0
sz000997,23868,15124,0
sh603040,0,0,0
sz002250,0,0,0
sh600280,21048,46080,0
sh601188,0,0,0
sh603766,0,2000,0
sh603668,0,0,0
sz002691,0,0,0
sh603896,1509,466,0
sz300585,1006,0,0
sz002284,0,2622,0
sz002035,7051,0,0
sz002534,0,0,0
sh603226,0,0,0
sh603488,682,698,0
sz000062,0,0,0
sh600933,824,1981,0
sh600435,10195,6965,0
sz000665,0,0,0
sz300567,200,204,0
sz000672,81762,56877,1040
sz300587,0,0,0
sh600241,0,0,0
sh601579,0,0,0
sh600101,0,0,0
sh601179,11540,0,0
sh600854,0,0,0
sz002349,0,0,0
sz002826,0,0,0
sh603158,0,0,0
sh600178,0,0,0
sz300669,0,0,0
sz002276,0,0,0
sz300006,0,0,0
sh600836,0,0,0
sh600336,0,0,0
sz002839,12261,8485,0
sz300310,22692,9853,0
sh603829,735,0,0
sz002556,4442,3139,0
sh600807,69188,60445,4316
sh603118,0,0,0
sz002096,0,0,0
sz000538,1523,791,0
sz300153,0,0,0
sh600979,0,0,0
sh603106,438,722,0
sz300294,0,856,0
sh600506,800,0,0
sh603085,0,0,0
sh603227,0,0,0
sh600377,1034,0,0
sh600983,0,0,0
sz002753,0,0,0
sz002771,0,0,0
sz300553,0,0,0
sh603326,0,0,0
sh601929,9887,9393,0
sz000605,0,0,0
sz300047,0,0,0
sh600216,6620,24528,0
sz002883,0,234,0
sh603357,0,0,0
sz002353,7810,5003,0
sz002719,0,0,0
sz002675,7873,9229,0
sz300424,0,0,424
sz002272,2480,2480,0
sz002292,0,2576,0
sh603605,2158,0,0
sz002290,0,0,0
sh600795,33479,149629,0
sh601952,8083,4186,0
sz300065,6687,687,0
sz300216,0,0,0
sz300625,0,0,0
sz300503,2027,4775,0
sz300377,2313,3248,0
sz000616,8737,0,0
sh600885,340,918,0
sh600052,0,0,0
sz002614,0,0,0
sz300225,3076,3076,0
sz000338,59125,82375,1354
sz300546,0,0,0
sh600139,0,2002,0
sz300706,6491,6674,155
sz002387,1193,2737,0
sz000703,177201,175312,7310
sh603658,199,574,0
sz002491,0,0,0
sz300175,6808,10898,1342
sh603799,38677,33108,4857
sh600875,6432,12148,0
sz000413,51530,58374,0
sz000429,1994,1994,0
sh603917,637,367,0
sh600846,7212,6060,0
sh600833,0,0,0
sh600858,0,0,0
sh600982,0,0,0
sh601200,0,1599,0
sh603856,0,0,0
sz000888,1570,1570,0
sh603319,0,0,0
sz300692,2881,939,0
sh600680,0,0,0
sz300591,0,0,0
sz002830,0,758,0
sz002685,18578,23091,0
sz002594,27462,20618,2069
sz002240,0,2800,0
sh600727,0,0,0
sz000028,469,710,0
sz000617,0,0,0
sz300319,1880,0,0
sz002861,0,0,0
sh600110,23806,40158,0
sh600694,713,0,0
sz002343,11440,6773,0
sh603128,0,2375,0
sz000416,0,0,0
sh603225,349,0,0
sz000036,0,0,0
sz300046,30172,27477,2735
sz000043,12186,0,0
sh603001,0,0,0
sz002336,6604,0,0
sz000166,6414,20482,0
sh600886,5587,7758,0
sz002391,0,0,0
sz002179,3245,997,0
sh603189,0,0,0
sh603328,0,0,0
sz300637,0,2865,0
sz002009,2139,0,739
sz300499,0,0,0
sz300548,0,0,0
sz000985,0,0,0
sz002224,0,0,0
sz000410,0,2704,0
sz002450,48694,84435,1076
sh600196,59422,27681,1220
sz002588,0,0,0
sh603823,0,0,0
sz000546,0,0,2180
sh603133,0,400,0
sz000953,0,0,0
sz002681,0,0,0
sz300212,439,2319,0
sh600608,0,0,0
sz300110,36665,9713,0
sh600109,7462,20377,0
sz002099,0,0,0
sh600172,5287,6568,0
sh600756,1960,600,0
sz000719,0,0,0
sh600234,0,0,0
sh600410,25411,9272,0
sh603669,0,0,0
sh600744,0,0,0
sh600759,4996,8313,0
sh600186,17140,0,0
sz300427,0,0,0
sz002668,0,0,0
sz000423,1365,6221,0
sh601700,0,0,0
sz300419,1179,1179,0
sz000727,7057,15295,0
sh600613,0,0,0
sh601166,71306,114275,0
sh601368,0,0,0
sz300051,0,0,0
sz002776,0,0,0
sh600006,3901,2000,1872
sz300124,8185,6445,0
sz300554,0,0,0
sh600529,0,0,0
sz002699,1200,0,0
sh601858,0,0,0
sh600388,5189,1558,0
sz002249,0,0,0
sh600555,0,0,0
sh600742,0,0,0
sz002244,147105,41633,2695
sz002422,16653,25047,432
sz000752,0,0,0
sh600822,1794,4345,0
sz002016,12606,10225,1500
sz002808,0,0,0
sh600882,0,0,0
sh600373,585,2565,0
sh603239,650,0,0
sz002574,0,0,0
sh600297,5784,3555,0
sh600969,0,0,0
sh603086,0,0,0
sz002761,14126,6490,0
sh600876,3028,7965,0
sz002899,0,0,0
sz002370,14050,0,0
sh603378,490,0,0
sh603055,0,0,0
sz002340,155326,131565,4005
sz002381,0,0,0
sz000836,29934,18600,0
sz002686,0,0,0
sh600571,0,0,0
sz002434,7093,12849,0
sz000055,0,4000,0
sh603926,0,0,0
sz000524,0,0,0
sh600959,0,0,0
sh600184,0,0,0
sz002227,0,0,0
sh603369,0,0,0
sz300068,1424,0,0
sh603083,1534,2053,0
sz002373,37372,24278,1004
sh603393,7291,805,1193
sz300380,0,0,0
sz300702,0,0,0
sz002367,0,0,0
sz002831,0,0,0
sh600123,6864,9274,0
sh603063,0,0,0
sh601318,230869,257366,23440
sh600720,10572,19407,2037
sh600498,24613,22732,858
sh603363,0,0,0
sh600352,41580,123419,0
sz300464,0,0,0
sz000708,0,0,0
sz002031,6123,6123,0
sz300722,2957,401,0
sz002531,16319,16984,0
sz300061,0,0,0
sz002320,13263,4472,0
sz300622,401,401,0
sz000571,0,0,0
sz300083,3735,12176,0
sz000937,6520,9297,1781
sz002536,1517,2475,0
sz300375,0,0,0
sz002273,37417,51386,2752
sz002773,887,465,0
sz300360,0,0,0
sh600261,0,0,0
sh600321,0,7641,0
sz000420,11486,7174,0
sh600857,0,0,0
sh600676,0,0,0
sh600036,146539,119820,11328
sz002589,11160,2074,0
sh600119,0,892,0
sh603612,289,234,0
sz300510,0,0,0
sz300593,0,0,0
sh600400,0,0,0
sz002100,0,0,0
sz000797,1003,0,0
sz300064,10576,12573,0
sz001696,39457,27864,0
sh600209,2083,3005,0
sh600816,17416,8209,0
sz000711,4631,5595,0
sz000905,0,0,0
sz300157,16909,11574,0
sz002384,4380,9205,0
sh600558,0,0,0
sz002190,0,0,0
sh600169,0,3121,0
sh600586,0,0,0
sh603729,596,517,0
sz002155,6013,3759,0
sz300708,28887,38390,1545
sz002310,22190,31037,0
sz002687,0,0,0
sz300062,0,0,0
sh600848,0,485,0
sz002902,4159,5417,252
sh603103,0,380,0
sz300660,156,656,0
sz300557,0,0,0
sh600620,0,0,0
sz002633,0,0,0
sz002690,1607,4836,0
sz002596,19003,14559,0
sz002147,1308,0,0
sz002860,0,0,0
sh600470,0,0,0
sh603015,0,0,0
sz000949,0,0,0
sh600511,609,2875,0
sh603387,758,1780,0
sz300050,2466,0,0
sh601398,439698,369516,0
sh600986,0,0,0
sz300334,917,5476,0
sz002849,0,0,0
sz002483,0,0,0
sh600238,0,0,0
sh601216,8528,41784,0
sh600151,20249,1460,0
sz002547,26815,4487,0
sh600108,6178,0,0
sh600479,0,0,0
sz000895,19877,12970,418
sz000789,100945,89653,1007
sz002001,99293,79138,4807
sz002195,35407,88779,0
sh600687,26463,36915,0
sh600993,0,4638,0
sh600508,0,900,0
sz300177,0,0,0
sz000038,1847,0,0
sz300324,15858,23480,0
sz002171,7797,11968,0
sh600160,0,2886,0
sz002734,0,0,0
sz000505,1981,1981,0
sh600865,0,0,0
sh603335,0,0,0
sz300608,634,1325,0
sz000683,47517,23649,0
sz000626,3788,1586,0
sz002106,24461,3659,0
sh600497,8684,10265,0
sh601008,5089,0,0
sh600973,0,0,0
sz002697,33830,17674,0
sz300615,0,0,0
sh601880,27708,16313,0
sh600467,4241,7586,0
sh601717,10000,1662,0
sh603208,0,0,0
sh603527,0,0,0
sz300426,0,668,0
sz002799,0,0,0
sh600266,697,5964,0
sz002352,419,0,200
sh600650,0,0,0
sz300193,0,0,0
sh600766,0,0,0
sz002877,0,0,0
sz002365,2733,2940,0
sh603035,0,627,0
sz002827,596,0,0
sh600070,0,0,0
sz002038,6645,6868,0
sh600765,2119,1091,0
sh603517,0,0,0
sz300731,0,0,0
sh600056,2341,414,0
sz000070,0,0,0
sh600630,0,0,0
sz300014,7786,13568,0
sz002053,1006,0,0
sz000882,55979,46495,0
sz300538,0,0,0
sz002884,0,0,0
sz002906,1000,0,0
sz300379,0,0,0
sh600249,0,0,0
sz000510,0,0,0
sz000428,0,0,0
sz300566,1938,0,0
sh603100,0,0,0
sz300103,2800,0,0
sh600622,643,2612,0
sz002369,1077,1077,0
sh601233,28588,22787,580
sz300703,0,0,0
sz002560,0,0,0
sz002157,11389,13495,1754
sz000408,3041,0,0
sz300003,7583,12582,0
sz300286,0,0,0
sz002223,11213,16101,0
sh600723,1203,0,0
sz300141,0,0,0
sh603066,0,0,0
sh603828,0,0,0
sz002582,0,0,0
sh600528,10009,1060,0
sz000796,0,0,0
sz002722,1010,487,0
sz300315,19228,20170,0
sz300486,0,0,0
sz000607,0,0,0
sz000529,0,0,0
sz000948,0,0,0
sz002782,0,0,0
sh601992,2896,37343,0
sh600520,13791,17733,540
sz000525,0,0,0
sz300178,0,0,0
sz000573,0,0,0
sz002166,0,0,0
sh603888,455,0,0
sz000785,0,0,0
sz000989,917,8563,0
sh603359,0,0,326
sz300102,123461,87944,1531
sz000400,4362,1393,0
sz300397,0,1200,0
sz002377,6491,0,0
sz300712,447,0,0
sz300572,0,0,0
sz000829,7558,9596,0
sh600343,4050,2297,0
sh600526,0,2255,0
sz002030,0,1784,0
sh600717,1000,2185,0
sz002301,1403,726,0
sz002375,7045,4617,0
sz002559,0,0,0
sz300236,6129,7293,606
sh603377,0,290,0
sh600141,1793,0,0
sh600658,0,0,0
sz002561,893,3668,0
sh603050,0,0,0
sz000615,1990,3382,0
sh603838,0,0,0
sz002281,131253,89501,4293
sh600764,3500,5017,0
sz002412,0,0,0
sz300590,12988,11222,0
sz300295,542,542,0
sz002644,1976,1976,0
sz002526,0,0,0
sh600802,1875,0,0
sz300340,710,1093,0
sh600532,929,1105,0
sh603609,0,0,0
sz300180,500,0,0
sh600421,0,0,0
sz002515,0,0,0
sz000861,0,0,0
sh600612,254,0,0
sh601607,500,1306,0
sz002908,562,2715,0
sz002078,3588,3588,0
sz300196,0,0,0
sz300293,0,0,0
sh601678,0,0,0
sh600995,1318,0,0
sh601566,0,0,0
sz300592,0,0,0
sz002802,0,0,0
sh603977,0,1038,0
sz002206,5012,0,0
sz002438,0,0,0
sh600097,0,0,0
sz300228,8759,3315,0
sz002650,48591,12250,0
sz300700,2247,1336,182
sz002133,0,0,0
sz002410,5367,4204,502
sz002852,0,0,0
sh603648,0,2912,0
sh600581,20047,20723,0
sz002599,0,0,0
sh600288,0,0,0
sh603528,0,0,0
sh600028,111458,223884,0
sz002859,0,0,0
sh603922,0,0,0
sz300446,0,0,0
sh600785,0,0,0
sz002235,2400,0,0
sh603688,0,0,0
sz300066,0,0,0
sz002069,0,0,0
sh600798,0,1892,0
sz002341,6859,3486,0
sz002211,0,0,0
sh601128,2400,2836,0
sh600077,0,0,0
sz300250,0,0,0
sh601518,0,0,0
sz002128,18952,42935,1015
sh600281,0,2851,0
sh600861,0,0,0
sh600880,0,7300,0
sz000061,0,0,0
sz002867,0,0,0
sh601199,0,0,0
sh603101,0,0,0
sz300209,0,0,0
sz000886,23112,12106,0
sz000779,2732,2732,0
sh600873,0,5000,0
sz002060,0,7000,0
sz300440,0,0,0
sh600768,4104,805,0
sz002264,133207,128635,5713
sz002439,41196,30477,624
sh600130,5505,1740,0
sz300245,8325,6113,0
sh600839,10064,105998,0
sh603355,0,0,0
sz000802,11546,4874,0
sz002777,0,0,0
sz000815,0,0,0
sz002501,1299,1299,0
sh600339,0,0,0
sh603997,1796,0,0
sz000856,16592,9901,2749
sh600845,597,800,0
sz002415,71986,76421,2113
sh600233,0,0,0
sz002581,0,0,0
sz002265,4179,688,0
sh600161,74491,100307,6618
sz300232,1274,1274,0
sz300067,0,0,0
sz002563,0,3312,0
sh603466,560,261,0
sh600099,0,0,0
sz002887,0,319,0
sz300034,898,898,0
sz000533,69161,11999,0
sz002620,0,0,0
sh603233,0,0,0
sh600623,0,0,0
sz002810,509,509,0
sz000731,2580,2580,0
sz300381,0,0,0
sh600350,4301,15862,0
sh603767,0,0,0
sz000951,1324,2610,0
sz002066,973,0,0
sh600657,0,0,0
sh600568,34889,27515,0
sz002640,4016,2810,0
sz002467,11189,12579,0
sh600131,0,0,0
sz002825,0,0,0
sh603678,2744,0,0
sh603421,0,0,0
sz000572,19175,14802,0
sh601019,5225,9113,0
sh603099,0,0,0
sz002876,0,0,0
sz002903,312,603,0
sz300586,17402,7863,826
sz002748,0,0,0
sz002886,602,795,0
sh601001,0,2270,0
sz300005,0,0,0
sh601118,3051,26469,0
sh601788,6614,32112,0
sz300256,16115,5335,0
sz002518,617,1400,0
sz002755,0,0,0
sh600868,13352,0,0
sz300502,2205,2954,0
sh600120,0,800,0
sz300300,1453,2284,0
sh600050,156661,292247,0
sh603111,0,1991,0
sh603129,0,0,0
sh601928,0,0,0
sh600310,0,0,0
sh600225,0,2400,0
sz000048,0,974,0
sz300168,15103,20340,0
sh603955,1754,272,0
sz002327,15896,1096,0
sz002524,71750,37457,2248
sz300123,0,0,0
sh600977,0,2822,0
sz002207,0,0,0
sh600168,0,0,0
sh600843,1144,0,0
sh600565,0,10568,0
sz002841,206,206,0
sh603996,0,0,0
sz300270,3545,0,0
sz002144,0,0,0
sz000931,4402,0,0
sh603198,0,0,0
sz300200,0,0,0
sz002029,0,0,0
sh603969,0,882,0
sz002251,54552,29335,1767
sz300384,0,0,0
sz002020,3353,8351,0
sh603860,0,0,0
sz002833,169,169,0
sz300304,0,0,0
sz000852,10830,1312,0
sz300241,691,2319,0
sz300239,0,0,0
sz300337,1423,1423,0
sh600884,4889,4259,0
sz002769,0,0,0
sz000791,0,0,0
sh600022,84483,160928,0
sz300265,0,0,0
sh600363,0,0,0
sh600561,0,0,0
sh600300,0,7911,0
sz000506,2295,3847,0
sz002383,6738,11241,0
sz002635,2596,6425,0
sz002613,0,0,0
sz000921,3573,2361,0
sz002339,7277,4285,0
sh603711,5054,8418,0
sz300357,0,500,0
sh600598,17021,12811,0
sz002653,0,0,0
sh600567,44003,14406,0
sh600202,0,1505,0
sz300575,0,0,285
sz000726,0,0,0
sh603027,1199,0,0
sz002425,3411,0,0
sz002627,0,0,0
sh600080,0,0,0
sz300513,0,0,0
sz002083,0,0,0
sh600386,0,0,0
sh600778,0,0,0
sz000839,107292,91713,0
sz000409,0,0,0
sh600748,0,0,0
sz300243,0,0,0
sz002194,4340,6168,0
sz002299,1829,1829,0
sh603698,0,0,0
sz000671,101809,129601,0
sz002397,13420,7286,0
sz300663,0,0,0
sh603890,0,0,0
sz002322,0,2800,0
sz300009,38906,27952,661
sh601677,0,0,0
sh600509,2018,1683,0
sz000514,0,0,0
sh600376,0,0,0
sz002204,29929,36783,0
sz002017,0,0,0
sh600812,0,2100,0
sz002121,4003,4000,0
sh600436,1202,1914,0
sh600268,0,0,0
sz002143,1290,7859,0
sz002638,18591,16187,0
sh600275,3575,0,0
sz002570,0,3812,0
sh603159,0,0,0
sh601567,1200,0,0
sz300122,4991,2781,0
sz000628,0,0,0
sh603320,0,0,0
sz002763,0,0,0
sz002538,3102,0,0
sz300623,604,882,147
sz300476,0,0,0
sz002679,0,0,0
sz002174,3264,4654,0
sh600783,702,800,0
sh600299,0,0,0
sz000559,3482,5266,0
sz300215,0,0,0
sz300691,291,528,0
sh603126,0,0,0
sh600351,0,0,0
sh600887,114210,118926,3585
sh600894,0,0,0
sz300129,0,0,0
sh600433,0,0,0
sh600315,2260,829,0
sh601515,0,0,0
sh600736,0,0,0
sh603708,11952,4978,510
sz000822,4833,1216,0
sz002700,4712,1110,0
sz300657,874,2906,0
sz000811,0,0,0
sz002304,5755,5387,256
sz002521,0,0,0
sz300139,0,0,0
sz002557,0,0,0
sz002242,656,1856,0
sh603889,0,0,0
sz002452,0,0,0
sz002115,0,0,0
sz300131,10312,2675,0
sh600516,59770,84037,5856
sz000426,0,1363,0
sh601155,8670,14458,0
sh603081,0,0,0
sh603268,0,0,0
sz300362,1674,4576,0
sz000965,11147,0,0
sz300188,59917,43279,1943
sz002139,0,3846,0
sz002111,0,0,0
sz002474,1137,1137,0
sz300496,461,2422,0
sz002376,0,0,0
sz000333,104954,96267,5125
sz000859,0,0,0
sh603776,211,456,0
sz002775,2580,1420,0
sz300307,0,0,0
sz002058,0,1600,0
sz300138,0,0,0
sh601969,0,0,0
sh600850,1142,525,0
sz300556,0,0,0
sz002436,72245,73206,0
sz002682,906,0,0
sz300259,0,0,0
sh600820,8756,1334,0
sz000404,0,0,0
sz002497,119059,144194,5594
sz000619,0,0,0
sh603970,5291,4593,0
sh603113,0,0,0
sz002602,0,4850,0
sh600416,1495,6069,0
sh600033,3303,0,0
sh600575,0,0,0
sz000018,0,2200,0
sh601126,0,0,0
sz002283,1800,0,0
sh603806,313,0,0
sz002896,0,0,0
sh603683,671,982,0
sh600212,0,1200,0
sh600757,2004,1500,0
sz300264,4000,0,0
sz300306,0,0,0
sz300465,0,0,0
sh600482,8905,10186,0
sz002634,190679,78275,8084
sz000008,0,0,0
sh600475,0,0,0
sh600624,0,4431,0
sz300676,9788,10902,1816
sh600481,0,0,0
sz300721,9439,3567,396
sz002708,2199,2199,0
sz300347,367,367,0
sz002401,3672,1765,0
sh600015,28466,45065,0
sz002329,0,0,0
sh600976,0,0,0
sz000010,17784,9668,0
sh600116,0,0,0
sz002216,4376,0,0
sz002564,0,0,0
sh601500,0,0,0
sh600546,0,5916,0
sz002469,0,0,0
sh600107,0,8870,0
sz300679,0,395,0
sh603036,0,0,0
sh600503,0,2366,0
sz000707,0,0,0
sz002654,0,29256,0
sz000977,84631,47228,1016
sh600703,79662,75892,3585
sh601877,1495,2584,0
sh601636,155245,84292,2849
sz002323,47725,47327,0
sh600712,0,0,0
sz002402,40453,9688,0
sh600189,0,0,0
sz002348,3134,0,0
sz000877,117379,92317,1284
sh600493,0,0,0
sh603090,0,0,0
sz000705,0,0,0
sz002154,0,0,0
sz300517,0,0,0
sh603808,0,0,0
sz000659,6768,7342,0
sz002484,1172,1172,0
sz002183,13148,25033,0
sh603938,1879,589,0
sz300022,23536,16034,0
sh603638,466,0,0
sz300512,0,0,0
sz300277,1921,0,0
sz002416,0,0,0
sz300079,0,4888,0
sh600639,0,0,0
sh600148,2786,736,0
sh603617,0,690,0
sz002374,6319,2319,0
sz002641,0,0,0
sh600747,0,0,0
sz000625,16285,21122,0
sh600962,0,0,0
sz000786,57248,40436,7718
sz002472,0,2002,0
sz002554,0,0,0
sz002063,6489,1094,0
sz002034,1600,0,0
sh601949,0,0,0
sz002332,2648,0,0
sh603607,682,0,0
sz300229,10538,11239,0
sh601811,0,0,0
sz002054,5471,6729,1000
sh603701,0,0,0
sz000663,0,0,0
sz000637,0,0,0
sz002187,3400,0,0
sh600243,0,0,0
sz002590,0,0,0
sz300525,0,0,0
sz300004,6316,3933,0
sz000001,475821,382276,6710
sh603557,0,0,0
sh600926,9105,12139,0
sz300696,0,0,0
sz002026,0,0,0
sh600137,383,0,0
sz000902,3776,0,0
sz300072,14282,16133,1146
sz002057,0,0,0
sz300441,0,0,0
sh600523,0,0,0
sz300456,3945,5545,0
sz000725,3916131,3885132,5946
sh601222,4473,7913,0
sz002234,2274,959,0
sz002389,13037,1875,0
sz300568,0,1010,0
sz002630,0,0,0
sz002619,8765,0,0
sz002828,0,0,0
sz300651,961,961,0
sz300577,0,0,0
sz002551,2400,1965,0
sz300030,0,0,0
sh600714,0,0,0
sh600970,17885,22099,0
sz002041,0,0,0
sz002117,1807,1807,0
sh600987,1020,3730,0
sh600456,2804,3324,0
sh600182,0,0,0
sh600726,0,0,0
sz300352,0,0,0
sz000069,62033,167864,2722
sh600037,2892,6669,0
sh601611,12684,7132,0
sh601991,6162,9151,0
sz300288,0,1926,0
sz002338,0,0,0
sh600423,0,0,0
sz000532,0,0,0
sz300305,0,0,0
sz002871,0,0,0
sh601169,46019,105228,0
sz300142,28852,28185,0
sz000993,0,0,0
sh601007,0,0,0
sz002043,2019,9000,3690
sh600570,14375,16517,1608
sh603619,1197,2154,0
sh600277,0,0,0
sz300097,10694,3955,828
sh600988,15685,13189,0
sz000955,0,0,0
sh603060,0,0,0
sh600891,0,0,0
sh603188,796,1587,0
sh600105,0,0,0
sz000712,40809,20813,0
sh600507,14214,22070,0
sz000596,2503,5281,522
sh600312,1051,0,0
sh600335,0,0,0
sh600269,0,11674,0
sz300174,0,0,0
sh600897,0,500,0
sh603628,0,0,0
sh600690,65480,69349,2203
sh600562,2104,0,0
sz002632,4426,0,0
sz300080,0,1830,1830
sh600391,1017,0,0
sz000800,20151,9674,0
sh601618,6534,30630,0
sz300019,0,0,0
sh603002,13557,0,0
sz000813,4167,0,0
sz300701,568,287,0
sz002345,5978,0,0
sz000039,52706,50974,2351
sh600395,0,9108,0
sh600301,0,1920,0
sz002542,9919,1934,0
sz002101,0,0,0
sh601878,7027,5319,0
sz300363,0,0,0
sh600501,0,0,0
sz002598,0,0,0
sz002757,0,0,0
sz002796,0,0,0
sh600895,1005,900,0
sz000720,0,0,0
sh603928,0,0,0
sz300536,2011,0,0
sz300453,0,0,0
sh603908,0,0,0
sz002230,201437,254743,12092
sz300550,0,537,0
sz002074,10325,16221,0
sz300437,880,880,0
sz000601,0,7200,0
sz002393,0,0,0
sh600549,3218,5859,0
sz300206,0,0,0
sz300387,0,0,0
sz002875,0,0,0
sz000875,0,0,0
sz300255,1563,1563,0
sh600996,0,0,0
sh600863,0,12202,0
sh600686,850,0,0
sz300058,4018,4200,0
sz002468,4356,4858,0
sh600356,0,0,0
sz300436,0,0,0
sz300222,1698,3453,0
sh600420,848,0,0
sh603707,1567,4057,500
sz300468,455,0,0
sz000611,0,0,0
sz002267,9179,11556,0
sz300641,5077,1939,1049
sh601688,61344,139360,1683
sh601898,2891,6766,0
sh601801,0,0,0
sz002803,0,0,0
sz002231,0,0,0
sz000958,9293,2897,0
sz300290,5361,6591,0
sz002131,35017,29178,0
sz002209,1055,1055,0
sz300535,0,0,0
sh600272,0,0,0
sh600679,1000,0,0
sz002706,0,0,0
sz002270,7764,14583,4499
sz300189,0,0,0
sz000669,2901,750,0
sh603777,0,0,0
sh600731,0,0,0
sz002879,34686,30951,1419
sz002843,0,853,0
sh600706,1270,0,0
sz002569,2391,307,640
sz002433,0,0,0
sz000045,0,1148,0
sz300507,0,0,0
sz300582,0,0,0
sh603258,0,0,0
sz000976,0,0,0
sh603169,0,0,0
sh603033,0,0,0
sh600866,0,0,0
sh603929,0,0,0
sz300211,0,0,0
sh601985,1519,14835,0
sh600732,0,0,0
sz002750,0,0,0
sh600422,0,0,0
sz000581,6195,4443,0
sh603901,0,0,0
sz002663,0,0,0
sz002475,62479,87221,4651
sz002519,0,0,0
sz300283,0,0,0
sh600698,9425,10019,0
sh600463,0,0,0
sh600898,2144,1097,0
sh601163,0,531,0
sz300613,1067,760,318
sz000837,0,0,0
sz002424,4131,0,0
sz002184,0,0,0
sz300253,0,0,0
sz000608,0,0,0
sz000938,11771,5436,1173
sz002390,1295,1300,0
sz002421,5641,18853,0
sz000998,11654,11683,390
sh600637,3349,3398,0
sh601016,0,8942,0
sh603007,0,0,0
sh603278,956,2623,539
sz000584,1678,4127,0
sz002238,994,994,0
sz002028,1600,2600,0
sh603535,0,0,0
sz300390,0,0,0
sh603038,0,0,0
sz002577,0,0,0
sz300534,0,0,0
sh600250,2030,0,0
sz002464,4230,1855,0
sz000159,0,0,0
sh600278,0,0,0
sz001979,15419,14855,0
sz000488,10027,10236,1228
sz000810,0,0,0
sz002085,0,0,0
sz000892,0,0,0
sz300089,19462,8205,0
sh600578,0,0,0
sz002671,0,0,0
sz002656,7069,7587,0
sz300155,0,0,0
sz300087,2565,0,0
sh600961,0,0,0
sz300459,0,0,0
sh600889,0,0,0
sz000831,2765,4765,0
sz002723,0,0,0
sh601127,8224,1281,0
sz002161,34334,68234,0
sh603166,0,0,0
sz002565,2524,0,0
sh600796,0,0,0
sz002201,1929,0,0
sz002585,0,0,0
sz002562,3699,11084,0
sz002915,0,0,0
sz002715,0,0,0
sh600428,2000,0,0
sz002411,9803,5881,0
sh603989,0,607,0
sz300528,0,0,0
sh600072,0,0,0
sh603918,0,0,0
sz002124,0,0,0
sz000568,18028,14671,872
sh603023,0,0,0
sz002768,0,0,0
sh600560,0,0,0
sz002677,1914,698,0
sz300549,0,0,0
sz002386,62616,39693,0
sz300251,5705,9835,0
sz002024,266902,217349,0
sz000788,0,0,0
sz300320,2224,4136,0
sz002646,0,0,0
sh600828,0,0,0
sh600218,0,0,0
sz300584,0,0,0
sz300447,0,0,0
sz300235,0,0,0
sh600784,0,0,0
sz300448,0,0,1000
sz300021,0,0,0
sh600438,19806,18180,0
sh600992,913,0,0
sz300672,2044,1309,0
sz300463,0,0,0
sh601010,0,0,0
sz300185,0,36716,0
sz002772,1804,0,0
sz300133,18758,1003,0
sh600285,2000,0,0
sh600029,132043,137847,9251
sz000552,0,10464,0
sz002770,0,0,0
sh601727,0,4248,0
sh600219,6334,36388,0
sz300148,9414,18114,0
sh600851,0,0,0
sh600179,19258,12130,0
sh603306,0,0,0
sz002726,0,0,0
sh603859,6663,9532,0
sz000792,64188,79091,0
sz300172,0,0,0
sz000528,14790,3137,0
sz002354,5568,8596,0
sh600862,0,0,0
sh603123,0,0,0
sz002790,0,0,0
sz002889,0,0,0
sh600078,0,0,0
sz002418,0,1196,0
sz002232,0,0,0
sh603360,660,0,0
sh600165,0,0,0
sh600811,0,2306,0
sz300254,0,0,0
sh600776,2010,5247,0
sh600663,0,1170,0
sz002555,3683,2104,0
sz000677,0,3047,0
sz002239,21645,4051,0
sh600809,2989,4593,0
sz002818,0,0,0
sz002173,0,0,0
sz002785,0,0,0
sz002061,7087,7990,0
sz300422,2064,664,902
sz002319,0,0,0
sh600648,0,0,0
sz002368,2381,862,0
sz300662,0,0,0
sz002321,69915,61566,4291
sz000818,3725,8962,0
sz000670,82950,64345,1406
sh600060,6101,4264,0
sh600597,2416,3348,0
sz002458,9033,2613,0
sz000923,1462,993,0
sz300111,5732,5732,0
sh603809,852,0,0
sh600936,0,0,0
sh603676,0,0,0
sz300134,23348,18162,0
sz002683,0,0,0
sz300326,0,0,0
sz300127,696,696,0
sh601900,0,0,0
sh601336,10836,17486,0
sz002593,0,0,0
sz300331,7424,3704,0
sh603633,0,0,0
sz300160,8929,7430,0
sz300626,0,0,0
sz000713,0,0,0
sz300606,0,0,0
sz002522,6178,5647,0
sh600572,0,0,0
sz002404,0,0,0
sz000016,3821,2005,0
sh601857,48763,108021,0
sz000558,2162,2162,0
sh600490,7265,10530,0
sh600803,46629,19947,2078
sz300583,0,0,0
sh600255,6842,5000,0
sh603003,0,0,0
sz300276,0,0,0
sz300346,0,876,0
sz002218,129764,85066,0
sh603183,0,0,0
sz002759,20946,804,1400
sh600283,1147,7070,0
sh600176,35782,23606,0
sz300173,0,0,0
sz300475,0,0,0
sh600725,8682,17122,0
sh600708,0,0,0
sz300617,0,0,0
sh603228,881,2105,0
sh603689,2313,1955,0
sh600487,36778,34052,3252
sz002862,0,0,0
sz002872,0,0,0
sz300031,1481,4053,0
sz300439,0,0,0
sh600821,0,0,0
sz002743,0,0,0
sz002361,0,0,0
sh600415,4135,12000,0
sh600210,2628,15894,0
sh601375,0,1824,0
sz300092,0,0,0
sz002880,0,0,0
sh600190,0,0,0
sz000929,0,0,0
sh600323,1000,0,0
sz002151,15150,19176,1385
sh601328,72435,95183,0
sh603076,0,0,0
sz300242,0,0,0
sz000682,0,0,0
sz300607,0,718,0
sz300151,0,0,0
sz300531,0,0,0
sz000816,9094,9094,0
sh600888,0,0,0
sz000966,0,0,0
sz300308,5206,5337,0
sz002431,2550,5668,0
sh600058,0,0,0
sh600545,16118,1198,0
sz002787,0,0,0
sz300588,1077,0,0
sz300099,0,0,0
sz300600,0,0,0
sz300316,58061,64413,2475
sh603127,200,0,0
sz000825,22289,34131,0
sz300105,0,0,0
sz002405,64394,81951,1155
sz300297,0,0,0
sz000710,1458,700,0
sh603978,634,229,0
sh603042,0,0,0
sh601107,0,0,0
sh600965,0,0,0
sz002892,3670,0,604
sz002661,0,0,0
sz002169,0,0,0
sh600550,0,2000,0
sz000733,13924,7994,0
sz300252,0,0,0
sh600602,0,0,0
sh600787,13791,37919,0
sh600439,0,1800,0
sh603016,581,253,0
sz000968,4673,4579,0
sz000793,166843,98404,0
sz300400,0,0,0
sz000534,0,0,0
sh600326,20808,7806,1175
sh600090,0,0,0
sz002618,3968,12281,0
sz000030,0,0,0
sh601088,5148,7806,0
sh600066,1040,2992,0
sh603022,0,0,0
sh603833,553,0,0
sz002916,0,0,0
sz000990,0,1212,0
sz300008,0,0,0
sz002490,0,0,0
sz002901,1026,0,0
sz000544,0,0,0
sz002629,0,0,0
sz300017,56907,114422,1013
sz300378,0,0,0
sh600909,0,5927,0
sz002486,0,0,0
sz002628,11401,5739,0
sh601002,7434,2328,0
sz000620,0,0,0
sh600256,435994,250293,0
sz300247,5270,1871,0
sh600461,1723,0,0
sz300653,1161,561,0
sh600971,2083,14087,0
sh600871,0,5000,0
sh600543,0,0,0
sh600618,0,0,0
sh603098,0,564,0
sz002330,17103,7052,0
sz002296,0,0,0
sz002253,0,0,0
sh600997,0,2932,0
sh601168,4158,12299,0
sh600502,1859,1801,0
sh600375,0,2437,0
sh600644,0,0,0
sh600303,0,0,0
sz300506,0,0,0
sh600122,7902,8122,0
sz002175,3972,4968,0
sh603685,300,340,0
sz300002,0,6550,0
sz002215,1498,1498,0
sz000755,8770,9238,0
sz002724,0,0,0
sh600291,2721,11365,0
sz002845,0,480,0
sz300037,0,0,0
sh600353,0,0,0
sh600282,53889,55895,3049
sh601228,15131,1880,0
sz000915,960,0,0
sz002127,7745,5930,0
sz002245,115057,81331,2395
sh603058,0,0,0
sh600774,0,0,0
sz300705,0,0,0
sz300095,0,0,0
sz300450,1850,1194,0
sz002703,0,0,0
sz300207,3004,0,0
sz002500,25974,36345,4982
sh603399,741,1775,0
sz300478,1578,0,450
sz002729,0,0,0
sh600031,113173,198078,5816
sz002864,0,1183,419
sz300541,0,584,0
sh600587,0,1571,0
sh601366,0,1218,0
sz300280,0,0,0
sz002643,964,964,0
sz002371,15271,20390,602
sh603398,0,0,0
sz000627,9998,8793,0
sh603991,0,0,0
sz002237,3578,8476,0
sh601595,0,0,0
sz002018,22000,8134,0
sh603000,0,1074,0
sz300312,0,0,0
sz000778,18339,30762,0
sz300130,1301,2651,0
sz002014,0,0,0
sh600030,124947,203660,3889
sh603993,158068,161704,2837
sz002774,0,0,0
sz002379,2947,2947,0
sz002081,15121,12074,0
sz000561,5953,9980,0
sh600853,0,0,0
sh600118,2136,2038,0
sz002780,0,0,0
sh603848,27857,25539,5954
sz300230,0,0,0
sh600338,3380,1451,0
sz300214,0,0,0
sz300509,0,0,0
sz300231,253011,498831,15836
sz300171,0,0,0
sz002532,1504,8904,0
sh600035,15010,3081,0
sz300291,0,3848,0
sz300146,4273,5045,0
sz300732,0,0,0
sz000838,0,0,0
sz002749,0,320,0
sz002046,0,0,0
sz001896,0,0,0
sh603716,0,0,0
sz002529,3047,3047,0
sh603586,0,0,0
sz300457,0,1438,0
sz002167,0,0,0
sh600295,6158,24232,1518
sz000613,0,0,0
sz000783,4372,27020,0
sh600580,0,3445,0
sh600775,0,0,0
sz002021,0,0,0
sz300497,804,0,0
sh600665,0,0,0
sz300275,0,963,0
sh603345,0,0,0
sh600138,526,1547,0
sz002568,0,0,0
sz300137,2421,0,0
sh601939,112417,220193,0
sh600319,1479,0,0
sh600098,0,0,0
sh600251,1974,3447,0
sz002558,1079,1385,0
sz300056,0,0,0
sh600677,923,0,0
sz300393,313,313,0
sz002132,12452,5001,0
sh600444,0,0,0
sz002403,0,0,0
sh603160,524,523,0
sh600021,0,0,0
sz000662,0,0,0
sz002149,0,0,0
sz300158,0,0,0
sh603630,0,0,0
sz300537,0,0,0
sz002836,996,0,0
sz002291,0,0,0
sz002198,0,0,0
sh600552,1814,2242,0
sh600939,0,0,0
sz002917,0,0,0
sh600093,0,0,0
sz300343,2373,0,0
sh600380,3471,14476,0
sh600592,8036,3801,0
sz002145,113256,53199,0
sh601899,460978,250101,0
sh600258,0,0,0
sz002158,1789,0,0
sz002180,0,3488,0
sz002309,0,0,0
sz000676,0,0,0
sz002817,0,0,0
sz300482,397,915,0
sz300500,3026,542,0
sz300451,448,448,0
sh600252,0,21967,0
sh601212,1537,0,0
sh600513,2012,0,0
sz002262,0,2158,0
sz002392,0,0,0
sh601377,37216,125146,0
sz300619,0,892,0
sz300344,1320,2928,0
sh600313,0,4000,0
sz000650,0,0,0
sh600791,0,0,0
sh601882,0,0,0
sh600633,747,1467,0
sz300055,33186,52954,1353
sh603909,0,0,0
sz000709,67867,148317,4872
sz002162,0,0,0
sz002762,0,0,0
sh601608,5688,0,0
sh600397,0,0,0
sh603885,2945,0,0
sz002226,11181,4397,0
sz300406,1342,0,0
sz300545,0,0,0
sh603178,0,0,0
sz300161,0,0,0
sz300675,878,913,378
sh603110,0,0,0
sz002476,6000,0,0
sz002048,18702,19959,2463
sh600133,0,1204,0
sh600381,0,0,0
sz300025,9259,1946,0
sz002873,0,0,0
sz002587,0,0,0
sh601158,0,0,0
sz002426,16037,28597,0
sh603339,0,0,0
sz002114,2943,923,0
sz300365,0,0,0
sz002451,0,762,0
sz002110,302161,237272,14226
sz300223,33523,23549,1014
sz002514,0,0,0
sh603616,0,0,0
sh603386,0,0,0
sh600531,0,2068,0
sz000565,0,0,0
sz300697,496,1283,0
sz002595,0,0,0
sz300578,0,0,0
sz300248,0,0,0
sz002107,0,0,0
sz000520,0,0,0
sh600405,0,0,0
sz300547,0,0,0
sz000049,527,2588,0
sh600917,0,0,0
sz300353,0,0,0
sz000666,3360,2360,0
sh600782,24057,34066,0
sz002611,0,0,0
sh600488,0,0,0
sh601958,0,0,0
sz002857,2600,709,0
sh600267,0,0,0
sz002447,14377,8895,0
sz002813,1000,0,0
sh600601,0,5935,0
sh600393,0,10162,0
sz300201,0,0,0
sz002855,0,0,0
sz002664,0,6300,0
sh600619,0,0,0
sh603679,0,0,0
sh600628,0,1077,0
sh603920,0,616,0
sz002812,602,0,0
sz300388,3613,984,0
sz300226,674,1632,0
sz000686,11451,11383,0
sh603197,0,216,0
sh603618,0,0,0
sh600016,125310,277895,0
sz000301,20021,7027,0
sz300054,25088,46845,1066
sz002217,67120,63424,4023
sz002848,0,0,0
sh600647,1067,0,0
sh600298,2002,1569,0
sz000863,3355,5263,0
sz300398,0,0,0
sz000927,16555,14997,0
sz002695,838,0,0
sz000543,0,0,0
sh600864,0,0,0
sh603336,0,0,0
sz000610,0,0,0
sz300689,317,1616,0
sh600563,0,687,0
sz002815,0,375,0
sh600385,0,800,0
sz300096,11165,7406,0
sz002503,0,0,0
sh600814,0,0,0
sh603131,0,0,0
sz300539,0,0,0
sz002625,774,0,385
sh603069,0,0,0
sz000537,0,0,0
sz300351,0,0,0
sz000969,18714,14677,0
sz300598,0,0,0
sz002192,2452,1975,0
sh603536,0,3070,0
sz000723,3634,3634,0
sh603298,0,0,0
sh600556,0,0,0
sh600495,0,0,0
sz300176,4673,3005,268
sz000503,114341,111305,8460
sh601766,231720,165698,11261
sh603801,0,0,0
sz000576,0,0,0
sz002286,0,0,0
sh600220,6590,0,0
sz002278,3027,1226,0
sz300491,0,0,0
sh600517,4636,9310,0
sz000691,0,0,0
sz300719,1765,1098,0
sh600228,1077,2110,0
sz002228,0,0,0
sz000967,0,0,0
sz002907,1472,928,0
sh600696,0,0,0
sz000553,1898,988,0
sh600599,1335,1099,0
sh600728,0,4438,0
sz000777,665,665,0
sz300562,593,1251,0
sz300629,344,0,0
sz300169,5221,3470,0
sh601101,0,2335,0
sz300681,0,0,0
sz002882,0,0,0
sz000504,39759,62158,480
sh600770,17050,47371,1549
sh600235,0,0,0
sz300642,0,0,0
sh600805,0,0,0
sz002463,63435,99339,0
sh603199,2046,4454,0
sz002623,0,0,0
sh600790,0,0,0
sz002130,0,0,0
sh603299,0,3543,0
sh600418,12267,8123,0
sh603600,0,0,0
sh601968,0,0,0
sz002637,13020,21442,1231
sz000973,0,0,0
sz002701,15883,13457,0
sz000753,0,0,0
sz300268,1080,700,0
sh600079,0,2555,0
sz000046,0,0,0
sz002913,2116,1314,0
sz300521,3488,4880,0
sh600089,5132,11925,0
sh601177,0,0,0
sh600707,0,0,0
sz000681,2794,1502,0
sz002050,32601,38236,0
sh600462,0,0,0
sz002027,281998,218002,6207
sh603316,0,0,0
sh600900,9778,10381,0
sz000898,19007,34801,0
sh603869,0,0,0
sh603289,680,0,0
sh601326,10519,3843,0
sh603906,0,0,0
sz002471,0,0,0
sz000563,4636,4636,0
sh603157,0,0,0
sz000004,1508,1508,0
sh600468,0,0,0
sz300561,0,0,0
sh603333,0,0,0
sh603606,0,0,0
sz000631,0,0,0
sz300413,13608,10476,763
sz300033,1667,2347,520
sz002811,0,0,0
sh600185,0,0,0
sh600027,0,2636,0
sh600593,0,0,0
sz000541,0,0,0
sz002380,0,0,0
sh603866,0,0,0
sz300425,0,0,0
sh600835,13245,28535,0
sz000622,0,0,0
sz002846,790,0,0
sz000027,0,0,0
sz300246,0,0,0
sz002449,5489,8537,794
sh600158,2100,0,0
sz000698,0,0,0
sz300282,0,0,0
sz002552,0,0,0
sz002040,0,0,0
sz300518,0,0,0
sz000554,12841,3556,0
sh601628,18375,20131,0
sz002736,949,14101,0
sz300560,960,1138,0
sz002213,2722,4926,0
sz002164,0,3600,0
sz300423,0,0,0
sz002274,0,0,0
sz300399,560,0,0
sz300610,0,0,0
sz002347,0,0,0
sh600999,3903,24552,570
sz002666,0,0,0
sh603690,2190,2289,0
sz300711,443,3181,1381
sz300328,0,0,0
sz002603,0,0,0
sz300311,0,0,0
sz002445,1061,0,0
sh600061,0,1589,0
sz300665,0,0,0
sz002263,74131,428275,3777
sz002642,2004,0,0
sh600769,0,0,0
sz000096,0,0,0
sz002108,1009,0,0
sz002055,1448,3832,0
sh600327,0,0,0
sh601798,0,0,0
sh600629,0,0,0
sz300638,1238,1217,298
sh600188,1992,3934,0
sz002533,0,0,0
sh601009,26233,36406,0
sh603368,0,0,0
sh600721,0,0,0
sz000962,0,0,0
sh603232,0,0,0
sz000612,1201,1201,0
sz000890,0,0,0
sz002056,7671,26168,0
sh600383,4319,17151,0
sz300182,0,3856,0
sh600615,0,0,0
sh600892,1226,0,0
sz000550,0,0,0
sz002765,0,0,0
sh600153,2519,5823,0
sz000988,4229,7328,0
sh603165,398,1309,0
sz300542,0,576,0
sz000926,2072,3101,0
sz000656,0,13282,0
sz300611,0,0,0
sh600661,1449,0,0
sz300417,0,0,0
sz000548,0,0,0
sh600688,0,6533,0
sz000887,1047,0,0
sz002870,0,0,0
sh600425,19259,4545,0
sz000635,0,0,0
sz000809,0,0,0
sz002229,1099,4160,0
sz300029,0,0,0
sh603899,465,0,0
sz002311,0,0,0
sh601012,36859,37981,1565
sh600908,1883,0,0
sz002241,42111,32916,1650
sz002363,0,0,0
sz002042,8080,3727,0
sh600585,38522,45446,1657
sz002342,2863,0,0
sz000918,15955,25139,0
sh600800,0,0,0
sh603699,0,0,0
sh600419,0,0,0
sz300677,4287,6057,724
sh603883,1275,503,0
sh601225,57769,78657,0
sh600020,2146,5264,0
sh600716,0,0,0
sz300710,2403,2765,0
sz300147,8324,5257,0
sh600740,3994,7232,0
sh600399,0,0,0
sz300442,0,0,0
sz002002,2438,2438,0
sz002165,0,0,0
sz002279,12133,10453,0
sz002248,0,0,0
sz002112,0,1204,0
sh603990,0,0,0
sz002355,0,2344,0
sh601689,0,0,0
sz002714,10771,11705,596
sh601108,37520,23923,4003
sz000078,12314,16548,0
sz002766,0,0,0
sz002732,0,0,0
sz300726,4382,7006,0
sz000970,10679,12475,1304
sh603303,0,0,0
sz002285,38013,73476,1081
sz300595,0,0,0
sz300636,0,0,0
sz002601,6268,8154,0
sz300057,0,0,0
sz002624,0,1182,0
sh600183,18874,11953,3544
sz002510,5008,10696,0
sh600779,636,1176,214
sz002660,0,0,0
sz002294,18702,14674,1638
sh600649,0,0,0
sh600525,802,3301,0
sz300121,999,999,0
sh600724,0,0,0
sz002539,0,0,0
sz300053,20851,16733,0
sz000685,0,5000,0
sh603203,0,0,0
sz300720,396,0,0
sh600094,0,0,0
sh601390,1272,27879,0
sh600614,11598,6207,0
sh600793,0,0,0
sz300244,3759,5481,0
sz002789,0,0,0
sh600984,0,0,0
sz300154,0,6000,0
sz000906,0,0,0
sz002523,0,0,0
sh600262,0,0,0
sz002185,545812,574633,11172
sz002823,0,0,0
sh600827,8361,2168,0
sh603006,0,0,0
sz000545,0,0,0
sz300093,0,0,0
sh600701,3740,0,0
sz002730,23820,24596,0
sz002225,0,0,0
sz002022,0,1364,0
sz300116,0,0,0
sh603566,0,0,0
sh600754,0,1433,0
sz002362,534,2253,0
sz000551,0,0,0
sh600366,0,3926,0
sh600387,2050,0,0
sz300205,0,0,0
sh603458,4050,6688,186
sh600121,0,3640,0
sz002798,893,2499,0
sh600668,0,0,0
sz300609,2026,520,0
sz002829,2402,8004,0
sh600284,0,0,0
sz002135,1476,1476,0
sh603181,0,0,0
sh600166,8639,21780,0
sz300654,1442,964,0
sz000633,1294,1294,0
sh600175,4000,14201,0
sh603309,0,0,0
sh600271,123611,56106,2050
sz300217,0,0,0
sz300194,0,0,0
sh603011,0,1060,0
sh600584,24969,41454,1540
sh600610,0,0,0
sh600673,29886,15499,0
sz002095,323,323,0
sz000609,0,0,0
sz300573,0,0,0
sh600064,0,1583,0
sz300237,0,0,0
sz000910,0,3902,0
sh600617,1240,26911,0
sh600491,0,1005,0
sz300181,20371,26548,0
sz000878,835,2200,0
sz002791,0,0,0
sz000715,0,0,0
sz002427,10965,15555,0
sz300632,0,0,0
sh600392,6026,7389,0
sh600718,766,754,0
sh601238,7702,1882,0
sz002816,0,0,0
sz300508,0,0,0
sz002793,0,0,0
sz002073,2878,15970,0
sz300233,0,0,0
sz000531,0,0,0
sz002863,11442,15052,0
sh600626,0,0,0
sz000739,2055,0,2055
sh600039,0,0,0
sh600203,0,0,0
sz300643,0,0,0
sz002505,0,0,0
sz002657,1934,1284,0
sz000157,62082,47766,0
sh600893,4801,3296,0
sh601098,3009,3805,0
sh600844,1977,5735,0
sz000560,1086,0,0
sz000519,51083,19408,0
sz300529,0,0,0
sz002305,0,0,0
sz002406,0,0,0
sh600640,0,0,0
sz000736,0,0,0
sz300628,439,511,0
sz000759,39916,34385,3773
sz300408,43675,56301,666
sh600095,0,2882,0
sh600746,0,0,0
sh600872,1008,1533,0
sz002141,0,0,0
sz300452,0,0,0
sh600654,19861,39098,0
sz002910,1264,0,0
sh600369,2506,84611,0
sh603722,345,521,0
sz000885,3948,8759,1239
sz002256,0,0,0
sz300640,0,0,0
sh601339,0,0,0
sh600191,0,1496,0
sz002636,2159,2159,0
sh603338,0,0,0
sz000761,0,0,0
sz300621,0,0,0
sz002702,0,0,0
sh600081,0,0,0
sh600038,4099,2697,0
sh600354,6134,1686,0
sz300555,0,0,0
sz002513,0,0,0
sh603136,0,0,0
sh603976,0,0,0
sh600652,0,0,0
sz002126,2418,0,0
sh600177,0,16432,0
sz000795,0,0,0
sz000521,0,0,0
sz002334,5951,3281,0
sh603337,0,0,0
sz000040,0,0,0
sh600499,15370,25157,0
sz002150,0,0,0
sz002395,5646,2972,0
sh603519,0,0,0
sz002645,0,0,0
sz300635,4961,2531,0
sh600704,0,7591,0
sz002444,904,0,0
sz300234,0,0,0
sz300713,125,0,0
sz300484,0,0,0
sh600012,0,0,0
sh600605,0,0,0
sz300563,0,0,0
sz000697,2157,5638,0
sz002869,0,0,0
sz002170,1800,0,0
sz300559,602,0,0
sz002760,14358,51359,640
sh600246,0,0,0
sh601186,15567,28278,0
sh600293,4300,0,0
sz000418,483,1046,0
sz300686,0,0,0
sh600361,0,0,0
sz002113,2000,0,0
sz002673,35662,85666,0
sh601099,15689,15127,0
sh600276,6833,10324,536
sz300687,0,212,0
sz000893,6000,0,0
sh600693,0,934,0
sh600527,0,0,0
sz000782,0,0,0
sz002648,28840,9725,0
sh600302,0,0,0
sz002858,0,0,0
sz300075,0,894,0
sh603987,0,0,0
sz002036,26521,38749,2278
sz300040,0,0,0
sz000981,0,0,0
sh603108,0,0,0
sz000858,76978,82220,5250
sh601996,0,0,0
sh603637,1084,0,0
sh600841,1087,4847,0
sz002779,0,0,0
sz300108,0,0,0
sz002295,0,0,0
sz002465,6816,3816,0
sh600825,0,6630,0
sh601231,16123,15490,0
sz000636,89524,101207,0
sz300038,68148,65778,5100
sz000025,1017,683,0
sz000780,11609,0,0
sh600780,0,2939,0
sz002287,0,0,0
sz000088,11974,1379,0
sz300480,0,0,0
sz002866,0,0,410
sh601229,6501,6940,0
sh601333,109482,31229,0
sz300667,0,0,0
sh600737,4372,0,0
sz300281,0,0,0
sh601668,109916,164870,0
sz002084,0,0,0
sh600998,0,0,0
sh600115,127578,66724,0
sz002454,0,2002,0
sh600452,0,0,0
sz000823,30556,62039,1136
sz002196,0,0,0
sz300730,0,0,0
sh600201,1941,1911,0
sh600538,0,0,0
sh600091,0,0,0
sz002255,0,0,0
sz000718,0,0,0
sh603789,1351,0,0
sh600603,0,0,0
sh600837,26590,51007,0
sz002485,0,0,0
sh600469,0,0,0
sh603008,657,0,0
sz000498,3000,0,0
sh603727,0,0,0
sz002584,14685,5843,0
sz300298,1241,1241,0
sh603728,0,0,0
sz002800,0,0,0
sh600111,31187,74027,0
sz000099,2093,0,0
sh600681,4013,0,0
sz300690,0,0,0
sh600804,7057,28006,0
sh600741,6905,9079,785
sh600358,0,0,0
sh600048,232472,192463,6453
sz000828,6986,6319,0
sz002007,4347,2674,0
sh603886,0,0,0
sz300166,51172,56130,0
sz300274,11387,7708,0
sz002853,455,455,0
sz000020,0,0,0
sz000513,8811,10467,361
sz000037,0,3256,0
sz300558,1952,1039,587
sz002102,31454,11746,0
sz300391,0,0,0
sz300289,0,0,0
sh603277,0,0,0
sz002136,0,1212,0
sz002495,0,0,0
sh603179,0,0,0
sz002600,90229,165800,0
sz300107,0,0,0
sz000411,0,0,0
sh601058,0,3000,0
sz300327,3665,1278,0
sz000599,0,0,0
sz300195,0,0,0
sz300339,0,0,0
sh603816,683,630,0
sz002306,0,0,0
sh603167,2092,0,0
sh600329,0,0,0
sh600751,9125,6393,0
sz002385,19692,10060,0
sh600869,0,0,0
sh603383,0,0,0
sz300543,0,0,0
sz300645,0,261,0
sz002487,0,0,0
sz300218,0,0,0
sh603979,0,0,0
sz000721,0,0,0
sh601890,0,0,0
sh603005,2425,1768,726
sh603218,0,0,0
sz300461,163,163,0
sh603721,0,0,0
sz002541,0,0,0
sh603797,1841,1209,0
sh601218,0,0,0
sz002911,21822,6216,0
sh603077,10002,32326,0
sh600478,0,0,0
sz300458,21062,20296,1047
sz000687,0,3061,0
sh600792,0,2654,0
sz300685,0,0,0
sh600990,0,374,0
sz000595,6508,0,0
sz000050,36390,42919,1044
sz300045,6237,876,0
sh600306,0,954,0
sz300373,6218,5970,0
sh600824,0,0,0
sz300073,2741,1325,0
sh601139,20275,8205,0
sh603966,0,0,0
sz002890,0,0,0
sh600738,0,0,0
sh603029,0,0,0
sh603366,1737,0,0
sh601601,11691,19077,470
sh603615,1425,0,0
sz002698,0,0,0
sz000722,0,0,0
sz002097,0,0,0
sz002086,31184,55557,0
sz300693,0,0,0
sh600000,11810,24238,0
sz300150,0,0,0
sz002315,0,0,0
sh601208,0,0,0
sz000667,8599,20398,0
sz002317,10566,3774,0
sh603021,1000,0,0
sz002105,0,0,0
sh603803,0,0,0
sz002543,0,0,0
sh600583,6005,4643,0
sz002631,0,0,0
sz000851,0,3220,0
sh600406,37170,58431,1191
sz300078,16011,8076,0
sh600396,0,0,0
sz002420,0,0,0
sz000517,4076,4076,0
sh600222,0,0,0
sh600966,20218,7630,0
sz300473,0,0,0
sh600642,51624,22599,0
sz002045,7069,3314,0
sz000589,0,0,0
sz300421,0,0,0
sz002891,1179,642,0
sz002400,0,12000,0
sh600596,1430,0,0
sz300332,9406,4841,0
sz000415,27093,27200,0
sz300164,0,0,0
sz000692,0,0,0
sz300106,0,0,0
sz002013,9607,0,0
sz300348,0,0,0
sh603916,630,650,0
sh600830,11490,22857,0
sh603367,0,0,0
sz300016,0,0,0
sh600223,3300,3033,0
sz002221,31358,26399,0
sz000798,0,0,0
sh603608,0,0,0
sz300263,2977,1284,0
sz002052,0,0,0
sz000701,0,0,0
sh600330,68932,121838,0
sh603043,0,0,0
sz002494,0,0,0
sh600697,0,496,0
sh603879,1700,0,0
sz000403,31856,15757,0
sh600981,0,0,0
sz002302,370277,202274,9666
sz002222,2863,11378,1722
sh603665,0,0,0
sz300581,0,0,0
sh600259,0,0,0
sh600896,0,0,0
sz300042,4098,1302,0
sz002502,1226,1226,0
sz300052,2842,1362,0
sz002261,153750,150801,7031
sz002350,1623,1623,0
sz300389,0,0,0
sh600104,40062,49311,2140
sh603568,0,0,0
sh600316,0,680,0
sz002396,37244,36197,0
sz002079,87126,95648,0
sh600589,0,0,0
sh600557,0,0,0
sh600011,0,16358,0
sh600577,0,0,0
sz300616,0,0,0
sz300433,30578,33815,739
sh600408,0,13240,0
sh603018,0,0,0
sz002300,0,0,0
sz000582,0,0,0
sh600053,635,0,0
sz002360,0,0,0
sz002275,0,0,0
sz002713,0,0,0
sz300303,3248,3248,0
sz002197,14163,9794,0
sz300658,0,0,0
sh601021,284,481,0
sz002566,0,0,0
sz000587,7221,10954,0
sz002840,7707,5644,0
sz002019,34604,44099,6079
sz300221,0,0,0
sh600660,2282,1392,0
sz002064,8259,14118,0
sh600535,300,0,0
sz000632,0,1615,0
sh603599,0,0,0
sz000876,13998,52482,0
sz000063,459010,382363,18236
sz000830,210639,211650,3660
sh600068,30195,98923,0
sz300088,70517,100103,0
sz000983,24299,42051,0
sh603396,0,0,0
sh603200,0,0,0
sh603286,338,350,0
sh600193,0,0,0
sz300601,1702,828,0
sz002214,35077,50613,0
sz000913,2804,580,0
sz000738,797,0,0
sh600067,0,0,0
sz002832,0,0,0
sz000597,3979,4058,0
sz300330,0,0,0
sh600713,0,0,0
sh600771,300,1176,0
sh600305,0,2705,0
sh603318,2487,0,0
sz300670,0,0,0
sz002125,1523,1523,0
sz002647,0,0,0
sh600217,6695,10838,0
sh603096,0,191,0
sz002670,3519,7255,0
sz300688,0,0,391
sh601997,828,8622,0
sz002394,0,9299,0
sh600743,0,0,0
sz002092,35141,56332,0
sz002721,24437,10314,2231
sz002236,224150,179477,7581
sh600207,0,19301,0
sz002435,0,0,0
sh600076,1769,1513,0
sh603611,0,0,0
sh603798,0,0,0
sh600838,0,0,0
sz002065,13547,61650,0
sh600773,0,2776,0
sh601988,140366,229314,0
sh603779,0,0,0
sh600126,0,0,0
sz002511,0,0,0
sz000690,25986,14186,0
sz300420,0,0,0
sh603330,0,0,0
sh600236,1996,0,0
sz300197,16592,15936,0
sz002212,11860,11152,30662
sz002847,0,0,0
sz300018,0,0,0
sz000523,0,0,0
sz000776,53474,40683,0
sz002459,0,0,0
sz300081,0,0,0
sh600195,0,0,0
sz002333,0,0,0
sh603858,0,1206,0
sz300026,37851,27847,0
sh600967,3320,4045,0
sh600215,4071,0,0
sz000156,2949,7187,0
sz300101,3709,5645,0
sz300302,1300,2198,0
sz300314,0,0,0
sz300179,0,0,0
sh600678,6000,0,0
sz002900,555,0,0
sz000952,0,0,0
sz300407,0,0,0
sh601028,0,0,0
sz000919,0,0,0
sh600522,371693,228785,11393
sz300224,3251,4198,0
sz002583,26402,12553,0
sz002605,0,0,0
sz002527,0,0,0
sh600510,0,0,0
sh603855,0,0,0
sh603667,0,0,0
sz300668,0,0,0
sh600643,1001,1000,0
sz300494,7860,2230,0
sh601117,5293,4918,0
sz300100,0,0,0
sh601555,1132,15234,0
sz002003,0,0,0
sz300385,0,0,0
sz002621,0,0,0
sh603138,20077,18437,5063
sh600149,0,1807,0
sz002407,13852,10570,0
sz000807,140352,156181,2878
sz300321,0,0,0
sh601100,1056,1185,0
sz300271,3568,10731,0
sh600311,23862,7674,0
sz002008,92977,99721,4602
sz000728,36110,34569,2471
sh601918,16624,18229,0
sz002482,0,0,0
sh600903,81723,79440,6668
sz300145,3976,4346,0
sz300386,0,1604,0
sh600859,29480,31108,0
sh600083,0,600,0
sh600537,2020,5106,0
sh603030,0,0,0
sh600132,18552,14314,0
sz002612,0,0,0
sh600359,1746,0,0
sz000407,1545,4966,0
sz300338,0,1018,0
sh601666,4103,27423,0
sh600711,6600,11768,0
sh600600,21213,15923,2350
sz002010,3010,0,0
sz000869,2054,1570,0
sh603737,0,0,0
sz002912,17205,13695,2407
sh600192,0,0,0
sh603300,0,0,0
sh600710,3488,0,0
sz000737,19012,0,0
sz002718,0,0,0
sz000606,0,0,0
sz300011,0,4204,0
sz300203,1808,2049,0
sz300514,368,0,0
sh601998,11689,36801,0
sh603999,0,0,0
sh600340,22254,47815,2411
sz300481,0,0,0
sz002835,0,0,0
sz300715,375,0,0
sz300671,2132,622,300
sz300318,0,0,0
sz002247,0,0,0
sz000021,78420,53742,0
sz002480,2750,2750,0
sz002044,12624,19730,1991
sz002688,0,0,0
sz300596,0,0,0
sz002797,85442,126458,0
sz002293,2000,0,0
sh601018,11002,0,0
sz002895,18573,21383,1928
sz000652,0,0,0
sz000066,62260,28146,0
sz300325,9963,8040,0
sz002461,0,0,0
sz002258,4667,2917,0
sz000590,0,0,0
sz002842,0,0,0
sh603626,0,0,0
sh600958,4539,7601,0
sh603508,0,0,0
sz002090,0,0,0
sz002607,0,0,0
sz300350,0,0,0
sh600758,0,4610,0
sh600636,0,4082,1806
sz000502,0,0,0
sh600086,1010,1001,0
sz002457,10382,8801,0
sz000982,3242,3727,0
sz002693,0,0,0
sh603456,0,0,0
sh603822,0,0,0
sh603388,0,0,0
sz002615,0,0,0
sz000089,0,0,0
sz300479,4982,3264,1102
sz000881,0,0,0
sh600831,0,0,0
sz002080,798,0,0
sz300405,0,0,0
sz002530,0,0,0
sz000917,0,5999,1160
sz002356,7842,0,0
sh600635,43066,9629,0
sh603959,1511,0,0
sz300647,0,0,0
sh603358,0,0,0
sz002821,607,565,0
sz002243,0,0,0
sz300309,960,0,0
sz300428,0,0,0
sz002191,4062,7364,0
sz002528,6669,0,0
sh603269,0,0,0
sz002716,3410,1402,0
sz300329,2828,0,0
sh601258,0,11300,0
sh600978,0,2180,0
sh603800,0,0,0
sh600847,0,0,0
sz300487,0,0,0
sz000042,0,0,0
sz002129,2232101,1631161,89857
sz300354,0,0,0
sz300113,16716,42386,608
sh601808,1300,3458,0
sh600684,0,0,0
sh600198,5492,24304,0
sh600536,792,0,0
sh603180,328,226,0
sz002728,0,0,0
sz000536,7591,3033,0
sz300462,1194,861,0
sz002731,0,0,0
sz000889,0,0,0
sh603881,21679,18343,6916
sz300569,0,0,0
sh601777,0,0,0
sh600505,0,0,0
sz300063,0,0,0
sh600136,0,0,0
sz002138,7144,9585,0
sz300257,1081,4481,0
sh600867,4974,4303,0
sz000767,0,0,0
sz000539,0,0,0
sh600075,0,4762,0
sz002667,4009,2467,0
sz300477,0,7150,0
sz300024,4438,5115,0
sh600229,0,1379,0
sz002606,103589,96688,0
sz300163,0,0,0
sh603538,0,0,0
sz300376,23220,43812,1406
sh600548,2488,6928,0
sh603988,0,0,0
sz000012,23815,15487,0
sh603117,0,0,0
sh603660,2181,0,0
sz002516,14354,4892,0
sh600096,0,0,0
sh601038,0,0,0
sh601198,0,0,0
sz002548,0,0,0
sh600500,9368,5590,0
sh600106,0,0,0
sz300007,0,0,0
sz002712,0,0,0
sh601866,4576,9801,0
sh600051,0,6846,0
sz000732,4113,1314,0
sh603818,0,0,0
sh603555,0,0,0
sh601288,336878,654247,0
sz000901,0,1200,1243
sz000975,32146,54892,815
sz300048,0,0,0
sh601588,6000,0,0
sz300367,11206,11847,0
sh603811,0,0,0
sh600691,55948,36520,0
sh603738,0,0,0
sz300258,0,0,0
sh603089,0,0,0
sh600114,0,0,0
sz300220,1899,2082,0
sh600320,10839,6866,0
sz002118,6667,0,0
sz300183,3090,10932,0
sh601015,0,2817,0
sz000833,0,0,0
sz002792,7625,2133,590
sh600232,0,0,0
sh603017,0,0,0
sz002176,17863,38414,0
sh600539,0,5900,0
sh600750,0,1100,0
sh603677,1484,400,0
sz002573,20560,13525,579
sz002488,2648,0,0
sz002443,12958,11040,2160
sz002689,1905,1905,0
sh600621,7087,7429,0
sh603380,0,0,0
sh600689,0,0,0
sz000987,0,0,0
sz002146,35300,22808,0
sz002388,0,0,0
sz002737,0,0,0
sh600129,0,979,0
sz002508,3543,3012,786
sh600308,0,0,0
sz300682,0,0,0
sh600337,0,0,0
sz300279,0,0,0
sh603717,0,0,0
sz000060,10127,36488,0
sz300627,0,0,0
sz300210,0,0,0
sh601519,3000,0,0
sh601086,5099,4918,0
sz300489,0,0,0
sh600287,0,0,0
sz300604,214,520,0
sz002032,356,656,0
sz002325,0,0,0
sz300094,0,0,0
sh603825,0,0,0
sz300602,600,0,0
sz002742,9642,10483,0
sh600512,7240,2092,0
sz300485,0,0,0
sz000936,19883,24432,0
sz300020,19064,32969,0
sz000819,0,0,0
sh601111,65467,69995,0
sz300394,0,0,0
sh600117,0,0,0
sz002071,17725,17061,0
sh601069,3920,1908,0
sh600127,0,0,0
sh600197,0,4289,0
sz002351,0,0,0
sz000925,0,0,0
sz002506,85940,56999,0
sz300565,0,0,0
sh600290,0,0,0
sh600125,110186,87048,0
sz002082,0,0,0
sh603696,0,0,0
sh601106,3000,0,0
sz002137,0,0,0
sh600279,0,0,0
sz300570,27581,22368,3073
sz300322,2010,4020,0
sz300219,0,2594,0
sz300333,3093,6093,0
sh600699,5500,13655,318
sh600390,0,0,0
sz000100,404157,474618,4545
sz300356,0,0,0
sz300028,2350,2350,0
sh600200,0,0,0
sh600409,9096,19729,0
sz002850,0,0,0
sz002252,4032,1452,0
sh603308,784,1303,0
sz000978,0,0,0
sh600143,0,0,0
sz000419,0,0,0
sz300369,0,0,0
sz002678,0,0,0
sh600551,0,0,0
sz300470,0,0,0
sh603686,0,0,0
sh603321,0,0,0
sh603968,0,0,0
sz002259,0,0,0
sh600426,37826,23956,930
sz300519,0,0,0
sz300418,27089,35566,0
sz002481,6819,6819,0
sz000908,0,3670,0
sz000598,9378,10578,0
sz300576,0,0,0
sz300410,0,0,0
sh600692,0,0,0
sz002271,3048,6414,844
sz002493,84456,59586,5397
sz000501,19929,6343,0
sh600486,3557,257,0
sz300655,0,814,814
sz002051,0,677,0
sh603639,0,0,0
sz002499,0,0,0
sz300673,0,0,0
sh603556,0,0,0
sh603787,0,0,0
sh603078,600,0,0
sz300589,0,0,0
sh600653,0,0,0
sh600616,1138,0,0
sz300041,0,0,0
sh600059,0,0,0
sh603588,4824,1000,0
sh600449,2214,1476,0
sh603898,0,0,0
sh600559,8627,8598,0
sz002077,813,813,0
sh600128,0,0,0
sz002597,7030,10943,0
sh600819,0,0,0
sh600208,73521,69099,0
sh603725,1158,1817,0
sh601789,0,2324,0
sh603880,0,0,421
sz300036,0,0,0
sh600980,0,0,0
sz002140,0,0,0
sz300202,10326,0,0
sz300522,0,0,0
sh600348,0,5836,0
sh600919,21676,9767,0
sh603020,0,0,0
sh600367,0,1000,0
sz300191,623,623,0
sz002820,0,0,0
sz000961,26778,22971,0
sz300076,1869,0,0
sz000065,2778,2686,0
sz000668,0,0,0
sz000963,4913,9245,362
sz300571,0,0,0
