sz300613,540,256,0
sh600760,21213,12751,1121
sz002303,8523,5274,0
sh603507,1028,612,0
sz300290,0,0,0
sz300388,587,1217,0
sz300181,17657,38011,0
sz002615,0,0,0
sh601717,10693,15644,0
sz300623,188,141,0
sz300628,85,210,81
sh603196,0,0,0
sz002785,0,0,0
sh600673,39492,10390,0
sh600518,14395,12986,1005
sz000997,0,5192,0
sh600190,3000,0,0
sh603030,0,0,0
sz002306,8098,15210,0
sz300370,0,0,0
sz002428,8812,8796,0
sz300175,0,0,0
sz000018,0,0,0
sz002473,26053,10482,0
sz300583,0,0,0
sz002527,0,0,0
sz002723,0,0,0
sz002623,0,0,0
sz002583,609,703,0
sz300247,5875,0,0
sh600477,9773,3435,0
sh603908,335,0,412
sh600651,1399,1141,0
sz000611,8471,0,0
sh600258,465,0,0
sz002645,0,0,0
sz002852,0,0,0
sh603823,1170,0,0
sz300198,27498,22718,0
sh600006,3555,9577,0
sz300131,1820,0,0
sz002769,0,0,0
sz000568,36129,39624,3317
sz300252,0,0,0
sz000978,0,0,0
sz300148,0,1379,0
sh600871,0,4180,0
sz002267,1271,22985,0
sz300183,540,0,0
sh600519,56402,39926,7620
sh603660,1307,1100,0
sh600568,103651,38103,2003
sz002593,0,0,0
sz002669,1307,5637,1500
sz002552,0,0,0
sz002356,0,0,0
sh601398,691923,723105,0
sz000821,0,0,0
sz000559,0,2285,0
sz300102,7717,33692,2626
sz300063,0,0,0
sz300056,0,0,0
sh600691,17841,35614,0
sz300093,926,0,0
sz002775,7480,7584,508
sz002724,0,0,0
sz300135,0,0,0
sh600648,1227,0,0
sh601108,117685,88384,10046
sh603968,0,0,0
sz002221,26673,9510,0
sz300448,0,0,0
sz002877,0,0,425
sz002086,30385,19268,0
sz002116,4027,0,0
sz000610,0,0,0
sz300538,0,0,0
sz000910,1980,0,0
sz300007,0,0,0
sz300404,0,0,0
sh600655,2119,8750,0
sz300098,787,5372,0
sz300324,0,5550,0
sz300012,0,0,0
sh601177,0,0,0
sh600997,10644,5232,0
sz000597,1046,8067,0
sh600400,0,0,0
sz000049,0,579,0
sz300671,382,0,0
sh600058,3000,0,0
sz300280,0,0,0
sh601998,21579,13361,0
sz000789,17273,24365,1097
sz002628,0,2800,0
sz300366,5919,0,0
sz002368,0,3562,0
sh600848,1108,0,0
sz002843,0,0,0
sz002001,51383,75073,4989
sh603009,3087,0,0
sz002870,0,0,0
sz002733,0,1205,0
sz300124,3538,2937,0
sz000756,0,0,0
sh600131,0,1777,0
sh600051,0,0,0
sz002079,2686,10262,0
sh600505,0,0,0
sz000422,3000,0,0
sh600745,1289,2007,0
sz300405,0,0,0
sz002826,0,0,0
sh600260,400,1834,0
sh601968,0,0,0
sz002594,30496,33784,6174
sh603806,0,1911,0
sh600346,11840,14200,0
sz000089,0,0,0
sz300484,0,0,0
sh603833,0,311,0
sz300598,0,0,0
sh600886,19598,71120,0
sh603737,0,0,0
sh600114,690,0,0
sz002437,49921,35083,5041
sz000712,0,0,0
sz000676,0,0,0
sz000633,5658,0,0
sz002648,12645,5090,0
sz002314,0,1972,0
sz000783,28217,35356,1304
sz002063,0,0,0
sh603313,0,0,0
sz000782,0,0,0
sz300466,0,0,0
sz000677,0,0,0
sz300635,0,0,0
sh601311,1000,0,0
sh600844,0,0,0
sz002151,3218,5118,0
sz300139,0,0,0
sz000793,81301,63756,0
sz000816,16295,5341,0
sh600757,1513,0,0
sh600426,20208,11811,0
sz300581,0,0,0
sh601999,0,0,0
sh600321,3006,0,0
sz300325,7298,5438,0
sz002198,0,0,0
sz002475,8712,16249,542
sh600100,19031,8744,0
sz002504,0,0,0
sz000531,0,0,0
sz300675,1970,1073,0
sh600896,0,2023,0
sz002059,0,0,0
sz300050,0,0,0
sh603601,0,0,0
sh601857,19155,30307,0
sz002295,0,0,0
sz002659,0,957,0
sh600862,2768,6215,0
sh601689,0,0,0
sz300022,7541,1769,0
sh600418,26523,20895,0
sz000909,0,0,0
sh600429,0,0,0
sz002124,0,0,0
sz002695,0,0,0
sz002399,24675,9436,0
sh600036,72767,105317,2279
sz000822,24425,15024,0
sh600851,0,1001,0
sz002392,0,0,0
sz002688,0,0,0
sz002605,0,1683,0
sh600845,0,0,0
sz300142,10167,17458,642
sh600057,3380,0,2753
sh600211,0,0,0
sz300323,0,0,0
sz002286,0,0,0
sz002225,0,0,0
sz000955,0,0,0
sz002111,900,0,0
sz300549,0,0,0
sh600192,0,4043,0
sz300678,2116,1339,242
sh600563,311,731,0
sz000923,1314,1433,511
sz002780,0,0,0
sh603298,0,0,0
sz002634,18461,1652,0
sh601588,10195,0,0
sh603558,1384,0,0
sz300407,0,0,0
sz000809,0,0,0
sh600984,1951,0,0
sz002716,2638,0,0
sz000408,2444,7795,0
sh600085,1663,2629,0
sz300451,2024,0,0
sz300462,0,0,0
sz002315,0,0,0
sz000711,2860,0,0
sz300550,0,0,0
sh600995,0,2300,0
sh603367,1382,3440,549
sh600532,0,0,0
sz000953,0,0,0
sz300223,0,1024,0
sz002393,0,0,0
sz002840,4838,779,0
sz300256,0,0,0
sz300502,0,0,0
sh600297,3044,3144,0
sh600884,8899,13240,0
sz300219,0,1374,0
sz002730,0,0,0
sh603778,0,0,0
sz000723,2013,15535,0
sh600433,0,0,0
sz000623,479,0,0
sz300310,0,0,0
sz002846,7580,16690,1472
sh600559,6599,5261,0
sz000528,24602,23211,0
sz000402,2860,5497,0
sh601818,113847,208103,0
sz002721,58285,86928,4313
sh601179,0,0,0
sz300213,0,0,0
sh601908,0,5777,0
sh600438,27613,38111,0
sz002232,0,0,0
sz000518,0,3220,0
sh600137,0,0,0
sz300630,147,688,0
sh603067,0,0,0
sh600516,380896,344435,40126
sz000151,0,0,0
sh600565,3549,15291,0
sh600728,0,7012,0
sz300197,22269,9945,0
sz002135,0,0,0
sh600985,26636,31308,2966
sh601608,10914,4758,0
sh601901,7378,19294,0
sh601228,11501,9551,0
sz002618,0,2557,0
sz000915,1419,1835,0
sh601928,1325,0,0
sz002567,11666,25384,0
sz002005,14641,2424,0
sh600858,0,0,0
sh600010,184563,88536,0
sz002097,1715,2365,0
sz002120,0,0,0
sz002407,4225,0,610
sz002863,0,1290,0
sz300681,0,0,0
sz000529,0,0,0
sz300398,0,0,0
sh603899,1943,466,0
sz002653,0,0,0
sh600148,0,0,0
sz000025,0,0,0
sh600791,8404,0,0
sh600252,156063,68663,0
sh600601,4815,8500,0
sh601567,0,0,0
sz000584,0,4801,0
sz002187,0,0,0
sh600704,0,5516,0
sz002796,0,0,0
sh600206,27991,27177,0
sz002748,0,0,0
sz002166,0,0,0
sh601929,0,15796,0
sh600383,60201,27180,0
sh601163,605,500,0
sh603198,0,0,0
sz300579,0,0,0
sz000570,0,0,0
sz300439,0,0,0
sz002901,623,0,0
sz300075,0,0,0
sz002881,0,0,0
sh600520,17094,21640,2076
sz000925,0,3808,0
sz300215,1344,0,0
sz002920,0,0,0
sh603007,0,0,0
sz002682,0,0,0
sz002609,700,0,0
sz300485,0,0,0
sh601611,7075,58181,0
sz002472,0,0,0
sz000417,0,0,0
sz002028,0,1000,0
sz000048,0,0,0
sz002692,16837,3417,0
sz300562,526,0,0
sz002353,949,5103,0
sz002039,0,0,0
sh603729,0,0,0
sz300672,649,1107,0
sh603335,0,0,0
sz002436,7302,8490,0
sh603286,0,0,0
sz002201,0,0,0
sh600067,0,0,0
sh601318,472028,434650,49819
sz002231,0,0,0
sz002088,0,0,0
sz300242,0,0,0
sz002861,0,0,0
sz300471,0,0,0
sz002705,0,0,0
sh600589,0,0,0
sh600091,0,0,0
sz002755,0,0,0
sh600549,107927,59322,4548
sz000902,3801,0,0
sh601996,0,5600,0
sz000890,0,0,0
sz300058,4485,4331,0
sz002206,5000,0,0
sh600462,0,0,0
sh600179,408,1872,0
sz002699,4971,2477,0
sz300193,0,0,0
sz000897,9453,3180,0
sz002709,1020,1947,0
sh603043,0,585,0
sh600444,0,0,0
sh601233,26328,19906,1064
sz300703,0,0,0
sz300373,7305,7125,0
sz000738,0,0,0
sh600765,1010,0,0
sz002462,4652,4354,0
sz300647,0,0,0
sh600576,0,0,0
sh600151,0,2732,0
sz002391,0,0,0
sz000753,0,0,0
sh600280,6404,10711,0
sh601088,63783,34685,513
sz000881,0,987,0
sz300578,0,0,0
sz002422,2212,3945,0
sz002691,0,0,0
sz002683,0,6146,0
sh603569,0,0,0
sh603076,3131,1048,0
sh600782,65091,62069,0
sh600722,0,0,0
sz300359,0,0,0
sz002621,0,0,0
sz000020,0,0,0
sh600326,19767,8762,0
sh600251,0,0,0
sz000833,0,0,0
sz300184,0,1015,0
sz300459,999,0,0
sz000008,6418,8729,0
sz300166,3694,5096,0
sz002849,0,0,0
sz000819,0,0,0
sh600455,0,0,0
sz002801,0,0,0
sh600078,0,0,0
sz300501,0,0,0
sz300577,0,0,0
sh603886,714,0,0
sz300418,3450,6159,0
sh600585,74675,86882,3813
sz000776,22228,27210,0
sz002663,0,0,0
sh600377,0,0,0
sz002770,0,0,0
sz002498,0,0,0
sh600141,5734,1559,0
sz002871,299,0,0
sz300273,2273,5924,0
sh603226,328,0,0
sz300239,0,0,0
sh600716,1847,0,0
sz002417,0,0,0
sz000404,26957,20099,0
sz300258,0,900,0
sh601988,501429,371844,0
sz300399,0,0,0
sh600556,0,0,0
sh600828,0,0,0
sh603868,0,0,0
sz300350,0,1386,0
sh600129,0,0,0
sz300088,13051,14351,0
sh600126,0,0,0
sz002715,0,0,0
sh600070,1200,0,0
sz000977,14404,30675,0
sz002035,2852,0,0
sh600854,0,0,0
sz002550,0,0,0
sz002680,0,1157,0
sz300487,0,0,0
sh603861,0,0,0
sz002646,0,0,0
sz002712,0,0,0
sh600425,0,3073,0
sh600285,1204,0,0
sz300136,7262,9840,1876
sh603977,0,0,0
sh601333,405768,212492,5094
sz300597,642,1088,0
sh600626,0,0,0
sh600628,0,0,0
sh603801,0,0,0
sz300066,0,2665,0
sz002608,0,1347,0
sh600970,99926,45001,0
sz002571,0,0,0
sz000778,34138,18964,0
sz002044,4238,4828,604
sh603101,800,0,0
sz002195,9403,9476,0
sz300660,173,0,0
sh603110,1843,0,0
sh600115,61231,108698,1909
sz002349,0,0,0
sh603779,0,0,0
sh603858,734,513,0
sh603328,0,0,0
sz300316,10947,8870,0
sh600538,0,0,0
sz002108,0,0,0
sz000788,0,0,0
sz002081,8044,2700,0
sh601519,0,0,0
sz300269,0,0,0
sz300312,25445,5848,0
sz002318,0,0,0
sz002246,0,0,0
sz300153,1198,1898,0
sz300715,291,0,0
sh600573,1300,0,0
sz000707,0,0,0
sz002096,0,0,0
sz002883,0,0,0
sh603167,0,2811,0
sh600170,2701,5020,0
sz300348,0,0,0
sh600360,23114,38708,0
sh603799,20011,18503,1766
sh603928,0,0,0
sh603012,0,0,0
sz002325,0,0,0
sz300429,0,0,0
sz000400,4032,2611,0
sh603638,0,0,0
sz002280,0,0,0
sz300643,0,0,0
sz002790,0,0,0
sz002783,0,0,0
sh600622,631,652,0
sz000999,7723,4048,511
sh603157,1536,626,0
sz300015,2628,3185,552
sh603089,0,0,0
sz300638,0,0,261
sz300575,0,0,0
sh600338,1172,1748,0
sz300503,0,0,0
sz000524,0,0,0
sh600153,16031,4030,0
sh600668,0,0,0
sz300282,0,0,0
sh600136,1223,0,0
sh603456,2000,732,0
sz300707,0,0,0
sz002496,0,2628,0
sz300540,0,0,0
sh603900,0,0,0
sh603717,0,400,0
sz002170,0,0,0
sh603081,0,0,0
sh600093,0,0,0
sz002412,0,0,0
sh600687,31336,982,0
sz002233,6035,0,0
sz000026,0,0,0
sz002671,0,0,0
sh600872,1139,907,0
sz300480,0,0,0
sh600316,0,0,0
sz002817,0,0,0
sh600610,0,0,0
sz002467,0,1871,0
sz300047,2194,965,0
sz300709,145,259,0
sz002181,0,0,0
sz002021,0,0,0
sz002670,1190,571,0
sh600266,3944,3824,0
sh601628,4152,7783,338
sz300633,0,0,0
sh600535,286,1546,0
sh600272,1058,0,0
sz002637,0,0,0
sz300556,0,519,0
sz300309,0,1620,0
sz002352,0,0,0
sh601258,14579,10048,0
sh600531,21462,1602,0
sz300344,0,4513,0
sh601328,88611,181045,0
sz002737,0,0,0
sz002321,116279,27911,7027
sh603103,442,5362,0
sh603090,0,0,0
sh600992,3172,3476,0
sz000096,0,0,0
sh601933,126811,123155,6230
sh600352,226913,294464,1874
sh600481,0,0,0
sz300168,6810,4525,0
sz000732,45747,40072,4893
sz300308,1490,1507,332
sz300082,0,0,0
sz300727,22052,39155,5030
sz000815,0,0,0
sz002905,1387,0,0
sh600299,0,0,0
sz002011,0,0,0
sz002476,0,0,0
sh600636,0,1205,0
sh600575,0,0,0
sz300552,0,0,0
sz300241,2071,4150,0
sz002002,1700,2000,0
sh600195,0,0,0
sh600015,4973,23056,0
sz002538,0,8013,0
sz300261,0,1200,0
sh600295,7541,5639,0
sz300118,0,1000,0
sz000963,7235,10355,0
sh600742,0,8406,0
sz000703,20990,23206,581
sz300588,0,0,0
sz002158,0,0,0
sh600662,0,0,0
sh603038,0,0,0
sz300259,0,0,0
sz300081,0,0,0
sz300665,0,0,0
sz002445,996,0,0
sz000905,0,0,0
sz002240,0,0,0
sh600469,0,0,0
sh600176,71824,57821,1836
sh600731,0,0,0
sz002864,1728,5899,0
sh600703,62155,87451,3698
sh603078,0,160,0
sh603377,0,709,0
sz002603,881,0,0
sh603036,0,0,0
sh603797,828,1512,0
sh601127,1159,0,0
sz000692,0,0,0
sz300008,3909,0,0
sz300464,0,0,0
sh600783,2005,0,0
sh600385,0,0,0
sz000425,1003552,812420,14203
sh600029,116045,87658,1501
sh600122,16320,7819,0
sz002541,0,0,0
sz002537,0,0,0
sh603197,0,0,0
sh600480,0,0,0
sz002484,0,0,0
sz000545,5003,0,0
sz002779,0,0,0
sh600633,4617,3400,0
sz000506,0,0,0
sh600522,47397,54531,4533
sh603822,0,0,0
sz300508,235,308,0
sz300443,2580,0,0
sh603538,0,0,0
sz300477,0,1102,0
sh600018,31310,26286,0
sh603929,1444,1331,0
sz300150,0,0,0
sh601969,0,0,0
sh603955,0,0,0
sh603021,0,0,0
sh603505,20701,16444,1604
sz002125,1700,0,0
sh600780,0,0,0
sh600705,24591,34305,0
sh600971,41618,22018,0
sz002654,0,0,0
sh601375,106331,307871,5964
sz002036,0,1779,0
sz002430,5381,4181,795
sz000055,0,0,0
sh600882,0,0,0
sz002866,0,0,0
sh601801,0,1240,0
sz300293,0,0,0
sh603026,922,0,0
sz000823,2028,8461,0
sz300343,2007,1202,0
sh603711,10404,8419,741
sh600283,0,0,0
sz300475,0,0,0
sz002192,300,300,0
sz000968,19483,21644,1977
sh603708,700,1277,0
sh601000,3000,0,0
sz300053,0,0,0
sz002859,0,0,0
sz002722,0,0,0
sh600398,10180,8589,0
sz300249,0,1691,0
sz002494,0,0,0
sz002656,2082,0,0
sz000969,2007,2667,0
sh600678,0,0,0
sz002409,1753,3742,0
sz002795,865,0,0
sz002138,12628,25934,710
sh603990,0,0,0
sh600562,0,438,0
sz000912,0,29362,0
sz300433,4894,1940,0
sh600784,0,0,0
sh600301,0,0,0
sh603040,0,0,0
sh600990,0,1107,0
sh600887,120377,100915,10114
sz300642,0,0,0
sz002337,0,0,0
sz002249,0,0,0
sz300595,0,0,0
sh603123,0,0,0
sz002169,3825,14043,0
sh600207,1550,8391,0
sz300224,8721,3497,0
sh600086,8928,0,0
sh603909,0,0,0
sz002247,886,0,0
sh601799,0,256,0
sz002301,12139,4204,2880
sh600356,0,0,0
sh600160,9540,2196,0
sz300101,2002,10711,0
sh600961,2000,0,0
sz300244,0,992,0
sz002174,1215,2922,0
sz300600,0,0,0
sh600986,1300,0,0
sz300376,7780,0,0
sz300422,0,0,0
sh600774,0,0,0
sh603767,0,0,0
sz000828,0,0,0
sz002483,0,0,0
sz000573,0,0,0
sz300251,22411,5873,0
sh600027,0,14597,0
sh600351,1541,5816,2486
sz002652,1800,0,0
sh603319,0,0,0
sh600322,2000,2000,0
sz000519,8901,10466,0
sz002285,9330,37322,0
sz300385,0,0,0
sh603098,0,0,0
sh603099,0,0,0
sh600577,0,0,0
sz000488,15407,15702,0
sz000032,1614,0,0
sz002786,0,0,0
sz002080,1308,1950,504
sz002868,0,0,0
sz300441,1956,2101,1474
sz002693,0,0,0
sz002343,2167,896,0
sz300207,3409,5608,0
sh603305,0,0,0
sz300137,2363,482,0
sz002367,0,0,0
sz000560,2209,7143,0
sh600098,27352,6040,0
sz002461,0,0,0
sz300729,3835,648,1010
sz002757,304,0,0
sh600094,0,0,0
sz002798,223,1944,0
sh600726,0,0,0
sz002229,2000,0,0
sz300387,0,0,0
sh600217,0,2748,0
sh600410,6914,9911,0
sz002408,9496,2341,0
sz002518,0,0,0
sh601007,0,0,0
sz300095,0,0,0
sz300130,498,0,0
sz002900,358,0,0
sz300313,0,0,907
sh601009,35994,63166,5032
sz002372,1384,0,0
sz300115,14418,41797,1328
sz300602,0,0,0
sz002713,0,0,0
sz000581,13361,14965,1171
sz002420,0,0,0
sh600366,8761,1000,0
sh603416,0,0,0
sh603599,0,610,0
sz300607,201,256,0
sz300033,3101,1625,0
sh603029,0,1183,0
sh601949,4560,7906,0
sz300332,13960,21672,0
sz000589,0,2336,0
sh600311,0,2021,0
sh603677,460,560,0
sz002106,1967,1100,0
sz300009,17273,20392,0
sh603308,660,0,0
sz000514,0,0,0
sh600288,0,0,0
sh603033,0,0,0
sz002388,0,0,0
sh601880,0,0,0
sz002597,7502,6954,401
sh600638,0,0,0
sh600803,13959,43048,0
sh600821,0,0,0
sz000913,0,0,0
sh603035,0,0,0
sz300089,3585,6696,0
sz300478,1250,488,491
sz002051,727,0,0
sz000869,621,1663,0
sh601766,382229,386170,3677
sh600497,191363,83734,1776
sh600630,0,0,0
sz300723,1260,2603,333
sh603877,498,0,0
sh603387,0,0,0
sz300438,868,500,0
sz002741,0,0,0
sz002895,4673,2128,0
sh603300,0,0,0
sz300618,2764,3513,506
sz000159,0,0,0
sh600225,0,0,0
sh603017,707,0,0
sh603988,1177,530,0
sz300560,0,0,0
sz300027,45879,44677,0
sz002800,0,0,0
sz002819,0,0,0
sz000721,0,0,0
sh601700,0,1800,0
sz002278,14597,13844,0
sh600857,0,0,0
sh603393,301,976,0
sz000039,37669,32581,779
sz300726,7116,3107,1881
sz300041,0,0,0
sh600370,40533,10002,0
sz000521,3001,0,0
sh600768,935,0,0
sz300031,0,0,0
sh603860,2299,4292,0
sh600184,0,0,0
sh603665,572,0,0
sh603903,656,1271,0
sz300030,0,0,0
sh600048,239257,220658,5434
sh600523,0,0,0
sh603000,0,0,0
sh603278,1338,577,0
sh603696,0,0,0
sh601021,2990,613,0
sz300688,0,206,0
sz000960,43500,20523,0
sh600345,0,4132,0
sh600419,0,0,0
sz300606,0,0,0
sh603926,0,0,0
sz300125,0,0,0
sz000552,7494,4008,0
sz000838,0,0,0
sz002215,0,1559,0
sz000571,3000,6620,0
sz300530,0,0,0
sz300158,0,0,0
sz300489,789,548,0
sh600996,1240,0,0
sh600933,1347,3017,0
sz300211,0,0,0
sh600054,0,0,0
sh600816,26698,17569,0
sz002342,6609,2200,0
sz300002,0,0,0
sz002788,0,0,0
sh601618,11550,2458,0
sz002686,0,0,0
sh600158,0,2703,0
sz002865,1504,6454,0
sh603365,4375,1257,0
sh603318,0,0,0
sh600723,0,0,0
sz300169,0,0,0
sz000791,7466,2173,0
sh600202,0,0,0
sh603466,191,274,0
sz000153,0,0,0
sz002620,1677,0,0
sz300199,0,908,0
sh603366,0,0,0
sz002178,0,0,0
sh600229,1500,0,0
sh600501,0,0,0
sz002491,0,0,0
sz002478,0,0,0
sz002200,0,0,0
sh601886,0,0,0
sz000523,0,0,0
sz000036,17604,5588,0
sz000333,76277,67792,3039
sz002703,0,0,0
sz300568,0,500,0
sh600081,0,0,0
sh601199,0,0,0
sh603556,0,0,0
sz001696,0,0,0
sz002264,4098,9691,0
sz000510,3902,1343,0
sh601515,0,0,0
sh600540,0,0,0
sh600569,112157,54975,0
sh600823,0,0,0
sz000856,6727,9391,0
sz000751,84696,2417,0
sz002751,0,0,0
sz300218,0,0,0
sh600792,0,0,0
sz000672,1303,16703,0
sz300423,0,0,0
sz000012,0,14727,0
sh600215,0,5958,0
sh603816,0,0,0
sh600421,0,0,0
sz000965,2782,2000,0
sh600769,0,0,0
sz002177,0,0,0
sz002896,0,393,0
sz300576,0,0,0
sz300617,0,0,0
sz002878,0,0,0
sh600089,23311,15833,0
sz300234,0,0,0
sh600767,0,0,0
sz300036,0,0,0
sz300141,1047,0,0
sz000803,0,0,0
sz000876,6131,51035,0
sh603444,895,576,0
sz300321,731,0,0
sz002091,1183,0,0
sh600881,0,5139,0
sz000517,0,0,0
sh600329,0,0,0
sh600763,9705,2953,0
sz300147,0,1182,0
sz000669,0,3659,0
sh600547,47572,22795,6545
sh603303,0,0,0
sh603232,0,0,0
sz300114,0,0,0
sh600895,0,815,0
sz002884,211,0,0
sz000708,1000,2071,0
sz300108,4023,1355,0
sz002281,6966,19719,384
sh600375,0,2161,0
sz300298,658,1581,0
sh600237,0,0,0
sz002624,4109,784,0
sz300369,0,0,0
sh601218,0,0,0
sz000906,0,0,0
sz300129,3500,0,0
sh603912,13115,3411,0
sz300171,0,0,0
sz300235,0,0,0
sh603826,0,0,0
sz300403,0,800,0
sh600605,0,0,0
sh600611,4007,2931,0
sz300318,0,0,0
sz300686,0,0,0
sz002077,1000,1800,0
sh600168,0,0,0
sh600396,0,0,0
sz000060,188253,86309,990
sh600594,2079,3565,0
sh600120,936,0,0
sz300440,0,0,0
sz300716,2249,1858,933
sz300341,0,0,0
sz300650,0,0,0
sz000687,0,0,0
sz002891,0,0,0
sh601188,0,0,0
sh603960,0,0,0
sh600509,0,0,0
sz300352,0,19021,0
sh600777,2815,0,0
sh600831,0,0,0
sz002679,500,0,0
sh600796,0,0,0
sz002354,4207,4441,750
sz000520,0,3000,0
sz002766,0,0,0
sz002390,10025,13770,0
sz002373,798,2500,0
sz002416,1131,0,0
sh603559,12976,10130,1485
sz300427,0,0,0
sz000062,0,0,0
sz002159,0,0,0
sh603637,0,0,0
sz000548,0,0,0
sz002827,0,0,0
sh600350,3680,2310,0
sz300194,0,2000,0
sz300059,204280,113928,10259
sh600861,0,0,0
sh603380,0,0,0
sh600246,0,0,0
sh603636,1350,0,0
sh601965,0,0,0
sh600336,0,0,0
sh600056,1039,3229,0
sz002094,0,0,0
sz002457,0,2876,0
sz000603,1900,2938,0
sz300355,29243,75523,0
sz300457,426,0,0
sz000551,1734,1700,0
sz002506,34840,93558,0
sz300016,0,0,0
sh603039,0,0,0
sh603108,0,0,0
sh601212,26232,42851,0
sz300279,0,0,0
sh601699,256232,200986,11236
sz300536,4275,709,0
sh600284,0,0,0
sh600758,1714,0,0
sz000908,0,0,0
sz300029,0,0,0
sz002677,0,0,0
sz002851,0,0,0
sz300639,2061,2364,162
sh600159,0,0,0
sz300236,610,4813,0
sz002528,0,2334,0
sh600189,0,0,0
sz002333,0,1580,0
sz000587,35407,18255,0
sh603648,11196,9041,2971
sz300509,0,0,0
sz300073,2109,844,0
sh600080,0,1600,0
sh600380,3526,0,0
sz002197,0,0,0
sh603856,2323,1779,0
sz000919,0,0,0
sz000498,0,0,0
sz002658,0,956,0
sh600717,0,1090,0
sz300432,744,0,0
sz002254,2778,0,0
sh600619,0,0,0
sz002873,0,291,0
sz300458,529,1794,0
sz000070,2010,0,0
sz002833,0,0,0
sz002743,0,0,0
sz002768,0,0,0
sh603086,950,0,0
sh603896,230,811,0
sh603920,0,2395,0
sz002616,0,0,0
sh600037,0,0,0
sz002771,0,0,0
sz002587,0,0,0
sz002876,201,230,0
sh600702,32959,27564,1778
sh603879,0,0,0
sz002095,609,0,0
sz002619,9267,0,0
sz002375,0,0,0
sz002164,0,0,0
sh603139,0,0,0
sz300426,1351,1325,0
sz300412,0,0,0
sh600526,1190,1692,0
sh601599,0,0,0
sz002451,700,1242,0
sz300226,4926,392,0
sz000059,3197,2405,0
sz300288,881,0,0
sh600216,1516,5329,0
sh600838,0,0,0
sh600408,4316,0,0
sz002031,4000,5336,0
sz300693,0,278,0
sh603499,0,0,0
sz002867,0,0,0
sh600761,1758,1000,0
sz002596,5461,11757,0
sz300285,5889,4334,0
sh601899,3556089,3153195,14469
sz002061,3581,968,0
sh600781,0,0,0
sz300463,0,874,0
sz002548,0,0,0
sz002651,0,0,0
sz300676,602,1972,218
sh600359,0,0,0
sh600409,20565,7259,0
sh600121,0,0,0
sz002772,0,0,0
sh603019,15458,18483,266
sh600106,0,6076,0
sh601238,10113,4561,0
sh600527,0,3965,0
sz300554,0,0,0
sz000671,27436,26247,1499
sz002598,0,0,0
sz300117,31511,11892,0
sz002562,2361,661,0
sz300479,0,0,0
sh600235,0,0,0
sz002838,0,0,0
sz300303,0,0,0
sh600515,0,6721,0
sh601011,126772,127778,18233
sz002374,1935,5152,0
sh600163,0,0,0
sz000544,0,0,0
sz300514,0,0,0
sh600820,0,3500,0
sh600879,8479,2015,0
sz300340,1062,413,0
sz300099,0,0,0
sh600053,0,0,0
sh603611,0,0,0
sh600753,0,0,0
sh601985,41652,32320,0
sz300274,5138,3086,0
sh600637,674,4389,0
sz002573,36717,22160,3025
sh603703,831,0,0
sh600335,0,2848,0
sz300586,0,0,0
sz002890,0,0,0
sh600743,0,0,0
sz300417,0,0,0
sz002165,0,2048,0
sz002825,0,0,0
sz002493,6273,7306,0
sz300542,0,0,0
sz002463,2619,8498,0
sh600776,1450,0,0
sz300450,852,1815,0
sz000731,1270,1808,0
sh601222,8664,4750,0
sz300570,3326,27920,0
sh600885,0,1034,0
sh600139,28915,27031,0
sz300691,1292,0,0
sh603385,0,0,0
sz000899,1859,0,0
sh600550,0,0,0
sz002570,3035,0,0
sz300409,688,0,0
sz002182,32815,9841,0
sh600894,0,0,0
sh600537,4393,5333,0
sz002502,0,0,0
sh600382,1948,5873,0
sh600188,68185,115720,2913
sz002283,0,0,0
sz002113,7000,0,0
sz300589,0,0,0
sz002104,0,0,0
sz002045,3015,2138,0
sz000685,1081,0,0
sz002403,1196,0,0
sh600635,5317,14065,0
sh600612,600,0,0
sh600276,8434,2766,293
sz000878,116215,57021,3273
sh600300,0,0,0
sz300717,1408,0,0
sz300608,0,0,0
sh600060,2077,5647,0
sh600127,0,0,0
sh601881,54035,37382,3994
sh600367,919,0,0
sh600291,6061,7652,0
sh603589,4959,5384,786
sz002553,0,0,0
sz000801,0,0,0
sh600689,0,0,0
sz002290,0,0,0
sh603360,0,0,0
sz000736,0,0,0
sh603809,307,668,0
sh601888,10218,7971,0
sh600459,1173,929,0
sh600653,0,4000,0
sz300505,0,0,0
sh603998,0,0,0
sz300393,357,1067,0
sh603338,316,0,0
sh603188,0,0,0
sz300710,0,0,0
sz002019,5752,11427,0
sz000936,4696,3010,6015
sh600939,5352,24699,4388
sh601555,8937,0,0
sz300028,0,0,0
sz300621,0,0,0
sh603203,0,0,0
sh601788,11214,19260,0
sh600371,0,0,0
sh600624,0,0,0
sz300338,501,0,0
sh601118,7893,26885,0
sz002085,7588,3281,0
sh600578,0,0,0
sh603083,1944,2679,273
sh600548,0,1975,0
sh600466,2728,6694,0
sz002093,0,0,0
sz000762,7991,10721,0
sz300080,2100,3000,0
sz002347,0,0,0
sh600618,0,0,0
sh600850,527,600,0
sh601200,1450,1216,0
sz300246,0,0,0
sz002401,1112,2809,0
sz300446,0,0,0
sh600234,0,0,0
sz300377,5960,14945,0
sz000739,5988,0,0
sh600138,14806,13871,0
sz000058,0,0,0
sz300191,0,0,0
sh600354,0,1424,0
sh603676,24757,27501,5170
sh603906,0,0,0
sz000546,0,872,0
sh603111,0,0,0
sh600130,14757,6298,0
sz002006,0,2940,0
sh600180,0,0,0
sh600303,0,3736,0
sh603689,12936,17450,3150
sz002746,0,500,0
sh600926,22261,26471,0
sz002433,0,0,0
sz000972,0,0,0
sz300469,0,0,0
sh600223,0,0,0
sh600238,0,0,0
sz002456,29667,23743,1810
sh601128,22543,2022,0
sz002471,0,0,0
sz002237,6661,2519,0
sz300162,0,0,0
sz000726,3264,1100,0
sh601015,17965,15009,0
sz002666,0,0,0
sh600892,0,0,0
sh600022,206069,107433,0
sh603626,3454,2065,0
sz300112,0,0,0
sh600644,0,0,0
sh603133,0,0,0
sh600493,0,0,0
sz300722,1325,958,0
sz002220,0,0,0
sh603027,0,0,0
sz002272,0,0,0
sz002906,2426,1003,0
sh600617,0,1648,0
sz300696,0,189,0
sh603978,509,593,210
sz300384,0,0,0
sz300106,0,0,0
sh600062,3769,516,0
sh603306,0,400,0
sh601002,16778,4537,0
sz002346,563,0,0
sz300661,247,0,0
sh600381,0,0,0
sz002560,0,0,0
sh603958,0,0,0
sz000606,0,0,0
sz002426,7216,2000,0
sz000780,0,0,0
sz300052,0,0,0
sh603555,0,0,0
sh601028,0,0,0
sh600779,12468,6778,405
sh600072,0,877,0
sz002199,0,907,0
sz002611,2434,800,0
sz002586,0,0,0
sz300035,0,0,0
sh603396,0,0,0
sh601155,5481,3763,0
sz300527,0,657,0
sz300257,0,0,0
sz000996,23456,9120,795
sz300094,0,0,0
sh603500,0,0,0
sh601878,24380,20626,590
sz300415,677,0,0
sz002797,155228,94842,1219
sz300725,6567,8714,726
sh601607,1652,5806,0
sh603788,0,300,0
sz002777,0,0,0
sh603025,0,0,0
sh600969,0,0,0
sz300495,1730,0,0
sz300408,10832,4712,0
sh600025,1640002,1975031,160622
sz300001,0,0,0
sz002418,2020,1500,0
sz000885,0,0,0
sh600310,0,0,0
sz002554,0,0,0
sz300221,718,0,0
sz300043,0,0,0
sz002821,0,0,0
sh603501,3685,3547,0
sh601636,13416,75615,0
sz300689,0,0,0
sh600663,0,0,0
sz000735,2933,10748,0
sz300145,0,2507,0
sh603966,0,0,0
sz002909,3670,12764,0
sh600416,3970,6427,0
sz002438,0,0,0
sz002292,0,1629,0
sz300449,0,0,0
sz300103,0,0,0
sz300182,3260,30478,0
sh603359,300,0,0
sz002218,11402,32670,0
sz300176,1669,447,714
sh603725,0,0,0
sz000785,0,0,0
sz002119,595,0,0
sz002889,3695,881,0
sh600123,24524,16703,0
sz300711,2412,0,0
sz000040,0,992,0
sh603869,0,0,0
sh600011,2652,7004,0
sz000920,0,1700,0
sz300506,4032,0,0
sh600101,0,0,0
sz000596,3834,1515,717
sh600213,46894,60767,949
sz300712,817,477,0
sz300511,0,0,0
sz300721,733,4669,0
sz300276,0,0,0
sz002110,39479,27289,2082
sz002359,2747,4453,0
sz300510,957,0,0
sh600107,0,836,0
sh600609,19118,4793,0
sh600640,0,808,0
sz002324,0,0,0
sz300302,0,0,0
sz300084,0,0,0
sh600582,2856,0,0
sz000017,0,0,0
sz002397,0,0,0
sz001896,0,0,0
sz002339,0,1822,0
sh601158,0,0,0
sh600250,0,0,0
sh603766,5128,6059,0
sh600228,0,0,0
sz002379,0,0,0
sh601208,0,0,0
sh603588,0,1100,0
sz002016,2487,1019,0
sh600490,34882,14906,0
sz000403,500,600,0
sz000505,0,0,0
sh600833,0,0,0
sh600826,0,3598,0
sh600196,64111,43543,2638
sz000893,1300,0,0
sh600502,3336,1469,0
sz002069,0,0,0
sz002549,0,0,0
sz300610,0,0,0
sh601229,23471,20215,0
sz300122,0,547,0
sh600962,0,0,0
sz002060,4073,0,0
sh600436,1145,772,0
sz300520,440,0,0
sh603628,0,0,0
sz002809,0,305,1157
sz002547,58532,3049,0
sz000818,3123,4018,0
sz000813,0,0,0
sz002735,0,0,0
sz000657,4768,2009,0
sz000679,1919,0,0
sh600874,992,14466,0
sz300615,0,0,0
sz002641,0,0,0
sh600259,10124,3193,272
sh600020,0,13101,0
sh600836,0,0,0
sh600880,0,3873,0
sh600082,0,0,0
sh600841,0,0,0
sh603887,518,0,0
sz000639,0,683,0
sh600488,0,0,0
sz300732,5078,5250,545
sz000935,3209,10471,0
sz000038,0,504,0
sh600088,0,0,0
sz002323,0,3956,0
sz300719,3396,1102,0
sh600785,0,0,0
sz300165,0,0,0
sh603936,627,11567,0
sz000045,0,0,0
sz000601,0,0,0
sh600817,0,0,0
sz002413,0,7369,0
sh603060,0,0,0
sz000951,0,820,0
sz002747,0,958,0
sh600966,26479,5642,0
sh603399,1648,722,0
sz002336,0,0,0
sh603838,0,0,0
sz002419,2317,3323,0
sh603933,847,0,0
sh603609,0,0,0
sh600330,18910,23414,2111
sz000710,0,445,0
sh600812,0,0,0
sz300042,0,0,0
sz002515,0,0,0
sh603803,0,0,0
sh600581,71198,45260,2416
sh603658,0,200,0
sh600718,0,3321,0
sh600755,51830,26022,0
sz300365,0,0,0
sz300357,503,0,0
sz300228,1980,1026,0
sh603006,0,0,0
sz002131,51844,79228,0
sh600183,95699,43257,959
sh600888,71037,106654,1536
sh600397,2579,0,0
sh600267,0,2162,0
sh600719,0,0,0
sz300160,2500,0,0
sz002869,0,0,0
sz002193,0,0,0
sh600302,0,1708,0
sz300447,0,0,0
sz300465,0,0,0
sz002363,0,0,0
sh600406,15901,13368,0
sh601226,0,0,0
sh600865,0,0,0
sz000729,6181,6851,0
sz000605,0,0,0
sh603917,8220,11067,2383
sh600033,27900,3935,0
sh600873,4395,11507,0
sz000911,0,0,0
sz300333,1345,1982,0
sz002316,1003,1005,0
sz000719,0,0,0
sh600677,1000,0,0
sz002469,0,0,0
sz000667,0,14725,0
sz300573,0,0,0
sz300473,0,0,0
sz300100,0,0,0
sz002042,5747,6985,0
sz300151,0,0,0
sh600846,2181,0,0
sh600615,0,0,0
sz300631,0,0,0
sh600039,6473,4692,0
sz000888,0,0,0
sz300178,0,0,0
sh600707,2169,0,0
sh603131,1566,1599,0
sz300155,0,0,0
sh600746,0,0,0
sz002590,0,0,0
sz002269,0,0,0
sh603336,5782,3973,673
sz002706,5427,0,0
sz300196,0,0,0
sz300174,4298,0,500
sz300532,0,0,0
sh600737,3174,4333,0
sz300304,1404,0,0
sz002258,0,2254,0
sz002274,0,0,0
sz000755,0,2993,0
sz300368,0,1600,0
sz300567,0,190,0
sh603685,1543,0,0
sz000656,52735,32927,0
sh600998,694,1185,0
sh601069,1345,2676,0
sh600661,922,0,534
sh600420,2097,839,0
sh601012,26616,34822,2781
sz300281,785,0,0
sz002667,0,0,0
sh600602,0,0,0
sh603701,0,0,0
sh600486,1081,272,0
sz300320,0,0,0
sh603515,550,432,0
sh600446,3645,4310,0
sz000807,777379,592003,12425
sz002642,1717,0,0
sz300057,0,0,0
sh603699,639,585,0
sh601877,1475,3414,0
sh603179,423,282,0
sh600978,3000,4657,0
sz300517,0,0,0
sz300212,0,1991,0
sh600172,2402,5210,0
sh600756,862,595,0
sz000028,170,1096,300
sz002302,20016,25434,687
sz000558,2340,0,0
sh600103,0,0,0
sh600278,0,1132,0
sh600392,163787,171659,19174
sh600536,939,1794,0
sz300121,0,0,0
sz000670,3745,18552,0
sh603848,14843,23434,0
sz300026,9134,0,0
sz300494,0,0,0
sh603383,0,0,0
sz002841,0,0,0
sz000948,1000,0,0
sz300275,0,0,0
sz300161,0,0,0
sh600977,6844,9815,0
sh600305,0,1096,0
sz002610,0,0,0
sz000423,2907,5568,0
sh603656,0,0,0
sz300297,0,0,0
sh600797,3207,1394,0
sz300014,22902,34266,2249
sh600313,0,0,0
sz002674,0,0,0
sz002310,2313,7340,0
sz300528,2131,18642,1251
sh603800,0,0,0
sz002370,13406,0,0
sz002487,0,0,0
sh600063,0,0,0
sz000613,0,1941,0
sz300702,0,0,0
sh603223,0,0,0
sz002376,1252,3486,0
sz002489,0,0,0
sz002328,0,0,0
sh601006,83688,48175,0
sz000848,4065,1083,0
sz002424,0,1049,0
sz300558,0,279,0
sz000975,0,800,0
sz300330,0,0,0
sz002148,1693,0,0
sz300496,4024,3048,0
sz000883,2200,0,0
sz002626,0,1489,0
sh603603,0,420,296
sz002185,25340,37765,1364
sz002224,0,0,0
sh600567,25279,67441,0
sz000637,0,0,0
sz002753,0,0,0
sh603020,3090,0,0
sh601579,0,0,0
sh601339,0,0,0
sh600491,3010,12390,0
sz300019,0,0,0
sz000987,0,0,0
sz000415,8298,2756,0
sz000663,0,0,0
sz000898,57656,37962,0
sh603063,0,0,0
sz000716,2040,0,0
sz002481,0,0,0
sh600583,0,2200,0
sz000538,12312,7537,418
sz000691,0,2200,0
sz300205,0,0,0
sz300347,5133,962,0
sz000989,2267,0,0
sh600353,0,0,0
sz002205,600,0,0
sz002776,0,0,0
sh600679,0,0,0
sh603008,3113,1355,0
sz300222,2094,4944,0
sh601601,34246,37928,1848
sz002284,2334,0,0
sz002129,146657,161881,2012
sh600513,0,0,0
sz300307,0,0,0
sh603612,3162,3131,0
sz002629,2422,1665,0
sh600149,0,0,0
sz002544,0,682,0
sz000503,77448,102392,7537
sz002765,0,0,0
sz300605,435,0,0
sz300245,3055,786,0
sh601678,12964,7117,0
sh603337,0,0,0
sh603619,1041,4483,336
sh600066,10050,9859,0
sz300305,0,0,0
sh601126,0,0,0
sz002404,0,0,0
sz002230,46559,52972,4215
sh601789,0,0,0
sz002279,0,0,0
sz002228,0,0,0
sz300566,0,0,0
sz002803,0,0,0
sh603881,736,1782,1007
sh601168,120192,50075,0
sh600452,0,0,0
sz300337,2000,0,0
sz000761,2055,6232,0
sh600983,0,0,0
sh600255,25362,18362,0
sz000728,10847,7375,0
sh600980,0,0,0
sh601137,0,0,0
sz002807,50648,19859,0
sz002742,5038,1088,0
sh601107,0,0,0
sh600038,1720,1339,0
sz002142,11883,13313,0
sz300069,10540,337,0
sz002029,2000,0,0
sh600596,9084,1686,0
sz000066,55730,46933,0
sz002660,0,1131,0
sz300470,0,0,0
sz000861,0,0,0
sh603003,0,0,0
sh601939,140660,175671,0
sh601020,2523,0,0
sh600361,0,15836,0
sz300374,0,0,0
sz002441,0,0,0
sh603363,53742,52103,8658
sz000967,0,0,0
sh600853,3601,0,0
sz300434,0,0,0
sz300435,0,0,0
sz300023,0,0,0
sz002429,50382,76825,0
sh600030,284359,297279,5591
sh600597,2415,2171,0
sz002227,2275,0,0
sz002468,0,0,0
sz300189,0,0,0
sh603659,1854,2728,225
sz002495,10713,0,0
sh603580,0,0,0
sz300378,0,0,0
sz300011,0,0,0
sh603330,0,0,0
sh600231,29690,83643,0
sz002056,21807,10014,0
sz300243,0,0,0
sz002105,0,0,0
sz000758,42588,8386,0
sz002268,4020,8319,0
sz002020,5288,16334,0
sh601098,2504,0,0
sz300467,641,0,0
sz002175,13469,0,0
sh603228,1302,525,215
sh600749,0,0,0
sh603568,0,0,0
sh600798,0,12832,0
sh600379,0,0,0
sh600658,3455,0,0
sz000837,2624,3078,0
sz002717,0,1574,0
sz000554,0,0,0
sz002531,2971,5492,0
sz002136,0,0,0
sz300545,223,0,0
sz002259,3631,2091,0
sz300519,0,0,0
sz000937,47353,26153,0
sh603183,0,0,0
sz002402,1580,4604,0
sh600699,17106,26441,1050
sz000836,22973,46758,0
sz002601,10849,2288,0
sz000928,12375,11388,0
sz000665,0,0,0
sh603839,513,0,0
sz002381,0,0,0
sh600499,22949,59452,0
sz000962,1203,0,0
sz300490,0,0,0
sz300655,0,0,0
sz000917,3136,0,0
sh603517,0,0,0
sz300003,7591,5574,501
sz002017,0,0,0
sz000887,8137,6708,0
sz000681,615,0,0
sh600893,1670,10751,749
sz300596,0,0,0
sh601727,0,5763,0
sz002558,0,483,0
sh600657,0,1832,0
sz002882,0,760,0
sz300237,0,775,0
sh600169,0,3037,0
sh603595,172,0,0
sz000680,52547,14720,0
sz002685,0,0,0
sh600552,0,0,0
sz000572,2931,8310,0
sh600708,0,0,0
sz000555,0,0,0
sz002440,3759,14205,0
sh600343,1560,1814,0
sz002421,0,6800,0
sz300534,0,1400,0
sz000625,5993,11164,0
sz300488,0,0,0
sz002848,0,0,0
sh601958,12286,10003,0
sz002822,0,0,0
sz300663,0,0,0
sz002655,12099,44432,0
sz300062,0,0,0
sz002566,0,0,0
sz300021,0,0,0
sz002034,0,0,0
sh601777,0,0,0
sz002395,0,0,0
sh600478,6668,3524,0
sz300585,8124,7759,5137
sh603378,468,992,0
sh600979,4931,0,0
sz002675,0,996,0
sh603698,0,0,0
sh600391,0,0,0
sh600166,19652,60742,0
sh603633,0,0,0
sz002410,543,1395,0
sz002171,2084,0,0
sz300192,0,0,0
sz000027,0,0,0
sz002830,0,0,0
sz002823,0,0,0
sz000563,6274,7099,0
sz300662,0,0,0
sz002089,2000,0,0
sz000705,0,0,0
sz000622,0,0,0
sh603567,0,0,0
sh600701,0,1700,0
sz300092,0,0,0
sz002732,0,0,0
sh600698,1772,1364,0
sh600373,1572,1502,0
sz002599,0,0,0
sz002083,0,0,0
sz300637,600,0,0
sz002101,0,1810,0
sz002837,2511,0,0
sz002326,0,1000,0
sz002607,0,3025,0
sz300491,0,0,0
sh603345,421,0,0
sz000616,0,0,0
sh603010,528,11284,0
sz300452,0,0,0
sh600604,6030,10851,2295
sz002728,0,0,0
sh600230,6455,5139,0
sz000420,0,0,0
sz300301,0,0,0
sh603283,0,0,0
sz002400,8914,4478,0
sh600461,0,0,0
sh603106,489,421,0
sh600908,16246,3146,0
sh603980,0,0,0
sh600132,0,0,0
sz002394,0,0,0
sh601058,3694,5960,0
sz300055,3435,7854,0
sh600827,810,841,0
sz002018,1672,1725,0
sz300238,0,497,0
sz002377,1863,6133,0
sh600629,0,0,0
sh600117,59099,85871,0
sz000652,0,0,0
sz002055,0,0,0
sh600809,9928,6810,1132
sh600580,0,1300,0
sz002058,0,0,0
sz300559,0,0,0
sz002432,0,0,0
sh601688,43753,70853,0
sz002879,1209,2900,3126
sz002298,0,0,0
sh600639,645,0,0
sh600479,0,0,0
sz300425,0,0,0
sz300641,0,0,0
sh600339,2150,1834,0
sh603389,0,0,0
sz002052,0,0,0
sh600203,0,4623,0
sz000050,7852,6754,0
sz002222,552,3917,0
sz002514,0,0,0
sh600277,7263,14008,0
sh603989,897,340,0
sz002681,0,0,0
sh600744,0,0,0
sz002565,3774,0,0
sz300599,0,0,0
sh603258,0,0,0
sz300185,0,0,0
sh603326,0,0,0
sh601900,7894,0,0
sz002443,18731,2722,0
sz002338,0,0,0
sh603316,0,0,0
sz002808,0,0,0
sz000619,6166,1800,0
sz002212,5794,1900,0
sz002396,1326,3635,0
sz000553,0,721,0
sz300713,1406,3433,0
sz002203,0,0,0
sz300616,0,0,0
sh600587,0,811,0
sh603969,0,0,0
sz300406,0,0,0
sh600694,0,0,0
sh600008,33174,4959,0
sh600660,9805,9021,0
sz002758,0,0,0
sh600476,0,0,0
sh600386,0,0,0
sh603722,0,397,0
sz300569,0,0,0
sz300201,0,0,0
sz002449,629,2131,0
sz002811,688,0,0
sz002176,19437,19812,1244
sh600287,0,0,0
sz002513,0,0,0
sh600222,2766,0,0
sz002010,7678,3665,1695
sz300214,0,0,0
sz002880,0,0,0
sh601800,1000,2618,0
sz002477,11477,0,0
sz002915,0,0,0
sh600891,0,0,0
sz300342,0,820,0
sz002488,942,0,0
sz002115,0,1474,0
sh600019,278088,130834,5582
sz002383,2908,1014,0
sz300591,0,0,0
sh600805,0,0,0
sz002542,0,0,0
sh601113,716,0,0
sh600095,0,0,0
sh601166,158068,190103,0
sz002455,1073,0,0
sz000863,0,0,0
sh603127,0,0,0
sh603031,0,0,0
sz300322,4150,1040,0
sz002492,0,0,0
sh600868,6270,12723,0
sh603041,0,0,0
sh600680,0,0,0
sz002510,0,5088,0
sz002505,56466,65197,0
sh600808,75943,129070,0
sh600641,2007,1003,0
sz000830,41127,66084,857
sz002334,0,0,0
sh600050,332514,448239,1727
sh600219,426627,220928,0
sh603488,0,0,0
sz000792,445654,386178,27747
sz000985,0,801,0
sz002252,2557,7696,0
sz002805,0,0,0
sh600012,0,0,0
sz000612,15337,1366,0
sz001979,29477,26084,0
sz002696,0,1391,0
sz000882,0,0,0
sz002501,7169,10740,0
sh600856,28658,17513,967
sh603585,0,0,0
sh600026,0,11349,0
sh600199,0,0,0
sz300512,0,0,0
sz000720,0,0,0
sh603496,0,0,0
sh600847,0,0,0
sz300371,0,0,0
sh603180,89,0,0
sz002818,739,0,0
sz000150,871,1278,0
sh601811,0,0,0
sz002207,3831,0,0
sh601595,1524,2401,0
sz000428,2500,0,0
sz300499,0,0,0
sh600804,3226,6160,0
sh603001,0,0,0
sz002581,0,643,0
sz002584,10500,4907,0
sz002154,0,0,0
sh603181,512,447,0
sz300255,0,3000,0
sh601500,1169,1400,0
sh603828,0,1734,0
sh603096,386,193,0
sh600606,83444,174813,0
sz002908,2112,2696,0
sz300072,11771,17550,0
sh600077,0,0,0
sh603085,0,0,0
sh600435,2669,15489,0
sz002918,7649,15077,1098
sh601336,21535,24663,1384
sz300034,4488,1100,0
sz300351,0,0,0
sh600293,0,0,0
sz002123,10329,2004,0
sz002245,31315,47950,0
sz300546,0,0,0
sh603668,0,0,0
sh603266,0,0,0
sh603607,873,264,0
sh603707,458,1179,0
sh600642,0,8110,0
sz000990,1304,0,0
sz002309,814,1619,0
sh603777,841,1940,0
sz002172,5500,0,0
sh603066,0,0,0
sz300640,0,0,0
sz002858,0,0,0
sz000922,0,1388,0
sz300474,208,205,0
sz300526,0,0,0
sh600566,265,1564,0
sh600571,0,0,0
sh601798,0,0,0
sz000090,1097,3190,0
sz300353,1000,0,0
sz002635,2289,6256,0
sz000829,0,0,0
sz300233,0,0,0
sz300507,0,0,0
sz002530,0,0,0
sz002459,2000,965,0
sz002183,9693,8182,0
sz300217,0,0,0
sz002460,37547,41733,5283
sz000061,0,0,0
sz002577,0,0,0
sh603113,576,0,0
sz000010,0,0,0
sz300204,1000,0,0
sz002533,0,0,0
sz002071,20850,8010,0
sz300076,0,0,0
sh600282,220253,108679,0
sz300363,870,1000,0
sz300497,684,313,0
sz300004,0,0,0
sz002027,235821,61362,0
sh600900,9368,7116,0
sh603042,0,0,0
sz000407,0,2399,0
sz000534,0,0,0
sz002465,20031,9643,0
sz300020,0,3509,0
sh601111,44167,22389,0
sz002568,0,806,0
sh600428,4059,10668,0
sz002167,7687,2344,0
sh600600,7494,10320,1896
sz002760,23986,48850,323
sh600116,0,1837,0
sz000627,5352,13492,0
sz002708,0,0,0
sz300267,46436,12929,2302
sh600243,0,0,0
sz300584,0,430,0
sz300097,0,1979,0
sz002508,3324,2893,0
sh603898,0,0,0
sz002892,0,0,0
sh600110,13507,7175,0
sh603357,616,0,0
sh600982,0,0,0
sz300461,0,0,0
sh603661,0,219,0
sz300442,0,0,0
sz002561,0,0,0
sh603686,0,0,0
sh600270,924,0,0
sz002916,0,2479,0
sh600390,0,1296,0
sh603088,0,3950,0
sz000501,953,654,0
sz000516,2710,2377,0
sz300430,0,0,0
sh600323,2806,1749,0
sh600546,9368,3063,0
sh603005,7444,11020,0
sh600007,0,0,0
sz000901,432,629,0
sh603458,180,491,0
sh600017,0,0,0
sh603866,0,0,0
sz300381,0,0,0
sh600298,6912,2763,0
sh600613,0,0,0
sz300345,1771,1757,0
sz300227,534,0,0
sh600171,28795,24103,2249
sh603813,0,0,0
sh600167,600,0,0
sz002850,0,0,0
sz300083,3076,3596,0
sz002415,34114,29003,360
sz300229,3377,1608,0
sz002551,0,0,0
sz000626,0,1705,0
sh600869,0,0,0
sz300401,2058,2086,0
sz300521,0,0,0
sz002802,0,0,0
sh601101,14849,13994,0
sz002256,5000,0,0
sh603289,0,0,0
sz300265,0,0,0
sh603165,0,461,0
sz300669,0,0,0
sh601018,2121,10283,0
sh600787,1999,2354,0
sh600815,0,0,0
sh600498,7465,15505,379
sh601106,5872,0,0
sz300123,0,0,0
sz002307,0,6037,0
sh600712,0,0,0
sz002522,0,0,0
sh603602,1033,898,0
sz300679,126,0,149
sz000786,11261,15376,0
sz300317,0,8209,0
sz002384,2317,535,0
sz300592,0,0,0
sz002839,21867,14269,916
sh603527,4130,6163,0
sh601558,6401,0,0
sz300685,0,0,0
sz000617,0,0,0
sz002897,0,637,0
sz002048,0,3526,0
sz002921,0,0,0
sz002534,0,1120,0
sz002749,0,0,0
sz300468,924,300,334
sz000533,0,0,0
sh600529,8982,2920,0
sz000725,1958735,1932109,0
sh603919,0,0,0
sz300619,1230,0,0
sz000852,0,1462,0
sh600161,0,4652,0
sh600363,7316,1039,0
sz300064,819,0,0
sz300649,894,710,0
sh600599,600,999,0
sz000777,0,0,0
sz002250,1960,968,0
sz000166,19380,18008,0
sz300611,0,0,0
sz300172,0,1300,0
sz300119,0,0,0
sz002672,0,1397,0
sz000539,8082,5000,0
sz300436,0,0,0
sz000799,3372,1251,775
sh600825,0,2341,0
sz000831,22531,20884,2858
sz300177,0,0,0
sh603728,0,500,0
sz300190,0,0,0
sz002009,0,1200,0
sz002092,8220,11659,0
sh600555,0,0,0
sh603979,0,0,0
sz000609,0,0,0
sh600059,0,2294,0
sz002702,6055,2064,0
sz002640,2942,1102,0
sh600475,1279,0,0
sz002856,6194,2950,0
sz002564,0,0,0
sz300005,2367,2969,0
sh600268,2636,0,0
sz300535,0,0,0
sh600021,0,0,0
sh603937,41776,51971,6246
sh600023,4079,9101,0
sz002829,0,0,0
sh600193,3914,0,0
sz002073,0,0,0
sz300180,1787,0,1001
sz002842,1446,556,0
sz002913,1836,2226,0
sz300431,13772,11823,0
sz000768,4624,19493,0
sz000001,408386,522308,19962
sh600682,14833,14908,521
sh601616,2798,0,0
sz002447,17200,21695,0
sh603787,0,856,0
sz002763,0,0,0
sh600898,0,0,0
sz300287,4312,3574,0
sz001965,361279,490698,22129
sh600449,0,11248,0
sh603233,0,0,0
sz000796,1930,0,0
sz002261,0,0,0
sz000983,207117,59329,1293
sz002262,728,0,0
sz300612,4057,2657,970
sz002414,0,864,0
sz002773,525,1301,0
sz300395,0,1336,0
sz002107,0,0,0
sh600068,7632,14333,0
sz300133,1931,6845,0
sz002364,0,0,0
sz300460,0,0,0
sz000933,784422,579064,39348
sz300590,0,975,0
sh600201,4561,4876,0
sz002450,19921,26788,0
sh600487,23522,30195,307
sz300024,3939,6752,0
sz002062,0,0,0
sz002128,94968,27582,1014
sz002847,0,0,0
sh603985,0,0,0
sz000599,2000,0,0
sh603557,1194,954,0
sh600178,0,0,0
sz300379,0,2299,0
sz300654,0,0,0
sh600988,12489,12064,0
sz300319,0,0,0
sh603730,1431,0,0
sh600308,0,0,0
sh600586,5460,0,0
sz300604,0,500,0
sh603269,512,2418,0
sh603200,0,0,0
sz300079,0,0,0
sz000155,31858,83258,1702
sz002532,0,0,0
sz002791,0,0,0
sh603617,800,0,0
sh600987,0,3001,0
sh600735,0,0,0
sz002211,1666,0,0
sh600387,2699,3284,0
sh601882,17295,8587,0
sz300547,0,0,0
sh600584,20662,23068,529
sh603586,0,0,0
sh600306,0,0,0
sz000752,11608,3452,0
sz300416,0,0,0
sh600155,990,2920,0
sz002341,4772,2175,0
sz000593,0,1757,0
sz000636,19081,27334,0
sz300582,0,0,0
sh603229,0,0,0
sz000635,0,0,0
sh603817,0,0,0
sh603022,0,0,0
sz300720,0,0,0
sz002022,0,0,0
sz300411,0,0,0
sh600458,0,4889,0
sh603398,0,0,0
sz000418,680,867,701
sz002102,5735,15548,0
sh603136,255,0,0
sh603421,0,0,0
sh600834,0,0,0
sh603997,0,0,0
sh603818,2384,0,0
sh603608,0,0,0
sz002885,0,0,0
sh600275,0,0,0
sz300667,0,0,0
sh601116,0,622,0
sz002332,2010,17027,0
sh600061,1884,1073,0
sz300254,0,0,0
sh603227,0,5326,0
sz002155,24462,2865,0
sz300018,0,0,0
sh600448,0,4025,0
sz300627,0,256,0
sz002898,0,1141,0
sz000411,0,0,0
sz002509,0,2800,0
sh603819,0,0,0
sz300210,0,0,0
sh603528,0,0,0
sh600197,4131,8687,0
sz000668,0,0,0
sz002668,1000,0,0
sh600750,502,900,401
sz002792,0,370,0
sz002350,37530,15470,10452
sz002762,663,0,0
sh600510,0,0,0
sz000600,3175,6214,0
sh600009,626,0,0
sh603138,6224,6981,1081
sz300513,0,0,0
sz300486,0,0,0
sh600508,3386,0,0
sz002452,0,0,0
sh603299,0,0,0
sh600292,0,1255,0
sh600819,0,2000,0
sh603639,0,0,0
sz300138,0,0,0
sh600317,0,0,0
sz000959,0,0,0
sz000590,1574,0,0
sh603901,0,0,0
sh603566,0,0,0
sh600212,0,2301,0
sh600665,0,0,0
sz002024,12631,33177,0
sz002386,4207,2110,0
sz002320,1698,547,0
sz300127,2284,872,0
sz000868,276990,161783,28779
sz002369,15972,3063,0
sz002485,0,0,0
sz300537,0,0,0
sz002046,0,0,0
sz300144,0,0,0
sz000413,36123,72318,0
sh603959,0,0,0
sz300248,0,0,0
sh600079,1824,2605,0
sh600692,0,0,0
sz000949,0,4845,0
sh600688,4366,2000,0
sh600236,28571,2479,0
sz002371,6482,10042,334
sz002578,6868,7069,0
sz002248,11612,15064,0
sz000065,1566,0,0
sz300209,0,0,0
sh600422,0,1136,0
sz002707,0,0,0
sh600739,1500,817,0
sz002190,0,500,0
sz000009,17572,9083,0
sh603260,12070,5929,962
sz000683,44427,4134,0
sh603268,1285,0,0
sh600654,2027,11321,0
sz300188,7225,12622,1089
sz300039,0,0,0
sz002293,8130,0,0
sh603178,0,0,0
sh603758,810,865,0
sh603309,0,576,0
sz002600,25615,20826,0
sz000002,66547,68011,1987
sh600090,0,3221,0
sz002213,0,0,0
sz002109,0,0,0
sz000921,3377,2103,0
sh600395,22140,6705,0
sh600405,0,0,0
sh600271,39429,82924,626
sz002689,0,0,0
sz002521,0,0,0
sh601668,855561,840401,2044
sz000938,35253,18225,1988
sz002700,1098,0,0
sz002899,0,0,0
sh603477,0,768,0
sh600843,0,0,0
sh600528,0,4018,0
sz002146,45556,26901,0
sh603128,10470,0,0
sh603880,0,0,0
sz000078,0,2501,0
sz002719,531,0,0
sz000598,9156,0,0
sh603727,0,0,0
sz002141,0,0,0
sh600590,0,0,0
sz000697,2322,1535,0
sz000536,9500,0,0
sz002304,13765,10912,957
sh600399,0,0,0
sz300708,19163,10274,3619
sh600281,0,0,0
sh600965,0,0,0
sh601992,42348,23948,0
sh600521,12822,13364,0
sh603518,0,0,0
sh600055,0,0,0
sz002026,0,0,0
sh600290,2711,1831,0
sh603883,786,0,0
sz002152,1916,6304,0
sh603938,1931,1868,0
sz000700,2000,0,0
sz002761,570,0,330
sz002557,0,0,0
sh601898,19569,14151,0
sz000709,290640,147849,4358
sh600533,2337,0,0
sz002820,0,415,0
sh603776,782,187,0
sz000875,0,0,0
sh600919,57978,42873,0
sz300718,0,261,0
sh600108,3003,0,0
sh603321,0,0,0
sz002638,4035,0,0
sh600031,606459,590748,9583
sh600967,9104,4518,0
sh603333,0,0,0
sh600355,0,0,0
sz002831,784,226,0
sh603116,0,0,0
sz000430,0,0,0
sz300518,0,0,0
sz002774,0,0,0
sz002647,6170,513,0
sz300220,0,0,0
sz002815,0,0,0
sz002066,1028,0,0
sz300382,18472,0,4585
sz000859,0,0,0
sz002236,70170,60792,5364
sh601858,0,980,0
sz000532,0,0,0
sz300622,0,0,0
sz300077,73041,116973,7912
sh600210,0,0,0
sh600551,0,0,0
sz002486,4283,0,0
sz300054,1942,5701,0
sh600118,4575,3738,0
sz000410,0,1205,0
sz300563,0,0,0
sz300620,0,0,0
sh603386,1261,0,636
sz000779,0,0,0
sh600071,3268,0,0
sz002173,0,0,0
sz002911,49797,23527,11896
sz002311,11745,5415,0
sz300706,5955,4504,616
sh600075,0,0,0
sz000068,0,0,0
sz000931,0,0,0
sz002050,6204,11891,0
sh600725,0,0,0
sz300529,0,0,0
sh600240,0,1822,0
sh600209,4749,7036,0
sz300074,0,4236,0
sh600220,0,0,0
sz300271,765,769,0
sz002305,10533,0,0
sz300195,1000,0,0
sz000795,28613,4520,0
sh600097,0,0,0
sz000927,2665,3007,0
sz002348,0,0,0
sz002631,0,1300,0
sz300380,0,0,0
sh600362,311487,159707,17484
sz002162,0,0,0
sz000426,32418,14667,0
sh603605,4858,2300,0
sz000767,0,0,0
sz002241,19571,14616,0
sh603829,629,2038,0
sh603606,0,0,0
sh601368,0,0,0
sh603288,1212,440,0
sz300603,0,869,0
sz002147,0,0,0
sh603018,0,0,0
sz300068,1929,0,0
sh603028,0,0,0
sh603922,0,0,0
sz300048,0,3524,0
sh603918,0,0,0
sh600186,19793,19453,0
sz300164,1846,6740,0
sz002546,0,0,0
sz300692,0,817,491
sz002886,1153,286,0
sh601086,10237,4227,0
sh603118,0,0,0
sz300154,2226,0,0
sz000850,0,0,0
sh600482,1191,1463,0
sz000005,0,0,0
sh603536,0,0,0
sz000631,60202,36283,0
sz002725,1591,0,0
sh603037,0,0,0
sz300516,0,0,0
sh600232,0,0,0
sh600177,2194,0,0
sz000797,3971,0,0
sz002121,0,0,0
sz002862,0,0,0
sh601890,0,0,0
sz300132,0,0,0
sz002643,0,1304,0
sh600754,591,855,0
sh601019,4582,4816,0
sh603218,534,0,0
sh600468,0,0,0
sh600572,5170,3093,0
sh603177,503,1358,0
sz002208,0,0,0
sz002003,0,0,0
sz300286,0,0,0
sz002431,15250,1541,0
sh600208,66966,113144,2157
sz002781,0,0,0
sz300107,0,0,0
sh600883,0,0,0
sz002014,0,0,0
sz300394,0,0,0
sz002157,13382,11831,0
sz300700,536,0,0
sh600855,1740,676,0
sh603023,0,0,0
sh603322,0,0,0
sz300420,0,0,0
sz300299,0,0,0
sz300294,0,0,0
sz300314,0,0,0
sz300414,0,0,0
sz300561,0,0,0
sz300157,2549,6806,0
sz300065,0,700,0
sh600561,0,0,0
sh600770,0,0,0
sh601001,10187,1748,0
sh600543,0,0,0
sh600289,0,0,0
sz002244,3903,6086,0
sz300386,0,818,0
sh600463,0,0,0
sz002025,4120,575,0
sz002855,0,0,0
sz002872,0,0,0
sh603339,0,0,0
sz002406,0,0,0
sh600570,4136,3459,261
sz002857,0,0,600
sh600676,0,0,0
sh600684,0,0,0
sz300206,0,0,0
sz002330,4599,0,0
sz300705,0,0,0
sz300006,0,0,0
sz002057,0,0,0
sz000889,0,0,0
sz002030,644,999,0
sz300025,2000,0,0
sz300572,0,0,0
sh600800,0,2560,0
sz300262,0,0,0
sz000973,0,0,0
sz000713,0,0,0
sz000811,1686,0,0
sh600500,16259,12250,0
sz002750,0,0,0
sh601518,0,0,0
sh600221,349950,305085,0
sz000851,0,0,0
sz002137,0,0,0
sz300701,0,0,0
sh603369,13584,5877,0
sz002782,0,0,0
sz002191,3424,3191,0
sz300645,0,364,0
sz002595,0,0,0
sz002288,0,2005,0
sz000932,31905,35606,0
sz002529,0,0,0
sh601633,0,3275,0
sz002134,0,0,0
sz300296,5206,12199,0
sz300289,0,0,0
sz000880,0,0,0
sh601225,243344,198511,6668
sh603996,13547,5469,1148
sz002816,0,0,0
sz300677,0,0,0
sz002065,3513,15214,0
sz300683,191,0,0
sh600403,0,0,0
sz002427,4861,6165,0
sz000628,0,0,0
sz000042,0,0,0
sz000301,0,2428,0
sz300456,0,646,0
sh603616,1008,1557,0
sz002500,24465,9834,0
sh600182,0,0,0
sz002090,0,0,0
sz000037,0,0,0
sz002434,1000,1136,0
sh600249,4695,8426,0
sh600595,152133,69507,11360
sh601326,130370,174200,40017
sz300636,0,0,0
sz002464,10290,5509,0
sh600401,0,0,0
sz002860,446,0,0
sh603855,0,849,0
sz300695,0,0,0
sh600218,0,0,0
sz002887,159,168,0
sh603859,0,0,0
sh600864,8115,8094,0
sz000650,0,0,0
sh603987,4535,0,0
sz002149,1111,0,0
sz002277,0,0,0
sh600233,0,0,0
sh603889,7326,0,0
sz002380,0,0,0
sh601231,10352,6819,0
sh600959,0,2005,0
sz300651,869,1296,0
sz000158,0,5236,0
sz300697,13491,6060,3194
sz002184,0,0,0
sh600790,0,0,0
sz000682,0,0,0
sz002361,2814,2000,0
sz000981,0,0,0
sh603688,0,0,0
sz000608,0,2000,0
sz002664,1462,528,0
sz002845,1845,350,511
sz300232,861,1488,0
sh601991,5001,5482,0
sz300543,4279,13225,0
sz300531,700,0,0
sh600489,119151,101047,0
sz000591,2638,0,0
sz002054,9548,15935,0
sz300328,0,0,0
sh603129,0,0,0
sh600775,0,0,0
sz002013,0,4433,0
sh600133,2972,0,0
sz000835,3327,0,0
sz300437,0,0,0
sz000966,0,7000,0
sh603991,0,0,0
sh600369,29662,26621,0
sh603718,0,0,0
sz002327,7823,3451,0
sz000717,231362,160089,0
sh603579,167,0,0
sh600675,0,0,0
sz000686,4257,9113,0
sz002114,12086,3768,0
sh600860,0,0,0
sz002516,0,10858,0
sh600105,0,0,0
sz300354,0,0,0
sh600241,0,0,0
sh603726,0,0,0
sz002287,0,832,0
sz002387,0,0,0
sz002563,0,0,0
sh600917,25849,46166,6551
sh603976,0,0,0
sz300300,7323,0,700
sz002127,1947,8359,0
sh600156,0,0,0
sz002718,0,0,0
sh600706,0,0,0
sz300571,0,220,0
sh600875,10290,7883,0
sh600175,0,2000,0
sh600269,11236,5101,0
sz002480,0,0,0
sh600751,0,0,0
sh600312,0,0,0
sh603577,941,0,0
sz300515,0,0,0
sz002188,35016,38774,0
sh600279,0,0,0
sh600307,20897,40402,0
sh601866,0,0,0
sz002644,0,0,0
sh600506,0,0,0
sz002912,5698,10625,1098
sz300400,966,0,0
sz000607,0,0,0
sh600143,16906,7026,0
sh600073,0,2428,0
sh603225,0,0,0
sh600652,0,3769,0
sz002253,0,0,0
sz002117,0,0,0
sz000014,0,0,0
sz002888,0,561,0
sz000698,0,0,0
sz300326,0,0,0
sh600348,66478,23928,0
sh603615,1000,0,0
sz000970,41752,23029,0
sz000722,0,0,0
sz002454,0,0,0
sz300593,0,0,0
sh603315,0,0,0
sz002503,0,0,0
sz002084,0,0,0
sz002196,24383,7466,1189
sz002752,6693,0,0
sh601669,0,3106,0
sh601139,17757,19012,0
sh600738,0,0,0
sz002126,0,0,0
sz002032,385,446,0
sz002340,328009,145002,5520
sz002078,15244,2681,0
sh600713,0,0,0
sz002335,0,0,0
sh600111,613590,437984,24184
sz002714,1489,1739,0
sz002555,4340,4122,535
sz300051,0,1218,0
sh600069,13914,3053,0
sh600125,42898,56360,2754
sz000666,0,0,0
sz300684,0,0,0
sz002378,17238,3996,0
sh603519,0,0,0
sh603757,417,0,0
sz300551,0,0,0
sh603533,3430,1911,277
sh600740,79893,68062,1619
sh600331,6000,4250,0
sz300270,0,1500,0
sz000759,5619,11617,0
sh600814,1308,0,0
sz300045,0,0,0
sz002556,4750,0,0
sh600128,1265,0,0
sh600793,0,0,0
sh603323,12536,3789,0
sh603939,0,0,0
sz000541,1500,2077,0
sh603239,0,0,0
sh600064,0,1614,0
sh600503,0,29629,0
sh600975,0,0,0
sh603999,0,2020,0
sh603811,0,0,0
sz002832,0,0,0
sz002630,2357,2652,0
sh600771,4394,0,0
sz300682,0,0,0
sh600811,0,2776,0
sh603508,0,0,0
sz300110,42030,18750,10000
sz000063,218101,240757,18028
sz002411,0,393,0
sz002296,0,0,0
sz002665,0,2157,0
sz300565,500,0,0
sh601390,23649,42519,0
sh600647,1100,0,0
sh603963,346,1300,0
sh603002,0,0,0
sh603669,0,0,0
sh600191,0,0,0
sh600993,631,0,0
sz300397,0,0,0
sh603970,15190,13730,1414
sh603667,0,0,0
sz300336,0,0,0
sz002214,1393,6598,0
sh600724,0,0,0
sh601186,10625,27313,0
sz300389,0,0,0
sh600368,0,0,0
sz000016,0,21738,0
sz000998,10920,7977,0
sz300346,0,433,0
sz002040,0,0,0
sz000004,0,0,0
sh600747,8622,10000,0
sz002234,0,1000,0
sz300658,0,0,0
sz300306,0,0,0
sz000750,18447,25546,0
sz300264,0,0,0
sz002466,16580,11399,560
sh600766,0,0,0
sz002070,85613,112519,0
sz002650,15580,6950,10000
sz000958,0,2047,0
sz300203,1762,4666,627
sz002740,1092,0,0
sh600320,5452,18487,0
sh603277,0,0,0
sz000918,0,0,0
sz002385,0,8013,0
sz002613,0,0,0
sz300266,12534,5636,500
sz002917,0,17070,0
sz300625,0,0,0
sh600727,0,0,0
sz002275,0,0,0
sz300358,0,0,0
sh601388,180049,142829,0
sh601566,700,0,0
sz002365,0,1336,0
sh601677,2031,0,0
sh603768,0,0,0
sz000718,5931,2492,0
sh600696,0,0,0
sh600859,0,600,0
sh603077,92008,39284,0
sz002767,502,0,618
sz002223,2041,2411,0
sz300360,0,0,0
sz000046,0,0,0
sz300522,0,0,0
sh600867,1422,4135,0
sz000826,3500,5494,503
sz002313,4001,3939,0
sh600711,117893,60606,0
sz002793,0,0,0
sh600598,5404,9946,0
sh600415,0,6000,0
sh600778,0,0,0
sz002536,0,0,0
sz300533,0,0,0
sz002540,0,0,0
sz300096,0,2184,0
sz002729,1162,1437,0
sz300453,0,0,0
sz000595,0,0,0
sz000537,4712,4024,0
sz002678,0,0,0
sz300428,0,0,0
sh601211,13996,12536,0
sz002698,0,0,0
sh603169,0,0,0
sh600423,0,0,0
sz002235,0,0,0
sz000800,11278,10175,0
sz002329,0,0,0
sz002582,0,1087,0
sz002007,2387,9482,1242
sh600643,21984,17030,0
sz002161,1310,1570,0
sh600620,0,0,0
sh603069,0,0,0
sz000659,20902,0,0
sz002657,3134,0,0
sh603160,139,113,0
sz000961,20367,37612,0
sh600511,500,950,0
sz300539,0,0,0
sh600028,433184,351274,0
sh600495,0,0,0
sz002049,115996,76249,14088
sh600393,0,0,0
sh600616,0,0,0
sz000565,0,0,0
sz000892,1600,0,1616
sz000727,0,12402,0
sz000858,173698,143850,31588
sh600810,0,0,0
sz300335,593,0,0
sz002266,4687,6300,0
sz002217,3124,6381,0
sz002180,0,0,0
sh600376,0,2737,0
sh600748,1932,2861,0
sz002806,11378,5264,415
sz002517,41625,20513,4008
sh600470,0,0,0
sh600801,5510,6138,1962
sz002331,0,0,0
sz002140,0,0,0
sz002759,0,0,0
sz002143,1936,850,0
sh603117,0,0,0
sh600866,0,0,0
sz300652,0,0,0
sz002543,0,0,0
sz002270,0,0,0
sz000690,17627,6214,0
sz300690,0,0,0
sz002074,5508,0,0
sz300208,6919,4228,0
sz300500,301,0,0
sh600000,19371,31203,0
sh601038,6610,16977,0
sh600802,1629,0,0
sz002799,0,0,0
sh601808,0,1000,0
sz002559,0,0,0
sz000988,2668,10703,0
sh603535,0,0,0
sz300541,0,0,0
sz002239,7459,7500,0
sz000903,0,7333,0
sz002789,0,0,0
sh600999,9360,11867,0
sh600697,0,0,0
sh603578,0,0,0
sz002067,7711,0,0
sz002875,0,0,0
sz000582,0,0,0
sz300445,0,0,0
sz300421,0,0,0
sz002435,0,0,0
sz002038,2641,1646,0
sz300291,1067,0,0
sz000655,7987,2210,0
sh601100,1010,1684,0
sz002614,0,2352,0
sh601099,52290,33293,0
sz002572,11086,5084,501
sz002204,4927,3700,0
sz002299,0,0,0
sz300113,1318,8563,0
sz002156,4774,10272,822
sh601666,60612,64434,0
sz300668,0,169,0
sz000043,0,0,0
sz300419,0,0,0
sh600104,30570,31456,506
sh600358,4440,0,0
sh600173,0,0,0
sz002910,3506,9504,3157
sz002585,0,0,0
sz300413,1461,1384,0
sz000810,0,0,0
sh603678,0,0,0
sz002153,1029,1610,0
sz300283,0,0,0
sz002835,0,0,0
sz002265,0,0,0
sz300402,0,0,0
sh603789,0,0,0
sz002216,3500,6665,0
sh603808,0,0,0
sh603716,0,0,0
sh600764,3528,8634,0
sh603222,0,0,0
sz002243,0,0,0
sh603320,0,0,0
sh603663,0,0,0
sz002145,9015,0,0
sh600674,71000,3385,0
sz002902,1859,318,0
sz002661,0,0,0
sh600681,0,1731,0
sh603011,0,0,0
sz300284,0,0,0
sh603825,0,0,0
sz000507,11251,27364,0
sh600588,3989,1708,0
sh603679,0,0,0
sh600623,0,0,0
sz002526,0,0,0
sz000661,1966,1354,0
sh603158,0,0,0
sz002139,4945,4800,0
sh603058,0,0,0
sz000839,82833,70403,1510
sz000737,0,0,0
sz000525,0,4009,0
sh600736,0,5392,0
sz002497,34833,37006,0
sz300472,1491,0,0
sz002687,0,0,0
sz000023,0,0,0
sz300085,2128,2533,0
sz002132,5802,7777,0
sz002731,0,0,0
sz300553,0,0,0
sh600016,72125,97413,1821
sz000530,2934,0,0
sz002726,0,0,0
sz002355,7924,8151,2038
sz000632,0,0,0
sh600976,0,0,0
sh601966,0,0,730
sh601377,38763,21388,0
sz002047,0,1352,0
sh601997,13715,8644,986
sz002727,0,0,0
sz002519,0,0,0
sz000993,0,0,0
sh600261,0,0,0
sh601169,88599,139311,0
sh600650,0,0,0
sz300666,2206,2238,0
sh600319,0,2619,0
sz300548,1202,202,0
sh600340,14910,30021,1412
sh600822,23825,4078,977
sz300128,35406,11038,0
sh601952,3266,4264,0
sz300626,0,0,0
sh600325,0,0,0
sh600545,50024,13560,2014
sh600152,0,0,0
sh601010,0,0,0
sz000802,1427,0,0
sh603890,28542,53968,3049
sz002810,0,0,0
sz300331,0,697,0
sz002490,0,0,0
sz000338,161013,93918,0
sz300202,0,700,0
sz002588,0,3244,0
sh603721,0,0,0
sh603208,0,0,0
sz002448,0,0,0
sh601872,0,0,0
sz002701,6094,0,0
sz000088,0,0,0
sz002602,360,591,0
sz000157,59862,43075,0
sh600200,0,6104,0
sh600773,7714,0,0
sh600621,2584,2826,0
sh600496,17010,0,0
sz300481,1173,0,0
sz000419,0,0,0
sh600035,0,0,0
sh600690,44528,33945,1887
sz000409,0,2000,0
sh600185,0,6634,0
sz002632,0,1321,0
sz002317,0,3858,0
sh600507,56488,25458,849
sh600876,0,1699,0
sz300044,0,0,0
sz002194,4050,6653,0
sz002202,44493,30349,0
sz002439,3909,6463,0
sz000561,0,0,0
sh601919,40173,26261,0
sz000862,0,0,0
sh603186,500,0,0
sh603885,0,1043,0
sz300670,0,0,0
sz002812,100,237,0
sz000543,0,11260,0
sh601288,1214269,667072,0
sh603683,0,0,0
sh603843,2890,0,0
sh600730,0,0,0
sz002778,0,0,0
sz300349,1554,1402,0
sz000550,0,681,0
sh600963,0,7979,0
sz300046,474,721,0
sz300231,16851,33585,1971
sz002186,0,0,0
sz002389,5961,2742,0
sh600608,0,0,0
sz002144,0,0,0
sh600467,0,0,0
sh600889,0,0,0
sz300253,0,0,0
sh600958,13051,10654,0
sh601117,15668,61237,0
sh600897,0,0,0
sz002639,0,4549,0
sh600592,6948,0,0
sh600337,0,0,0
sz000513,1900,1793,159
sz002612,0,0,0
sh600759,0,5089,0
sh600720,13795,13851,0
sz300601,0,0,0
sh603055,0,0,0
sz002255,0,7084,0
sz000760,4236,0,0
sz300295,0,0,0
sz300170,12859,5074,0
sz300482,1242,801,0
sz002351,0,0,0
sz002903,0,603,0
sh601918,3934,6016,0
sz002649,0,4145,0
sz002238,2005,0,0
sz002673,18987,11742,0
sh600318,840,5245,0
sz300555,2570,0,0
sz300367,917,1488,0
sh603126,0,0,0
sz000416,0,0,0
sh600333,74316,55476,6267
sh603738,0,0,0
sh603355,0,0,0
sz002627,0,0,0
sz300609,0,0,0
sz002210,3021,0,0
sz300390,0,0,0
sz000651,103297,79406,6393
sz300653,0,0,0
sh600824,0,0,0
sz002907,1790,2301,3645
sz002023,2238,6027,2046
sz002482,0,2500,0
sh600683,0,0,0
sh603888,0,0,0
sz002068,3076,0,0
sz300120,0,0,0
sh603159,0,0,0
sz002179,2266,1193,336
sh603600,0,0,0
sz300731,7176,9004,2451
sh603050,0,0,0
sz000877,0,4785,0
sh600256,137236,155332,0
sz002474,0,0,0
sh600460,168324,219137,13273
sh600315,9878,2550,0
sh603166,0,0,0
sh603916,7054,1636,0
sz002294,3421,6895,0
sh600135,0,0,0
sz002535,0,0,0
sh600981,0,0,0
sh601016,0,3511,0
sh600729,0,514,0
sz002636,0,680,0
sz002319,1334,0,0
sh600603,2000,0,0
sz002133,0,0,0
sh600789,2659,0,0
sh603618,0,0,0
sz300673,0,0,0
sz300476,0,0,0
sh603690,0,0,0
sh600795,89095,7456,0
sz000011,0,0,0
sz000673,49246,15835,0
sz000825,72006,55341,0
sz300250,0,0,0
sz000976,0,9754,0
sz300687,0,0,0
sz002008,32746,40255,2499
sz300111,0,0,0
sz300037,0,1685,0
sz002041,4052,1200,0
sz300375,45121,29823,1393
sz002251,7805,7232,600
sz300334,0,0,0
sh601718,1866,1856,0
sz002539,0,0,0
sz300230,0,0,0
sh600863,0,4000,0
sz300179,0,0,0
sz002276,4619,2879,0
sh600839,5005,0,0
sz300146,61903,13723,0
sz300200,0,0,0
sz002589,0,3191,0
sz000504,2341,898,516
sz002617,7102,4204,0
sz300410,3956,0,300
sz002479,1031,0,0
sh600517,0,1747,0
sz002511,10354,1902,0
sz300525,0,0,0
sh603331,0,0,0
sz000860,830,1239,0
sz002405,21627,36630,1502
sh600837,42843,25020,1001
sz002499,0,0,0
sz002734,0,473,0
sz002053,0,3243,0
sz300493,0,0,0
sz002574,0,0,0
sz300311,0,0,0
sz000586,0,0,0
sz002690,0,0,0
sh600483,0,0,0
sz000702,0,0,0
sz002662,3837,0,1837
sz002362,3596,0,415
sz002273,3502,5516,0
sz000980,14114,19521,1444
sz000982,0,26582,0
sh600198,0,2597,0
sh600714,0,0,0
sz002064,0,0,0
sz300067,0,0,0
sh600558,0,0,0
sz000620,0,0,0
sz000576,0,6000,0
sz300557,0,0,0
sz300657,0,1845,0
sh601008,0,0,0
sz300061,0,1612,0
sh600667,65704,172372,0
sz002633,0,0,0
sz002736,0,981,934
sz300105,0,0,0
sh603882,366,0,0
sh603993,1019151,635916,11452
sz000069,70312,86342,0
sh603199,6787,0,0
sz002756,0,3499,0
sz002308,0,0,0
sz002100,0,0,0
sz000630,730072,444072,0
sz002824,3438,12331,0
sz002446,0,1010,0
sz000886,3053,7814,0
sh600835,20838,25113,3511
sz000421,0,0,0
sz300017,72469,84207,2922
sh600109,9084,13862,0
sh600372,0,1060,0
sz002282,0,0,0
sz000021,4820,2591,0
sz300699,3757,2322,0
sz300087,2800,0,0
sz002828,0,486,0
sz000733,0,2590,0
sz002444,0,760,0
sh603358,0,0,0
sz300268,4357,0,0
sz300078,0,0,0
sh600119,1912,0,0
sh600247,0,0,0
sh600099,0,0,0
sz000099,0,0,0
sh600512,23193,2279,0
sh600004,3458,2468,0
sh600909,69746,58530,0
sz000957,92114,59589,5267
sh600710,0,0,0
sh600936,4694,0,0
sh600262,0,0,0
sz002300,17822,3163,0
sh600083,3345,0,0
sz300263,1535,1595,0
sz002853,5211,1091,0
sz300329,0,0,0
sz002099,0,0,0
sz300163,0,0,0
sh603189,0,0,0
sz300327,1019,771,0
sh603798,0,0,0
sh600830,8889,3416,0
sz000100,111323,152627,0
sz002271,4693,1481,0
sz300632,0,452,0
sz300498,8258,11305,0
sh603878,0,0,0
sh603015,0,0,0
sz002087,38595,8644,10000
sz000429,0,0,0
sz002813,598,0,0
sh600721,0,0,0
sh600327,0,0,0
sz000030,1529,0,0
sh603168,0,0,0
sz300315,2748,6977,0
sz002893,545,1117,0
sh601366,0,0,0
sh600741,38787,32628,0
sz000567,500,503,0
sh600052,2902,0,0
sh603238,0,0,0
sh600973,15307,0,0
sh603311,0,0,0
sh600113,0,0,0
sz000701,0,0,0
sz000715,0,0,0
sh600439,0,1800,0
sh600456,3967,957,0
sz002606,7750,9007,0
sz000895,12454,16311,1397
sz002322,0,0,0
sh603100,0,0,0
sz300277,0,0,0
sh600593,400,0,0
sz002291,0,0,0
sz300698,0,0,0
sz000798,0,0,0
sz002836,576,0,0
sz000662,0,0,0
sz300587,0,0,0
sz002684,999,0,600
sz002118,0,1379,0
sz002043,854,2956,0
sh600693,2500,3111,0
sh600076,6554,11450,0
sh603630,0,0,0
sz300648,0,0,0
sz002360,0,0,0
sz000952,698,1914,0
sh600389,0,0,0
sh600557,1670,866,0
sh603388,0,0,0
sz300396,0,15697,0
sh600732,0,0,0
sh600649,1593,11170,0
sz300070,27333,15572,3810
sh601198,2248,709,0
sz000929,0,0,0
sz000502,0,0,0
sh600096,1453,0,0
sz300126,0,0,0
sh600388,18447,14523,0
