sh600838,0,0,0
sz002817,0,0,0
sz300346,0,0,0
sh603227,2256,0,0
sz002127,0,4024,0
sh601127,0,939,0
sz002064,0,0,0
sz300371,0,0,0
sz300513,0,0,0
sh603718,1000,0,0
sz300716,3828,7812,1008
sz002678,0,0,0
sz000838,0,0,0
sz300396,0,0,0
sh600503,4010,4312,0
sz002911,40093,43370,2565
sh603777,0,0,0
sz002010,0,0,0
sz002385,1864,6893,0
sh600909,11682,17331,0
sz300315,8842,14192,0
sz002501,6412,1172,0
sz002238,0,0,0
sz000639,0,0,0
sz002706,2745,1612,0
sz002777,0,0,0
sh603823,1414,1898,0
sz300087,0,0,0
sh600225,0,0,0
sz002372,2120,0,0
sz000716,0,0,0
sh600744,0,0,0
sz300305,0,0,0
sz002448,0,0,0
sz300376,1379,3551,0
sz002428,1041,16215,0
sz000737,0,5846,0
sz300318,0,0,0
sh600572,5183,4819,0
sz300162,0,0,0
sh600566,981,2054,0
sh600213,0,0,0
sz000981,0,0,0
sh601908,5596,0,0
sz002539,0,0,0
sh600903,114970,94484,7372
sz002696,0,0,0
sh600052,0,0,0
sz300348,0,0,0
sh603906,0,0,0
sz300051,0,0,0
sz002280,2977,0,0
sz300157,1779,2543,0
sz002677,0,0,0
sh600081,0,0,0
sz002816,0,0,0
sz002374,0,0,0
sh600506,0,0,0
sh603188,0,783,0
sz002799,34691,8618,0
sz002774,0,0,0
sh603002,0,2000,0
sh600801,6888,3832,0
sz300145,0,8732,0
sz002270,0,0,0
sh600280,0,1561,0
sz000089,0,0,0
sz300457,0,500,0
sz300267,0,8588,0
sh600260,5319,1554,0
sz002590,0,0,0
sh603180,99,0,0
sz002566,0,0,0
sz002763,0,0,0
sh600458,1266,0,0
sh600721,0,0,0
sz300238,455,452,0
sz000928,28054,48836,8229
sh600302,4330,6216,0
sh600080,0,0,0
sh601866,7059,0,0
sh600826,0,0,0
sh600391,0,0,0
sh600567,20792,25796,0
sz002644,0,0,0
sz000680,33007,4710,2346
sz300294,0,0,0
sh600392,48893,41872,1712
sh603595,0,141,0
sz300406,0,0,0
sz002208,0,0,0
sz002862,0,0,0
sh600403,0,0,0
sz000721,0,0,0
sz002562,648,8867,0
sh603768,0,0,0
sz002616,0,1836,0
sz000750,2179,4005,0
sz002026,0,0,0
sz300687,0,0,0
sh600401,12390,0,0
sz002671,0,0,0
sh603758,0,0,0
sz300636,0,0,0
sz300686,0,0,0
sh603189,0,0,0
sz002730,0,2829,0
sh600429,0,0,0
sh600251,0,0,0
sz002017,0,0,0
sz300641,0,0,0
sh603077,241530,74058,0
sh601006,83476,11748,0
sh600115,376446,202689,2805
sh600053,656,0,0
sz002243,0,0,0
sh600070,0,0,0
sh603466,3538,812,237
sh603985,0,0,0
sz002153,1296,0,0
sz000963,4928,6432,201
sz300665,724,372,0
sh603110,0,0,0
sz300202,0,1207,0
sz002390,5871,5155,0
sz002424,0,900,1033
sh600468,0,0,0
sh601992,4089,22754,0
sz300384,0,0,0
sz300541,0,0,0
sh603159,0,0,0
sh603316,926,0,0
sz300289,0,0,0
sz300213,0,2462,0
sh600775,0,3108,0
sz002196,0,0,0
sz002176,12110,7604,0
sz000400,4425,7610,0
sz300029,0,0,0
sz000825,6724,41001,0
sz300262,3063,0,0
sz300330,0,0,0
sh600798,0,0,0
sh601009,23723,29898,0
sh600728,1625,0,0
sz002129,266417,311410,16971
sh603599,0,651,0
sz002508,3178,3328,0
sh603088,2013,325,446
sh600463,0,0,0
sh601222,10991,30366,0
sh600711,6701,0,0
sh603778,0,0,0
sh600665,0,0,0
sh600149,0,0,0
sh600020,15341,7171,0
sz300502,1079,0,0
sh600210,2542,2300,0
sh600050,279587,232627,1647
sh600235,0,0,0
sz002173,0,0,0
sz002298,0,0,0
sz300425,0,0,0
sh601019,30551,12085,0
sz002866,0,0,0
sz000558,0,0,0
sz300570,535,506,0
sh600385,0,0,0
sh601128,9867,3047,0
sh600000,16421,19272,0
sh600300,4692,0,0
sh600893,0,1838,0
sz300448,0,0,0
sh600215,0,1906,0
sh600856,67351,47937,2595
sz002491,0,0,0
sz000889,0,0,0
sz000572,0,0,0
sz002217,2118,17505,0
sh600291,426,4242,0
sh600558,0,1751,0
sz000767,0,0,0
sz000155,38783,77293,0
sh600189,0,0,0
sh603817,19396,31986,1368
sz002547,6560,4147,0
sh600425,0,0,0
sh601929,5468,0,0
sh600970,8092,12322,0
sz000595,0,0,0
sz002897,304,0,0
sh603667,5381,0,0
sh600311,0,0,0
sh600516,364467,373648,44748
sz002527,0,0,0
sz300540,0,0,0
sh603536,0,0,0
sh603912,2218,500,0
sh601233,10886,16286,0
sz300308,647,184,0
sz000576,0,0,0
sz002239,8598,0,0
sz002861,0,0,0
sz002293,800,2160,0
sh603186,0,0,0
sz300004,1562,0,0
sh601991,0,2531,0
sz000005,0,0,0
sh601001,0,0,0
sh603708,1654,700,0
sz300026,2710,5000,0
sz002192,1481,1305,0
sh603989,1034,605,0
sz002210,0,2509,0
sz002254,2667,1300,0
sz300246,0,0,0
sz300637,595,500,0
sz300235,0,0,0
sh603108,0,0,0
sh600008,33344,14852,0
sh600091,0,0,0
sz000046,0,0,0
sz300462,0,573,0
sz300419,0,0,0
sz000625,0,3131,0
sz002883,0,0,0
sh600335,1005,2114,0
sz000425,1259289,1167494,2724
sz300285,2667,5695,0
sz300085,2729,2702,0
sz002702,0,0,0
sh600997,0,6935,0
sz002321,112726,88936,9580
sz000756,0,0,0
sz002148,0,1180,0
sz300390,0,0,0
sh600550,0,0,0
sz300560,0,0,0
sz002169,2000,0,0
sh603330,0,0,0
sz300465,0,0,0
sz002236,46338,77461,2202
sh600593,502,0,0
sh601069,4516,3071,0
sh600619,0,0,0
sz000830,56965,122106,3073
sz002726,0,0,0
sh600667,90567,153309,4060
sh603199,947,0,0
sh603266,0,0,0
sz002035,2462,2010,0
sz002158,1028,0,0
sz000530,0,0,0
sz002766,0,0,0
sz300311,0,0,0
sh600961,0,0,0
sz002475,65045,43043,5708
sz300668,164,0,0
sz000960,21312,5335,0
sz002583,2467,6424,600
sz002521,1348,0,0
sz300692,1815,1980,0
sz000428,0,0,0
sz300184,0,0,0
sh600068,21611,9704,0
sh601933,201027,283588,5758
sh601988,517740,273584,0
sz000970,7316,4582,0
sz300673,0,0,0
sz300616,0,0,0
sh601339,0,0,0
sz300046,0,486,627
sz000861,0,0,0
sz002034,0,0,0
sh603717,2011,0,0
sz002898,1810,1597,0
sh600193,2201,0,0
sz002486,0,0,0
sz300435,0,857,0
sz000909,0,0,0
sh600737,3875,0,0
sz002482,0,0,0
sh600858,0,0,0
sz000554,2010,4000,0
sz000037,0,0,0
sz002878,644,0,0
sh600172,8200,0,0
sz002822,15286,6300,0
sz000851,2225,0,0
sz300123,0,0,0
sz002600,14027,11323,0
sz300481,0,0,0
sh603858,657,0,501
sz002261,0,0,1391
sh603200,267,250,0
sz300576,0,0,0
sz300003,3126,8810,0
sh603889,8686,800,0
sh603313,0,0,0
sh600179,3000,930,0
sh600160,15410,9981,0
sh600808,35691,58501,0
sz002275,0,0,0
sh600751,2000,5406,0
sz300360,1000,0,0
sz002268,2601,438,0
sh603589,5944,2901,665
sh601186,13089,13021,0
sz002806,0,440,0
sz001696,0,0,0
sz300618,1350,1548,107
sz300094,0,0,0
sh603968,0,0,0
sz300189,0,0,0
sh600939,9814,6547,0
sz002781,0,0,0
sz300161,0,0,0
sz300542,0,0,0
sh603099,0,0,0
sh603007,0,0,0
sz000727,21101,10171,0
sz300377,2250,3263,0
sz002266,0,0,0
sh600797,4416,1000,0
sh601020,0,0,0
sh600518,8554,10919,0
sh600869,0,0,0
sh600765,0,0,0
sz002471,0,0,0
sz000796,0,923,0
sz300595,0,0,0
sz300439,630,0,0
sh603388,0,0,0
sz002288,0,0,0
sh600814,0,0,0
sh600662,2750,0,0
sz002687,8489,0,0
sh603900,0,0,0
sz000752,0,0,0
sz300172,0,1408,0
sh600507,19318,31135,0
sz000301,0,0,0
sh600287,0,0,0
sz002659,0,0,0
sz002446,0,0,0
sz300169,0,0,0
sz002125,0,0,0
sz002162,0,0,0
sh603277,3553,0,0
sz002324,0,0,0
sh601328,111838,142515,0
sh600313,0,0,0
sz002543,0,0,0
sh600283,0,0,0
sh600604,0,9915,0
sh600708,0,0,0
sz300354,0,0,0
sh600156,0,0,0
sz002790,0,0,0
sz300350,0,2897,0
sz000038,486,0,0
sz002627,0,0,0
sh600735,0,850,0
sz002842,0,0,0
sh600446,4168,756,0
sh600010,57869,162363,0
sh600387,0,1028,0
sz002095,371,0,0
sh603456,0,0,0
sz002182,0,0,0
sz300428,1402,0,0
sh600125,154225,78436,0
sh600111,130624,57320,0
sz300105,0,0,0
sz300088,23876,34767,6781
sz300393,0,0,0
sz002234,0,1923,0
sh600875,29766,24429,0
sz300365,0,0,0
sh600543,1938,1301,0
sz002334,0,1384,0
sh603903,0,0,0
sh600976,0,456,0
sz002707,0,0,0
sz002060,0,0,0
sz300337,0,0,0
sh600166,5033,4484,0
sz002559,0,0,0
sz300368,0,0,0
sh601336,69460,32021,3765
sz002156,10441,19973,0
sh603997,0,1431,0
sh601886,0,0,0
sz300683,0,0,0
sz002459,0,0,0
sz000878,55077,15805,0
sh600861,0,0,0
sh603556,0,0,0
sh600499,7062,13106,0
sz300503,0,0,0
sh603028,0,0,0
sz000905,0,0,0
sz300221,0,3791,0
sz300666,6377,6975,734
sz300610,0,0,0
sz000702,0,0,0
sh603606,0,0,0
sh600710,0,0,0
sh600655,2102,971,0
sz300035,0,0,0
sh600705,14846,71496,0
sz300437,0,0,0
sh600562,0,0,0
sh603813,0,883,0
sz300445,0,0,0
sz000738,0,996,0
sh600110,17727,15614,0
sz000887,3919,1655,0
sh600123,16940,9827,0
sz300258,1016,0,0
sz002008,26417,23172,1726
sz000949,0,0,0
sz300628,90,0,0
sz000703,30750,28707,0
sh603727,0,0,0
sz002601,4556,1500,0
sz000538,4679,3513,101
sh600428,0,0,0
sz300182,8855,5818,0
sz000581,13319,7747,0
sz000709,37910,83488,0
sz002170,0,0,0
sh600512,29613,0,0
sh603060,0,0,0
sh600184,0,0,0
sh601688,46623,30636,0
sz000623,6203,7845,0
sh600585,85809,67468,3825
sh601010,2566,0,0
sz002329,0,0,0
sz002530,0,0,0
sz300403,0,0,0
sh600376,0,0,0
sh603776,0,252,0
sz002290,0,0,0
sz000065,0,650,0
sh600178,0,0,0
sz002135,0,0,0
sh600689,0,0,0
sh600270,671,771,0
sh600271,24106,41069,1462
sz300381,800,1020,0
sz002245,13960,27467,0
sz002283,0,0,0
sh603955,0,0,0
sh603966,0,0,0
sh603638,350,0,0
sz002030,0,826,0
sz000533,16785,2495,0
sz300430,0,0,0
sz000409,0,2029,0
sh600692,0,0,0
sz000498,0,0,0
sz002708,0,0,0
sz300325,0,0,0
sh600076,20075,1437,0
sh600016,82448,66678,0
sz300163,0,0,0
sh603887,0,0,0
sh600312,0,0,0
sz300490,0,0,0
sh600036,199962,171727,9882
sz300557,0,0,0
sh600219,52097,14037,0
sz000532,0,0,0
sh600209,0,0,0
sz300656,0,0,0
sh603177,3710,6396,0
sz002564,0,0,0
sz300722,8267,23535,838
sh603999,0,0,0
sh603098,0,0,0
sz300111,0,0,0
sh600882,0,0,0
sh601611,5777,1113,0
sh603260,17634,11363,1677
sh601998,61441,19777,0
sz002291,0,1474,0
sz002463,42803,71235,1848
sh600186,6879,0,0
sh601800,3212,4850,0
sz002137,0,0,0
sz300411,0,0,1219
sz300538,0,0,0
sz002480,0,3977,0
sz002847,0,0,0
sz002735,0,0,0
sz300067,0,2493,0
sh600152,4593,0,0
sh600375,0,0,0
sh600987,0,0,0
sz300718,1586,860,0
sh603838,0,0,0
sz300537,0,0,0
sz002850,0,0,0
sh601208,0,0,0
sz002585,0,0,0
sh600844,0,0,0
sz000911,1410,1276,0
sz000622,0,0,0
sz002857,0,0,0
sh600511,3129,2974,0
sz000608,0,0,0
sz002505,289441,236339,84753
sz000813,0,0,0
sh600792,0,0,0
sh600674,68356,42156,0
sh603937,4535,2417,949
sh601519,0,0,0
sh600192,0,0,0
sh600346,17586,20894,0
sh600085,1197,922,0
sh600885,0,2087,0
sh600195,0,0,0
sz300474,1169,1093,402
sh601669,1500,15148,0
sz002279,0,0,0
sz300245,873,1483,0
sz300463,448,1221,0
sh600366,0,1679,0
sz000519,46062,9038,1667
sz300526,0,0,0
sz300413,880,2967,0
sz002629,0,0,0
sz300195,0,0,0
sh603268,1000,0,0
sz300286,0,0,0
sz002418,1505,1132,0
sz002884,649,0,0
sz002503,3907,4899,0
sz002628,3616,0,0
sz002351,0,0,0
sh600426,19668,29734,2184
sz300263,0,1601,0
sz002910,30246,23896,1538
sz002909,0,0,0
sz300206,0,4554,0
sz002464,0,1215,0
sh601811,0,0,0
sh601939,185679,203468,0
sz002846,0,0,0
sh600515,0,800,0
sh601226,0,0,0
sz002377,0,1500,0
sz300269,5110,2875,923
sz002581,1002,0,0
sh600459,0,600,0
sh600995,0,0,0
sh600833,0,0,0
sz300256,0,2000,0
sz300386,0,0,0
sh603089,0,0,0
sh600388,28433,7175,1159
sh603106,1724,879,0
sz300092,2000,0,0
sz300135,0,7203,0
sz300281,0,0,0
sz002529,0,0,0
sh600035,0,0,0
sh601099,29983,49084,0
sh600821,0,0,0
sz002724,0,0,0
sh601799,0,0,0
sh600031,871472,770537,4689
sz002691,0,0,0
sz000018,4602,14193,0
sh603991,0,0,0
sh600352,126600,129676,949
sz002876,0,0,0
sh600330,23420,60884,3286
sz002860,314,0,0
sz000780,0,0,0
sz002667,0,0,0
sh600863,13513,9011,0
sh603979,0,0,0
sh600936,3490,0,0
sh601058,11317,0,0
sz002515,0,0,0
sz000045,0,0,0
sh603721,874,0,0
sz000736,0,0,0
sz001979,18079,5231,0
sz002851,0,0,0
sz002848,0,0,0
sh603929,0,518,0
sz002310,3640,6639,0
sz002318,0,1749,0
sz300005,4158,0,0
sz300223,1104,1399,0
sh603399,0,0,0
sz002619,0,0,0
sh600372,0,1000,0
sh603698,0,0,0
sz002485,0,0,0
sz300168,12815,3669,0
sz000601,9491,3697,0
sh603019,16735,17515,1898
sh600382,0,0,0
sz000868,43728,12672,0
sh600368,0,0,0
sz300370,0,0,0
sz300590,1675,4809,0
sz002147,0,0,0
sz002636,737,0,0
sh600557,0,778,0
sz000977,32272,19545,780
sz300486,0,0,0
sz002662,2000,0,0
sh600200,11096,36850,0
sz300620,0,527,0
sz002533,0,0,0
sz000676,0,0,0
sz002352,0,0,0
sh600992,1179,0,0
sz000751,7472,0,0
sz002598,0,0,0
sh600993,2014,0,0
sz002335,0,0,0
sh601618,0,25369,0
sh600626,0,0,0
sh600107,957,0,0
sh600128,0,0,0
sh600513,0,1400,0
sh600199,0,0,0
sh600570,11283,5055,0
sz002808,0,0,0
sz300695,0,0,0
sz002518,0,1111,0
sz300251,3526,13333,0
sz000920,0,1306,0
sz002083,1515,0,0
sz300385,0,0,0
sh601727,3316,2602,0
sh603363,19913,18756,2976
sh600089,58501,37950,0
sh600595,4618,0,0
sz300301,0,0,0
sz002551,0,0,0
sh600241,0,0,0
sz300359,1115,2109,0
sh600588,500,0,0
sz000506,0,0,0
sz002164,0,0,0
sz002106,0,0,0
sh603041,0,0,0
sz002589,14675,11293,2910
sz002421,0,0,0
sh600730,0,0,0
sz002839,27166,18602,5306
sz300509,0,0,0
sz000863,0,0,0
sz002333,800,801,0
sz300623,0,345,0
sz300197,0,921,0
sz000516,0,0,0
sz002013,3947,2020,0
sz002328,0,0,0
sh600377,3273,0,0
sz002752,3160,0,0
sh603116,0,0,0
sz002646,0,0,0
sz000892,0,0,0
sz300642,0,138,0
sz000416,0,0,0
sh600281,0,3483,0
sh600143,37312,5773,0
sz000835,1505,0,0
sz000779,0,0,0
sz300139,0,0,0
sh601088,20095,16451,0
sz300147,0,5842,0
sz002718,0,0,0
sz002041,0,0,0
sz000673,54513,22767,820
sz300063,0,0,0
sz300271,0,2061,0
sz002046,0,0,0
sz300548,1500,0,0
sh600726,0,0,0
sh600749,0,0,0
sh600776,3102,1710,0
sh600649,0,5875,0
sz000418,849,1788,0
sz000026,0,0,0
sz002593,0,0,0
sh600965,0,0,0
sh603378,517,514,0
sz000698,0,0,0
sz002099,3500,0,0
sh600096,0,2000,0
sz300518,0,0,0
sh600723,0,0,0
sz300380,0,0,0
sz002833,190,0,0
sz300613,843,319,0
sz000989,0,0,0
sh603505,0,0,0
sz002241,11664,21988,809
sh603117,0,0,0
sh600409,4908,11259,0
sz002229,1354,1348,0
sz002713,800,0,0
sh603535,883,1123,0
sz000966,0,0,0
sz300148,12962,2766,0
sz300200,0,0,0
sz002611,0,0,0
sz300460,0,0,0
sh600461,2020,0,0
sz000544,700,0,0
sh603908,0,0,0
sh600694,0,0,0
sz300412,0,0,0
sz000692,0,0,0
sz000059,8444,5527,0
sz000882,0,0,0
sh600135,0,0,0
sh600617,0,0,0
sh603036,0,0,0
sh600758,3497,2564,0
sz000810,6299,1979,0
sh600362,118464,83292,2843
sz002136,0,0,0
sz002242,0,0,0
sh600933,9424,6300,0
sh600027,4000,5232,0
sh600717,4221,0,0
sh603238,0,0,0
sz002097,13064,2000,0
sz002069,0,0,0
sh601002,68267,27574,1157
sh600444,0,0,0
sh600316,0,0,0
sh600399,0,0,0
sh600673,0,13770,0
sh603321,13651,0,0
sh603883,4944,2361,0
sz000573,0,0,0
sz300426,0,1711,0
sz002647,8700,0,0
sz000611,0,0,0
sz002476,0,0,0
sz300190,0,0,0
sh601163,0,0,0
sz002716,1569,3198,682
sh600051,0,0,0
sh600880,2018,0,0
sh600358,6338,2086,0
sh600754,446,0,0
sz300244,0,1011,0
sh600768,0,0,0
sz300388,590,0,0
sz002538,1414,1846,0
sz300433,5191,3151,0
sh600098,16602,6739,0
sz002492,0,0,0
sh600841,0,0,0
sz000731,0,5419,0
sz000627,20111,49690,0
sz000712,0,0,0
sz002102,6934,7168,0
sh600288,0,0,0
sz002553,0,2501,0
sz000858,50350,60981,3862
sz300233,0,0,0
sz002359,5024,4090,603
sz000619,0,2309,0
sh600489,21950,7815,0
sz002376,0,1065,0
sz000782,0,0,0
sz000070,0,0,0
sz300677,1357,418,0
sz002773,0,236,0
sz000890,0,0,0
sz000612,2004,3475,0
sz300515,905,0,0
sz000529,0,0,0
sz002119,0,0,0
sh600690,65172,83739,4517
sz300487,0,0,0
sh600654,24939,36117,0
sz000069,130731,45706,0
sh600736,0,0,0
sz002392,0,0,0
sz002166,0,0,0
sh600616,0,1290,0
sz000531,0,0,0
sh600791,0,0,0
sh603800,2302,2361,0
sz300277,0,1232,0
sh600635,32596,2248,0
sz000650,3000,0,0
sz000936,0,0,0
sh600410,3184,4756,0
sh601229,35242,18119,0
sz300165,0,0,0
sz002107,0,0,0
sh600360,28716,48339,0
sz300485,0,0,0
sh603558,0,0,0
sh603555,1400,615,0
sz300382,18236,0,2200
sz002457,2634,3088,0
sh603797,8761,21042,0
sz000631,0,0,0
sz300320,821,1200,0
sh600979,2000,9050,0
sh600158,1055,1038,0
sz000933,24883,31389,0
sh600114,725,0,0
sh600355,0,1250,0
sh601179,5001,0,0
sz002411,2788,0,0
sz000100,97234,135328,0
sz002347,1593,0,0
sz300732,1612,1170,389
sh600998,0,540,0
sh603157,12789,47804,592
sz000421,3706,1710,0
sz300247,0,0,0
sz002838,0,0,0
sh603203,0,0,0
sh600482,0,600,0
sh603358,0,0,0
sz002383,3490,2094,723
sh600547,5873,8647,0
sz300693,0,0,0
sz300229,2000,0,0
sz002330,2593,2355,0
sz000860,6763,0,0
sz002042,10533,7067,0
sz300617,0,0,0
sz000807,171470,157940,1658
sz300205,0,0,0
sh600077,0,0,0
sz000915,395,400,0
sz002499,0,0,0
sz002888,0,0,0
sh603067,0,0,0
sz001896,0,0,0
sz002415,74221,56728,4710
sz300609,0,0,0
sz002191,0,1301,0
sh600223,0,0,0
sz002639,0,4781,0
sh600811,15908,0,0
sh603757,0,0,0
sz300470,0,0,0
sz300317,1779,0,0
sz300329,0,0,0
sh603396,269,237,0
sz300241,1712,600,0
sh600279,0,0,0
sz300137,2518,0,0
sh600975,0,0,0
sh601198,0,0,0
sz300146,11544,5118,0
sz000828,0,11623,0
sz002094,0,2219,0
sz300476,450,0,0
sz002174,1991,0,0
sh603507,418,601,317
sh600868,10112,2542,0
sh600480,1022,666,0
sz000962,0,2011,0
sz000652,0,0,0
sz002209,0,0,0
sh603848,4668,2238,0
sz300282,0,0,0
sh601177,0,0,0
sz002572,1532,2519,0
sh600871,7801,11874,0
sh603669,0,0,0
sz300023,0,0,0
sz000955,7192,7714,0
sz300512,0,0,0
sh600526,1365,2266,0
sh601228,21053,15952,0
sh600555,0,0,0
sh601200,3988,974,525
sz002849,0,0,0
sz300239,0,0,0
sh603229,0,0,0
sz000063,269877,303553,25357
sz000570,0,0,0
sz300073,922,1972,0
sz300203,2447,2731,0
sz002309,15249,14102,901
sz300044,0,0,0
sz000996,2572,2839,0
sz002179,1614,0,0
sz300712,1142,2385,809
sh603015,0,0,0
sz000333,58439,89556,5312
sz300025,0,2350,0
sz002494,0,0,0
sh600563,3150,916,0
sz002307,0,0,0
sh600006,0,0,0
sz300075,0,0,0
sz002734,0,0,0
sh601958,0,0,0
sh603602,5385,848,0
sh600339,1990,3798,0
sz300222,2538,1640,0
sz002660,0,0,0
sz000831,3221,7009,0
sz300702,0,0,0
sz002454,0,0,0
sz002770,0,0,0
sz300257,0,0,0
sh600643,990,2733,0
sh601699,71859,98069,0
sz002803,259,0,0
sz000829,0,0,0
sz002916,0,515,0
sh600828,0,0,0
sh600026,4051,1665,0
sz002281,12154,14796,317
sh603679,0,0,0
sz000488,12774,6422,0
sh600319,0,0,0
sz002673,8988,4051,0
sz002199,0,0,0
sz002488,0,0,0
sh600196,103649,143971,9247
sh600605,0,0,0
sz002709,1928,2966,0
sh600810,4300,0,0
sz002612,0,0,0
sz300698,1783,378,0
sz002915,0,704,0
sz000788,0,0,0
sh600628,0,0,0
sz300500,0,540,0
sz002319,0,0,0
sz002233,970,0,0
sh600469,0,0,0
sh601116,0,1062,0
sz000028,547,0,0
sh603380,0,0,0
sz002265,0,900,0
sz300180,0,0,0
sz002872,385,436,0
sh600640,0,1800,0
sz300601,0,223,0
sz300207,1500,1151,0
sz000422,0,3282,0
sh600756,0,820,0
sz300587,0,0,0
sz002449,612,2450,0
sz300307,0,0,0
sh600028,201130,237571,0
sh600019,29237,39851,0
sz300024,612,0,0
sz002658,761,0,0
sz002742,29049,8582,0
sz300471,0,0,0
sz002187,0,0,0
sz000968,0,0,0
sh600369,3640,0,0
sh603369,1752,1980,0
sh600363,0,0,0
sz000952,0,1004,0
sh600373,603,800,0
sh600229,0,0,0
sh603628,1541,722,0
sz002606,8755,33131,0
sz300130,1741,5410,600
sz300227,0,0,0
sh601588,3000,0,0
sh601168,9284,4428,0
sh603029,0,0,0
sh600383,117883,64044,0
sh600884,5689,10073,0
sh600317,0,0,0
sz002760,9873,4636,1000
sz300658,0,0,0
sh603987,0,0,0
sh600483,0,1775,0
sz300219,0,0,0
sz000822,0,3507,0
sh601117,29235,28940,0
sz000792,27803,41101,0
sz002154,0,3330,0
sh601311,1005,4783,0
sh600787,6515,14720,1010
sz002685,3500,2862,0
sh603055,1502,0,0
sz300458,358,2701,0
sz002011,0,0,0
sh601188,0,0,0
sh603880,0,0,0
sh603021,0,0,0
sh603300,0,0,0
sh600985,43504,27250,1104
sz002617,0,0,0
sz002899,1036,467,0
sz002788,356,0,0
sh601398,776877,536692,0
sz000055,0,0,0
sz002053,0,1805,0
sh603843,0,0,0
sz002437,36622,16606,0
sh603600,0,0,0
sz002869,0,0,0
sz002829,0,0,0
sz300322,0,0,0
sh603027,600,5314,0
sz300291,2949,0,0
sz002586,0,0,0
sz000593,4869,0,0
sz300107,2000,0,0
sz000931,0,0,0
sz002157,3468,0,0
sz002235,0,0,0
sh603922,0,0,0
sz000635,0,851,0
sz300056,0,2000,0
sh603133,683,1556,0
sh603919,0,0,0
sh600706,0,0,0
sz300259,0,1716,0
sz000659,19454,26202,0
sh603328,0,6424,0
sh600742,0,1500,0
sz300484,0,0,0
sz002584,12377,5473,0
sz002907,13883,19433,824
sh600896,0,0,0
sh603389,0,0,0
sh603160,812,466,0
sz300021,0,0,0
sh603787,0,1051,0
sh600120,600,0,0
sh603737,0,0,0
sz002477,19868,62386,0
sz002731,0,0,0
sz002541,0,0,0
sz300226,2899,0,0
sh603183,368,2816,0
sz300536,0,0,0
sz002059,0,0,0
sh600477,0,0,0
sz000839,9163,18421,0
sz000403,0,0,0
sh600188,25240,30597,971
sh603685,461,424,0
sh600278,1135,2566,0
sh601608,8521,4369,0
sz300602,0,0,0
sh600439,0,0,0
sz002316,0,0,0
sz002811,0,0,0
sz002800,0,0,1266
sz300575,0,0,0
sz002188,0,0,0
sz300014,770,0,0
sh603367,16706,18994,1932
sz002028,0,0,0
sz000935,15398,39479,584
sh600678,0,952,0
sh600592,7000,1079,1100
sh603826,0,0,0
sz002425,0,0,0
sh600356,0,0,0
sh603958,0,0,0
sh603738,0,0,0
sh603496,0,0,0
sh600716,0,8257,0
sh603918,0,0,0
sz002009,0,731,0
sz002605,0,3371,970
sh603288,250,219,0
sz300098,1801,2200,0
sh601880,0,0,0
sz000778,0,26588,0
sh600367,0,0,0
sh603860,6422,13364,0
sh603866,0,0,0
sz002905,484,0,0
sh603519,0,0,0
sz000785,0,0,0
sh601919,21054,9036,0
sh600859,562,705,0
sh600681,1508,2636,0
sh600895,1595,3373,1193
sz300640,0,0,0
sz300343,0,0,0
sz300283,0,0,0
sz300110,4635,3043,0
sh600696,0,0,0
sz000913,0,0,0
sz000683,0,28542,0
sh603131,0,0,0
sz000616,8410,0,0
sz000701,1100,0,0
sh600233,0,0,0
sh600783,0,0,0
sz002391,0,0,0
sz000413,48070,45090,0
sz300488,0,0,0
sh601098,0,0,0
sh600038,2092,1338,0
sh601595,0,0,0
sh603009,0,0,0
sh603066,983,0,0
sh600680,0,0,0
sz300006,0,0,0
sh600343,0,2387,0
sz002460,19193,11071,1196
sz300626,0,0,0
sh600959,3838,1647,0
sz000423,1809,5778,0
sz300019,0,0,0
sz300475,800,0,0
sz300102,29085,62553,1135
sh603630,0,0,0
sh600729,1193,0,0
sh600048,314736,253709,11844
sh600611,0,0,0
sz300106,0,0,0
sz000881,0,0,0
sz002840,430,0,0
sz002550,0,2952,0
sz000783,8433,5334,0
sz300069,0,618,0
sh603178,0,0,0
sh603661,409,151,0
sz002563,0,0,0
sz300341,0,0,0
sh601199,0,0,0
sz000590,1635,0,0
sh600498,4336,3716,0
sh603855,1545,0,0
sh600777,0,17433,0
sh603833,446,645,0
sz300535,0,0,0
sz300058,32331,60206,0
sz300625,0,0,0
sz000821,0,0,0
sz300605,0,0,0
sh600517,0,0,0
sh600290,2001,4625,0
sh600012,1000,1200,0
sz000690,0,3224,0
sz300194,0,0,0
sz002304,3877,4016,458
sz002071,16343,2512,1000
sh603033,0,0,0
sz000685,0,987,0
sz002401,995,0,0
sz000725,2815456,2684906,0
sh600325,1872,1619,0
sz002420,0,0,0
sz000628,0,0,0
sh600018,20282,14154,0
sh603828,0,0,0
sz002058,0,0,0
sz002824,0,0,0
sh600088,0,0,0
sz300306,0,0,0
sz002715,1470,0,0
sh600056,0,889,0
sz300395,0,900,0
sh603338,0,0,0
sz002104,0,0,0
sz002405,60054,34731,2111
sh600561,0,0,0
sz002856,2397,2380,0
sz002649,2377,8258,0
sh603179,0,0,0
sh600790,0,0,0
sz002825,0,0,0
sh601858,1732,22520,0
sz002768,856,0,0
sh603861,0,0,0
sh603577,0,0,0
sh600104,13288,37598,1144
sz300689,717,0,0
sh603020,3795,0,0
sh600211,0,0,0
sz000090,0,1392,0
sz000504,498,1147,0
sh603811,0,0,0
sz300115,7724,6176,0
sz002875,0,0,0
sh600867,2006,3484,0
sh600653,0,0,0
sz002443,0,0,0
sz300204,0,0,0
sh600481,0,0,0
sz002133,0,4776,0
sz300188,8310,2064,0
sh600315,2364,4907,0
sz002826,800,0,0
sh603023,0,0,0
sh603335,2419,0,0
sh600250,0,0,0
sz002640,2317,2241,0
sz300447,0,0,0
sh600857,0,0,0
sz002066,0,0,0
sz300422,880,0,0
sz300706,3370,3362,509
sh600697,0,0,0
sh600198,1000,2484,0
sz002435,0,0,0
sh600908,9138,2009,0
sz300339,0,0,0
sz002750,0,0,0
sh600153,20617,1796,0
sz000561,0,0,0
sz300387,0,0,0
sz002331,0,0,0
sz002412,0,0,0
sz002146,14584,16598,2432
sz300543,0,0,0
sz002648,3030,3060,0
sh600827,878,1000,0
sz002681,5876,0,0
sh603933,0,0,0
sh600237,0,3000,0
sz002528,0,0,0
sz002427,7428,7536,385
sh603533,5560,5647,0
sz002315,0,0,0
sh600093,0,0,0
sz002149,0,0,0
sz002506,31650,102332,0
sz002224,0,0,0
sh600675,3844,0,0
sz000883,0,2788,0
sz002419,3684,2180,0
sz002740,0,0,0
sz002693,0,0,0
sz002032,1058,659,0
sh603076,0,0,0
sh600268,0,0,0
sz000548,0,0,0
sz002865,0,1806,0
sz000656,17205,5864,0
sz002732,0,0,0
sh603882,705,335,0
sz000922,0,0,0
sz300632,0,0,0
sz300295,0,0,0
sz000584,9757,2355,0
sz000636,122773,65067,4123
sz002516,0,0,0
sh600502,1506,2909,0
sh600725,0,0,0
sz300603,0,642,0
sz002615,0,0,0
sz002380,0,816,0
sh603766,52252,16253,0
sz300103,668,3300,0
sh600353,0,0,0
sz002074,2030,2275,0
sh600449,0,1026,0
sz002370,0,0,0
sz300446,478,0,0
sz000768,1525,3024,0
sh600058,0,924,0
sz002204,23805,7010,0
sz000886,2901,4000,0
sz002554,0,0,0
sz000987,0,0,0
sz000545,0,0,0
sh603111,0,0,0
sz000809,0,0,0
sh600551,0,0,0
sh601857,14241,21838,0
sz300313,0,2057,0
sz300344,0,0,0
sh600999,9807,22801,0
sh600422,0,0,0
sh603963,6222,4036,903
sz002769,0,0,0
sh601567,0,0,0
sh600301,0,0,0
sz002695,0,0,0
sh600320,51814,18502,0
sh600898,0,0,0
sh600693,0,1000,0
sz300655,0,0,0
sz300284,0,0,0
sh600732,0,4595,0
sz300008,0,1815,0
sz300611,0,0,0
sz002841,0,300,0
sz300660,0,0,0
sz300496,1707,338,0
sz002807,1294,0,0
sz002024,19663,22030,0
sh600475,0,0,0
sz002835,0,0,0
sh603678,0,0,0
sz002193,0,0,0
sh600988,3298,44127,0
sz300050,0,0,0
sh600119,0,2743,0
sz300707,759,485,0
sz300097,1265,4450,335
sz000599,2000,0,0
sz002821,545,198,0
sh600345,513,3545,0
sz300253,0,0,0
sh603928,0,0,0
sz002305,7519,0,0
sh603035,0,0,0
sh600197,7248,7455,0
sh603232,0,0,0
sz002741,0,0,0
sh603416,0,0,0
sz300070,6048,879,0
sz002864,2795,448,3856
sh603286,628,761,292
sz300335,0,0,0
sz000043,0,0,0
sh603488,4134,0,0
sz300619,222,0,0
sz002664,11450,1523,1337
sz002723,0,0,0
sz000789,7763,9475,0
sh601021,1690,379,0
sz002624,657,403,0
sz300201,0,2000,0
sz000061,0,0,0
sh600094,0,0,0
sh601952,17330,13826,0
sh600802,0,6000,2098
sz002815,320,0,0
sz300351,0,1763,0
sz000068,0,0,0
sh600727,0,0,0
sz300217,5366,4000,0
sz300053,2942,2496,0
sz300020,0,1546,0
sz002190,0,0,0
sz002126,0,4177,0
sh600887,93888,131909,10371
sz002656,0,0,0
sh601000,9880,11927,0
sz000429,0,0,0
sh600615,0,0,0
sh600767,0,0,0
sz002891,0,0,0
sh600318,1421,14968,0
sz002759,805,0,0
sz000982,12012,25237,5000
sz300715,1064,547,0
sz002879,1754,0,1180
sz300164,0,0,0
sz300647,0,0,0
sz000686,1167,3753,0
sz000929,1100,1230,0
sz000410,12838,15626,0
sz002900,460,0,0
sz300621,1017,0,0
sz002789,0,0,0
sz300729,1914,2305,0
sz300248,0,0,0
sz002273,12992,9007,471
sz300279,0,0,0
sh600262,0,0,0
sz300333,0,0,0
sh603323,12474,5730,0
sz002393,0,480,0
sz300497,0,0,0
sz300520,528,790,0
sz300125,0,536,0
sz002440,14295,4939,0
sh600738,0,0,0
sh603365,2838,0,0
sz000869,5022,2923,1110
sh603228,448,0,0
sh603100,0,0,0
sz002614,600,0,0
sz000687,6231,1494,0
sz002472,0,0,0
sh601789,0,0,0
sz002858,0,0,0
sh603808,0,0,0
sh600381,0,0,0
sz002447,0,4250,0
sh600170,12863,4900,0
sz002779,0,0,0
sz002349,0,0,0
sz002145,10935,7460,0
sz300550,0,0,0
sz002517,33630,31056,1219
sh600222,0,0,0
sz000786,13778,21007,0
sz000917,1170,8872,0
sz300489,0,0,0
sz300643,0,762,0
sh600559,1101,2348,0
sh600650,0,0,0
sz000613,1920,0,0
sz000591,10882,45581,3990
sz300127,624,0,0
sh600569,34415,29847,0
sh600919,115069,119308,0
sz300539,0,0,0
sz000555,0,0,0
sz002134,0,0,0
sz000961,3676,3255,0
sz000803,0,0,0
sz000651,64676,83835,5206
sz002765,0,0,0
sh600984,0,0,0
sh603703,0,0,0
sz002252,1661,1110,0
sh603619,1071,1499,329
sh600819,0,0,0
sz002653,2716,0,0
sz300438,0,759,0
sh600589,2000,0,0
sz002314,0,0,0
sh600874,31700,14859,0
sh600207,0,0,0
sh600522,49543,51551,1098
sz000925,3799,1325,1175
sh600165,2751,867,0
sh600137,0,0,0
sh600327,0,0,0
sz300079,0,0,0
sh601890,0,0,0
sz002322,0,0,0
sz000897,0,0,0
sz002228,0,0,0
sz300119,0,0,0
sh600448,0,2310,0
sz002573,42361,7468,0
sh600537,0,9773,0
sh603050,0,0,0
sh603398,0,0,0
sz002582,8348,0,0
sh600773,1000,2000,0
sz002755,0,0,0
sz000665,0,0,0
sh603233,0,825,0
sz002602,1500,1000,0
sz002109,0,0,0
sh600095,0,0,0
sh603899,1043,905,0
sh600127,0,0,0
sh600139,0,0,0
sz300549,0,0,0
sz300473,0,0,0
sz002327,2089,1020,0
sh603816,435,896,0
sz300472,0,0,0
sh603136,0,0,0
sh600266,9611,900,3100
sz002801,0,0,0
sz000060,17875,17953,0
sz002320,768,1045,0
sz300459,0,0,0
sh600962,0,0,0
sh603168,0,794,0
sh603656,0,0,0
sz300093,0,0,0
sz000739,0,0,0
sz002108,917,4839,0
sz300155,0,0,0
sz002012,8084,14142,0
sz000520,0,0,0
sz300402,0,0,0
sh600629,0,0,0
sh600259,1495,565,0
sh600173,0,0,0
sh600500,2689,2683,0
sz002588,0,10500,0
sz300231,21679,15588,872
sz300697,8372,4122,1250
sz002665,51120,54249,2900
sz002688,0,0,0
sh601968,0,0,0
sh601100,5398,0,0
sz002019,9472,7744,0
sh603890,2178,1339,0
sh600603,0,3800,0
sz002356,1895,0,0
sh600105,0,0,0
sz300293,0,0,0
sz000802,1019,919,0
sh600298,13584,18277,3314
sh600545,4261,0,0
sh603701,0,0,0
sz002546,0,0,0
sh600177,9535,14468,0
sh603421,0,0,0
sh600009,7264,2146,501
sz300654,0,0,0
sz300078,0,0,0
sz000525,600,0,0
sh600584,37113,22143,0
sh603208,0,0,0
sz300065,0,0,0
sh600642,11348,8529,0
sz300600,0,0,0
sz300220,0,0,0
sz002669,580,971,0
sz300431,15880,24528,0
sh600299,0,0,0
sh600082,0,0,0
sz002556,5632,5902,0
sz002651,0,0,0
sh600982,0,0,0
sz000042,0,0,0
sz002479,12127,2777,0
sh601016,0,3060,0
sh600823,10013,3000,0
sz002018,0,2356,0
sz002050,20018,12603,0
sh600568,117909,37459,2234
sz000630,232132,72302,0
sh603779,0,1471,0
sz002151,8283,13330,2859
sh603305,0,0,0
sz300068,917,4415,0
sz000717,60210,45470,0
sh600340,4271,4922,0
sz000655,0,0,0
sh600435,8839,20460,0
sz000016,2403,8677,0
sh603617,0,0,0
sh600846,3808,0,0
sz002772,0,0,0
sz002450,53959,93593,4323
sh600578,0,0,0
sz002796,0,0,0
sz002684,0,0,0
sh603063,1554,0,0
sz002363,0,0,0
sh600148,0,0,0
sz002227,0,0,0
sz000997,1301,600,0
sh603017,0,0,0
sh603011,1530,3289,0
sz300529,0,0,0
sz002599,0,0,0
sz002365,1964,1725,302
sh603976,500,0,0
sz002381,0,0,0
sz002745,0,0,0
sz300708,13070,15835,2203
sz300685,352,0,0
sh600575,3380,0,0
sh600886,25043,29238,0
sz000408,0,1621,0
sh600171,60393,108510,4881
sz002452,0,0,0
sh603722,613,1697,0
sh600610,0,0,0
sz300527,3720,0,0
sh600641,0,5328,0
sh600406,30215,25659,1521
sh603385,0,0,0
sz002317,0,3589,0
sh600523,1769,0,0
sz000919,0,0,0
sz000677,0,0,0
sz002574,0,0,0
sh600073,0,2000,0
sz300725,2923,4262,195
sh603345,0,0,0
sz002141,1627,3534,0
sz000899,0,0,0
sz002823,0,0,0
sz000430,0,0,0
sz300059,51640,45877,1012
sh603601,0,0,0
sh600779,5518,5022,0
sz300268,17848,0,0
sh600359,0,0,0
sh600258,569,0,0
sz002537,1400,1775,0
sh600668,0,821,0
sz002214,0,0,0
sz002269,3041,0,0
sz300192,0,2874,0
sh603696,0,0,0
sh601689,0,0,0
sh600497,27719,13492,0
sh603566,0,0,0
sh600208,7668,54160,0
sz002877,560,0,0
sz002277,0,0,0
sz002092,7284,8221,0
sh600064,0,970,0
sz300009,36485,53281,5801
sz000850,0,0,0
sh600455,0,0,0
sz300516,0,0,0
sz000597,3010,6539,0
sz300418,5180,5707,0
sz300663,0,0,0
sh600310,0,0,0
sh603320,0,0,0
sh600109,15974,35131,0
sz000404,6717,4215,0
sz300198,1945,1664,0
sh603043,904,0,0
sh600782,70076,41791,0
sz000720,0,2699,0
sh600836,0,0,0
sh600069,16880,2072,0
sz002793,0,0,0
sz002077,0,0,0
sz002749,218,0,0
sh600582,8849,0,0
sh601028,0,0,0
sh603920,2183,5716,0
sh600586,2278,7139,0
sz000932,8047,11939,0
sz300424,0,0,0
sz002267,11167,24855,2900
sz002434,0,3915,0
sz300415,705,2220,0
sh603198,0,900,0
sz300270,3311,0,0
sh603579,0,0,0
sh601318,298935,319283,35766
sz300254,1700,0,0
sz300682,0,0,0
sz000510,0,1484,0
sz300052,4163,3012,0
sh600548,0,0,0
sz002859,0,0,0
sz300401,4139,3700,567
sz300158,0,0,0
sz000663,0,0,0
sz002051,0,0,0
sh600576,0,0,0
sz002353,2705,0,0
sz300072,7048,13943,300
sh600191,0,0,0
sz300651,0,0,0
sz300117,0,0,0
sz300681,0,0,0
sh600720,9094,3712,0
sz300408,27380,27016,1101
sh600490,7078,12438,0
sz000710,665,0,0
sz002509,14443,1569,2121
sz002902,3950,521,0
sz300650,0,0,0
sz300532,0,0,0
sz300389,0,0,0
sz002101,502,0,0
sz300662,0,0,0
sz002161,0,1408,0
sz002410,1397,3327,0
sz300290,0,0,0
sz000798,0,0,0
sz000902,0,1051,0
sz002465,1338,5951,0
sh603633,0,1060,0
sz000953,0,0,0
sz300034,0,0,0
sh600393,0,0,0
sh600862,1176,0,0
sh600479,0,0,0
sh600216,8039,7071,0
sh601139,45266,21542,0
sz000969,2600,0,0
sh600467,0,9345,0
sz000758,3916,24786,0
sz300002,0,0,0
sz002197,0,0,0
sz300671,370,285,0
sz002498,0,0,0
sh601107,0,0,0
sz002426,2254,8247,0
sz300303,0,3000,0
sz300478,0,0,0
sz300375,0,1055,0
sh601898,18356,4250,0
sz300442,0,0,0
sz002903,7755,1326,0
sz002912,2511,1771,642
sz002638,2181,3315,0
sh603901,0,0,0
sh600552,0,0,0
sh603311,0,0,0
sz300505,0,0,0
sz002458,41228,29935,3346
sh600573,0,0,0
sh600129,0,1725,0
sz300345,0,0,0
sh600535,0,819,0
sz300181,67549,60056,6825
sz300468,1813,435,0
sh600698,41483,10457,0
sh600796,0,0,0
sz002114,0,0,0
sz002230,28981,38737,2058
sz002813,0,425,0
sz000518,0,0,0
sz300479,0,0,0
sh600803,10058,15246,1350
sz002175,3134,0,0
sz300721,2258,676,0
sz300124,781,1404,0
sz000666,553,0,0
sz002670,0,644,0
sz002577,0,700,0
sz300545,0,0,0
sh600054,817,0,0
sh600249,17792,33435,0
sh600613,0,0,0
sh601636,84166,42263,0
sz300314,0,0,0
sz001965,133448,106465,7020
sh600293,0,1311,0
sh600701,2005,1000,0
sh600824,0,0,0
sh603318,4233,2318,0
sz002607,0,0,0
sz002294,5318,7136,0
sz300589,0,0,0
sh600760,2021,5040,368
sz300531,0,0,0
sz300493,0,0,0
sh600707,7092,0,0
sz002733,0,842,0
sz002055,0,0,0
sz000791,7306,1452,0
sh600155,0,1221,0
sh603648,9495,41648,1633
sz002300,0,0,0
sz002216,0,0,0
sz002084,0,0,0
sz000633,2864,0,0
sh600063,0,0,0
sz002339,0,0,0
sz002795,0,0,0
sz002027,71916,77702,1738
sz002422,570,530,0
sz002478,0,0,0
sh601877,4663,17533,0
sz002406,0,0,0
sh600395,0,0,0
sz002613,0,0,0
sz002250,0,0,0
sz002549,0,0,0
sh603616,3549,4070,0
sz002918,14770,9269,949
sz002728,0,0,0
sz300491,0,0,0
sz300081,1110,0,0
sh600370,0,0,0
sz000553,780,0,0
sh603896,1152,225,0
sh603090,0,0,0
sz300011,0,0,0
sz002040,0,0,0
sz002775,2626,2079,0
sz002531,4473,1995,0
sh600436,2503,897,0
sh603567,0,0,0
sz002138,1699,6156,0
sh600699,4434,3963,1791
sh603336,0,0,0
sz300030,0,1398,0
sz300561,0,0,0
sz002272,0,0,0
sh600323,6052,3897,0
sh600423,0,0,0
sz000552,0,0,0
sz300427,0,2999,0
sz000980,0,937,0
sz000670,10920,30635,1559
sz002123,3540,0,0
sh600100,3718,20816,0
sh600702,2478,2174,0
sh603970,3995,2294,698
sh603083,10180,15256,480
sz300597,992,1070,0
sz300507,0,0,0
sz300652,0,0,0
sz000565,1700,0,0
sh601555,2689,3067,0
sh600676,0,0,0
sz300057,0,0,0
sz000951,2899,2186,0
sz300043,0,0,0
sz300150,0,0,0
sz300185,10006,0,0
sh600138,0,1257,0
sz002350,1101,0,0
sz300703,0,0,0
sz000523,0,0,0
sh600812,0,0,0
sz000587,83089,24212,0
sz000551,0,0,0
sh603458,1255,504,163
sz300324,739,4897,810
sh603959,0,0,0
sz300450,656,1299,0
sz002198,1016,0,0
sz000010,3006,0,0
sh603012,0,0,0
sz002367,0,0,0
sz002719,0,0,0
sh603377,516,0,0
sz002655,1524,1310,0
sz300369,0,0,0
sh603499,0,0,0
sh600419,0,0,0
sz300480,4581,2516,0
sz300141,0,0,0
sz002455,0,1300,0
sz000852,1050,1150,0
sh600714,0,0,0
sz300209,0,0,0
sz002895,646,506,0
sz002031,0,7039,0
sh603283,0,0,0
sh600741,35395,26548,936
sz002021,0,0,0
sh600531,0,0,0
sz002514,0,0,0
sh603803,0,0,0
sh600487,32647,40241,1690
sz000062,0,0,0
sh600308,3712,11075,0
sz300608,0,0,0
sz000895,6820,13891,0
sz300363,996,1848,0
sz000002,31013,37946,852
sz300280,0,400,0
sh600062,1746,700,0
sh603557,0,3618,0
sz002680,0,0,0
sh600703,37959,37290,1101
sz300276,0,0,0
sh603508,377,0,0
sz002526,0,0,0
sz300452,534,0,0
sh600623,0,0,0
sz300077,86336,74162,2644
sz002089,0,5941,0
sh603676,20572,22257,2768
sz002621,1000,800,0
sh603683,0,515,0
sz002489,61577,36384,4352
sz002690,0,0,0
sz300218,0,0,0
sh601008,0,0,0
sz300234,0,0,0
sh601798,0,0,0
sz000801,0,0,0
sz300467,0,753,0
sz002451,1016,440,0
sz000004,0,0,0
sh601969,0,0,0
sz000662,0,0,0
sh603322,251,0,206
sz002519,0,0,0
sz002736,0,0,0
sz002820,407,0,0
sz300657,413,482,0
sz000728,5552,941,0
sz300394,0,0,0
sh601949,66371,43318,2819
sz002810,1058,801,0
sz000723,1707,0,0
sh603665,0,0,0
sh600099,1000,0,0
sh600600,7858,8430,680
sh600329,0,0,0
sz300710,0,0,0
sh601616,0,3810,0
sh601369,5996,1500,0
sz002532,0,0,0
sz300661,240,0,0
sz300211,0,0,0
sz300083,1999,0,0
sz002513,0,0,0
sz300705,0,500,0
sh600371,0,0,0
sh601018,10394,4809,0
sz000713,0,0,0
sz002871,0,0,0
sz300199,619,8754,0
sz002783,0,0,0
sz300273,2422,6431,0
sh600132,2837,2409,0
sz300622,0,0,0
sz002090,1400,0,0
sz000166,6892,2003,0
sz002701,0,1966,0
sz002274,0,0,0
sh600284,0,0,0
sh600231,7345,23695,0
sh600855,0,0,0
sh600691,42994,75749,0
sz300242,0,0,0
sz002468,1528,0,0
sh600023,0,25619,0
sz300521,0,0,0
sh601258,20746,13955,0
sz000546,660,600,0
sz002249,6600,3001,0
sh600415,2000,0,0
sz002110,25053,34256,756
sh600238,0,0,0
sh600601,0,0,0
sh601368,0,0,0
sh603181,895,447,455
sz002631,2850,2754,0
sz002117,581,586,0
sz002603,0,0,0
sh600816,12404,14059,0
sz002893,2861,1049,0
sz000610,0,847,0
sh601326,25977,38868,0
sz000539,0,3000,0
sz002194,5142,7142,0
sz000153,0,0,0
sh600658,0,3019,0
sh603626,5002,0,0
sh600978,3159,0,0
sh603637,503,1219,0
sh603588,2848,0,0
sh603289,2507,0,0
sz002178,0,0,0
sh601106,0,0,0
sz300586,0,0,0
sh603819,0,0,0
sz000985,0,0,0
sh601212,44627,12059,0
sz300041,0,0,0
sh600764,10078,3738,0
sh600977,2323,0,0
sz000776,9912,16281,0
sz002632,0,0,0
sh603025,0,0,0
sz002346,0,547,0
sh600025,2407209,1902666,105244
sh600637,0,1943,0
sh600521,2219,4206,0
sz002757,0,400,0
sz300250,0,0,0
sz002674,0,0,0
sz000681,780,0,0
sz300414,773,475,0
sz300297,0,0,0
sz000983,4769,19423,0
sh600866,0,0,0
sh600220,0,0,0
sh601888,6253,12579,0
sz002889,1236,10516,0
sz300416,475,0,0
sz002388,0,0,0
sh600883,0,0,0
sz002686,0,0,0
sz300323,0,681,0
sz300675,1524,1120,0
sz002853,333,0,0
sz002444,2031,2001,0
sz002128,3777,1592,0
sh601007,1531,0,0
sz300556,0,0,0
sz300592,0,0,0
sz300118,0,0,0
sh600416,0,2618,0
sz002633,0,0,0
sz002906,1989,0,0
sh603730,0,0,0
sz002155,1374,1185,0
sz300326,0,0,0
sz000679,0,0,0
sz002661,0,0,0
sz300519,0,0,0
sz300451,0,0,0
sz002920,0,0,0
sz002132,2003,25348,0
sz002645,0,0,0
sh600969,0,0,0
sh600108,3080,11204,0
sh600017,0,0,0
sz000402,6038,5002,0
sz000032,0,0,0
sz000708,0,1000,0
sh603101,0,0,0
sz300522,582,1383,0
sz300568,1166,895,0
sz300042,1000,0,0
sh603081,0,0,0
sz000426,1164,1298,0
sz002666,0,0,0
sh600072,1770,1329,0
sz002652,0,0,0
sz000411,0,0,0
sz300321,0,0,0
sh600986,0,0,0
sh603169,0,0,0
sz300432,0,1600,0
sz300711,782,1120,0
sz002052,0,2520,0
sh601118,7427,19159,0
sz300249,0,0,0
sz002831,924,1144,0
sh603515,413,250,0
sz300420,0,0,0
sz002409,2212,2449,0
sz300121,1000,0,0
sz000877,1271,2703,0
sh603677,0,0,0
sz300299,0,0,0
sz002354,598,3878,0
sz002341,2422,500,0
sz300045,0,0,0
sz002490,0,0,0
sz300352,0,0,0
sz300434,0,0,0
sz000777,0,0,0
sz002240,2593,1566,0
sh603196,0,0,0
sz300133,0,0,0
sh603225,0,0,0
sz000937,9361,11757,0
sz300525,0,0,0
sz002642,1020,0,0
sh601038,31575,59678,0
sz002036,1594,5632,0
sz002311,4990,12737,0
sh603319,600,0,0
sh601997,12217,7677,0
sh603299,0,0,0
sz002068,2219,10878,0
sh603998,0,0,0
sh600590,1442,0,0
sh603166,0,0,0
sh603298,862,0,0
sz300615,0,0,0
sz000661,648,1997,0
sz000819,0,0,0
sh600981,0,0,0
sh600639,0,0,0
sz000021,3949,4573,0
sz300645,684,666,0
sh600408,5123,0,0
sz300174,1296,2042,400
sh601901,6158,3491,0
sz002596,1810,6047,0
sz000910,974,1580,0
sz300243,0,0,0
sz002483,0,0,0
sz002223,0,1182,0
sz300405,0,0,0
sh603527,1048,1355,449
sh600476,0,0,0
sh600168,0,0,0
sh600845,0,0,0
sz000505,2348,0,0
sh600456,9266,3591,0
sh600958,0,3418,0
sh603711,2547,3410,0
sz300228,1992,3349,0
sh600712,0,0,0
sz000617,0,0,0
sh601231,6154,8297,0
sh600769,0,0,0
sh600850,0,0,0
sz300160,0,0,0
sz000563,0,5643,0
sz300464,0,0,0
sz002675,0,0,0
sz002378,1031,0,0
sz002100,0,0,0
sh600722,0,0,0
sz300407,0,0,0
sz000816,0,5435,0
sz000600,5537,0,0
sh603165,521,0,0
sh603868,0,287,0
sz300001,0,0,0
sz002251,15021,6382,0
sz002885,0,0,0
sz000541,5188,0,0
sh600106,0,0,0
sh600750,0,0,0
sz002400,0,0,0
sz002184,0,0,0
sz002407,1080,2624,0
sz000998,11844,11133,0
sz002202,29804,41387,1771
sz002023,2233,12667,0
sz002299,1684,2688,0
sz002116,0,0,0
sz000823,0,3233,0
sz000017,0,0,0
sh603128,8859,3021,0
sz002397,0,0,0
sz002882,0,1934,0
sz000503,24893,37790,1727
sz000606,0,0,0
sz000632,0,0,0
sz002540,0,0,0
sh603138,935,3584,0
sh600218,0,0,0
sh600246,0,0,0
sz000607,0,0,0
sh600996,0,0,0
sz300723,6440,2696,0
sz002855,0,0,0
sz300342,0,0,0
sz002375,1965,0,0
sz000620,0,0,0
sz300633,0,391,622
sz300265,0,0,0
sz002038,1816,2194,0
sz002634,63412,27570,3539
sz002088,0,0,0
sz000697,0,1439,0
sh603039,0,0,0
sh600804,2334,7155,0
sz002091,0,0,0
sz300129,0,0,0
sz002205,0,0,0
sz000903,0,0,0
sz002259,2000,2380,0
sh600831,0,0,0
sh603789,1925,1696,0
sh600261,0,0,0
sz000901,524,566,0
sh601633,1218,899,0
sz300582,0,0,0
sz000567,2713,546,0
sh600556,0,0,0
sz300696,527,0,0
sz002044,10150,2364,0
sz002368,0,0,0
sh600847,0,0,0
sz000912,0,0,0
sh600305,4931,2414,0
sz002548,0,0,0
sz002140,0,0,0
sh600470,0,0,0
sz000027,0,0,0
sh603477,0,0,0
sz002890,0,0,0
sz002295,0,0,0
sz002285,43438,41256,0
sh603707,2256,0,0
sh603978,338,120,0
sz000011,0,678,0
sh600688,0,3406,0
sz300727,2798,2742,0
sz000582,0,0,0
sh601126,0,0,0
sh600078,0,0,0
sz002020,5027,942,0
sz002786,0,0,0
sz000691,0,0,0
sh603690,1522,694,0
sh600980,0,0,0
sh600682,41613,22159,1444
sh601211,3929,6970,0
sz000151,0,0,0
sh600540,0,0,0
sz300179,0,0,0
sh600141,0,2775,0
sz300583,0,0,0
sz000797,9136,17250,0
sz300719,6607,2154,805
sz000596,659,1266,0
sh600252,23178,16632,0
sz002565,39039,4520,0
sh603607,2635,1122,339
sh601225,69663,53796,0
sz002433,1386,3587,0
sh600755,2284,0,0
sz300639,843,179,0
sh600071,0,0,0
sh603239,0,0,0
sz002771,0,750,0
sz002438,0,0,0
sz002818,0,0,0
sz000719,0,0,0
sz002167,1338,0,0
sh603000,0,0,0
sh600183,37784,22209,1250
sh600438,79715,104563,3089
sh600594,1453,1388,0
sh600097,0,0,0
sz002326,0,0,0
sz002587,0,0,0
sz300015,0,873,0
sz002025,4261,1061,0
sz002195,12547,4691,0
sz002296,0,0,0
sz002689,0,0,0
sh603767,0,0,0
sz002081,40582,11923,1943
sz300571,323,0,0
sz300399,0,0,0
sz000415,3874,11755,0
sz000923,536,0,0
sz300731,13829,13174,622
sz002901,1967,362,0
sz300095,0,0,0
sh601996,0,3262,0
sh600538,0,0,0
sh600285,0,0,0
sz000009,1595,13493,0
sz000978,0,0,0
sh600793,0,0,0
sz300166,12618,3496,0
sh603226,0,0,0
sz000671,17943,40871,0
sh600133,0,0,0
sh603085,0,0,0
sh600892,0,0,0
sz300672,2866,4116,0
sz002039,1084,0,0
sz300054,3369,9522,0
sz300398,0,0,0
sh600820,3516,1500,0
sz300153,0,0,0
sz300606,0,0,0
sh601607,2355,4389,0
sz300331,0,0,0
sz300577,0,0,0
sh600007,0,0,0
sh600753,1494,400,0
sz002256,0,5460,0
sh603615,0,0,0
sh600546,8694,0,0
sh600206,66156,79178,5026
sh600900,42811,79250,0
sz300461,0,0,0
sh603688,0,2267,0
sz002609,0,0,0
sh600338,0,3320,0
sz002467,2675,0,0
sz002544,0,0,0
sz002022,0,1049,0
sh603501,5502,8133,2092
sh600789,1553,0,0
sh601015,2076,3927,0
sh600303,0,0,0
sz000976,1500,0,0
sz002595,0,0,0
sz300136,10372,13566,408
sz000875,0,0,0
sh603218,0,0,0
sh603917,1480,501,0
sz002819,0,0,0
sz000972,0,0,0
sz300495,1238,0,0
sh600180,0,0,0
sh601113,897,0,0
sz002087,0,5987,0
sh603069,848,1200,0
sz300061,0,0,0
sz000157,237323,68923,0
sz002828,0,0,0
sz300596,0,0,0
sh603040,0,0,0
sh601678,0,0,0
sh603822,0,0,0
sh600272,0,0,0
sh600203,0,0,0
sh603969,0,0,0
sz300676,4238,1963,319
sz300517,0,0,0
sz300573,0,0,0
sz000159,0,0,0
sh600101,0,0,0
sh603127,0,206,0
sz002780,0,0,0
sz300312,2286,4125,0
sz300567,89,306,0
sz000836,0,10090,0
sh603886,0,0,0
sz300338,0,0,0
sh603026,471,0,0
sz002220,0,7452,0
sz002047,0,1434,0
sh600853,0,0,0
sh600466,7608,7617,0
sz000837,0,0,0
sz000856,6039,4786,0
sh601801,0,0,0
sz002683,0,0,0
sh600221,106349,63437,0
sh600926,52626,28081,8868
sh601777,0,0,0
sh600684,5356,0,0
sh600510,0,0,0
sh600580,3847,2500,0
sz002908,10313,2882,0
sz000761,2066,0,0
sz002461,1250,904,0
sh600236,1848,0,0
sz000958,0,0,0
sh603387,0,0,0
sz002836,0,0,0
sz000036,1209,1500,0
sz002758,0,0,0
sh600175,0,2000,0
sh600136,0,0,0
sh600648,0,0,0
sh601101,2000,0,0
sz002892,1653,857,0
sh600011,0,0,0
sh600747,0,0,0
sz300108,0,0,0
sh600770,8865,2553,0
sz300007,0,0,0
sh603309,0,0,0
sz002827,0,710,0
sz002142,22797,12230,0
sz300230,1437,0,0
sz002093,0,4009,0
sh600621,1726,787,0
sz002379,0,0,0
sh600536,0,0,0
sz002016,2142,7440,0
sz002896,522,0,0
sh603022,0,0,0
sz002139,1000,3124,0
sh600307,22735,18527,0
sz002408,1070,3642,0
sz300076,0,0,0
sz002395,0,0,0
sz002159,0,0,0
sz000938,184,606,0
sz300300,0,2127,0
sz002237,0,0,0
sz000667,10504,0,0
sh601366,2651,1479,0
sh600161,4808,5471,0
sz300074,0,0,0
sz002623,0,0,0
sz300649,420,0,0
sz300546,0,0,0
sh603030,0,0,0
sh600169,5030,0,0
sz300499,0,0,0
sz002432,0,1200,0
sz002063,0,0,0
sh600971,8883,1000,0
sz300215,0,0,0
sz300170,2970,1852,0
sh603578,0,0,0
sz300565,0,0,0
sz002560,0,0,0
sz002165,2011,0,0
sh601985,13435,10122,0
sz002462,0,2043,0
sh600881,3882,4352,0
sh600496,0,3000,0
sz000759,6056,15965,0
sz002079,11743,12306,1257
sh601579,0,0,0
sh601966,1570,620,0
sz002500,5669,18331,0
sz300022,11182,23926,5116
sz300436,565,348,0
sz002756,10811,18646,518
sz002200,0,0,0
sz002887,359,154,0
sz002232,0,0,0
sh600176,109582,86307,4553
sz000726,1000,0,0
sz002692,14911,0,1234
sz002014,0,0,0
sh600292,1366,0,0
sz000571,0,0,0
sh600602,0,0,0
sh600452,0,361,0
sz300261,0,0,0
sh603038,0,0,0
sz000862,0,0,0
sz002502,0,0,0
sz000999,0,2467,0
sz002152,15314,17296,0
sh603659,5864,2885,879
sz300126,0,0,0
sh603158,0,0,0
sz000603,0,0,0
sh603197,0,0,0
sz002496,2050,0,0
sz300397,540,0,0
sz002185,40433,46206,0
sz002278,21135,6835,0
sh600508,0,2001,0
sh603879,0,0,0
sz000609,1334,0,0
sh601900,0,0,0
sz002225,0,0,0
sz300552,0,0,0
sz300319,4701,0,0
sh600533,7020,2269,0
sz300440,0,0,0
sh603118,0,0,0
sz000762,0,0,0
sh600851,0,0,0
sh603103,1810,1001,0
sz000521,0,0,0
sz300287,0,0,0
sz002186,0,0,0
sh600704,6792,0,0
sh600785,0,0,0
sz000833,0,0,0
sz002725,2485,0,0
sz300604,476,460,0
sh603058,1240,10000,0
sh600679,0,0,0
sz002338,0,0,0
sh600577,0,0,0
sh600234,0,0,0
sz002441,0,0,0
sz002207,4151,1750,0
sh600731,0,0,0
sh600116,5145,5737,0
sh603528,0,0,0
sz300275,900,0,0
sz300131,0,0,0
sz300266,2830,806,0
sz002761,0,0,0
sz300357,963,0,0
sz002830,0,0,0
sh600860,0,0,0
sh603980,555,0,0
sh600202,0,0,0
sz002150,0,0,0
sh601899,381981,361497,0
sz002332,0,2000,0
sh603569,0,0,0
sz000880,0,0,2395
sz300409,0,0,0
sh601918,0,0,0
sh600825,13767,22497,0
sh600004,8880,6236,0
sz002473,0,0,0
sh600217,0,1734,0
sz300027,7744,20078,0
sh600379,0,1000,0
sz002313,12961,4079,390
sh600493,0,0,0
sh600331,2025,5360,0
sz000524,0,0,0
sz300355,42098,42850,3287
sh603005,2365,2293,0
sh601012,45571,52885,3163
sh600386,0,0,0
sh601872,0,0,0
sh603829,6162,12741,0
sz000050,14455,5962,0
sz300264,0,0,0
sh600657,7930,0,0
sh603357,3520,578,0
sz000682,0,0,0
sh603818,0,0,0
sz300328,0,0,0
sz300274,6193,8743,0
sz002231,0,0,0
sz300585,0,0,0
sz002682,0,0,0
sh600491,0,2656,0
sz300358,0,0,0
sh601788,2539,13646,0
sh603333,0,0,0
sh600131,0,0,0
sz002308,1008,0,0
sz000589,5700,0,0
sz300498,8442,20369,0
sz002431,0,1287,2743
sh601808,0,1522,0
sz300210,0,0,0
sz002845,0,0,0
sz002722,7905,925,400
sz300700,977,839,201
sh600022,98144,87753,0
sh600079,10041,3270,0
sz002080,437,4273,0
sz300066,6500,0,0
sz002212,1645,4447,500
sh601882,0,1990,0
sh600240,0,0,0
sh603612,1800,1130,210
sh603658,203,0,0
sz002852,0,0,0
sz002282,0,0,0
sz002618,799,4775,0
sz300429,0,0,0
sh600348,3589,17534,0
sz000150,4777,353,0
sz000848,2926,0,0
sz002325,0,2473,0
sz300456,0,470,0
sh600638,0,0,0
sz300151,0,0,0
sz300551,0,0,0
sh600834,0,0,0
sh600651,5973,6904,0
sz000514,0,0,0
sh600757,0,1941,0
sh603001,0,0,0
sh603799,9834,15104,861
sz002919,0,0,0
sz300347,1975,1639,0
sz002456,63470,39781,3348
sz300378,0,0,0
sz002561,0,0,0
sz002568,1779,1271,0
sh603618,0,0,0
sz002203,0,0,0
sz002120,383,0,0
sh600117,0,0,0
sz002812,822,720,0
sh601166,136864,67202,0
sh600809,1577,2518,0
sh601717,10025,6948,0
sz000012,4133,0,0
sz002172,0,0,0
sz002510,5805,4195,0
sz300559,0,0,0
sh603386,2610,5582,0
sz000705,0,0,0
sh600839,7837,3311,0
sh600061,802,0,0
sz300591,6052,10836,0
sz000975,2000,2742,0
sh600963,0,0,0
sz300237,0,1000,0
sz002373,8420,3155,1054
sh600815,0,0,0
sz002657,1592,2490,0
sh601566,0,0,0
sz300584,0,0,0
sz002284,0,0,0
sh600897,559,0,0
sh600295,6448,904,0
sh601375,21024,1987,0
sz002416,0,0,0
sh601878,11059,5641,0
sz002361,0,0,0
sz300423,0,0,0
sz002180,0,0,0
sh600527,0,0,0
sz002751,0,340,0
sz300080,0,0,0
sh603167,0,0,0
sh600761,3170,3973,0
sz300296,3817,1693,0
sz002487,0,0,0
sz002302,10142,6750,1262
sz300252,0,0,0
sz300466,0,0,0
sh600055,4002,0,0
sz300553,0,0,0
sz002747,952,0,0
sz002048,1107,2552,0
sh600624,0,0,0
sz000066,1962,4346,0
sz002360,0,0,0
sh603018,1632,0,0
sz002578,6151,0,0
sz002342,0,12550,0
sz002221,10058,23681,0
sh600967,1179,4553,0
sz300142,23847,18350,0
sh603308,0,0,0
sz300176,1190,700,404
sh601518,0,0,0
sh600748,0,0,0
sz000927,0,0,0
sz000534,0,0,0
sz000959,2165,0,0
sh601086,23341,53754,1671
sz300154,0,0,0
sh601333,81040,40538,0
sz300255,5143,0,0
sh603500,717,1010,0
sz300410,1573,421,0
sz002124,0,0,0
sz300667,0,462,298
sz300309,0,0,0
sh603977,0,0,0
sh600781,0,0,0
sh600854,6955,2290,0
sz300112,0,1100,0
sz002552,0,0,0
sh601599,13588,21777,0
sz002843,0,0,0
sz300449,0,0,0
sz002177,0,0,0
sz002337,0,0,0
sh601218,0,3000,0
sz002115,0,0,0
sz002113,0,899,0
sh603258,0,0,0
sz002215,0,1500,0
sh600389,0,876,0
sz002045,1993,767,0
sz000918,0,4100,0
sh600647,0,0,0
sh603303,0,0,0
sz000543,0,2000,0
sh600597,717,4075,0
sh603916,3453,844,0
sz300599,0,0,0
sz002247,3752,806,0
sz002201,0,0,0
sh603006,0,0,0
sh600891,0,0,0
sz002222,5748,10470,0
sh601288,1420591,432149,0
sz300648,0,0,0
sh603393,1922,306,540
sh601718,0,1604,0
sh600633,2692,3429,0
sz002343,2300,492,0
sz002287,0,0,0
sz002469,0,0,0
sh600990,0,673,0
sz002626,0,3185,0
sh600528,9176,7045,0
sz300298,700,531,0
sh600746,0,0,0
sh600067,0,0,0
sz000888,0,3476,0
sh600075,0,0,0
sz000023,0,608,0
sz002067,0,0,0
sh600397,0,0,0
sh600843,0,0,0
sz002286,0,0,0
sz300631,0,0,0
sh603003,0,0,0
sz300669,0,0,0
sh603888,0,0,0
sh603042,0,0,0
sh603517,0,0,0
sz300508,0,0,0
sh600876,3110,7190,642
sh600037,0,0,0
sh603585,0,0,0
sz300588,0,0,0
sz000753,0,0,0
sz300171,0,0,0
sz300132,0,0,0
sh603856,4285,0,0
sz000885,1500,0,0
sz002558,0,0,0
sh603898,0,0,0
sz002389,0,0,0
sz002721,3020,3899,0
sz300340,329,1304,0
sh600718,0,0,0
sh600652,0,0,0
sz002868,0,0,0
sz000517,0,0,0
sz002386,1832,7251,0
sh600687,4288,36482,1971
sz300196,0,0,0
sz002445,777,775,0
sz300236,4426,4486,702
sh603725,0,0,0
sz300494,588,0,0
sz000020,0,0,0
sh600620,0,0,0
sz002436,10123,10392,0
sh601818,249859,112910,0
sz002705,0,0,0
sh603223,0,0,0
sz300120,0,0,0
sh600212,1546,13362,0
sh600405,0,2044,0
sz000419,0,0,0
sh600622,4042,4895,0
sz002144,0,1722,0
sz002181,0,0,0
sh600864,0,0,0
sz002396,5384,2166,0
sz300630,0,698,0
sz300327,1374,3258,442
sz000528,42840,11055,0
sh600740,11642,19213,0
sz300709,337,0,0
sz300064,3171,4185,0
sz002767,0,0,0
sz002403,0,0,0
sz300581,0,0,0
sh603278,3393,0,500
sh600030,310501,246002,3560
sh600232,0,0,0
sh600795,24863,36507,0
sz000598,0,0,0
sh600636,0,1704,0
sz300612,7396,4982,0
sh601628,15514,14325,0
sh600267,5305,7934,0
sz300562,2133,480,0
sz000715,0,0,0
sz002591,0,0,0
sz002650,10950,0,0
sz002737,0,0,0
sh601677,0,0,0
sh600830,1500,7639,0
sz300122,3070,7838,0
sz002797,22283,50860,0
sh600015,26161,26056,0
sz300062,0,0,0
sz002809,530,0,0
sh600743,0,3008,0
sh603568,1100,475,0
sz000993,0,0,0
sh603355,0,0,0
sz300717,0,0,0
sz002805,0,0,0
sz300379,0,800,0
sz002005,0,0,0
sz000338,137148,105500,0
sz002054,4949,2843,0
sh600520,19831,28786,1505
sh600983,0,0,0
sz002497,15111,28181,0
sz000099,0,0,0
sz000800,2020,0,0
sh603609,0,0,0
sz300224,0,1131,0
sz300514,0,0,0
sh603699,2182,0,0
sz000718,0,0,0
sz002062,1975,0,0
sz000657,0,0,0
sz300563,0,0,0
sh601668,235047,351812,0
sz300528,0,0,0
sz300178,0,0,0
sz002043,0,4018,0
sz300501,0,0,0
sh600185,0,0,0
sz002700,0,0,0
sz000818,1978,4000,0
sh603990,0,0,0
sz000560,3102,1404,0
sh603877,0,0,0
sz300701,294,0,0
sz002886,0,534,0
sz000672,5952,8261,0
sz000088,1843,0,0
sz000040,0,1550,0
sz000793,229436,700822,4734
sz300607,0,599,0
sh600495,15929,7454,0
sz002610,4954,5585,0
sz300310,1929,3984,0
sh603608,0,0,0
sh600509,1713,0,0
sh600276,3121,6745,514
sh600462,0,0,0
sh603586,0,0,0
sh603611,0,0,0
sz300593,0,0,0
sz300037,2336,1771,0
sz300555,0,901,0
sz002782,0,0,0
sh600121,0,0,0
sz002085,1135,658,0
sz300232,0,1001,0
sh600888,0,2597,0
sz002870,0,0,0
sz002555,5135,4251,0
sh600660,11681,7521,0
sz000795,0,0,0
sz002785,1480,0,0
sh600398,0,0,0
sh601601,28474,20918,1005
sh600565,8190,6252,0
sz000507,4442,0,0
sz002306,2647,0,0
sz000729,13539,14193,0
sh603603,0,0,0
sz000058,0,0,0
sh600560,0,0,0
sz002791,0,0,0
sh603518,0,0,0
sz000799,1407,1799,0
sh600159,0,0,0
sh603878,0,0,0
sz300031,0,0,0
sz002355,12749,2012,1006
sh601965,0,0,0
sh600460,273731,278427,34560
sz300569,0,0,0
sz300482,8384,1602,0
sh601238,1000,2926,0
sz002003,0,1053,0
sh603988,0,0,0
sh600269,0,3213,0
sh603809,1032,0,0
sz300012,0,0,0
sh600418,9329,7880,0
sh600663,1382,540,0
sh600549,20669,24869,0
sz002481,0,0,0
sz002271,2701,1622,0
sz002798,574,578,0
sh600306,0,0,0
sh603096,0,0,0
sz002608,0,0,0
sz002340,20566,21600,0
sz300028,5140,0,0
sz002654,0,0,0
sz000078,1793,1920,0
sz300627,0,0,0
sz300579,0,0,0
sz300362,0,0,0
sz002211,0,0,0
sh603031,0,0,0
sh603366,4391,0,0
sz000921,0,1065,0
sz002336,0,974,0
sz000990,0,0,0
sh600039,3700,0,0
sh600029,181247,149795,4033
sh600612,0,0,0
sh600478,0,0,0
sh603689,38528,17567,1264
sh600917,34880,20807,0
sz002002,2584,0,0
sz002495,0,0,0
sh600163,0,0,0
sh600763,0,0,0
sz300364,0,0,0
sz000711,0,0,0
sz300047,0,0,0
sz002413,0,0,0
sz300511,685,504,0
sz002535,0,0,0
sz000876,21301,15618,0
sz300688,0,195,0
sz300441,0,0,0
sh600618,0,0,0
sz300638,0,0,0
sh600420,0,2000,0
sz000957,5858,0,0
sh600400,0,1560,0
sz002641,0,0,0
sz002672,1020,2772,0
sh603010,446,4126,407
sz002698,0,0,0
sz002474,0,0,0
sh600282,61725,65497,0
sz002086,27061,16637,8302
sh603315,0,0,0
sh600539,0,0,0
sh603660,0,0,0
sh603996,8326,1083,0
sz002303,0,0,0
sz002384,2817,759,0
sh600894,3988,1842,0
sh601928,0,1900,0
sh603113,0,0,0
sh601169,41479,22047,0
sh600630,0,0,0
sz002206,0,0,0
sz300039,0,0,0
sh600113,0,0,0
sh600201,9910,2673,0
sz002511,658,982,0
sz000908,0,0,0
sh603123,0,0,0
sz002699,0,0,0
sz300033,868,873,0
sz300558,1622,1649,0
sz002001,41063,72908,6326
sz000637,0,0,0
sh603993,90834,76078,0
sz300417,0,0,0
sz300720,0,0,0
sh600835,19112,35103,2029
sz000407,4239,1672,0
sz300690,0,0,0
sz300100,0,0,0
sh600571,1307,1500,0
sh600190,0,7344,0
sz000948,0,0,0
sz300288,0,0,0
sz002248,0,0,0
sz300353,0,0,0
sh601766,1054829,664347,30860
sh603078,0,0,0
sh601515,0,0,0
sz000669,1488,824,0
sz002837,0,0,0
sz300598,0,0,0
sz000707,0,0,0
sz300453,0,0,0
sz002171,0,4802,0
sz300144,1600,1160,0
sh603881,1005,0,0
sz002006,0,0,0
sh600103,0,0,0
sh603139,0,0,0
sz002262,0,0,0
sh603885,0,1583,0
sz000014,10238,7000,0
sz300055,24742,44203,3921
sh600873,5010,9061,0
sz002253,0,0,0
sh603788,300,580,0
sz002258,1754,1733,0
sz300214,0,2389,0
sz000049,970,349,299
sz000826,7290,7848,0
sh603580,0,0,0
sz000513,2994,3314,378
sh601158,0,0,0
sh600486,266,286,0
sz002597,3239,2029,0
sz300177,0,0,0
sh600122,5743,0,0
sz002218,11753,50186,0
sz002439,2661,3824,0
sh600090,0,0,0
sz002429,38275,67029,0
sz300304,1661,0,0
sh603444,56,59,0
sh600230,1741,5234,989
sz000811,0,2070,0
sz002913,2178,1417,0
sz300302,0,0,0
sh600865,0,0,0
sz002484,5105,0,1162
sz002917,8164,30706,436
sh600872,4768,4474,0
sh600333,94846,32465,0
sz002542,0,0,0
sh600771,3046,570,0
sh603728,0,0,0
sz002867,469,0,0
sz002387,2076,0,0
sz000048,0,0,0
sz002635,8751,4442,0
sz002430,1818,1966,0
sh600350,10581,3097,0
sz002183,31619,3760,0
sz002364,0,0,0
sz000700,0,0,0
sh600683,0,0,0
sh603222,732,0,0
sh600255,3335,19382,0
sz300036,0,699,0
sz002371,4986,10441,796
sh603869,0,0,0
sz002778,0,0,0
sh603729,204,0,0
sz300048,0,3900,0
sh600581,12022,11822,0
sh600724,0,0,0
sh600505,0,0,0
sz300726,3900,1523,455
sh600817,0,0,0
sh603636,5792,0,0
sz000568,5125,10510,0
sh600719,0,0,0
sz300404,3466,3255,0
sz002049,70361,78695,11170
sz000735,14198,3187,0
sz300533,0,0,0
sz300366,0,0,0
sz002729,977,3010,0
sh603037,0,0,0
sz002536,883,1156,0
sh600778,0,0,0
sh600599,0,0,0
sh600644,0,0,0
sz000537,12208,7497,0
sz002246,0,0,0
sz002748,0,0,0
sz002571,0,0,0
sz002007,400,759,0
sh603839,0,0,0
sh603360,0,0,0
sz300183,0,1473,0
sh601700,1300,0,0
sh600086,49032,9147,0
sh600396,0,0,0
sz002620,0,0,0
sz002414,0,0,0
sh603337,550,0,0
sz000755,0,0,0
sz300099,0,0,0
sz000893,2300,0,0
sh600966,0,1877,0
sz300138,0,0,0
sz300554,0,0,0
sh603129,456,0,0
sz002714,3229,3869,0
sz002557,648,0,0
sh603331,0,0,0
sz000001,271596,268162,8077
sh603639,300,278,0
sz300691,870,817,0
sh600596,8580,12796,0
sz300572,0,0,0
sh600321,0,0,0
sz000536,0,5567,0
sz300113,6097,3939,0
sh600848,937,505,0
sz300191,0,0,0
sh600739,900,620,0
sz000586,0,0,0
sz300193,0,0,0
sh601011,12227,19305,0
sz002466,23316,21750,4537
sz300212,0,1188,0
sz300443,0,0,0
sh600297,0,1305,0
sz002493,749,6561,0
sh600529,0,0,0
sz000030,0,0,0
sz000605,0,0,0
sh603909,0,0,0
sz002802,0,0,0
sz300018,0,0,0
sh600587,0,0,0
sz000417,0,0,0
sz002679,803,0,0
sh603368,497,0,0
sz002712,0,0,0
sh600488,0,0,0
sz300175,3736,10059,0
sz002792,0,593,0
sh603939,1354,462,0
sh600060,714,5515,0
sz300534,0,0,0
sz300530,0,0,0
sz002323,5391,0,0
sz002276,0,0,0
sz000906,0,0,0
sz002065,15530,9190,0
sz002264,8043,17461,0
sz002244,10446,8907,0
sh600130,36585,24231,0
sz000039,23251,20245,0
sh600380,8307,6614,1008
sh603926,0,0,0
sh603859,0,0,0
sh603798,0,0,0
sh603686,0,0,0
sz002118,1356,0,0
sh601390,20622,39867,0
sz300506,0,0,0
sz000158,0,0,0
sh603806,0,0,0
sz002362,0,897,0
sz300578,0,0,0
sh600059,3660,7838,0
sz002056,2990,6121,0
sz002105,0,0,0
sz300670,0,600,0
sz300128,47928,34462,2331
sz000965,0,3511,0
sz002029,0,0,0
sh601500,0,0,0
sz000760,0,7172,0
sz000859,0,3756,0
sh600390,0,0,0
sh603339,0,0,0
sz300699,7389,5454,883
sh600083,1000,0,0
sh603306,0,0,0
sh600275,0,0,0
sz002643,1000,1000,0
sh600322,0,0,0
sh603960,0,0,0
sz002070,22542,5432,1860
sh603359,491,296,0
sz002213,2312,0,0
sz300208,6105,5728,907
sh600745,3552,3112,313
sh600889,0,0,0
sz002880,876,318,0
sh600354,1486,2000,0
sz000501,0,0,0
sz300653,384,321,0
sz002594,18605,6322,1318
sh600805,0,0,0
sz000668,0,0,0
sz000025,0,0,0
sh600228,0,0,0
sz300114,0,0,0
sh603126,0,0,0
sz002668,682,0,0
sz002753,0,0,0
sz002663,0,0,0
sz300679,189,0,0
sz002776,0,0,0
sh600837,18099,9012,0
sz300477,4351,10867,0
sz000898,17759,7761,0
sh603605,2287,536,0
sz000626,0,0,0
sh603326,0,0,0
sz300016,0,3859,0
sz002630,0,0,0
sh601377,10126,6055,0
sh600583,1800,5372,0
sh600759,0,0,0
sz000973,0,0,0
sh600713,0,0,0
sz002570,0,0,0
sz002111,0,0,0
sz002762,0,0,0
sz002255,0,9600,0
sh601108,58894,45289,2605
sz300332,1592,0,0
sh600336,0,0,0
sh600151,0,0,0
sz002881,0,0,0
sz002301,0,0,0
sz300635,888,0,519
sh603938,1428,335,313
sh600243,0,1600,0
sz002073,0,0,0
sz002717,700,0,0
sz300713,130,0,0
sh603726,0,0,0
sz300566,0,0,0
sz002404,0,0,0
sh600973,0,0,0
sz002369,0,0,0
sz002394,0,0,0
sz000988,5256,3533,0
sh601388,9012,6449,0
sh600774,0,0,0
sz002348,8080,2963,0
sz000420,0,0,0
sz000722,0,0,0
sh601137,0,0,0
sz002727,0,0,0
sh600066,5013,6085,0
sz300373,9777,6748,2061
sh603008,4347,1151,0
sz300547,0,0,0
sh600277,6401,2705,0
sz300101,841,1878,0
sz000967,0,0,0
sh600609,2005,0,0
sz002096,0,0,0
sh600501,0,0,0
sh600800,0,0,0
sz300400,2944,3901,0
sz300678,1903,0,190
sz002522,2987,0,0
sh600351,0,49056,0
sz002417,0,0,0
sh600532,0,0,0
sz002061,3844,4677,0
sh600677,1900,0,0
sz300469,0,0,0
sz000815,0,0,0
sh600519,7045,9462,779
sh600118,420,1835,0
sh603668,0,0,0
sh600606,145021,109904,0
sh603663,0,0,0
sh600433,0,0,0
sh603716,0,0,0
sh603801,220,529,0
sz002746,0,0,0
sz300336,1247,0,0
sh600879,3500,2789,0
sz300349,16298,19575,494
sh600766,0,0,0
sz002078,8495,6837,1185
sh600661,0,0,0
sh601666,11002,13490,0
sh603269,994,643,0
sz002873,0,0,0
sz300334,0,0,0
sz000559,0,1500,0
sz002057,0,0,0
sh600256,156040,164113,0
sz002534,0,0,0
sz300421,0,0,0
sz300082,0,0,0
sz002863,1513,809,0
sh600247,0,1250,0
sh600822,12788,8323,0
sh600326,3010,4407,0
sh601111,70886,70010,0
sz002143,6129,3819,0
sz300316,31856,29685,2727
sh600033,12000,0,0
sh600167,8127,7156,0
sz002743,1258,1283,0
sz002832,0,0,0
sz002131,10425,30206,0
sz000502,0,0,0
sz000008,22817,4380,0
sh601881,8674,4305,0
sh600598,3347,12401,0
sh600780,0,0,0
sh600126,0,0,0
sz002402,0,3242,0
sz002637,0,0,0
sz300096,1871,1214,0
sh600421,0,0,0
sz300367,0,2382,0
sh600608,0,0,0
sz300017,33979,14128,0
sh600784,0,0,0
sh603538,0,0,0
sz000096,0,0,0
sh603086,0,0,0
sh600686,827,0,0
sh600182,0,0,0
sh601999,0,0,0
sh600337,1801,0,0
sh601558,0,0,0
sh600021,1258,0,0
sz000733,789,4558,0
sz002567,2897,1563,0
sh600361,0,2724,0
sh603825,0,0,0
sz300084,0,0,0
sz002703,0,0,0
sh601155,7111,7706,0
