sh603797,1220,0,705
sh600684,0,3971,0
sh603127,0,285,0
sh603268,0,0,0
sz002144,0,0,0
sz300114,0,0,0
sh600385,0,0,845
sh600739,1427,3851,0
sz002114,2332,1231,0
sh600316,0,1059,0
sh603239,0,0,0
sh600753,1100,0,0
sh603883,0,448,0
sz002654,0,0,0
sz300317,3466,4699,0
sh600276,1443.0,4929.0,494.0
sh603880,0,0,0
sz000935,43799,39538,1399
sh600603,0,0,0
sh600387,0,2800,0
sz300721,1641,317,0
sh601101,6043,1757,0
sz000776,24378,42802,0
sh600662,0,0,0
sh600789,0,0,0
sz300328,0,4000,0
sz002660,0,0,0
sh603196,0,0,0
sz000665,0,0,0
sz002630,0,0,0
sz002386,6075,4835,0
sz002272,0,0,0
sz002547,1220,1245,0
sh600088,0,1752,0
sh603819,0,0,0
sh600256,46844,44093,0
sh603069,0,0,0
sz000544,0,0,0
sz000554,0,3660,0
sz002746,0,0,0
sh600348,31837,23916,0
sh600515,7143,4337,0
sz300275,0,1715,0
sh603787,0,0,0
sz000768,7598,9883,0
sz002202,21569,40973,903
sz000899,0,0,0
sz300491,0,0,0
sh600012,0,1073,0
sz002681,0,0,0
sz300263,3272,12196,0
sz300553,0,0,0
sz002451,0,0,0
sh601108,49530,59353,3892
sz000058,1373,4912,0
sh600610,0,0,0
sz300065,0,615,0
sz002551,0,0,0
sz002783,0,0,0
sz300535,333,416,0
sh600671,995,500,1390
sh601100,510,1516,0
sz300073,1629,577,0
sz000938,5126,13220,544
sz002892,0,0,0
sh600117,2353,0,0
sz300576,0.0,0.0,0.0
sz000713,0,0,0
sh600408,9000,3883,0
sz300375,0,0,0
sz002174,1556,8716,0
sh600380,23370.0,50887.0,0.0
sz002009,0,602,0
sh600285,5294,1200,0
sh603165,553,466,0
sz002183,3374,3969,0
sh600403,0,0,0
sz300202,0,2498,0
sz002879,23480,592,817
sh600576,0,0,0
sh603123,0,0,0
sz300299,0,0,0
sh603888,0,0,0
sh600251,1605.0,0.0,0.0
sz300192,0,1100,0
sz300173,0,0,0
sz000657,0,0,0
sz300207,9339.0,11677.0,0.0
sz300519,0,0,0
sz000619,8149,1260,0
sh600170,11313,33779,0
sh600031,615730,489773,7732
sz300021,0,1493,0
sz300053,16155,13515,0
sh600262,0.0,0.0,0.0
sz000716,0,0,0
sh600702,851,2899,0
sz002282,0,0,0
sz300095,0,0,0
sz002372,0,0,0
sz002629,0,0,0
sz000931,0,0,0
sh603313,0,430,0
sz002345,2050,3180,0
sh600729,0,0,0
sz300188,3902,598,0
sh603277,0,0,0
sh600137,5490,233,0
sz300061,0,0,0
sh600533,1800,5699,0
sh603579,0,0,0
sz300613,550,1893,0
sh600061,1271,2120,0
sh603355,0,0,0
sz300308,2748,3034,0
sz000607,0,0,0
sz000570,0,0,0
sh600872,1085,3524,0
sz002467,1516,4850,0
sh603129,0,0,0
sz300703,0,0,0
sz300257,0,815,0
sz300417,0,0,0
sh600706,0,0,0
sh603288,0,1074,0
sz002186,0,0,0
sh600203,1277,0,0
sz002838,0,0,0
sh600566,1487,9980,0
sz002757,460,0,0
sh600207,0,0,0
sh603006,0,0,0
sz000823,8047,24662,1494
sh600643,897,0,0
sh600091,0,0,0
sz002889,0,0,0
sz000158,0,1260,0
sh600141,4174,5163,0
sz002456,24074,53654,0
sz002839,18034,62767,1413
sz000338,109010,55928,0
sz000709,425481,275587,0
sh603822,0,0,0
sz000951,2144,598,0
sz002438,0,0,0
sh600731,0,0,0
sz300282,0,0,0
sh603319,0,0,0
sh603825,0,0,0
sh600959,0,0,0
sz000659,28505,23341,0
sh600717,4913,2186,0
sh600845,0,0,0
sh601020,565,0,0
sz300334,0,0,0
sh600792,0,0,0
sz300423,0,0,0
sz000889,0,0,0
sh600718,738,6727,0
sh600288,0,0,0
sz300198,2000,2131,0
sz002678,0,0,0
sh603260,8923,14681,2575
sh600686,10157,2670,0
sz300433,4516,7327,0
sz002231,0,1001,0
sh603912,7499,6032,1530
sz000595,0,0,0
sh600176,13043.0,12196.0,0.0
sz300359,0,1452,0
sh600582,6483,2144,0
sz300441,484,0,0
sh603877,2211,1440,0
sh600355,0,0,0
sz002213,2604,0,0
sz300487,0,0,0
sz300266,0,0,0
sz300548,0,0,0
sh600475,0,0,0
sh601369,0,14550,0
sz300677,0.0,584.0,0.0
sz300084,0,5816,0
sh600543,0,0,0
sh601107,0,2496,0
sz000514,0,0,0
sh603778,4868,2883,0
sz300101,1051,3953,0
sz000636,118937,123316,10777
sz000030,0,1782,0
sh601128,10695,8068,0
sz002719,0,0,0
sz002677,1757,0,0
sh600168,0,0,0
sz000822,45257,16410,0
sh603839,0,0,0
sh603603,290,410,0
sh600796,0,0,0
sz000011,1625,0,0
sz002675,1049,1010,0
sz002222,2498,8395,0
sh601010,0,0,0
sh603813,0,0,0
sz002760,9830,0,0
sz002031,0,5000,0
sz000663,0,0,0
sz000037,0,0,0
sz300035,1567,0,0
sh603330,0,0,0
sz002906,0,0,0
sz002500,15562,19755,0
sh603099,0,0,0
sh600468,0,0,0
sz002825,0,0,0
sh603358,0,0,0
sz002310,5622,8696,0
sz002418,0,6138,0
sz300269,708,0,0
sz002497,31698,28041,0
sz002482,0,5213,0
sz300609,0,0,0
sz000917,7974,13156,0
sz002830,6058,6246,0
sh600599,0,3276,0
sh600606,246169,148361,1635
sh603500,0,0,0
sh600769,0,0,0
sz002791,0,0,0
sh600210,0,4203,0
sz300711,2425,622,0
sh600212,0,1104,0
sh600206,15003.0,17444.0,0.0
sz000785,0,0,0
sh600268,0,0,0
sz000683,89810,43446,0
sz300649,735,1081,0
sh600112,7710,2400,0
sh600078,0.0,0.0,0.0
sz002167,4526,2526,0
sh600297,12030.0,4187.0,0.0
sz300598,0,0,0
sz000977,25933,58994,1527
sz000502,0,0,0
sz002487,0,0,0
sh600436,2439,2801,0
sz002203,0,1423,0
sz300685,115,0,0
sh603818,0,0,0
sh601939,295604,267057,0
sh603326,0,0,0
sz002454,0,0,0
sz002552,1611,1522,0
sz300291,17069,4630,0
sh600318,0,0,0
sh600525,7173,3679,0
sz000601,0,0,0
sh600600,0,3089,0
sz000955,10970,0,0
sh600198,12825,8013,0
sz002811,0,0,0
sz000987,0,0,0
sh600507,13760.0,14974.0,0.0
sh603286,634,0,304
sz300332,0,2000,0
sh603826,0,0,0
sz300292,0,4484,0
sh600449,10558,2796,0
sh600720,135467,59254,4384
sz000590,0,0,0
sh603920,0,0,0
sz000885,27631,61193,1924
sh600711,103598,40742,0
sh600111,101058,88824,0
sz002126,0,1500,0
sh600372,0.0,0.0,0.0
sh600269,0.0,4057.0,0.0
sh603009,0,1246,0
sz300396,0,0,0
sz002795,0,0,0
sz000068,2860,1921,0
sz002796,0,0,0
sz002209,0,0,0
sz000630,231020,197773,0
sz002269,0,0,0
sz000895,19538,43886,519
sz002243,1443,0,0
sz300459,0,1106,0
sz002194,1095,1563,0
sh601375,14800,3468,0
sz002491,1333,909,0
sh600822,1820,1837,0
sh600429,0,0,0
sh600933,3369,9653,0
sz002261,2896,4031,0
sh600123,17523,1496,0
sz002530,0,493,0
sz300456,0,0,0
sz002472,0,0,0
sz000692,0,0,0
sh603337,0,0,0
sh600880,0,0,0
sz300276,0,0,0
sz300106,0,3666,0
sz002736,1603,852,0
sh600426,24517,14596,0
sz002304,5772,9420,886
sz002023,0,4186,0
sz002687,0,6540,0
sz000960,25336,8013,0
sz300485,0,401,0
sz300591,0,0,0
sz300643,0,0,0
sh600346,4432.0,1506.0,0.0
sz300623,475,1254,0
sh603208,0,0,0
sz002232,0,0,0
sz300478,0,0,0
sz000543,4763,0,0
sz300420,0,0,0
sz000039,19191,7132,0
sz002343,0,1317,0
sh600260,1508.0,0.0,0.0
sz300569,0,0,0
sz002776,0,0,0
sz002457,4889,3352,0
sz300507,0,387,0
sh600498,6411,11236,0
sz002364,0,0,0
sz000523,0,0,0
sz002742,8149,6221,0
sh600536,0,596,0
sz002380,0,0,0
sh603289,5049,2536,0
sh603515,241,0,0
sz300271,1927,4288,0
sh600312,0,8852,0
sh600425,9820,0,0
sz002612,0,0,0
sh603113,945,0,0
sz300099,0,0,0
sh603233,0,500,0
sz002053,0,0,0
sz300719,0,804,0
sz002836,0,0,0
sz002402,7972,12353,1492
sh603038,0,0,0
sh603703,0,0,0
sz000599,0,0,0
sh600730,0,0,0
sh600015,42762,82673,0
sh603906,0,0,0
sh600755,18421,13035,0
sh600351,0,0,0
sz002230,235954,258314,41464
sz300506,1543,475,0
sz002002,1922,3700,1621
sh600552,0,0,0
sh600512,17729,2989,0
sh600978,3555,1053,0
sh600894,0,3296,0
sh601991,7504,0,0
sh601390,36437,32390,0
sz002669,0,0,0
sh600701,0,0,0
sz002887,1205,1029,123
sz300445,0,0,0
sz002062,0,0,0
sh600191,0,0,0
sz300045,0,1001,0
sh600665,0,0,0
sz002157,18500,35273,0
sh600183,11209,26432,0
sz002176,52300,24420,0
sh603568,0,0,0
sh601098,1020,3458,0
sz002873,0,0,0
sh600891,0,0,0
sz002061,6205,1658,0
sh601086,1506,6362,0
sh603232,0,205,0
sz000025,3988,1539,487
sh600598,3554,3595,0
sz002132,0,0,0
sz300555,0,0,0
sz002175,2011,0,0
sz300369,0,1121,0
sz002652,0,0,0
sz300365,0,0,0
sz002690,0,779,0
sz000981,0,1248,0
sz002808,0,1708,754
sz000012,134899,72201,3576
sh600217,0,5215,0
sz002566,0,0,0
sh603928,0,0,0
sz000049,905,1393,0
sz300615,0,0,0
sz300036,900,2453,0
sh600058,939,0,0
sz300051,0,0,0
sz002494,0,0,0
sz000430,0,0,0
sh603077,40207,115085,0
sh600551,0,0,0
sz002847,0,0,0
sh603938,9963,3684,0
sh600115,87560,55094,0
sh603882,0,2797,0
sh600939,0,0,0
sz000425,84017,37429,0
sh600716,0,2473,0
sz002229,5495,0,0
sh600988,5332,2030,0
sz000705,0,0,0
sh600480,1000,0,0
sz002271,7177,4543,0
sz000911,0,0,0
sz000402,66044,40718,0
sh603861,0,0,0
sh600125,15590.0,9069.0,0.0
sz002852,0,0,0
sh601699,91873,96664,1641
sh603018,400,0,0
sh600802,20251,4236,0
sh600057,0,0,0
sh601601,31179,35804,239
sz002117,576,1200,0
sz300054,13998,3300,0
sz300067,6007,2004,0
sh601188,0,4104,0
sh601126,1219,0,0
sz002748,684,0,0
sz002440,21491,1824,0
sh600069,0,0,0
sz002355,12238,4419,0
sh603389,0,0,0
sh603617,0,0,0
sh601818,187606,252790,0
sz300582,0,0,0
sh600240,0.0,0.0,0.0
sz002119,0,0,0
sh603266,0,0,0
sz300403,0,937,0
sh600438,26624,39003,829
sz300121,9204,0,0
sh600072,0,0,0
sz300593,0,0,0
sz002027,19544,14282,1081
sh600175,20540,8239,0
sz002771,0,0,0
sh600825,0,0,0
sz002099,3500,0,0
sh600459,2775.0,600.0,0.0
sh600079,2618,11597,0
sz002555,865,1324,0
sh600936,0,0,0
sz002785,0,0,0
sz002858,0,0,0
sh600292,0,1251,0
sh600343,0.0,0.0,0.0
sz300347,4233,545,0
sz002875,0,0,0
sz002649,3337,6304,0
sz300134,0.0,0.0,0.0
sz300414,1848,617,0
sz002087,5795,7310,0
sz000662,900,0,0
sz300259,0,0,0
sz300606,0,820,0
sh600275,0,0,0
sz000002,313447,203276,15478
sz002616,3966,0,0
sh600054,0,0,0
sh600195,0,1705,0
sz002727,0,0,0
sz000623,17901,30244,0
sz300626,0,0,0
sz002600,46229,30118,0
sz000571,1800,0,0
sh603996,10593,0,0
sh600763,0,931,0
sh600691,5632,3977,0
sz000791,2932,0,0
sz000677,0,0,0
sh603041,0,0,0
sz002415,53515,53658,3511
sz002041,0,0,0
sz002903,1915,2808,0
sz002106,0,0,0
sz002446,0,1058,0
sh600481,0,0,0
sz002601,3108,4691,0
sh601608,0,4883,0
sz300471,0,0,0
sz000548,1785,2049,0
sh600377,4249,8845,0
sh603090,0,0,0
sh601333,13662,19275,0
sz300157,1041,7228,0
sz002786,0,0,0
sh600830,8765,1193,0
sh600448,0.0,0.0,0.0
sh600193,0,0,0
sh600185,1798,0,0
sz300158,0,0,0
sz300399,0,2764,0
sh603963,0,0,0
sh600463,0,0,0
sz300028,2000,0,0
sh600462,5329,0,0
sh600661,0,0,0
sz000589,0,0,0
sz300141,0,0,0
sh600080,0.0,0.0,0.0
sh600231,198270,97091,11470
sz300288,0,1205,0
sz300115,3359,4604,0
sh600215,0.0,3058.0,0.0
sz002775,0,0,0
sz000792,107700,89700,3533
sh600597,2274,10667,0
sz000553,11287,5787,634
sh600386,0,1986,0
sz002361,0,0,0
sh603800,0,1366,0
sz000959,23034,11155,0
sz000551,0,0,0
sz000520,0,0,0
sh600764,4624,1975,0
sh603707,1400,2132,0
sz000069,211222,125648,3267
sh600724,0,9400,0
sh600773,0,7232,0
sz002503,0,2025,0
sz300175,0,0,0
sh603386,0,0,0
sz300611,0,0,0
sz300015,2706,1916,0
sz002424,2431,6271,0
sz002375,0,0,0
sz000788,4399,0,0
sz300387,0,0,0
sh600496,0,0,0
sz002241,26549,50294,0
sh600107,0,0,0
sz000752,0,0,0
sz000831,15622,3816,0
sz002813,0,0,0
sh601877,5151,11722,0
sz000859,0,0,0
sh603538,0,0,0
sh600444,0,0,0
sh601018,2635,5326,0
sz000617,0,0,0
sz300520,3733,3294,777
sz000567,0,0,0
sh600539,677,0,0
sz002898,0,0,0
sz002166,0,0,0
sz002413,7085,6741,0
sz002541,0,0,0
sh600868,13534,8657,0
sh600819,0,0,0
sz000633,0,0,0
sz002450,21687,26249,0
sz000409,0,15672,0
sz300394,0,0,0
sz000783,14440,6505,0
sh600360,0,4199,0
sz300662,0,500,2380
sh603595,0,241,0
sz002058,498,467,0
sh601811,0,0,0
sz002548,0,0,0
sz000927,19886,101386,0
sz002070,260416,12641,0
sz002044,3612,4067,0
sh600577,0,3282,0
sz000701,0,0,0
sz002128,41565,34142,0
sz000850,0,0,0
sz000809,0,0,0
sz002780,0,0,0
sz000627,10273,11868,0
sz002762,0,0,0
sz002832,0,0,0
sz300579,0,0,0
sz002866,0,0,0
sz002455,0,0,0
sz002564,0,0,0
sz000892,0,0,0
sh600219,91401,48706,0
sh600961,0,0,0
sh600862,1314,1140,0
sz000797,800,845,0
sz300640,0,0,0
sz002584,21037,16863,0
sz000669,0,1850,0
sz002240,1775,1890,0
sz300214,0,0,0
sz300545,0,0,0
sz002159,0,0,0
sz000513,4970,5731,671
sz002141,0,3396,0
sz002100,0,0,0
sz002463,6570,9014,0
sz300645,0,0,0
sh600977,0,721,0
sh600016,299011,309133,0
sh600295,32478,15434,1027
sz002881,550,402,0
sz002596,35329,7700,0
sh603258,743,299,306
sh600750,903,3564,0
sh600330,21346,17449,0
sh601398,449043,547890,10168
sh600593,2632,2092,0
sz000920,2096,0,0
sh603223,0,0,0
sh600401,0.0,0.0,0.0
sz002122,0,0,0
sh600833,0,0,0
sz300528,0,0,0
sh600605,0,0,0
sz300303,0,0,0
sh603396,0,0,0
sh600356,1343,0,0
sh603661,447,2210,376
sz300422,658,0,0
sz002471,0,0,0
sh603117,0,0,0
sh600221,87420,25199,0
sz300017,5547,28364,0
sz000880,0,0,0
sz300484,0,422,0
sz002091,1082,9693,0
sz000046,0,2140,0
sz300096,2008,7051,0
sz002562,3402,6468,0
sh601127,524,2862,0
sz002301,0,3038,0
sz300565,0,0,0
sh601949,0,0,0
sh600636,0,834,0
sh600136,0,0,0
sh600748,0,0,0
sz300268,4960,400,0
sh600969,0,838,0
sh601019,35140,41881,3801
sz002745,1022,679,0
sh600667,10702,23965,0
sz002248,0,0,0
sz002823,0,0,0
sz000957,972,1112,0
sh600325,70067,20469,0
sz000848,1203,8469,0
sz300676,8847,13143,1553
sz002561,0,0,0
sh600592,1030,4319,0
sz000584,8722,0,1005
sz002050,4632,21432,0
sz002680,0,0,0
sh603037,0,0,0
sh600898,0,988,0
sz002691,0,0,0
sz002237,4246,0,0
sh600113,0,3537,0
sh600589,0,0,0
sh600255,3561,21939,0
sz300488,0,0,0
sh600491,0,1000,0
sz002116,0,0,0
sh601377,7305,27814,0
sh601200,2742,1897,0
sh600535,387,4313,0
sh603499,0,1506,0
sz002294,1466,1277,0
sh600350,11003,13395,0
sh600549,91235,39582,800
sz300435,0,0,0
sz002300,2427,26952,0
sz300155,0,0,0
sz300181,1880,0,0
sz002259,0,0,0
sz000517,0,0,0
sz300049,0,0,0
sz000426,140847,202921,3457
sh600030,461340,378544,16399
sh603688,1404,0,0
sh600516,442882,287866,45644
sh600782,252232,188297,5514
sh600053,0,0,0
sz300651,424,0,0
sh603658,0,0,0
sz300052,798.0,0.0,0.0
sz002198,1750,0,0
sh600071,0,0,0
sz000611,0,0,0
sz002539,0,0,0
sz002421,0,2581,0
sh600062,1376,3147,0
sz002822,0,0,0
sz300405,0,0,0
sz002619,34627,82046,1506
sh601137,0,0,0
sh603955,0,0,0
sz002247,1764,2030,0
sh600315,14332.0,20246.0,0.0
sh600963,9004,3536,0
sh600089,59340,59965,0
sz002662,0,0,0
sz002617,0,0,0
sz000032,0,0,0
sh601519,0,0,0
sh600996,0,1000,0
sh601952,1321,0,0
sz300443,0,658,0
sh600860,0,0,0
sh600490,41548,39024,3425
sz002829,0,0,0
sz002737,0,837,0
sz002474,0,1411,0
sh601633,2050,2679,0
sz300537,0,0,0
sz002605,0,0,0
sh601388,61632,37695,0
sh600810,3500,0,0
sz300505,0,0,0
sz002682,0,0,0
sz002242,712,603,0
sz000582,0,0,0
sh601880,10000,12051,0
sz002273,10816,14362,957
sh600476,0.0,0.0,0.0
sz002502,0,0,0
sz000836,108260,23190,0
sz002003,0,1100,0
sz002088,0,0,0
sh600726,0,0,0
sz002110,251058,410591,32095
sz002235,0,0,0
sz002172,0,0,0
sz000922,0,0,0
sh600029,232150,154324,12723
sz000936,92086,39690,4206
sh600639,0,0,0
sh601689,2581,0,0
sh603823,0,0,0
sz000968,8695,889,0
sz002040,0,0,0
sh600519,8161.0,10876.0,782.0
sh600999,23451,21988,1540
sz002180,786,1414,0
sz002658,0,0,0
sz002435,572,0,0
sh600037,3432,11207,0
sz002320,4591,2141,0
sz300489,0,0,0
sz300286,0,0,0
sh603602,0,0,0
sh603669,0,0,0
sh600127,2218,0,0
sh603007,0,0,0
sz000488,172026,62419,5873
sz000728,14121,5373,0
sz300477,2559,2272,0
sh600759,0,2200,0
sz300638,261,782,0
sh600272,0,0,0
sz300041,0,0,0
sh600831,0,0,0
sh603226,0,512,0
sz002181,0,0,0
sz002468,5182,5422,0
sz000541,0,19532,0
sz002225,0,0,0
sz000613,0,0,0
sz300463,486,0,0
sz300465,0,0,0
sh603567,0,737,0
sz000905,1500,0,0
sz002508,1229,1363,0
sh600719,0,0,0
sz000415,1739,5737,0
sh600812,2001,0,0
sz002725,0,0,0
sz300550,0,0,0
sz300679,438,178,0
sz000918,7059,5669,0
sh600518,15835,15143,0
sz300642,150,628,130
sh603180,100,0,0
sh601238,2471,6495,0
sz300280,500,0,0
sh600021,0,0,0
sz000413,28029,53252,0
sh600642,2668,5194,0
sh600795,148418,117316,0
sh600569,590110,491475,2669
sh601038,0,0,0
sz002709,735,3371,0
sh600235,0,0,0
sz002388,0,0,0
sh601898,0,13311,0
sh601366,0,0,0
sz300720,0,0,0
sh600727,0,0,0
sh603589,7120,2667,0
sz300354,0,0,0
sh603027,0,0,0
sh600650,0,0,0
sh600919,68507,57850,0
sh603801,0,200,0
sz002713,1557,0,0
sh603626,0,1166,0
sh603333,0,0,0
sh603335,0,0,0
sz300412,0,0,0
sz002019,8664,34483,1501
sh600960,3663,0,0
sz300185,16169,9857,0
sh603444,94,119,0
sz300470,300,0,0
sz300246,0,0,0
sz300239,0,0,0
sz002350,0,1300,0
sh603989,333,442,0
sz300350,0,0,0
sh603360,500,0,0
sz300093,1013,0,0
sz300138,0,0,0
sh600926,22889,17190,0
sz002067,11979,13276,0
sz002696,0,0,0
sz000893,0,0,0
sz300112,0,0,0
sz000989,1364,2372,0
sz002084,0,0,0
sh600329,0,2237,0
sz000150,0,0,0
sh603181,0,0,0
sz000778,23724,25471,0
sh600738,0,0,0
sh600785,0,0,0
sh600196,9200.0,14716.0,368.0
sh603776,194,0,0
sz300183,14008,13350,0
sz300652,0,0,0
sz002035,972,1527,0
sz300137,1758,2019,0
sz300062,0,0,0
sh600320,8230,12005,0
sz002553,2156,0,0
sz300395,1765,1342,0
sz300229,0,715,0
sz000587,44725,3863,0
sz002173,0,0,0
sz002155,3759,0,0
sh600229,0.0,0.0,0.0
sh603378,0,0,0
sz000062,0,0,0
sz000751,37171,11067,0
sz002706,2168,0,0
sh603331,0,0,0
sh603421,0,0,0
sh603611,0,0,0
sh603686,0,675,0
sz002820,0,0,0
sh603399,3250,6905,0
sz300493,0,0,0
sz002870,0,0,0
sh600807,84021,114006,3157
sh601628,15299,24764,878
sz002509,4851,1800,0
sz002488,0,0,0
sz000813,1923,0,0
sz002521,0,0,0
sh600560,0,0,0
sh600885,750,1960,0
sz002766,0,0,0
sz300663,1650,500,0
sz000559,1809,11369,0
sz000715,0,0,0
sz300227,5267,742,0
sz002158,0,2253,0
sh600120,1996,776,0
sz002276,0,0,0
sz002734,0,0,0
sz300607,0,1163,0
sz000719,0,0,0
sh601989,96493,135958,1715
sz002865,0,0,0
sh601088,113660,125927,16589
sh600821,0,0,0
sh603699,0,0,0
sz300295,672,0,0
sz300218,0,0,0
sh601015,37375,17807,1107
sz000949,0,0,0
sz300078,1924.0,6847.0,0.0
sh600703,35731,68875,1843
sz002571,4329,0,0
sz002326,0,931,0
sz000671,108098,118459,0
sz002416,0,1523,0
sz300604,196.0,713.0,0.0
sz300448,0,0,0
sh600038,1969.0,2796.0,0.0
sh600710,2100,0,0
sh603677,2579,5536,0
sh603363,0,1000,0
sz300133,4638,0,0
sz002179,1955,5393,300
sh600063,0,0,0
sh600828,0,3976,0
sz300481,0,0,0
sz300389,0,0,0
sh603722,1397,6294,223
sz000687,0,900,0
sz300426,2990,509,0
sz300439,0,0,0
sh600837,46636,26659,0
sh601208,0,0,0
sh600522,116099,141651,4546
sz300430,0,644,0
sz300581,0,0,0
sh601311,3766,856,0
sz300329,0,0,0
sz300130,10913,495,0
sz002686,0,0,0
sz000819,0,0,0
sh600493,0,0,0
sz000793,17212,10563,0
sz002082,0,0,0
sh600225,0,0,0
sz002399,0,0,0
sh603507,1403,994,0
sz002644,0,0,0
sz300273,0,6968,0
sz000531,0,0,0
sz300527,0,0,0
sz000869,0,1259,0
sz002597,13549,11145,0
sh600793,565,6327,0
sh600184,0,0,0
sh600213,0,1178,0
sz002880,0,0,0
sz000666,9256,1282,0
sz000753,0,0,0
sz002637,0,2000,0
sz300533,0,0,0
sz002577,0,0,0
sh600804,1598.0,4830.0,0.0
sh600746,0,0,0
sz002558,270,2066,0
sz300233,0,0,0
sz300716,0,0,0
sz300196,1000,0,0
sz002859,651,0,0
sz300442,0,0,0
sh600495,1874,0,0
sh600834,0,0,0
sz002250,0,0,0
sz002089,0,3100,0
sz000868,71936,59262,1803
sz002197,832,0,0
sh600741,26176,43473,2333
sh603690,0,0,0
sz300670,0,0,0
sz002101,0,820,0
sz002270,0,0,0
sz002162,0,0,0
sh600892,2825,0,0
sz002862,0,0,0
sz300162,0,0,0
sz300494,0,0,0
sh600392,63035.0,37504.0,830.0
sz300297,0,1664,0
sz002052,0,0,0
sz002072,851,0,0
sz000937,16012,12787,0
sz300346,0,2411,0
sh603922,0,0,0
sz002498,0,0,0
sz002807,43006,5283,1486
sz000407,0,0,0
sh603488,0,0,0
sz300057,0,0,0
sz300018,3000,0,0
sz002692,1400,0,0
sh603458,1600,1221,0
sz300025,0,7093,0
sh603078,0,300,0
sz002841,0,0,0
sz300279,0,0,0
sh603799,20988,26150,2738
sh600067,1916,0,0
sz300241,2283,0,0
sh603899,1500,1166,0
sh600580,0,1422,0
sh600596,20063,21546,0
sz300498,8404,4984,0
sh600177,7616,5657,0
sz002164,0,0,0
sz002018,10983,4297,0
sz002569,0,0,0
sh600630,0,2502,0
sz002747,1018,0,0
sz002287,0,0,0
sh603566,0,0,0
sz300502,391,879,0
sz000828,0,0,0
sz300563,0,0,0
sz002515,0,0,0
sz002113,4589,2789,905
sz002781,0,0,0
sz000597,28466,7056,0
sh603860,500,0,0
sz002328,0,0,0
sz300216,0,753,0
sz002016,2127,5235,0
sh600308,11417,1799,0
sz300566,0,0,0
sz300440,0,0,0
sz002363,0,0,0
sz300378,0,0,0
sh601069,0,0,0
sh600166,80053,57642,0
sz002460,31120,31751,3352
sh600488,0,0,0
sz002253,527,1024,0
sz300595,0,0,0
sz300256,25519,6147,0
sz300176,249,474,0
sz000605,0,0,0
sz002313,5629,17893,1033
sh600568,6109,6153,0
sz002217,4766,9234,0
sz002376,0,0,0
sh600546,9525,26686,0
sz002286,0,0,0
sz002118,46069,33356,4997
sz300244,0,0,0
sz300675,0,336,0
sz000001,425867,380367,11283
sz002014,0,0,0
sh603269,1100,1034,0
sh603998,0,0,0
sh600736,0,0,0
sz000635,0,0,0
sz300429,0,0,0
sz002329,0,0,0
sh600499,27308.0,14104.0,1018.0
sh601996,0,2064,0
sh601668,821229,700357,3345
sh603898,1105,0,0
sh603528,0,1926,0
sh600884,11550,11289,0
sh603311,0,0,0
sz300004,0,0,0
sh600618,0,990,0
sh600300,2451,2490,0
sh603203,0,326,0
sz300458,12425,9295,2318
sh600340,66085.0,58769.0,7449.0
sz000803,560,0,0
sh600993,7622,19286,0
sh600886,18858,57383,0
sh601636,415725,340209,26185
sz002368,3211,402,0
sh600622,685,0,0
sz300335,0,0,0
sz002490,0,0,0
sz002135,0,0,0
sh600259,4529.0,1262.0,476.0
sz002221,2021,9132,0
sz300382,0,0,0
sh600508,2970,0,0
sz300543,0,0,0
sh600873,2020,25268,0
sz002510,0,0,0
sz002102,166149,111944,5736
sz002768,561,0,0
sz002517,14011,13246,1278
sh601966,0,0,0
sz002598,0,1487,0
sz300366,0,0,0
sh600156,0,0,0
sh601163,0,0,0
sh603098,0,0,0
sh600851,1000,4158,0
sz002340,215274,100657,0
sz000923,501,1806,0
sz300495,0,0,0
sh600734,0,1199,0
sz002625,17868,33549,3203
sz000898,182024,160108,2216
sz002156,17434,41313,0
sh600105,0,0,0
sz002828,0,0,0
sz300012,12346,2519,0
sz000933,191940,155406,6114
sz300310,1960,4989,0
sh600188,47668,29060,2461
sz000915,0,436,0
sh600555,17353,0,0
sz300118,0,813,0
sz300572,0,0,0
sh601700,0,2616,0
sh600875,10931,25163,0
sz002060,2779,0,0
sh603588,40796,67671,1519
sh603005,19843,13368,464
sh600379,1104,1070,0
sh603993,766799,623484,13683
sh600126,4307,1489,0
sh603218,0,407,0
sz300249,0,5200,0
sh603321,0,0,0
sh600070,0,0,0
sh601177,0,0,0
sh600790,0,1900,0
sz000606,0,1820,0
sz002351,0,0,0
sz300419,0,0,0
sh600521,0,500,0
sz002818,0,0,0
sz300142,10365,25128,0
sz002370,0,0,0
sz300610,0,0,0
sz000670,0,0,0
sh600784,0,0,0
sh601799,550,1542,0
sz002432,0,0,0
sz000925,1500,0,0
sz002821,0,604,0
sh600658,0,0,0
sz002544,0,0,0
sz300625,0,0,0
sz002527,0,0,0
sh600097,0,0,0
sz002609,6559,0,0
sz300043,0,0,0
sz002042,3498,4801,0
sz002581,2704,0,551
sz002700,0,0,0
sh603110,396,1699,0
sh601998,28634,77807,0
sh600249,0,0,0
sh600470,0,0,0
sh601808,0,0,0
sh600373,8006,1000,0
sz300016,0,3205,0
sh603916,3548,6308,1163
sz002665,0,1427,0
sh601899,1254384,651285,4863
sz002252,1509,5200,0
sh603088,0,360,0
sh603633,0,0,0
sh600416,5432,4570,0
sh600624,0,0,0
sh603859,0,0,0
sh603025,0,0,0
sz002020,3128,0,0
sh603959,0,0,0
sz300482,0,665,0
sh600366,4699,1179,0
sz300660,0,0,0
sz300355,94937,95355,6204
sh600637,0,1529,0
sh600601,4681,3080,0
sz002538,9862,3870,0
sh600479,0,0,0
sz002049,179408,211547,33037
sz300558,200,216,0
sh600570,6202,18054,384
sz300323,32918,44107,3673
sz300236,5708,8856,0
sz000779,878,0,0
sz002587,0,1601,0
sz000036,9131,3617,0
sz002411,0,600,0
sz002400,3740,7323,0
sz300432,0,556,0
sh600009,4836,14713,444
sz002611,0,0,0
sz300088,24288,59928,1678
sz002537,0,1417,0
sz002177,0,0,0
sz000516,2262,5441,0
sh600548,0,0,0
sh601099,154805,73369,0
sz002073,0,3051,0
sh601216,56142,113860,0
sz002146,132464,45309,2035
sz300277,0,1100,0
sh600517,1843,4201,0
sz300655,0,0,0
sh600620,0,1006,0
sh603919,0,1904,0
sz300304,1476,1564,0
sz002193,2431,0,0
sz002130,0,0,0
sz300006,0,0,1600
sh600000,68403,82471,0
sz000678,0,0,0
sh601058,9551,0,0
sz002319,0,0,0
sz002032,0,0,0
sh601233,125101,115042,23268
sz002120,0,852,300
sz300641,0,0,0
sh603108,0,972,0
sz000620,0,0,0
sz300339,0,0,0
sh600735,2115,3122,0
sh600222,0,0,0
sh600405,0,3391,0
sh601222,4652,5454,0
sz002888,0,0,0
sz002403,0,0,0
sz300416,0,0,0
sz000616,4958,0,0
sh600382,3970,0,0
sz300213,8919,7858,10477
sz000066,1503,4752,0
sh601016,0,4220,0
sz300221,5503,1600,0
sh600523,0,0,0
sz002815,0,0,0
sz300709,123,585,0
sz002430,8266,5302,1709
sz002143,3355,0,0
sh600337,0.0,0.0,0.0
sz002540,0,0,0
sh600679,0,0,0
sh600233,0,833,0
sh600823,39860,7581,0
sh601007,0,0,0
sz002774,0,0,0
sh600657,16597,8450,0
sz300391,0,0,0
sh600066,2986.0,0.0,0.0
sz300371,0,0,0
sz002260,1435,0,0
sz002809,533,1577,0
sh603616,0,700,0
sh600241,0,0,0
sz300348,0,0,0
sz002634,0,0,0
sz000603,0,1245,0
sz000612,1367,1100,0
sz000973,0,2666,0
sz300322,28073,41158,0
sz000711,0,1500,0
sz300338,0,0,0
sz300044,0,2024,0
sz000536,5598,0,0
sz300627,0,0,0
sz300343,0,0,0
sz002549,0,0,0
sz002005,0,2252,0
sz002799,0,444,0
sz300681,0,223,0
sz300438,0,0,0
sz002751,0,1286,0
sh600511,0,0,0
sh600616,1162,0,0
sh600420,0,0,0
sz000976,0,2294,0
sh600908,7914,5710,2073
sz300526,0,0,0
sz002524,0,2312,0
sh600075,1468,1391,0
sz002712,0,0,0
sz002850,0,300,0
sz002767,0,0,0
sh600189,0,0,0
sh600104,26462,57413,1952
sz000428,0,0,0
sh601919,13082,5904,0
sz000045,0,0,0
sh603323,47205,48649,1339
sh603159,0,0,0
sh603889,7235,1059,0
sh600098,1476,0,0
sz002657,0,1073,0
sh600362,37381,24779,0
sh601688,83993,61808,1066
sz300678,1442,1619,0
sh600128,0,0,0
sz002412,0,0,0
sh600850,600,1097,0
sh603885,0,0,0
sh600827,1767,2212,0
sh600751,1944,16943,0
sh600246,2658,0,0
sh601789,0,0,0
sz002599,0,0,0
sz000020,0,11393,0
sz002389,4841,8099,0
sh601579,910,1000,0
sh600354,0,0,0
sz300251,3572,11945,0
sh603636,4169,2049,0
sz300567,100,196,0
sz002861,0,0,0
sh603816,316,609,0
sz002302,107586,83321,6780
sh601155,42985,58242,2112
sh600557,0,1520,0
sz002267,0,0,0
sh601890,0,0,0
sz002055,1200,1873,0
sh600854,0,0,0
sh603668,0,0,0
sz002192,500,1569,0
sz002142,32839,11371,0
sh603111,989,6433,0
sz300512,0,0,0
sh601158,0,0,0
sh603980,679,0,0
sz300226,0,0,0
sz002753,2486,16638,0
sh600571,0.0,0.0,0.0
sh600761,3732,2400,0
sz002296,0,0,0
sz000795,7896,0,0
sh600595,56066,17634,0
sh600747,8800,0,0
sz002885,0,0,0
sz000586,0,0,0
sz000591,8420,13413,0
sz002322,0,0,0
sz300160,0,0,0
sh600396,0,0,0
sz002414,0,0,0
sz300147,0,0,0
sz002086,47003,26153,7598
sz002851,0,0,0
sz000652,0,3411,0
sz300596,0,640,0
sz000042,0,0,0
sh603990,0,0,0
sh600151,0,0,0
sz300712,410,0,0
sz000524,0,0,0
sz300586,0,0,0
sz002353,755,6385,0
sh601677,3190,1004,0
sz002667,0,1980,0
sz300302,854,0,0
sh600252,8501,14757,0
sz300325,4962,2243,0
sz000702,0,0,0
sz002129,0,31155,0
sz000729,0,0,0
sz300727,0,0,0
sh603985,0,0,0
sh603366,0,0,0
sz002476,0,0,0
sz300499,0,1190,0
sz002512,1996,3634,0
sz002586,5127,1489,0
sh601969,0,0,0
sz002123,1037,3909,0
sz002316,0,0,0
sz300169,0,0,0
sh603519,0,0,0
sh603345,0,0,0
sh603866,0,0,0
sh603667,0,0,0
sh600056,423,2007,0
sh601326,7758,2079,0
sh600339,0,3149,0
sz002264,20214,9906,2324
sh603023,0,0,0
sz300517,0,0,0
sz002731,0,0,0
sz002385,29304,42305,2564
sz300193,0,0,0
sh600675,1861,0,0
sz300072,13851,1576,0
sz000529,0,0,0
sz002244,60256,35117,0
sh600881,86260,51412,0
sz002214,13730,18229,0
sh603811,0,0,0
sh603766,9089,9959,0
sz002284,0,5248,0
sz000668,0,0,0
sz300363,0,800,705
sz002083,4609,4861,0
sh600756,706,5813,576
sz002819,0,0,0
sz002590,1963,710,0
sh600298,2416,5355,0
sz300327,463,5411,0
sz002105,0,0,0
sh603856,0,505,0
sh601882,0,0,0
sz300047,1318,4658,0
sz300127,0,0,0
sh600055,0.0,0.0,0.0
sz300154,2410,0,0
sz300357,452,0,0
sh603050,0,0,0
sh600864,1377,0,0
sz300136,7505,8453,430
sz300360,0,0,0
sh600853,0,0,0
sz300224,1144,0,0
sz002224,1907,0,0
sh600393,3442.0,0.0,0.0
sz000156,0,0,0
sh601965,0,0,0
sz300151,0,0,0
sz300340,1388,263,0
sz002200,1195,0,0
sh601555,4212,9597,0
sz000078,10218,4192,0
sh600708,2336,1400,0
sh603638,1122,1041,0
sh600783,0,0,0
sz002893,445,0,0
sz000550,0,0,0
sh600503,0.0,0.0,0.0
sh600581,196303,184001,21131
sz300126,0,0,0
sz002671,3600,1851,0
sh600713,0,0,0
sh601607,6611,8811,0
sz002227,0,0,0
sz300516,0,0,0
sz002650,23472,1628,0
sz002298,0,0,0
sz002546,0,6871,0
sz002448,0,0,0
sh600085,4014,7528,0
sz002349,0,0,0
sh600048,1100841,658494,39548
sh603619,1890,3775,0
sz000048,0,0,0
sh600984,17155,2020,0
sh601113,0,766,0
sz000921,920,3095,0
sz000628,0,0,0
sz002782,0,0,0
sz300321,0,0,0
sz002090,0,455,0
sh600897,0,0,0
sh603029,0,0,0
sh601777,1850,4579,0
sz000418,1187,0,0
sh600520,0,0,0
sh603300,0,0,0
sh603055,0,0,0
sz002314,0,4312,0
sh600418,3464,2976,0
sz002008,23361,23096,1953
sh600846,2442,2956,0
sz300086,0,1052,0
sz000735,29041,12651,2055
sz300324,1743,0,0
sz000014,0,0,0
sz002236,24373,30318,0
sh603803,0,800,0
sh600966,45261,28536,0
sh603968,0,0,0
sz002161,1694,10956,0
sz300039,0,3101,0
sz002620,0,0,0
sz300510,0,0,0
sh603717,2235,454,0
sh600594,1201,3550,0
sh601968,0,0,0
sz000050,5474,14042,0
sh600676,0,0,0
sz000786,111842,63359,7214
sz002029,0,0,0
sz002182,4493,2527,0
sz000962,0,0,0
sz300726,0,0,0
sz300668,0,0,0
sz002369,0,1500,0
sz002695,5316,785,0
sz000726,953,0,0
sh601186,21365,15461,0
sh600410,1100,0,0
sh600250,0,800,0
sz002526,0,0,0
sz002367,0,2525,0
sz300001,0,0,0
sh600409,164884,77238,0
sz300479,0,0,0
sh600381,0.0,0.0,0.0
sz002352,242,712,0
sz002574,0,0,0
sz000685,0,1030,0
sh600510,0,0,0
sh600998,638,728,0
sh603555,0,0,0
sz300513,0,0,0
sh603970,11671,12936,3245
sh600635,0,0,0
sz000400,1800,4150,0
sh603868,0,0,0
sz300180,0,950,0
sz002877,0,0,0
sz002265,0,0,0
sz002405,95606,124171,8402
sh603021,0,1251,0
sh603083,16641,9703,1146
sz000546,1528,0,0
sh600561,0,0,0
sh603689,727,1037,0
sh603833,0,932,0
sz300500,0,640,626
sh600139,0.0,3142.0,0.0
sz300287,1510,1484,0
sz300631,0,0,0
sh603896,233,437,0
sz002184,0,0,0
sh600843,0,0,0
sh600728,1832,3675,0
sz002717,1079,0,0
sz002636,711,5500,0
sz300087,8051,0,0
sz002212,13192,0,0
sz000825,340777,183176,0
sz002802,0,0,0
sz300117,0,1600,0
sh603076,721,0,0
sh600122,0,0,0
sh600179,0,0,0
sh603768,0,0,0
sh600893,3069,1709,0
sh603308,2469,8805,0
sh601595,0,0,0
sh600506,0,812,0
sz300583,0,0,0
sz002860,633,277,0
sz300584,600,508,0
sz300541,0,0,0
sz000096,790,0,0
sz000727,33523,13244,0
sh603829,1677,2830,3470
sz000888,0,2625,0
sz002133,0,0,0
sh603060,0,0,0
sh603168,1191,0,0
sz000698,2865,0,0
sh600302,0.0,0.0,0.0
sz002876,0,0,0
sh600489,29765,21258,0
sh603798,0,0,0
sz002648,72676,68748,935
sh600306,0.0,0.0,0.0
sh603380,0,0,0
sz300490,0,0,0
sz300654,0,413,0
sz300113,8124,17613,0
sz300205,0,0,0
sh600714,0,0,0
sz000887,1685,1414,0
sh603901,0,0,0
sz002857,0,0,0
sz000780,0,0,0
sz002693,0,0,0
sz000038,0,510,430
sz300599,0,0,0
sz300254,0,0,0
sz002095,0,627,0
sz002406,1420,0,0
sh600502,0.0,7415.0,0.0
sz300040,0,1233,0
sz002187,0,0,0
sz002793,0,0,0
sz300518,0,0,0
sz000902,0,0,0
sz000573,2368,0,0
sz300201,6576,7367,0
sz002134,0,4440,0
sh600008,15240,15381,0
sz300370,2592,0,0
sz000856,4334,4495,0
sz000733,0,733,0
sh600335,0,1089,0
sh600983,0,1321,0
sh601558,0,0,0
sz300411,0,0,0
sh600565,8353,56994,0
sh603136,224,498,0
sh600052,0,0,0
sh600236,0,0,0
sz300577,0,0,0
sh600712,0,0,0
sz002331,0,2964,0
sz300234,0,0,0
sh603607,3147,1091,0
sh603186,0,0,0
sh600307,188655,70115,0
sz300337,0,0,0
sz300508,0,0,0
sz300076,0,0,0
sz002317,1000,2798,0
sz300511,0,0,0
sz300210,0,0,0
sz300480,3344,0,0
sz300019,0,0,0
sz002404,0,0,2538
sh603701,0,0,0
sz000767,0,0,0
sh600986,0,0,0
sz002769,0,0,0
sh600301,0,0,0
sz002436,0,0,0
sz300695,0,152,0
sh600421,0,0,0
sh603017,0,0,0
sz300238,500,0,0
sz002759,900,9399,3116
sz000016,4350,8876,0
sh603357,0,450,0
sh603001,1810,0,0
sz000505,0,0,0
sz002238,0,0,0
sh603305,245,0,0
sh603338,0,0,0
sz002373,78125,87165,7385
sh600106,0,0,0
sh600649,8315,1200,0
sh600331,6173,3179,0
sz002397,0,0,0
sz300464,0,0,0
sz300123,0,0,0
sz002777,320,887,0
sh601008,3060,11508,0
sz002425,0,0,0
sz300617,0,0,0
sh601997,16185,33119,0
sz002097,0,0,0
sh603637,0,0,0
sz000672,0,79201,0
sh603987,0,0,0
sz000537,15186,7745,0
sz000928,0,0,0
sh600458,0,1223,0
sh603036,0,0,0
sz002280,7731,1112,0
sz300552,0,0,0
sh601866,15080,22269,0
sz300447,0,0,0
sh600869,1983,2460,0
sz002522,0,1556,0
sh600086,0,0,0
sz300398,0,500,0
sz000429,4967,4982,0
sz002384,826,377,0
sz002730,0,1000,0
sh600513,0,0,0
sh601618,2229,18086,0
sz300696,0,396,0
sh600202,0.0,0.0,0.0
sz002499,0,1178,0
sh603238,0,0,0
sh600745,24441,12476,1150
sz300161,0,0,0
sh600778,0,0,0
sz300689,0,1996,0
sz000408,10119,3398,0
sz002054,20914,2905,0
sz002011,0,3033,0
sz000750,14572,0,0
sz002542,0,0,0
sh600776,0,1438,0
sh600584,20322,41818,503
sz300427,0,0,0
sz002419,0,1022,0
sh601566,0,2722,0
sz300090,68118,58915,1010
sz300551,410,0,0
sh600678,0,0,0
sz300248,0,1000,0
sz002459,2210,0,0
sz300011,0,0,0
sh600628,0,0,0
sz002347,0,0,0
sz300437,0,0,0
sz000838,0,3674,0
sh600836,0,0,0
sh600277,0.0,0.0,0.0
sh603685,0,0,0
sz000926,21318,1950,0
sz000563,0,10136,0
sz002633,6499,9231,0
sh600876,4015,1653,0
sz000862,0,0,0
sz002812,0,396,0
sh603496,0,0,0
sh600345,0.0,0.0,0.0
sz300705,0,0,0
sh600583,1836,0,0
sh600765,881,0,0
sh600981,0,0,0
sz300235,0,0,0
sz300665,0,0,0
sh603577,0,0,0
sz002092,55706,26774,2501
sz002653,0,0,0
sz300307,0,0,0
sz300178,0,0,0
sh601515,1165,0,0
sh603779,0,0,0
sz300145,2552,7287,0
sz002529,0,0,0
sz002107,0,0,0
sz000985,0,0,0
sz002233,48459,20952,1584
sz002900,0,0,0
sh603918,0,0,0
sh600838,0,0,0
sh600558,71481,60649,0
sz002205,0,949,0
sz002567,0,0,0
sh603008,0,2966,0
sh600028,334397,255853,0
sh601318,319156,331823,44260
sz300460,0,0,0
sh600130,0,0,0
sz002699,700,660,0
sz300381,0,0,0
sz000521,0,0,0
sh600647,0,0,0
sz002550,0,0,0
sh600887,129485,187732,9328
sz300400,0,0,0
sz002239,0,0,0
sh600688,3567,22896,0
sh600026,2000,1912,0
sz300692,1298,11367,0
sh600395,4148,0,0
sz002093,0,5209,0
sz000040,0,0,0
sh600216,37330.0,13763.0,0.0
sz300406,0,772,0
sh603630,0,0,0
sz300534,0,0,0
sz002911,7775,10668,1547
sh600888,7815,5264,0
sz000010,0,0,0
sz000851,1086,1201,0
sh600011,7509,7885,0
sz300556,0,0,0
sz002445,0,0,0
sz000593,0,1597,0
sz000826,4559,6241,0
sz300300,0,0,0
sh600980,0,0,0
sh603758,9320,1298,0
sz300690,0,200,0
sh600653,0,0,0
sz002703,0,0,0
sh601211,15110,21882,0
sz300110,4136,1780,0
sz300538,0,0,0
sh603738,0,0,0
sz300058,1952,1769,0
sh603019,49956,62580,7716
sh600082,0,0,0
sh603079,1480,404,263
sz300211,0,0,0
sh600323,0,0,0
sz000802,0,0,0
sh600456,3090,0,0
sz300081,0,0,0
sh600389,0,1530,0
sz000411,500,0,0
sz002714,5626,4308,208
sz002323,0,0,0
sz002439,6146,5056,0
sh601881,12441,20998,0
sh600283,0,0,0
sh603160,2798,6654,148
sz000622,0,0,0
sz002806,0,0,0
sz300305,0,0,0
sz300255,1854,0,0
sh603559,4613,3526,215
sh601001,17158,5099,0
sz300230,0,0,0
sz002735,0,0,0
sz000565,0,0,0
sz300182,15418,10858,0
sz002079,35988,46506,0
sz002493,137720,115675,12967
sh603618,0,0,0
sh603033,0,0,0
sh603903,630,244,0
sh603855,0,0,0
sh600556,0,0,0
sz002342,12166,0,2001
sh603586,0,0,0
sz002211,0,0,0
sz002068,68818,62241,5645
sh600617,4818,0,0
sz300633,0,0,0
sz002801,0,0,0
sz002039,0,2000,0
sz002085,1000,2209,0
sz300262,0,0,0
sz300496,3977,3001,0
sz002292,1180,3881,0
sz300050,0,3920,0
sz300068,2824,988,0
sz300237,0,0,0
sh601599,1983,3627,0
sz002729,0,0,0
sz002028,0,2620,0
sh603886,0,0,0
sz002554,0,2152,0
sz002788,0,0,0
sz002849,0,0,0
sz002679,0,0,0
sz300146,3852,3664,0
sz002867,0,0,0
sh603416,0,0,0
sz300469,822,0,0
sz002685,1000,853,0
sz000958,0,2059,0
sz300658,0,0,0
sz300191,0,0,0
sz300294,2493,4601,0
sh601198,2000,705,0
sz000043,0,1600,0
sz002266,0,4792,0
sh600844,0,0,0
sz001979,142252,90714,3931
sz000883,7000,2846,0
sh600460,122975,66815,933
sz300220,0,0,0
sh601857,94941,43394,0
sz000023,0,0,0
sz002150,0,0,0
sz002721,1110,0,0
sz300619,0,0,0
sh600415,2472.0,5589.0,0.0
sz300368,0,0,0
sz002377,3089,0,0
sz000420,0,0,0
sz300353,0,2719,0
sz002131,66610,36974,0
sh600060,4717,5020,0
sz002046,0,0,0
sz002715,0,0,0
sz300637,0,0,0
sh603328,0,0,0
sh603028,0,0,0
sh600967,1000,10152,0
sz300401,2392,2972,0
sh600826,0,0,0
sz300671,0.0,288.0,0.0
sz002840,575,326,0
sz002674,0,0,0
sz002277,10436,19411,0
sz002516,5691,5893,0
sh600208,143045,89326,0
sh600039,0,0,0
sz002673,15175,10975,1496
sz002170,0,0,0
sh600863,5000,0,0
sh601229,64641,81283,0
sz002910,1191,11116,0
sz002798,526,1198,0
sz002337,0,0,0
sz000498,0,0,0
sz001896,0,0,0
sz300525,0,0,0
sz002327,1802,1349,0
sh600291,1598,2844,0
sz002147,2152,0,0
sz002489,0,0,0
sh603089,0,0,0
sz000731,0,0,0
sh601929,0,8383,0
sh603227,0,0,0
sz300622,0,0,0
sh600698,5419,2935,0
sz300475,0,0,0
sh600398,6973,9470,0
sz300560,6860,8681,0
sh600099,0,0,0
sh600705,62722,154738,0
sz300661,857,1337,0
sz300265,0,0,0
sz000530,0,2213,0
sz002899,0,0,0
sz000966,0,0,0
sz002387,0,2590,0
sz000878,49614,14809,0
sh600303,2457,3355,0
sz000877,75397,49302,1756
sh600280,1285,2000,0
sz002816,0,0,0
sz000060,118016,54879,3786
sh603377,758,0,0
sz002199,0,0,0
sh601199,0,0,0
sz000065,0,0,0
sz300283,0,0,0
sz002863,0,0,0
sz002429,45980,113528,0
sh600575,0,0,0
sh600740,63596,48356,0
sz000421,0,0,0
sz300005,0,0,0
sh603200,0,0,0
sz002378,3096,0,0
sz000978,0,0,0
sz000655,2890,1596,0
sz002724,0,0,0
sh600096,3018.0,0.0,0.0
sz000501,2933,1949,0
sh601878,16492,10788,0
sh600723,0,1256,0
sh600545,2946,1043,0
sz300342,0,0,0
sh600167,451,554,0
sz000707,0,0,0
sz002063,0,2016,0
sh600435,0,0,0
sz300386,0,3908,0
sz002178,0,0,0
sz000829,0,0,0
sz002059,0,0,0
sz002335,0,0,0
sz000910,1508,566,0
sh600160,6057,3932,0
sh603359,0,0,0
sz300284,0,0,0
sh600537,0,4300,0
sh600801,242931,203918,12611
sh603086,0,250,0
sz300601,2845,2060,0
sh600531,0,7417,0
sz300070,4009,6278,0
sz002871,0,0,0
sh601798,0,0,0
sh603096,0,293,0
sz300701,0,0,0
sz300200,0,0,0
sh600612,0,250,0
sh603306,458,1835,0
sh600697,539,0,0
sh600547,680,3023,0
sz300718,269,3001,0
sh600704,0,22809,0
sh603000,0,0,0
sh600767,0,0,0
sz002409,14258,18064,1147
sh603101,0,0,0
sz000980,4585,2824,0
sh600352,71683.0,28910.0,0.0
sh600903,114096,73445,9479
sh600815,0,0,0
sz002664,515,1317,0
sz300515,0,0,0
sz002659,0,0,0
sz300309,0,802,0
sh600103,9781.0,0.0,0.0
sz300223,44807,35092,5980
sz002846,563,8183,1036
sz300349,0,0,0
sz002081,50132,81798,3068
sz300002,4151,0,0
sz300313,0,0,0
sz000929,0,0,0
sz002013,4922,0,0
sh603721,1863,404,0
sz002057,0,800,0
sh601012,50332,59262,3721
sz300546,0,0,0
sh603828,0,0,0
sz002897,0,0,0
sh600681,0,0,0
sz300691,0,131,0
sz300632,0,0,0
sz002528,0,0,0
sz300449,0,493,0
sz300503,0,0,0
sz000718,7371,0,0
sz000028,0,403,0
sz002803,0,0,0
sz002339,4800,0,0
sz300027,1391,15450,0
sh603133,0,0,0
sh601788,0,5544,0
sh600419,0.0,0.0,0.0
sh603116,0,0,0
sz002325,0,0,0
sz002789,0,0,0
sz002842,578,300,476
sz300289,0,0,0
sz300074,7723,0,0
sz000906,2670,1690,0
sh601166,186720,250004,1180
sz000639,0,0,0
sz002591,0,0,0
sz002153,4409,18224,355
sz002533,0,0,0
sz002045,6655,3762,0
sh600604,18523.0,4102.0,0.0
sz300083,1276,1412,0
sz002112,764,0,0
sz000534,0,0,0
sh600509,0,0,0
sz002330,1756,1331,0
sz002623,0,0,0
sh603601,0,800,0
sh600064,0.0,1002.0,0.0
sz300135,0,3592,0
sh600673,64619,27606,1568
sz002749,705,140,0
sz300352,0.0,0.0,0.0
sz300055,36681,21928,1404
sh600121,0,0,0
sz002078,106815,35398,0
sz002513,0,0,0
sz002640,7451,2020,0
sh600629,0,0,0
sz000631,6179,0,0
sz002308,3634,1050,0
sz000810,0,0,0
sz000008,1300,0,0
sz300331,711,1600,0
sz002096,0,0,0
sz002585,0,0,0
sz002688,0,1460,0
sz300588,0,0,0
sz300022,0,0,0
sh600017,3239,4021,0
sz300628,120,583,0
sz300554,147,0,0
sz000816,3203,36457,0
sz300415,0,807,0
sh601992,350948,173336,6059
sh600817,0,0,0
sh600997,43948,23236,0
sz002396,14104,10089,0
sz000063,381979,475781,55362
sh600979,0,0,0
sz300618,9630,8528,1987
sh601028,0,0,0
sz000561,0,0,0
sh601118,2020,16238,0
sz002837,410,1748,513
sz300682,556,0,0
sz002884,0,1446,0
sz000953,0,0,0
sz000737,0,0,0
sh603042,0,805,0
sz300020,13011,7058,0
sh600865,0,0,0
sz300124,3780,2344,0
sh600073,0,0,0
sz002151,926,2802,0
sh600234,0,0,0
sz300501,0,300,0
sh600655,11777,3882,0
sz300038,0,3202,0
sz300697,0,0,0
sz300184,0,0,0
sz300621,0,0,0
sz300232,0,0,0
sh603665,0,0,0
sh603728,0,0,0
sz000975,0,2268,0
sz002583,5008,13763,796
sh603612,2478,1544,287
sh600477,24906,9883,0
sz300476,0,0,0
sz300177,0,2611,0
sz000598,4077,16964,0
sh601567,0,0,0
sh600163,0,0,0
sh603648,532,3320,0
sz002514,0,0,0
sh603976,0,0,0
sz002684,569,0,0
sz300007,0,1973,0
sz002810,0,0,0
sh603606,0,0,0
sh603103,0,0,0
sh600446,0,2034,0
sz300107,0,0,0
sh600917,0,0,0
sz000090,1979,6599,0
sh600780,0,0,0
sh601928,2282,0,0
sh600663,0,0,0
sz002895,0,0,0
sz002318,0,1305,0
sz002570,4006,2689,0
sz002763,0,0,0
sz300698,0,0,0
sz000680,4789,5151,0
sz300030,0,0,0
sz002443,1585,0,0
sz000519,0,0,0
sz002017,0,2339,0
sz000691,13696,84752,0
sh603558,0,0,0
sz300253,0,4367,0
sz002216,0,0,0
sz002702,0,0,0
sz300539,1118,0,0
sz002683,0,0,0
sz000703,69694,70942,5174
sh603026,0,0,0
sz002226,0,0,0
sz002741,700,0,0
sz002458,900,467,0
sz000153,0,0,0
sh600051,0.0,0.0,0.0
sz000681,0,0,0
sz300296,3623,2223,0
sh600743,0,0,0
sh600109,3639.0,0.0,0.0
sz002563,0,1777,0
sh600835,7846,6702,513
sh600406,19497.0,30749.0,0.0
sh601588,7310,2975,0
sz000818,1900,957,0
sz000759,0,0,0
sh600879,4462,4881,0
sz000027,0,0,0
sz002833,0,0,0
sz000682,5652,3707,0
sz300568,0,1616,0
sz002495,0,0,0
sz002338,0,0,0
sz000720,3779,3333,2879
sz000761,48964,12382,0
sh600333,0,0,0
sh603808,0,0,0
sh600006,4101,7125,0
sz300497,366,0,0
sz002210,16879,0,0
sz002480,0,0,0
sh600076,0,0,0
sz300686,0,0,0
sz002218,4500,7428,0
sz002427,1338,1531,0
sh600540,0,2847,0
sz000815,0,0,0
sz002565,0,0,0
sh600467,0,7574,0
sh603900,1070,0,0
sz002790,583,0,0
sz300529,0,400,0
sz000673,0,0,0
sz002030,580,2046,0
sz000059,55739,25257,2017
sz002627,568,0,0
sz002761,316,320,0
sz300306,800,0,0
sh600754,0,771,0
sz300172,0,0,0
sz000963,460,656,0
sh603022,0,4770,0
sh601678,4869,1500,0
sh601002,17504,5127,0
sz002647,0,0,0
sz300657,0.0,241.0,0.0
sz000552,7235,7840,0
sh600990,202,158,0
sh600896,0,0,0
sz000021,1210,12261,0
sz000852,0,5381,0
sz300281,0,0,0
sh600020,0,9717,0
sz000166,21665,17860,0
sz000996,12655,9323,0
sz300462,466,0,0
sz002190,0,0,0
sz002138,5294,8352,0
sz002543,1188,0,0
sh600758,2016,1741,0
sz002626,2755,4945,0
sz300603,1190,900,831
sz300264,2040,0,0
sz000596,385,1843,0
sz300252,0,650,0
sz300206,0,0,0
sh601336,22853,30835,778
sz300116,3894,3182,0
sz000637,0,0,0
sh600588,2744,1371,0
sz300702,0,305,0
sz300341,0,0,0
sh600326,22843,3509,1711
sh600299,0,923,0
sh600820,1522,17006,0
sh603167,2000,0,0
sh600689,0,0,0
sz002707,2400,0,0
sz000970,54313,21649,6036
sz000948,0,0,0
sh603578,380,0,0
sh603197,0,0,0
sz000697,0,0,0
sz000100,248150,239289,0
sh600027,3580.0,4799.0,0.0
sh601666,78615,55335,0
sh600284,0,0,0
sh603365,1492,4750,655
sh603139,0,0,0
sz300326,0,0,0
sz300713,0.0,0.0,0.0
sz300672,401,3154,0
sz300421,0,0,0
sh603698,0,517,0
sz002024,75087,74982,0
sh600267,26509,21334,0
sh600501,0,0,0
sz000558,0,0,0
sh600674,8516,26631,0
sh603939,0,310,0
sz300530,0,0,0
sh600336,0,0,0
sh603966,0,0,0
sz300197,2970.0,8088.0,0.0
sh600391,0,0,0
sz002507,834,4191,0
sz300380,0,0,0
sz300653,0.0,0.0,0.0
sz300408,4574,19438,0
sh600848,934,2942,0
sz000835,0,0,0
sz300531,0,916,0
sz300144,1834,8256,0
sz002341,7601,5351,0
sz002582,0,0,0
sh603533,4220,5161,626
sh600909,5938,0,0
sh603398,0,0,0
sh600563,0.0,291.0,0.0
sh600527,0,0,0
sz002121,0,1187,0
sz002568,926,0,0
sz002853,1052,0,421
sz002346,30175,14456,0
sz002208,0,2176,0
sz000993,1700,0,0
sh603929,1571,2027,0
sz000404,0,2000,0
sz002752,1010,0,0
sh600694,0,308,0
sh603315,0,0,0
sz002010,0,0,0
sz000796,0,0,0
sz002074,453,4798,0
sz002305,5150,0,0
sz002716,3895,1149,0
sz300316,51571,32571,3143
sh603303,0,0,0
sz000882,9919,0,0
sh600148,455,0,0
sh600787,38074,13683,0
sh600228,0,0,0
sh600022,537447,301959,0
sz002362,2165,3683,0
sh600083,0,572,0
sz000700,2204,0,0
sz300669,0,0,0
sz300587,0,0,0
sz002371,8019,11683,1459
sh603031,0,0,0
sh603118,0,0,0
sh603615,0,0,0
sh600247,0,0,0
sh603878,501,0,0
sh600131,2220,0,0
sh603777,388,0,0
sh600567,124513,68718,0
sh600791,0,0,0
sz000837,0,0,0
sz002621,0,1020,0
sz002283,0,2290,0
sz000416,0,1400,0
sh603969,0,0,0
sz300597,0,0,0
sh603599,0,0,0
sz002434,10663,19988,0
sz300578,0,0,0
sz002817,0,0,0
sh600611,0,0,0
sh603169,0,0,0
sh603600,0,0,0
sz002722,0,376,0
sh600644,0,0,0
sh600623,0,1893,0
sz300723,3126,2094,0
sz002618,0,0,0
sh600133,2898,4481,0
sz000897,0,0,0
sz000600,0,3852,0
sz000518,0,0,0
sz300222,588,2840,0
sh603737,0,0,0
sz000999,0,1071,0
sz000676,0,0,0
sz300707,0,492,0
sz002065,0,11223,0
sh600976,0,0,0
sh603100,0,0,0
sz002560,4106,6046,0
sz002826,0,0,0
sh603336,0,0,0
sz300029,0,0,0
sh601231,2205,6602,0
sh600626,0,1720,0
sh603011,1000,0,0
sz000990,0,0,0
sh600871,0,5001,0
sh600692,0,0,0
sh600132,0.0,0.0,0.0
sz300048,0.0,0.0,0.0
sz000055,0,1677,0
sh603881,0,0,0
sh600638,0,2690,0
sz300351,0,0,0
sh600232,0,0,0
sh600987,1787,0,0
sz002295,0,0,0
sz002433,1727,0,0
sh601226,5500,0,0
sz300139,0,0,0
sz300258,0,0,0
sh603035,0,0,0
sz002356,500,700,0
sz300166,1870,2021,0
sz300293,0,0,0
sz002698,0,0,0
sh601006,41342,75658,0
sz000762,10941,16230,0
sh600390,0,0,0
sz300298,0.0,2345.0,0.0
sz002824,0,0,0
sh600290,0,0,0
sz000568,18014,22325,1168
sz002608,0,0,0
sz300404,0,0,0
sz002689,0,0,0
sz002336,0,0,0
sz300215,0,0,0
sz000839,111991,207558,3083
sz000009,8117,3202,0
sh600428,0.0,0.0,0.0
sh600243,0,0,0
sz300715,0,0,0
sz300410,0,276,0
sh600114,0,957,0
sz002306,0,2200,0
sz002069,0,0,0
sz002278,0,0,0
sh600178,0,0,0
sz002152,4009,0,0
sh603299,1517,941,0
sz002787,0,0,0
sh600371,0,0,0
sz300648,0,145,0
sh600779,1182,1582,0
sz300547,0,0,0
sh603505,1541,608,0
sh603508,0,0,0
sh600266,9709.0,11694.0,0.0
sh603385,0,0,0
sh600483,0,0,0
sh600683,0,0,0
sz300585,824,0,0
sh600218,0,0,0
sz300046,0,0,0
sh603718,977,0,0
sh600737,0.0,0.0,0.0
sz300290,0,0,0
sh600173,0.0,0.0,0.0
sz002848,0,0,0
sz000909,0,0,0
sz000686,12309,6852,0
sh600958,21381,15710,0
sh600982,0,0,0
sz000151,0,1349,0
sz002185,40596,70240,1511
sz002420,0,0,0
sz002635,10625,23796,1018
sz002379,2672,2535,0
sz002663,0,0,0
sz300602,0,0,0
sz000717,739642,484811,46835
sz300069,1051,0,0
sz002666,0,0,0
sz300377,2908,2884,0
sz002048,3576,2072,0
sz300636,0,0,0
sh600847,0,0,0
sz002115,0,0,0
sz002845,0,0,0
sh600361,0,0,0
sh600562,0,0,0
sz300009,2150.0,1579.0,0.0
sh600200,2173,851,0
sh603909,0,0,0
sh601886,0,0,0
sh600816,21489,10047,0
sz000004,0,0,0
sz002022,0,2369,0
sz300336,0,1047,0
sz002718,0,0,0
sz002670,12942,13104,465
sh600800,0,0,0
sh600186,3774,0,0
sh601888,15466,9557,643
sh603131,0,0,0
sz002390,2601,11622,0
sh600327,0,0,0
sz300521,0,0,0
sz000997,1356,1511,0
sz000881,0,0,0
sh603908,0,0,0
sz000157,28787,17251,0
sh600095,0,0,0
sz300710,0,0,0
sz300023,0,0,0
sz300436,0,0,0
sh600805,0,0,0
sz002701,0,3839,0
sh600615,0,0,0
sh603166,0,0,0
sh601179,0,5160,0
sz300311,0,0,0
sz300592,0,0,0
sh600172,0.0,3270.0,0.0
sh603656,0,0,0
sh603138,0,0,0
sz002705,0,0,0
sz300163,1524,1692,0
sz000609,6129,0,0
sh600110,3897,10053,0
sh600322,5857,0,0
sz002258,3398,2741,0
sz300079,0,0,0
sh600230,34605,17394,660
sz300532,0,0,0
sh603659,24857,25313,4452
sh600654,0,2114,0
sh600282,460900.0,238286.0,0.0
sz002080,0,0,0
sh603727,0,512,0
sh600068,16756,39650,0
sz002391,0,0,0
sz002366,6561,10801,0
sz002071,20682,5020,0
sh601933,79520,100228,2361
sh600857,0,0,0
sh600369,6554,4001,0
sz002655,0,0,0
sz300473,0,551,0
sz300219,0,0,0
sz002395,0,0,0
sz300261,0,1207,0
sh603020,0,0,0
sh600190,0,0,0
sh600399,0,0,0
sz300374,0,0,0
sz300452,0,0,0
sh603228,479,0,0
sh601116,1933,1043,517
sz002154,3246,0,0
sh600613,0,0,0
sh601611,1051,2836,0
sh601106,0,0,0
sz300225,0,1000,0
sz000301,8797,6772,0
sz300616,63,486,0
sz002251,0,1932,711
sz002408,4456,1859,0
sz300190,0,0,0
sh600317,0.0,0.0,0.0
sz300451,0,600,0
sz000632,0,0,0
sh601727,14871,21163,0
sz000799,3049,499,0
sh600640,0,0,0
sz002486,6204,5776,0
sz300315,2005,22141,0
sz002437,4086,12708,0
sz300717,0,541,0
sz002595,0,0,0
sz300319,0,0,0
sz000417,0,1280,0
sz300536,0,0,0
sz300647,0,0,0
sh603383,0,592,0
sz002496,2000,5014,0
sz300105,0,0,0
sz300379,0,0,0
sz002461,0,0,0
sh600090,1585,1537,0
sz002478,2304,0,0
sz000739,0,0,0
sh603536,0,0,0
sh600648,0,900,0
sz002064,31506,10930,0
sh603106,0,800,0
sz002381,0,0,0
sh600153,24236.0,18807.0,907.0
sz300699,4945,9027,0
sz002426,12632,1845,0
sh603067,0,0,0
sz000710,725,743,0
sz300274,8367,10317,0
sz002523,0,0,0
sh603158,0,0,0
sz300364,1520,3653,0
sh600452,0,0,0
sz002410,1116,2566,0
sz000070,0,0,0
sz002638,2064,34296,0
sz000725,4090334,3612051,3703
sh600309,102511.0,56981.0,3695.0
sz000738,0,0,0
sz300066,0,0,0
sz300725,0,0,0
sh603879,0,605,0
sz300080,0,0,0
sz002275,0,0,0
sz002905,0,382,0
sz002025,0,0,0
sh603789,0,0,0
sz300650,0,0,0
sz002332,0,6227,0
sz002469,0,0,0
sh600861,0,0,0
sz000858,36546,64484,2623
sz300103,0,0,0
sz002878,0.0,0.0,0.0
sz300629,0,0,0
sz002632,0,0,0
sh603663,0,0,0
sz002732,0,0,0
sh601117,4490,26520,0
sh603628,0,0,0
sh600500,4291,1797,0
sh600962,0,0,0
sh600100,7638.0,1011.0,0.0
sh603188,0,2081,0
sz300171,0,0,0
sh600287,0,0,0
sh600119,0,845,0
sz002532,0,0,0
sz300409,1336,0,0
sh600400,0,0,0
sz000538,6029,10360,166
sz300209,0,0,0
sz002206,1651,1800,0
sz002290,0,0,0
sh600093,0.0,0.0,0.0
sz002125,963,0,0
sz002293,1049,1017,0
sh600199,4772,5399,0
sz002697,0,0,0
sh600883,0,0,0
sz300457,512,1663,0
sz300143,0,0,0
sz002758,0,0,0
sh603367,0,563,0
sh600129,0,0,0
sh601368,0,0,0
sz300630,0,0,0
sz300722,11344,16674,2354
sh600101,0,0,0
sz002477,33118,63606,0
sz002750,0,1644,0
sz000422,2905,0,0
sh603393,0,0,0
sz002307,26416,13152,1570
sh601918,4477,8990,0
sz002291,0,0,0
sh600455,363,349,0
sh603225,0,0,0
sz000610,0,0,0
sh601985,2000,27877,0
sh600585,365205,287319,40275
sh600652,0,1457,0
sz002076,0,0,0
sz002479,4683,4195,0
sz300108,1200,0,0
sz002195,17504,5299,0
sz002139,1542,2740,0
sz300466,0,786,0
sz002108,3428,0,0
sz000539,0,0,0
sh603222,0,0,0
sz002610,0,20957,0
sz300706,5902,6800,509
sz300203,6112,2820,403
sz000912,26259,36278,0
sz002268,2942,506,0
sz300179,0,3699,0
sz300434,0,0,0
sh600814,0,0,0
sh601009,37321,61753,6044
sz300056,0,1181,0
sh603012,0,0,0
sh600742,0,0,0
sh600050,655527,756047,1911
sh603183,0,0,0
sh600858,0,0,0
sz300418,1007,1909,0
sz000533,0,0,0
sz002148,1091,4440,0
sz002051,0,1752,0
sz002220,0,0,0
sh600192,0,0,0
sh600760,8273,5611,0
sh600383,148489,81044,3600
sh603179,0,0,0
sh601518,0,0,0
sz002765,0,0,0
sz300128,72332,24260,5556
sz002602,0,3499,0
sz002656,4622,1076,550
sz300100,0,0,0
sz300089,1319,0,0
sz300559,0,0,0
sz000919,0,0,0
sh600707,0,2000,0
sz002365,0,646,0
sz000760,0,0,0
sz002772,881,0,0
sh601800,1022,25252,0
sz002907,0,0,0
sh600358,0,0,0
sh603066,0,0,0
sz000712,1622,980,0
sz002169,0,0,0
sz002056,20880,18355,0
sh601717,0,4716,0
sh600353,0,0,0
sh600094,0,0,0
sh603199,0,0,0
sz002036,6795,59628,4750
sz002902,0.0,0.0,0.0
sz002909,510,0,0
sz300589,0,0,0
sz002315,0,0,0
sh600757,0,0,0
sz300120,0,0,0
sh603177,1158,752,0
sz300358,0,0,0
sh600651,0,0,0
sh603988,0,0,0
sz002773,0,0,0
sz300486,0,0,0
sh600368,0,0,0
sh601258,27904,8328,0
sz300397,0,0,0
sh600152,1253,0,0
sh601288,486596,407552,0
sz000901,0,3727,0
sz002043,11480,6747,0
sz300131,0,4934,0
sz300635,0.0,0.0,0.0
sz002299,2896,2738,0
sz000830,197515,177380,20602
sh603726,0,0,0
sh600169,8417,4500,0
sz300318,0,0,0
sh600590,0,0,0
sz002628,1395,0,0
sh603278,1576,0,0
sz002441,0,0,0
sh601901,11659,34896,0
sz002334,0,7857,0
sh600882,0,0,0
sz000777,0,0,0
sz300148,1487,1984,0
sz300168,1106.0,851.0,0.0
sz300195,0,0,0
sh600211,0.0,0.0,0.0
sh600797,818,13154,0
sh601169,62409,118660,0
sz300165,0,0,0
sh600722,3725,8373,0
sz002869,0,0,0
sh600081,0,0,0
sz002033,3000,0,0
sz000913,645,2626,0
sh600586,7575,0,0
sh600278,0,1000,0
sh600526,1547,2685,0
sz300150,0,0,0
sz300199,0,1020,0
sh603580,0,0,0
sz000005,0,0,0
sh603128,0,0,0
sh600578,0,0,0
sh601500,0,0,0
sh600469,0,0,0
sz000532,0,917,0
sh601872,6270,3680,0
sz000908,0,0,0
sz002651,0,1440,0
sz002374,3000,0,0
sz000756,3112,0,0
sz300424,0,0,0
sh603368,233,255,0
sz300031,1733,0,0
sh600180,0,901,0
sz002594,14189,21259,1145
sz002589,7893,1001,0
sh600749,0,0,0
sz002593,0,0,0
sz002641,0,0,0
sz002484,0,0,0
sz002001,90469,102383,10801
sz300194,0,0,0
sz002393,380,0,0
sz002360,1648,0,0
sh603198,0,0,0
sz002215,0,0,0
sh600874,8780,5149,806
sh603318,2720,1233,0
sz300231,0,0,0
sh600680,0,0,0
sh603388,0,0,0
sz000099,0,1289,0
sz002006,0,0,0
sh600023,0,0,0
sz002536,1002,0,0
sz300666,15389,2844,892
sz002038,23156,13951,3177
sh600149,0,0,0
sh600587,0,0,0
sz300385,0,0,0
sz002603,0,725,0
sh603517,603,2665,0
sz300608,0,0,0
sh600319,0,0,0
sz002622,4014,4151,0
sz002383,2420,1300,0
sz000721,0,0,0
sh603126,0,0,0
sh600841,32420,8119,0
sh600774,0,0,0
sz300472,0,0,0
sh603708,0,0,0
sz002614,0,0,0
sz002077,0,0,0
sz002805,0,0,0
sz300373,2604,4096,0
sh603003,900,0,0
sz300102,17670,11731,0
sz000789,153076,141987,12272
sz300170,1300,4136,0
sz002288,2014,0,0
sz002428,6670,9508,0
sz002171,1889,0,0
sz000811,0,3009,0
sz002452,0,0,0
sz300450,1767,544,0
sz002447,0,2848,0
sh603585,0,0,0
sz002007,360,3613,0
sz300708,16883,24204,2592
sh600033,0,3041,0
sz300356,0,0,0
sh600397,0,3703,0
sz000545,26178,0,0
sh600619,1027,0,0
sh601011,60696,53202,1104
sh601225,426218,420979,7054
sz300549,0,0,0
sz002196,0,0,0
sh600433,0,2922,0
sz000860,4476,23132,0
sz002578,0,0,0
sz002886,1014,0,0
sz000615,17307,16952,1451
sz300071,0,0,0
sh603569,0,0,0
sz002394,8177,7058,0
sz002831,0,0,0
sz300204,0,720,0
sh600482,1560,2522,0
sz300228,10158,6898,0
sz002309,0,2000,0
sh603309,991,0,0
sh600019,836252,617250,16565
sz000876,7115,24447,0
sh601021,287,0,0
sh600281,0,0,0
sz002483,0,0,0
sh600118,872,4020,0
sh601139,0,4357,0
sz002901,347,413,0
sh601328,107746,150834,0
sh601999,0,0,0
sz300003,2026,2447,0
sz002407,1720,6657,0
sz300098,2803,3276,0
sz002228,2434,0,0
sh600422,0.0,0.0,0.0
sz000875,2598,2503,0
sh600550,0.0,0.0,0.0
sh603869,0,500,0
sz002518,0,0,0
sh600010,383192,161014,0
sh601858,0,0,0
sz300693,0,0,0
sz300092,0,0,0
sh600895,0,785,0
sz002557,0,672,0
sz300250,0,0,0
sz000088,2044,0,0
sz002249,4085,3000,0
sz002506,0,0,0
sh603809,0,0,0
sh600668,11616,6625,0
sz300402,0,0,0
sz002501,1584,1870,0
sz000961,28393,6814,0
sz002883,0,0,0
sh603030,3793,0,0
sz300446,0,0,0
sz002672,10285,0,0
sz300388,0,0,0
sh603605,4638,7549,831
sh600809,2773,6432,531
sz000403,12310,4037,308
sz002358,688,0,0
sz000890,0,2091,0
sh603725,0,0,0
sh603979,0,0,0
sz002234,7671,875,0
sz000656,31357,48841,0
sz002743,964,0,0
sh600609,0,0,0
sz002639,1631,1312,0
sz300390,0,0,0
sz300425,0,0,1014
sh600223,0,0,0
sz000967,0,3255,0
sh603997,1116,0,0
sh603501,365,1493,0
sh600660,5127,8102,967
sz300345,0.0,0.0,0.0
sz300330,0,0,0
sh600159,0,0,0
sh600559,1164.0,5670.0,0.0
sh600529,600,600,0
sz002492,0,0,0
sh603676,0,0,0
sz300063,0,0,0
sh603696,0,0,0
sh603535,0,0,0
sh600971,42205,30872,0
sh600633,0,3174,0
sh603466,3492,3645,240
sh600839,15452,62090,0
sz300573,0,0,0
sh603978,318,757,0
sh600824,0,0,0
sh603178,0,0,0
sz000833,0,0,0
sz000661,230,1322,0
sh603679,0,0,0
sz300474,523.0,1318.0,0.0
sz300212,0,1441,0
sz002770,0,0,0
sh600975,0,0,0
sh603157,0,0,0
sh603716,0,220,0
sh603806,0,0,0
sh603081,1058,3604,0
sz002646,0,0,0
sz000708,4144,801,0
sz300688,0,0,0
sz300562,1198.0,0.0,0.0
sz002255,1490,0,0
sh600261,1974.0,0.0,0.0
sz002613,0,0,0
sz002559,0,0,0
sz002348,0,0,0
sz002573,6152,5004,0
sz002755,0,0,0
sz000572,8053,0,0
sz000667,21357,0,0
sh600197,3176,1876,0
sh603229,0,0,0
sh600077,8000,0,0
sz002891,0,0,0
sh601900,0,0,0
sh600220,0.0,0.0,0.0
sh601218,0,0,0
sh603527,0,0,0
sh603817,5580,787,0
sh603999,0,0,0
sh600900,57647,33813,0
sh600532,0,0,0
sh600744,0,0,0
sh600423,0,0,0
sh600004,0,15510,0
sh600271,57135,54834,4111
sz300164,0,0,0
sz000026,0,0,0
sz000932,130438,113587,3754
sz002223,3384,2806,0
sz002615,0,1951,0
sh600158,0,2750,0
sz000159,0,0,0
sz300217,5133,10285,0
sh603757,289,0,0
sh600155,3231,1199,0
sh600602,0,0,0
sz300312,0.0,0.0,0.0
sz300575,0,0,0
sz000510,2860,0,0
sh600367,0,0,0
sh600497,289159,121276,9357
sz000018,0,0,0
sz300094,1520,0,0
sz300189,0,0,0
sz002311,515,0,0
sh603015,0,0,0
sz000419,0,0,0
sz002109,1881,0,0
sh600732,0,0,0
sh603683,504,843,0
sz002588,0,0,0
sz002466,26137,27313,2148
sh603518,0,0,0
sh600687,13188,0,0
sh603678,0,0,0
sh600237,0,0,0
sz002843,0,0,0
sh600486,908,453,0
sh601669,4427,24302,0
sz002792,950,953,0
sz002465,7044,26183,0
sz300557,0,0,0
sz002047,0,1500,0
sz002728,0,0,0
sh600375,0,0,0
sz300111,0,0,0
sz002279,0,0,0
sz002631,4026,2560,0
sz000800,55198,32661,3078
sz000560,0,0,0
sh600182,0,0,0
sz300413,8797,22139,1354
sh600771,631,0,0
sh600478,0,2482,0
sz002417,0,1716,2304
sh601616,0,0,0
sz300064,0,2162,0
sz002145,11513,1714,0
sz000807,357646,284247,2923
sh600305,2072,3502,0
sz000528,12001,0,0
sz300270,0,0,0
sh600165,0,0,0
sz002607,0,3117,0
sh600621,50181,87990,777
sz300125,0,0,0
sh603316,0,0,0
sz002137,0,0,0
sz002485,1771,3015,5530
sz002797,110530,68432,0
sh600770,1629,28563,0
sh603002,13011,10596,0
sz000506,0,0,0
sh600699,16925,24293,1525
sh603767,0,0,0
sz000089,6846,1878,0
sz300242,1400,0,0
sh600721,0,0,0
sz002556,1448,0,0
sz000736,0,0,0
sh600279,0,0,0
sz300461,0,0,0
sh600973,0,0,0
sz002882,0,0,0
sh601228,1794,4481,0
sh600035,0,7028,0
sz300097,2546,1829,0
sz300605,0,0,0
sh601718,0,3321,0
sh603958,0,0,0
sh603556,0,0,0
sz000983,67804,54889,2556
sh600171,165297,140008,21536
sz002708,0,0,0
sz002624,1185,332,608
sz002545,1221,1401,0
sz002778,0,0,0
sz000886,39200,17352,0
sh603369,902,1040,0
sh603729,200,865,0
sz000625,3135,15476,0
sh603991,0,0,0
sh603063,0,0,0
sz002534,0,2363,0
sh603016,0,0,0
sz002149,0,0,0
sh603058,0,0,0
sz000798,0,0,0
sh600321,5319.0,0.0,0.0
sh600811,7368,3000,0
sh600777,0,11090,0
sz002908,382.0,438.0,0.0
sh600528,3490,10754,0
sz002827,1500,510,0
sz002256,0,0,0
sz002890,0,0,0
sz300600,0,0,0
sz002431,2209,4991,0
sh600766,0,0,0
sh600108,0,0,0
sz002401,0,900,0
sz000061,0,0,0
sh603858,1028,3346,0
sz002835,0,0,0
sz000965,0,0,0
sh600376,0,0,0
sh603887,0,0,0
sz300245,0,801,0
sh600690,167318,192645,8469
sz002531,0,0,0
sh600135,0,0,0
sz002856,2861,992,0
sz300119,0,0,0
sz300042,502,0,0
sh600641,4315,8949,0
sz002303,0,1283,0
sz002127,8990,1048,0
sz000679,0,0,0
sz300267,141732,129092,3713
sh601958,6971,0,0
sh601908,2000,4138,0
sz002354,0,1404,0
sh603933,0,0,0
sh603608,0,0,0
sh603189,0,0,0
sh600794,0,0,0
sz002104,0,0,0
sz002262,0,2526,0
sz000952,1005,0,0
sz002661,0,0,0
sz002004,0,0,0
sh601168,70158,23697,0
sh600116,1518,1417,0
sh600677,0,2159,0
sz000723,0,7219,0
sh601000,25296,5758,0
sz300075,0,600,0
sz002246,0,0,0
sz000525,477,578,0
sz300024,4044,8857,527
sh603730,0,0,0
sh600693,2520,7950,0
sz300367,21689,31688,696
sz300561,0,0,0
sz300344,0,0,0
sh600007,0,0,0
sh600696,0,0,0
sz300037,0,0,0
sz002726,0,0,0
sh603320,493,0,0
sz300059,189131,201757,1655
sh600573,2002,0,0
sz002191,0,4555,0
sz000017,0,0,0
sz000651,174113,217849,15469
sz300571,0,0,0
sh600359,0,0,0
sz002281,24830,29617,1011
sh603937,9727,9131,467
sh603557,0,0,0
sh600866,0,0,0
sz300407,0,0,0
sz300514,400,0,0
sz000410,0,1245,0
sz002333,1281,0,0
sh603298,0,0,0
sz002021,0,0,0
sz002511,796,1418,0
sz002165,0,2000,0
sz000982,0,0,0
sh601801,0,0,0
sz000861,0,0,0
sh603322,0,0,0
sz002026,0,0,0
sh603660,0,0,0
sz300026,13780,13520,0
sz002124,0,0,0
sz300428,0,0,0
sh601339,2000,0,0
sz000690,19825,10003,0
sz300362,0,0,0
sz300468,0,449,0
sh600036,144382,118083,5255
sz300700,5939,6720,0
sz000863,0,0,0
sz002274,0,0,0
sh603838,0,0,0
sz000801,0,0,0
sh600466,19505.0,5103.0,0.0
sz300667,0,0,0
sz300393,1961,279,0
sz002475,11325,22773,0
sh600995,0,0,0
sh601988,424268,288170,30090
sz002136,0,0,0
sz000732,2163,3561,610
sz002645,0,487,0
sz300129,0,0,0
sz002733,948,0,0
sh603085,1800,0,0
sh600505,0,0,0
sz300639,1781,1941,185
sz300522,0,0,0
sz002207,0,0,0
sz002779,0,0,0
sh600965,0,0,0
sz300333,0,0,0
sz002140,0,0,0
sz000581,15978,13242,0
sh601766,380449,401920,3297
sz002481,0,0,0
sz002912,0,0,0
sz300467,4151,2975,0
sh601212,3100,10611,1481
sz002668,0,600,0
sh600970,85865,53453,1240
sh603456,0,914,0
sz300673,0,739,0
sz002642,1169,1463,0
sz002204,37946,9001,0
sz002034,0,501,0
sz002392,0,0,0
sh600808,348017,351943,2200
sz002359,7474,6726,0
sz002285,137295,81418,3121
sh600201,1690,8918,0
sz000576,0,0,0
sh600798,2669,1940,0
sz002868,0,0,0
sz002572,5515,1183,0
sz300570,502,1631,0
sz002111,0,0,0
sh600143,0,0,0
sz300153,0,950,0
sz300033,3997,3483,0
sz300082,0,0,0
sz002094,0,2122,0
sh600018,18511,40574,0
sh600775,0,1312,0
sz002422,4502,3438,0
sh600388,1056,4664,0
sz002855,0,0,0
sz002519,0,0,0
sz300247,0,0,0
sh600270,0,649,0
sh600370,0,0,0
sz002643,0,3094,0
sz000333,86861,125125,7506
sz300174,440,0,0
sz300453,0,0,0
sh600461,0,0,0
sz300540,0,0,0
sz002723,0,0,0
sz002444,2691,1000,0
sz002324,458,411,0
sh603387,1648,2066,0
sz000998,3082,9071,0
sh603040,170,0,0
sz300314,0,0,0
sh603788,0,0,0
sz002449,2045,2850,0
sh603339,511,0,0
sz002321,1081,980,0
sh600803,59107,110528,1680
sz000972,6079,7813,0
sh603043,0,0,0
sz000650,0,2016,0
sz300620,0,0,0
sz300122,1400,2127,0
sz300683,0,0,0
sh600867,2169,5851,0
sz300243,0,0,0
sh603926,0,0,0
sh600363,0,0,0
sh600992,1764,0,0
sh600439,0.0,0.0,0.0
sh600538,0,0,0
sz002505,46835,18870,0
sh600059,0,1567,0
sh600313,0,0,0
sh600614,9292,6396,0
sz300656,0,0,0
sz000722,0,0,0
sz000812,0,0,0
sh603639,0,237,0
sz000988,7184,20898,1688
sh600310,0,0,0
sh601111,57255,21834,2004
sz002872,0,0,0
sz000782,0,0,0
sz002896,0,0,0
sz000758,15998,11382,0
sz002066,0,0,0
sh600768,0,752,0
sh600238,0,0,0
sz300542,0,0,0
sh600572,1423,0,0
sh600258,0.0,1875.0,0.0
sz002800,0,0,0
sz000423,7266,16744,591
sz000626,0,1022,0
sh600889,0,0,0
