sz002658,0,0,0
sh603260,2360,592,0
sz300249,3142,12456,0
sh603385,0,0,0
sz002069,0,0,0
sz300534,0.0,0.0,0.0
sh601098,0,2604,0
sz300225,0,0,0
sz002303,1696,8302,0
sz300275,0,0,0
sh600763,0,400,0
sh600115,10238.0,39589.0,0.0
sz002186,0,0,0
sz002857,0,0,0
sz002472,0,2610,0
sz300707,769,237,0
sh600857,0,1002,0
sh601006,39584,16711,0
sz300074,0,4911,0
sh600094,3500.0,0.0,0.0
sh600624,0,0,0
sz000561,1999,0,0
sz300265,0,0,0
sh600479,0,0,0
sh600996,0,0,0
sz300284,0,1395,0
sh600210,0,11957,0
sz002824,542,0,0
sh603123,0,0,0
sz002675,863,1115,0
sz002781,0,0,0
sz300095,0,0,0
sz002882,0,0,0
sh603988,212,0,0
sz300401,265,2743,0
sz002378,0,0,0
sh600225,2000,2800,0
sz300587,0,0,0
sh600724,0,0,0
sz300148,8900,4014,8000
sz002293,0,884,0
sh603069,0,0,0
sz000726,0,1200,0
sz000739,0,0,0
sz002047,0,3028,0
sh601118,7926,13656,0
sh601117,34444,12495,0
sz002171,0,1500,0
sz002528,0,0,0
sz300690,0,0,0
sh600131,0,0,0
sz300731,3087,7758,599
sz000609,0,0,0
sh603848,3414,3153,0
sz000662,0,0,0
sh600082,0,3759,0
sz300500,0,0,0
sh600050,74977.0,123691.0,0.0
sh601808,11956,9334,0
sz000595,0,0,0
sh600601,0,0,0
sh603787,0,0,0
sh600608,0,0,0
sh603595,1173,0,0
sh603901,0,0,0
sh600159,0,0,0
sz300298,0,0,0
sz000670,17677,15443,0
sz300719,0,0,0
sz000096,0,0,0
sz002909,0,0,0
sh600398,0,0,0
sz002457,1170,0,0
sz002118,0,3848,0
sh600835,7911,17888,0
sz002206,0,0,0
sh603002,1717,0,0
sh601798,0,0,0
sz002644,0,0,0
sz000732,0,0,0
sh603976,0,0,0
sh600620,0,0,0
sh601677,0,0,0
sh603168,646,2855,0
sh600354,0,0,0
sz000936,5451,15210,0
sz002749,662,0,0
sz002077,0,0,0
sh600290,3724,7741,0
sz002341,1462,755,0
sh600316,0,3985,0
sz002608,0,0,0
sh600478,0,1656,0
sh603067,0,961,0
sz300481,0,0,0
sz002607,0,0,0
sh600886,17130,21204,0
sz300305,0,0,0
sz300516,0,0,0
sz002502,5336,0,0
sh601699,129574,89537,5608
sz002594,3715,6083,261
sz000683,29007,13096,0
sz002856,8589,6772,0
sz300282,0,0,0
sz300642,0,0,0
sz002796,0,0,0
sz002835,0,0,0
sh600261,0,0,0
sz300164,1668,3455,0
sz300452,0,0,0
sh600618,0,0,0
sz300356,0,0,0
sh600093,2311,14715,0
sz300730,0,26230,0
sz002123,6526,1976,0
sz300176,1832,1588,533
sz000848,0,0,0
sz002309,774,2680,0
sh600459,493,0,0
sh600689,0,0,0
sz002776,0,0,0
sh600241,0,0,0
sh603533,441,539,950
sh603826,0,803,776
sz000738,0,4902,0
sz300200,0,0,0
sz002406,0,0,0
sz300677,461,0,0
sz300661,0,0,0
sh603898,0,0,0
sh600984,0,0,0
sh603989,0,0,0
sz002002,0,0,0
sh600079,3630,880,0
sz002519,1758,0,0
sz000036,0,0,0
sh600315,2172,4092,0
sh600278,0,0,0
sz300559,0,0,0
sz002817,0,0,0
sz000981,0,0,1501
sz000768,11380,7979,0
sh603679,0,0,0
sz002350,4110,1854,0
sh600293,3345,0,0
sz300168,0,0,0
sz002913,255,245,306
sh601020,0,0,0
sh600353,0,0,0
sz000962,0,0,0
sz002234,0,1876,0
sh600111,6381.0,20498.0,0.0
sh600731,0,0,0
sh601965,0,0,0
sz002831,2522,4340,0
sz000605,0,0,0
sh600936,0,0,0
sh600743,0,0,0
sz300429,0,3892,0
sz300115,22189,59009,2361
sz300449,0,0,0
sh600269,0,0,0
sz300396,0,0,0
sz002144,0,0,0
sz000697,3458,1412,0
sz002681,1500,0,0
sh600317,0,0,0
sz002818,0,0,0
sh600136,802,1039,0
sz000816,0,0,0
sz300409,592,1658,1969
sz002678,0,0,0
sh600330,46635,63549,894
sh600426,27294,33957,1889
sh601949,5981,6773,0
sz000066,5926,9898,0
sz000633,0,0,0
sh600190,0,0,0
sz000710,0,200,0
sh600433,0,4984,0
sz000534,0,0,0
sh603083,266,289,0
sz000892,0,0,0
sh600410,4439,6636,0
sz300068,6374,684,0
sh603822,0,0,0
sz002347,0,1763,0
sz002373,0,1905,0
sz002527,0,0,0
sh600396,0,0,0
sz002024,27604,35229,3766
sh600516,582009,385921,61442
sh600882,0,0,0
sz002647,0,0,0
sz002763,0,0,0
sh600628,0,0,0
sz000668,0,3000,0
sz000582,0,0,0
sh603626,502,771,0
sh603683,0,0,0
sh601616,0,0,0
sh600853,0,0,0
sz300375,0,0,0
sh603009,0,0,0
sz000411,0,0,0
sz002875,0,0,0
sz300124,11585,5149,0
sz000017,0,0,0
sh600077,0,0,0
sh600231,0,2035,0
sz000554,2202,2891,0
sh600985,27153,32982,2002
sz000530,4672,0,0
sz002246,1000,0,0
sz002299,656,2861,0
sz002626,2265,680,0
sh603278,0,0,0
sh600745,13166,7491,319
sz300657,0,663,0
sz002552,0,3574,0
sh603396,2262,5723,734
sz300053,1727,6329,0
sz300457,401,1176,410
sh600971,3941,8040,0
sh600933,754,1426,0
sz002514,0,0,0
sh603758,0,0,0
sz002853,0,0,0
sz000789,13232,39309,0
sz000861,0,10799,0
sh603029,0,0,0
sz002349,0,0,0
sh600887,55616,76523,6733
sh600505,0,0,0
sz002884,0,0,0
sh600592,5450,5734,0
sz000523,0,0,0
sz000727,22251,18878,0
sh601857,118823,56269,0
sh600647,0,0,0
sz300412,0,0,0
sz002410,0,1863,0
sh600867,3748,3129,0
sz002648,19048,3301,0
sz002428,37217,1034,0
sz000090,0,5037,0
sz002917,1325,566,1581
sz002735,0,0,0
sh600298,404,1699,336
sh600609,0,0,0
sh600850,0,0,0
sz002660,0,0,0
sz002335,0,0,0
sh600036,33532.0,42147.0,0.0
sz000155,242709,113623,12264
sz300513,0,0,0
sz002842,0,0,0
sh600584,6630.0,16555.0,604.0
sh600403,0,0,0
sz300280,0,0,0
sh600073,0,0,0
sz002185,60760,152562,0
sz002819,0,0,0
sh600538,0,0,0
sz000756,0,6990,0
sh600098,19559,4062,0
sh603808,450,640,0
sz002162,0,0,0
sz000533,12002,0,0
sh600780,0,0,0
sz002886,0,0,256
sz002183,0,7385,0
sh601000,11473,12207,0
sz002907,0,0,0
sz300566,0,0,0
sh600655,1032,5184,0
sz300360,0,0,0
sz002434,1071,2612,0
sh600462,0,0,0
sz300407,0,0,0
sh600196,16095.0,21406.0,912.0
sz002451,0,0,0
sz002779,0,0,0
sh600621,3195,1079,802
sh603266,0,0,0
sh600197,16612,13937,506
sz000893,13260,4771,0
sh603667,0,0,0
sz300485,0,0,0
sz000576,5368,588,0
sz002170,0,0,0
sz002558,0,523,0
sh600769,0,1893,0
sz300536,648,0,0
sz000731,12337,0,0
sz300219,0,0,0
sh600299,0,0,0
sh600352,108792.0,37163.0,0.0
sz300341,0,0,0
sh603602,311,0,0
sh600234,0,0,0
sz002910,0,0,0
sz300551,0,0,0
sz300270,0,0,0
sz002482,1440,5837,0
sz002471,0,0,0
sh600268,0,0,0
sh600200,0.0,1203.0,0.0
sz000069,16763,22972,0
sh600409,12670,7782,0
sh600999,7817,12417,0
sz000603,0,0,0
sz002318,0,0,0
sz002848,0,0,0
sh601899,899569,600216,0
sz002294,3694,9690,541
sz300077,346515,154168,39681
sh600506,0,0,0
sh603568,0,0,0
sz002242,0,0,0
sh601928,4168,0,0
sz300626,0,0,0
sh603337,0,0,0
sz000671,18965,25535,0
sz300418,0,14355,0
sz000611,0,0,0
sz000895,6969,6484,0
sh600691,79822,47588,0
sz002638,6024,0,0
sz002057,0,0,0
sh601038,0,0,0
sz002801,0,0,0
sh600983,0,0,0
sh600068,15571.0,22241.0,0.0
sz002142,8840,4606,863
sh600491,3655.0,1101.0,0.0
sz002388,0,0,0
sz002305,9063,0,0
sh603367,0,729,0
sh600429,0,0,0
sz002314,0,3668,0
sh603197,0,0,0
sz000426,11342,9676,1088
sh600128,0,0,0
sh601002,7350,16459,0
sh600892,0,0,0
sz000929,2329,1100,0
sz300509,0,0,0
sz002279,4438,7529,0
sz002464,10870,874,0
sh603366,0,0,0
sh603037,0,0,0
sz300458,8602,4334,0
sh603081,1018,417,0
sh601607,17195,13179,0
sz002157,7815,28529,0
sh603326,0,0,0
sz002729,0,0,0
sz300190,3475,0,0
sh600243,0,0,0
sh600493,0,0,0
sz000550,0,0,0
sz000417,0,0,0
sh600820,1378.0,13878.0,0.0
sz002693,0,0,0
sh603033,0,0,0
sh603799,15532,13815,887
sz300556,0,0,0
sz300051,0,0,0
sz002064,2125,0,0
sz300300,0,3000,0
sz002677,4531,0,600
sh603889,11222,1013,0
sh600444,0,0,0
sh601198,0,1097,0
sh603933,0,0,0
sh603126,0,0,0
sz300511,0,0,0
sz002146,25137,18531,0
sz002137,0,0,0
sz002474,0,0,0
sh603166,0,0,0
sh603103,0,0,0
sz300338,0,0,0
sz000572,5123,0,0
sz300649,0,290,0
sh600578,0,0,0
sh601633,0,2386,0
sz000039,13298,38943,0
sh600980,0,0,0
sh600061,0,0,0
sz002893,960,400,0
sh601588,2843,2000,0
sh601339,2000,0,0
sz000722,0,0,0
sz002614,665,2346,0
sz000937,6413,0,0
sz002063,0,1009,0
sz300555,1269,0,0
sz002768,0,0,0
sz002777,0,0,0
sz000829,0,3500,0
sh600033,0,5600,0
sz002217,2065,1164,0
sz300367,0,1616,0
sz300535,0,0,0
sz002377,1000,4017,0
sz002140,0,0,0
sz300729,344,364,0
sh600076,4032,21596,0
sh600311,5554,0,0
sh601766,299157,223185,9857
sz002467,0,1440,0
sz300405,0,0,0
sh603208,0,0,0
sz000797,3189,2465,0
sz300165,0,0,0
sh600271,15289,33246,0
sh601019,3190,5351,0
sz000737,0,0,0
sh600054,1719,739,0
sh603618,0,0,0
sh601518,0,0,0
sh600121,0,1982,0
sh603055,0,0,0
sz300076,0,0,0
sz002788,0,0,0
sz300499,0,0,0
sz002465,0,2638,0
sh600686,0,926,0
sh603031,0,0,0
sh603076,0,0,0
sh601028,0,4827,0
sz300453,0,0,0
sz300269,1267,827,0
sz002666,0,0,0
sh600387,0,0,0
sz000685,1938,0,0
sz002336,0,0,0
sh600390,0,0,0
sz002396,4175,3567,526
sz000613,0,0,0
sz300267,4519,1860,0
sh603393,5444,1823,371
sz000002,56702,44286,4010
sh601811,0,0,0
sh603316,0,0,0
sh600687,20642.0,9474.0,1341.0
sh603129,0,0,0
sh600297,2660,0,0
sz300346,0,0,0
sz300725,9144,8967,1362
sz002202,64273,73829,5026
sz000913,0,1048,0
sh600090,0,0,0
sz000004,614,501,0
sz000404,0,5781,0
sz300035,0,1468,0
sh600673,6781,0,0
sh600577,0,0,0
sz000558,0,0,0
sz300619,0,225,0
sz000776,13675,34765,1243
sh600282,12720.0,20048.0,0.0
sz300019,0,0,0
sz300163,0,0,0
sh600973,0,5708,0
sh600729,0,440,0
sz300599,0,0,0
sz300052,0,2422,0
sh600143,11994,5082,0
sz000686,0,1291,0
sh600305,2299,4906,0
sz300138,0,0,0
sz002554,0,0,0
sh600981,0,0,0
sz002050,30469,53757,1860
sz000062,0,0,0
sz300092,0,0,0
sh600219,33278,10071,0
sz002359,0,500,0
sz300617,0,0,0
sh600740,52570,30413,5296
sz002533,0,0,0
sz002250,1000,0,0
sh600018,11979,14535,0
sz000838,0,0,0
sz002485,0,0,0
sh603611,0,0,0
sz300022,0,1788,0
sz002696,0,0,0
sz002282,0,0,0
sh600338,755,628,0
sh600066,2642,4679,0
sh600262,0,0,0
sz002395,0,0,0
sz300370,3000,0,0
sz000539,0,0,0
sz000544,0,906,0
sh603776,0,0,0
sh600560,0,0,0
sz002870,0,0,0
sz002480,3579,10800,0
sz000548,0,0,0
sh600770,6405,27144,1335
sz002298,0,1130,0
sz002245,10768,31592,0
sz300232,0,0,0
sz002559,0,0,0
sh603685,377,338,0
sz002255,0,0,0
sh603856,0,0,0
sh600377,1538.0,0.0,0.0
sz300316,21627,25224,1543
sh603138,2786,3359,1204
sz300550,0,0,0
sz000333,44005,41616,1856
sh600228,0,0,0
sz300107,0,0,0
sz000869,3744,1579,0
sz300538,0,0,0
sh603677,0,0,0
sz000863,0,0,0
sz002891,0,0,0
sz300705,0,0,0
sz002016,1057,7366,0
sh600126,0,0,0
sh600725,0,0,0
sh601700,3600,4297,0
sh600801,6494,18244,0
sh600455,0,0,0
sz002503,0,6859,0
sh600779,7800,13281,0
sz002061,16509,2329,1010
sz300478,0,0,0
sh600874,36913,22091,2270
sz300547,0,0,0
sz002090,0,0,0
sz000157,2509,21444,0
sh600086,3515,2193,0
sz002532,0,0,0
sh600287,0,0,0
sz002106,2001,3846,0
sz002159,0,0,0
sh600676,0,0,0
sz002479,1819,0,0
sz300110,20420,3014,0
sh603707,0,1003,0
sz000809,0,0,0
sz002166,0,0,0
sh600099,0,0,0
sz300600,0,0,0
sz002325,0,3254,0
sz002780,0,0,0
sz002116,0,0,0
sh600862,0,0,0
sh600860,0,0,0
sz000755,0,0,0
sh600796,0,0,0
sz000659,0,11625,0
sh603886,0,0,0
sh600456,0,1009,0
sz002086,19415,0,0
sz002105,0,0,0
sz000682,0,0,0
sh600825,0,0,0
sz300174,0,0,0
sz300505,0,0,0
sh600703,47915,64285,1758
sz300236,9175,5696,0
sz300400,0,0,0
sz000402,10733,1438,0
sh600527,0,2513,0
sz300323,636,1296,0
sh600104,15413,19449,0
sz000970,16780,4363,0
sh601231,12387,11464,0
sz300685,0,0,0
sz002536,0,0,0
sz000951,0,1887,0
sh601222,129724,96886,1046
sz002713,2174,442,0
sz300311,0,0,0
sh603019,22903,15146,1659
sz300553,0,0,0
sz002689,0,0,0
sz002869,0,0,0
sh601158,0,0,0
sz002430,1994,5955,0
sz000751,3010,2402,0
sh600259,430,320,0
sz002039,0,0,0
sz300170,6026,14654,0
sz002617,1355,3681,0
sz000729,122879,30893,0
sz002542,0,0,0
sh600405,0,5000,0
sh603881,3133,5847,554
sz000421,2595,3017,0
sh600169,0.0,0.0,0.0
sz002586,0,0,0
sh600100,1949.0,0.0,0.0
sz300044,4126,2833,0
sh600329,1000,0,0
sh600004,4637,11908,0
sz300198,6000,4059,0
sz300545,0,0,0
sh603128,1220,0,0
sz002603,0,725,0
sh600308,0.0,1650.0,0.0
sz000823,0,12479,0
sz002715,0,0,0
sz002773,0,532,0
sz000510,0,0,0
sz002291,2776,0,0
sz000038,691,471,0
sz000625,1000,0,0
sz000680,0,0,0
sz300663,0,0,0
sz002363,0,0,0
sz002589,1005,7236,0
sz000631,0,0,0
sh600336,0,6443,0
sz300468,1745,2142,252
sz000518,0,0,0
sh600970,12318,20852,0
sh603012,0,0,0
sz002826,0,0,0
sz002125,0,1677,0
sz002102,8309,3077,0
sh603777,0,0,0
sh600202,0,0,0
sh600540,0,0,0
sz000985,0,0,0
sz002820,2603,0,0
sz300667,0,0,0
sz002679,0,0,0
sz000767,0,8891,0
sh600482,0,1926,0
sz002623,0,0,0
sz300651,0,323,0
sz300210,0,0,0
sz000752,0,0,0
sz300031,0,0,0
sh601166,47472,69752,0
sz300621,0,0,0
sz002742,8248,5188,0
sz002340,75221,54126,0
sz300203,942,1756,0
sh603167,1878,0,0
sz300226,0,0,0
sz002578,9060,0,0
sh603238,0,0,0
sz300517,0,0,0
sz002227,0,0,0
sz000711,4766,2484,0
sz300575,0,0,0
sz002858,0,0,0
sz002570,5049,5362,0
sz000957,0,0,0
sz300175,2509,0,0
sh600320,6950,4007,0
sz300410,0,0,0
sh603333,0,0,0
sh601179,0,0,0
sz002663,0,0,0
sh600229,0,0,0
sh603328,0,2457,0
sz002258,3214,1357,0
sz000027,9311,0,0
sz300273,4758,11944,0
sh600803,40344,17040,1649
sh601958,3784,5224,0
sh603637,0,2695,0
sz000982,7512,7581,0
sz002091,0,0,0
sh600016,60295,120490,0
sz002919,0,0,0
sh600173,0,0,0
sh600847,0,0,0
sh600122,20637,2005,0
sz000514,0,0,0
sz000545,6083,0,0
sz300291,2195,4382,0
sz300540,0,0,0
sz002351,0,0,0
sh600699,2962,5973,0
sh600129,0,2700,0
sh600152,0,0,0
sz002175,0,2724,0
sh603619,2993,777,674
sh600858,0,0,0
sh600993,1778,2149,0
sh600690,15550.0,19893.0,0.0
sh600183,55933,25917,0
sh600884,37099,14597,0
sz300431,20046,28979,2154
sh600306,0,3149,0
sh600694,0,806,0
sh600582,0,0,0
sz300581,0,0,0
sz002059,0,0,0
sz000886,4652,0,0
sz000528,0,0,0
sh600522,47001,44601,1469
sz000831,6202,2009,0
sz002043,3447,0,0
sz300119,0,0,0
sz300353,0,0,0
sz002308,0,0,0
sh601107,0,0,0
sz002222,4417,13284,0
sz000400,1695,0,0
sz002239,4502,0,0
sh600209,0.0,0.0,0.0
sh600667,137381,156082,6809
sh603038,0,0,0
sz002201,4950,1400,0
sz300326,0,0,0
sz000966,0,0,0
sh600323,1939,0,0
sh600612,0,0,0
sz002369,0,1977,0
sh600439,5000,4179,0
sh600563,0,244,0
sz300595,0,0,0
sh603018,0,0,0
sh603963,0,0,0
sh600097,0,0,0
sz000876,7871,18599,0
sh603882,0,0,0
sz000700,0,0,0
sz300552,0,0,0
sz000068,0,0,0
sh600206,61819,56641,3940
sz002180,530,375,0
sh603225,932,0,0
sz002636,0,859,0
sz002538,0,0,0
sz002241,25072,34357,0
sz300328,0,2568,0
sh600191,0,0,0
sz000059,2548,4355,1187
sz002013,0,2217,0
sz300166,2680,19214,0
sh600192,0,0,0
sz300395,0,0,0
sz002751,0,300,0
sz000516,0,11215,0
sz002191,3966,0,0
sz300127,0,0,0
sz300171,0,0,0
sh603200,0,0,0
sz002510,4117,0,0
sz002864,0,0,0
sh600070,1200,0,0
sz002761,0,0,0
sz002161,0,0,0
sz300085,7491,9173,0
sz002593,2878,0,0
sz300720,982,855,0
sz002615,0,0,0
sz002097,0,0,0
sz300397,0,0,0
sh600109,16598,25029,0
sz300157,15618,12155,0
sh601018,4009,29802,0
sz000014,0,0,0
sh600345,1494,5759,0
sh601369,0,1372,0
sz002426,15044,6454,0
sh600830,4299,4385,0
sh601328,40421,25429,0
sz002177,0,0,0
sz300422,0,1300,0
sz300507,0,0,0
sz000150,0,0,0
sz002851,0,0,0
sz002667,0,0,0
sh600461,4496,1892,0
sh601669,1410,7064,0
sh600536,0,0,0
sh603599,0,0,0
sh600133,0,1420,0
sh600720,7366,6390,0
sh600029,23941,27293,0
sh601567,0,0,0
sh600381,0,0,0
sh600744,0,0,0
sz002356,0,1402,0
sh600797,3400,6869,0
sz300654,0.0,0.0,0.0
sz002444,0,995,0
sz000735,21038,17328,0
sz002029,0,0,0
sh600008,13535,10758,0
sz000608,0,0,0
sh600654,7119,12442,0
sz300521,0,0,0
sz300234,0,0,0
sh600322,0.0,0.0,0.0
sz002143,1615,10251,0
sz300054,3430,6045,1002
sz002655,10550,32228,1611
sh603131,0,0,0
sz002695,0,0,0
sh600883,0,0,0
sh600207,3159,0,0
sz000955,7775,0,0
sz002099,0,0,0
sz002316,0,903,0
sh600982,3182,0,0
sz300036,0,0,0
sh600408,0,0,0
sh601519,0,0,0
sh600668,0,0,0
sz002135,0,0,0
sz002783,0,0,0
sz000799,5489,9768,0
sz300486,0,0,0
sz002812,545,163,0
sz002041,0,0,0
sh600120,0,2910,0
sz002847,0,0,0
sh603811,0,0,0
sz002331,0,0,0
sz300122,930,4091,0
sz300286,0,0,0
sz000860,0,2187,0
sh600716,2849,0,0
sz300003,1755,11227,462
sz002405,24149,27496,828
sz002034,0,0,0
sz002577,0,0,0
sz300625,0,0,0
sz300079,3272,0,0
sh603226,1500,0,0
sz000692,0,0,0
sh603803,0,0,0
sz300531,0,0,0
sz002633,0,0,0
sz002645,0,0,0
sh600327,0,0,0
sz002176,10994,4567,0
sz002863,67464,6774,0
sh600117,0,0,0
sz002101,1806,0,0
sz000158,0,3282,0
sz002619,3508,1835,0
sz002728,0,0,0
sh603528,0,0,0
sh603717,0,0,0
sz300254,0,0,0
sz300261,0,1346,0
sh600559,3427,2480,0
sz300355,29766,41860,0
sh600367,1102,0,0
sz002795,0,0,0
sh601558,0,0,0
sz002769,0,810,0
sz300399,0,0,0
sz000669,9264,6470,0
sz002825,0,0,0
sh603883,188,0,0
sz002566,0,0,0
sz000005,0,0,0
sz002452,0,0,0
sz300027,7299.0,29997.0,0.0
sh603980,0,667,0
sz000967,0,0,0
sz002584,2154,3522,0
sz300420,0,0,0
sh603603,0,0,0
sz300061,0,0,0
sh603708,646,0,0
sz000822,3718,2278,0
sz300238,0,0,0
sh600064,0,0,0
sh600211,0,0,0
sh603043,0,0,0
sz002484,0,1850,0
sz002139,0,0,0
sh603801,0,200,0
sz002300,0,0,0
sz000701,0,0,0
sz002311,557,644,0
sz300009,12983,5909,536
sh600401,0,0,0
sh603659,2700,966,0
sz300039,0,0,0
sz002591,0,0,0
sz002095,0,0,0
sh603196,0,0,0
sz000911,0,1123,0
sh603077,34158,18975,0
sz002629,0,0,0
sz002372,0,0,0
sh600460,213811.0,236075.0,21954.0
sh600468,0,0,0
sz300495,0,921,0
sh600639,0,0,0
sz000676,0,0,0
sh600543,0,0,0
sz002810,850,450,0
sz000928,0,1788,0
sh600220,21444,4500,0
sz000708,0,1768,0
sh600487,5777.0,9362.0,240.0
sh600532,1593,0,0
sz002049,41575,61352,3455
sz002491,0,0,0
sz002877,829,0,0
sz300655,0,0,0
sh601789,0,0,0
sh600811,0,0,0
sh603368,454,0,0
sh600610,0,0,0
sz300630,586,481,0
sz002281,13056,25533,1027
sz000786,72988,56717,4967
sz002092,5284,11071,0
sz000058,0,0,0
sh601208,0,0,0
sz000961,4998,0,0
sz002898,567,0,0
sz300202,613,0,0
sh601258,0,0,0
sh603021,0,0,0
sz300506,0,0,0
sz300245,0,0,0
sh600939,0,0,0
sh601375,0,7641,0
sh603026,0,0,0
sh601336,14786,13245,447
sh601069,1731,0,0
sh603203,0,0,0
sz300727,10699,14798,0
sz000791,0,0,0
sz000503,87748,63538,4008
sz002571,0,0,0
sz000635,0,0,0
sh603556,0,0,0
sz000938,729,1024,204
sh600337,0,0,0
sz300618,3208,2112,0
sz002774,0,0,0
sh600640,0,0,0
sz300512,0,0,0
sh600708,0,2000,0
sz000788,0,0,0
sz000420,5181,4512,0
sz002821,1713,0,0
sh603887,0,0,0
sz000912,0,0,0
sz002025,6765,1019,0
sh600222,0,0,0
sh600525,3755,3804,0
sz000661,2548,2245,0
sz002134,0,0,0
sz000998,2279,6299,0
sz000975,3396,0,0
sh603716,268,0,0
sz002128,2468,6823,0
sz300330,0,0,0
sz002888,0,0,0
sh603098,0,0,0
sh603843,0,0,0
sz000987,0,0,0
sz300331,0,0,0
sh603380,0,0,0
sh600879,0,7146,0
sz300006,0,0,0
sz002741,0,0,0
sh601311,2000,800,0
sh601398,276240,368704,2687
sz300111,5000,0,0
sz002209,0,0,0
sz002862,0,0,0
sz000973,0,0,0
sh600809,4140,16413,0
sz002805,0,0,0
sh603557,0,0,0
sh600526,1067,0,0
sz300572,0,0,0
sz300484,0,500,0
sh603833,0,0,0
sh603648,1136,656,560
sh603997,0,0,0
sh603042,0,554,0
sz002916,0,316,0
sh600515,0,766,0
sz300473,0,0,0
sz002384,417,827,0
sz300227,0,0,0
sz002337,0,0,0
sz002007,3140,3245,635
sz300596,0,0,0
sh603829,0,0,0
sh600998,1301,0,0
sh601611,43799,18021,930
sz300678,196,686,0
sh603160,328,362,0
sh600629,0,0,0
sh600619,0,0,0
sh600260,1447,1972,0
sz300695,0,140,0
sz300102,62727,78154,2061
sh600693,0.0,1000.0,0.0
sz000301,0,0,0
sz300155,0,0,0
sz000989,1037,800,0
sh603661,0,0,0
sz002327,13055,16611,0
sz002051,710,8112,0
sz002071,29017,11542,0
sz300593,0,0,0
sz002147,4981,0,0
sh600153,2809,8026,0
sz002535,0,2790,0
sz300037,545,0,0
sz000060,8621,2296,0
sz300169,0,8000,0
sz002725,0,0,0
sz002883,0,334,0
sh601666,44204,21242,0
sz000593,2675,2105,0
sz300120,0,0,0
sz300094,0,0,0
sz300371,0,0,0
sh601111,57166,71638,1876
sh603500,0,0,0
sh600521,6272,16408,0
sh600757,0,2357,0
sz300033,0,810,0
sh601229,15157,27272,0
sz300530,0,0,0
sz300290,0,0,0
sz000571,0,0,0
sz300414,0,0,0
sh603001,0,0,0
sz000980,0,0,0
sh603859,0,0,0
sz002448,0,1664,0
sz002044,2180,11373,0
sz300229,0,2476,0
sh600812,3234,0,0
sz300137,4587,850,0
sz000996,5996,13822,0
sz000520,7954,0,0
sh600766,0,0,0
sh600754,0,0,0
sh600272,0,0,0
sh603399,674,4276,0
sh600389,561.0,0.0,0.0
sh600056,470.0,977.0,0.0
sh600119,0,900,0
sz002265,1196,0,0
sz300611,0,0,0
sz002497,36245,36497,1103
sz000598,9598,2305,0
sh603501,21008,5098,2955
sz300211,0,0,0
sh603996,4068,0,0
sz002425,1612,0,0
sh600397,0,0,0
sz300569,2241,526,0
sz000636,34387,34325,1489
sz002897,718,2194,0
sz000826,2656,6161,352
sh600894,0,0,0
sz000762,0,0,0
sz000018,0,0,0
sz300681,0,0,0
sz000606,0,0,0
sz002009,0,11165,0
sz002407,1491,1345,0
sz002153,1289,3969,0
sz002573,11112,5262,598
sz002752,2600,0,1152
sh603110,945,744,0
sz002902,0,0,294
sz000782,0,0,0
sh600186,4816,0,0
sz002181,7304,0,0
sz300016,1442,4144,1093
sh603363,0,0,0
sh603869,0,0,0
sz300526,0.0,0.0,0.0
sh600823,0,24067,0
sz300078,1043,4264,0
sh603813,0,0,0
sh600055,840,2651,0
sz000619,7177,6482,0
sh600765,0,0,0
sh600015,27048,61003,0
sz000910,3940,0,0
sz300591,0,0,0
sh600706,0,0,0
sz300020,0,5735,0
sz002459,0,6004,0
sz002352,555,396,0
sz002182,2021,6074,0
sz300055,14905,14940,0
sh603806,332,0,0
sh600216,12399,5567,0
sz002179,1326,838,0
sz002193,0,3170,0
sz002499,1204,2085,0
sh600232,0,0,0
sh600203,1189,3979,0
sh601608,0,12733,0
sz000048,0,0,0
sh600230,3240.0,1181.0,0.0
sh600893,1089,1567,0
sh600331,0,0,0
sh603555,0,0,0
sh600730,0,0,0
sh603579,0,0,0
sh601163,0,802,0
sh600127,0,0,0
sh600116,3005,15790,0
sz002567,0,2289,0
sh600896,0,0,0
sh600009,4049,5583,0
sz300514,0,0,0
sz002702,0,0,0
sz300266,500,1004,0
sh601101,0,5192,0
sz300299,0,0,0
sz002173,0,0,0
sh603868,0,1243,0
sz000553,650,701,0
sz002204,3060,0,0
sz000783,12024,34016,0
sz000043,0,0,0
sh603701,0,0,0
sz002417,0,0,0
sh600768,0,0,0
sz002431,4494,14225,0
sz000536,6623,0,0
sh600236,0,1809,0
sh600176,36346,21778,1006
sz002634,22826,5691,0
sh600376,0.0,0.0,0.0
sh600520,6464,12358,2184
sz300131,0,1500,0
sz002211,0,0,0
sz002705,0,0,0
sh603517,0,0,0
sz300520,352,613,0
sz000600,4340,4125,0
sz002564,0,1567,0
sz300343,0,0,0
sz002164,0,0,0
sz000859,0,3203,0
sh600782,153467,82499,0
sz300389,0,0,0
sz300101,2008,15770,0
sh600359,0,0,0
sz300387,0,0,0
sz002765,2050,0,3000
sz002671,0,0,0
sz000880,0,0,0
sz002259,15032,4050,0
sh601818,24540,105299,0
sh600663,0,1878,0
sz002460,35109,29643,2371
sz002277,0,3657,0
sz002411,2001,400,0
sz300322,958,2918,0
sh600177,0.0,0.0,0.0
sz002582,2919,0,0
sz002840,7313,761,325
sz300337,0,0,0
sh601099,15276,31819,0
sz000428,0,0,0
sz002315,0,500,0
sz002734,0,0,0
sz000858,81143,115460,9969
sh600865,0,0,0
sh603696,0,0,0
sz002244,0,0,0
sz000425,68191,107907,0
sz002653,0,0,0
sz002119,0,0,0
sz300001,0,0,0
sh600488,0,0,0
sz002724,0,0,0
sz002892,310,0,0
sz300332,0,0,0
sz300293,0,0,0
sz300638,919,0,0
sh600573,0,1606,0
sz300173,0,0,0
sz300201,0,3000,0
sz000821,0,0,0
sz002354,1050,6049,0
sz002531,0,0,0
sz000990,0,800,0
sh600665,0,0,0
sz002624,2757,1571,0
sz300603,1668,0,0
sh600789,0,0,0
sz300180,500,0,0
sz002827,0,0,0
sh600523,1000,0,0
sz002651,0,1510,0
sz300682,0,0,0
sh600321,0,0,0
sz002505,0,14252,0
sz300713,0,0,0
sz002256,0,0,0
sh603903,0,0,0
sz000012,17334,12269,0
sz002706,0,0,0
sz000902,7031,0,0
sz300488,0,0,0
sh603359,0,0,0
sh603189,0,0,0
sz000997,0,2399,631
sz300141,0,0,0
sh600110,1149.0,13858.0,0.0
sz300589,0,0,0
sh603488,1161,3003,0
sz300161,0,0,0
sz002150,0,0,0
sz300028,0,0,0
sh600638,0,0,0
sz000852,2374,0,0
sz300493,0,2392,0
sh601218,0,0,0
sz300339,0,0,0
sh600276,15448,13569,933
sh601212,2274,0,0
sz000780,0,0,0
sh600746,0,0,0
sh601058,8940,14916,0
sz000712,0,2695,0
sz000833,0,0,0
sz300222,553,661,0
sz300518,0,0,0
sh600866,0,0,0
sz002609,0,0,0
sz002486,4496,0,0
sh601168,12329,11867,0
sh601127,0,0,0
sz002708,0,0,0
sh600963,3331,4130,0
sh600435,4989,30148,0
sz300519,0,0,0
sh600826,0,0,0
sz002304,2605,2383,910
sz002141,0,1300,0
sz002052,0,3231,0
sh600189,1643,0,0
sz002416,0,0,0
sz002286,0,1257,0
sz002360,0,0,0
sz000830,44918,44313,669
sh603730,300,0,0
sh603118,0,0,0
sh601618,6979,0,0
sh603357,0,0,0
sh601326,3789,8537,0
sz300197,1879,6688,0
sz002200,0,0,0
sz002361,0,0,0
sh600198,4967,1916,0
sz002129,756267,1078642,69303
sz000837,0,0,0
sz300462,387,444,0
sz002401,0,0,0
sh600738,0,0,0
sh603456,3252,0,0
sz002174,1513,855,0
sz002583,540,1618,0
sz002062,0,0,0
sh600507,911,2109,0
sh600517,0,4034,0
sz300662,0,0,0
sz002096,0,0,0
sz002223,0,0,0
sz002032,302,547,0
sh603615,0,0,0
sh603607,0,0,0
sh600498,6070,5378,465
sh600805,0,0,0
sz300130,3326,4280,0
sz002167,1431,1200,0
sz300007,1536,2095,0
sz002714,206,6075,0
sh603199,400,0,0
sz000418,260,1253,0
sh600237,0,0,0
sz300304,0.0,0.0,0.0
sz002296,0,0,0
sz000025,0,0,0
sh600793,0,0,0
sz000651,56755,63618,3677
sh600213,0,0,0
sz000008,2858,1185,0
sh600581,17176,16384,0
sz002873,0,0,0
sh601106,0,0,0
sh603920,0,0,0
sz300172,0,0,0
sh603300,0,3607,0
sz300637,0,0,0
sz000513,8128,10170,636
sh600339,2883.0,8234.0,0.0
sh603303,0,0,0
sz002866,0,411,0
sz002889,0,0,0
sz002374,1916,0,0
sz300465,0,1446,0
sz300288,0,0,0
sz000045,0,2214,0
sh600415,2051,2935,0
sh600717,2000,4562,0
sh601985,2008,3068,0
sh600218,0,1500,0
sh600048,257783,222626,9012
sh603239,0,610,0
sz000607,0,0,0
sh600518,6100,8560,0
sh600078,0,0,0
sh600555,0,0,0
sh600864,0,0,0
sh600678,0,0,0
sz300632,0,0,0
sh600855,0,0,0
sz002421,13388,13431,0
sz300687,0.0,0.0,0.0
sz002621,718,1500,0
sz300012,0,2887,0
sh600038,4008,6366,0
sz002247,0,879,0
sh603113,0,0,0
sz002782,0,0,0
sh600575,0,5575,0
sz000862,0,0,0
sz002530,0,0,0
sz002301,0,1696,0
sh601991,12710,8500,0
sz000589,0,0,0
sz000429,4000,0,0
sz000023,0,4700,0
sz002631,0,984,0
sh601579,0,0,0
sz002803,0,0,0
sz000551,0,0,0
sh603339,0,0,0
sh603227,0,0,0
sz000409,0,0,0
sh600613,0,0,0
sh603319,0,0,0
sh600808,26664,93283,0
sh600759,3528,14768,0
sz000506,0,0,0
sz002687,0,0,0
sh603878,0,0,0
sz300675,0.0,0.0,0.0
sz002449,960,888,0
sh603725,0,0,0
sz002287,0,0,0
sh600512,0,2232,0
sz300427,0,2864,0
sz300365,0,0,0
sz002184,0,0,0
sz300158,0,0,0
sz002830,0,1017,0
sh600819,0,0,0
sh600777,23384,7813,0
sh600081,0,0,0
sz300351,0.0,0.0,0.0
sz002640,1001,3552,0
sz002515,0,1445,0
sz002248,33784,14150,0
sh600614,14537,19851,0
sh600419,0,301,0
sh600366,645,725,0
sz002447,0,5108,0
sz002597,3439,5959,0
sh603268,0,0,0
sz002418,0,3680,0
sz002509,7750,1207,0
sz000070,0,0,0
sh603050,0,0,0
sh600130,18841.0,3137.0,0.0
sz000960,6210,2892,0
sz300246,0,0,0
sh600599,0,0,0
sz300406,0,0,0
sz002610,8085,0,0
sz300394,0,496,0
sh601225,66243,114160,0
sh603959,0,0,0
sz300243,0,0,0
sh600871,71466,19914,0
sz002346,0,0,0
sz002402,5627,29405,0
sz300217,4035,3765,0
sh603035,0,2115,0
sh600284,0,0,0
sz000159,0,0,0
sh600467,0,0,0
sh603585,0,0,0
sh603966,0,0,0
sz002243,0,0,0
sz300716,0,0,0
sz002550,0,0,0
sh600868,2585,2671,0
sz002753,0,0,0
sz002419,0,3002,0
sh600576,1360,0,0
sz002302,22354,21420,2130
sz002493,20182,9976,668
sh600223,0,3017,0
sh600106,0,0,0
sz002659,0,0,0
sh601595,0,0,0
sh600616,0,0,0
sz002371,14471,12578,565
sh600313,0,3600,0
sh603879,0,0,0
sz002790,0,0,0
sh600683,0,0,0
sz002190,0,0,0
sh600758,0,0,0
sh600362,579.0,2163.0,0.0
sz002730,0,0,0
sz300732,1220,1576,129
sh601211,4902,6290,0
sh600436,635,0,0
sh603127,302,0,0
sz002445,2821,0,0
sz300048,0,0,0
sz300126,0,0,0
sz300388,4819,3598,0
sz002723,0,0,0
sh601800,0,0,0
sz002261,3124,7935,0
sz002249,0,0,0
sh601717,2326,2000,0
sh600155,0.0,0.0,0.0
sz002585,0,0,0
sh603711,9429,7874,383
sh600714,0,0,0
sz000657,0,0,0
sz002596,8092,15668,0
sh603116,0,0,0
sh601900,0,0,0
sh603165,1293,1482,0
sz300354,0,0,0
sz000932,15090,22385,0
sz002280,4865,0,0
sh600372,0,0,0
sz000807,89982,35297,0
sh600466,3492,5279,1651
sh600393,0,0,0
sz002879,1297,5602,0
sh600549,32608,14136,1210
sh603198,0,0,0
sh600650,0,2000,0
sz002278,0,0,0
sh600810,0,0,0
sh603639,0,0,0
sh600572,1805,0,0
sh600791,0,0,0
sz002698,0,0,0
sz002266,2531,0,0
sz000750,2133,17917,0
sh600697,0,0,0
sh600088,0,0,0
sz300069,300,0,2847
sh600735,3910,1514,0
sz002232,7468,12603,2276
sh600139,0.0,0.0,0.0
sz300433,1210,11938,319
sz002680,700,0,0
sz300160,0,0,0
sz002508,1661,2828,201
sh601116,0,1595,0
sz300310,2234.0,1500.0,0.0
sz002661,0,0,0
sz002110,53642,35281,2246
sz300340,5145,14030,1739
sz000586,0,0,0
sz002746,0,0,0
sz002022,2500,0,0
sz002478,0,0,0
sh603036,0,0,0
sz002307,0,4551,0
sz002030,1548,0,0
sz300605,0,0,0
sh600671,3373,0,0
sh600817,0,2159,0
sh603612,1216,280,0
sz000885,1839,0,0
sz300251,11075,1000,0
sz300541,0,0,0
sh600750,0,0,0
sz002236,36606,70974,448
sz002547,0,0,0
sz300214,0,4000,0
sh601228,0,4045,0
sz300117,0,0,0
sh603991,0,0,0
sz300582,0,0,0
sz300150,0,0,0
sh600551,0,0,0
sz300557,0,0,0
sz300601,373,203,0
sh600039,0,2608,0
sz300348,0,0,0
sh603086,0,0,0
sz002665,6084,25537,3427
sz300279,0,0,0
sz002731,0,0,0
sz002727,0,0,0
sh603383,0,0,0
sh603286,1026,0,0
sz300241,2478,0,0
sh603289,0,0,0
sh600020,0,6575,0
sh603305,670,0,0
sz300247,0,0,0
sz002896,302,268,704
sz002500,4965,14456,0
sz002539,0,0,0
sh601155,17649,10884,463
sz300182,1699,3493,0
sz002020,0,2010,0
sz300121,0,0,0
sz002272,0,0,0
sh603507,0,0,0
sz002214,0,7223,0
sh600052,0,0,0
sz002462,0,0,0
sz300084,3386,0,0
sh603085,0,0,0
sz300463,442,636,0
sz300193,0,0,0
sh600641,2757,2718,0
sh603998,0,0,0
sh600380,1025.0,1313.0,0.0
sh603388,701,0,0
sh600976,0,0,0
sh600497,20507,9289,0
sh603355,0,0,0
sz300443,0,979,0
sz300622,0,0,0
sh603658,0,0,0
sz002192,1696,0,521
sh603090,0,0,0
sz300034,0,0,0
sz300598,0,0,0
sz000733,2374,2528,0
sz300561,0,0,0
sz300671,0,0,0
sz002053,11231,11483,1015
sh603999,0,0,0
sz002267,43649,6309,1198
sh600975,0,0,0
sz002145,0,4619,0
sh603938,6340,504,344
sz000723,14001,0,0
sh603358,0,0,0
sz002712,2480,0,0
sz002269,0,0,0
sz300128,27009,10965,0
sz002251,10508,36070,0
sz300570,513,0,0
sh600017,0,0,0
sz000933,13749,25086,0
sh600221,16592,39624,0
sz002112,0,0,0
sz002481,0,0,0
sh600325,9282,7106,0
sz000897,0,0,0
sz300327,1931,2135,0
sz300578,0,0,0
sh600511,3313,510,0
sz000616,0,8337,0
sz002046,0,0,0
sh603668,0,0,0
sz002745,216,251,0
sz300072,10821,17834,303
sz002003,0,0,0
sz300108,15900,2015,0
sh603580,0,0,0
sz002120,566,301,0
sh601001,0,3794,0
sh603877,0,0,0
sz002616,0,0,0
sz002172,0,0,0
sh601088,35414,15675,1215
sh600961,0,0,0
sz300708,914,921,0
sh600713,0,0,0
sh600480,1661,734,0
sz300656,0,0,0
sh601113,5251,750,0
sz300057,0,0,0
sz300635,600,0,0
sz300257,1924,0,0
sz002054,10152,6031,0
sh600030,94395,77314,559
sz002492,0,0,0
sh600828,0,0,0
sz300529,0,0,0
sz002908,0,0,0
sh600602,0,0,0
sz002808,0,0,0
sh601177,0,0,0
sz300082,0,0,0
sh600546,0,3509,0
sz000166,1929,3031,0
sz300262,0,0,0
sz002836,0,0,0
sz002065,2282,11718,0
sh601890,0,0,0
sh601636,105624,66123,0
sz300491,0,0,0
sz002197,0,1000,0
sh603169,0,0,0
sh601137,0,4959,0
sh600636,0,0,0
sz300385,0,0,0
sh601226,0,1941,0
sh603809,0,0,0
sz002240,0,1645,0
sz000926,9744,7655,0
sh600149,0,2915,0
sz300699,210,1146,181
sh603636,0,0,0
sh601688,23786,48520,751
sz000151,0,0,0
sz300461,0,0,0
sz300309,679,0,0
sh603601,900,0,0
sh600783,0,0,0
sz002237,3101,1016,0
sz002113,0,0,0
sz300583,0,0,0
sz300144,1388,652,0
sz300726,0,0,0
sz000156,0,1016,0
sh600622,4298,999,0
sz000988,1514,2856,0
sh600006,0,1852,0
sz300018,0,0,0
sz002138,1483,775,0
sh603828,0,0,0
sh600679,0.0,0.0,0.0
sh600595,0,0,0
sz002736,1012,1960,0
sh603378,490,3622,0
sz000543,2636,9076,0
sh600863,54211,23328,0
sh601100,0,0,0
sz300088,23311,63220,0
sh600279,0,0,0
sz300676,2828,5107,819
sh603186,0,0,0
sz002319,0,0,0
sz002432,1423,0,0
sz300402,0,0,0
sh600626,0,0,0
sz300041,0,1650,0
sz300114,0,0,0
sh603676,3698,6675,0
sh603518,0,0,0
sz002476,3000,0,0
sz002772,0,0,0
sz000040,0,0,0
sh600978,1200,0,0
sz002169,0,0,0
sz300653,0,0,0
sh600843,0,0,0
sz300631,0,0,0
sz300525,0,0,0
sh600251,0,0,0
sz002437,26565,7259,0
sz300357,0,0,0
sz000519,3739,9803,0
sz002414,0,0,0
sz002330,0,0,0
sz300347,0,0,0
sh600333,42875,38720,2143
sz000009,21746,1808,0
sh600958,9958,24276,2605
sz000596,1253,7236,0
sh600917,43775,28263,0
sz002320,6022,492,0
sh600684,0,0,0
sh600529,777,600,0
sz002722,368,0,0
sz300073,3534,3313,440
sh600067,0,3831,0
sh600792,0,0,0
sz000552,0,0,0
sz002717,481,0,0
sz300070,18725,17015,0
sz300233,1560,1474,0
sh601877,74637,42196,2798
sh600977,0,952,0
sz300368,0,0,0
sh603896,0,1052,0
sz300046,0.0,0.0,0.0
sz000760,0,0,0
sz000541,0,0,0
sz002685,1546,1400,0
sz002093,1230,9231,0
sh600118,1504,9395,0
sz300441,0,507,0
sz300289,0,0,0
sz000517,0,0,0
sh600604,0,1968,0
sh600795,3560,13381,0
sh603885,1593,1000,0
sh603987,0,0,0
sh603315,0,0,0
sz300063,0,0,0
sh600739,1006,2298,0
sh600420,1005,0,0
sz300281,0,0,0
sz002716,2987,2340,0
sz000972,0,0,0
sz000687,0,3192,0
sz300185,0,0,0
sh600992,0,0,0
sz000810,0,0,0
sz000720,0,0,0
sz002833,0,0,0
sz000801,0,0,0
sz300558,660,563,0
sz300252,0,0,0
sz300162,0,0,0
sh601952,0,800,0
sz002109,0,0,0
sh603007,0,0,0
sz300103,0,0,0
sh600800,1558,0,0
sz000915,683,344,0
sz300349,700,617,0
sh601969,0,0,0
sh603718,0,0,0
sz300098,4454,950,862
sz000655,0,0,0
sz002018,3533,1624,0
sh603011,999,0,0
sh603990,0,400,0
sz000958,0,0,0
sz000410,1004,3042,0
sz000677,0,0,0
sz002595,0,550,0
sz002789,0,0,0
sh600201,2971,4192,0
sh600760,8960,8944,0
sz002273,903,7693,0
sz000718,2694,9604,0
sh603727,8390,13391,0
sz300067,0,0,0
sz000050,16960,17324,0
sz002133,0,0,0
sz002815,0,0,0
sh601866,0,13150,0
sz000813,1514,0,0
sh603633,0,0,0
sz002085,939,1022,0
sz002100,0,0,0
sz000632,2023,0,0
sz002793,0,1477,0
sz002381,1400,0,0
sh600776,0.0,0.0,0.0
sz002270,0,0,0
sz300213,0,0,0
sz002001,83148,44046,3708
sz002228,0,0,0
sz002324,0,0,0
sz300623,0,176,0
sh600326,5405,1120,0
sz002549,0,0,0
sz300123,0,1000,0
sz000761,4012,0,0
sz300528,0,0,0
sz002496,0,0,0
sz002740,0,0,0
sz300218,0,0,0
sz000881,0,0,0
sz002367,0,0,0
sh600531,1991,0,0
sh600821,0,0,0
sh600168,0,0,0
sz300430,0,0,0
sh603505,0,0,0
sh600051,1809,0,0
sh601008,0,2193,0
sz300050,0.0,1300.0,0.0
sz002042,20690,4740,0
sz300308,194,1550,0
sz002757,0,0,0
sh603768,0,0,0
sz002017,0,0,0
sz300652,0,0,0
sh600594,1154,10213,0
sh603600,0,0,0
sh600773,0,0,0
sh600007,0,0,0
sh600340,2246,2656,0
sz300571,0,220,0
sz000793,14026,52018,0
sz002540,0,1500,0
sz002235,0,0,0
sz300709,0,0,0
sz002643,1000,0,0
sh600658,0,0,0
sz300424,0,0,0
sz000717,72094,62472,0
sz000505,0,0,0
sh600095,0,0,0
sz300620,0,0,0
sz300439,0,0,0
sz300542,0,467,0
sz300585,6904,6954,0
sh601390,2829,5047,0
sh600681,3232,805,0
sz300391,0,0,0
sz000524,0,0,0
sh600510,0,0,0
sz002544,1201,1867,0
sz300017,28459,68857,0
sz000565,0,0,0
sz002587,0,0,0
sz002342,0,0,0
sz300447,0,0,0
sz002692,7300,0,1854
sh600565,13119.0,2587.0,0.0
sz300099,0,0,0
sz002078,15778,13806,0
sz300011,0,0,0
sz000851,0,0,0
sh603232,0,0,0
sh600748,0,2194,0
sh600158,0,0,0
sh600603,0,0,0
sz300014,5149,7304,0
sz002517,66295,37094,5714
sz300717,0,0,0
sz300333,0,1290,0
sz000408,4885,2810,0
sz000546,5430,0,0
sh603858,471,469,0
sh600025,1907740,1298581,168483
sh600163,0,0,0
sz300470,0,0,0
sz000666,0,0,0
sh603111,2844,1462,0
sz002901,2223,1342,0
sz300021,0,2211,0
sz000927,5726,0,0
sh603022,0,0,0
sz300643,0,0,0
sh600421,0,0,0
sh600000,11750.0,13783.0,0.0
sz300204,0,800,0
sz002439,1855,3618,0
sz002390,1796,0,0
sh601998,44438,12703,0
sh603177,1250,1377,0
sz000667,0,12333,0
sz300313,3404,0,0
sh601188,0,0,0
sz300335,1451,641,0
sh601555,2105,18792,0
sh600182,0.0,0.0,0.0
sz002436,10194,11242,0
sz000715,0,0,0
sh603331,0,0,0
sh600179,2837,1877,0
sz002726,0,0,0
sh600781,500,0,0
sz000790,0,0,0
sh601858,0,0,0
sh603609,0,0,0
sz300515,0,0,0
sh600755,3808,1474,0
sh603866,0,0,0
sh601988,168563,158027,0
sh600859,1388,2169,0
sh600986,906,906,0
sh601377,22308,6788,0
sz002563,0,0,0
sh603025,0,0,0
sh600962,0,986,0
sz002010,0,4492,0
sh601015,15773,7842,0
sh600889,0,0,0
sz002005,0,3600,0
sh603041,0,0,0
sh600180,0,1100,0
sh603860,0,0,0
sz002701,1737,0,0
sh601918,0,0,0
sz300539,0,0,0
sh603586,0,0,0
sh600596,2342.0,1787.0,0.0
sz300216,0,0,0
sh601966,1553,1202,0
sh600597,2660.0,2542.0,0.0
sz300315,0.0,7048.0,0.0
sz000590,903,1000,0
sz000976,0,0,0
sz002306,0,0,0
sh600771,300,0,0
sz300307,0,0,0
sh603566,0,0,0
sz300576,0,0,0
sz002912,1166,1801,100
sh600732,0,0,0
sz300324,807,5294,0
sh600881,6341,0,0
sz000796,0,0,0
sz300476,1993,1568,0
sh600661,4755,0,0
sh600736,1851,3640,0
sh600674,6855,4205,0
sz002094,624,551,0
sh600861,0,0,0
sz000777,0,0,0
sz002355,0,0,0
sz300425,0,0,1192
sh600774,0,0,0
sz002155,0,1100,0
sz000917,0,1519,0
sh600500,2541,13349,0
sh600275,0,0,1965
sh600037,6166,1803,0
sh603855,0,0,0
sh601139,53793,34346,0
sz002326,11876,8815,0
sz002684,2735,1450,0
sz002035,0,793,0
sz000422,0,0,0
sh600021,1089,0,0
sz300151,0,0,0
sz000713,0,4200,0
sz002885,0,0,0
sz000922,0,0,0
sh603890,2299,909,0
sz002837,0,0,0
sz300178,0,0,0
sz002458,1836,741,1351
sz300686,0,0,0
sz300479,0,0,0
sz000563,0,0,0
sh600611,0,0,0
sz300602,0,0,0
sz002599,0,0,0
sz300047,0,0,0
sh600346,50383,81211,1020
sz000663,1379,0,685
sh600185,0,0,0
sz300373,3883,6541,554
sh600449,0.0,0.0,0.0
sz300568,508,433,0
sh601599,9182,16271,0
sz002196,0,0,0
sh600063,0,12271,0
sz002518,0,0,0
sz000792,40929,47681,6639
sz300376,0,4000,0
sz002664,1100,500,0
sz300277,5920,2368,0
sh601788,0,5129,0
sz000610,0,0,0
sz300475,720,0,0
sz300554,0,215,0
sh603617,929,0,0
sh600702,5253,11771,0
sz300139,0,0,0
sh603628,0,0,0
sh600188,6787,9638,846
sz002136,0,0,0
sh601999,0,0,0
sz002383,505,710,0
sh600839,0,22528,0
sz300668,0,0,0
sz002766,0,762,0
sz002872,336,0,0
sh603157,0,0,0
sz300314,0,0,0
sh601727,1600,8142,0
sh601689,0,398,0
sz000573,0,0,0
sh603311,0,0,0
sz002151,5046,6195,464
sh600561,0,0,0
sz300688,203,229,0
sz002828,1725,499,0
sz000931,4914,0,0
sh603558,0,0,0
sz300205,0,0,0
sh600184,0,0,0
sh600822,1014,0,0
sh603398,0,0,0
sh600513,0,0,0
sh600535,2568,2165,0
sz300312,0,0,0
sh600490,22076,16534,0
sh600438,139547.0,34560.0,1040.0
sz300342,0,639,0
sz300609,0,0,0
sh603515,0,671,0
sh600726,0,0,0
sz000839,130799,73353,0
sz300145,0,7528,0
sz300464,0,0,0
sz002860,242,0,619
sz300062,0,0,0
sh601388,13508,4893,0
sh601601,9114,15075,1001
sz300221,6348,3835,0
sz300718,0,0,0
sz002887,0,0,0
sz002855,0,0,0
sh600135,0,0,0
sh600548,1360,0,0
sz002056,31541,23205,0
sz002321,44094,19093,943
sz000061,0,2156,0
sz300125,0,0,0
sz300706,9543,5642,1855
sh600113,0,0,0
sz000882,0,0,0
sh600508,2450,0,0
sz300153,0,0,0
sh603968,0,0,0
sz002038,885,1239,309
sz300647,0,0,0
sh603818,0,0,0
sh600722,0,3297,0
sz002313,13677,16928,974
sh601128,0,0,0
sz000403,0,0,0
sh601186,2439,4880,0
sh600486,734,0,0
sh600023,7355,4089,0
sh600028,4928.0,22425.0,0.0
sh603336,0,0,0
sz000504,2277,4192,0
sz300480,0,0,0
sh600737,0,1487,0
sz002026,0,0,0
sz002560,0,0,0
sz300248,0,0,0
sz002380,0,0,0
sz002849,0,0,0
sz300683,0,0,0
sh600787,4636,7632,0
sh603060,4739,500,0
sh600660,6652,7616,0
sh603880,0,0,0
sz300633,0,0,0
sz000559,0,2383,0
sh601368,0,0,0
sz300362,0,0,0
sh600103,0,0,0
sz002230,50261,51662,7481
sz300364,0,2000,1151
sz000906,0,0,0
sh600422,0,1276,0
sh600846,2323,13193,0
sz002688,0,0,0
sz002400,0,0,0
sh603535,0,0,0
sh603766,70044,26522,0
sz002543,767,0,0
sz000088,0,0,0
sz002087,0,2478,0
sz300042,500,0,0
sz300606,500,0,0
sz300147,0,0,0
sh603900,0,377,0
sh600291,0,4705,0
sz002348,0,0,0
sz000825,0,11918,0
sh600728,3335,15685,0
sz000626,0,757,0
sz002238,0,0,0
sz300487,0,0,0
sz002622,43906,47590,1748
sz002673,1797,10834,0
sz002027,30868,60172,3197
sz300693,0,0,0
sz002413,8129,21456,0
sh603015,0,0,0
sz000889,900,800,0
sz002165,9836,0,0
sz000959,0,0,0
sz300670,471,0,0
sz000909,0,2873,0
sz002274,0,0,0
sz002353,2596,0,0
sz300537,0,0,0
sz300207,4661,18644,0
sz002686,0,0,0
sz002456,26439,52878,0
sh603179,0,0,0
sh600062,4080,3553,502
sh600834,0,0,0
sz002131,3611,0,0
sh600519,7321,8623,548
sz002276,0,2400,0
sz002275,0,0,0
sh603536,0,0,0
sz002074,6267,2389,0
sh603421,0,0,0
sz300004,0,0,0
sh600166,0,24959,0
sz002218,26612,40717,0
sz300546,0,0,0
sz002581,654,886,0
sh603017,0,0,0
sz300230,0,0,0
sh601200,2032,1670,0
sz002548,0,0,0
sz002213,3713,0,0
sz300271,0,1140,0
sh603458,163,797,0
sh600807,127207,86652,1099
sz002895,503,2502,458
sz000716,0,0,0
sh600083,0,0,0
sh600448,0,11000,0
sz002733,0,621,0
sh600335,1066,0,0
sz300002,0,0,0
sh601011,46919,24198,0
sz002158,1109,1000,0
sz002690,717,0,0
sz300490,0,0,0
sz002391,788,0,0
sh603797,0,0,0
sh600238,0,0,0
sh600114,1787,0,0
sz300080,4000,1710,0
sh601010,0,0,0
sz300378,0,0,0
sz000099,0,0,0
sh603969,0,0,0
sh600452,0.0,0.0,0.0
sz002911,20637,17751,1709
sz000759,6829,6384,0
sz000819,0,0,0
sh600897,0,0,0
sz300379,0,814,0
sz300235,0,0,0
sh603323,1338,10525,0
sh603313,0,0,0
sz002060,0,7000,0
sz002066,0,0,0
sz002635,350,4864,0
sz002450,22265,31443,530
sh600598,2306,18822,0
sz300666,6259,6147,749
sh601799,240,0,0
sz300136,11817,17611,1517
sh603365,566,0,0
sh601886,1560,0,0
sz002529,0,0,0
sz300672,0,0,0
sh603229,0,0,0
sz002385,0,25646,0
sh600880,2000,0,0
sh600727,0,0,0
sh603928,0,0,0
sz002628,0,0,0
sz002023,5871,19055,3771
sz000949,8026,0,0
sh600428,2552,2153,0
sz300352,8567,9530,0
sz300673,300,0,0
sh603066,0,0,0
sz300268,4693,0,0
sh600250,0,0,0
sz000665,0,0,0
sh600827,0,2504,0
sz000953,0,0,0
sz300398,0,530,0
sh600885,908,3336,0
sh600875,18480,6876,0
sz300209,0,0,0
sh603825,0,0,0
sh603088,0,0,0
sh600483,0,0,0
sh600966,9412,8642,0
sz002755,0,0,0
sh600589,0,0,0
sz002839,6508,3272,0
sz000065,0,937,0
sz300228,5937,4536,0
sh601929,0,0,0
sz000020,0,0,0
sh600623,0,0,0
sz002845,0,0,0
sh600633,0,0,0
sh603100,0,0,0
sz002429,15482,14472,0
sh603321,0,0,0
sz000597,2090,0,0
sh600388,7094,2451,0
sz300532,0,0,0
sh600545,9723,4000,0
sz300129,0,0,0
sh603589,3976,7202,601
sh603721,0,0,0
sz000021,1113,10340,0
sz002556,0,1403,0
sh600675,0,0,0
sh600167,0,0,0
sh600499,28460,23449,0
sh600255,3500,0,0
sh600816,0,0,0
sz002760,12365,8964,881
sz002455,0,0,0
sz000555,800,1019,0
sh601126,0,0,0
sh600360,6498.0,2713.0,0.0
sh600383,2121.0,24515.0,0.0
sz002284,0,0,0
sz002011,0,1321,0
sh601288,196462,431357,0
sz300411,4741,0,0
sz002561,0,0,0
sz000887,0,0,0
sz002767,0,0,0
sz300194,0,0,0
sh600585,6242.0,16827.0,678.0
sh600072,0,0,0
sh603578,0,0,0
sz300697,0,0,0
sz300669,0,0,0
sz002669,0,0,0
sz002031,0,0,0
sh600630,0,0,0
sz000501,0,2304,0
sh600137,530,0,0
sh603308,0,0,0
sz002639,0,0,0
sh600355,0,0,0
sz300199,2907,2012,0
sz002606,32898,28906,1132
sz300294,0,0,0
sz000890,0,0,0
sh600423,0,0,0
sh603918,0,0,0
sh601009,6342,32503,0
sz002799,3639,462,0
sh600566,1599,426,0
sh603222,0,0,0
sz300503,0,0,0
sz002743,5050,0,0
sz000016,9182,38725,0
sh600463,0,0,0
sz002438,0,2410,0
sz002770,0,0,0
sh603218,0,0,0
sz000630,95250,107210,0
sz002718,0,0,0
sz002252,1348,9802,539
sz300258,1357,0,0
sz002154,0,0,0
sh603686,0,923,0
sz002468,2219,925,0
sh600022,23294,75756,0
sz300075,0,0,0
sh600533,0,0,0
sh601919,4032,15419,0
sz002553,0,1700,0
sh603108,0,798,0
sz300283,0,0,0
sh600851,3275,2197,0
sh600096,0.0,0.0,0.0
sh603030,0,0,0
sz300715,0,0,0
sh600089,89359,72234,7718
sz002823,0,0,0
sz002126,1401,0,0
sh600361,0.0,0.0,0.0
sz002389,2034,2642,0
sh603338,180,0,0
sz002806,0,0,0
sh600101,0,0,0
sz000498,0,0,0
sh600798,0,14319,0
sz300494,0.0,0.0,0.0
sh603096,164,366,0
sz000521,0,0,0
sh603906,0,0,0
sz000529,0,0,0
sz002588,0,0,0
sz002338,1528,0,0
sz002028,0,1000,0
sz002748,0,0,0
sz300636,0,1000,0
sh603158,0,0,0
sh601016,0,23036,0
sz002890,0,0,0
sh600252,8629,7276,0
sz300645,0,276,0
sz000030,0,0,0
sz002339,0,0,0
sz000969,3150,3141,0
sh603608,0,0,0
sz002424,0,3818,0
sz002498,0,0,0
sh603006,0,0,0
sh603387,0,0,0
sh603139,0,0,0
sh603228,402,919,0
sz300597,0,4184,2649
sh600653,0,0,0
sz300467,204,527,0
sz300083,0,1734,0
sh600802,0,0,0
sh601881,1983,8667,0
sz000627,7683,9309,0
sh600979,12059,0,0
sh600571,0,3587,0
sh600138,1737,566,0
sh603663,0,0,0
sz000419,0,0,0
sz300533,0,0,0
sz300005,0.0,1921.0,0.0
sz002797,26763,55827,0
sz002674,0,0,0
sz300721,1142.0,2699.0,0.0
sh600069,21717,1410,0
sh603309,2099,0,0
sz002802,0,0,0
sh600537,0,2726,0
sh600926,2263,6727,0
sz002612,0,0,0
sh600379,0,0,0
sz300206,0,2028,0
sh603800,0,0,0
sz300023,0,0,0
sz300105,0,0,0
sz002375,1500,0,0
sz002501,1203,1343,0
sz000502,1000,0,0
sz002058,1874,0,0
sz300577,206,0,0
sz002719,0,0,0
sz000691,2000,0,0
sz002130,0,0,0
sh600458,0.0,2139.0,0.0
sz002440,6287,9447,0
sh603630,0,0,0
sz002048,426,2336,0
sh600742,0,21426,0
sz002008,24635,30400,718
sh603839,1676,500,0
sh603728,0,0,0
sz000430,0,0,0
sz002565,0,0,0
sz000798,0,0,0
sz300445,0.0,0.0,0.0
sz002187,0,0,0
sz300363,0,0,0
sh600385,0,0,0
sz300336,0,0,0
sz300435,0,0,0
sz300350,0,0,0
sz300527,0,0,0
sh600208,14366,29834,0
sz300691,271,0,0
sh600012,908,0,0
sh600195,0,825,0
sz300613,182,92,0
sz002905,0,611,0
sh600292,0,0,0
sh600270,2827,2720,0
sz002264,14776,29293,0
sh600997,5720,2416,0
sh603377,1528,1345,0
sh603588,0,942,0
sh603979,0,1000,0
sz002364,0,0,0
sh603726,0,0,0
sz000925,3115,4030,0
sh600692,0,0,0
sh601901,0,0,0
sz000488,3442,3341,0
sz300413,1615,746,0
sh600247,0,0,0
sh600267,10661,7921,0
sz002602,3912,700,0
sh600148,0,0,0
sh603757,0,0,0
sh600696,0,0,0
sz300191,0,0,0
sh600351,0,1849,0
sz002463,13137,1907,0
sh600125,43383.0,20531.0,0.0
sz000650,0,0,0
sh600721,0,0,0
sh603496,0,0,0
sz300548,0,216,0
sh603606,3288,0,0
sz002747,2197,0,0
sh601007,0,0,0
sz300295,665.0,0.0,0.0
sh600648,0,773,0
sz000100,85023,179692,0
sz002268,500,6874,0
sh603689,7000,108821,0
sh600027,6646,19043,0
sh603899,0,0,0
sh601366,0,0,0
sz002473,0,0,0
sz002083,0,3524,0
sh600637,2232,998,0
sh603729,0,0,0
sz002233,1069,0,0
sh600856,51931,486711,0
sz000758,7121,0,0
sz300181,25500,4946,1908
sz002861,0,0,0
sh600712,0,0,0
sz300087,0,0,0
sz002104,0,3543,0
sh603669,0,0,0
sz000965,0,0,0
sh600258,0.0,1113.0,0.0
sh603703,1863,0,0
sh600395,0.0,5066.0,0.0
sz002404,0,0,0
sh600400,0,0,0
sh600375,0,0,0
sz002620,0,0,0
sz000656,3500,3868,0
sh603538,0,0,0
sh603527,0,0,0
sz002212,20853,16264,0
sz300064,0,2733,0
sz300259,0,0,0
sh600368,0,0,0
sz300428,0,0,0
sz002816,0,0,0
sz000983,20192,14654,0
sh600707,6548,8054,0
sh603277,1444,0,545
sz002521,0,0,0
sz300679,0,0,0
sz300692,4239,9022,2289
sz002132,0,1863,0
sh600475,0,0,0
sz002649,6444,10448,0
sz002021,0,0,0
sh603798,0,0,0
sz300192,3881,946,0
sh600212,1338,1166,0
sh600804,15546,4526,0
sz000977,7508,22948,0
sz002809,500,347,0
sz300255,0,0,0
sz000078,0,8429,0
sz002880,0,0,0
sz000601,0,0,0
sz002800,348,0,0
sz002846,0,0,0
sz300560,0,282,0
sh600246,0,0,0
sh600836,0,0,0
sh600845,589,0,0
sh600987,0,0,0
sh600741,12009,8485,0
sz000584,0,0,0
sz002551,0,0,0
sh603183,0,0,0
sz300118,5769,1445,0
sh600156,0,0,0
sz300417,0,0,0
sz300358,0,0,0
sh600476,0,0,0
sh600651,0,12262,0
sz000652,0,0,0
sh603977,0,0,0
sz300296,12012,8476,518
sz000537,9598,10636,0
sz000736,0,0,0
sz002114,3346,700,0
sz002045,1932,642,0
sz300329,0,0,0
sh603299,1284,0,0
sz002288,0,0,0
sz002379,0,0,0
sz002838,0,0,0
sz300710,0,0,0
sh603133,0,1400,0
sz300502,519,1251,0
sz000525,500,0,0
sh603888,0,0,0
sh600233,0,0,0
sz300285,600,4133,0
sz002488,0,0,0
sz002198,1000,888,0
sz300065,0,0,0
sh600215,0,3269,0
sz300722,0,0,0
sh600240,0,3000,0
sh603117,0,0,0
sh600990,0,168,0
sh603789,0,0,0
sz300189,0,7002,0
sz000903,3146,17114,0
sh600141,4004,746,0
sz300038,51538,35904,2625
sh603386,0,0,0
sh600677,0,1114,0
sh601933,438174,642935,7485
sz000416,0,0,0
sh600831,0,0,0
sh603955,305,0,0
sz300066,0,0,0
sh600301,0,0,0
sz000032,1116,0,0
sz000672,2608,1240,0
sz000011,0,0,0
sz002387,2450,5708,0
sz000828,0,0,0
sh601086,0,3300,0
sz000878,3825,5620,2709
sh600815,0,0,0
sh600873,2691,18745,0
sz300689,0,0,0
sz300318,0,0,0
sh600652,0,0,0
sh600060,2300,3162,0
sh600481,0,3450,0
sz300132,0,0,0
sz002079,11227,30437,0
sz000898,20455,32750,0
sz002656,2954,424,406
sz300237,0.0,0.0,0.0
sz002067,0,0,0
sz300700,2808,947,407
sh603508,0,400,0
sh600908,1305,1761,0
sz002036,3446,11870,587
sz300489,0.0,0.0,0.0
sh600583,50354,5663,0
sz000728,9677,38920,0
sh600053,0,0,0
sz002454,0,1883,0
sz002295,0,0,0
sz300250,0,0,0
sz002798,653,0,0
sh601012,156337,109872,20121
sh600350,2511,0,0
sh600723,0,0,0
sz000811,0,0,0
sz002210,23039,23769,1100
sz001696,1800,3451,0
sz300093,0,0,0
sz300460,0,0,0
sh603233,0,0,0
sh600496,0,0,0
sz002225,0,0,0
sz002906,0,0,0
sz002562,4220,2808,627
sz300264,0,1330,0
sh603816,1212,366,355
sz002194,2473,5332,0
sh601668,46681,96678,0
sz300501,0,0,0
sz300586,0,0,0
sz300702,0,0,0
sz002483,0,0,0
sz000423,4420,10764,0
sh600649,7237,2761,0
sh600635,66207,28690,0
sh600898,0,1236,0
sz000042,0,0,0
sz300184,0,0,0
sh603089,0,0,0
sz002412,0,0,0
sz002446,1701,0,0
sz002513,0,0,0
sz002652,1685,0,0
sz300317,2358,1657,0
sh603335,0,0,0
sh603180,0,177,0
sz300224,1459,3051,0
sz300223,924,2791,0
sh600824,0,0,0
sh603919,0,0,0
sz000918,0,0,0
sz300508,0.0,0.0,0.0
sh600753,2203,1400,0
sh600418,12897,1541,0
sz002859,0,0,0
sz002415,29663,43808,2866
sz000338,56903,71187,0
sh600919,8651,25787,0
sh603099,0,0,0
sh603779,0,725,0
sh600108,0,4273,0
sh601628,4410,3235,0
sz300543,0.0,0.0,0.0
sh603922,0,0,0
sh600662,0,0,0
sz002791,0,0,0
sz002393,0,657,0
sz002762,0,0,0
sz002865,0,0,0
sz002203,0,0,0
sh600085,1306,350,0
sz300106,0,0,0
sz300436,0,0,0
sz300179,0,0,0
sh600071,0,0,0
sz002080,5907,2582,0
sz002254,17675,2339,0
sz300177,0,0,0
sz300612,85262,9257,0
sh600701,0,0,0
sh603010,669,5706,0
sh601939,82203,109027,0
sh600382,0,1100,0
sh601199,0,0,0
sz300380,0,0,0
sz000719,0,0,0
sh600343,0,0,0
sh600903,147204,115421,10540
sz002427,2989,5087,0
sh600363,0,0,0
sh600281,0,3000,0
sz000905,0,0,0
sh600642,77474,3888,0
sh603039,0,173,0
sz000679,0,0,0
sz300496,5221,1467,0
sh603389,0,0,0
sh600567,55696,14351,0
sz300366,0,0,0
sz300334,4026,7357,0
sz002899,0,0,0
sh603912,626,0,0
sz300381,0,1092,0
sz300440,0,0,0
sh600643,1039,5085,0
sz300045,0,0,0
sz300377,7168,16450,1081
sh600303,0,0,0
sh603660,1475,300,0
sz002409,2181,4536,0
sz002657,985,2999,0
sh600123,47890,12254,0
sh600644,0,1416,0
sh600657,0,0,0
sz002111,0,1706,0
sz002627,0,600,0
sz002771,0,0,0
sz002541,0,0,0
sz300562,0.0,448.0,0.0
sz000612,0,2156,0
sh603978,0,0,0
sz002495,0,0,0
sz300325,3600,2000,0
sz000963,38986,19522,2307
sz000567,1558,0,0
sz300549,0,0,0
sh603605,1014,0,0
sz300616,67,80,0
sh601500,0,0,0
sz002403,1000,0,0
sz002721,44600,20186,0
sz002207,2184,8728,0
sh600310,0,0,0
sz002522,0,3700,1712
sz002084,0,0,0
sz300584,0,0,0
sh600872,1890,501,0
sz002149,0,0,0
sz300058,2695,4513,0
sz000836,0,0,0
sz002691,500,0,0
sz300703,0,0,0
sh600356,0.0,0.0,0.0
sz300196,982,0,0
sh600160,18169,73951,0
sz300287,2158,0,0
sh603737,332,0,0
sh601777,0,0,0
sz002637,0,0,0
sz300345,0,0,0
sh600502,5034.0,12183.0,0.0
sh600151,0,1629,0
sh600569,42879,14048,0
sh600605,0,0,0
sz300344,10425,5114,0
sh603320,0,0,0
sh600161,2702,2818,0
sh601992,41107,23271,0
sz300321,0,0,0
sz000721,0,1800,0
sz000795,0,0,0
sz002900,0,0,0
sz002088,0,0,0
sz300276,0,0,0
sh601566,0,0,0
sh600302,0,1636,0
sz002878,0,0,0
sz300404,0,0,0
sz001979,6992,2891,543
sz300698,0,0,0
sz300253,0,0,0
sh600590,0,1500,0
sz000587,81703,3626,0
sh600501,0,0,0
sh600348,19709.0,4955.0,0.0
sz002668,0,0,0
sh600680,0,0,0
sz002841,0,0,0
sz300497,0,0,0
sz002365,1278,412,858
sz002700,5992,1000,0
sz000923,0,0,0
sz002811,0,0,0
sh600058,0,0,0
sz002868,0,0,0
sz300421,0,0,0
sz000868,7131,5746,0
sh600764,0,494,0
sh600019,35068.0,26579.0,0.0
sz002555,4374,9915,0
sz300133,0,12044,0
sz000637,3435,1862,0
sh603269,1953,0,0
sh603993,108149,201019,0
sz002699,4569,1583,0
sh603926,0,0,0
sz002433,3180,3100,0
sz300100,0,0,0
sz000639,0,1000,0
sh600469,0,0,0
sz300303,0.0,0.0,0.0
sh600035,3020,0,0
sh603258,0,0,0
sz300712,0,0,0
sz300056,0,0,0
sz002852,0,0,0
sh600091,0,0,0
sz002786,0,0,0
sz002068,2543,1921,0
sz000815,0,0,0
sh600778,0,0,0
sz002285,29903,51111,0
sz002918,31763,31229,4429
sz000993,0,0,0
sh600854,0,1934,0
sz000921,3227,4390,0
sh600370,0,0,0
sz300658,0,0,0
sz300592,0,0,0
sz000908,0,0,0
sh600688,19308,9009,0
sz300456,0,0,0
sh603058,0,0,0
sz300426,0,0,0
sz002115,0,0,0
sh601238,31997,2731,0
sz000899,0,0,0
sz002343,1125,868,0
sz002178,1678,0,0
sz002778,0,0,0
sz002707,0,0,0
sz300701,0,0,0
sz002014,0,0,0
sz300195,0,0,0
sh601515,0,0,0
sz300628,276,0,0
sh600615,0,0,0
sh600587,0,0,0
sh600844,0,0,0
sz002785,6267,2800,0
sh600406,4391.0,5329.0,0.0
sh600876,0,505,0
sz002568,0,0,0
sz002376,0,0,0
sh603665,0,0,0
sh603008,0,772,0
sz002229,0,0,0
sz300393,0,0,0
sh601878,1434,690,0
sz300097,341,1467,0
sz002199,719,0,0
sh603306,0,1664,0
sz002670,26954,7661,0
sz002271,9013,2362,0
sz300212,2031,3493,0
sz002487,0,0,0
sz002156,18960,16094,1369
sz002333,0,685,0
sh603027,0,622,0
sz002262,0,1574,0
sz000010,0,0,0
sz002108,2467,0,0
sh600969,0,0,0
sz000532,0,0,0
sz002392,0,0,0
sz002208,0,0,0
sz300482,211,510,169
sh600235,0,0,0
sz300434,0,0,0
sz002662,0,0,0
sh603567,0,0,0
sz300696,0,0,0
sz300029,0,0,0
sz002124,0,0,0
sz000617,0,0,0
sz000037,0,0,0
sz300607,0.0,0.0,0.0
sh603738,0,0,0
sh600277,3681,0,0
sh601882,0,0,0
sh603466,0,668,0
sz002829,0,0,0
sz300639,309,0,0
sh603937,4291,4419,0
sz002362,1105,3101,0
sz000803,0,0,0
sz000877,0,0,0
sz300244,1916,1014,0
sz002283,0,0,0
sz002843,0,0,0
sz000919,0,0,0
sz002832,0,0,0
sz300306,0,0,0
sz000620,0,0,0
sh600528,0,5969,0
sh603063,0,0,0
sz002205,0,0,0
sz300025,0,0,0
sz002613,0,0,0
sz000709,58752,32028,0
sz300641,0,0,0
sz000615,1780,5774,0
sz300024,800,13279,0
sh600785,0,0,0
sz000785,2857,0,0
sh600416,2885,818,0
sh601333,67330,55857,0
sz002775,9242,14320,1000
sz000703,60998,52428,1092
sh603823,1599,803,0
sh600593,1803,963,0
sh600837,19135,20844,0
sh601318,246504,265579,22603
sh600446,0,0,0
sh600175,22534.0,27856.0,0.0
sh600600,11876,12204,326
sh600833,0,0,0
sz300059,26138,43023,0
sz300220,0,0,0
sz000538,1492,510,0
sz000413,40169,29725,0
sz000690,0,15298,0
sh600790,0,2120,0
sz300604,761,0,0
sh603778,4755,3741,0
sh600747,0,0,0
sh603690,569,0,0
sz300471,2206,0,0
sz000920,1537,0,0
sz002334,0,0,0
sz000622,0,0,0
sh603788,0,0,0
sz002420,0,0,0
sh600767,0,0,0
sz300563,0,0,0
sh601718,2229,4748,0
sh603519,0,0,0
sz002642,0,841,0
sz300215,0,0,0
sz000153,0,0,0
sh600617,4852,1482,0
sz002443,0,0,0
sz002876,0,0,0
sh600031,34011,43378,0
sh603345,0,0,0
sz002081,17234,11713,0
sz300567,0,0,0
sh603908,0,0,0
sz002127,808,912,0
sz300432,0,1000,0
sh603023,0,0,0
sz300188,4302,2600,0
sz002397,0,0,0
sh600059,9217.0,0.0,0.0
sh600556,0,0,0
sz000705,0,0,0
sz002290,0,0,0
sz000875,0,3470,0
sz002807,1860,6874,0
sh603020,0,0,0
sh600026,0.0,0.0,0.0
sz000948,0,0,0
sz300610,0,0,0
sh600193,0,0,0
sz300146,1632,6179,0
sz300565,5162,4361,716
sh600756,1823,0,0
sh600319,1502,1786,0
sz300446,0,0,0
sh600711,41445,13659,0
sh603330,0,0,0
sh600105,0,2140,0
sz002215,1766,0,0
sz300408,0.0,646.0,0.0
sz000978,0,0,0
sz300498,4555,6039,0
sh600358,0,0,0
sz000856,4208,4816,0
sz000046,0,0,0
sz002370,0,0,0
sh600895,0,849,0
sh603136,0,0,0
sh600784,0,0,0
sz000888,2099,2952,0
sh603656,0,0,0
sz002148,0,0,0
sh603688,2739,680,0
sh603477,0,0,0
sz002850,896,0,0
sz002322,0,0,0
sh600557,0,0,0
sh600371,0,0,0
sh600710,0,0,0
sz300451,0,0,0
sh600704,0,15287,0
sh601997,3367,13092,0
sz002703,0,0,0
sh603958,0,0,0
sz300113,4405,12598,565
sz000063,329349,325365,22301
sz002572,615,2332,0
sz002611,0,820,0
sh600170,0,11276,0
sh603416,0,0,0
sz002601,1870,10000,0
sz002089,0,0,0
sz000028,2066,400,0
sz002152,11223,28892,0
sz000952,0,0,0
sh600280,0.0,1391.0,0.0
sz300142,8468,3886,0
sz002055,500,0,0
sh603101,0,0,0
sz000560,32623,23590,0
sz002469,0,0,0
sz002871,0,0,0
sz002231,0,1000,0
sh600848,0,0,0
sh600698,4761,1270,0
sz300231,21533,42642,842
sh600869,0,0,0
sh603499,0,0,0
sh600965,0,0,0
sz002475,17695,43046,431
sh600888,0,0,0
sh600165,11807,0,0
sz000531,0,0,0
sz300030,0,0,0
sz300423,0,0,0
sh603638,1009,0,0
sz300384,329,0,0
sh603298,0,706,0
sz002646,0,0,0
sz002759,1286,0,0
sz300319,3558,0,0
sz300026,0.0,10379.0,0.0
sz300183,1603,536,0
sz000415,0,0,0
sh603767,0,0,0
sz002121,0,0,0
sh603678,0,0,0
sz002574,0,0,0
sh600558,0,0,0
sz000901,0,5344,0
sz002386,3693,0,0
sz300437,0,0,0
sh600199,0,0,0
sh600761,0,0,0
sz002494,0,0,0
sz000999,466,1600,0
sh600891,0,0,0
sh603909,0,0,0
sz002489,0,0,0
sz002107,0,0,0
sz000055,0,0,0
sh600959,0,0,0
sh601888,3411,7278,503
sz002394,0,0,0
sz002605,13471,985,0
sh603698,0,0,0
sh600503,9962,1713,0
sz300474,0.0,0.0,0.0
sz300256,0,0,0
sh601898,0,10570,0
sz000591,75563,31733,2104
sh600386,0,0,0
sh600470,0,0,0
sh601678,14095,1674,0
sh600256,356063,298957,0
sz300096,1780,0,0
sz000883,10733,0,0
sz000570,0,0,0
sh603188,0,0,0
sz300640,0,0,0
sz002006,0,0,0
sz300274,70913,38043,5739
sh603970,2972,678,809
sz000779,0,0,0
sh600775,0,0,0
sh603917,0,0,0
sz300297,0,3713,0
sh603444,0,286,0
sz002117,0,1477,0
sh600509,12265,7281,0
sz002516,0,5793,0
sz002682,1121,0,0
sz002650,5324,0,0
sz300627,0,0,0
sz300477,3796,600,0
sz000702,0,0,0
sz000628,0,0,0
sz002813,0,0,0
sz000001,100826,180377,0
sz002329,0,0,0
sh600995,0,0,0
sh600562,0,2477,0
sz000753,4292,0,0
sh600705,23459,50863,0
sz000507,1187,0,0
sh603360,0,0,0
sz300419,0,0,0
sh600392,11462,15498,0
sz300608,0,0,0
sz002040,0,0,0
sh600751,5933,10510,0
sz002822,0,1844,0
sz300043,0,0,0
sz002477,9585,10003,0
sz300442,0,0,0
sz000802,2890,787,0
sz300239,0.0,0.0,0.0
sh600967,1024,4691,0
sz002732,0,0,0
sh600539,3449,1001,0
sz002317,0,6170,0
sz300015,1817,3174,360
sz002422,5757,20722,0
sz002867,0,0,0
sz000568,12883,32377,0
sh603005,2349,5030,0
sh600283,787,0,0
sz300450,4778,1317,320
sz002461,1020,0,0
sh600178,0,0,0
sz002506,17481,5806,0
sh603577,0,0,0
sz002881,0,0,0
sh600011,2325,8424,0
sh601108,9177,28617,3725
sz300615,320,596,0
sz002534,0,0,0
sh603288,458,0,0
sz002073,0,0,0
sh600373,2133.0,10185.0,0.0
sh603699,616,555,0
sh600570,7609,15251,1694
sz300135,0,0,0
sh600295,3574.0,2584.0,0.0
sz300302,0,0,0
sh600489,0.0,26832.0,0.0
sz002598,0,0,0
sh603369,3295,5628,0
sh600172,3441,8251,0
sz002600,28888,38268,0
sz300522,0,0,0
sh601908,32207,5723,0
sz000049,777,400,0
sz000707,0,0,0
sz000800,0,1300,0
sz000681,567,583,0
sh600217,1704,0,0
sz002618,1583,923,0
sz001896,0,0,0
sz002903,358,487,0
sz002332,0,0,0
sz300415,0,0,0
sz300154,0,0,0
sz002490,0,0,0
sz002253,0,0,0
sz000725,3133162,2969990,0
sh601880,4010,4600,0
sz300711,9159,4102,869
sz000623,461,1026,0
sh600814,0,0,0
sz002641,0,0,0
sz300469,0,0,0
sh603817,0,0,0
sz300590,396,2529,0
sh600552,0,2923,0
sz300242,0,1218,0
sz002292,5836,12595,0
sh600425,0,0,0
sz002737,0,0,0
sz002216,0,1503,0
sz002590,0,0,0
sz300320,1120,800,0
sh600391,0,500,0
sz300650,0,0,0
sh600288,0,0,0
sz002758,0,0,0
sh603000,0,0,0
sh603939,743,230,0
sh600900,7357,12410,0
sh603003,863,0,0
sz002408,5106,7749,901
sz300008,0,0,0
sz002672,0,689,0
sh600132,7261,13277,501
sz002435,0,0,0
sh600588,0,1501,0
sh600080,0,0,0
sz002224,0,0,0
sz002537,0,0,0
sz002511,1637,696,0
sh600838,0,2757,0
sz300359,0,0,0
sz300579,0,0,0
sz300382,10735,0,6119
sh600495,6891,3365,0
sz002750,0,0,0
sh603318,0,0,0
sz002328,0,0,0
sz300448,0,0,0
sz002368,0,510,0
sz000968,2595,759,0
sh600249,0,0,0
sh603178,0,0,0
sh603159,0,0,0
sh601968,0,0,0
sh603722,2451,2311,0
sz002546,0,0,0
sh603028,0,0,0
sh600550,2824,2144,0
sz002526,0,0,0
sz002441,0,0,0
sz002683,0,0,0
sz000089,3809,0,0
sh600749,0,0,0
sz000581,13612,5931,0
sz002792,810,792,0
sh600285,0,0,0
sh603838,0,0,0
sz300263,0,0,0
sh600075,0,0,0
sh603616,2422,0,0
sz300723,485,350,0
sz002632,0,0,0
sh603181,478,0,0
sz002221,103706,39847,4251
sh603106,0,931,0
sz002654,0,0,0
sz002557,3465,1000,0
sz300665,0,0,0
sh600547,350.0,1703.0,0.0
sh600719,0,0,0
sz300369,0,0,0
sz300472,0,0,0
sz002630,0,0,0
sh603960,0,0,0
sz300660,0,0,0
sh600171,87749,167131,4229
sh603929,869,438,0
sh603040,0,145,0
sz300403,0,0,0
sh603569,419,0,0
sz300573,0,0,0
sh600718,1528,0,0
sh600107,1307,5772,0
sh603819,0,0,0
sh603985,0,0,0
sz000835,0,1353,0
sz000599,0,3438,0
sz300416,0,0,0
sh600010,67341,82487,0
sz300081,0,2656,0
sh600399,0,0,0
sz000778,10796,7290,0
sh600909,4708,19772,0
sh601233,25839,36274,2224
sz002195,4446,46801,0
sz002310,8293,4455,0
sz300459,0,0,0
sz000850,0,0,0
sh603223,0,0,0
sh600307,26495,27671,0
sh600266,13778,20365,0
sh601169,25036,48774,0
sh600586,10000,3402,0
sz000818,3869,13337,0
sh600606,17414,63182,0
sz000698,0,0,0
sz300466,0.0,0.0,0.0
sz002019,19730,14336,1023
sz000026,0,0,0
sz000407,5322,0,0
sh600988,2749,0,0
sz300301,17888,0,0
sh600477,1486,6143,0
sz002323,3473,0,4033
sz300438,0.0,0.0,0.0
sz002709,3403,550,0
sh603078,0,0,0
sh601021,0,0,0
sh600300,0,0,0
sz300588,0,0,0
sh600841,0,0,0
sz300648,0,0,0
sh600312,0.0,0.0,0.0
sh601996,0,2000,0
