sz300588,0,0,0
sh600080,0,2500,0
sz002050,25789,43172,4818
sz002105,0,0,0
sz002254,905,0,0
sh600879,0,1555,0
sz000996,0,4116,0
sz002417,0,0,0
sz300456,0,1145,0
sz300640,0,0,0
sh600613,0,1270,0
sz002071,15495,2312,0
sh600883,0,0,0
sz300641,0,0,0
sz000918,0,3551,0
sz300433,4508,2084,0
sh600599,630,0,0
sh603178,0,0,0
sh603988,1590,328,0
sz002223,631,1015,0
sz002128,62516,33219,1130
sz002131,19580,25416,0
sz002339,1500,0,0
sz000063,192398,278656,22391
sz000800,34666,21819,1719
sz000055,2499,0,0
sh600117,7500,0,0
sz000627,11516,13214,0
sz300687,0,0,0
sh600797,1010,12997,0
sh600387,7212,0,0
sh601111,61129,110328,4430
sh600479,0,0,0
sh600747,8832,7610,0
sz002761,599,0,298
sh600648,0,0,0
sz002191,0,4324,0
sh603085,0,0,0
sh600048,275738,269032,4398
sz000937,42069,15067,0
sz300701,0,0,0
sz000017,0,0,0
sz300425,1736,0,0
sh600781,0,0,0
sh603616,794,4459,0
sz300097,1285,4102,0
sz300273,0,2565,0
sz002259,8171,4000,0
sz002681,3901,0,0
sh603633,0,0,0
sz300560,344,0,0
sh600218,0,0,0
sz000506,0,0,0
sz002902,1254,1252,0
sz300663,0,0,0
sh603881,4408,3105,668
sh603041,0,0,0
sz002836,0,0,0
sz002302,75782,42270,3435
sh600543,0,0,0
sh603696,0,0,0
sz000906,0,1529,0
sz002777,300,0,0
sz300465,0,1589,0
sz300662,0,750,0
sz300286,0,0,0
sz300707,750,267,0
sh600188,64752,41044,2035
sz300484,0,0,0
sz000905,0,1198,0
sh600276,7727,18087,948
sh601225,246296,173744,2710
sh603589,631,2729,0
sz002249,22552,1501,0
sz000953,0,0,0
sz300619,0,0,0
sh601727,11043,5196,0
sz002147,0,0,0
sh600376,0,1086,0
sh600756,0,597,0
sz002850,362,258,0
sz000415,6047,9088,0
sh600212,3138,2817,0
sz002424,0,0,0
sz002557,0,0,0
sh600798,0,7137,0
sh600228,0,0,0
sh600834,0,0,0
sz300231,24089,36915,3684
sh600696,0,0,0
sz002207,1708,0,0
sh600623,0,0,0
sz002793,0,0,0
sz002401,0,0,0
sh600000,57202,85927,833
sh600838,0,0,0
sh600016,194050,221365,0
sz000919,0,0,0
sh603558,2072,0,0
sz300528,0,0,0
sh600180,0,0,0
sz000977,17710,33573,1594
sh600716,0,7791,0
sz002548,0,0,0
sz000667,0,0,0
sz000507,19588,2558,0
sz002483,0,0,0
sh600251,2023,2612,0
sz002200,0,0,0
sz002457,9926,7497,0
sz002142,15635,17909,0
sh600653,0,0,0
sz002770,0,2299,0
sz300211,0,0,0
sz002531,2994,3976,0
sz300585,3814,5863,1124
sh600892,0,0,0
sh600148,0,0,0
sh600702,2221,2175,0
sh603866,0,0,0
sz002062,0,0,0
sz000722,0,0,0
sh603006,0,0,0
sh600476,0,0,0
sh600961,0,0,0
sh603088,4583,0,3500
sh600562,0,1542,0
sz300467,210,0,0
sh603139,0,0,0
sh600571,0,1339,0
sh600106,0,0,0
sz300025,0,0,0
sh603987,0,0,0
sh601231,2457,11415,0
sz300145,1156,2695,0
sz300334,0,843,0
sz300242,0,0,0
sh600054,0,0,0
sz000413,60017,28034,0
sh603858,713,805,0
sh603158,0,0,0
sz002389,1634,582,0
sz300498,6836,8086,0
sz000709,75230,76562,0
sz300388,1228,1819,0
sz002767,0,800,0
sh600104,23554,34657,2526
sh600283,0,7506,0
sz000159,0,0,0
sz002487,0,0,0
sz002679,0,0,0
sz000715,0,0,0
sh600690,46774,65224,2854
sz300011,0,0,0
sz300205,0,0,0
sh603103,492,398,0
sz002776,0,0,0
sh603501,1296,7874,291
sz300490,0,0,0
sz000933,330355,485020,1539
sz002459,0,0,0
sz002790,0,0,0
sz300568,0,1415,0
sz000795,0,1706,0
sh603081,0,792,0
sz000807,738038,543581,13496
sz002891,0,333,0
sz300035,2782,0,0
sh600113,0,0,0
sh600639,0,0,0
sh600963,1703,12367,0
sh600116,12510,7970,0
sz300447,0,0,0
sz002426,10420,22117,0
sh603617,0,0,0
sz000529,0,0,0
sh603937,8314,5304,0
sh603223,0,0,0
sz300512,0,0,0
sz002101,0,705,0
sh603239,540,1488,0
sz002847,0,0,0
sz000058,0,0,0
sh603108,0,0,0
sz002265,0,0,0
sh603021,0,0,0
sh603113,557,991,0
sz300554,0,0,0
sh600370,3500,6549,0
sz002319,0,0,0
sz300161,0,0,0
sh600837,19500,31239,0
sz002311,3811,3804,0
sz300154,1560,0,0
sh603505,3200,4654,0
sz000655,1704,0,0
sz002653,0,0,0
sz300150,0,0,0
sz000408,13445,8589,0
sh600767,0,0,0
sz002587,0,0,0
sh600694,0,0,0
sz002755,0,0,0
sz002499,0,0,0
sh600606,318345,101368,0
sz002411,17671,1400,3300
sz300384,0,689,0
sh603196,0,0,0
sh603258,0,0,0
sz002280,0,0,0
sz000797,0,4642,0
sh600841,0,0,0
sz002393,0,0,0
sh600382,3011,1000,0
sz300652,0,0,0
sh600303,2691,1426,0
sz002708,0,0,0
sz300207,0,1082,0
sz002901,306,918,0
sh600497,120465,54295,0
sh600467,0,0,0
sz000801,0,0,0
sz000799,601,2477,0
sz001965,0,178715,0
sh603005,1082,3899,0
sz300595,0,0,0
sz002180,0,0,0
sz300409,360,300,0
sz002364,0,0,0
sh600322,3851,0,0
sz002741,0,0,0
sh600887,80522,117577,4718
sh600006,6448,3689,0
sh600857,0,0,0
sh600822,805,2626,3002
sh601949,87588,59236,1421
sz000420,0,0,0
sz000663,0,0,0
sz300682,0,0,0
sz300226,341,446,0
sh603416,0,0,0
sz002255,0,0,0
sz002803,0,0,0
sh603869,0,0,0
sh600455,0,0,0
sh600565,19971,18219,0
sz300027,10784,12465,0
sh600326,24104,15878,0
sh600980,0,0,0
sz300642,0,350,0
sh600891,0,0,0
sz002343,898,0,0
sh600992,2537,0,0
sz300259,0,2300,0
sz002414,0,0,0
sh600731,0,0,0
sz300276,0,0,0
sz300565,0,957,0
sh603226,1296,343,0
sz002861,0,0,0
sh600581,26118,20342,0
sh600260,2276,2255,0
sz000554,2335,0,0
sh600361,0,0,0
sh603816,1661,3495,0
sh600549,53367,40040,1447
sz000813,0,0,0
sh600436,1064,2819,0
sh600317,0,0,0
sz300308,186,1153,0
sh603028,0,0,0
sh600570,3110,7677,0
sz000861,0,0,0
sh600178,0,0,0
sh601918,21327,0,0
sz000666,0,0,0
sh600062,0,2623,0
sh603031,0,0,0
sz000829,0,1121,0
sz002293,7649,6615,0
sz002162,1978,0,0
sh603508,0,0,0
sh600272,0,0,0
sz002872,0,0,0
sh600578,0,0,0
sh603648,57794,52776,11919
sz002797,41563,40817,0
sh603358,0,0,0
sz002225,0,0,0
sz300452,1175,1125,0
sz300541,0,0,0
sz002610,0,7040,0
sh600552,2100,0,0
sh600350,2822,19249,0
sh600529,2790,0,0
sz002649,5525,17692,0
sh601991,0,3560,0
sz300590,450,1147,0
sh603960,0,0,0
sh603999,0,1556,0
sz002633,0,0,0
sz300293,0,0,0
sz002441,0,0,0
sz000410,1115,1269,0
sh600969,0,0,0
sh600311,0,2803,0
sz000061,0,0,0
sz300191,577,0,0
sh600521,9797,15643,0
sz000910,4892,10419,0
sh600249,5760,4044,3708
sz002916,0,327,0
sz002717,560,400,0
sz000517,0,0,0
sz002124,0,0,0
sz002724,0,0,0
sz300587,0,0,0
sh600774,0,0,0
sz000761,8925,4683,0
sz002607,5944,0,0
sh601798,0,0,0
sh600809,577,2414,0
sh600881,0,2000,0
sh600548,0,0,0
sz300018,0,0,0
sh600313,0,0,0
sz002437,0,21203,0
sh601238,8235,1874,0
sz002125,0,0,0
sh600706,0,0,0
sh603698,0,0,0
sh600808,102209,155414,0
sz002266,0,0,0
sh600315,9535,5047,0
sz000021,2667,11203,0
sz000524,0,0,0
sz002337,0,0,0
sz002198,0,0,0
sh601099,18642,27368,0
sz300247,0,0,0
sh603055,0,1069,1294
sz300261,0,0,0
sz002825,0,448,0
sh600560,0,0,0
sz300731,7063,13034,2161
sz002111,0,0,0
sz002292,1700,3391,0
sz300399,0,0,0
sh603277,560,669,0
sh603050,0,0,0
sz300419,0,0,0
sh603958,0,0,0
sh600810,0,0,0
sz002833,173,0,0
sz300017,236147,83613,9011
sh600353,0,1708,0
sh601398,790051,675387,0
sz000586,0,0,0
sz002447,2400,10931,0
sh601899,876312,635743,0
sz300326,0,0,0
sh601952,2145,16446,0
sh601857,68924,70042,0
sz002549,0,0,0
sz002881,0,0,0
sh603826,0,0,0
sh600301,0,0,0
sz300125,0,400,0
sh601718,0,0,0
sh600711,25820,13026,0
sz300667,0,0,470
sh601188,0,0,0
sz000518,0,0,0
sh601328,207053,132534,0
sz300058,9183,7250,0
sz002396,468,7953,0
sz002107,0,0,0
sh603181,413,0,0
sz300069,320,0,0
sh600745,1169,10320,0
sz002600,9796,12126,0
sh601808,8704,2246,0
sz300684,0,0,0
sz300315,5876,7103,0
sz300147,0,0,0
sz300313,897,0,0
sh600783,1724,0,0
sh600089,6965,37644,0
sz002660,0,1050,0
sz000691,0,1939,0
sz300441,0,1746,0
sz300176,2710,3062,0
sh603676,46669,83620,3991
sz000802,1038,8020,0
sz300122,2641,5168,0
sh601636,13448,47897,0
sh600201,3940,4444,0
sz000595,0,0,0
sz000700,10373,0,0
sh603421,0,0,0
sh600612,0,0,0
sz300597,1607,763,0
sz300413,1054,8634,565
sz000885,0,1002,0
sz300563,0,0,0
sz000752,0,0,0
sh600619,0,0,0
sz002047,1600,6696,0
sh600958,17025,28491,0
sz300575,0,0,0
sz002156,5324,12502,0
sh600608,0,0,0
sh600896,0,2000,0
sh600909,9254,17546,0
sh600070,0,1240,0
sz000821,0,0,0
sh600976,0,0,0
sz300037,3550,2269,0
sz000606,0,0,0
sz002210,44037,3995,0
sz300244,545,5831,0
sz002502,0,0,0
sz002285,44128,47782,4186
sz002006,3924,1882,0
sz002173,0,0,0
sh600133,1298,3355,0
sz300439,0,0,0
sz002647,0,0,0
sz002175,0,0,0
sh601555,0,1615,0
sh600161,1966,1379,0
sz300042,0,0,0
sh603039,177,0,0
sh603997,0,0,0
sz002309,1965,2602,0
sz002019,7997,16094,0
sz300121,0,0,0
sz300626,0,0,0
sz300300,804,1400,0
sz002303,0,0,0
sz300631,0,1001,0
sz300539,0,0,0
sz300168,4914,1847,0
sz002275,0,0,0
sz002369,2600,1079,0
sh600207,3471,2573,0
sh600401,0,9626,0
sz000792,394151,645446,43004
sh600609,4789,9412,0
sh600864,1500,0,0
sh600159,0,0,0
sz000534,0,0,0
sz002211,0,0,0
sz300190,0,0,0
sz000728,0,5020,0
sh600629,0,0,0
sz300324,1463,952,0
sz300094,0,0,0
sz002335,0,405,0
sh600636,1870,0,0
sz300034,0,0,0
sh600727,0,0,0
sh603579,0,0,0
sz002406,1448,0,0
sz002501,0,4531,0
sz300584,0,0,0
sh600261,2100,0,0
sh600687,34761,11883,0
sz300285,540,3433,0
sh603315,0,0,0
sz002870,1415,0,0
sh603660,0,1657,0
sh600684,0,0,0
sz000422,0,0,0
sz000153,0,0,0
sh600170,0,7035,0
sz000616,0,0,0
sh600198,900,0,0
sz000958,0,0,0
sz002381,0,0,0
sh603517,0,0,0
sh600449,1614,0,0
sz300470,0,0,0
sh600302,0,0,0
sz300648,0,226,0
sh600710,0,0,0
sh600867,438,8528,0
sz000620,0,0,0
sh600126,0,0,0
sz300398,0,1000,0
sh600335,0,0,0
sz002583,5535,10726,0
sh600498,1932,15474,0
sh600582,7033,2755,0
sh600855,0,5652,0
sh600787,24359,9588,0
sh603083,9282,7314,848
sz000823,13107,5450,0
sh601155,10198,16371,445
sz002167,5717,1031,0
sh600202,1913,0,0
sz002868,0,0,0
sh603166,0,0,0
sz300151,0,0,0
sz300309,0,0,0
sh600796,0,0,0
sz000600,3179,3000,0
sz002783,0,0,0
sz002018,6013,5813,0
sz002805,0,0,0
sh600316,0,0,0
sz002190,0,0,0
sh600791,0,1812,0
sz002703,0,0,0
sh600101,0,0,0
sz300486,0,0,0
sh603360,0,0,0
sh600522,96397,152647,2683
sz002145,3622,1933,0
sh603098,0,0,0
sz000852,0,0,0
sh600191,0,0,0
sz300471,0,803,0
sz002656,1714,439,0
sh603777,0,0,0
sz000423,2096,8997,0
sh601369,0,2000,0
sh600742,5291,1948,0
sh600831,0,0,0
sh600722,0,0,0
sz300722,7749,9656,0
sz300462,0,0,0
sz002233,4728,883,0
sz002517,99102,82659,850
sz002906,577,0,0
sz300390,4119,0,0
sz000590,0,0,0
sz002672,1835,0,0
sz000630,276541,162480,0
sz002321,61240,47154,837
sz300556,1067,7895,0
sz000010,0,2187,0
sz300473,0,0,0
sz002057,0,0,0
sh600800,0,0,0
sh603595,172,250,0
sh603877,0,0,0
sz002143,820,2718,0
sh603118,0,0,0
sh600096,0,0,0
sz002910,17413,22169,4329
sz002115,0,0,0
sh603628,0,831,0
sz002840,0,294,0
sh603889,5069,1471,0
sz300319,1922,0,0
sh600409,14090,20554,0
sz002603,0,0,0
sz002571,0,0,0
sz000708,0,0,0
sz300709,154,365,0
sz002800,757,0,0
sh600724,0,0,0
sh600225,0,0,0
sh600108,11677,5315,0
sz000935,4789,18775,718
sz002151,4092,3761,328
sz300397,0,0,0
sz000999,1689,0,0
sh600284,0,1115,0
sh600136,0,0,0
sz300297,0,0,0
sz002387,0,800,0
sz002749,0,0,0
sh601717,4001,5052,0
sz002041,0,0,0
sh600795,92895,14865,0
sh600638,0,0,0
sz300061,0,0,0
sz300542,0,0,0
sh603917,8561,5625,378
sh601001,5390,5143,0
sz002456,28036,29202,919
sz300322,0,0,0
sz300139,0,0,0
sz300607,0,348,0
sh603899,5697,2108,0
sz300346,0,0,0
sz300520,400,660,0
sh603577,0,0,0
sz002061,2553,700,0
sh603388,0,0,0
sz002552,3932,0,0
sz000050,7307,12172,0
sz002561,0,0,0
sz000886,0,5613,0
sz002334,0,0,0
sh600446,1087,5675,0
sz300337,0,0,0
sh603383,0,0,0
sz000637,0,0,0
sh603012,0,0,0
sz002132,30055,33743,0
sh603183,858,3196,0
sz002596,1010,7672,0
sz002769,0,0,0
sh600851,0,0,0
sz002359,4183,1030,0
sz000687,1000,2485,0
sz300434,0,0,0
sh603856,1051,0,732
sz300404,0,1275,0
sz002434,2067,0,0
sh600717,1734,0,0
sz300611,0,0,0
sz300700,420,0,0
sh600305,2821,11390,0
sz000733,1153,1278,0
sz002273,10024,28913,1773
sz300572,0,0,0
sh600186,0,20939,0
sz002448,0,0,0
sh600635,2047,8633,0
sh600229,0,0,0
sz002092,27341,12773,0
sz002878,0,0,0
sz002452,0,0,0
sh601877,5643,6217,504
sh603626,0,858,0
sz300220,0,0,0
sh600036,141763,182354,3615
sh603515,0,0,0
sh600444,0,0,0
sh600895,4651,4247,0
sh603393,288,606,0
sh603963,4376,1718,384
sz002350,3140,0,0
sh600533,0,0,0
sz002602,1571,3585,0
sz300234,0,0,0
sh603798,0,0,0
sz300438,0,559,0
sz300415,0,686,0
sz002586,4000,0,0
sz000418,898,819,0
sh603117,0,0,0
sz300193,0,0,0
sz002731,0,0,0
sz002732,0,0,0
sh600356,0,0,0
sh603686,0,0,0
sz002875,0,0,0
sh600282,94345,62500,0
sz002169,0,7033,0
sz002627,0,0,0
sh600803,11334,6146,770
sz300379,0,0,0
sz002420,0,0,0
sh601212,91156,68686,13221
sz000893,2291,5727,0
sh603978,0,110,0
sh600312,0,0,0
sz000584,5020,1030,0
sz300335,0,674,0
sh603078,140,0,0
sz000501,3825,1636,0
sz002907,15074,21897,1897
sz002045,3736,2152,3000
sz300002,0,0,0
sh603883,642,978,0
sz002518,0,605,0
sz002140,0,0,0
sh603027,0,0,0
sz300459,0,5193,0
sh600138,56265,44580,1715
sz002582,0,0,0
sz300468,302,0,0
sh600243,0,0,0
sh601038,32342,48582,0
sz002536,0,0,0
sz300222,2507,2506,0
sz000931,0,0,0
sh603568,0,700,0
sz000657,1096,815,0
sh600216,3530,4011,0
sz300217,0,0,0
sz300508,0,0,0
sh600325,3000,9309,0
sz002725,0,0,0
sz002855,0,0,0
sz002126,3116,0,0
sh601888,6288,18204,322
sh603458,1148,632,160
sh601595,0,0,0
sh603729,0,0,0
sz000548,1781,1785,0
sz000888,925,0,0
sz300223,0,336,0
sz300227,0,967,0
sz002243,0,0,0
sh600292,0,0,0
sz002817,0,0,0
sh600616,0,0,0
sh600689,0,0,0
sz000672,6377,10272,0
sz300639,1240,1107,341
sz002853,0,0,0
sh603203,0,0,0
sz300112,0,0,0
sz000625,26315,13715,885
sz002133,0,0,0
sz000698,3600,0,0
sz002599,0,0,0
sz002227,0,0,0
sh600660,9137,8171,0
sh600389,0,0,0
sz000955,0,0,0
sh603977,0,0,0
sz000089,0,0,0
sh603333,0,0,0
sh600025,3107342,3431885,141291
sz002023,2667,1123,0
sh600452,0,0,0
sz300424,0,0,0
sh601058,0,16916,0
sz300348,0,0,0
sz002281,27244,52581,1006
sh603200,0,0,0
sh600982,0,0,0
sz002572,2796,1771,461
sz000836,0,2484,0
sz300004,0,0,0
sz300233,0,0,0
sz300092,1903,0,0
sz300712,0,617,0
sz300246,0,0,0
sh600081,0,0,0
sh600750,405,2133,0
sh600886,0,25957,0
sh603667,0,0,0
sh603580,0,0,0
sz002104,0,1717,0
sz300406,820,0,0
sz300075,0,0,0
sz300710,918,269,0
sh601890,0,0,0
sh603058,8735,823,0
sz300623,0,0,0
sh603488,0,0,0
sz300331,1004,1384,0
sz002835,0,0,0
sh603711,6824,3304,2134
sh603619,3036,2288,0
sz300317,0,2273,0
sz000778,27232,21092,0
sh601996,0,3106,0
sh600189,0,0,0
sz300429,0,0,0
sh603939,0,1013,0
sz002758,0,0,0
sz300082,0,0,0
sz002780,0,0,0
sz002314,0,0,0
sz000903,0,0,0
sz002493,11700,8226,0
sz002188,19825,0,0
sh600575,0,0,0
sh600475,0,1000,0
sh603716,681,207,0
sz000004,0,0,0
sz300464,0,0,0
sz000892,0,0,0
sz300209,0,0,0
sh600210,0,4574,0
sh601117,39137,54413,0
sh600082,0,0,0
sz300576,0,0,0
sh600076,7000,15288,0
sh600572,12165,23016,0
sz002719,0,0,0
sh600377,0,7000,0
sh600269,0,0,0
sz002003,0,0,0
sh603969,0,0,0
sh600323,1339,1670,0
sz002184,0,0,0
sh603010,427,4540,0
sz002702,15695,0,0
sz300146,4223,11184,0
sz002181,0,0,0
sh601333,52595,51668,0
sz002671,0,0,0
sz300716,6085,6100,415
sz002415,33756,81955,271
sh600858,0,0,0
sz002182,7004,11377,0
sh601368,0,0,0
sz300732,7273,13117,622
sh600908,2600,8936,0
sh600131,0,0,0
sh600119,0,0,0
sh600483,0,0,0
sh600755,2237,6565,0
sz002317,902,3713,0
sh600499,130037,146375,12835
sz000962,0,0,0
sh603321,8037,1780,1066
sh600055,1404,1166,0
sh601007,0,0,0
sz300395,0,700,0
sz300085,800,821,0
sz002597,2392,10075,0
sh603608,0,0,0
sz300627,0,0,0
sz300203,12779,6182,0
sh600182,0,0,1070
sz002584,9719,4760,0
sz002068,0,2491,0
sz300643,0,883,0
sz000850,0,0,0
sz002007,0,903,0
sh600118,550,7131,0
sz300084,1894,0,0
sz000049,338,2611,0
sh600741,7644,13586,0
sh600217,2005,16634,0
sz002712,578,500,0
sh600540,0,0,0
sz002331,0,0,0
sz002718,0,0,0
sz300330,0,0,0
sh600061,2863,3122,0
sh600011,2011,0,0
sh600962,0,1062,0
sh600354,0,4934,0
sz002551,0,0,0
sz300672,4048,4208,305
sh600990,200,0,0
sh600667,107845,118858,0
sh600056,757,3513,0
sz002327,6612,11116,0
sz002654,0,1695,0
sh601818,198025,252795,0
sz300408,14294,19594,0
sz002252,3143,6293,0
sz002348,0,1800,0
sh600099,0,0,0
sh600545,9970,3365,0
sz000539,2588,2944,0
sh600740,113858,79002,3587
sh600868,23288,18251,0
sz002537,0,0,0
sz002682,0,0,0
sz002228,0,4568,0
sh601788,16324,44252,0
sz300586,0,0,0
sz300394,0,0,0
sh600662,0,0,0
sz300263,0,1831,0
sh603335,0,0,0
sh601566,0,0,0
sh600220,0,0,0
sz300591,1061,11957,1948
sz002807,3010,1521,0
sz000987,0,0,0
sz002898,1563,0,0
sh601519,0,0,0
sz300605,0,0,0
sh603009,0,0,0
sh601669,4003,24834,0
sz002616,0,1562,0
sh600707,3618,4863,0
sz002526,0,0,0
sz300449,547,0,0
sz002428,1998,5519,0
sz002559,0,0,0
sz300028,2300,0,0
sz300100,1061,0,0
sz002765,0,0,0
sh600143,0,5519,0
sz002199,0,0,0
sz002696,0,0,0
sz000656,86016,48495,0
sz002553,0,1339,0
sz002065,21479,34040,0
sh600817,0,0,0
sz000530,0,4305,0
sz002402,1329,2420,0
sh600848,0,1113,0
sh603976,0,0,0
sz000632,0,0,0
sh603380,0,0,0
sz300113,5371,2642,0
sz002585,0,0,0
sh600278,0,0,0
sz300080,0,2022,0
sz300137,6254,8143,0
sh603638,0,0,0
sz002565,0,0,0
sh601579,0,0,0
sz000619,0,0,0
sh600130,3923,4025,0
sz000030,0,0,0
sz002397,0,0,0
sh600371,0,0,0
sh601208,0,0,0
sh600321,0,2504,0
sz002269,0,0,0
sz002051,0,5681,0
sh600624,0,0,0
sz300418,13642,6724,561
sh600259,5144,2016,0
sz002102,2655,8157,0
sh601799,201,805,0
sz300366,0,0,0
sh600022,210510,117062,0
sh600358,0,2735,0
sz002354,2654,681,0
sh601965,0,0,0
sz002534,0,966,0
sh600526,0,1137,0
sh600555,0,0,0
sz000703,47912,20942,2090
sh603385,0,0,0
sh601998,16058,35304,0
sh600650,0,0,0
sz300670,0,0,0
sz300318,0,0,0
sh600617,0,1600,0
sh600209,16164,2106,1071
sh603099,0,0,0
sh600775,0,0,0
sh603286,600,0,0
sh600339,1719,3681,0
sz300505,0,0,0
sh601599,15999,2650,0
sh600620,0,0,0
sz002849,0,0,0
sz000922,0,0,0
sz300706,1727,4390,0
sh600926,35137,26056,1171
sh601229,19842,13270,0
sz000883,4736,2428,0
sz000617,2275,3786,0
sz000839,219697,131941,7553
sh603189,0,0,0
sh601929,5000,7287,0
sz000407,0,0,0
sz300056,0,0,0
sh600179,10868,3467,0
sh600898,1119,1007,0
sz002261,0,8961,0
sh600197,2127,0,0
sh600568,105259,15062,0
sh600386,0,0,0
sz300647,0,0,0
sh601163,524,0,0
sh603989,0,0,0
sh600744,0,5949,0
sh600493,0,0,0
sz300693,0,0,0
sz300375,0,50972,0
sz300466,0,0,0
sz002905,0,450,0
sz300727,10429,11742,1437
sz002588,1627,0,0
sz000613,2124,13178,0
sz300443,0,0,0
sh600546,2780,6961,0
sz000887,32459,9540,0
sh600785,0,0,0
sz300446,0,0,0
sz002390,0,0,0
sh601218,0,0,0
sh600501,0,1100,0
sh603456,0,0,0
sz000710,0,0,0
sz002829,0,0,0
sz002087,2500,2000,0
sz000546,0,0,0
sz300632,0,0,0
sh603131,0,534,0
sz300015,1666,4878,501
sz000623,4611,6553,0
sz300534,0,0,0
sh600459,959,500,0
sh603238,0,0,0
sz002877,0,0,0
sh603386,2513,0,0
sh600577,0,8777,0
sh601009,10486,76826,0
sz000988,3192,5970,0
sh600584,21220,37198,1654
sz002511,2678,0,0
sh600388,19999,7405,0
sz300164,4989,72657,0
sh600820,2014,0,0
sz002661,0,0,0
sh600661,1036,0,0
sh603496,0,0,0
sz300198,49803,29825,0
sz300130,470,3002,0
sz300558,193,963,0
sh600166,126783,35724,0
sh603823,0,0,0
sz002915,0,0,0
sh601228,24302,5538,0
sz002540,0,0,0
sh600679,0,0,0
sz300310,1971,2076,1816
sz002237,986,0,0
sh603955,254,306,0
sz002700,0,0,0
sz002760,14960,14996,3688
sh603311,0,0,0
sz002489,3513,0,0
sz002476,2500,0,0
sz002445,0,2034,0
sz300477,2120,1989,0
sh600109,1173,10116,0
sh603919,0,2000,0
sz002911,74802,67400,7644
sh601688,36195,82707,0
sh600792,0,0,0
sh600422,0,0,0
sh600456,1689,1401,0
sh603828,0,0,0
sz002016,2670,0,0
sz300063,0,0,0
sz300536,0,729,0
sh603336,4334,2970,0
sh600111,301618,229610,10227
sh603602,227,1421,0
sz300363,0,0,0
sz300043,0,0,0
sz000909,0,0,0
sh600594,0,2518,0
sh600266,2335,3600,0
sh600766,0,0,0
sz002008,16478,42077,1437
sz000028,1736,2325,307
sh600039,10588,0,0
sh603306,2165,500,0
sh600031,494432,512135,4573
sz002479,1537,2989,0
sh603138,8652,6206,716
sz002873,0,0,0
sz300237,1000,0,0
sz300583,0,0,0
sh600630,0,1229,0
sz300500,0,0,0
sz000838,8800,0,0
sz300721,2020,2188,0
sz300660,0,0,0
sh603767,0,0,0
sz300426,0,0,0
sz000626,0,0,0
sh603557,0,659,0
sz002541,0,0,0
sz002361,0,0,0
sz300189,0,0,0
sz002555,1193,987,0
sz300250,0,0,0
sz002440,5957,11800,0
sz000531,0,0,0
sh601882,2443,2333,0
sh600801,2088,7679,0
sh600517,0,2997,0
sz002581,3715,1938,0
sh600651,4163,9812,0
sh601872,0,4427,0
sh603578,0,0,0
sz300637,0,0,0
sz300538,0,0,0
sz002766,787,2282,0
sh603126,0,0,0
sz002722,0,0,0
sz300551,0,400,0
sz002204,0,0,0
sh600693,0,1306,0
sz002090,500,1072,0
sh600688,3373,3828,0
sz300557,0,0,0
sh603886,0,0,0
sz000565,0,0,0
sh603365,1011,2782,0
sh603606,0,0,0
sz300370,0,0,0
sz002248,11563,50385,0
sz300677,207,1046,410
sh601139,23515,19904,2926
sz300365,0,0,0
sh600091,0,0,0
sz002477,9852,52619,0
sz300602,0,0,0
sz002392,0,0,0
sh600470,0,0,0
sz002030,0,0,0
sz000026,0,0,0
sh600173,1806,0,0
sz000927,10750,0,0
sh600448,0,0,0
sz002632,0,0,0
sz000563,0,0,0
sz300138,0,0,0
sz002893,0,2193,0
sz000815,0,0,0
sh603677,0,1602,0
sz300282,0,791,0
sz000932,37315,53055,0
sz002029,0,5989,0
sz002742,7690,0,0
sh600428,0,2652,0
sz000589,0,4927,0
sh603399,0,0,0
sh601113,0,0,0
sz300119,0,0,0
sh600936,0,0,0
sz300653,0,0,0
sh601928,0,0,0
sz000157,73499,69605,0
sh600262,0,0,0
sh600556,0,0,0
sz000878,47582,32063,0
sz000587,8472,13147,0
sh603611,0,0,0
sz300487,0,0,0
sz000810,0,1693,0
sz300020,871,924,0
sh603639,0,231,0
sh600743,0,0,0
sz002643,916,6688,0
sz002086,17138,14598,2692
sz300180,0,0,0
sz300608,0,0,0
sz000528,19147,34808,0
sh603630,0,0,0
sz002021,0,2962,0
sh600327,0,0,0
sh600889,0,0,0
sh601616,0,0,0
sz000042,0,0,0
sz000755,0,9908,0
sz000631,0,0,0
sh603536,0,0,0
sh600480,731,0,0
sh603366,0,5000,0
sz300065,0,0,0
sh601116,0,516,0
sh601088,60830,33502,0
sh600172,17665,5702,0
sz002113,0,2165,0
sz300307,0,0,0
sh600352,70958,96925,1423
sz002726,0,0,0
sz002230,54922,92586,5100
sz002340,120317,56926,0
sz000682,0,0,0
sz300596,0,0,0
sz001979,12837,16136,0
sz300518,0,0,0
sz002439,893,2358,0
sh600415,0,3835,0
sz000897,0,0,0
sz002231,0,0,0
sh603328,794,2542,0
sh603813,851,0,0
sz002747,3121,1049,0
sh600654,4034,16182,2676
sz300476,501,0,0
sh603683,574,0,0
sh600988,30246,63401,5279
sz002333,0,0,0
sh601958,1894,1527,0
sz300546,0,0,0
sh601567,0,0,0
sh600491,0,3776,0
sh603218,0,0,0
sh600196,23674,45915,2331
sz002017,0,0,0
sz002659,0,0,0
sz300076,0,0,0
sz002376,2287,4967,0
sz002786,0,0,0
sh601900,0,0,0
sz002462,0,646,0
sz300251,13808,1297,1010
sh600095,0,4322,0
sz000040,0,0,0
sh600850,0,722,0
sz300350,6698,0,1008
sz000668,0,0,0
sh603167,0,4980,0
sh600355,0,0,0
sz300108,0,0,0
sz300200,0,0,0
sz000712,0,0,0
sh601668,211921,337373,0
sh600587,842,0,0
sz300514,0,0,0
sz002475,11354,14951,0
sh603600,0,0,0
sz300129,0,0,0
sz300650,0,0,0
sz300726,2659,1882,0
sh603233,0,0,0
sz300048,0,0,0
sh600780,0,0,0
sh603912,3282,954,0
sz002083,0,0,0
sh603799,29437,19948,2037
sh600640,0,0,0
sz000025,0,0,0
sz300550,0,0,0
sh603322,0,514,0
sz300513,0,0,0
sz002032,270,1182,0
sh600515,14717,23659,5124
sz002762,1067,1227,0
sz000959,0,0,0
sh603825,0,0,0
sz000519,5352,9457,0
sz002884,0,0,0
sz300548,3738,0,310
sz002055,0,0,0
sh603331,693,1030,0
sh600392,94508,75407,9260
sz000816,0,8168,0
sz002197,0,0,0
sh600713,0,0,0
sz002641,0,0,0
sz001696,0,0,0
sz002349,0,0,0
sh603822,0,0,0
sz300620,484,0,0
sz300358,0,0,0
sh600391,0,0,0
sh600008,18077,29480,0
sh601878,5177,5007,0
sz002127,19456,9116,0
sz002095,350,0,0
sz300185,0,0,0
sh600592,2564,16762,0
sz300517,0,0,0
sz000681,0,542,0
sh600478,2749,0,0
sz002178,0,1000,0
sz300257,0,0,0
sh603128,15774,47027,0
sz000848,0,0,0
sz002042,15623,8534,1704
sz300208,2731,6227,0
sz300600,0,0,0
sz000166,11997,9000,0
sz002291,0,1832,0
sz002352,0,629,0
sz002119,0,0,0
sz300622,500,0,0
sh603819,0,0,0
sh600208,65374,61508,0
sz300093,4007,956,0
sz000333,63103,79836,3742
sz300029,0,0,0
sh600094,0,0,0
sz002258,0,0,0
sz002067,6529,0,0
sz300488,0,0,0
sz002144,0,0,0
sz002336,2090,0,0
sh600523,0,0,0
sz000400,857,4027,0
sh603111,0,0,0
sh603730,378,378,0
sh600037,0,0,0
sz002395,0,0,0
sz002384,1935,8680,0
sz002444,0,740,0
sh600765,0,0,0
sz002058,499,0,0
sh600567,81455,94949,0
sz002418,0,0,0
sz000793,164113,152953,2584
sz300475,0,0,0
sh603800,0,1101,0
sz002069,0,0,0
sz002170,0,0,0
sz002795,0,0,0
sz002666,0,0,0
sz000001,295226,434810,4987
sh600122,11081,3520,0
sh600900,45072,123414,4008
sz002250,0,0,0
sh603533,7106,6747,478
sz300725,6028,4370,994
sz002657,0,1769,0
sz300195,0,0,0
sh601588,0,0,0
sh603996,19959,2287,0
sz000038,0,0,0
sh603808,0,0,0
sz300669,0,0,0
sh600593,550,600,0
sh600769,0,0,0
sz002251,14684,11156,0
sz002601,1378,663,0
sz002298,0,0,0
sz300296,1267,1724,0
sh600860,0,0,0
sz300153,1782,0,0
sz300072,5750,19247,0
sz300705,440,0,0
sz002301,0,700,0
sz002556,2290,8361,0
sz300405,0,0,0
sz002509,0,1475,0
sz300567,0,179,0
sh603229,0,0,0
sz000732,50260,28248,4068
sh600129,0,1583,0
sz000409,0,0,0
sh603023,0,0,0
sh600973,0,0,0
sz000027,0,1871,0
sz002743,0,0,0
sz002455,0,1226,0
sz300327,1353,800,0
sz300401,590,1679,0
sh600576,0,0,0
sh603909,0,0,0
sz300387,0,0,0
sz300428,590,508,0
sz002699,1790,0,0
sh603309,0,0,0
sz300111,0,0,0
sz002577,0,0,0
sh600680,0,0,0
sz002578,0,0,0
sh600764,0,1000,0
sh600987,3410,0,0
sh600192,0,3000,0
sz300184,0,0,0
sz002192,2858,897,0
sh600369,28593,15902,0
sz300274,1265,3686,0
sz000822,4141,17015,0
sh603157,11180,15171,4965
sh600075,0,0,0
sz000707,0,2000,0
sz002701,7182,46151,1800
sh600839,8068,10023,0
sz300107,0,0,0
sh603848,10174,6862,0
sz000965,0,6420,0
sz300068,3574,2283,0
sz300230,0,0,0
sz002637,930,0,0
sz300377,2840,9276,0
sz300385,0,0,0
sz002478,0,0,0
sh600310,0,2610,0
sh600105,0,0,0
sh603100,0,0,0
sz000421,0,0,0
sz300005,0,0,0
sz300688,0,199,0
sh601177,0,0,0
sz300671,0,0,0
sh603538,0,0,0
sh603998,0,0,0
sh600863,0,0,0
sh600153,6267,3254,0
sh600503,11705,4823,0
sz300364,1399,0,0
sz002099,0,0,0
sz300393,0,350,0
sz000825,48936,30455,0
sz002241,32527,30450,728
sh600738,0,0,0
sz000856,16532,6685,493
sh600558,0,4000,0
sz000928,14275,7008,0
sh600827,1994,1614,0
sz002598,0,0,0
sh600009,2587,2707,0
sz300351,0,0,0
sz300665,0,0,0
sh603688,0,1504,0
sz002876,0,1022,0
sz000980,18068,16538,8367
sz002779,0,0,0
sz300174,0,0,2931
sh600238,0,0,0
sz002886,0,389,0
sz002519,0,0,0
sz000789,6142,12646,2846
sh600815,0,0,0
sh600622,1200,12278,0
sz300526,0,0,0
sh603980,0,528,0
sz300451,606,0,0
sz002433,0,0,0
sz000036,2521,5368,0
sh600586,3310,0,0
sz000768,7473,1600,0
sz300183,1241,4356,0
sz002771,0,0,0
sh600346,16902,12201,0
sz002529,0,0,0
sz300686,501,618,0
sh601021,0,305,0
sz000880,0,0,0
sz000676,0,0,0
sz000425,1627869,1300925,24569
sz300267,29338,80943,0
sh600888,13956,1772,0
sh600728,1768,1920,0
sz002503,3992,0,0
sh600970,1214,13111,0
sz002774,0,0,0
sh600030,148590,220472,0
sz300463,0,0,0
sz000553,0,649,0
sz000711,6151,1759,0
sz300078,0,6180,0
sh600035,0,0,0
sh603585,0,0,0
sz002542,0,0,0
sz300382,21967,900,0
sz002812,105,697,0
sh600050,341268,409618,0
sz002568,0,0,0
sh603369,1676,2211,0
sh600768,0,756,0
sh600137,0,0,0
sz300133,1690,0,0
sz300271,0,0,0
sz300461,0,0,0
sh601222,2856,17042,0
sz000069,17733,50820,0
sz002690,0,0,0
sh603566,0,0,0
sh603227,0,0,0
sh601179,0,0,0
sh600320,18031,37398,0
sh603668,0,0,0
sh603367,2334,6685,0
sz002325,0,0,0
sz300507,0,0,0
sh603879,0,0,0
sh603929,0,1244,0
sz002236,64750,111398,6991
sz002171,2230,0,0
sh600308,0,0,0
sz000610,0,0,0
sz002491,0,0,0
sz300332,0,0,0
sz000982,18646,0,0
sz300218,0,0,0
sz300299,1239,3010,0
sh603833,0,836,0
sh603556,0,0,0
sz300494,0,0,0
sz300088,22938,13346,0
sz300437,0,0,0
sz002530,0,0,0
sz002341,1891,2897,0
sz000680,5984,7941,0
sz000686,3702,4306,0
sh600642,0,15091,0
sh603305,953,0,0
sz300258,0,0,0
sz002194,14064,7762,0
sz300691,0,346,0
sz002239,18506,8350,0
sh600307,59119,35570,0
sh600381,0,0,0
sz300715,313,1142,0
sh603015,0,0,0
sh603186,0,0,0
sz300430,0,0,0
sz000901,0,594,0
sz300396,0,517,0
sh603860,6538,9467,0
sh600362,108912,101696,2832
sh603198,804,0,0
sz002469,0,0,0
sz000819,0,0,0
sh603776,1042,244,0
sz000851,0,1186,0
sz300661,0,400,0
sz002630,0,0,0
sh600298,3534,7231,0
sh603222,0,0,0
sz000593,3026,3640,0
sz000429,0,1316,0
sh601127,666,1249,0
sz002049,63446,65008,13306
sz300658,0,0,0
sh601611,12694,6543,2410
sz002798,0,0,0
sh601677,0,0,0
sz300336,0,0,0
sz000782,0,0,0
sz002782,0,0,0
sh600423,0,0,0
sz000043,0,0,0
sz300323,0,7579,0
sz002624,1400,2617,0
sz300453,0,0,0
sh603063,0,0,0
sh600602,0,0,0
sz300417,0,0,0
sz300291,2000,1896,0
sz300478,239,0,0
sh600739,0,7553,0
sz002060,0,0,0
sz002363,0,0,0
sh603019,8551,17181,2161
sz002887,172,194,0
sz300606,0,0,0
sz300014,47329,24929,0
sz000739,0,0,0
sz002658,0,0,0
sz000779,0,0,0
sz000099,0,0,0
sh600893,0,1776,0
sz002009,0,716,0
sz002116,0,0,0
sz300012,0,0,0
sz300571,0,828,0
sz000750,6449,23739,0
sz300410,0,720,0
sz002608,0,0,0
sh600984,5066,0,0
sh600058,0,0,0
sh600721,1502,0,0
sz000975,770,0,0
sz002521,0,0,0
sh600373,2009,8510,0
sz000430,0,0,0
sz002454,955,0,0
sz002889,0,1466,0
sz002063,0,1282,0
sh600729,486,0,0
sz002642,6424,2907,0
sz002684,0,0,0
sh600603,0,0,0
sh600655,0,6480,0
sz002675,0,0,0
sz002020,45608,39328,0
sz000048,0,0,0
sh600871,5906,0,0
sz002404,0,0,0
sz002500,5316,14860,0
sh601015,23007,14361,0
sh603086,0,0,0
sz002857,0,0,0
sh601678,18287,4177,0
sz000978,0,0,0
sh603033,0,0,0
sz300031,1886,0,0
sz300306,0,0,0
sh600235,0,0,0
sh603737,0,200,0
sh601211,10509,21330,0
sh600366,0,0,0
sh601198,0,800,0
sz300053,2149,6899,0
sh600297,1500,7334,0
sh603160,0,248,0
sz002623,0,0,0
sz002294,8946,4075,388
sz002655,6010,1555,0
sz002903,1264,1421,747
sz300696,306,0,0
sz000090,0,1433,0
sz000731,1662,15462,0
sz002464,7992,5390,2300
sz002544,0,0,0
sh600600,5612,6624,298
sh603718,3500,0,0
sz300341,0,0,0
sz002138,0,643,0
sz300448,0,0,0
sz300213,0,0,0
sz000045,0,0,0
sz002157,6121,32557,0
sh600053,0,0,0
sh600697,0,0,0
sh603906,0,0,0
sz002106,0,2000,0
sh600490,11617,1391,0
sz300288,433,0,0
sz300277,0,0,0
sz002819,0,0,0
sz300525,0,0,0
sh600077,0,3519,0
sz002802,0,0,0
sz300051,0,5679,0
sz300023,0,0,0
sz000514,0,0,0
sz000798,0,0,0
sz002498,3056,3492,0
sz002535,0,0,0
sh603318,5322,3077,700
sh603225,0,0,0
sz000961,24729,24165,0
sh603609,0,0,0
sh600027,8892,4855,0
sh600097,0,0,0
sh600383,16718,33313,0
sz002484,0,0,0
sh603738,0,0,0
sh603288,515,391,0
sh600897,500,0,0
sz300254,0,0,0
sz000498,0,0,0
sh603355,0,0,0
sz300206,0,0,0
sz000301,0,0,0
sh603289,544,1623,0
sz002668,0,1214,0
sz002883,0,0,0
sz002848,0,0,0
sz300403,0,0,0
sh600020,14530,22978,0
sh600784,0,0,0
sh600730,0,0,0
sh600825,0,0,0
sh600516,532233,498086,80069
sz300298,0,1211,0
sh600398,10919,0,0
sz002246,0,2770,0
sz002378,7540,2164,0
sh601108,20961,40876,633
sh600601,0,0,0
sh603722,803,1148,0
sz300268,3159,0,0
sz002862,0,0,0
sz002353,4495,9663,0
sz002379,0,0,0
sh600836,0,0,0
sh601002,11842,50658,0
sh600300,0,2487,0
sz000605,755,0,0
sh600029,89826,162720,2155
sz000541,0,2610,0
sz002120,236,0,0
sz300610,0,0,0
sh603377,260,300,0
sh600203,0,0,0
sh600618,0,0,0
sh603908,0,0,0
sz300360,0,0,0
sz002888,419,0,0
sz300241,5902,2808,1222
sz000545,2482,0,0
sz000570,0,0,0
sz300540,0,0,0
sz002446,0,3817,0
sh600021,0,0,0
sh600507,27297,31598,1365
sz002010,2187,860,0
sh603339,0,0,0
sh601985,6652,12066,0
sz002730,0,770,0
sh603368,0,0,0
sz300009,22026,61908,383
sz002278,40462,6012,0
sz002820,0,0,0
sz300352,0,0,0
sh600748,0,0,0
sz002687,0,0,0
sz002383,722,777,0
sz300458,0,1782,0
sz000826,8384,10902,0
sz002486,4000,0,0
sh603637,0,0,0
sz000721,0,0,0
sh603077,0,6352,0
sz002097,0,0,0
sz002756,1877,3249,0
sh603179,0,0,0
sz300485,0,0,0
sh603882,0,0,0
sh600819,0,0,0
sh600418,45276,32651,4935
sh600107,1956,1721,0
sh600348,74292,27988,1634
sh600605,0,0,0
sz002224,0,0,0
sz002750,0,0,0
sz002514,0,0,0
sh600023,2000,7549,0
sz000983,85922,51595,1918
sz002166,0,0,0
sh600998,600,0,0
sh600966,6673,4339,0
sh600073,0,3464,0
sz002186,0,0,0
sh600979,0,0,0
sz002240,1900,4999,0
sz000863,12000,0,0
sz002044,1019,5830,0
sz002272,0,1815,0
sz002664,0,400,0
sz002322,0,0,0
sz300095,0,0,0
sz300158,0,0,0
sz002513,0,0,0
sz000967,1202,2295,0
sz002740,0,1266,0
sh601200,804,520,0
sz002860,0,0,0
sz300314,0,0,0
sz300400,0,1270,0
sz002141,0,0,0
sh603599,0,0,0
sh603933,0,0,0
sz300301,2000,0,0
sz000559,4381,6409,1324
sh600569,35957,60883,0
sh600088,0,0,0
sh603067,0,0,0
sz300136,9685,14273,792
sz002846,0,1644,0
sh600844,0,0,0
sh600677,0,0,0
sz300171,0,0,0
sz002869,0,0,0
sz002432,0,3255,0
sh600862,0,0,0
sh600853,0,0,0
sz000776,19117,37877,0
sh603586,0,0,0
sz002091,0,0,0
sh600481,0,0,0
sz002347,0,0,0
sz300074,7557,2105,0
sz002059,0,0,0
sz300555,0,0,0
sz000581,11800,18216,0
sh600195,0,0,0
sz002515,0,0,0
sz002165,0,0,0
sz300316,20124,42033,801
sh600066,31267,16518,2014
sz300566,0,0,0
sh600486,1289,3902,0
sz300302,0,0,0
sz002013,1835,3722,0
sh600019,122093,69532,1427
sz002564,2841,1629,0
sz300039,0,0,0
sz002612,0,0,0
sz000677,0,5000,0
sz300440,0,0,0
sz300175,5297,1510,0
sz002683,0,0,0
sz300253,0,0,0
sz300402,0,0,0
sz300284,0,0,0
sz000760,0,0,0
sh600090,1500,0,0
sz002034,270,385,0
sz000917,0,2627,0
sz002267,7229,9585,0
sz300199,1460,7563,0
sh600536,0,0,0
sz300561,0,0,0
sh600258,0,389,0
sh601339,0,0,0
sh600193,0,0,0
sz300162,0,0,0
sh601101,5713,3993,0
sz000997,1357,1000,0
sz300506,0,0,1500
sh603101,0,0,0
sz300062,0,0,0
sz000908,0,0,0
sh600156,0,0,0
sz000037,0,0,0
sh600247,0,0,0
sz002110,36835,41502,519
sh603018,0,0,0
sh603658,0,561,0
sz002362,0,2196,0
sh601377,15701,18916,0
sz002896,748,0,0
sz000561,0,0,0
sh600380,5502,13340,0
sh603612,2001,2525,0
sz002375,0,0,0
sh600763,0,400,0
sz300105,0,0,0
sz002823,0,0,0
sz002212,3300,2384,0
sz002305,9159,0,0
sz300362,0,0,0
sz000717,155566,139552,3080
sh600737,0,0,0
sh600206,67631,77455,6339
sz002053,0,0,0
sz000777,1947,0,0
sz002831,0,667,0
sh600816,31273,8503,0
sz002024,42308,108358,823
sz000912,107606,7741,0
sz000533,1841,2025,1025
sz002913,3837,5083,237
sh603726,0,0,0
sz000913,0,0,0
sh600426,18696,46395,804
sz300054,0,2755,0
sh603076,3942,4988,302
sh600123,45808,18073,0
sz000993,0,0,0
sz002562,1870,3765,0
sz300549,0,0,0
sh600585,49537,74637,2209
sh600821,0,0,0
sz002686,0,0,0
sz300101,0,2080,0
sz300192,1087,900,0
sz002040,0,0,0
sh600400,0,0,0
sz002845,1431,0,0
sh600749,0,0,0
sh603387,0,0,0
sh603928,0,0,0
sz000833,0,0,0
sz002001,41791,47428,3525
sz002832,0,0,0
sz000720,0,0,0
sz000598,0,2105,0
sh600051,0,0,0
sz300114,0,0,0
sz002709,3259,2418,0
sz300329,0,0,0
sh600826,0,0,0
sh601008,0,0,0
sh603567,0,0,0
sz002205,0,0,0
sh601226,0,0,0
sz000338,128542,128775,6039
sz002808,0,0,0
sz002757,0,1056,0
sz300481,929,2669,800
sh600255,3000,0,0
sz002550,0,0,0
sh600551,0,0,0
sz000551,0,0,0
sh603389,0,0,0
sh603926,0,0,0
sz000612,0,1198,0
sh600063,0,0,0
sz300509,0,0,0
sz002332,0,0,0
sz000837,0,2420,0
sz000713,0,0,0
sh600230,3036,5190,0
sh603298,0,792,0
sz002310,2486,5820,0
sh600511,0,2598,0
sh603535,0,0,0
sh600120,0,694,0
sz300117,0,0,0
sz000538,3192,7926,267
sh601908,1965,6470,0
sz000683,16332,4312,0
sz002088,0,0,0
sz300423,400,0,0
sz000060,52035,27882,0
sz300262,5462,0,0
sh600770,0,1812,0
sh603337,0,0,0
sz000521,0,0,0
sz002528,0,0,0
sh603665,0,0,0
sz000780,0,0,0
sz002533,0,0,0
sh603129,0,0,0
sz002912,2050,1834,266
sz000151,0,0,0
sz002695,0,617,0
sh601010,0,0,0
sz000059,5904,4706,0
sh603359,292,636,0
sh601886,0,1358,0
sz300675,3228,1581,527
sz002427,2281,774,0
sh600782,68226,44350,2290
sh600917,24930,20063,0
sz000972,0,2753,0
sz000628,0,0,0
sz000968,18666,15447,704
sh600425,9893,0,0
sz002244,0,1754,0
sz300630,561,157,0
sz002148,0,1922,0
sz000543,0,0,0
sz300266,4506,6547,0
sz300016,1147,2595,0
sh603690,0,1181,0
sz000985,0,0,0
sz300412,0,0,0
sz002367,0,0,0
sz300320,800,0,0
sz002589,2220,0,0
sz300201,0,0,0
sz000552,7782,6969,0
sz002640,5052,1298,0
sz002865,2788,2278,0
sz300442,0,0,0
sh603043,0,0,0
sz002066,0,1207,0
sz002129,137896,260047,3900
sz300106,0,0,0
sh603042,370,0,613
sz300552,0,0,0
sz300046,0,566,0
sh603970,1675,3587,0
sz000639,0,0,0
sz002628,0,0,0
sz002606,24713,20322,893
sh600903,78899,146983,5668
sz002613,0,0,0
sz002320,0,1007,0
sz002137,0,0,0
sz002688,0,0,0
sz002716,0,1682,0
sh600776,0,1460,0
sz000690,45446,17407,0
sz002729,3501,2086,0
sh600385,0,0,0
sz002338,0,0,0
sz000596,625,1716,0
sh600678,0,0,0
sz002900,0,1144,0
sz002002,0,1502,0
sz300128,19477,30267,0
sz300311,0,0,0
sz300547,0,0,0
sz000012,1960,6156,0
sh600015,44745,51366,0
sz002271,3405,4296,0
sz300615,0,0,0
sh600812,0,0,0
sz002485,595,0,0
sz002538,1374,0,0
sz300493,0,1498,0
sz300001,0,0,0
sh601126,0,1516,0
sz002070,0,0,0
sz002323,0,2706,0
sz000567,0,500,0
sz002360,0,0,0
sz000550,0,0,0
sh600847,0,0,0
sh600252,31887,20907,0
sh600704,0,3397,0
sz300022,0,11688,0
sh601019,3818,16539,0
sz300559,0,0,0
sh600965,0,1172,0
sh600367,0,0,0
sz300197,26158,13748,0
sz000697,1191,500,0
sz002307,2253,980,0
sh600726,0,0,0
sh603269,0,0,0
sh601966,700,755,0
sh600823,0,9521,0
sh600573,2000,0,0
sz002386,2929,6066,0
sh600330,14848,64284,2864
sz300110,18010,20119,0
sz002146,43846,22911,0
sh603898,820,0,0
sz002108,1092,0,0
sh600626,0,0,0
sh600462,0,3004,0
sh600338,2226,243,0
sh603299,0,0,0
sz300702,0,268,0
sz002791,0,0,0
sz000560,1192,4898,0
sh600071,867,0,0
sz300024,760,619,0
sz002864,10412,13796,0
sz000899,0,0,0
sz002154,0,3174,0
sz300636,0,0,0
sh600866,0,0,0
sz000729,2961,10903,0
sz000513,3762,8815,1003
sh601366,0,0,0
sz300098,1684,7009,0
sh603803,0,0,0
sz300371,0,0,0
sz000070,0,0,0
sz000929,0,1540,0
sz300155,0,0,0
sz000989,0,0,0
sh603363,0,3490,0
sh603678,400,1461,0
sh600790,0,0,0
sh600828,0,0,0
sh600967,5712,0,0
sz002408,997,9914,0
sh603887,0,0,0
sz002077,0,0,0
sz300077,15731,20932,0
sz300163,0,0,0
sh600241,0,0,0
sz002356,2069,0,0
sh600509,0,0,0
sh600268,0,0,0
sz002532,0,0,0
sh603069,0,813,0
sz000516,0,9294,0
sh603303,0,1627,0
sz002435,0,800,0
sz002306,0,6792,0
sh600237,0,0,0
sz002374,0,0,0
sz000014,4668,0,0
sh600280,0,1256,0
sz000419,0,0,0
sz300124,22606,8400,0
sz002917,19923,56215,3504
sh600098,0,6925,0
sz002014,0,1867,0
sz002400,0,0,0
sz002155,1734,5608,0
sh603618,0,0,0
sh600232,0,0,0
sh600604,12758,0,0
sh601233,41719,26917,1196
sh600010,26908,30567,0
sh603345,0,0,0
sz000998,5686,17035,912
sz002422,1885,5767,0
sh600986,0,0,0
sz000753,0,0,0
sz300349,4213,4706,333
sh603123,0,0,0
sh601166,150549,232603,1008
sz000751,18469,9279,0
sh603398,0,0,0
sh600675,0,0,0
sz002403,0,0,0
sh600068,7258,26049,1960
sh603615,0,0,0
sz300148,0,0,0
sh603959,735,0,0
sz000652,0,0,0
sz002093,0,1550,0
sz300303,0,4281,0
sh603096,0,0,0
sz300472,0,0,0
sz002187,0,0,0
sh603569,0,0,0
sz002213,0,0,0
sz002391,0,0,0
sz002443,0,1245,0
sh600996,0,0,0
sz300562,0,0,0
sz002027,40602,42400,927
sh600141,2691,2092,0
sh600213,4053,4307,0
sz002215,0,1699,0
sh600643,46265,62124,0
sz002094,0,647,0
sh600185,0,4105,0
sz000685,0,1006,0
sh600652,7495,0,0
sz002506,4398,27136,0
sz002497,60366,39176,4554
sh603260,9482,18344,1327
sz000957,18581,60149,0
sz000889,0,5066,0
sh603338,0,0,0
sz002504,0,0,0
sz300698,0,0,0
sh600872,6334,8659,0
sh600368,0,0,0
sz000960,10426,9557,0
sz300003,2664,6915,0
sh600234,0,0,0
sz002373,970,6391,0
sh600064,0,0,0
sh600985,38864,97571,0
sz000877,6795,6218,0
sz300305,0,0,0
sz300713,0,0,0
sh600222,0,0,0
sz000039,22795,55759,3384
sz002410,1492,4057,0
sh600997,11459,3763,0
sh600069,4329,2120,0
sz300135,0,0,0
sz300533,0,0,0
sz002629,0,0,0
sh600753,1940,0,0
sh600288,2500,0,0
sh603022,0,0,0
sz002707,0,0,0
sh600665,0,0,0
sh601107,0,4353,0
sz300569,0,525,0
sz002043,0,3855,0
sh600007,0,0,0
sz002185,57432,58394,2041
sz000503,32265,33633,2340
sz002763,0,0,0
sz002614,1297,623,0
sh600420,0,0,0
sz300719,1958,601,0
sz300535,308,0,0
sz300181,12522,40997,4952
sz000505,1400,1500,0
sh600363,0,0,0
sh603477,0,0,0
sz002430,0,5496,0
sz002554,0,0,0
sz300529,0,500,0
sz002882,0,0,0
sz002522,0,0,0
sh600589,0,0,0
sz002745,0,0,0
sh601766,482431,628214,18777
sh600510,0,0,0
sz000738,0,1949,0
sh601518,0,0,0
sz002232,0,0,0
sh603885,0,6819,0
sh601881,9292,8757,0
sz000096,0,0,0
sz300460,0,0,0
sz002296,0,0,0
sz300678,1431,1593,506
sz300221,3240,1980,0
sz000568,5183,12562,584
sz300609,0,0,0
sh600086,4367,1063,0
sz300573,0,0,0
sz300499,0,0,0
sh600550,1683,2171,0
sz002234,0,1232,0
sz000990,0,0,0
sh600410,8718,4287,0
sz000860,1966,1623,0
sh603008,0,0,0
sz000803,0,0,0
sz002826,0,0,0
sh603966,0,0,0
sz300537,0,0,0
sh601618,10421,31597,0
sh600132,0,4125,0
sz300381,0,0,0
sh601288,1094609,849128,0
sz002421,0,0,0
sh600078,0,0,0
sh601699,165293,157728,8529
sh601997,5965,19417,0
sz300044,785,831,0
sz300491,0,0,0
sh600874,20499,32717,2231
sz002714,878,6093,0
sz300165,0,0,0
sh600329,0,1997,0
sz001896,0,0,0
sh600718,0,3127,0
sh600060,800,1819,0
sz300033,428,754,0
sh603607,1445,909,0
sh600163,0,0,0
sz002673,814,12386,0
sz002698,0,0,0
sz300252,0,0,0
sh603228,512,796,0
sz002799,0,1471,842
sz002821,479,768,0
sz000150,13439,700,0
sz300685,289,0,0
sz002342,0,0,0
sh601118,2338,19500,0
sh600397,0,0,0
sz000417,0,0,0
sz002734,0,0,0
sz000608,0,0,0
sz002316,0,0,0
sh603035,0,0,0
sz002670,3398,6868,0
sz300495,836,0,0
sz002830,0,0,0
sz300532,0,0,0
sh603330,0,0,0
sh600169,0,8495,0
sz000603,0,0,0
sz000011,0,0,0
sz002680,0,0,0
sz000669,0,0,0
sz300344,997,1136,0
sz002222,1202,7633,0
sh600959,0,0,0
sh600340,13510,23352,3292
sh600804,10867,3455,0
sz000009,2049,0,0
sz300723,4435,6368,0
sz000895,4991,7128,0
sz300578,0,0,0
sz002727,0,0,0
sz300118,0,1129,0
sz300269,0,806,0
sh600845,0,0,0
sz002899,0,411,0
sz002662,0,2000,0
sz002781,0,501,0
sz002324,0,0,0
sz002852,0,0,0
sz002429,33189,12879,0
sz002238,0,0,0
sz300516,0,0,0
sz002785,0,884,0
sz002669,541,5136,0
sh600691,40328,54891,0
sh600458,0,0,0
sz300676,2488,7748,717
sh600072,1202,0,0
sz300170,1975,2665,0
sz002005,0,0,0
sz300194,0,0,0
sz000008,23384,3261,0
sz300096,5007,2435,0
sh603703,0,705,0
sh603727,431,451,0
sz000572,15388,11047,0
sz002287,0,0,0
sz002206,0,0,0
sh600557,0,1139,0
sh600520,23819,29327,2346
sz300215,0,0,0
sz000828,0,0,0
sz002288,0,2708,0
sh600538,0,0,0
sh600778,0,0,0
sh603985,0,0,0
sz300645,0,0,0
sz002890,1405,0,0
sh600100,15398,6564,0
sh600686,4321,3492,0
sh600723,0,0,0
sz000679,0,0,0
sz002816,0,0,0
sz300019,0,0,0
sz002073,2899,3372,0
sz002355,11107,6148,0
sh603636,8629,18014,0
sz002412,0,0,0
sh601800,0,18433,0
sz300279,0,2100,0
sz002650,75483,4439,0
sh601106,24055,14129,0
sh600199,0,2018,0
sh600279,0,0,0
sz002822,1465,0,0
sh600876,2894,3226,598
sh601375,3165,5043,0
sh603717,438,0,0
sz002209,0,0,0
sh600433,0,3087,0
sh603797,7947,10912,1033
sh600598,0,13248,0
sh600975,0,0,0
sz002377,0,3818,0
sh600532,0,0,0
sz000936,0,3500,0
sh603679,0,419,0
sz300729,1955,341,682
sz002842,0,0,0
sh603809,2168,327,0
sz002413,0,0,0
sh600221,20038,85176,0
sz300628,94,110,0
sz000915,350,485,0
sz002388,0,0,0
sz002736,2500,2169,0
sh603116,0,0,0
sh603843,0,0,0
sh603466,1277,677,0
sz300021,0,0,0
sz002594,87559,51709,13585
sz002279,0,0,0
sz002909,0,0,0
sh600789,3152,4565,0
sz000762,25169,11123,1328
sz002693,0,0,0
sz300673,0,0,0
sh601158,0,0,0
sh603721,415,0,0
sz002450,24030,59137,1266
sz002482,0,1700,0
sz000862,0,0,0
sh600393,0,0,0
sh603669,0,0,0
sz002706,3400,1826,0
sh600779,1528,2612,0
sz300703,0,0,0
sh600833,0,0,0
sh600561,0,0,0
sz002123,5442,3904,0
sh600336,0,0,0
sz300219,0,2000,0
sz002566,0,0,0
sh601601,39958,67697,1798
sz002268,1850,1092,0
sh600038,942,2966,229
sz002626,0,1730,0
sh600293,0,0,0
sh600566,802,1889,0
sh600333,107541,155781,11887
sz002617,0,0,0
sz002815,0,0,0
sh600306,0,0,0
sh600705,15133,17452,0
sh600115,107547,165209,1441
sz300059,49485,80476,0
sz300621,0,0,0
sh603180,0,945,0
sz002748,2111,2150,0
sz002290,0,0,0
sz000633,4162,0,0
sh603300,0,0,0
sz002174,0,493,0
sz300625,0,0,0
sz002038,0,2945,0
sz000532,0,0,0
sh601318,631435,636613,92865
sh603090,0,0,0
sh600500,3945,4433,0
sz300232,0,0,0
sz300389,0,0,0
sh601919,5349,26700,0
sh600773,3052,10059,0
sh600028,455146,402229,0
sz300087,1055,5999,0
sh600884,34165,13799,2055
sz300294,0,0,0
sz000018,0,3495,0
sh600177,17209,4220,0
sh600295,1933,2866,0
sh600527,9804,0,0
sz002692,0,2453,0
sh600735,0,0,0
sh601633,5316,1025,0
sz002135,0,0,0
sh600125,28897,64198,0
sz000716,0,0,0
sh600531,0,0,0
sh600502,1640,30554,0
sh603020,0,0,0
sz300604,0,892,0
sz300357,0,0,0
sh603326,0,0,0
sz300160,0,0,0
sz000791,0,1383,0
sz300633,0,0,0
sh603605,4576,3621,0
sh600200,18416,34014,7241
sz300489,0,0,0
sz000875,0,0,0
sz000068,0,0,0
sh603990,0,0,0
sz000920,0,0,0
sz002264,4173,10661,0
sz000723,8400,10178,0
sz300036,702,0,0
sz000952,0,0,0
sz000078,0,0,0
sz002282,0,0,0
sh600588,0,0,0
sz002031,0,0,0
sh601388,63596,37001,0
sz300657,0,214,0
sz300283,1924,0,0
sz002638,0,0,0
sh600488,0,0,0
sz002078,5618,26574,0
sz002056,8171,2198,0
sh600343,0,0,0
sh600760,30830,12344,1593
sz000785,0,0,0
sz300103,0,1386,0
sh600683,0,0,0
sh603030,0,0,0
sz002139,0,2301,0
sz000718,0,0,0
sh600725,0,0,0
sz002202,36371,64982,2069
sz300718,566,279,0
sz002593,0,0,0
sz002283,6029,2000,0
sz000756,1000,2415,0
sh603903,2067,13469,0
sz300238,2000,438,0
sz300196,0,0,0
sh600176,26337,47226,0
sz000504,12189,1445,0
sz002508,2666,4119,0
sz300414,0,0,0
sz002678,0,0,0
sh600805,0,0,0
sh600152,0,0,0
sh603518,0,0,0
sz300368,0,1500,0
sh600615,0,0,0
sh600708,0,0,0
sz002621,0,1439,0
sh600519,8132,12399,1434
sz000428,0,0,0
sh603689,19801,29869,3186
sh603038,0,0,0
sz002461,0,0,0
sz000155,64933,52800,0
sz300245,0,0,0
sz300328,0,0,0
sh603208,0,0,0
sh603197,0,0,0
sz300126,0,0,0
sz000488,5459,13864,0
sh603806,0,360,0
sh603266,0,0,0
sz000020,0,0,0
sz002635,454,891,0
sh603283,0,0,0
sh600372,0,3310,0
sz002472,0,0,0
sz000502,0,0,0
sh601098,3125,3285,0
sz000786,26023,54528,1088
sh600875,7047,32056,1602
sh603159,0,0,0
sz002879,298,832,0
sz000736,0,0,0
sh603768,0,0,0
sh600518,3329,11043,672
sz000835,1407,0,0
sz002158,0,0,0
sz300421,0,0,0
sz002295,0,0,0
sz002304,3327,5511,0
sz002134,0,0,0
sz300654,0,0,0
sh603500,0,0,0
sz300338,509,0,0
sz300178,0,0,0
sh603890,19052,17592,743
sz002221,9693,29795,0
sh600236,0,0,0
sz002028,0,1007,0
sh600676,0,0,0
sz000650,0,0,0
sz002318,0,0,0
sh603829,752,5134,0
sz002871,0,0,0
sz002590,0,0,0
sz002467,5208,2146,0
sz002284,0,0,0
sh600408,0,4330,0
sz300692,2462,1861,258
sz300436,0,0,0
sz002471,6628,0,0
sz000555,2008,0,0
sh600508,0,2696,0
sz000411,0,0,0
sz000981,0,0,0
sz000607,0,2228,0
sz002193,657,0,0
sh603603,1723,702,0
sz000582,0,0,0
sz000869,1342,2221,0
sz300582,0,0,0
sh603268,1613,0,0
sh601012,44519,80721,6057
sz002866,0,0,0
sz002300,0,0,0
sh603029,649,0,0
sz300006,0,0,0
sz300581,0,0,0
sz300188,4272,5950,0
sz300545,197,0,0
sh600103,2793,0,0
sz002921,0,0,0
sz300228,0,967,0
sz300007,0,0,0
sz002818,0,0,0
sh603357,1361,1643,0
sh601933,193952,325215,1410
sh600869,0,0,0
sz000403,500,400,0
sz300057,0,0,0
sh601016,0,14653,0
sz300474,0,204,0
sh601607,2118,7517,0
sh600595,20259,11028,0
sz000868,112049,73134,1402
sz000788,0,0,0
sz002885,0,0,0
sz002114,0,0,0
sz300355,25615,33648,1060
sh601186,15205,25658,0
sz300343,959,0,0
sz300386,648,0,0
sh600403,0,0,0
sz300132,0,0,0
sz300064,4740,3568,0
sz002516,0,0,0
sh600537,0,5684,0
sz002216,0,0,0
sz000970,27728,13683,0
sh600158,0,2555,0
sh600004,717,17265,0
sz000599,0,0,0
sh601500,0,0,0
sh600692,0,0,0
sz000597,6000,3930,0
sz002619,4776,9825,0
sz002262,817,3579,0
sz300182,14372,32847,0
sh600668,0,0,0
sh601700,0,0,0
sh600528,1019,11254,0
sz002488,845,0,0
sz002085,2998,0,0
sh603707,896,2723,0
sh603685,1144,0,0
sz000735,0,3584,0
sz002828,0,0,0
sh600059,0,2838,0
sz000635,0,0,0
sz000725,3112557,2818391,0
sh600885,520,245,0
sz002856,6489,2755,0
sz002468,890,651,0
sz002463,33811,55472,0
sz300295,684,953,0
sz300281,1308,0,0
sz000537,2101,3951,0
sh600337,0,0,0
sh600299,0,0,0
sz002026,0,0,0
sh600882,0,0,0
sh600270,673,1558,0
sz000898,39510,20564,0
sz000969,0,1254,0
sz000921,0,4510,0
sh600175,0,2000,0
sz002788,0,0,0
sh603133,0,0,0
sz300369,0,0,0
sz002527,0,0,0
sh601326,0,305661,2828
sh600894,1391,0,0
sh603060,0,0,0
sz300482,1196,316,0
sz002897,273,0,0
sz300690,0,0,0
sh600746,0,0,0
sz002737,0,0,0
sh601608,0,0,0
sz002652,0,0,0
sh601801,0,1084,0
sh600487,31425,48992,2544
sz002651,2539,2004,0
sz000609,0,0,0
sz300239,0,0,0
sz000759,5030,6590,0
sh600835,7289,6829,447
sh603319,0,0,0
sh601901,9245,30083,0
sh600647,0,0,0
sz002220,1500,0,0
sz002838,0,0,0
sz300047,0,0,0
sz002048,2222,4423,0
sh600939,45721,42228,1267
sh603859,512,0,0
sh603507,0,635,0
sz002792,1080,854,0
sh600018,22197,110702,0
sz002274,0,0,0
sz000601,0,0,0
sh600271,13493,40405,0
sz300435,0,0,0
sh600223,0,4635,0
sh600880,0,0,0
sz002558,1909,992,0
sh600701,6108,1838,0
sz300141,0,1032,0
sz300179,0,0,0
sz002247,1070,1818,0
sh601000,2560,36321,0
sz002159,0,0,0
sz300169,0,0,0
sz002351,0,1331,0
sz002813,0,0,0
sz300290,0,0,0
sz000796,0,2530,0
sz002451,0,0,0
sz002473,0,0,0
sz000002,74227,45543,4933
sh600720,24399,9177,2532
sh600460,173459,253048,10665
sz300157,4429,2756,0
sz002611,0,1000,0
sh603308,0,0,0
sh603278,2640,2797,0
sh600933,2478,5467,663
sh600416,0,0,0
sz002859,0,521,0
sz002036,816,7315,0
sz300479,0,0,0
sz300264,0,1600,0
sh600637,662,2147,0
sh600496,0,5739,0
sh600183,33276,31094,649
sz002839,2483,16691,0
sz300649,0,347,0
sh600714,0,0,0
sz000890,0,0,0
sz002022,785,766,0
sz300172,0,0,0
sz300445,0,0,0
sz002315,0,0,0
sh603789,815,1625,823
sh603788,340,500,0
sz000758,2000,1700,0
sz002299,730,7438,1005
sh600085,0,1041,0
sz300353,0,0,0
sh603778,0,0,0
sh600359,0,0,0
sh603316,0,0,0
sz002409,1519,4543,406
sz002286,0,0,0
sh603725,0,0,0
sh600396,0,0,0
sz000032,0,0,0
sz002574,0,0,0
sh601999,0,0,0
sz300204,0,0,0
sz002329,0,0,0
sz300339,0,0,0
sh600610,0,0,0
sz300236,1991,1395,0
sz002326,2611,958,0
sh603757,0,0,0
sh603499,0,0,0
sz002330,0,0,0
sz002645,0,0,0
sz300416,0,0,0
sz000571,0,0,0
sh600121,0,0,0
sh600978,0,0,0
sh600580,3527,1335,0
sz002152,3515,45567,0
sz000858,47323,67711,8712
sz000558,0,8266,0
sh600345,2356,6645,0
sh601880,0,3601,0
sz002567,18106,122237,0
sh600469,0,0,0
sz002277,2601,1885,0
sz300070,2549,5840,0
sz300041,0,0,0
sz300008,2046,0,0
sh601011,294741,210734,1146
sh603177,5044,5060,0
sh603002,11595,4443,0
sh600657,0,0,0
sz002644,0,0,0
sh600761,0,1022,0
sh600421,0,0,0
sh600999,10092,14168,0
sh603527,1263,453,0
sz000100,124953,151418,0
sh600644,0,0,0
sh600981,0,0,0
sh600012,0,0,0
sz300666,4688,7740,0
sh600993,0,6056,594
sh600919,21651,67307,0
sz300695,0,0,0
sz300577,0,0,0
sz002176,35669,32463,0
sh603817,4954,9798,0
sz300083,1940,18744,0
sh600802,0,0,0
sz000523,0,0,0
sz000062,0,449,0
sh603313,0,0,0
sh600438,41535,44539,0
sh600379,0,0,0
sz002179,658,0,0
sz002920,0,0,0
sz002196,2478,3820,0
sh603880,0,0,0
sh603003,0,0,0
sh603916,3378,2025,0
sz000767,0,0,0
sz002646,0,0,0
sh600290,18481,3492,0
sh603900,623,0,0
sz300210,0,0,0
sh603901,0,0,0
sz000665,0,0,0
sh600351,19607,28317,0
sz000661,1174,1809,0
sz002164,0,0,0
sz002919,0,0,0
sh601866,0,3363,0
sz002425,0,16167,0
sz300427,0,0,0
sz002495,0,0,0
sz002759,0,682,0
sz002715,500,0,0
sz000882,5000,0,0
sz002218,111029,92267,0
sz000065,0,1600,0
sz002573,23195,15130,2769
sz002480,0,1600,0
sz002752,1230,0,0
sh600215,0,7958,1001
sh603444,0,123,0
sz300312,1400,3568,790
sh603320,0,0,0
sz300683,0,0,0
sz002203,0,0,0
sz000973,0,4154,0
sz000949,54450,3346,0
sh600395,9901,1568,0
sz300045,0,0,0
sh603701,0,0,0
sz002636,0,0,0
sz300515,0,0,0
sz002908,5043,8215,983
sz000659,8701,17243,0
sz300543,0,0,0
sz300229,0,2440,0
sh603838,0,0,0
sh600699,3334,7166,755
sh600547,9785,7815,0
sz002772,0,0,0
sh600461,0,2000,0
sh601137,1031,0,0
sz002560,0,0,0
sh600246,0,0,0
sh603888,0,0,0
sz002109,0,0,0
sz002449,0,1454,0
sz300450,881,1504,0
sz300480,0,0,0
sh600233,0,0,0
sz000818,12853,17887,0
sh600211,0,0,0
sz300720,0,0,0
sh600405,0,0,0
sh603127,0,0,0
sh601628,10267,42432,1789
sh603787,0,0,0
sz000662,0,0,0
sz002313,9480,11610,1380
sz002081,9113,23004,1034
sh603089,0,0,0
sz002796,0,0,0
sz002118,0,5399,0
sz000963,4383,6413,0
sh600482,3483,1117,0
sh600732,0,0,0
sh600995,0,0,0
sz300527,1000,928,0
sz000951,1222,1944,0
sz002089,1840,2557,0
sh603979,0,0,0
sh603920,5677,3232,0
sh603040,0,162,0
sh600439,3000,2488,0
sh601100,1236,1611,0
sh600390,3221,0,0
sz000510,1669,0,0
sz002380,0,0,0
sz300531,0,0,0
sz002674,0,0,0
sz300212,1329,4696,0
sz300570,0,509,0
sh600052,0,0,0
sz300026,9200,37749,0
sh600681,1513,0,0
sz000811,0,2854,0
sz002474,0,0,0
sh600703,103046,195337,9488
sz002253,0,588,0
sz300115,5967,14068,1618
sh600983,0,0,0
sh600597,0,684,0
sh600406,8109,20163,0
sh603968,0,0,0
sh600319,0,3085,0
sz000611,0,0,0
sz300432,0,0,0
sz002172,0,0,0
sh600463,0,0,0
sh600535,1501,3621,0
sz300699,4201,3914,0
sh600219,100597,70372,0
sz300321,0,0,0
sh603519,0,510,0
sh600184,0,0,0
sz002407,9796,2617,0
sh603818,0,0,0
sh603026,637,0,0
sz002505,42491,125333,0
sz300380,0,0,0
sh601020,517,0,0
sz000576,989,0,678
sh603758,0,0,0
sh600331,2951,6350,0
sh600563,0,515,0
sh600751,0,12571,0
sh600399,0,0,0
sz300501,0,0,0
sz300616,0,74,0
sh603659,9780,5911,1135
sh600682,4430,8928,1453
sz300593,0,0,0
sz000705,0,0,0
sz300131,0,0,0
sz002245,5691,41402,0
sz000023,0,0,0
sh603232,0,0,0
sz000416,0,0,0
sz300280,0,0,0
sh600267,3510,4313,0
sz300422,592,0,0
sz000830,41739,49110,1253
sz300599,0,0,0
sh600628,0,1004,0
sz002789,0,0,0
sz000573,0,0,0
sh601992,40062,32317,0
sz002665,11744,18375,0
sz002721,33731,52295,0
sz000404,9313,5000,0
sh603007,0,0,0
sh603839,675,0,0
sz002634,23641,11656,0
sh600285,1287,0,0
sz300287,9530,3102,0
sh600758,0,1809,0
sh601558,0,0,0
sz002867,538,0,0
sz002436,3000,14670,0
sh600155,0,3149,0
sz300407,0,0,0
sh600513,0,0,0
sz000938,9641,7757,1122
sz000158,0,0,0
sh601858,0,2827,1046
sz000016,2992,5331,0
sh603025,0,0,0
sz300099,0,0,0
sh603779,0,929,0
sh600429,0,0,0
sz000966,0,0,0
sz002438,0,0,0
sz002663,0,0,0
sh600759,5648,0,0
sz300373,4505,4806,0
sz002276,1428,1288,0
sz002546,0,0,0
sz002385,1923,13332,0
sz002615,0,0,0
sz300589,0,0,0
sz300052,0,0,0
sz002691,0,0,0
sh603188,0,0,0
sh600590,0,1200,0
sh603661,301,1033,0
sh600289,0,0,0
sz300325,11270,6200,0
sh600375,0,6233,0
sz002080,0,1627,0
sz300711,375,2522,2000
sz300265,0,0,0
sh600419,0,227,0
sh600190,0,0,0
sz002492,0,0,0
sz002778,0,0,0
sh600287,0,0,0
sz002490,0,0,0
sz002208,0,0,0
sz002100,0,0,0
sz002723,0,0,0
sz002481,2515,2925,0
sh603663,0,0,0
sz300378,0,0,0
sz300127,1469,0,0
sh600435,0,7198,0
sh603165,393,231,0
sz000859,0,0,0
sz000948,0,0,0
sh601811,0,0,0
sh603766,11076,10870,0
sz300275,0,0,0
sz300668,0,0,0
sz300697,3251,1511,0
sz002496,0,7022,0
sz002677,0,598,0
sh603396,0,1058,0
sh603106,1052,2370,0
sh603169,0,0,0
sz002229,0,0,0
sh600596,1189,2910,0
sz300249,0,0,0
sz002328,0,0,0
sz002084,0,2000,0
sh601898,4958,8965,0
sz300601,0,0,0
sz002416,0,0,0
sz300469,300,0,0
sz002728,0,0,0
sz002025,3873,3609,0
sh600719,0,0,0
sz300120,840,0,0
sz002074,10670,3498,0
sz300067,0,0,0
sh603037,0,0,0
sz002011,0,0,0
sh600127,0,0,0
sh600757,1612,3383,0
sh601666,144930,84036,0
sh600489,16138,14981,0
sz002394,0,0,0
sh600128,0,0,0
sz300345,0,1697,0
sh600754,327,0,0
sh603378,0,655,0
sz300081,0,0,0
sh603601,0,0,0
sh600859,1184,2541,0
sh600583,19430,1840,0
sh600079,2401,9647,0
sz002371,9784,11436,1166
sz000925,0,755,0
sz300457,0,0,0
sz002810,1592,0,0
sh600861,0,0,0
sz300342,0,0,0
sz002775,7144,3352,1425
sz000692,0,0,0
sz000923,0,521,0
sh601789,0,0,0
sz002543,0,0,0
sz300224,0,1600,0
sz000809,0,0,0
sh600160,6900,37398,0
sz300617,0,0,0
sh603588,810,0,0
sz002046,0,0,0
sh603199,4780,9567,0
sz300374,0,0,0
sh600093,0,1992,0
sh600977,0,3770,0
sz002863,1014,836,0
sz002809,2740,1273,424
sz300055,8410,14252,488
sh600698,4614,10481,0
sz300347,787,1185,334
sh600846,4198,3092,0
sz300655,399,0,0
sh603528,0,0,0
sz002153,0,9568,0
sz002858,0,0,0
sh600151,1520,0,0
sz300651,0,0,0
sz300502,0,2458,0
sz002713,0,622,0
sh600854,19354,6353,2022
sz002365,0,364,0
sz002121,0,0,0
sh603656,0,0,0
sh600291,4758,5154,0
sz002801,0,0,0
sz000726,0,0,0
sh600830,0,8148,0
sh600621,0,8876,0
sh601169,81771,292941,0
sh600856,23822,33751,955
sz000520,0,0,0
sh603017,0,0,0
sz002372,0,675,0
sh603861,0,0,0
sz300689,0,0,0
sz002308,0,0,0
sz300679,0,299,0
sz300142,22804,38187,0
sz002768,420,0,0
sz300598,0,0,0
sz000671,24480,28587,0
sz002235,0,0,0
sz000088,0,0,0
sz002405,31285,34477,7305
sh603136,0,0,0
sh600477,0,3491,0
sz002618,0,0,0
sh600712,0,0,0
sz300235,1250,0,0
sz300708,27544,18069,3985
sh600026,0,2442,0
sh603896,0,1052,0
sh600663,0,0,0
sz002117,0,0,0
sz300681,560,0,0
sz002753,0,0,0
sh601988,342597,584986,0
sh603168,0,925,0
sz300102,23350,25393,0
sh603918,0,0,0
sh600466,1107,11068,0
sz300144,578,1410,0
sz002824,562,0,0
sz002570,8616,0,0
sh600231,26393,2000,0
sz300522,0,0,0
sz002214,0,4383,0
sh601968,0,0,0
sz002751,0,0,0
sz300214,0,0,0
sz002064,3000,2941,0
sz300255,0,2000,0
sz002539,4390,0,0
sz300166,0,1929,0
sh600168,0,0,0
sz002705,0,0,0
sz002609,999,0,0
sz300603,0,970,0
sh600171,28356,28379,2796
sz300177,0,0,0
sz300354,0,0,0
sz300613,156,760,0
sz300030,0,0,0
sh600017,3488,10000,0
sz002735,0,0,0
sz300289,0,0,0
sz002667,0,0,0
sh603011,1071,0,0
sz300496,769,3438,0
sh601515,0,1882,0
sh600281,0,0,0
sz300073,6094,4395,1413
sh600559,912,1328,0
sh600275,0,0,0
sz002620,0,0,0
sz300553,0,0,0
sz002895,1588,493,0
sz000902,0,2154,0
sz300530,0,0,0
sh601311,0,0,0
sz000719,0,0,0
sz002242,0,0,0
sz300431,8058,14261,0
sh600250,0,0,0
sz000402,10973,9037,0
sz002851,0,0,0
sh601128,3675,8922,0
sh601939,323239,317517,0
sh601168,27100,19260,0
sz000737,0,0,0
sh600673,0,0,0
sh600468,0,0,0
sz000702,0,0,0
sh600811,10051,8165,0
sz000876,6079,19546,0
sz002806,2792,735,0
sz002079,3161,10866,0
sh603801,268,249,0
sh603001,0,0,0
sz300202,0,965,0
sh601777,2880,3563,0
sz002052,0,6103,0
sz002039,0,0,0
sh600318,5809,4108,2202
sz002195,2336,24482,0
sh603036,702,0,0
sh600139,0,0,0
sh603922,0,0,0
sz002746,0,0,0
sh601390,23594,38863,0
sz000651,105374,146559,9628
sz000525,0,0,0
sz300592,0,0,0
sh600633,1657,0,0
sh600814,0,0,0
sh600067,0,2001,0
sz300243,0,0,0
sz300340,216,838,0
sz300497,0,0,0
sz002733,648,0,0
sh600277,5020,3805,0
sz002346,0,679,0
sz300050,0,0,0
sz300248,0,0,0
sh600777,8768,6048,0
sz002136,0,0,0
sz000536,3300,0,0
sz002773,887,1483,0
sh600110,18728,3613,0
sz000911,0,0,0
sh601028,0,0,0
sz300256,3105,1307,0
sz002631,0,0,0
sh603555,1380,0,0
sh600135,0,0,0
sh600114,0,2477,0
sz300511,459,0,0
sh600495,1640,5126,0
sz300333,0,1794,0
sz002217,7677,23468,0
sh601969,0,0,0
sz300304,0,0,0
sz002270,0,0,0
sz300717,1321,1236,0
sz300503,0,0,0
sh600793,0,0,0
sz002431,3978,5645,0
sh600873,4911,7767,0
sz002256,0,0,0
sz002012,4443,17888,886
sz002827,0,1086,0
sz300359,0,0,0
sz002201,0,0,0
sz000622,0,0,0
sz000976,0,2006,0
sh601069,7737,2995,608
sz002837,0,0,0
sz002510,12813,6157,0
sz002563,0,0,0
sh600649,10904,16845,0
sz002648,620,2577,0
sh600611,3106,20714,0
sh600843,0,0,0
sh603323,0,3482,0
sh600149,953,1104,0
sz002419,0,0,0
sz002096,0,0,0
sz000066,26083,69645,0
sz000046,2799,3119,0
sz000636,47185,64355,2706
sh601336,15353,26337,2195
sh601018,10638,12231,0
sh600167,454,0,0
sh601199,0,0,0
sh600674,44293,28306,0
sz000831,11720,6214,1026
sz300123,0,1200,0
sh603811,0,0,0
sz002494,0,0,0
sh600771,4584,2042,0
sz000544,3486,0,0
sh603000,0,0,0
sz002843,0,0,0
sz002035,1976,1419,0
sz002183,5238,5722,0
sh601086,51632,61063,5837
sz300612,16742,24375,1280
sh601258,7000,21704,0
sz300066,0,0,0
sz002841,0,0,0
sz002639,1347,0,0
sz002149,0,0,0
sz002918,29167,15688,4029
sh600033,3019,0,0
sz002368,1000,2728,0
sh603878,0,0,0
sz000426,3333,1522,0
sz000673,147843,26192,0
sz000701,0,0,0
sz002161,0,1414,0
sh600971,21920,14804,0
sz002605,1005,4034,0
sz000881,853,0,0
sz000591,9910,14497,0
sz002595,681,0,0
sz300367,1723,2565,0
sz002370,0,0,0
sh603110,0,0,0
sz000670,7925,16553,0
sz300079,0,14134,0
sh600512,10000,0,0
sz002177,0,2277,0
sh601689,1000,411,0
sh600505,0,0,0
sh600641,7622,8698,0
sz000783,0,12072,0
sz300411,2969,0,0
sh600865,0,0,0
sz002466,29393,23976,2472
sz300420,0,0,0
sz000005,0,0,0
sh603708,0,0,0
sh603066,0,0,0
sz002054,21804,12005,2321
sz000727,10000,54612,0
sz300521,0,0,0
sh600506,0,0,0
sh600736,0,0,0
sh600240,0,10450,0
sz002880,0,0,0
sh603728,0,429,0
sh600083,5197,516,0
sz002460,93294,53024,7925
sh600360,2730,15583,0
sz300635,0,703,0
sh603993,294697,188294,2096
sz300618,4909,3374,572
sz002465,20263,8344,0
sz002685,0,2670,0
sz300376,2308,3813,0
sz300270,0,0,0
sh603855,0,0,0
sh600824,0,0,0
sh603991,0,0,0
sh603868,0,0,0
sz002811,0,0,0
sz300638,0,619,0
sz300579,0,0,0
sh603699,0,0,0
sz002547,82084,48616,12281
sh600256,136348,335281,0
sz300519,0,3241,0
sh603938,680,1003,0
sh601006,114266,131928,0
sh600658,0,1102,0
sz002689,0,1836,0
