sh600458,0,0,0
sh600383,23015,27190,0
sz300305,0,0,0
sz000598,0,0,0
sh600694,0,0,0
sz000156,0,2975,0
sh603393,0,0,0
sh601857,21648,36488,0
sz002585,0,0,0
sz000921,1106,0,0
sz002552,0,0,0
sh600480,2464,0,0
sz002299,0,0,0
sz300566,0,0,0
sz300681,0,0,0
sz002135,0,1896,0
sh600117,0,0,0
sz002622,1481,4142,0
sh601019,2894,20172,0
sz000751,4951,2000,0
sh603707,986,0,0
sh600748,0,0,0
sh600531,0,0,0
sz300420,0,0,0
sz300021,0,1589,0
sz002368,400,505,0
sz300705,0,0,0
sz002272,0,0,0
sz002881,0,0,0
sz002359,0,500,0
sz300589,0,0,0
sh600987,1204,10513,0
sh600033,14000,0,0
sh600186,0,3360,0
sz000829,0,0,0
sz000778,3859,5361,0
sz300273,1731,0,0
sz000521,0,0,0
sz002182,0,1500,0
sz002728,0,0,0
sz000587,16451,11291,0
sz300630,0,0,0
sz300294,0,350,0
sh601020,0,1256,0
sz000931,0,1625,0
sz000505,0,0,0
sz300039,1620,0,0
sh600339,0,0,0
sz002852,0,0,0
sh600496,0,0,0
sz002545,3423,0,0
sh603110,0,0,0
sz000510,0,0,0
sz000810,0,0,0
sh601233,31291,30253,2593
sh600529,0,0,0
sz000529,0,0,0
sz300080,0,0,0
sh600313,0,0,0
sz300265,0,0,0
sz300663,0,0,0
sz002664,0,1024,0
sh603699,0,0,0
sh601500,0,0,0
sh603308,1021,830,0
sz002806,0,0,0
sz002402,34577,13788,0
sz000702,2204,0,0
sz300302,1496,854,0
sz300513,0,0,0
sh600866,2759,8093,0
sz300003,2099,3552,0
sz300042,0,350,0
sh603323,19539,19059,0
sz300239,0,0,0
sh601398,346441,442587,10102
sz300337,0,0,0
sh600734,0,0,0
sz300584,0,0,0
sz300657,464,0,0
sh603016,0,0,0
sz300311,0,0,0
sz300395,0,0,0
sz300261,0,0,0
sz300247,0,0,0
sz000042,0,0,0
sh600152,0,0,0
sz000862,0,0,0
sz000545,2011,0,0
sh603369,1190,0,0
sz300101,27813,4637,0
sh601988,298401,373805,0
sh600546,0,4781,0
sz300122,15180,12771,0
sz002687,0,2369,0
sh603328,0,922,0
sz300530,0,0,0
sh600356,0,0,0
sz002295,0,0,0
sz002818,0,365,0
sz002857,400,0,0
sz300610,0,0,0
sz002411,0,0,0
sz002658,0,0,0
sz300210,0,0,0
sh600836,0,0,0
sz002556,0,0,0
sh603365,787,4454,0
sh603268,0,0,0
sz000715,0,0,0
sh600711,30792,34713,0
sh600665,0,0,0
sh603079,804,498,299
sh600615,0,1000,0
sh600278,0,1865,0
sh600269,8540,7354,0
sz300268,3551,1107,0
sz002089,3574,0,0
sz002771,0,0,0
sh603919,0,0,0
sz300327,4039,695,0
sz002202,17255,10430,1525
sh600701,939,0,0
sz000818,0,0,0
sz300001,0,0,0
sz002751,691,300,0
sz300314,0,0,0
sz002801,0,0,0
sz002068,61278,26888,2398
sh600256,164074,89454,0
sh600297,1305,4498,0
sh603577,0,0,0
sh603320,0,0,0
sz002869,0,469,0
sz002371,14614,12082,1019
sh600814,0,0,0
sz002223,2153,541,0
sh601113,0,0,0
sz300535,0,250,0
sh600527,0,0,0
sz002076,0,0,0
sz000823,6775,6136,0
sz300647,0,0,0
sz300573,0,0,0
sz002018,18031,9698,0
sz300595,0,0,0
sh603926,0,0,0
sz002518,655,0,0
sh601007,0,0,0
sz000998,11549,3027,0
sz002609,0,0,0
sh603386,0,0,0
sh603333,0,0,0
sh600809,4570,2850,0
sz300121,0,0,0
sz002372,601,0,0
sz002777,0,0,0
sz000717,184006,174339,12275
sh603116,0,0,0
sh600345,7821,1440,0
sh600330,50904,59189,3435
sz300219,0,0,0
sh600243,0,0,0
sh603806,0,0,0
sz002395,0,0,0
sz000037,0,0,0
sz002327,0,1453,0
sh603005,8112,7174,961
sz000014,0,0,0
sh600961,0,0,0
sz000721,0,0,0
sh600299,0,0,0
sz300147,0,0,0
sh603557,0,0,0
sz000673,0,0,0
sz002439,8803,3897,425
sz002281,28307,20181,2514
sh600482,3936,4395,0
sh600171,121801,81961,2236
sh600275,0,1622,0
sz300558,862,0,0
sh600010,78922,109444,0
sh603030,0,0,0
sz300108,10530,2031,0
sz002286,0,0,0
sz002426,15778,2093,0
sh600088,0,0,0
sz000567,0,900,0
sz000607,1996,0,0
sh603355,0,0,0
sz000863,0,0,0
sh600481,0,0,0
sz300436,0,0,0
sz000819,0,0,0
sh601231,4961,3517,0
sz002245,59592,41625,2854
sz300180,0,550,0
sh600067,0,2000,0
sz002324,0,0,0
sz300231,1059,0,0
sz000788,0,0,0
sz000831,0,0,0
sz002060,0,0,0
sh600756,1509,1268,0
sz300726,0,0,0
sz002117,654,1601,0
sz002007,0,6134,0
sz002400,1930,0,0
sz000669,0,0,0
sh603389,0,0,0
sz300234,0,0,0
sh600385,0,0,0
sh601011,25035,12134,0
sh600845,0,0,0
sh603658,0,0,0
sh600764,4514,5130,432
sz002323,0,0,0
sh600791,0,0,0
sh600728,2972,0,0
sh600686,1176,0,0
sh603566,0,0,0
sz300306,0,1791,0
sh603378,0,0,0
sz300729,0,0,0
sh600797,15106,5724,0
sh600267,8325,10660,0
sz300355,152977,106013,2583
sz002706,0,0,0
sh600476,0,0,0
sh603938,1049,918,315
sh600854,0,0,0
sh601800,1950,2270,0
sz300671,275,0,0
sz300494,2031,10192,731
sh600683,0,0,0
sh600271,123510,79221,6069
sz300723,16768,6630,0
sh600237,6998,0,0
sh601952,7060,3578,0
sz002650,12566,0,0
sh600693,2935,2757,0
sz000680,0,0,0
sh600209,75184,103413,9673
sz002913,0,0,0
sh600720,16670,20042,0
sz002767,0,0,0
sh600552,2080,0,0
sz002044,3639,1842,0
sh600543,0,0,0
sh600729,1836,493,0
sz300173,0,0,0
sh603127,192,0,0
sz300020,15610,16060,0
sz300011,0,0,0
sh603359,0,0,0
sz002097,0,0,0
sz300047,0,3932,0
sh603197,0,200,0
sz002568,0,0,0
sh600390,0,0,0
sz000989,2000,884,0
sh603078,0,0,0
sz000690,0,0,0
sz000713,0,0,1347
sz300292,3990,0,0
sz300606,0,0,0
sh603722,2255,2989,0
sh600419,0,236,0
sh600681,0,1000,0
sh600062,484,508,0
sz002750,0,0,0
sh600562,0,0,0
sz000728,1182,1062,0
sz000541,10707,11869,0
sz002016,20517,2060,1840
sh603969,0,0,0
sh600692,0,0,0
sz002490,0,0,0
sz000423,2635,9750,0
sh600323,0,0,0
sh600079,6293,3088,0
sz300233,630,0,0
sz002185,318431,153042,17940
sh600141,0,3506,0
sz002305,0,0,0
sh603829,534,556,0
sz300381,900,0,0
sz002154,0,0,0
sh600696,0,0,0
sh600757,1600,1452,0
sh601718,0,7616,0
sh603725,0,0,0
sh600169,6447,0,0
sz002837,0,1064,0
sh600238,0,0,0
sz002864,0,0,0
sh603728,0,0,0
sz002409,13008,12672,721
sz002641,0,0,0
sz002478,0,0,0
sh603008,0,0,0
sh603299,0,0,0
sh603069,0,0,0
sh600317,0,9269,0
sz300307,0,0,0
sz002107,0,0,0
sh603569,633,0,0
sz002501,0,0,0
sz002832,0,230,0
sh600602,0,3701,0
sh600713,0,0,0
sh603306,0,0,0
sz300295,0,648,0
sz300402,0,0,0
sz300223,8005,13857,938
sz002564,0,0,0
sz002835,0,1273,0
sz300478,0,0,0
sz000045,1133,0,0
sz002688,0,0,0
sz002309,0,0,0
sz000635,0,0,0
sz002248,0,0,0
sz300497,0,0,0
sh603916,553,6521,0
sz300520,1647,1089,0
sh600132,600,0,0
sh603611,0,0,0
sz000568,9406,15006,261
sz000599,0,0,0
sz002555,5033,3670,0
sz002137,0,0,0
sz002798,426,0,0
sz300537,0,0,0
sh603019,50165,44594,1537
sh600497,28087,35390,0
sh600526,0,0,0
sh603533,786,2419,300
sz000620,0,0,0
sz002799,0,953,0
sz002057,0,0,0
sh600647,0,0,0
sz300562,6196,3279,0
sh600282,112609,198459,0
sz002062,0,0,0
sh600007,0,0,0
sh601106,7439,30784,0
sz002726,0,0,0
sz002871,0,300,0
sh600393,0,0,0
sh600348,5409,10202,0
sz000976,0,0,0
sz300602,0,0,0
sz002509,0,2500,0
sz300175,0,0,0
sh600571,1000,0,0
sz300398,0,0,0
sh603126,0,0,0
sz000760,0,0,0
sz002055,2013,0,0
sz300409,3519,1756,0
sz002526,0,0,0
sz300369,1243,2000,0
sh600621,7393,14011,0
sh603615,0,0,0
sh603300,10706,11959,0
sz002115,2213,0,0
sz002712,0,0,0
sz300094,0,0,0
sh603505,0,534,0
sz300334,1573,1245,0
sh600091,0,0,0
sz300017,233465,159300,2869
sh600560,0,0,0
sh601888,5198,8931,1099
sz300488,0,0,0
sz000732,612,900,0
sz300364,9266,71981,6006
sz002222,1091,3118,0
sz002889,422,0,0
sh603800,0,0,0
sz002214,107900,63203,2724
sh600223,0,0,0
sz000546,0,703,0
sh603711,0,0,0
sh601018,2092,0,0
sz300650,0,0,0
sz002379,0,0,0
sh600804,8893,25444,0
sh603178,0,0,0
sz002707,1229,2126,0
sh603133,0,0,0
sz000707,0,0,0
sh603638,4674,2815,0
sz000028,1021,1300,0
sz002521,0,1508,0
sh600884,9293,2539,0
sz300466,1015,825,0
sz300181,2739,0,0
sz002192,2789,1692,0
sz002146,16857,7032,0
sh600839,25262,25431,0
sz000737,1970,0,0
sz000795,0,0,0
sz300662,1180,562,0
sh600163,0,0,0
sh601566,0,0,0
sz300242,0,0,0
sh600069,5752,1213,0
sh603015,0,0,0
sh603738,0,0,0
sz000861,0,0,0
sz002440,9305,13030,3388
sz002872,0,0,0
sh603909,0,0,0
sz300357,268,0,0
sz002424,0,2907,0
sh603600,0,0,0
sz000550,0,0,0
sz002898,846,0,0
sh600843,0,0,0
sz002213,550,745,0
sz300632,0,0,0
sz000665,0,0,0
sh603003,0,1642,0
sz002032,0,0,307
sz000888,0,1322,0
sh603637,0,0,0
sz000712,2297,4059,0
sz002122,0,0,0
sz002345,915,3028,0
sz000875,0,0,0
sh603367,0,0,0
sh600053,0,0,0
sh600637,1641,2249,0
sz002648,12948,14094,0
sh600636,0,3008,0
sz002571,0,0,0
sh601811,0,0,0
sz300569,0,0,0
sh603027,0,0,0
sz000927,24132,34706,0
sz000725,3058323,2372895,5221
sh600301,0,0,0
sh603377,0,300,0
sz002369,3204,0,0
sz002346,1066,3104,0
sz002665,3271,1732,0
sh600051,0,2201,0
sz300111,0,0,0
sz000828,0,0,0
sz300628,96,200,0
sh600495,0,1800,0
sz002908,600,1609,0
sh600489,10204,30146,0
sz002376,0,0,0
sh600421,900,0,0
sz002593,0,0,0
sh603660,4101,4029,0
sh600516,106801,103086,10836
sh601336,31651,34733,2662
sh600190,0,2500,0
sh600340,14542,21608,659
sz002529,0,0,0
sz002493,14655,14612,825
sh601939,147747,394206,0
sz000793,35622,10228,0
sz002240,1684,4101,0
sh600515,4341,2000,0
sz002612,0,0,0
sz300421,0,0,0
sz002677,0,0,0
sz300222,1130,612,0
sh600707,0,0,0
sz002601,14030,4283,0
sz000021,10416,10529,0
sz300696,0,0,0
sz002208,0,0,0
sz000513,2538,2842,759
sz002559,0,0,0
sz002766,823,0,0
sz000677,20888,23727,0
sz002583,3863,8319,1101
sh600815,0,0,0
sz002391,0,0,0
sz300683,0,0,0
sz000897,0,0,0
sh600508,0,0,0
sh603338,0,0,0
sh603090,0,0,0
sz300201,3045,0,0
sh603305,0,0,0
sz000933,21149,125132,0
sh600626,0,0,0
sz300453,0,0,0
sz000020,749,0,0
sz002627,0,0,0
sh601179,8721,0,0
sh600151,0,0,0
sz300639,6404,8905,704
sh603009,0,0,0
sh603117,0,0,0
sh600213,0,0,0
sz002138,3683,5801,0
sh600198,6193,8760,0
sh600327,0,0,0
sh603226,0,0,0
sz300339,0,0,0
sh600616,0,0,0
sz002502,12895,1172,0
sh601369,1380,2000,0
sz002626,2955,1505,602
sz300116,6362,0,0
sz300304,0,0,0
sh600036,141561,231868,6437
sh600085,1053,1717,0
sh603316,0,0,0
sh600827,0,0,0
sh600229,0,0,0
sh600604,0,14355,0
sh603089,0,0,0
sz000926,0,1735,0
sz000999,447,1627,0
sz300144,1160,1417,0
sz000418,1764,2482,0
sh601069,899,0,0
sz300179,0,0,0
sz002517,39099,7351,0
sh603136,425,350,0
sh600241,0,0,0
sh603861,0,0,0
sh600575,2547,0,0
sz002145,15984,6186,0
sz002877,1128,0,0
sh600614,6873,2323,0
sh603912,3480,3535,1020
sh603879,0,0,0
sz300100,0,811,0
sh603989,0,0,0
sz002397,2083,0,0
sz002660,1491,0,0
sh603528,2189,0,0
sh600463,0,0,0
sz300133,8205,2588,0
sh601390,40081,51371,0
sz002429,315731,131524,0
sz300257,0,0,0
sz300452,350,0,0
sh601177,0,0,0
sz000402,2975,5290,0
sz002256,3087,0,0
sh603778,0,0,0
sh600739,2496,628,0
sh603877,815,0,0
sh600577,3868,3650,0
sh603809,0,0,0
sz300352,6126,18168,0
sh603183,0,0,0
sh600633,5051,1257,0
sh600337,4248,0,0
sh600769,0,0,0
sz002663,0,0,0
sz000429,0,0,0
sz000722,0,0,0
sz300538,0,0,0
sz300215,0,0,0
sz000958,2101,0,0
sz002021,0,0,0
sz000554,2990,0,0
sh600535,947,2825,0
sh600657,1843,4483,0
sh600220,0,16118,0
sz000063,337679,272020,21580
sz000851,0,0,0
sz000936,6047,11160,0
sh600882,0,0,0
sh600316,0,0,0
sz002907,634,1451,0
sh600098,1495,0,0
sz002467,11035,3068,0
sh600593,2754,6462,0
sh603538,0,0,0
sh603222,9979,2535,0
sz002140,0,0,0
sz300084,0,0,0
sz002142,17715,43571,774
sh600721,0,0,0
sz300097,326,0,0
sh603730,0,447,0
sh600688,0,2007,0
sz002528,0,0,0
sh600612,0,0,0
sz002358,0,1091,0
sh600660,6958,9542,0
sz002749,0,262,0
sh603199,0,0,0
sh600567,15159,24949,0
sz000539,0,0,0
sz002709,914,999,0
sz000055,0,2474,0
sz300276,0,0,0
sh600231,45931,50615,0
sz002482,0,0,0
sz300709,356,210,0
sz002685,0,0,0
sh603639,0,0,0
sh600096,0,0,0
sh600387,0,0,0
sh600197,4160,0,0
sz002569,537,1083,0
sz300345,0,1460,0
sz000590,0,0,0
sh600735,3131,3440,0
sh603825,0,0,0
sz002147,0,0,0
sz002572,365,945,0
sh603567,0,0,0
sh603685,0,0,0
sh601088,61567,96023,11957
sz300277,0,1211,0
sz300380,0,0,0
sz002134,0,0,0
sh600509,0,0,0
sh600423,0,0,0
sh600367,2936,2191,927
sh600071,0,0,0
sz002839,16196,42927,0
sz300587,0,0,0
sz300707,0,249,0
sh603165,1983,908,273
sz002152,13720,9367,0
sz000498,0,0,0
sz002104,0,0,0
sh601100,5159,14434,1039
sz300621,0,1031,0
sz002001,49126,91088,4730
sh600580,0,1248,0
sh600170,4206,5477,0
sz300652,0,0,0
sz000881,0,0,0
sz002753,0,0,0
sh600135,0,0,0
sh600678,1523,0,0
sh600232,0,0,0
sh603813,386,0,0
sz300120,0,0,0
sh603055,0,0,0
sz300351,0,0,0
sz000937,3708,6602,0
sh601636,68651,89164,0
sz002621,0,0,0
sz300500,978,0,0
sz002824,1400,0,0
sh600183,10544,12018,0
sh600203,2186,0,0
sz002897,0,0,0
sh600166,44645,18171,0
sh603028,0,0,0
sz300598,0,0,0
sz002144,0,0,0
sh600781,6228,781,0
sh601098,9001,1942,0
sz300451,0,0,0
sz002546,0,0,0
sz002005,22459,0,0
sz002746,0,0,0
sh600207,0,0,0
sh603928,0,712,0
sh601700,1340,0,0
sz000627,10366,18924,0
sz002488,1000,7039,0
sz002858,0,0,0
sh600773,0,0,0
sh603021,0,0,0
sz002730,0,0,0
sz000822,6412,3548,0
sz300171,0,0,0
sz002436,22025,2253,0
sh600230,1933,3758,212
sh601991,0,3045,0
sz000558,5000,0,0
sh600859,2842,4227,0
sz000425,11720,74425,0
sz002468,10434,1609,1478
sz300019,0,0,0
sz002024,21897,35207,0
sz000886,11910,12314,0
sh603776,0,0,0
sz000025,0,0,0
sh600897,0,0,0
sz000785,0,0,0
sz300102,28076,5887,1080
sz002082,0,942,0
sz000078,51663,11466,0
sz002906,0,0,0
sz002692,0,0,0
sz300359,8263,1001,0
sz002033,0,0,0
sz000963,1522,2638,0
sh600120,0,0,0
sz300496,1708,3813,0
sz002268,5689,4060,0
sz002828,0,0,0
sz002317,27693,19025,0
sz300503,0,0,0
sz002808,0,0,0
sh600309,26578,65559,1219
sh600048,665302,592932,58289
sh600027,0,9938,0
sz300058,0,7379,0
sz002668,1441,0,0
sz002649,21884,1992,0
sh600900,43369,35811,0
sz000801,0,0,0
sz000803,0,0,0
sh600679,0,0,0
sh603383,341,0,0
sh601333,42000,13288,0
sz300697,0,0,0
sz300404,0,0,0
sz000150,0,0,0
sz002570,1632,6942,0
sz300135,0,0,0
sh600318,0,0,0
sh600826,0,0,0
sz002553,0,0,0
sh600992,0,0,0
sz000158,2000,0,0
sh603017,0,0,0
sz300599,0,0,0
sh600121,0,0,0
sz000753,0,0,0
sz300495,0,0,0
sh600099,0,2500,0
sz002514,0,2500,0
sz300269,0,1252,0
sz002232,0,0,0
sh603358,0,0,0
sh600651,0,4638,0
sh600737,1703,0,0
sh601515,0,0,0
sh600072,0,0,0
sz000023,0,0,0
sz000733,3389,1761,0
sh600031,232174,215519,5117
sz000718,5595,5957,0
sh600056,0,419,0
sz000419,0,0,0
sz300125,0,0,0
sz002304,3925,2224,0
sh601216,10269,19418,0
sz300511,0,0,0
sh603188,1369,2590,0
sz300375,0,0,0
sz000830,100760,134594,4660
sz000032,0,0,0
sh600909,1669,0,0
sh603589,925,1055,0
sz300132,0,2282,0
sz002241,26673,17993,0
sz002484,0,0,0
sz300519,0,0,0
sz002816,0,0,0
sh601985,6227,3940,0
sh603993,352093,338190,9543
sz002406,0,0,0
sz300356,0,0,0
sh600222,0,0,0
sz300515,0,0,0
sz300502,835,0,0
sh600354,0,0,0
sh601012,104379,80592,8651
sh600321,0,0,0
sz002495,0,0,0
sz300035,1278,0,0
sz300029,0,0,0
sz002378,0,0,0
sh600834,0,0,0
sz002029,0,1687,0
sz300365,0,0,0
sh603313,0,0,0
sh600300,0,0,0
sh600880,7001,0,0
sh600881,0,5318,0
sz002014,990,1933,0
sh600073,0,0,0
sz300668,0,149,0
sz002380,0,0,0
sz300498,13454,6051,0
sh603331,0,0,0
sh600444,0,0,0
sh600655,1001,4866,0
sz000501,0,0,0
sh600865,0,0,0
sh601288,827975,857173,0
sh601900,0,0,0
sh603536,0,0,0
sh601000,62181,17548,0
sh600426,846,2679,0
sh603801,0,200,0
sz002236,35634,21138,1610
sh600513,0,0,0
sz000619,0,0,0
sz002339,4961,1200,0
sz002125,0,0,0
sz300123,843,0,0
sz000858,26115,40480,1952
sz300656,0,0,0
sz002230,270501,193100,36783
sh601086,0,0,0
sz002043,911,1042,0
sz300581,0,0,0
sz002181,0,0,0
sz002515,0,0,0
sh601021,1108,0,0
sh600919,11494,10353,0
sz002683,0,0,0
sh600525,1606,2141,0
sz300254,0,0,0
sh600331,0,8175,0
sh600221,31336,37112,0
sz002326,31963,2076,1025
sz002483,0,0,0
sz300040,0,0,0
sh600403,0,0,0
sh600863,3346,9062,0
sz000520,3128,0,0
sz000780,0,0,0
sh600883,0,0,0
sh600308,8167,0,0
sh601777,0,0,0
sz000802,0,2000,0
sz002224,0,0,0
sh600622,752,1484,0
sz300727,0,0,0
sz300379,4127,0,0
sh600392,11014,31101,0
sh603157,0,0,0
sh603817,0,0,0
sz002389,3476,1129,0
sh600172,2368,8209,0
sh600177,4839,0,0
sh600568,8324,5214,0
sz000571,0,1770,0
sh603856,6759,1805,0
sz002549,0,0,0
sz002610,0,0,0
sh600551,896,0,0
sz002640,4860,1557,0
sh600030,421253,533559,17718
sh603081,2442,454,0
sz000821,2190,0,0
sz002158,0,0,0
sz300324,0,2527,700
sz002511,0,1009,0
sh601229,35581,20277,0
sz300142,19543,17617,0
sz000100,82255,167967,0
sz000895,8739,17810,0
sh603689,3659,2585,0
sz300014,520,6871,0
sz000948,0,1000,0
sh600820,0,3020,0
sz002896,234,0,0
sz300280,730,330,0
sh603717,730,4343,0
sh600536,0,0,0
sz002849,0,0,0
sz300193,0,0,0
sz300197,48814,24659,0
sz000813,1348,2700,0
sh600359,0,0,0
sh603799,37640,28782,6541
sh603456,0,0,0
sh603559,2705,1865,779
sz002508,3288,1116,0
sz300637,0,0,0
sz300711,0,1669,0
sh603955,0,0,0
sz002067,0,2372,0
sz002538,8400,0,0
sz300262,0,0,0
sz002548,0,0,0
sz300472,0,0,0
sh600617,0,7401,0
sz002393,380,0,0
sz002205,0,0,0
sh600962,10164,0,0
sh601996,0,9808,0
sz002341,2748,510,0
sh600306,0,0,0
sh600690,67634,48807,639
sz300253,0,0,0
sh600978,0,11216,0
sh603816,0,0,0
sh603488,0,0,0
sh600109,3494,13865,0
sz000965,0,1770,0
sz002023,6655,1046,0
sz002848,0,0,0
sz000597,25134,3053,0
sh603020,0,0,0
sh600103,3800,5685,0
sz300648,0,0,0
sz300069,458,0,0
sz002290,0,0,0
sh603906,0,0,0
sh600519,11467,15715,1675
sz002394,3010,23405,0
sz300166,1118,0,0
sz300192,2234,1076,0
sz300112,0,0,0
sz002155,1858,1343,0
sz300467,0,0,0
sh600794,19807,36571,0
sz002901,698,707,385
sz300216,0,0,0
sh603060,0,0,0
sz000612,1606,0,0
sz300350,0,1091,0
sh600761,0,0,0
sz300290,0,0,0
sh600110,28047,22124,0
sz002132,2762,3007,0
sh600684,0,0,0
sh600312,0,9286,0
sz300249,0,0,0
sh603619,381,2714,0
sz000811,0,0,0
sz300203,1318,1076,557
sh600867,2550,6682,0
sz300633,0,0,0
sz300615,0,0,0
sz002410,1019,0,0
sz300300,1642,1621,0
sz000617,0,0,0
sz300256,3452,1153,0
sz300567,3523,1355,100
sz300430,0,0,0
sz000576,0,1888,0
sz002441,0,0,0
sh600246,0,0,0
sz002582,0,0,0
sz002443,0,1480,0
sh603839,0,0,0
sh601388,20302,22276,0
sz300220,0,530,0
sz300089,8660,0,0
sz002333,0,0,0
sh601118,12716,18526,0
sh601208,0,0,0
sh600716,6857,1846,0
sz300065,1200,0,0
sz002071,11968,3329,0
sz000719,0,0,0
sz300605,0,0,0
sh600179,13509,6652,0
sz000606,0,0,0
sz300471,0,0,0
sh603398,0,0,0
sh603585,0,0,0
sh603038,0,0,0
sz300117,0,0,0
sh601966,640,0,0
sz000676,0,0,0
sz000488,16439,13579,0
sz002109,1614,0,0
sh600168,0,0,0
sz300555,0,1120,0
sh603043,0,0,0
sz002361,0,0,0
sh601949,3215,2248,0
sz300586,0,0,0
sz002742,16498,8988,0
sh600456,0,2066,0
sz002659,0,0,0
sz000869,0,299,0
sh600837,41267,36641,0
sh603067,0,0,0
sh603179,0,0,0
sz002056,15800,8147,0
sz002280,22316,10135,0
sh601965,0,0,0
sh603828,0,0,0
sz002120,0,340,0
sz002843,0,0,0
sz300118,0,0,0
sz300445,0,0,0
sz002717,863,401,0
sz002412,0,0,0
sh603556,0,0,0
sz002791,0,0,0
sh600555,0,0,0
sh600572,3323,3361,0
sz000906,0,0,0
sz300050,0,0,0
sz300078,3162,3030,0
sz002587,0,0,0
sz002636,0,784,0
sh600052,0,0,0
sh600501,2606,2672,0
sh600054,0,845,0
sz000661,622,547,149
sh600455,0,0,0
sz002377,0,1301,0
sz300597,1276,0,0
sz300229,19413,24791,0
sh600498,10738,10157,352
sz300139,0,0,0
sh600086,0,0,0
sz002772,0,0,0
sh601211,19085,45513,0
sz002194,55907,17440,0
sz002028,0,0,0
sh601899,170279,260467,0
sz002381,0,0,0
sh600640,0,0,0
sz002507,9462,5164,618
sz300638,0,262,0
sh600505,0,0,0
sh601886,2304,0,0
sz300155,0,0,0
sz002840,5403,5830,0
sz300560,2099,1044,277
sz300424,0,0,0
sh600363,0,0,0
sz000096,0,0,0
sh600468,0,0,0
sh603726,0,0,0
sh603718,0,0,0
sh600811,0,2502,0
sh600475,0,0,0
sh600654,1886,4098,0
sz000796,0,0,0
sz300387,0,0,0
sh603766,16527,9845,0
sz002064,2202,0,0
sh603399,1304,1504,0
sz000910,2510,1582,0
sz000651,201091,206281,9149
sh603507,0,330,0
sz300128,39441,30503,1280
sz002598,0,0,0
sh600119,758,2826,0
sz002187,0,0,0
sh600894,0,1101,0
sz300348,2164,0,0
sh601877,7992,4500,0
sz002719,0,0,0
sz002073,0,0,0
sz002083,0,3561,0
sz002836,0,0,0
sz300056,0,3544,0
sz002017,0,0,0
sz002392,0,4500,0
sz002025,0,800,0
sz300213,2318,1442,0
sh603899,0,2286,0
sz000040,0,0,0
sh600100,7983,3882,0
sh603558,0,0,0
sz002157,22476,3600,0
sz002629,0,0,0
sz000977,38117,20984,540
sz002456,62400,73764,3079
sz002838,0,0,0
sh603063,0,0,0
sz000609,0,0,0
sz000528,0,0,0
sh600386,0,0,0
sz300377,5718,6222,0
sz300283,0,0,0
sh601137,0,0,0
sz300626,0,0,0
sz002331,2711,0,0
sz002558,337,632,0
sh600642,0,1838,0
sh600125,5481,4534,0
sh603636,1534,0,0
sz002788,0,0,0
sh600895,0,0,0
sz001979,10952,22068,0
sh600129,742,0,0
sz002306,3652,6559,0
sh600892,0,0,0
sz000752,0,0,0
sz300446,0,0,0
sz300074,4690,0,0
sh603855,0,0,0
sz300437,0,0,0
sh600466,7247,11979,0
sh603991,0,0,0
sh603368,797,0,0
sz300678,176,424,0
sz002101,1999,536,0
sh601611,1409,2905,0
sz300009,5538,4743,0
sh600029,92657,185952,3705
sz300148,7552,2123,0
sh601558,0,0,0
sz300588,0,0,0
sh601766,390736,444147,11920
sz300456,802,694,0
sh600718,2532,0,0
sh601186,28162,15400,0
sz300241,5509,788,0
sz300575,0,0,0
sh600111,42779,40770,0
sh603501,14034,19076,1984
sz002841,0,682,0
sh600165,0,0,0
sh600844,0,0,0
sz002099,5000,0,0
sh603787,0,0,0
sz300157,3937,1259,0
sz000519,0,0,0
sh601968,0,0,0
sh600023,0,12836,0
sh603626,845,4759,0
sz002693,0,0,0
sz002370,0,0,0
sh600136,0,0,0
sh600610,0,0,0
sz002910,0,5650,0
sz000623,4110,4170,0
sh600200,0,0,0
sz000955,0,0,0
sz000972,0,0,0
sz000848,0,1327,0
sz300658,0,0,0
sh600382,0,0,0
sz000850,0,0,0
sz002655,0,0,0
sz300506,0,0,0
sz300725,0,200,0
sz000514,0,0,0
sz300178,0,0,0
sz002039,0,0,0
sz000059,4369,9166,0
sz300415,0,0,0
sh600490,5131,16665,0
sz002069,0,0,0
sz002900,0,0,0
sh603258,300,0,0
sz002243,0,0,0
sz002847,0,0,0
sz002577,0,0,0
sh600006,13726,6779,0
sh603002,2069,9098,0
sz300367,12700,14131,0
sz002821,382,0,0
sz002574,0,0,0
sz002851,0,0,0
sz000421,0,0,0
sz300661,207,447,0
sz002206,2500,0,0
sh600594,11897,15568,0
sz002637,0,2000,0
sz002074,431,941,0
sh600116,0,0,0
sz002143,0,0,0
sh603203,376,0,0
sh600158,2921,2098,0
sz002723,0,0,0
sz000046,1617,4043,0
sz000825,63922,117033,0
sz002112,0,0,0
sz000018,0,1483,0
sz002274,0,0,0
sh603101,0,0,0
sz002040,0,0,0
sz300559,0,0,0
sh600730,0,0,0
sz002875,0,0,0
sz300088,30022,18897,0
sz300303,7137,0,0
sh603959,0,396,0
sz300685,0,113,0
sh600550,0,0,0
sz002269,0,0,0
sz300320,0,0,0
sh600988,0,6263,0
sz000403,53543,46169,0
sh600858,0,0,0
sz000953,0,0,0
sz300317,17015,9472,0
sz002670,20691,11197,1099
sz300279,0,0,0
sz002072,1432,1454,500
sh600872,456,600,0
sh600687,0,0,0
sz000099,0,0,0
sh603500,0,400,0
sh603788,0,500,0
sz000551,0,1250,0
sz002209,0,0,0
sh600755,2369,1100,0
sh600225,0,0,0
sh600652,0,0,0
sz300341,0,0,0
sh603322,0,0,0
sz000837,0,0,0
sz300274,12385,10613,0
sz000809,0,3243,0
sh600258,849,0,0
sz002126,0,0,0
sz002635,1614,790,0
sh603198,0,0,0
sz002199,0,0,0
sh600149,0,0,0
sz002492,0,0,0
sh600106,0,0,0
sh600601,46137,38810,0
sh600746,0,0,0
sz000885,0,8939,0
sz002769,0,0,0
sz002218,34963,35076,0
sz000736,0,0,0
sh600500,13226,2398,0
sz300666,3207,3728,476
sh603159,0,0,0
sh603880,0,0,0
sz300635,5648,2592,0
sz300410,0,0,0
sh603866,386,0,0
sz002059,0,0,0
sz002108,1020,0,0
sz300541,0,0,0
sz002330,0,0,0
sz002030,842,0,0
sh600888,0,0,0
sz300224,0,1449,0
sz300631,0,0,0
sz300007,0,1652,0
sz002271,5065,2336,0
sh600406,14551,30540,905
sz002870,0,0,0
sz300508,0,0,0
sz002735,0,0,0
sz300366,0,0,0
sz002680,0,0,0
sh600415,4553,4067,0
sz002810,461,0,0
sh601668,364119,434250,6529
sh601010,0,0,0
sh600283,891,0,0
sz000816,0,3000,0
sh600507,70495,63058,4379
sz300403,0,0,0
sz002512,1620,1231,0
sz002159,0,0,1314
sh600710,0,0,0
sz300378,0,0,0
sh600522,158618,160063,4813
sz002718,0,0,0
sz002034,0,526,0
sz300188,19373,4951,501
sz002789,0,0,0
sz300346,0,0,0
sz000601,1433,0,0
sh600841,14106,4050,0
sh603888,0,0,0
sh603022,0,0,0
sh600380,6517,7821,0
sh600075,0,0,0
sz300250,0,0,0
sh603966,0,0,0
sh600322,0,0,0
sz002048,1237,2062,0
sz300134,23591,20008,1278
sh600372,0,0,0
sz002408,41541,14642,0
sh603998,0,1000,0
sz300107,0,0,0
sh600247,0,0,0
sz300414,939,0,0
sz000681,6309,1742,0
sz002673,11732,4840,0
sz002500,1384,2491,0
sz002211,0,0,0
sz300315,51564,23224,0
sz000687,1000,0,0
sz002362,1972,426,0
sz002679,0,0,0
sh600650,0,0,0
sh600731,0,0,0
sh603679,0,0,0
sz000756,0,0,0
sz002360,0,0,0
sh603129,0,0,0
sz300527,0,0,0
sz300267,75354,93729,16835
sz000560,0,1164,0
sz000004,0,0,2284
sz000779,0,0,0
sz002220,0,0,0
sz002002,0,0,0
sh600160,1530,2092,0
sz002820,0,0,0
sz000670,56704,41796,5474
sz000088,2000,1363,0
sz002388,0,5449,0
sz002776,547,0,0
sh600765,870,0,0
sh603703,0,0,0
sh600083,0,0,0
sh600609,0,0,0
sz000561,0,0,0
sz000902,0,0,0
sh600397,0,0,0
sz002428,1015,4109,0
sh600408,0,0,0
sh600558,29062,12450,6275
sz002599,0,0,0
sh600305,0,2357,0
sh600115,80668,167595,0
sz000797,954,1966,0
sh603042,0,0,0
sz300206,0,0,0
sh601001,5488,2645,0
sz300266,403,1031,0
sz002186,0,0,0
sh600977,4502,859,0
sz002054,0,0,0
sz300126,0,0,0
sz300033,4217,1515,363
sz300064,1947,1611,0
sz002356,2023,1726,0
sz300419,0,0,0
sh600744,0,0,0
sz300211,0,0,0
sh600677,0,2055,0
sz000157,13365,9130,0
sz000420,0,5105,0
sz002049,210900,137761,24337
sz002307,0,935,1071
sz300489,0,0,0
sz300106,0,0,0
sh600537,0,0,0
sz002524,0,0,0
sz300055,21775,9421,1783
sz002682,0,0,0
sz300618,12717,7357,1629
sz002565,59890,9028,0
sh601933,72125,91786,1233
sh603012,0,0,0
sh600889,0,0,0
sz002204,19854,0,0
sh600619,0,0,0
sz300284,0,0,0
sh603189,0,0,0
sh603186,0,0,0
sh600903,31442,63328,3346
sz002019,3675,1040,535
sz002667,2744,0,0
sh600908,8151,4403,0
sz300686,0,0,0
sz300205,1120,0,0
sz300660,152,0,0
sz300293,0,0,0
sz000027,0,0,0
sz002350,0,1022,0
sz000962,0,0,0
sz002807,5031,15912,0
sh603083,2512,4428,243
sh603607,0,336,0
sz002486,3669,0,0
sz300426,0,0,0
sz300532,0,0,0
sh600270,1000,0,0
sh600600,1999,717,0
sh601880,4620,0,0
sz300449,0,0,0
sz002212,13335,7118,0
sz000913,1800,1658,0
sz300235,0,0,0
sh600795,5032,72466,0
sz002690,813,0,0
sz002374,0,0,0
sh603396,0,845,0
sz300282,0,567,0
sh603881,639,0,252
sz300720,0,0,0
sz000630,35339,39021,0
sz300079,12553,18639,0
sz000856,574,0,0
sh601607,548,1956,0
sz002080,0,0,0
sh600004,2089,1772,0
sh603758,6531,4471,0
sz000761,7825,17694,0
sh600825,0,0,0
sz002661,0,0,0
sz300593,0,0,0
sz002562,684,1320,0
sh600630,2007,4543,0
sz002011,2240,0,0
sz002686,0,0,0
sz000997,15704,2563,0
sh603123,0,0,0
sz300493,0,837,0
sh603727,0,0,0
sz300585,5065,1641,0
sz300342,898,0,0
sz000610,787,0,0
sh600311,0,0,0
sz300329,0,0,0
sh603630,0,0,0
sz002527,0,0,0
sz002399,0,0,0
sh601311,0,0,0
sz002485,5233,7453,0
sh601801,1084,0,0
sz300046,2552,2288,0
sz300165,0,0,0
sh600618,0,0,0
sz002430,1629,1580,868
sz000938,5620,4763,1169
sh601601,45791,51147,2495
sz000615,5050,1244,0
sh603696,0,0,0
sh601038,0,0,0
sz002578,4309,0,0
sz002139,1389,3515,0
sh601999,0,0,0
sz002831,686,0,0
sz300391,0,0,0
sz300051,3640,1163,0
sz002774,1342,1010,0
sz002063,1000,0,0
sz002768,0,0,0
sz002417,1000,0,0
sz300582,882,1127,0
sz300462,1428,961,0
sh603979,0,0,0
sh600717,3896,1895,0
sz300531,693,14145,0
sz002506,22557,2535,0
sz300425,0,0,0
sh603336,0,0,0
sh600812,2000,0,0
sh600662,0,0,0
sz000030,0,0,0
sz002699,726,0,0
sh600533,0,2180,0
sz000422,0,3259,0
sz002887,1332,759,204
sz300221,4834,9478,0
sz002087,1767,25070,0
sz000668,0,0,0
sh600638,4109,600,0
sz002618,3392,2683,0
sh600428,2311,0,0
sz000058,3136,3589,0
sz002646,0,0,0
sh603823,0,0,0
sz000581,5716,7123,0
sz002375,0,0,0
sz002446,0,0,0
sz000333,38034,44943,3083
sh600215,3678,3550,0
sz300162,0,0,0
sz300653,0,0,0
sz002890,0,0,0
sh601928,2354,1315,0
sh601998,104371,131059,0
sh600886,0,31108,0
sh600741,9745,13876,0
sz300325,1810,0,0
sh600105,0,0,0
sz300702,0,0,0
sz300018,0,2500,0
sh603228,468,0,0
sz300027,18060,7652,0
sh600780,36098,3122,2207
sh600295,10855,11488,0
sz000517,0,7300,0
sh601717,2848,1600,0
sh600070,0,0,0
sh600628,0,0,0
sz000852,894,0,0
sh600557,0,0,0
sh600028,197608,204527,0
sz300474,2346,3836,0
sz002414,0,900,0
sz300138,811,0,0
sh603667,2826,0,0
sz300382,0,0,0
sh603601,770,0,0
sz300390,0,0,0
sz000917,4712,0,0
sz002657,0,0,0
sh600969,0,0,0
sz000595,0,0,0
sz000010,2000,0,0
sz000812,3272,1531,0
sz300158,0,0,0
sz002228,0,0,0
sz300263,10510,11319,0
sz300440,992,0,0
sz300406,0,0,0
sz300331,0,0,0
sh603716,0,0,0
sh601107,0,7262,0
sh603458,479,160,0
sh600675,0,0,0
sz002342,0,1820,0
sz000970,2743,4844,0
sz300690,198,0,0
sh600176,17814,25195,0
sz002110,103003,103390,11643
sz002860,249,0,0
sz300428,0,0,0
sz300237,2149,0,0
sh600469,0,0,0
sh600976,0,0,0
sh600201,5764,1010,0
sz300405,0,0,0
sz002183,5443,7074,0
sz002190,0,0,0
sh600783,0,0,0
sz000611,0,0,0
sz000657,0,0,0
sz002879,18068,12624,1228
sz002177,0,0,0
sz002121,0,0,0
sh600588,2838,503,0
sz300384,0,2077,0
sz300616,210,347,0
sz002885,0,0,0
sz300358,0,0,0
sh603568,0,0,0
sz002227,0,0,0
sh600018,32114,27277,0
sz300238,0,512,0
sh603321,0,0,0
sh601969,0,0,0
sz002332,1873,0,0
sz300512,0,0,0
sh600689,0,0,0
sz300603,1071,218,0
sh601326,4594,1587,0
sz300608,0,0,0
sh600104,21059,21089,2425
sz000036,1272,3208,0
sz000039,20009,13175,0
sh600483,0,1773,0
sz300330,0,0,0
sz002888,0,0,0
sh600824,0,0,0
sz000404,2460,0,0
sz002638,4365,0,0
sz000705,0,0,0
sz002782,0,0,0
sz000711,900,1895,0
sz002022,0,1000,0
sz300151,0,0,0
sh601258,50003,20155,0
sz300189,0,0,0
sz002325,2000,0,0
sz300473,300,0,0
sz002653,0,0,0
sz300005,2466,0,0
sh603708,0,0,0
sz002489,0,0,0
sz002335,420,0,0
sz300563,0,0,0
sh600478,0,0,0
sz002566,0,0,0
sh600107,1255,0,0
sz002102,28886,80327,0
sh600822,10925,8753,2438
sh600563,3072,1338,0
sz002260,0,1291,0
sz000729,6165,0,0
sh600153,3751,10567,0
sh600846,5315,2754,0
sh603939,347,0,0
sz000915,1211,1627,0
sz002477,10550,10771,0
sh600939,0,0,0
sz002534,0,943,0
sz300591,0,0,0
sz002079,175305,49051,2694
sz002866,0,0,0
sh601225,122707,235828,1673
sz300045,6531,3345,0
sz002003,0,0,0
sz002602,2105,4480,0
sz000061,0,0,0
sz000524,0,0,0
sz300514,0,0,0
sh601866,21581,3021,0
sz300299,0,0,0
sh600708,0,2400,0
sz000159,0,0,0
sh600420,2768,1617,0
sz002856,1026,0,981
sz000807,73183,79433,0
sh603218,0,0,0
sh600436,1744,2243,0
sz002169,0,0,0
sh603768,0,0,0
sz000868,30959,26759,0
sh600266,11158,22912,0
sz000708,0,0,0
sz002275,0,0,0
sh600796,0,0,0
sz000589,0,8465,0
sh600037,1500,0,0
sz300718,0,0,0
sh600061,0,0,0
sh603208,0,0,0
sh600011,4874,3699,0
sz300194,3897,2334,0
sz002731,0,0,0
sh600995,0,0,0
sh600585,125511,183159,12994
sh600511,429,473,0
sz002845,0,0,0
sz002448,0,0,0
sz300087,1348,1000,0
sz000782,0,0,0
sz300319,3044,1690,0
sz000544,0,0,0
sh600216,18535,19275,751
sz300627,0,0,0
sz000415,1717,9374,0
sz300068,683,680,0
sz002387,1916,1096,0
sh600143,0,3419,0
sh601101,0,1282,0
sh600629,0,0,0
sh601599,2000,1600,0
sh600210,8017,3119,0
sh603200,0,0,0
sz002494,1502,0,0
sh603330,0,0,0
sh600768,0,0,0
sh600250,0,0,0
sh601128,4316,5382,0
sz300505,0,0,0
sz002550,0,0,0
sh601127,0,497,0
sz002912,0,151,0
sz300692,0,0,274
sz002861,0,0,0
sz002736,1500,9111,0
sz300427,0,0,0
sh600418,6966,0,0
sz002465,1491,1365,0
sh601218,0,0,0
sz002873,0,0,0
sz002797,18904,25809,1044
sh600159,0,0,0
sh603444,0,0,0
sz300204,2640,0,0
sh600410,6001,0,0
sz300408,10316,4906,0
sz000532,0,0,0
sz300095,0,0,0
sh600433,3784,0,0
sz300441,0,0,0
sh600644,0,2451,0
sh600538,0,0,0
sz002084,0,0,0
sz000951,0,1645,0
sz300002,0,2007,0
sz300418,2738,1798,0
sh603609,0,0,0
sh603286,6669,4339,931
sz002560,0,0,0
sz300469,0,0,0
sz000978,0,0,0
sh603578,0,389,0
sh603076,306,289,0
sh600459,602,0,0
sz300507,0,0,0
sz300526,0,0,0
sh603335,0,0,0
sh600015,21219,23621,0
sz300554,267,210,0
sz002416,0,0,0
sh600020,6738,0,0
sh603808,0,504,0
sz300407,0,0,0
sh600137,8808,322,1252
sz002355,0,0,0
sh600333,0,0,0
sh601099,27362,22605,0
sh600118,2629,1345,0
sz002255,0,0,0
sz300322,7595,2494,828
sh603103,0,0,0
sz300176,2436,1264,0
sz300641,0,0,0
sz002876,0,0,0
sz300154,0,0,0
sh600767,0,0,0
sz300568,3551,2620,499
sz002819,0,0,0
sz000949,0,0,0
sz002338,0,0,0
sz002451,375,1500,0
sz300457,0,0,0
sh603166,0,0,0
sh600262,0,0,0
sz300698,0,0,0
sz002197,0,0,0
sh600653,0,4441,0
sz300226,2249,376,0
sh603901,0,0,0
sz002817,0,0,0
sz002547,21730,15723,0
sz002239,5675,0,0
sh600068,10342,17018,0
sh603963,0,0,0
sh600362,39584,46027,905
sz002252,0,2000,0
sz300012,13314,15566,0
sz000417,0,0,0
sh600673,38039,11277,4905
sh601339,0,0,0
sz300150,0,0,0
sz002238,0,0,0
sh600749,0,0,0
sz300310,3229,3265,0
sh600926,2239,5535,0
sz000430,0,0,0
sz300617,0,0,0
sz300248,0,0,0
sh600521,14746,6131,0
sz002207,0,0,0
sh601901,1335,1694,0
sz002893,2898,1972,685
sz300592,0,0,0
sz002474,1379,1700,0
sh600777,10751,0,0
sz002725,0,0,0
sz002761,4471,1976,4838
sz000502,1559,0,0
sh600284,0,0,0
sh600077,0,0,0
sh600371,0,0,0
sz000961,1683,7059,0
sh600576,0,0,0
sz300036,0,0,0
sz002070,313709,54705,0
sz002631,0,0,0
sh601228,0,0,0
sh600078,0,0,0
sz002481,6515,2000,0
sh603238,0,0,0
sz300476,0,472,0
sh603859,0,0,0
sz000912,0,2615,0
sz300244,0,0,0
sz000537,4273,2204,0
sz002729,0,0,0
sz002047,0,0,0
sh600569,100690,135121,0
sh600998,0,1283,0
sz300023,0,0,0
sz300163,0,0,0
sz002825,0,0,0
sz300031,0,1541,0
sh603326,0,0,0
sh600329,0,0,0
sz300432,0,0,0
sh603665,0,0,0
sh601518,0,0,0
sz300670,0,0,0
sz300479,0,0,0
sz002459,0,0,0
sh600435,5357,3438,0
sz300434,0,0,0
sh600097,0,631,0
sz300057,0,0,0
sz000038,0,0,0
sh600409,32646,27659,0
sz002093,3199,0,0
sz002198,0,0,0
sz002763,0,0,0
sz300400,1000,0,0
sz002632,0,0,0
sz300411,0,0,0
sh600853,0,0,0
sz002366,8328,9206,0
sh603970,28021,40477,4475
sh600860,0,0,0
sz002319,0,0,0
sz000928,0,4007,0
sz300218,0,1271,0
sz300129,0,0,0
sz000876,1549,1848,0
sz300539,0,0,0
sh600873,0,9006,0
sz300715,0,0,0
sz000905,0,0,0
sz300214,0,0,0
sz300510,0,0,0
sh600082,0,0,0
sh600320,7212,6015,0
sz002267,0,0,0
sh600189,3713,0,0
sh600597,1012,5139,0
sh603023,0,0,0
sh603889,6909,1877,0
sh600351,0,0,0
sh600039,0,6794,0
sz300024,1747,1823,0
sz300649,244,0,0
sh600199,0,0,0
sh600307,29507,27539,0
sz300710,0,0,0
sz000701,0,0,0
sz002337,0,0,0
sz300669,0,0,0
sz002891,433,454,0
sh603985,0,0,0
sz300557,0,0,0
sz002127,4205,1000,0
sz300362,0,0,0
sz000625,25896,14538,0
sz300435,0,0,0
sh600252,3000,21731,0
sh603289,10040,7787,543
sz002584,22937,5250,0
sz000777,0,0,0
sz000525,0,1170,0
sz002340,86390,124090,0
sz000600,0,0,0
sz300399,0,489,0
sz000655,1383,0,0
sh600108,0,0,0
sz002669,0,0,0
sz002533,0,0,0
sh603848,0,0,0
sh600439,0,0,0
sz300665,0,0,0
sh600391,0,0,0
sz300388,0,0,0
sh603777,0,400,0
sh600819,0,0,0
sh603131,0,0,0
sh600462,0,0,0
sz000776,28720,78898,0
sz300481,500,0,0
sh603388,0,0,0
sh600699,5308,2590,0
sz002911,18070,31359,4482
sh603113,1511,2284,0
sz300288,1129,394,0
sz300655,335,0,0
sh600399,0,0,0
sz002652,0,0,0
sh600587,739,0,0
sh601818,165482,396189,0
sh600620,0,2093,0
sz000985,0,0,0
sh603385,3212,484,0
sz002130,0,0,0
sz002884,200,0,0
sh600438,67451,26094,1372
sh600583,5726,2000,0
sh603518,0,0,0
sz300719,1352,1467,0
sz002438,0,0,0
sh600038,1840,1982,379
sz002510,0,3437,0
sz300185,0,0,0
sh600219,51955,50951,0
sz002863,0,0,0
sh603677,0,805,0
sz002383,9657,5250,0
sz000012,11441,35555,0
sz002905,0,395,0
sh603168,0,0,0
sz002700,0,0,0
sz002258,826,0,0
sz300643,0,0,0
sz300338,0,0,0
sh603701,0,0,0
sh600373,2727,3375,1044
sz000716,0,0,0
sh600727,0,0,0
sz000068,3253,0,0
sz000925,0,0,0
sz002277,5060,0,0
sz002523,0,0,0
sz300335,0,651,0
sh600035,0,6679,0
sz002724,0,0,0
sh601595,0,0,0
sz300145,2704,1745,0
sh600180,0,0,0
sz300546,0,0,0
sz000090,0,0,0
sh600477,2086,19790,1158
sz300228,941,0,0
sh600366,1363,0,0
sz002503,8623,0,0
sz300458,9543,4335,828
sh603797,0,656,0
sh603085,1072,0,0
sz002691,0,0,0
sh600405,0,0,0
sz000632,0,0,0
sz002708,0,0,0
sh600288,2000,0,0
sz002128,5198,25309,0
sh603920,0,0,0
sz002594,8749,5636,0
sz300516,0,0,0
sh601727,0,8053,0
sz002226,0,1700,0
sh600101,0,0,0
sz002261,0,0,0
sh600658,0,0,0
sz300465,1715,0,0
sh603997,0,0,0
sh600599,0,0,0
sz002702,0,0,0
sz300038,56178,48943,8982
sz300561,0,0,0
sz300353,0,701,0
sz300482,0,0,0
sh600671,1298,0,0
sz002447,0,3334,0
sz002266,33153,17717,0
sh601799,0,345,0
sz002437,0,4924,0
sz002611,0,900,0
sz300363,1718,2346,0
sh603118,0,0,0
sh600112,0,0,0
sz002288,2000,0,0
sh603223,500,400,0
sz300070,12292,3194,0
sh603811,0,0,0
sz000652,0,0,0
sz000899,0,0,0
sz002390,5119,2000,0
sz000043,0,1627,0
sh603729,0,512,0
sh600346,16471,10850,0
sz002590,0,0,0
sh600290,2850,0,0
sz300572,0,0,0
sh603603,382,0,0
sz002077,0,884,0
sz000932,40374,57921,0
sz000893,0,0,0
sh600732,0,1403,0
sz002270,0,0,0
sh601117,21240,6423,0
sz300534,883,890,0
sz002234,0,1000,0
sz300543,0,0,0
sh603818,0,0,0
sz300412,0,0,0
sz300386,699,3491,0
sz002217,16372,3416,0
sz300061,0,0,0
sh603229,0,0,0
sz300487,822,0,0
sh600358,0,0,0
sz002589,1689,0,0
sh600291,8420,3153,0
sz300312,949,0,0
sz300401,4055,1918,0
sh600592,0,0,0
sz000691,4085,16028,0
sz002758,0,0,0
sz000990,1000,735,0
sh600759,5482,16538,0
sh603656,0,0,0
sh600789,0,0,0
sz000011,0,0,0
sh600113,0,1000,0
sz002308,1000,0,0
sh600643,0,6435,0
sh601989,64580,122995,0
sz002654,0,0,0
sz300177,0,999,0
sz300028,0,0,0
sz300326,0,0,0
sh600868,14032,0,0
sz300146,7791,989,0
sh600702,253,608,0
sz002811,0,0,0
sh600081,0,0,0
sz000682,0,0,0
sz002385,14449,25526,0
sz000070,0,0,0
sz002802,0,0,0
sz000153,0,0,0
sz002174,4265,1116,0
sh600425,0,0,0
sz300625,0,0,0
sh600847,0,0,0
sz002193,11538,0,0
sh600095,2050,0,0
sz002164,0,0,0
sh603996,2510,0,0
sz000026,0,0,0
sz002747,0,1017,0
sh600122,8550,0,0
sh601168,3566,4243,0
sh603181,0,0,0
sz000798,0,0,0
sz002418,1322,0,0
sz000685,1963,0,0
sh603929,2390,868,0
sh601519,0,2731,0
sz300461,0,0,0
sz002752,0,5114,0
sh600133,1600,0,0
sh603535,0,0,0
sh600127,0,0,0
sz300137,505,1274,0
sh603026,0,0,0
sh600705,22712,9434,0
sz002790,0,0,0
sz002883,0,0,0
sh603690,1324,709,0
sz000407,0,4923,0
sh603595,177,0,0
sh600021,1038,1130,0
sz300712,0,0,0
sh600595,3057,7457,0
sz000603,0,0,0
sh601798,0,0,0
sz300423,2895,0,0
sz000898,45113,92812,0
sz002251,1172,678,0
sz300083,2803,8047,0
sz300517,0,0,0
sz300571,0,219,0
sh600090,0,1303,0
sz300480,0,0,0
sz300528,0,0,0
sz000016,21088,16893,0
sz000892,0,0,0
sh601628,12172,22831,823
sz300619,0,0,0
sh600736,0,0,0
sz300416,0,1419,0
sz300553,0,0,0
sz000518,0,0,0
sz300460,0,0,0
sz002675,0,0,0
sh600298,8546,3824,708
sh601677,1067,0,0
sz000089,0,4687,0
sh600570,13622,6107,0
sz002285,34067,28729,0
sh600128,0,0,0
sh600896,0,0,0
sh600887,82626,80269,1276
sz000698,0,0,0
sz000890,0,0,0
sz002291,0,0,0
sz002701,0,0,0
sh601555,2132,5077,0
sh603225,0,0,0
sh603158,0,0,0
sz300062,0,0,0
sz300227,0,534,0
sz002184,0,0,0
sz000410,0,0,0
sz000667,16351,0,0
sh600303,1086,0,0
sz002313,1340,3859,1394
sz000993,0,0,0
sz000538,2335,1571,0
sh603858,491,2009,0
sh600787,24020,9029,0
sh600302,0,0,0
sz002422,14444,16296,0
sh600398,0,1560,0
sh600448,0,0,0
sz002880,0,0,0
sz002178,0,0,0
sz300551,0,0,0
sz002628,0,0,0
sz300583,0,0,0
sz002421,2431,1679,0
sz002522,0,1000,0
sz002868,0,0,0
sz002543,1001,0,0
sh600790,0,0,0
sh603086,0,0,0
sz300360,0,0,0
sh600050,520830,285909,0
sh601618,7364,4913,0
sz002287,0,0,0
sz002343,975,389,0
sz300521,0,0,0
sz002051,0,895,0
sz002865,0,0,0
sz002634,0,3478,0
sz002616,0,0,0
sz002035,2469,1200,0
sz300443,0,0,0
sh600891,0,0,0
sz002695,0,0,0
sz002684,0,0,0
sh603616,607,0,0
sz000959,0,0,0
sz300217,10000,22222,0
sh603357,2259,0,0
sz002633,2000,4605,0
sz002662,2031,2010,0
sz300347,0,0,0
sz002760,0,408,0
sz002433,0,0,0
sh601881,0,4212,0
sz300309,0,0,0
sz002846,0,0,0
sh600272,0,0,0
sz000768,0,684,0
sz300164,1856,0,0
sh600743,0,0,0
sh600279,0,0,0
sh603527,0,0,0
sz300043,0,0,0
sz002088,921,0,0
sz002106,1229,0,0
sh601212,2090,0,0
sz002445,2639,0,0
sz002278,1572,2482,0
sh603298,0,0,0
sz000723,0,0,0
sz002249,4955,0,0
sh603058,0,0,0
sh600503,0,0,0
sz300370,0,0,0
sz002623,0,0,0
sz300447,0,0,0
sh600676,0,0,0
sh600719,0,0,0
sz002674,0,0,0
sz002581,573,0,0
sh600606,74587,78130,0
sh600520,0,0,0
sh600981,0,0,0
sz002475,41210,31890,504
sz300336,0,4465,0
sz002176,6000,11054,0
sh603579,0,0,0
sh600292,0,0,0
sz000516,0,0,0
sz002656,1857,1238,516
sz300545,0,0,0
sh601366,0,0,0
sz300110,4381,6401,0
sz000683,32642,26924,0
sz300645,0,0,0
sz000543,0,3046,0
sz300103,0,0,0
sz300066,6400,0,0
sh600368,0,0,0
sz002042,10071,7318,0
sh603167,1941,1004,0
sz002491,900,0,0
sz300048,0,0,0
sz000767,0,0,0
sh603789,0,0,0
sz300533,0,0,0
sh603883,0,200,0
sz300672,674,1885,0
sz300609,0,0,0
sh600967,2844,0,0
sz002781,0,0,0
sz002026,0,1156,0
sz300552,0,0,0
sz300548,0,0,0
sz000909,0,0,0
sz000533,0,0,0
sh603196,0,0,0
sz000697,978,1482,0
sz300703,0,0,0
sh600802,0,1650,0
sz000656,0,2860,0
sh603678,500,0,0
sz002499,0,0,0
sz300713,0,0,0
sh601058,49566,6454,0
sz000935,3714,9715,1639
sh600726,0,0,0
sz000066,69081,15348,0
sz300287,3433,0,0
sz002531,7362,2009,0
sz300297,0,0,0
sh600066,2420,4290,0
sh600723,0,0,0
sh603933,187,0,0
sz300264,3501,0,0
sz002619,1571,11156,0
sh600461,0,7732,0
sz002221,8069,12102,2989
sz002173,0,0,0
sh600217,2855,6257,0
sz300549,0,0,0
sz300596,0,0,0
sz002031,0,5595,0
sz002296,0,0,0
sz002086,14977,11571,0
sz002624,6374,4389,0
sz000786,17823,37703,1132
sh600589,0,0,0
sz300464,0,0,0
sz002480,0,0,0
sh603668,0,0,0
sh603918,0,0,0
sz300296,2613,3059,0
sh600343,0,812,0
sz300096,0,1505,0
sh601377,19450,15306,0
sz300332,0,0,0
sh600019,438481,436769,6426
sh603288,0,654,0
sh603698,0,0,0
sz000553,3429,973,0
sz002041,0,0,0
sz300623,437,443,0
sh601015,4956,11810,0
sz000908,0,0,0
sz002167,0,0,0
sh601166,185818,202288,0
sh601368,0,0,0
sh601238,10067,2934,0
sz002551,0,0,0
sh600611,4000,0,0
sz002829,0,0,0
sh600667,408523,279975,2890
sz002165,0,0,0
sz002020,6232,3936,0
sz000739,0,1961,1810
sh600663,0,0,0
sz300115,1347,2690,0
sz300393,0,1666,0
sh600460,593598,680859,67817
sh601199,2152,0,0
sz002743,0,1054,0
sz300570,0,645,0
sh603838,0,0,0
sz000428,0,0,0
sz300041,0,0,0
sh600375,0,2314,0
sz300212,0,994,0
sz002671,0,0,0
sh603988,0,0,0
sz000919,0,0,0
sz300689,0,405,0
sh601929,29743,8240,0
sh600182,0,0,0
sz002237,3116,6859,0
sh600325,15413,3411,0
sh600012,2257,0,0
sz002597,9401,16921,982
sz002455,0,0,0
sh600623,0,1855,0
sz000981,0,0,0
sh600999,17883,21023,0
sz002605,0,0,0
sh600353,10286,12676,0
sz002554,3013,0,0
sz000877,11166,3289,0
sz000650,0,0,0
sh601898,4187,0,0
sh603303,0,0,0
sz002449,9765,5097,0
sh600793,0,0,0
sz002614,0,0,0
sz002365,5236,768,0
sh600123,1351,5268,0
sh600838,0,0,0
sz300676,7013,3932,1007
sz002513,0,0,0
sh603050,800,0,0
sz002651,0,2700,0
sz000666,0,0,0
sz002639,3407,0,0
sz002561,0,0,0
sz000783,0,6429,0
sz000759,0,0,0
sh603466,397,818,228
sz000791,2100,0,0
sh600603,0,0,0
sh603496,445,312,0
sz002809,0,1120,0
sz300174,0,0,0
sh600965,0,0,0
sz000882,0,13189,0
sz002348,2150,4596,0
sh603990,0,0,0
sh600785,0,0,0
sz000531,1300,0,1203
sz300578,0,0,0
sz002279,0,0,0
sh603138,0,0,0
sz300207,11141,3004,0
sz000008,4165,1205,0
sh600803,27081,22052,1116
sz002770,2066,0,0
sz002136,3314,0,0
sz002081,42234,18465,0
sz000626,0,810,0
sh603269,1500,0,0
sh600260,4921,4501,0
sh601567,0,0,0
sz000002,104651,111427,15248
sh603077,82799,94622,0
sz002094,0,0,0
sz002557,0,0,0
sh600255,0,0,0
sh600093,960,0,0
sz002886,0,351,0
sz300075,650,0,0
sh600722,0,4957,0
sh603337,0,333,0
sz300255,0,0,0
sh603180,0,0,0
sz000982,8297,0,0
sz002541,1038,0,0
sz000536,0,0,0
sz300620,0,0,0
sh600377,0,3586,0
sz002364,0,0,0
sz300006,0,0,0
sh600990,0,452,0
sz002195,57346,27242,0
sh600833,0,0,0
sh601808,915,966,0
sh603669,0,0,0
sz000672,127214,85748,6060
sz300072,3757,2703,0
sh600055,1289,3360,0
sz300114,0,0,0
sh603757,0,0,0
sh600771,0,266,0
sz300422,0,1709,0
sz002862,0,0,0
sz300093,1500,0,0
sz002595,0,0,0
sz001896,0,0,0
sh600959,1449,0,0
sh600963,0,4226,0
sh603309,553,0,0
sz002352,858,510,0
sz002129,1308913,1039490,62773
sz002284,1273,0,0
sz002050,15364,21189,0
sz000758,0,9822,0
sh600379,0,0,0
sz002092,4111,15720,0
sz000426,20230,44104,0
sh600936,0,0,0
sz002091,2801,14383,0
sh601789,0,5713,0
sz002681,0,2612,0
sz300289,0,0,0
sz300499,0,0,0
sh603896,0,0,0
sz002432,1028,4235,1071
sz300622,0,0,0
sz000639,626,0,0
sh600698,0,0,0
sh600319,0,1500,0
sz300701,0,0,0
sz300651,300,831,0
sz002066,0,0,0
sh600350,2193,22262,0
sh600885,958,300,0
sh600714,0,0,0
sh600798,0,4692,0
sz300536,0,0,0
sz002401,961,0,0
sz002603,0,0,0
sz300333,1924,0,0
sz002469,0,0,0
sh601878,6621,3552,0
sz002351,0,0,0
sh600202,0,2214,0
sz002540,0,1433,0
sh600355,0,0,0
sh601222,11827,5118,0
sh603978,0,244,0
sz002100,0,0,0
sz300252,770,600,0
sz000833,0,0,0
sh601908,0,0,0
sz300389,0,0,0
sz002292,0,710,0
sz002386,2721,5809,0
sz300321,500,0,0
sz300086,0,1127,0
sz002765,0,0,0
sh600986,0,0,0
sh600871,17898,20349,0
sz002630,1101,0,0
sh600862,0,1446,0
sh600185,0,0,0
sz002645,0,0,0
sz002113,16734,933,0
sz300450,494,0,0
sz002349,0,0,0
sz002425,0,0,0
sz000911,0,0,0
sz300579,0,0,0
sh601788,1592,688,0
sh601009,50852,88346,0
sz000968,21100,9088,5129
sh600874,23053,2369,0
sz300015,6790,1357,0
sz300271,7989,892,0
sz000408,3469,2092,0
sz002544,0,1359,0
sz300529,0,0,0
sh600400,0,0,0
sh603066,1460,0,0
sz000613,0,0,0
sz002689,0,0,0
sz000980,2294,5190,0
sz002294,2340,298,0
sh600446,1401,2156,0
sh600704,0,1766,0
sz000987,0,0,0
sh600801,32184,49160,0
sh600470,0,0,0
sh603826,0,0,0
sz002172,0,0,0
sz000628,0,0,0
sh603869,0,0,0
sz300059,533492,315897,16533
sz002696,0,0,0
sh600742,0,640,0
sh600285,0,2000,0
sz300708,17031,12259,1804
sz300328,0,995,0
sz002116,0,0,0
sh601006,32651,45728,0
sh600352,148179,109450,4042
sz002466,15326,15902,1845
sh600893,1177,1988,0
sz002505,0,0,0
sz002733,2616,4733,0
sh603278,593,0,0
sz002009,0,0,0
sh600540,0,0,0
sz002859,6179,1235,341
sz000789,55807,57838,2074
sz002867,0,0,0
sh600488,0,0,0
sz002497,14841,20856,763
sh603035,0,0,0
sz002316,0,0,0
sh603878,0,0,0
sz300371,0,0,0
sh603233,0,0,0
sh600547,7226,14690,479
sh600512,2308,0,0
sz002644,0,0,0
sh600336,0,0,0
sz002850,0,0,0
sh600697,0,0,0
sh603580,0,581,0
sz000887,885,3123,0
sz000662,0,0,0
sh603737,0,0,0
sz002460,15989,19519,2304
sz300677,329,373,0
sz002613,0,0,0
sz300131,3815,0,0
sz300373,2889,1026,0
sz002783,0,0,0
sz300073,663,0,0
sh603721,0,0,0
sz002105,0,0,0
sz300654,500,0,0
sz002302,31921,44862,2555
sh600649,11305,7970,1757
sz000596,3226,877,0
sh600782,26609,66629,0
sz300721,1893,2584,0
sz000929,0,0,0
sh601689,1424,0,0
sz002431,3910,4050,0
sz002265,0,0,0
sz002156,194303,97084,7045
sh600566,847,2156,0
sh600774,0,0,0
sz000799,1116,1365,0
sz300161,0,0,0
sh600745,2235,1492,0
sz000069,11506,38591,2554
sz002303,1800,1548,0
sz000584,32616,8069,3115
sz002472,0,0,0
sh603018,0,0,0
sh603868,159,0,0
sz000878,2291,3023,0
sz002461,4671,0,0
sz002407,2650,5768,0
sz002715,0,0,0
sz002909,0,0,0
sh600754,0,0,0
sh603686,0,0,0
sz002892,0,0,0
sz002419,956,0,0
sz300673,0,0,0
sz000637,1772,0,0
sz300232,4704,0,0
sz000565,0,0,0
sz002004,0,0,0
sh600233,0,0,0
sz000338,21992,25053,0
sz300286,0,0,0
sz002301,9891,0,0
sz300396,301,900,0
sz002085,0,583,0
sh600539,0,0,0
sh603360,0,0,0
sh601111,15560,37459,1123
sz002179,1472,5315,0
sz300092,0,0,0
sh603661,464,124,0
sz300098,4676,1800,0
sh601997,14860,8807,0
sz000400,0,0,0
sz000710,471,237,0
sz000671,38948,43778,0
sh600452,0,0,0
sh600674,4099,23964,0
sh600747,8682,4406,0
sz000835,0,0,0
sh600218,0,0,0
sz002542,1365,0,0
sz000060,8877,12562,0
sh603380,0,0,0
sz300258,0,0,0
sz002329,0,0,0
sz002642,0,0,0
sz000523,0,0,0
sz300153,0,0,0
sz000826,8805,13705,0
sh601198,0,638,0
sz300168,12875,4332,0
sz300667,0,0,0
sz002065,1378,5358,0
sz002714,3374,6273,0
sh600958,3914,18516,0
sz000800,44505,26440,1215
sh603937,2421,4313,0
sh600641,7863,5635,0
sz300053,12796,7711,0
sz002536,3265,0,0
sh600982,0,0,0
sh600758,0,7427,0
sz300611,0,0,0
sz300136,31311,24683,4114
sz002114,3318,1004,0
sz002519,0,0,0
sh600167,0,0,0
sh600778,0,0,0
sz002573,1218,876,0
sz300475,0,0,0
sz002396,18935,13915,492
sz002283,0,0,0
sz300124,12582,3283,0
sz002315,0,0,0
sh603519,1055,0,0
sh600381,0,0,0
sh600740,47510,40359,1409
sz300030,0,1229,0
sh603315,0,0,0
sh600848,0,980,0
sh600178,0,0,0
sz000923,0,0,0
sz002150,0,0,0
sh600155,0,0,0
sz000839,114123,147482,0
sz002250,0,1681,0
sz000548,0,0,0
sh600517,2020,3000,0
sh603033,0,0,0
sz002826,0,0,0
sh600268,0,0,0
sh603602,471,0,0
sh600970,15839,53649,0
sh600401,0,0,0
sh601666,16624,25494,0
sh601155,14378,18569,1420
sz002737,0,0,0
sz002450,31142,24837,0
sh603106,0,0,0
sz002046,0,0,0
sz002170,5634,0,0
sz002314,0,0,0
sz300442,0,0,0
sh600114,965,0,0
sh603421,0,0,0
sh600898,0,0,0
sh600784,0,0,0
sz002334,0,0,0
sh603617,0,0,0
sz002882,1699,982,0
sh600502,4878,5821,0
sh600800,1789,0,0
sh600775,1243,0,0
sz002458,5576,517,0
sh600277,3669,2185,0
sz000151,0,0,0
sz300695,0,105,0
sh600206,167781,80113,14200
sh600335,0,0,0
sh600234,0,0,0
sz000605,0,0,0
sz002678,0,0,0
sh600857,0,0,0
sh600830,0,1100,0
sz300246,0,0,0
sz000700,0,0,0
sz002530,660,688,0
sh600624,0,0,0
sz300199,1752,0,0
sh601992,45731,47863,0
sz002300,0,1221,1154
sz002827,3215,569,0
sz002697,0,0,0
sh600549,15354,37434,552
sh603499,0,0,0
sh601633,0,996,0
sh603903,0,0,0
sh601678,3346,0,0
sz300675,652,700,0
sh600326,2824,4674,0
sz002716,0,0,529
sh600196,32168,23412,2205
sz002162,0,0,0
sz002672,616,818,0
sz000988,12586,12373,0
sz002233,4053,0,0
sh600369,22738,4559,0
sh600776,10494,1575,0
sh600753,3019,1003,0
sz000720,0,0,0
sz002532,0,0,3164
sh601375,0,0,0
sh603011,0,0,0
sh601579,0,0,0
sz300198,0,0,0
sz300642,0,115,0
sz002822,0,0,0
sh600060,4541,6117,0
sz002878,0,0,0
sh600148,0,0,0
sz002427,420,408,0
sh603227,0,0,0
sz000636,142792,163024,14703
sh601108,13054,24715,0
sh600807,248175,357593,33028
sz002247,0,1701,0
sh600808,137729,193665,0
sh600590,0,0,0
sz002759,2004,1411,1395
sh600388,2425,669,0
sh603663,0,0,0
sh603040,0,172,0
sz300049,0,0,0
sh600861,0,0,0
sh603036,0,0,0
sh600208,154725,96006,0
sh600561,0,0,0
sz000952,0,0,0
sh603099,0,0,0
sz000009,0,1501,0
sz000573,0,0,0
sz002336,1587,2987,0
sh603311,0,0,0
sh600059,0,0,0
sz000838,0,0,0
sz002795,0,0,0
sz300485,0,0,0
sz300490,0,0,0
sz300470,0,0,0
sh600760,5801,4163,489
sz300259,0,0,0
sh600879,3145,1673,0
sz300236,1794,929,0
sh600823,5089,4084,0
sz002078,7614,7825,0
sh603037,0,0,0
sh600486,0,0,0
sh603366,0,0,0
sh603001,0,0,0
sz002318,0,1900,0
sz300484,0,0,0
sz002785,0,0,0
sz300130,1426,384,0
sz002842,0,0,0
sz300251,15161,15631,0
sz002210,30096,2847,0
sh600725,0,3400,0
sh601226,0,0,0
sz002813,0,236,0
sh603606,0,0,0
sz002773,177,199,0
sz000726,1156,1009,0
sz002721,900,0,0
sz000966,0,0,0
sh600376,0,0,0
sh600518,8581,4811,0
sz300127,0,0,0
sh600130,2356,4910,0
sz002902,1331,586,0
sh600598,0,7131,0
sz002625,1926,5082,345
sz002373,23659,24906,4585
sz300025,3409,0,0
sz300374,0,0,0
sz002607,5000,0,0
sh600228,0,0,0
sz000631,0,0,0
sz002264,10478,6448,0
sz002476,0,0,0
sz300706,1820,1135,137
sh601882,0,0,0
sh600763,540,517,1042
sz300349,0,0,0
sz002415,36521,32364,835
sh600016,316419,357682,0
sz002354,3576,1534,0
sh600276,6963,4899,0
sh600578,0,0,0
sh600703,126546,61055,4377
sh600416,1100,3123,0
sh603515,0,236,0
sh600680,0,0,0
sz002118,32562,26275,0
sh603886,0,0,0
sz300052,13367,21939,0
sh603779,0,0,0
sh600076,0,0,0
sh600548,0,1219,0
sh600131,0,2158,0
sz002384,5043,2898,0
sz002617,0,0,0
sz300026,20308,11393,0
sz300501,0,1023,0
sh600396,0,0,0
sz000005,0,0,0
sh603177,0,0,0
sh603968,0,0,0
sz002666,0,0,0
sz300576,0,0,0
sz300429,0,1600,0
sz002124,0,0,0
sz300119,0,0,0
sz300540,0,0,0
sz002111,723,0,0
sz002757,0,0,0
sz000815,0,1192,0
sz000166,15118,36118,0
sh600236,0,2100,0
sh603987,0,0,0
sz300037,1312,0,0
sh600691,12874,15387,0
sz300202,0,0,0
sz002620,0,0,0
sh600975,0,0,0
sz000552,8017,6068,0
sz300636,0,0,0
sz002231,0,0,0
sh601116,0,0,0
sh600545,14219,2405,0
sh603517,962,605,0
sh600022,77862,80511,0
sz300640,0,0,0
sz002567,0,0,0
sh603100,0,0,0
sz300688,0,0,0
sz000572,2417,0,0
sh600139,0,0,0
sz002705,0,0,0
sh601200,435,1082,0
sz002487,0,0,0
sz300160,0,0,0
sh600080,0,0,0
sz000622,0,2003,0
sh603605,1114,1637,0
sh600429,0,0,0
sh603096,733,0,0
sz002027,169117,109372,12069
sh601016,9587,4220,0
sz300067,1767,4097,0
sh600750,500,0,0
sh603612,524,212,243
sh603098,0,1761,0
sh600584,56442,45737,3698
sh600993,1159,1943,0
sh600126,1499,0,0
sh603900,423,0,0
sh603882,0,0,0
sz300308,300,0,0
sz300518,0,0,0
sz300004,0,0,0
sz300542,0,0,0
sz002052,0,0,0
sz002161,7511,0,0
sz000920,0,0,0
sh600876,1086,0,0
sz002166,0,0,0
sz000750,2527,0,0
sz300368,1591,0,0
sh603980,541,1242,0
sh601126,0,0,0
sh601669,18413,10852,0
sz300604,559,0,0
sh601588,5000,0,0
sh603088,0,0,0
sh603169,0,0,0
sh600192,0,0,0
sz002516,0,0,0
sz002444,3833,1500,0
sz002149,0,0,0
sz000880,0,0,0
sz300275,811,0,0
sh600960,0,0,0
sh603688,2436,850,0
sh601318,525787,632198,58391
sz002786,0,0,0
sz300323,10257,1438,707
sz000703,3695,5046,0
sz300463,0,0,0
sh600661,0,0,0
sz002745,701,276,0
sz000062,1275,2137,492
sz002775,0,0,0
sz000413,21438,29108,1458
sz002053,0,0,0
sh600193,14961,5000,0
sh603922,0,0,0
sh601958,0,0,0
sh600997,3217,1667,0
sh600855,0,736,0
sh600639,0,0,0
sz002215,0,0,0
sz002262,0,1000,0
sz002903,0,258,0
sh603139,0,0,0
sz300354,0,0,0
sz300225,5620,5132,0
sz000416,0,0,0
sz300340,662,691,0
sz300413,35438,25470,3219
sz300313,0,955,0
sh600251,0,1609,0
sz000559,0,0,0
sh601169,119886,123001,0
sz300468,465,0,0
sz002191,7044,23248,0
sz002792,2458,2064,0
sh600810,0,1900,0
sz000727,13790,19854,0
sz002732,0,0,0
sz000530,0,12649,0
sz300601,0,0,0
sh603833,303,541,0
sz000586,0,0,0
sz002471,0,4600,0
sz000686,0,8411,0
sz300397,0,0,0
sz002741,0,0,0
sh600851,1000,2143,0
sh603976,0,0,0
sz300682,0,0,0
sz002713,0,0,0
sh603266,0,0,0
sz000983,19204,55788,0
sh600360,53226,50445,1604
sh600467,0,3300,0
sz300291,1752,1000,0
sh600983,0,0,0
sh603345,0,0,0
sz300486,0,0,0
sz000889,3771,5937,0
sz002539,0,0,0
sh603277,0,0,0
sh601188,0,0,0
sz300298,0,493,0
sz002855,0,0,0
sh600792,0,0,0
sh600581,62667,74201,5205
sz002755,0,0,0
sz300082,0,0,0
sh600668,641,0,0
sh600917,0,0,0
sh600249,0,0,0
sz002235,0,0,0
sh600493,0,0,0
sz002259,0,0,0
sz002853,609,0,0
sz300016,0,0,0
sz000049,984,2924,0
sz002591,0,0,0
sz002420,0,4000,0
sz300022,0,0,0
sh600395,1674,2934,0
sz300699,6994,5406,601
sh600017,0,3629,0
sz002608,0,0,0
sz300385,0,0,0
sh600175,39551,2126,0
sh600310,0,0,0
sh603339,0,0,0
sz002328,0,0,0
sh600532,7462,1007,0
sz002734,0,0,0
sh603232,0,0,0
sh600573,1270,3115,0
sh600000,119760,62823,2633
sz002833,189,829,0
sh600491,10936,14966,0
sz300245,0,0,0
sz300170,4590,955,0
sz002405,64769,57790,3881
sz002311,610,0,0
sh600738,0,0,0
sz300169,0,0,0
sz300196,0,0,0
sz000967,0,0,0
sz000922,0,0,0
sz300613,2370,1129,0
sh600635,3352,0,0
sz000001,401527,547672,15523
sz002148,6751,3521,0
sh600805,0,0,0
sz002322,0,0,0
sz000633,1501,0,0
sh600063,0,3657,0
sh600613,0,0,0
sh603822,0,0,0
sh600835,27476,13804,2501
sh600510,0,0,0
sz300172,0,0,0
sz300270,0,0,0
sz300081,1796,6340,0
sz002800,0,0,0
sh601139,8541,7643,0
sz300556,0,0,0
sz300318,0,0,0
sh600980,0,0,0
sz002899,0,350,0
sh603006,0,0,0
sz300184,3876,0,0
sz300448,0,0,0
sz002013,1521,3614,0
sh600261,4346,0,0
sh600582,0,0,0
sh600973,0,0,0
sz300577,0,174,0
sh601699,43606,88462,0
sh603618,0,0,0
sh600281,0,0,0
sh603363,0,935,0
sz002293,0,0,0
sz002647,0,0,0
sz002006,0,0,0
sz300344,1270,0,0
sz002310,47899,13613,0
sz000738,0,943,0
sz000918,0,4111,0
sh600984,0,0,0
sz002363,4000,0,0
sh600009,1906,1252,0
sz002727,0,0,0
sh600996,1000,0,0
sh603000,0,0,0
sz002457,2328,0,0
sz000663,600,0,0
sh600556,0,0,0
sh600979,0,4000,0
sz300607,200,527,0
sh600817,0,0,0
sh601158,0,0,0
sz002180,456,482,0
sz300200,0,0,0
sh601688,42560,39964,2905
sz000048,0,0,0
sz002787,0,0,0
sh601872,2408,0,0
sz000975,0,1478,0
sh600523,0,0,0
sh603555,0,0,0
sh603999,0,0,0
sz002722,2068,0,0
sz000659,0,0,0
sz000017,0,0,0
sh600971,4235,31497,0
sh603041,0,0,0
sz300717,0,0,0
sz000570,0,0,0
sh603007,0,0,0
sz000409,0,2924,0
sh600966,1821,1941,0
sh603588,2652,5584,0
sz002780,0,0,0
sz300195,0,0,0
sh603608,0,0,0
sz300183,2991,1968,0
sz300691,0,251,0
sh603819,0,0,0
sz300491,0,0,0
sz002347,3592,0,0
sh600770,31814,10060,3436
sh603803,0,0,0
sz002498,0,0,0
sh600188,9553,18381,1141
sh600724,0,0,0
sz002615,0,0,0
sz002045,846,2135,0
sz300343,1615,0,0
sz002216,0,0,0
sz000411,500,0,0
sz300477,3381,2068,500
sz002061,14661,3317,0
sh603029,0,0,0
sz000901,0,443,0
sh603676,0,0,0
sh600499,5537,13054,0
sz300600,0,0,0
sz002748,0,0,0
sh600449,1005,3554,0
sh603767,0,0,0
sh601028,0,0,0
sz000534,0,0,0
sz002435,0,0,0
sh603128,4914,2858,1100
sh603111,6285,2753,0
sz002454,0,0,0
sz002119,0,1890,0
sh601858,0,0,0
sh600864,0,0,0
sh600422,1905,1088,0
sz300113,44817,28977,5333
sz002778,0,0,0
sz002779,0,0,0
sz300076,0,0,0
sz002273,6981,11175,0
sh601163,598,0,0
sh600875,5013,9594,0
sh603160,3983,2918,353
sh603239,706,0,0
sh600816,10885,11579,0
sz002090,0,0,0
sz300190,0,0,0
sh600008,20581,4783,0
sz002038,42462,16051,588
sz002141,0,2836,0
sh600173,0,0,0
sz002563,0,0,0
sh603958,0,0,0
sh600195,0,0,0
sh600156,0,0,0
sh600057,0,0,0
sz000582,0,0,0
sz300063,2010,0,0
sh600064,0,0,0
sz002496,11502,4039,0
sh600089,15998,17208,0
sh600766,0,0,0
sh600528,864,1000,0
sh600259,286,723,0
sh603908,0,0,0
sz300433,8076,5578,0
sh600605,0,0,0
sh603508,0,0,0
sz000616,0,0,0
sh600280,0,7598,0
sz000065,511,2686,0
sz002095,451,0,0
sz300417,0,0,0
sh601918,0,0,0
sh603887,0,0,0
sz002096,0,0,0
sh600389,791,1889,566
sh600712,0,0,0
sz002171,0,0,0
sz002298,3613,1102,0
sz002434,18041,13415,0
sz000860,0,1311,0
sz300522,0,0,0
sh603031,0,0,0
sz000960,12552,21194,0
sh601919,11023,5348,0
sh600184,1523,1045,0
sz002133,0,0,0
sz000996,6331,941,810
sz300230,0,0,0
sh603586,0,0,0
sz300209,0,542,0
sz002276,1581,0,0
sz300281,0,0,0
sh600235,0,0,0
sh600058,0,0,0
sh600751,3905,5682,0
sz000883,0,0,0
sz300243,0,0,0
sz300716,0,0,422
sz000692,0,0,0
sh603860,0,0,0
sz002823,0,0,0
sh600596,1060,0,0
sz300182,1441,3679,0
sh603319,0,0,0
sz002452,0,0,0
sz002812,820,199,0
sz002588,0,0,0
sz002229,1437,7150,0
sz300316,43981,13480,2225
sz002404,0,0,0
sh603885,0,2649,0
sz002010,0,934,0
sz300700,337,648,0
sz000679,0,0,0
sz002793,0,0,0
sz300722,9882,17735,1222
sz002463,14383,0,0
sz000973,0,0,0
sz002153,4744,4397,0
sh603633,0,0,0
sh603108,900,0,0
sh603387,616,0,0
sh600648,1009,0,0
sz002895,8164,23521,543
sz000563,0,2582,0
sz000506,0,9347,0
sz300191,0,458,0
sh601002,3433,12580,0
sh603683,0,0,0
sz002703,0,0,0
sz002479,4048,1525,0
sz002282,0,780,0
sz000957,2415,1952,0
sh600706,0,0,0
sz002253,0,0,0
sz002131,8907,42572,0
sh603025,0,0,0
sh601890,0,0,0
sh603798,0,0,0
sz300105,2746,2005,0
sz000709,103179,190912,0
sh603318,0,0,0
sz002805,612,0,0
sz300679,384,127,0
sh600779,700,964,0
sh600094,7601,0,0
sh600831,0,2620,0
sz000792,25575,47655,2767
sh603659,9992,13768,1617
sz000591,0,0,0
sh600869,0,0,0
sz002537,7532,0,0
sh600821,0,0,0
sz002008,43983,27903,4281
sh600191,3665,2000,0
sh601008,0,0,0
sh600211,0,0,0
sh603599,0,0,0
sh600287,0,0,0
sz002803,0,0,300
sh601328,123386,111014,0
sz300141,0,0,0
sz002698,0,0,0
sz000762,4996,660,0
sz002830,1642,1265,0
sh600479,0,0,0
sz002200,1100,0,0
sz300629,0,0,0
sz002367,0,0,0
sz000593,1839,0,0
sz300054,42306,46725,0
sz300565,0,0,0
sz002586,17813,8767,0
sz000731,0,1401,0
sh600565,5895,73690,0
sz300439,0,0,0
sz002242,0,681,0
sh600240,0,0,0
sz300394,0,0,0
sh603416,0,0,0
sh600212,0,1710,0
sh600506,0,5415,0
sh600850,829,800,0
sz002225,0,1855,0
sz002413,0,2721,0
sz002815,0,0,0
sz300459,0,0,0
sh603898,1016,0,0
sh601616,0,0,0
sh600933,603,3031,0
sz002151,9973,5635,1122
sz002246,0,0,0
sz000735,20841,6541,0
sz002353,0,0,0
sh600586,2933,2658,0
sh603260,3408,6629,887
sz002643,2099,0,0
sz002762,0,0,0
sh600361,0,3242,0
sz002175,8086,0,0
sh603648,0,3638,0
sz300438,1783,1117,0
sz002203,0,0,0
sz002196,0,0,0
sh600026,1670,0,0
sz300099,0,0,0
sz002403,0,0,0
sz300547,0,0,0
sz002320,11712,5086,0
sz002244,3000,5220,0
sh600828,0,2000,0
sh600370,14000,0,0
sz002058,0,0,0
sz000859,4000,0,0
sh600559,3066,3325,0
sz002036,4892,2967,0
sh603628,0,0,0
sz300525,0,0,0
