sh600073,1557,0,0
sh600755,6218,8937,0
sz000599,0,0,0
sz000851,7838,2172,0
sz002238,0,0,0
sh600969,0,0,0
sh600246,0,0,0
sz300209,0,0,0
sh600100,2564,10796,0
sz002803,254,0,0
sz300190,0,0,0
sz300416,452,0,0
sz002868,0,0,0
sh600853,0,0,0
sh601228,0,0,0
sz002827,0,0,0
sz002182,2928,12383,0
sz300371,0,0,0
sh603768,0,0,0
sz002285,44275,94686,2927
sz000725,3379763,2868729,2226
sh600660,4458,7694,502
sz300507,0,0,0
sz002111,0,0,0
sz002688,0,0,0
sh603839,0,0,0
sh600642,0,7666,0
sz002835,2682,2196,1185
sz002178,0,2826,0
sz300441,0,0,0
sh600702,2500,1412,0
sz002317,4236,1000,0
sz300200,0,0,0
sz000762,1466,8395,645
sh601949,2074,12862,0
sh600482,5667,1858,0
sz002077,0,0,0
sz000972,4000,0,0
sz300499,0,0,0
sz002255,0,0,0
sz002684,0,0,0
sz002619,5245,20605,1656
sz300450,213,1121,171
sz002274,0,0,0
sz002068,25723,10739,0
sz002748,0,0,0
sh600819,0,6299,0
sh601901,10637,35252,0
sz300471,0,0,0
sh603331,0,0,0
sz300356,0,0,0
sz002339,0,0,0
sz002550,0,0,0
sz002228,2893,0,0
sz002385,16556,55222,0
sz002567,0,2392,0
sh600236,2001,0,0
sz300063,0,2000,0
sh600173,3000,0,0
sz300604,0,207,0
sz000068,3600,0,0
sz000981,3404,0,0
sz002776,0,0,0
sz300402,0,0,0
sz300688,0,0,0
sh600118,0,2749,0
sh600602,0,0,0
sz002235,0,0,0
sz000514,0,0,0
sh601098,0,0,0
sz002307,3660,4097,0
sh603278,0,444,0
sz300411,0,0,0
sz002782,0,0,0
sz300242,0,0,0
sh600281,0,0,0
sh600400,0,1524,0
sh600165,0,0,0
sh600751,5874,10706,0
sz000717,266511,261775,8153
sh603238,0,0,0
sz300031,777,662,0
sz300552,606,0,0
sh603100,0,0,0
sz002270,1084,0,0
sz002851,0,0,0
sh600551,0,0,0
sh600704,0,5564,0
sz300408,12036,8115,0
sz300681,0,0,0
sh600058,0,1000,0
sz000803,0,0,0
sz002515,2000,0,0
sz000651,98519,108394,4955
sz000409,0,0,0
sz002332,0,0,0
sz000993,0,3220,0
sz000525,0,7705,0
sh600726,0,0,0
sz002089,0,0,0
sh600061,690,0,0
sz000988,769,7116,0
sh600804,4358,2682,0
sz300466,956,1990,0
sh600221,40394,27074,0
sz300133,0,0,0
sh600864,0,0,0
sz000518,0,0,0
sh603633,0,0,0
sh600825,0,0,0
sz300223,11824,20790,906
sh600796,0,0,0
sh601801,0,2200,0
sz300519,0,0,0
sh600977,1622,6614,0
sh603458,203,528,0
sz300084,0,0,0
sz001896,0,1970,0
sh600738,0,0,0
sh603444,50,0,0
sz002859,0,0,0
sz000722,0,0,0
sz002397,0,0,0
sz000961,4000,17017,0
sh603398,0,0,0
sh600567,76018,90121,0
sh600192,0,0,0
sh600721,0,0,0
sz300641,0,0,0
sh600543,2132,1139,0
sz000558,0,0,0
sh603306,0,0,0
sz300092,0,0,0
sz002811,0,0,0
sh600312,1287,1053,0
sh603758,3480,0,0
sh600793,546,502,0
sz300114,0,0,0
sh600284,0,0,0
sh603612,1036,926,0
sz300628,0,0,0
sh600196,7732,16670,437
sz000690,4679,25233,0
sz300041,0,0,0
sz002335,0,500,0
sh600518,15542,21247,0
sh600505,0,0,0
sh600278,826,1813,0
sz002497,22665,31999,1419
sh601500,0,0,0
sz002191,3436,10508,0
sh600363,0,5551,0
sh600871,3988,4644,0
sz000632,0,0,0
sz300227,600,0,0
sh600321,0,2661,0
sh600216,11374,16672,0
sz300428,0,0,0
sz000587,44553,22090,0
sh603232,0,0,0
sz300516,0,0,0
sz300394,0,539,0
sz002394,0,2000,0
sz000953,2151,0,0
sz000536,2891,8245,0
sz002521,0,0,0
sz000886,1467,8675,0
sh600152,0,0,0
sh600459,0,778,0
sh603160,1108,3916,0
sh600433,0,0,0
sh600310,0,2000,0
sh601678,0,3497,0
sz300018,0,2249,0
sz000913,821,1171,0
sz000951,1380,1508,0
sh603069,0,0,0
sz300605,0,0,0
sz000008,12161,20628,0
sh600283,0,950,0
sh603488,4002,0,0
sz002326,0,839,0
sh600896,0,2000,0
sh603318,0,0,0
sz002896,346,454,0
sz002437,35723,16572,0
sh601881,4917,14871,1060
sz000096,0,0,0
sz300203,1305,2518,0
sh600662,0,0,0
sz002832,0,0,0
sz002716,1305,6349,0
sh601966,0,1582,0
sz000681,0,0,0
sh603496,0,0,0
sz002653,0,0,0
sh603337,0,0,0
sz000551,0,0,0
sz002712,500,0,0
sz000676,0,0,0
sz002695,0,2153,0
sz000779,0,0,0
sh600565,5173,9691,0
sz002770,0,6113,0
sh601369,0,6667,0
sh600759,0,8051,0
sh601113,4215,0,0
sz300012,0,21716,0
sh603083,5724,8191,213
sz002092,10681,22264,0
sh600674,5931,12625,0
sh600626,0,0,0
sz300683,0,0,0
sh600130,25431,12606,0
sz300026,4666,2832,0
sh603778,0,3043,0
sz000049,896,3118,0
sz002230,130928,135409,22762
sz002809,3856,804,0
sh603386,0,0,0
sh603183,0,371,0
sz300667,0,0,0
sz300246,0,0,0
sz002891,0,0,0
sz002593,0,0,0
sz300650,0,0,0
sz300521,0,0,0
sz002816,0,0,0
sh600066,943,3529,0
sz002824,0,0,0
sz002380,0,0,0
sz002354,0,573,0
sh600070,0,0,0
sh600577,2575,0,0
sh603389,0,0,0
sz002701,15491,18294,0
sh600525,7330,8017,0
sz002529,1000,0,0
sz002245,89848,31252,9690
sh601555,8059,8694,0
sz002708,0,0,0
sh600826,0,0,0
sz002825,0,0,0
sz000920,0,0,0
sz002554,0,0,0
sz300128,68891,74750,7142
sh600999,28266,22780,1391
sh600422,0,5700,0
sh601899,447172,383988,4963
sh603076,274,0,0
sz002826,0,0,0
sz300497,0,0,0
sz000825,74123,68736,0
sz002449,0,4459,0
sh603003,0,0,0
sh600740,211995,149883,25531
sz300373,0,0,0
sz002657,560,582,0
sh603015,0,0,0
sz000727,19311,33910,0
sh600219,52387,94167,0
sh601318,421192,512607,69002
sz300482,0,350,0
sh603001,0,0,0
sh603969,0,0,0
sh601225,257414,279659,4269
sh603126,0,1000,0
sz002028,0,7287,0
sh603323,30204,26241,0
sh603313,0,571,0
sh603716,0,0,0
sz300115,15109,15691,1649
sh600401,0,0,0
sz000400,0,1755,0
sh600745,1812,2039,0
sz002815,0,0,0
sh601878,14090,5242,0
sz002280,2133,6645,0
sz000520,0,0,0
sz000798,0,0,0
sz300721,11091,6169,0
sz300410,0,0,0
sz002367,0,0,0
sh603860,0,0,0
sz002093,0,0,0
sz002514,0,0,0
sz000630,28281,110875,0
sz002244,0,18071,0
sz002262,0,797,0
sh603035,0,0,0
sz002727,0,0,0
sh600531,0,0,0
sh600688,7932,6242,0
sz002177,0,0,0
sz300382,0,0,0
sz300206,0,0,0
sh600160,2081,19593,0
sh600352,45932,48354,1478
sz300254,0,0,0
sh603577,0,0,0
sz300389,0,0,0
sh600004,3854,9358,0
sz300551,0,0,0
sh603416,0,0,0
sz002208,0,0,0
sz000683,104716,90095,0
sz002853,0,719,325
sh603630,0,0,0
sh603926,0,0,0
sz002389,2578,14567,612
sh600513,0,0,0
sh600732,1422,0,0
sh600458,1625,2170,0
sz002621,0,720,0
sz002749,0,484,0
sh601579,0,0,0
sh600479,0,0,0
sz300014,1068,6107,0
sz002231,0,0,0
sz002647,0,0,0
sz300545,218,155,0
sz300406,642,2882,0
sh603019,28458,31757,3072
sz002883,0,0,0
sz000785,0,0,0
sz002562,1563,1121,0
sz000955,0,0,0
sz300364,0,0,0
sz000002,256919,323567,22754
sh603167,951,900,0
sh600480,700,2660,0
sh600742,0,0,0
sz300113,4550,4136,0
sh600610,0,0,0
sz002594,13001,25032,1283
sz002129,0,32476,0
sz300282,0,0,0
sz002742,18987,5594,0
sh600764,0,1362,0
sz002843,0,0,0
sz002106,9288,1825,0
sh600678,0,0,0
sz000793,3380,5526,1006
sz002135,0,0,0
sz000591,0,0,0
sz300370,0,0,0
sz000617,0,0,0
sz000513,3549,5444,0
sh603698,0,0,0
sz002145,3922,4304,0
sh600090,0,0,0
sz300065,0,0,0
sz300572,200,0,0
sz000498,10246,1905,0
sz002665,6010,8095,0
sh603527,0,0,0
sh600261,0,0,0
sz002615,1542,2000,0
sz000831,0,4745,0
sh600358,0,0,0
sz002715,0,0,0
sz000912,14720,10219,0
sh600372,0,0,0
sz300297,0,0,0
sz002881,0,0,0
sh603058,0,0,0
sh600520,0,0,0
sh601179,0,0,0
sh600078,0,0,0
sz002714,12773,18858,1120
sh600425,0,19576,0
sh600654,4993,4818,0
sz300220,0,0,0
sh600159,0,0,0
sh600815,0,0,0
sh600781,4536,2903,0
sz002552,1037,0,0
sz300337,0,0,0
sh603603,0,0,0
sh600223,0,0,0
sz300532,0,0,0
sh601866,0,11835,0
sz002651,0,0,0
sz000921,0,0,0
sz002212,9909,2211,516
sz000970,6495,20373,0
sz000677,0,0,0
sh601611,0,0,0
sz002196,0,0,0
sz000523,0,0,0
sh600707,0,0,0
sh600623,0,0,0
sz002709,766,856,0
sh600705,16856,43272,0
sz002705,0,0,0
sh600089,17728,46796,0
sh601218,0,0,0
sz002298,0,0,0
sz300534,0,928,0
sh603023,0,0,0
sz000659,3000,3665,0
sh601668,649906,740620,14053
sh603011,10258,3307,1269
sz002327,0,0,0
sz000415,4129,9070,0
sz002338,0,0,0
sz000936,40786,26472,2283
sh603022,0,0,0
sh600135,0,1169,0
sz002778,0,0,0
sz002685,2705,1734,0
sz002377,3723,976,0
sh600336,0,0,0
sz002638,4931,24016,0
sz002908,371,0,0
sz300626,0,0,0
sz002456,42269,67067,1782
sh600965,0,0,0
sh600863,0,0,0
sh603387,239,687,0
sz300061,0,0,0
sz002272,0,0,0
sz300567,0,0,0
sh601669,26392,13102,0
sh600555,0,0,0
sh601258,13065,24000,0
sz002789,0,0,0
sz000815,0,0,0
sh600048,626145,818353,88434
sz002790,0,0,0
sz002049,117332,114171,26621
sh600497,69987,60463,0
sz300363,0,3588,0
sz002484,0,0,0
sh600107,0,0,0
sh603123,0,0,0
sz000927,0,33971,0
sh603066,0,0,0
sz000709,151714,189569,0
sh601106,0,3087,0
sh601009,66706,63136,0
sz002091,0,9688,0
sz002821,0,193,0
sz300198,2293,7367,0
sz002802,0,0,0
sz000631,0,4807,0
sz300019,0,0,0
sz300445,0,0,0
sz002427,0,366,0
sh603885,0,4847,0
sz300030,0,0,0
sh600076,1631,0,0
sh601811,0,0,0
sz002290,0,0,0
sh603177,0,599,798
sh600809,1431,2919,312
sh603505,1303,0,509
sh601100,482,0,0
sz300700,1453,3347,392
sh603668,0,0,0
sz002340,41969,113290,0
sz002499,0,0,0
sh603079,1620,194,0
sh603685,0,0,0
sz000533,0,0,0
sh601985,28176,65644,0
sh600470,0,0,0
sz002732,0,0,0
sh600386,0,0,0
sz000623,3559,9996,0
sz300632,0,0,0
sz002847,500,0,0
sz000521,0,0,0
sz300173,0,1300,0
sz002203,0,0,0
sh601099,44009,79627,0
sz000070,0,0,0
sz002419,4832,5998,0
sz300185,0,14394,0
sz000670,45293,101590,0
sh603585,0,0,0
sz002150,0,0,0
sz300501,0,0,0
sh603993,515079,613017,18614
sz300708,4927,2990,440
sz002107,0,0,0
sz300331,3849,0,0
sh603579,0,0,0
sz300290,0,0,0
sz002503,0,4562,0
sh600667,22634,10662,0
sh603656,0,0,0
sz000998,2535,8761,0
sh600462,0,0,0
sh603638,0,0,0
sz000710,0,0,0
sz000767,0,0,0
sz002078,15810,14364,0
sh600519,10479,11009,1454
sh603690,1038,660,0
sz002361,0,0,0
sz300546,0,0,0
sz002487,0,0,0
sz300526,0,0,0
sh600749,0,0,0
sh600867,10309,5226,0
sz300661,1060,197,0
sz000713,0,0,0
sz000590,0,0,0
sh601969,0,0,0
sz300598,0,0,0
sz002771,0,0,0
sh603330,0,0,0
sz002451,1867,0,0
sh603776,0,0,0
sz300082,0,0,0
sz002598,0,2197,0
sh600288,1197,0,0
sz002489,2007,0,0
sz000063,332976,348798,27440
sz002013,7505,1443,0
sz000685,0,0,0
sz002239,2692,6039,0
sh600295,9548,20640,0
sz002875,0,0,0
sz002159,0,0,0
sz002622,0,3962,1000
sz300053,11141,9297,0
sh600526,0,2680,0
sz002174,3315,3184,0
sz002780,0,0,0
sz300442,0,0,0
sz000573,0,0,0
sz002635,4698,4050,0
sh600747,0,3600,0
sz002056,9015,34251,0
sz300205,0,1164,0
sh600798,0,2554,0
sz000601,0,0,0
sz002474,0,0,0
sh603737,0,0,0
sh600234,0,0,0
sh600495,0,0,0
sz000059,3165,9853,0
sz000567,0,0,0
sz000728,7184,10214,0
sz002132,13511,9755,0
sh603027,0,0,0
sh603661,408,586,215
sz000919,0,0,0
sh600600,0,392,0
sh603028,0,0,0
sh603686,0,0,0
sh600082,0,0,0
sz300089,0,0,0
sz300538,0,0,0
sh600373,5234,1897,0
sh600586,0,0,0
sz002488,0,0,0
sh603168,1000,0,0
sh603833,0,151,0
sz002626,4230,3930,0
sh603626,1248,3836,0
sz002292,1386,3473,0
sz000902,0,0,0
sz002697,0,0,0
sh603189,0,0,0
sh603101,0,0,0
sz002799,600,0,510
sh600098,15709,6061,0
sh603999,0,0,0
sz000403,1473,1649,0
sh603816,203,1564,0
sh600369,3447,10442,0
sz002766,1015,0,0
sz002227,0,0,0
sz002360,0,0,0
sz002277,2010,10345,0
sh603628,0,0,0
sh603557,0,0,0
sz002795,0,0,0
sz000768,1331,4895,0
sz000830,207291,96830,15954
sh600104,34904,41445,3033
sz002654,0,0,0
sh601857,41491,90717,0
sh603339,0,0,0
sz300420,0,0,0
sh600486,0,0,0
sz000923,0,0,0
sh600301,0,0,0
sz300270,0,1000,0
sz002797,107994,86824,0
sz300116,0,0,0
sz000915,343,0,0
sh603813,349,0,0
sh600998,0,1353,0
sz000524,0,0,0
sh600616,0,0,0
sz000975,797,0,0
sh600783,0,0,0
sz002315,0,0,0
sz002662,3410,9244,0
sz000027,3813,0,0
sh600075,0,5039,0
sz002322,0,653,0
sh600269,0,0,0
sz000672,209129,227203,18413
sz002046,0,0,0
sh603648,1853,1490,0
sh601128,4063,11689,0
sh600297,0,0,0
sz000561,0,0,0
sh600628,0,0,0
sh600873,0,8783,0
sz002680,0,0,0
sh603609,0,0,1359
sz002558,253,3897,0
sh601008,0,0,0
sz002506,0,0,0
sh600285,0,0,0
sz000012,52300,106436,0
sz002390,0,12536,0
sh600399,0,3612,0
sz300046,1373,530,0
sh603345,1009,0,0
sh600865,0,0,0
sh601566,2000,1779,0
sh600754,337,1978,0
sz000967,0,0,0
sz002291,0,0,0
sz000935,15865,25921,747
sh600966,3769,35979,0
sz300029,0,0,0
sz300386,0,1304,0
sz300531,0,0,0
sh600072,5863,886,0
sh603968,0,0,0
sz300725,0,0,0
sz002713,0,0,0
sh603718,0,0,0
sh600335,0,0,0
sz300007,0,1200,0
sh603518,0,0,0
sh603855,0,0,0
sz000856,2243,3745,0
sz300606,0,0,0
sh603363,0,0,0
sz002728,0,0,0
sz300475,0,0,0
sz300645,0,0,0
sz002119,3490,2416,0
sh603767,0,0,0
sz002127,3334,4073,0
sz300079,2564,0,0
sh600718,1153,6788,0
sh603797,0,0,0
sh600549,23115,30996,3395
sz002583,5057,5498,0
sh601366,0,0,0
sz002559,0,0,0
sh600797,991,3930,0
sh600126,3165,1992,0
sh600015,60123,39555,0
sh601588,2003,14395,0
sh603880,0,0,0
sh600893,564,1927,0
sz300244,0,391,0
sz002011,1434,0,0
sh600724,0,0,0
sz300489,0,0,0
sh600535,1305,6485,728
sh600723,0,0,0
sh600562,0,0,0
sh603602,0,243,0
sz002043,6589,12101,0
sh601900,2452,1815,0
sh600172,1063,4732,0
sh600395,11622,23525,0
sh600307,70235,53464,0
sz002907,0,0,0
sh600171,48353,63892,3903
sz002403,0,0,0
sh600449,8172,8294,0
sz002561,0,0,0
sh600753,2943,447,0
sz002428,0,2500,0
sz000553,3666,10399,806
sh601177,0,0,0
sz300470,0,0,0
sz000625,5341,8713,0
sz002700,0,0,0
sh600741,8105,12950,470
sz002862,0,0,0
sz300168,3203,0,0
sz000517,0,2977,0
sh603466,1510,1159,0
sh603378,0,0,0
sz002633,0,0,0
sz000861,4020,0,0
sz300059,309980,270795,3806
sz002035,0,819,0
sz002493,31670,47001,0
sh600917,0,0,0
sh600558,5829,5879,0
sz300048,0,0,0
sz002735,0,0,0
sz002468,7218,958,0
sh603383,0,0,0
sz300179,0,0,0
sh600132,599,0,0
sz002798,552,370,0
sz002350,0,0,0
sz300539,0,1285,0
sz002213,1869,3426,0
sz002314,0,0,0
sz002226,0,2400,0
sz300713,0,272,0
sz002674,0,0,0
sh600886,14074,41601,0
sz300127,0,0,0
sz000877,7017,37646,887
sz000876,1379,41824,0
sz300069,0,0,0
sh600958,19754,16899,0
sz000987,0,0,1010
sh603887,0,0,0
sh603738,0,0,0
sz002757,0,0,0
sz002439,953,4531,0
sh600393,0,0,0
sz002169,0,0,0
sh600319,0,1453,0
sh600199,2224,9234,0
sz002229,0,0,0
sh603730,0,0,0
sz002329,0,0,0
sh600119,711,911,0
sz300293,0,0,0
sz002465,10744,13723,0
sz300354,0,0,0
sh600095,0,0,0
sz002703,0,0,0
sz002652,0,0,0
sh603113,4822,1304,0
sh603617,0,0,0
sz300437,0,0,0
sh600379,0,0,0
sh600673,16984,16817,0
sh603586,0,0,0
sh600057,1500,0,0
sh600671,3102,0,0
sz000976,0,0,0
sz300098,1137,908,0
sz000430,0,0,0
sz300067,2000,1700,0
sh601339,0,0,0
sz000701,0,0,0
sz002171,0,1661,0
sz000055,7816,6551,0
sh603196,0,0,0
sz300183,4229,2765,0
sh603036,0,0,0
sh600727,2100,0,0
sz002256,0,0,0
sz002331,0,0,0
sz300136,11133,18253,205
sz002534,1010,980,0
sz300343,0,0,0
sz300601,947,1803,0
sh600148,0,0,0
sz002542,0,1607,0
sh600195,0,3616,0
sz300413,37501,19786,3288
sz300232,999,1951,0
sz002661,0,0,0
sh603277,0,0,0
sz002175,0,1613,0
sh600093,0,0,0
sh600529,0,0,0
sh603868,0,0,0
sz300368,0,0,0
sz002677,0,0,0
sz002429,140420,72334,0
sz300702,0,0,0
sz002079,48343,45290,0
sz002005,5149,0,0
sz000691,3157,9134,0
sh600094,0,0,0
sh600271,13152,21787,0
sz000823,0,7193,690
sz300527,0,0,0
sh600333,0,0,0
sz002036,1910,7626,0
sz300611,0,0,0
sz000869,0,0,0
sz300682,0,0,0
sz000718,0,5215,0
sz300070,11345,21028,0
sh603728,0,0,0
sh600267,6620,10046,0
sz002410,567,0,0
sz300245,0,0,0
sz300197,6940,14907,0
sz000792,33288,98929,734
sh601199,0,0,0
sh600240,0,0,0
sz002581,0,0,0
sz000977,22696,33770,0
sz000999,1726,687,0
sh600243,0,0,0
sz300101,15468,6384,1012
sz300430,0,0,0
sz002345,1093,0,0
sz300446,0,0,0
sz000538,3017,4289,0
sh603679,0,0,0
sz000837,0,0,0
sz000048,0,0,0
sh601211,27727,36112,0
sz300056,0,1485,0
sh600816,10630,2112,0
sh600112,59920,4853,0
sz300276,0,1009,0
sz002630,0,0,0
sz300613,2088,5511,300
sz002120,556,729,0
sz000810,0,0,0
sh601882,0,0,0
sh601798,0,0,0
sz002084,0,0,0
sz002693,0,0,0
sz002216,0,0,0
sz000516,2606,8582,0
sz002508,0,1044,610
sh600121,0,0,0
sh600000,74791,97081,0
sz002318,2000,0,0
sz300236,630,404,0
sh603689,22151,7549,1732
sh600299,0,0,0
sz300660,0,0,0
sh600550,0,1672,0
sh601939,133379,122691,0
sz300226,1727,0,0
sz000016,0,19882,0
sz300118,0,6756,0
sh600350,10180,7570,0
sz300274,15272,33780,1838
sh600824,0,0,0
sz002085,0,0,0
sh603708,635,0,0
sz002485,2673,0,863
sz002323,1267,0,0
sz002737,0,0,0
sz300103,1754,632,0
sh600777,3938,0,0
sz002156,91782,59127,4643
sh603131,0,0,0
sh603165,989,1444,425
sz000661,2188,1106,0
sz300630,730,200,0
sz000088,0,1812,0
sh600734,0,0,0
sh601599,0,7359,0
sh603869,0,0,0
sz300129,0,0,0
sz002271,2848,4949,0
sh600170,19173,14931,0
sh601011,28279,43218,1070
sz300503,0,0,0
sh603787,0,0,0
sh603959,600,394,0
sh600872,5112,0,0
sz002024,14196,33084,2849
sh600125,12725,13057,2113
sz300324,1540,4041,1548
sz300081,0,0,0
sz300480,0,0,0
sz300465,0,0,0
sz300054,1027,4556,0
sz002221,24395,6200,0
sz300541,0,0,0
sz002721,0,0,0
sz000800,1069,10542,0
sz300267,45658,88072,3622
sh603501,1477,1087,0
sz002478,0,0,0
sz300215,0,0,0
sz002765,0,0,0
sh600018,61564,52448,0
sh600563,544,287,0
sz300121,1977,0,0
sh600979,0,0,0
sz002065,6480,8911,0
sz300622,0,0,0
sz300258,0,1399,0
sz002300,4836,24134,0
sh600803,53281,66564,1610
sh603818,0,0,0
sz300312,0,789,0
sz002909,0,3685,0
sh600113,4240,1600,1090
sh600158,0,1400,0
sz002412,0,0,0
sz002016,1502,12928,0
sz002533,0,0,0
sz300078,0,1005,0
sz300568,0,0,0
sz300654,0,0,0
sz000687,0,1000,0
sz000982,26987,12035,0
sh601872,0,2390,0
sz000565,0,0,0
sz002589,3999,810,0
sz000021,1292,1139,0
sz000502,0,4054,0
sh600778,0,0,0
sz300017,13610,84550,0
sh600114,0,800,0
sz002867,0,0,0
sz300440,0,0,0
sz000576,0,0,0
sz000040,0,1984,0
sz002137,0,0,0
sz000571,0,0,0
sh600188,13246,24083,2453
sh600976,0,0,0
sz002759,3810,1005,0
sh600262,0,0,0
sz300510,0,0,0
sz002565,0,0,0
sz300347,0,0,0
sh600523,741,0,0
sh600354,0,0,0
sz002632,0,0,0
sz300429,0,0,0
sh601226,0,0,0
sz002769,0,0,0
sz002858,0,0,0
sh603667,0,0,0
sz002158,4574,0,0
sz300592,0,0,0
sz002831,0,0,0
sz000338,37419,65017,1491
sz002800,0,0,0
sz300665,0,0,0
sh600835,6214,2867,425
sz002808,0,0,0
sz002555,1123,778,0
sh600883,0,0,0
sz002278,10623,15910,0
sh603018,0,0,0
sh600229,0,0,0
sz300672,607,430,0
sh600711,27354,53754,1248
sh600270,0,0,0
sh603979,1000,0,0
sz000519,0,0,0
sh600582,0,3000,0
sz300498,4900,14360,0
sh600640,0,0,0
sz300426,1017,1030,0
sh600031,358143,502773,6956
sh601633,0,1529,0
sz300351,0,0,0
sz002426,0,5768,0
sz300021,17235,3886,0
sz300703,0,0,0
sz300559,0,0,0
sh600701,0,6131,0
sh600650,0,0,0
sz300610,0,0,0
sz300593,0,0,0
sh603320,3260,2400,0
sh600936,0,0,0
sz000633,0,0,0
sz002184,0,0,0
sh600767,0,0,0
sz002115,0,0,0
sh603103,0,0,0
sz002122,0,1242,0
sh600383,55817,128769,3845
sz300158,0,0,0
sh600592,0,4791,0
sh601088,59770,77371,4882
sh600156,0,0,0
sh600821,0,0,0
sh600860,0,0,0
sz002363,0,0,0
sz002148,0,4523,0
sz300595,0,0,0
sz002679,0,0,0
sz300679,0,198,0
sz000791,0,7931,0
sh600831,0,1173,0
sh600568,25192,3062,0
sz300040,0,0,0
sz300404,0,0,0
sh603359,0,618,0
sh600848,0,2099,772
sz002509,7196,0,0
sh600676,0,0,0
sh600506,0,0,0
sh603989,0,0,0
sz002682,900,0,0
sh603360,0,0,0
sh600029,202993,196153,14208
sz000560,0,0,0
sh600593,0,0,0
sz002038,6210,19090,318
sz300039,0,0,0
sz002308,0,1239,0
sz300463,422,0,0
sz002088,0,0,0
sz300414,0,0,0
sh603605,2622,3238,346
sz000761,14991,48235,0
sz000711,0,1231,0
sz300481,0,0,0
sh603335,0,0,0
sz300265,0,0,0
sz000801,0,0,0
sh600086,0,0,0
sz300533,0,0,0
sz002791,0,0,0
sh600409,31623,59937,1847
sh603026,0,0,0
sz002463,18112,10989,0
sz002421,7023,0,0
sz002355,5866,8921,0
sz002441,0,0,0
sh600291,5516,8039,735
sz300143,0,0,0
sz002829,0,0,0
sh603040,0,0,0
sz002383,0,577,0
sh601727,0,6236,0
sz002882,0,0,0
sh603368,0,371,0
sz002438,0,0,0
sz000554,1951,5313,0
sz002181,0,0,0
sz002311,548,828,0
sh600620,0,0,0
sz000158,0,1445,0
sz002433,0,1504,0
sz002590,0,900,0
sz300377,2175,8135,0
sh603060,0,0,0
sz000758,3330,12845,0
sh600532,3000,0,0
sz002409,40110,23244,3397
sh600370,0,0,0
sh603366,0,0,0
sh600481,0,0,0
sh601208,0,0,0
sh603309,0,0,0
sz300020,10102,8084,846
sh600317,0,5000,0
sz002879,15655,1053,355
sh600596,7988,26758,0
sh600035,4937,0,0
sz002157,2078,14712,0
sh603660,0,390,0
sz002614,0,3881,0
sz300068,0,998,0
sz002878,0,0,0
sz300543,0,0,0
sh600988,2200,13705,0
sz300023,0,0,0
sz300308,1404,0,0
sz000786,24262,31388,1005
sh603659,9086,21015,2503
sz300542,0,0,0
sz000818,0,0,0
sz002772,0,0,0
sh603180,0,129,0
sz002461,0,1249,0
sz000606,0,0,0
sz000603,0,0,0
sz300130,3920,835,0
sh600141,0,7843,0
sz002379,0,0,0
sz300453,0,0,0
sz000043,0,1026,0
sh603300,0,3272,0
sz300142,51080,26337,3607
sz002310,21279,11943,0
sz002180,0,836,0
sz002672,0,0,0
sz300473,0,545,0
sh601333,7369,15392,0
sz002086,34819,25987,0
sh600088,0,0,0
sz000039,3074,16722,684
sz000911,0,0,0
sz000652,0,0,0
sh600079,12689,40975,0
sh600679,0,0,0
sz002608,0,0,0
sh603223,0,0,0
sz002483,0,0,0
sh600511,0,0,0
sz000816,2999,7635,0
sh603920,1766,627,0
sz000836,41077,17102,2568
sh603817,0,2632,0
sh601688,101761,93113,5739
sh603197,288,0,0
sh603859,0,0,0
sz300326,0,0,0
sh600792,0,0,0
sz002368,1098,1462,0
sz002198,0,0,0
sz300174,0,495,0
sh603966,0,0,0
sz300097,1215,3983,0
sh600096,1611,3500,0
sh600716,0,0,0
sh600398,0,1448,0
sz300011,0,0,0
sh600469,0,0,0
sz000760,0,2046,0
sz002692,0,0,0
sz002591,0,0,0
sz300259,1500,0,0
sz300535,0,585,0
sh600167,0,0,0
sz300417,0,0,0
sh600071,0,0,0
sh603826,0,0,0
sh600489,4380,50338,0
sh600655,0,1526,0
sz000017,0,0,0
sh600581,112090,126611,10484
sh601311,0,6319,0
sh603688,0,0,0
sz000626,0,0,0
sz300633,0,0,0
sh603900,0,0,0
sh600017,4112,0,0
sz002725,0,0,0
sh600811,4938,2309,0
sh600992,0,0,0
sz300148,10120,1800,0
sh600083,0,0,0
sz002117,0,0,0
sz300330,0,0,0
sz300366,0,0,0
sz002252,0,5910,0
sh603898,369,777,0
sh600222,0,0,0
sh600103,0,0,0
sh600062,8970,13125,0
sz300102,2675,8719,0
sh600763,0,0,0
sz002570,2522,2300,0
sz002669,0,0,0
sz002892,0,0,0
sh600838,0,0,0
sh600421,992,0,0
sz000413,45284,66031,0
sz000529,0,0,0
sz002365,1653,4833,1003
sh600168,0,0,0
sh603725,0,0,0
sz300663,0,0,0
sh600879,6681,2911,0
sz000838,0,10186,0
sz002761,1602,301,353
sh600215,1005,3004,0
sz300349,0,901,0
sz300320,889,2804,0
sh603901,0,0,0
sh600552,0,0,0
sz300036,0,0,0
sz002839,33377,61429,2062
sz000937,10013,7742,0
sz002681,3473,1748,0
sz002234,9453,0,0
sz002668,0,700,0
sh600960,4500,0,0
sz002460,50975,31546,4564
sh603919,0,0,0
sz002602,0,1873,0
sz300640,0,800,0
sz300268,1460,6456,778
sz000402,10373,51265,0
sz002586,0,1062,0
sz300262,0,0,0
sh603158,1156,889,0
sz002372,0,0,0
sz300090,4429,1358,0
sh603106,0,615,0
sz002069,0,0,0
sh601188,0,0,0
sh603955,597,241,0
sz002266,0,3094,0
sz000753,0,0,0
sz002097,0,0,0
sz300119,0,0,0
sz000735,1814,11029,0
sz300028,0,0,0
sz000859,0,0,0
sh603916,12691,9164,2089
sh600647,0,0,0
sz300132,0,9579,2541
sz000671,66350,88120,0
sh603421,0,0,0
sz300686,0,0,0
sz002273,7272,19570,1225
sh600390,1213,0,0
sz002405,49198,62528,5818
sz002436,3827,0,0
sh600460,351063,288524,33589
sz002356,0,1150,0
sz300120,0,0,0
sz300461,0,303,0
sz002779,3275,0,0
sz000958,1843,2000,0
sz002781,0,0,0
sh600834,0,0,0
sz300009,3775,2973,0
sh600185,0,13442,0
sz300525,0,0,0
sh600791,0,0,0
sh603558,0,0,0
sz002282,0,0,0
sh600235,0,0,0
sh603568,0,0,0
sz000782,0,0,0
sh603055,0,0,0
sh603777,0,0,0
sz300273,1402,2003,0
sh600313,0,0,0
sh600736,0,0,0
sz000605,0,0,0
sz300715,0,0,0
sh600570,8703,20596,1093
sh600355,0,2000,0
sz002568,0,0,0
sh600200,0,1000,0
sz000901,488,6699,0
sz300106,0,0,0
sh601880,9025,10000,0
sz000425,93995,46288,0
sh603007,0,0,0
sz002556,0,0,0
sh600175,15760,16906,0
sz002905,676,0,0
sh600186,10009,0,0
sz002149,0,0,0
sz300726,0,0,0
sh601998,266558,247945,2342
sz002151,4479,1063,0
sh600282,158841,200735,0
sz300269,0,0,0
sz300194,0,0,0
sh603393,611,290,0
sh600303,0,0,0
sz300514,0,0,0
sh603589,3304,1185,812
sz002242,0,0,0
sz000862,0,0,0
sz002524,0,0,0
sh600836,0,0,0
sz300229,0,0,0
sh603333,0,0,0
sh603883,506,0,0
sz002246,0,0,0
sz000700,0,0,0
sh600077,0,0,0
sh600019,259797,324008,8699
sz002343,0,0,0
sh600439,0,0,0
sh603899,0,0,0
sz002240,755,2211,0
sh603779,0,0,0
sz000952,0,1142,0
sh603355,0,0,0
sh600731,0,0,0
sz002530,0,0,0
sh600996,0,0,0
sh603067,0,0,0
sh600837,23245,52897,0
sh600569,165314,303118,2395
sz000065,0,700,646
sz002105,0,0,0
sz300581,0,0,0
sz002690,0,516,0
sz002324,0,450,0
sh600508,0,950,0
sz300146,0,17434,0
sz000426,58110,72734,1766
sz000011,2755,597,0
sz002064,4004,14437,0
sh603533,1552,1129,0
sz002116,0,0,0
sz300673,0,0,0
sz002396,7973,20552,896
sz300511,0,0,0
sz002667,0,533,0
sh600739,5279,4793,0
sz002420,0,0,0
sh603225,290,0,0
sz002283,0,5758,0
sz300587,0,0,0
sh603228,0,300,0
sz000069,22351,133622,0
sh603906,0,0,0
sz002161,0,1629,0
sz300350,0,3394,0
sz002861,0,0,0
sh600198,5266,9576,1077
sz002865,0,939,0
sz300458,5097,8348,496
sz000159,0,0,0
sz002080,0,532,0
sh600211,0,0,0
sz300405,0,0,0
sz300162,0,0,0
sz300076,0,0,0
sz300169,0,0,0
sz002019,5279,7996,0
sz000797,5106,9909,1271
sz300649,0,730,0
sh603808,0,0,0
sz002706,0,0,0
sh601595,0,0,0
sz000885,37757,46011,7100
sz300075,0,614,0
sz002747,2001,3929,0
sh600719,0,0,0
sz002607,0,2489,0
sz000895,25060,26972,0
sz002186,0,0,0
sz300358,0,0,0
sh601158,0,0,0
sz300540,0,0,0
sz002500,15063,16835,0
sh603976,0,0,0
sz002698,0,0,0
sh601390,25535,20327,0
sz300193,0,0,0
sz300384,1099,2900,0
sz300578,0,0,0
sz002371,12391,10655,1093
sz002286,0,0,0
sz000010,0,0,0
sz002258,0,0,0
sz002305,0,0,0
sz002745,1998,1236,0
sz300289,0,2986,0
sh600153,2871,15133,0
sh600537,0,4566,0
sz002767,0,0,0
sh603618,0,0,0
sh600272,0,0,0
sz002170,0,0,0
sz002083,0,1899,0
sz002261,0,1265,0
sz002660,0,0,0
sz300712,0,0,0
sh600320,1903,7683,0
sh603260,14704,10046,1318
sh600406,8561,36683,0
sz002563,1549,0,0
sh600483,0,0,0
sz002691,0,0,0
sz300328,0,2000,0
sz300080,2985,0,0
sh603128,5570,9842,0
sz300066,0,2674,0
sh600176,10081,43914,0
sz002629,0,0,0
sh600280,7470,1365,0
sz002903,0,871,318
sh601766,711878,660047,29778
sh601933,22152,63895,0
sz300316,5242,25294,0
sz002330,0,0,0
sh600638,600,811,0
sz000046,0,0,0
sz300638,0,290,0
sz002649,0,2092,0
sz002269,0,0,0
sh603828,1638,0,0
sz300033,982,1715,0
sz300348,0,0,0
sz002601,653,4747,0
sz002104,0,0,0
sh600233,1000,0,0
sz002458,5188,4873,0
sh603600,0,0,0
sz002030,0,600,0
sz002304,2363,1924,339
sh600403,0,0,0
sz002805,0,0,0
sz000892,0,1400,0
sz300716,2782,510,0
sh600884,3550,8374,0
sz002001,91999,68314,8618
sz002687,4208,0,1488
sh600729,0,0,0
sh601212,0,5965,0
sz000716,0,0,0
sz002362,491,1063,0
sz002058,0,0,0
sh600212,0,0,0
sh600220,0,4726,0
sh600926,10046,7592,0
sz300695,0,0,0
sz002863,0,0,0
sz300452,0,0,0
sz300050,0,0,0
sz000983,63127,45072,3304
sz300720,1209,444,496
sz000858,43562,55232,4137
sh600720,35253,56489,1704
sh600306,0,1000,0
sz002206,0,2000,0
sz002777,0,0,0
sh600376,1002,0,0
sh603997,0,0,0
sh600869,4000,1853,0
sz002573,2911,4880,0
sz002494,0,0,0
sh600444,0,0,0
sz300459,6001,3515,0
sz300591,0,0,0
sz002845,0,0,0
sh601988,386631,282658,5000
sz002817,0,0,0
sh600466,31093,19241,0
sz300335,0,800,0
sz002775,0,516,0
sh600202,1582,0,0
sz002557,702,0,0
sz000929,2064,891,0
sz002325,0,2117,0
sz300024,1461,1206,0
sh600692,0,0,0
sh600584,29827,25490,849
sz002142,10628,14581,1575
sh601799,283,515,0
sz300292,0,4666,0
sh600805,0,0,0
sz000910,4148,4861,0
sz002248,0,0,0
sh600746,0,0,0
sz300302,0,0,0
sz002076,0,0,0
sz002486,0,2407,0
sz002734,0,0,0
sh600252,15348,0,0
sh600009,2272,4206,0
sz002054,0,0,0
sz002328,0,0,0
sz300670,0,0,0
sz002491,0,0,0
sh600241,0,0,0
sh600037,2108,1000,0
sh600527,0,0,0
sh603159,0,0,0
sh603889,4903,2024,0
sz002717,0,2136,0
sh603133,0,323,0
sz002526,0,0,0
sz002571,2803,0,0
sz300047,0,0,0
sz002176,25072,23263,0
sz002094,0,1000,0
sz300094,0,0,0
sh603367,0,0,0
sh601101,2958,5749,0
sh601677,0,728,0
sz300188,0,0,0
sh603798,0,0,0
sz300035,0,1535,0
sz300256,0,2500,0
sz300425,0,0,0
sz002247,0,0,0
sz000423,2750,4762,253
sz002886,613,0,0
sh603085,0,0,0
sz000036,0,16383,0
sz300346,0,0,0
sz300345,2331,1742,0
sh603090,0,0,0
sz300004,0,0,0
sz000973,1530,0,0
sz300266,1241,0,0
sz300398,500,1591,0
sz000949,0,0,0
sh601558,0,0,0
sh600178,0,0,0
sh600345,865,3783,0
sh601919,3873,13529,0
sz002052,0,0,0
sz300015,920,551,0
sz300171,0,0,0
sz000708,0,0,0
sh600846,1469,9104,0
sz002295,0,0,0
sh600478,0,3238,0
sz002528,0,0,0
sh600761,1806,6063,0
sz300157,10104,30952,0
sh600137,0,0,0
sh601117,0,6152,0
sz300518,0,0,0
sh600193,0,2035,0
sz002699,2383,0,0
sz300451,1208,1158,0
sz300467,594,3068,0
sh601086,0,0,0
sz300374,0,0,0
sz000662,0,0,0
sz000037,0,0,0
sz002047,5441,2192,0
sz300556,0,0,0
sz002134,0,0,0
sz300027,3751,3058,0
sh600033,0,2998,0
sh600415,1815,3984,0
sh600179,2023,0,1001
sz300105,2174,0,0
sz002139,1000,1232,0
sz002625,32484,13350,958
sh601069,0,1800,0
sz002243,0,0,0
sz300207,2527,3556,0
sh600981,0,0,0
sz002264,2569,21671,0
sz002671,0,0,0
sz000890,0,0,0
sz000863,0,0,0
sz300247,0,0,0
sz002871,0,300,0
sz000534,0,0,0
sz300401,1071,5057,0
sh603227,0,0,0
sz002027,16987,15696,0
sz000609,0,0,0
sz002577,0,0,0
sz300435,0,0,0
sz002022,719,1213,0
sh600230,9614,12859,840
sh603029,528,0,0
sz300550,0,0,0
sz002683,0,0,0
sz300677,0,179,0
sh603099,0,0,0
sz300424,0,0,0
sh600971,25690,18978,0
sz000407,0,6081,0
sh601137,0,0,0
sz002202,26813,26790,1010
sz000568,10782,13177,529
sz002501,1303,1050,0
sz002893,4892,0,826
sh603129,0,0,0
sh601968,0,0,0
sz002833,0,0,0
sz002838,0,0,0
sz002220,0,0,0
sh600498,6374,2205,0
sh603963,766,0,0
sh601015,46836,46542,2729
sh600714,0,0,0
sz002731,0,0,0
sz000732,0,2398,0
sh600556,0,0,0
sz002303,0,1300,0
sh601001,7293,11666,0
sz300409,1350,0,0
sz002611,2310,5404,1505
sz300380,0,0,0
sh600708,0,1550,0
sh601166,231210,196584,3010
sh601288,546938,535077,6725
sz300577,0,0,0
sz002155,0,7242,0
sh603111,4182,5841,0
sz002785,0,0,0
sh603208,0,0,0
sz300669,0,0,0
sh601229,26147,44249,0
sh600353,2000,22684,0
sz002726,0,0,0
sz002023,2660,1100,0
sh603933,0,0,0
sh600183,5079,5906,0
sz002199,0,0,0
sz300344,997,1573,0
sz300196,0,0,0
sz000899,0,0,0
sz300319,0,0,0
sz002578,0,0,0
sz002475,20043,38383,431
sz300340,230,400,0
sz300554,190,200,0
sz300698,0,995,0
sz002048,2300,3279,0
sz002620,0,0,0
sz000686,4803,1319,0
sz300327,1775,2880,0
sh603608,0,0,0
sz300042,0,0,0
sh600737,0,0,0
sz300058,0,0,0
sz002008,51885,71298,5250
sz002551,0,3869,0
sz300318,0,2975,0
sh600343,0,739,0
sz002518,0,0,0
sz000150,0,0,0
sh600614,12106,1227,0
sh603311,0,0,0
sz300057,0,0,0
sz300073,464,6481,0
sz000678,0,0,0
sz300375,0,0,0
sz002413,6776,3375,0
sz002414,0,0,0
sz300706,3900,2926,0
sz000429,0,0,0
sz300154,1500,0,0
sz000620,0,0,0
sh600850,648,1023,0
sz002837,633,852,0
sz300137,3257,8168,0
sh600839,36786,39282,0
sh600814,0,0,0
sz000639,800,0,0
sh600105,0,0,0
sz300668,0,150,0
sz000828,0,0,0
sh601999,0,0,0
sh603881,0,0,0
sz300621,0,0,0
sh600177,2744,3416,0
sz000030,0,0,0
sh603699,0,0,0
sz000593,2559,2285,0
sz002152,0,3000,0
sh600572,0,0,0
sh603886,0,0,0
sz000720,0,0,0
sz002787,0,0,0
sz002004,1692,0,0
sh603038,0,0,0
sh603456,0,1877,0
sh600323,0,1018,0
sz300304,0,0,0
sh600337,0,0,0
sh601699,125652,112590,1315
sz000783,8484,2689,0
sz002566,0,0,0
sh601789,4022,0,0
sh600559,7280,7086,326
sh600828,0,1668,0
sz300391,0,0,0
sh601328,149530,100184,0
sh600822,19566,22535,1844
sz002173,0,0,0
sz002126,0,0,0
sh600844,0,0,0
sh600881,2217,12970,0
sz000875,0,2968,0
sz300339,0,0,0
sz300303,0,0,0
sz000739,0,0,0
sh600790,0,0,0
sh600359,0,0,0
sz002207,0,0,0
sz001979,33859,71260,689
sz300212,6689,1780,0
sh600290,4400,33123,0
sh603636,0,0,0
sh600232,0,0,0
sh603588,2008,21454,0
sh601636,178980,236672,0
sh600986,0,0,0
sz000906,0,1962,0
sz000918,2092,4000,0
sz300385,0,0,0
sz002455,0,0,0
sz300512,0,0,0
sz002055,635,1997,0
sz300124,907,4302,0
sz002250,963,0,0
sh601918,3515,18123,0
sz000905,0,0,0
sz300561,0,0,0
sz002564,1501,0,0
sz300407,0,958,0
sz000045,0,1533,0
sz002200,0,1748,0
sh600326,16251,40465,0
sz300415,0,0,0
sz300122,7115,4054,0
sh600601,35426,10663,3070
sz300710,0,0,0
sh603829,667,559,0
sz002707,3730,1010,0
sz002051,0,0,0
sz002294,2098,4963,0
sz300062,0,0,0
sz000530,0,0,0
sz002511,1132,0,0
sh603005,3617,5162,0
sh600987,0,1000,0
sh600080,0,0,0
sz000807,89168,83701,1891
sz002472,0,0,0
sh601518,0,6800,0
sz000897,0,3462,0
sz002288,1773,0,0
sh603912,4785,3625,2093
sh600056,682,4169,0
sz300418,1580,4467,0
sz300025,0,4873,0
sh600396,0,0,0
sz000750,0,9820,0
sz002852,0,0,0
sz300211,0,0,0
sz300478,2084,0,302
sz300625,0,0,0
sh600636,0,0,0
sz002204,25763,3237,0
sz300164,0,0,0
sz000882,0,3250,0
sh600213,0,0,0
sh600266,5335,9635,0
sz300144,0,770,0
sh603556,0,0,0
sz300655,0,0,0
sh600722,14962,14000,0
sh603939,1225,565,0
sz002183,0,1589,0
sz002788,0,0,0
sh600356,0,0,0
sz002133,0,0,0
sh603701,0,0,0
sh600599,450,0,0
sz300522,0,0,0
sh603806,0,300,0
sh600180,0,0,0
sh603316,0,0,0
sh601890,0,0,0
sh600509,1935,0,0
sh603043,0,0,0
sz002211,0,0,0
sz000776,82224,61926,1705
sh603016,0,0,0
sh600576,0,0,0
sz000829,0,0,0
sz002009,0,4130,0
sh601601,81610,72249,5316
sh600068,26241,48584,0
sh600854,0,0,0
sh600218,0,0,0
sh600880,0,0,0
sz002215,0,0,0
sz000100,153038,166526,0
sz000811,0,1200,0
sh600030,1010780,901269,75308
sz002045,1746,2607,0
sz000852,3621,8282,0
sz000543,0,0,0
sz300317,3617,3778,705
sz000537,7341,11123,0
sz300528,0,0,0
sz000023,0,0,0
sh600507,102036,70720,7975
sh600812,0,0,0
sz300037,0,0,0
sh600609,0,0,0
sz002042,5849,10904,905
sh600691,9666,5000,0
sz300555,0,0,0
sh601368,0,0,0
sz000822,5515,17151,3460
sz300139,0,0,0
sh603041,0,0,0
sz000989,2137,1000,0
sz002020,4542,3131,1001
sz002153,7110,12362,731
sh603507,0,0,0
sz000156,0,0,0
sz300281,0,0,0
sh603703,0,1011,0
sh601038,0,0,0
sz300248,0,0,0
sh600597,945,3971,0
sh600007,0,0,0
sz002147,0,0,0
sz300252,0,0,0
sz002751,1154,717,0
sz300468,0,0,0
sh600446,0,4638,0
sh600231,90359,67976,0
sz002741,0,1884,0
sz300355,31233,83658,1007
sh600533,0,5481,0
sh600820,3241,4478,0
sh600115,149631,183709,11451
sz300117,0,0,0
sh603017,0,0,0
sz002822,0,0,0
sh600851,0,1000,0
sz000887,3379,9048,0
sz300462,2647,0,0
sz002179,1600,2872,0
sz000712,0,627,0
sh600598,4431,7109,0
sh600919,49153,41814,0
sz300367,1460,9282,0
sz300571,0,260,280
sh600308,0,4481,0
sh600027,0,13478,0
sh603358,0,0,0
sz002017,0,0,0
sz002467,3820,0,0
sz002645,0,0,0
sz002374,2005,2310,0
sz300201,4286,2000,0
sz300685,182,0,0
sh603879,0,0,0
sz300222,0,0,0
sz002284,0,4200,0
sh600657,6834,6540,0
sz000813,12631,1120,0
sz002007,2429,4677,0
sz300692,0,451,0
sz300487,0,0,0
sh600882,0,0,0
sh600392,24366,50181,1064
sh600547,20650,38471,3529
sz000078,10995,10787,0
sh600348,12759,33018,0
sh600191,0,1306,0
sh603222,11588,4802,0
sz300381,0,0,0
sh600710,0,1630,0
sz002884,217,367,0
sh600419,0,0,0
sh603266,0,500,0
sz300230,0,0,0
sh600703,26617,54812,1987
sh603678,1911,0,0
sh603108,0,0,0
sz002522,2499,4391,0
sz002887,351,524,0
sz002223,1587,2248,0
sh600590,0,0,0
sz300639,4959,4928,151
sz002165,0,0,0
sh600651,2370,2443,0
sh601898,4726,6700,0
sh600123,3063,17369,0
sz300553,0,0,0
sz300002,0,0,0
sz300202,4862,819,0
sz000532,0,0,0
sz002205,575,0,0
sz002073,0,0,0
sz300653,0,0,0
sz000968,5206,4001,687
sz300689,374,282,0
sz002801,0,0,0
sz002108,861,8935,0
sz300261,0,0,0
sz300549,0,0,0
sz000682,30008,18173,0
sh600322,1480,4448,0
sh600305,2252,3075,0
sz300083,0,1419,0
sz300494,0,0,0
sh603970,18565,25841,1437
sh603118,0,0,0
sh603996,21010,5003,0
sh600011,10096,1639,0
sz300579,0,0,0
sz000668,2033,0,0
sh600571,0,0,0
sh600775,0,2827,0
sz002763,0,0,0
sh603757,0,613,0
sz000506,0,0,0
sz002866,2094,319,0
sz002138,0,2299,612
sh603866,0,0,0
sh603303,0,0,0
sh603037,0,0,0
sz300043,0,1608,0
sz000917,7798,14757,0
sz002774,0,0,0
sz002806,0,0,0
sz002523,0,0,0
sz000157,25398,54389,0
sh600493,0,0,0
sh600339,0,0,0
sz002650,48126,0,0
sz002224,0,0,0
sz002031,0,0,0
sz002459,2889,0,0
sh603286,5448,4011,0
sz300141,0,978,0
sh603136,518,0,0
sz000600,0,0,0
sh600184,9352,3017,0
sh600418,1293,2615,0
sh603803,0,0,0
sh600250,0,0,0
sh603179,0,0,0
sz000751,0,9667,0
sz000737,0,0,0
sh600256,70404,38235,0
sz300707,0,0,0
sz300243,0,0,0
sh600766,6000,0,0
sh600238,0,0,0
sh600769,0,0,0
sz300393,0,296,0
sz000615,4905,13243,0
sz002018,18156,0,0
sz002373,83123,58069,6983
sz000812,1580,3013,0
sz300457,0,1625,0
sh600452,0,0,0
sh600894,0,4765,0
sz300291,1400,1910,0
sz300432,0,0,0
sz000850,0,3763,0
sh600022,272988,382511,0
sh601010,0,0,0
sz300257,772,0,0
sz300485,0,0,0
sz300502,0,1546,0
sz002366,10063,11730,0
sh600876,0,525,0
sz002547,75401,68427,1185
sz002346,5745,15241,1118
sz300722,18026,37949,1382
sz300585,525,0,0
sz000404,11343,14368,3000
sz300155,4500,0,0
sz002450,45616,95042,5814
sz002050,2605,4136,0
sz002663,2000,0,0
sh600962,0,0,0
sh601020,0,1083,0
sh603569,0,0,0
sz002820,0,0,0
sh601992,108238,191140,0
sz002627,0,0,0
sz300563,0,0,0
sz000657,0,0,0
sz300342,2421,0,0
sh600728,10979,33378,0
sz300717,523,0,0
sz300107,0,0,0
sh600038,6434,4841,842
sz002910,3649,2787,744
sz002070,58874,14846,0
sh603637,0,0,0
sh601718,0,5121,0
sz000611,0,0,0
sz002733,7390,1006,0
sz300191,0,1200,0
sh600841,7913,1583,0
sz300221,0,0,0
sh603615,0,0,0
sh603030,0,0,0
sh600683,0,0,0
sh601336,33133,36330,3453
sh600189,0,0,0
sz300165,0,0,0
sz002253,0,0,0
sh603089,0,0,0
sh600203,1173,0,0
sh600810,0,0,0
sh600448,0,0,0
sh600637,0,2047,0
sz002532,0,0,0
sz002388,1376,1532,0
sh603717,922,445,0
sh603009,0,0,0
sh600617,0,0,0
sz002063,0,0,0
sh600801,77444,85947,7259
sz300491,0,0,0
sz002378,0,0,0
sz000893,0,0,0
sh600782,105914,136552,5921
sz300199,7261,3043,0
sh600522,209524,128226,6442
sz000789,111374,98925,8849
sh600817,0,0,0
sh600510,0,0,0
sh601168,5754,20904,0
sz002860,0,502,0
sz300515,0,0,0
sz002440,605,16600,0
sh600316,0,0,0
sz300237,0,0,0
sz002836,0,0,0
sz000501,0,0,0
sh603877,442,0,0
sz002347,0,0,0
sz000666,4984,1731,0
sz002702,4052,2675,0
sz002110,230373,204138,35082
sz002527,0,0,0
sz300112,0,0,0
sh603766,12116,19687,0
sh600053,0,0,0
sz000619,0,0,0
sz002673,8962,9015,0
sh600237,3890,2000,0
sz300618,5810,7135,465
sz002381,0,1254,0
sz002786,0,0,0
sh601200,1556,5317,0
sh600108,0,5906,0
sh601326,0,2000,0
sz002082,4343,0,0
sh603838,0,0,0
sz300607,1886,447,0
sz002422,0,4078,0
sh603607,594,607,0
sz002425,5927,0,0
sz300709,0,657,0
sz002544,0,0,0
sh601012,151382,195677,14337
sh601377,34971,53597,0
sh603321,0,0,0
sz000962,0,0,0
sz002906,0,0,0
sz300310,2313,8945,0
sh603268,0,0,0
sz300647,0,0,0
sz002209,0,0,0
sh603203,285,0,0
sz300151,0,0,0
sz300225,12535,7876,0
sh600020,6664,15517,0
sh600990,362,159,0
sz000026,0,1040,0
sh600405,0,0,0
sh603008,998,0,0
sz300184,0,0,0
sz000616,0,0,0
sz300652,0,0,0
sz300705,362,0,0
sz002646,0,0,0
sz300095,0,0,0
sz002445,3000,931,1150
sh600055,6354,1755,0
sz002898,0,0,0
sz002517,29122,17800,1535
sz002287,0,0,0
sz300005,0,3170,0
sh600618,0,0,0
sh601222,41983,32506,1063
sh600225,0,0,0
sz002185,149332,147934,4584
sz002819,0,0,0
sh600467,0,0,0
sz000809,0,0,0
sz002856,10961,21771,0
sz000151,0,0,0
sz000058,0,1092,0
sz300329,0,0,0
sh603937,8252,8725,0
sh600292,0,3000,0
sz000528,3003,0,0
sh600643,1210,1257,0
sh600387,0,2235,0
sh600026,0,0,0
sh600276,5651,4464,0
sh600648,658,2545,0
sz002281,44534,48548,3103
sh603369,0,0,0
sz002584,2819,5959,0
sh600501,0,6601,0
sh600259,2012,969,284
sh603116,0,0,0
sz002406,0,0,0
sh603299,0,0,0
sz300305,0,0,0
sz000795,0,7823,0
sz002141,29954,3963,0
sz300701,0,0,0
sh603336,0,0,0
sz002407,12331,5659,2462
sz000612,0,0,0
sh600309,62725,62577,4424
sh603599,0,0,0
sh600604,0,12638,4719
sh601111,44073,63507,4478
sz000777,0,676,0
sz300325,0,0,0
sh603117,0,0,0
sh603086,0,0,0
sz000819,0,0,0
sh601958,0,5784,0
sz002166,0,0,0
sz300314,0,0,0
sh600561,0,0,0
sz000563,0,7456,0
sz300517,0,0,0
sh600639,0,0,0
sz000014,0,0,0
sz300597,0,0,0
sz300306,0,669,0
sz002193,0,738,0
sz002648,14276,9549,0
sz300635,659,0,0
sz300284,0,0,0
sh600051,0,4746,0
sz002637,2000,1002,0
sz300586,0,0,0
sh600802,1297,1408,1378
sz000669,0,0,0
sz300472,0,0,0
sz002466,22982,19483,727
sh603200,0,0,0
sz000733,706,0,0
sh603711,0,0,0
sz300623,1129,302,0
sz300341,0,0,0
sz002222,16529,7621,0
sz000985,0,600,0
sz002877,0,0,0
sz300379,0,900,0
sh603025,0,0,0
sz002014,0,0,0
sh600630,0,2405,0
sh601717,4754,17336,0
sz000410,0,0,0
sh603726,0,0,0
sz002393,0,0,0
sz300022,0,0,0
sz002192,6021,4757,1279
sz002059,0,0,0
sh603988,0,0,0
sz300153,0,0,0
sz002114,2203,4640,810
sz300298,0,1154,0
sh600622,0,814,0
sz002218,4297,27908,0
sh601016,3009,0,0
sh600735,2345,0,0
sz002810,0,0,0
sh600603,0,0,0
sz300390,0,0,0
sz000826,1079,5421,0
sz300217,7794,0,0
sz000635,0,0,0
sz300570,1616,523,0
sz002828,0,460,0
sz300671,0,0,0
sh600300,0,0,0
sz002369,0,1054,0
sz000933,102243,131911,0
sh603903,0,0,0
sz002870,0,0,0
sz000089,1931,1250,0
sh600381,0,0,0
sz002195,10609,13644,0
sz002760,0,375,0
sz002855,0,0,0
sh600036,71067,130128,2431
sh600410,0,1169,0
sz300333,0,1169,0
sz300727,0,0,0
sz300400,0,0,0
sh603566,0,0,0
sh601006,64875,100164,0
sz000416,0,2539,0
sh600789,0,2170,0
sh600206,28291,35322,1214
sz002197,0,0,0
sz002823,0,0,0
sz002624,0,774,0
sz000705,0,0,0
sz002301,0,1770,0
sz002540,1399,0,0
sz300464,0,0,0
sh600210,5162,3339,0
sh600800,3000,0,0
sz300307,0,0,0
sz300135,0,0,0
sh600649,5107,7794,0
sz300204,0,0,0
sh600201,4849,14111,0
sh603006,0,0,0
sz000531,0,0,0
sz002496,0,0,0
sh600684,0,0,0
sh601777,0,0,0
sh601808,0,0,0
sz002251,17628,12835,0
sz002480,1200,0,0
sh603878,503,0,0
sh600133,0,4792,0
sz000889,13226,5628,0
sh600827,986,0,0
sz000736,0,0,0
sz002387,2699,4561,0
sz002225,0,1969,0
sh603166,0,0,0
sz300691,344,0,0
sh600862,1346,5521,0
sh600652,1699,2999,0
sz002172,2274,0,0
sz002034,470,0,0
sz002334,0,15526,0
sh600750,583,0,0
sz002850,0,189,0
sz300469,0,0,0
sz300456,801,525,0
sz300583,0,0,0
sz002435,0,0,0
sh600182,0,0,0
sz300239,0,0,0
sh600686,0,1027,0
sh603239,0,0,0
sz002100,0,0,0
sh603611,0,0,0
sz002275,0,0,0
sz300648,193,0,0
sh603499,0,0,0
sz300369,0,0,0
sh600787,14882,10268,0
sz300608,0,0,0
sz002057,0,0,0
sz300566,0,0,0
sz002432,0,0,0
sh600488,0,0,0
sh600843,0,0,0
sz300228,964,2496,0
sh601929,10000,3683,0
sz002658,0,0,0
sh600780,0,0,0
sh600217,5135,7877,0
sz300049,0,0,0
sh603308,0,0,0
sz002902,2116,590,0
sz002095,0,344,0
sh600730,0,0,0
sz000729,2508,2001,0
sz300253,0,0,0
sz002099,4500,1700,0
sz300108,1700,0,0
sh603601,0,0,0
sh600287,0,0,0
sz002386,28958,25938,0
sz000965,0,0,0
sz300422,2020,0,0
sz002144,0,0,0
sh600420,0,1657,0
sz300675,0,345,0
sh603063,0,0,0
sz002869,562,515,0
sz000042,0,0,0
sh600959,0,0,0
sh600228,0,2238,0
sz002341,512,4605,0
sz002659,0,0,0
sz002686,0,0,0
sz002060,0,0,0
sz300500,0,614,0
sz300195,0,0,0
sz300126,0,0,0
sz000418,0,1235,0
sz300723,6543,4045,0
sz002613,0,0,0
sz002233,10368,22858,0
sz300627,0,0,0
sh600743,0,0,0
sz000607,0,2379,0
sz300321,0,0,0
sh603822,0,0,0
sz000582,0,0,0
sh603555,1691,0,0
sz000552,15877,0,0
sh603882,0,370,0
sh601375,4002,4842,0
sz000799,387,6327,0
sh600898,1243,0,0
sh603580,0,0,0
sz002750,0,0,0
sz000721,0,0,0
sh603033,0,0,0
sh600136,0,0,0
sz002265,0,0,0
sz300388,0,0,0
sh603127,182,0,0
sz300288,0,0,0
sz300099,0,0,0
sz300233,2300,0,0
sz300609,0,0,0
sz300486,0,560,0
sz000723,0,2157,0
sz000926,12221,4909,0
sh601019,13558,17040,0
sz300088,10656,18606,0
sz300436,0,0,0
sz002723,0,0,0
sh600980,0,0,0
sh600117,1788,2194,0
sz002053,0,0,0
sz002479,6502,4265,1013
sz002320,1504,1286,0
sh600429,0,0,0
sz002900,0,0,0
sz002415,63297,82674,5774
sh600006,4015,2000,0
sh600690,95576,121835,2886
sz300474,2559,1920,209
sz300662,0,0,0
sz002025,514,1279,0
sz002618,2770,9139,847
sz300353,0,0,0
sz002279,0,0,0
sz300170,1069,1222,0
sh603990,0,0,0
sh603322,0,0,0
sh600771,0,502,0
sh600546,2400,3001,0
sz300603,1305,340,0
sz002040,0,0,0
sz002434,11116,5276,0
sz002549,0,0,0
sz002722,741,467,0
sz002316,0,0,0
sz300210,0,0,0
sz002003,0,0,0
sz002616,1202,3004,0
sz000667,0,8745,0
sz002597,5828,10738,1005
sh603677,0,1971,0
sh600997,10151,6695,0
sz300506,0,508,0
sh600539,0,771,0
sh603000,0,0,0
sh601108,24307,31486,0
sh600438,153349,160734,3370
sz300536,0,1291,0
sh600375,0,0,0
sh600975,0,0,0
sz002901,0,383,389
sh600589,0,0,0
sz300678,190,409,194
sz000153,0,0,0
sz000778,4093,32649,0
sz300360,0,963,0
sz002588,0,1450,0
sz002541,0,0,0
sz002507,0,727,0
sz002639,2008,1341,0
sz300576,0,0,0
sz002072,1004,0,0
sh600163,0,0,0
sz002039,0,0,0
sh600795,44184,121027,0
sz000005,0,0,0
sz000719,0,0,0
sz002071,1104,2329,0
sz002569,0,0,0
sh600330,23209,22335,0
sz002400,1754,12425,0
sz002553,0,0,0
sz002399,0,0,0
sz300365,0,0,0
sz002585,0,0,0
sh603020,1603,1397,0
sh600101,0,0,0
sz300697,0,0,0
sz002336,0,1436,0
sz002840,1243,0,0
sz000715,0,0,0
sz002190,0,0,0
sz300636,0,0,0
sz300093,1819,0,0
sz300283,0,0,0
sh603233,0,0,0
sz300423,0,0,0
sz300219,2106,2241,0
sh603357,0,0,0
sz002477,23733,33350,0
sz002873,0,0,0
sh603199,398,0,0
sz300074,1358,1538,0
sz300529,0,0,0
sh603515,562,4331,0
sh603021,0,0,0
sz002109,0,0,0
sh600052,0,0,0
sz300279,0,0,0
sz002404,0,0,0
sh603536,0,0,0
sz000584,1758,1770,0
sh600010,39434,140032,0
sz000780,0,0,0
sz002136,0,1834,0
sz002446,0,0,0
sh603980,1510,1192,0
sz300596,0,0,0
sh600340,24897,56457,1608
sh603528,0,0,0
sh601398,374031,479415,0
sh600697,1586,0,0
sz300439,0,0,0
sz000848,3662,2595,0
sz300213,9936,6659,0
sz002849,0,0,0
sz002664,0,550,0
sz300569,2674,501,0
sh600298,5629,2763,0
sh600012,0,0,0
sh603198,0,0,0
sh601216,29907,97204,0
sz002510,0,0,0
sz300003,7125,5650,0
sh600857,1068,0,0
sh600039,0,0,0
sz002469,0,0,0
sh600982,0,0,0
sz300147,0,1662,0
sz300131,0,0,0
sz002642,0,0,0
sz002457,2785,0,0
sz300397,0,0,0
sh600668,1005,3682,0
sz300530,0,0,0
sz000731,1600,0,0
sz000697,0,504,0
sh601567,0,0,0
sz000980,0,4673,0
sz000061,0,0,0
sz000650,0,2000,0
sh600566,3888,300,0
sz300192,0,0,0
sz002519,0,0,0
sh600713,0,0,0
sz300138,0,0,0
sh601126,0,1800,0
sh600895,0,2933,0
sz300387,0,0,0
sz300699,3301,4961,0
sh600476,1083,2063,0
sh603365,7635,7188,1058
sh600575,0,4231,0
sz002538,3660,1534,0
sz300134,33898,22289,5110
sh600615,1265,0,0
sz000679,0,0,0
sz300412,0,0,0
sh603050,0,0,0
sh600823,8423,30480,0
sh603909,0,0,0
sh600624,0,3606,0
sz000598,12526,10176,0
sz300145,5402,8534,0
sh600190,2987,0,0
sz002513,0,0,0
sz000928,0,3522,0
sz002370,0,800,0
sh600845,900,0,0
sh603328,0,2920,0
sh603809,0,0,0
sh600091,0,0,0
sh601118,5065,45293,0
sh600677,0,0,0
sh603305,0,241,0
sz002232,0,0,0
sz002167,0,7173,0
sz300477,2008,600,0
sz002768,438,0,0
sh601007,0,0,0
sh600209,58013,198960,10758
sz002044,3423,2456,0
sz002876,732,0,0
sz002418,0,3465,0
sz300631,520,0,0
sh600595,20558,22473,0
sz002545,0,0,0
sh600423,0,0,0
sh600961,0,0,0
sz300180,1300,451,0
sz300045,851,1907,0
sz000090,2258,0,0
sz000880,0,0,0
sz000833,0,0,0
sh600081,0,0,0
sz300055,13755,16471,547
sh600892,0,0,0
sz000028,0,180,0
sh600939,0,0,0
sz000868,16307,30745,0
sz002131,9045,3753,0
sz002516,0,1872,0
sz300334,0,706,0
sz300657,0,0,0
sz000025,0,566,0
sz002090,0,0,0
sh600619,891,2098,0
sh600515,1802,4181,0
sh600661,0,0,0
sz002696,0,0,0
sz002724,0,0,0
sh603801,0,0,0
sz002143,2401,817,0
sh600491,6029,3269,0
sz002783,0,0,0
sh600207,0,0,0
sh600963,1459,1815,0
sz300560,4637,1242,552
sz002313,500,0,0
sz000752,0,0,0
sh603567,0,0,0
sz300295,604,0,0
sz000066,5659,13483,0
sh603078,0,0,0
sz002351,0,0,0
sh603178,0,0,0
sz000548,0,0,0
sz300396,273,0,0
sh600111,79656,149236,3092
sz300637,0,0,0
sz002666,0,0,0
sz002358,0,0,0
sz000541,3074,6968,0
sz300508,0,0,0
sh600538,0,0,0
sz300006,11261,2526,0
sh600588,0,5833,0
sh600208,101039,127274,0
sh603338,0,0,0
sh600475,0,0,0
sh601607,3628,7055,0
sh600389,1170,1517,0
sz300399,0,0,0
sz002846,1059,0,0
sh600377,1382,0,0
sz300448,0,0,0
sz002101,0,0,0
sz300086,0,0,0
sz300565,0,0,0
sz002066,0,0,0
sh603978,532,0,217
sh603788,0,300,0
sz002537,0,0,0
sh603639,0,0,0
sh600069,12584,20556,0
sz002792,272,1235,0
sh600382,0,1212,0
sh600897,0,700,0
sz002880,0,0,0
sh600606,96010,184875,0
sz000550,0,0,0
sh603861,0,0,0
sh601155,22333,60413,3131
sz002807,38890,27277,1230
sz002319,0,0,0
sh600129,0,907,0
sz300235,1002,0,0
sh603298,0,0,0
sh603229,0,0,0
sz000060,8352,12556,0
sz000421,0,0,0
sz002006,0,0,0
sh600059,0,0,0
sh600054,1100,0,0
sz000883,2150,0,0
sh600847,0,0,0
sh603315,0,0,0
sh603888,0,0,0
sh600585,102867,142247,14609
sz002081,34092,22584,0
sh600784,0,0,0
sz000990,0,1000,0
sz002841,0,190,0
sh603519,0,0,0
sz002634,3381,2295,0
sh600496,0,6636,0
sz002112,727,4981,0
sz300513,0,0,0
sz002890,0,0,0
sz300427,0,0,0
sh600900,13931,37991,0
sz002502,9680,0,0
sh600143,26705,3799,0
sz300263,9776,2551,0
sh600131,10017,2060,0
sz300403,0,0,0
sz000909,0,0,0
sz002352,202,626,0
sz002505,11100,9038,0
sz000656,4892,9297,0
sz300255,0,0,0
sh600866,0,0,0
sh600594,10663,14566,0
sz002897,0,0,0
sh600366,1951,8107,0
sz300216,0,781,0
sh603938,2784,5180,0
sz002130,0,2666,0
sh600675,0,2000,0
sh601127,0,600,0
sh600360,27789,50543,0
sh600468,0,0,0
sh600687,11328,2784,0
sz000948,0,0,0
sz002162,0,0,0
sz002029,1151,0,0
sz300495,913,0,0
sh601018,5941,0,0
sz000419,0,0,0
sh600807,127873,175937,26053
sh600367,0,1108,0
sz300218,0,0,0
sh600380,12122,35543,0
sh600516,144127,201792,23366
sh603616,0,1277,0
sz002452,0,0,0
sz002574,2742,0,0
sh600277,0,0,0
sh601618,9470,10518,0
sh601666,38489,65559,0
sz000539,2145,4712,0
sh600696,0,0,0
sz002102,89309,105183,0
sz002889,0,0,0
sz000698,0,0,0
sz300629,0,0,0
sh600023,0,16830,0
sz002675,2027,983,0
sz000878,5185,6752,1429
sh600021,0,3473,0
sh603186,0,0,0
sh600984,0,0,0
sz300299,0,0,0
sh600502,0,1749,0
sz002448,0,0,0
sz002214,21693,17580,0
sz002447,0,0,0
sz002140,0,964,0
sz002124,0,0,0
sh600385,0,0,0
sz000544,0,0,0
sh603157,0,0,0
sz300476,600,0,0
sz300589,0,0,0
sz002864,0,0,0
sz300619,0,0,0
sh600368,0,0,0
sh600874,9887,16518,0
sh600166,21883,49612,0
sz000957,0,2000,0
sh603288,1009,710,0
sz002376,0,0,0
sh600891,0,0,0
sz002118,13611,7738,0
sh603396,479,265,0
sh600665,0,0,0
sh600694,0,0,0
sh603169,0,0,0
sh600973,0,2082,0
sz002605,0,0,0
sh600097,0,0,0
sh603319,1414,415,0
sh600970,33103,59484,0
sz002041,0,1000,0
sh600706,581,745,0
sh600830,12035,3006,0
sz002752,0,0,0
sh601989,82850,79979,0
sz002719,0,0,0
sz002430,7482,10432,0
sz002454,0,0,0
sz000627,32766,47335,0
sh600663,802,0,0
sh603385,0,0,0
sh603908,0,0,0
sz300496,671,4340,0
sz002259,0,0,0
sh600151,0,0,0
sh600064,0,0,0
sz000559,3796,0,0
sz002249,0,8661,0
sz002260,0,0,0
sz000636,302153,242342,18068
sh600629,0,0,0
sz300690,0,174,0
sh601616,0,0,0
sz000032,0,0,0
sz000408,3144,2897,0
sh600909,1780,3342,0
sh603500,0,0,0
sz300150,0,0,0
sz300336,0,0,0
sz300224,0,5847,0
sh601877,7379,9085,508
sz002237,0,7552,0
sh600578,2851,0,0
sh601186,16030,18546,0
sz300125,0,0,0
sh600325,5070,36388,0
sz300313,0,0,0
sz000997,0,1600,0
sh600653,0,0,0
sz002623,0,0,0
sz002572,2682,2369,0
sh603218,0,0,0
sz300249,0,0,0
sh600500,1767,3985,0
sh600249,0,1882,0
sh600127,0,2330,0
sh600875,3501,4134,0
sh600861,0,0,0
sz300505,0,0,0
sz002391,0,0,0
sz002587,2512,0,0
sz300447,0,0,0
sh600275,0,0,0
sz300241,5902,7416,0
sh600573,0,5200,0
sh601163,0,0,0
sz000062,7795,10630,975
sh600139,1617,0,0
sh600327,0,0,0
sh601231,5217,886,0
sh603077,31956,48552,0
sh600028,163220,199026,2421
sz300251,1200,0,0
sz000422,0,0,0
sz300558,4964,2403,0
sh603508,0,0,0
sz000417,0,3221,0
sz002641,0,0,0
sh603669,0,0,0
sh600428,0,0,0
sh600773,0,0,0
sh603707,1809,1500,0
sh600503,0,9662,0
sz002348,2722,0,0
sz300323,7739,8066,1217
sz300352,0,4108,0
sz002729,0,0,0
sh600868,3785,5919,0
sz300582,0,0,0
sh603922,0,0,0
sh603819,0,0,0
sh603517,0,0,0
sz300711,2620,2329,0
sz300642,0,0,0
sh603918,0,0,0
sz000673,0,1013,0
sz002002,0,0,0
sz002125,0,1000,0
sh600116,4565,3107,0
sz300309,0,465,0
sh600050,626283,667055,0
sh600388,2681,1570,0
sh600331,0,0,0
sz300718,300,0,0
sh603676,0,0,0
sh601628,20918,22565,329
sh603595,0,170,0
sh600435,4044,1035,0
sh603258,0,0,0
sz000680,0,0,0
sz002793,0,0,0
sz002096,0,0,0
sz002154,6500,19006,0
sz000908,0,0,0
sz002395,0,0,0
sh600995,0,0,0
sh603663,0,0,0
sz300231,0,0,0
sz002236,17241,25514,423
sz002375,0,0,0
sh601116,0,0,0
sz300488,0,0,0
sz002830,979,560,0
sz300161,0,0,0
sh600967,5270,863,0
sh600758,1431,0,0
sh600085,1535,3654,0
sz002773,0,0,0
sh600436,736,1824,0
sh600611,0,0,0
sz000581,6375,5152,635
sh603722,267,874,672
sz300322,3443,11109,0
sz000596,164,203,213
sz002306,0,0,0
sz000860,1016,6121,0
sz002021,0,0,0
sh600521,1806,4698,0
sh601908,0,6571,0
sz002490,0,0,0
sz000703,18745,49660,622
sz300378,0,0,0
sh603721,0,0,0
sh601858,0,0,0
sz300600,0,0,0
sz002895,942,0,0
sz002416,0,1440,0
sz002067,0,16190,0
sz002296,0,0,0
sz300214,0,0,0
sz000796,946,780,0
sz002655,0,0,0
sh600351,0,0,0
sz300175,0,13105,0
sz300433,28681,15867,0
sz002912,0,0,0
sz002736,0,0,0
sz000586,675,548,0
sz002087,4001,5703,0
sh600757,0,0,0
sz002349,0,0,0
sz000637,0,1814,0
sh600426,0,2364,0
sz000759,0,0,0
sz002872,0,0,0
sz000925,0,0,0
sz002074,500,0,0
sh603998,0,0,0
sh601238,13000,9006,1000
sh601139,9639,5950,0
sz002241,27246,61761,605
sz000610,1810,0,0
sh601689,971,0,0
sz300599,0,0,0
sz002603,629,14219,0
sz300493,0,1000,0
sh603789,0,0,0
sz000018,1433,1690,0
sz300438,0,0,0
sh603269,0,0,0
sh603110,0,0,0
sz002276,0,1792,0
sz002730,0,868,0
sh600110,37247,36283,0
sz002689,0,6470,0
sz000488,47103,70007,3480
sz000597,950,0,978
sz000802,0,854,0
sz002471,0,0,0
sh600612,255,0,0
sz000702,0,0,0
sh603042,503,0,0
sz300651,0,0,0
sh600463,0,0,0
sz300434,0,0,0
sz000020,0,2232,0
sz002026,0,0,0
sz002899,0,390,0
sh603606,0,0,0
sh600279,0,0,0
sh601519,0,0,0
sz000959,0,9119,0
sz300271,0,2251,0
sz002640,925,2092,0
sz002337,0,0,0
sz000420,0,5074,0
sz300573,0,0,0
sh600371,0,0,0
sz002670,23234,21470,2859
sz300443,553,0,0
sh600197,0,4146,0
sz000922,0,0,0
sz002333,0,0,0
sh601515,0,2177,0
sz002643,1899,0,0
sh603559,2340,3100,571
sh603578,0,0,0
sz300296,0,3675,0
sz000888,1058,0,0
sh600517,13806,3884,0
sh603081,1648,1600,0
sz002656,2786,1695,501
sh600456,3646,1190,0
sz002678,0,0,0
sh600583,0,2854,0
sz300460,0,0,0
sz000411,0,2600,0
sz000572,0,3974,0
sh600693,0,7245,0
sh600120,0,1185,0
sh600122,0,4849,0
sz300490,0,0,0
sh600605,0,0,0
sh600258,2057,5916,0
sz000932,111339,84735,1095
sh600744,0,0,0
sz000038,579,2732,0
sz002299,0,0,0
sz002498,0,0,0
sz000545,11076,0,0
sh601997,9157,5525,0
sz002401,0,0,0
sh600362,54615,64904,3954
sz002609,6671,0,1004
sz300421,0,0,0
sh603226,0,0,0
sh600689,0,0,0
sh601886,0,0,0
sz300484,0,0,0
sh600774,0,0,0
sz000726,0,0,0
sh600149,0,0,0
sh601169,53533,25216,0
sh600978,2007,3202,0
sh601198,0,1674,0
sz000622,0,2469,0
sh600765,0,1500,0
sh603858,1419,1505,0
sh603088,0,0,0
sz002746,0,0,0
sz002267,0,0,0
sh600099,0,0,0
sz002543,0,0,0
sz300051,0,0,0
sh600067,0,0,0
sh601788,3878,1000,0
sz300176,1911,1202,0
sh600613,0,0,0
sh601021,675,700,0
sz300620,0,0,0
sz002364,0,0,0
sh600680,0,0,0
sh600548,0,2001,0
sz300100,0,2480,0
sz300177,1322,6021,0
sh603665,0,0,0
sh603098,0,0,0
sz002194,852,1109,0
sz002164,0,0,0
sh603929,1051,0,0
sz002146,21346,57371,0
sz002818,0,332,0
sz300016,0,0,0
sz002753,1624,4665,1331
sz300616,0,251,0
sh600833,0,0,0
sz300548,0,0,0
sz000655,0,1943,0
sz000009,0,1506,0
sz002113,6723,875,0
sh600712,1266,0,0
sz002718,0,0,0
sz300087,0,0,0
sz300362,0,0,0
sh600748,0,0,0
sz300602,0,0,0
sz000589,0,0,0
sz000333,48772,52854,5676
sh600155,0,0,0
sh601888,20955,26152,655
sz002353,0,720,0
sh603326,0,0,0
sh600681,769,0,0
sh600545,3576,9694,0
sh600490,20709,43352,1305
sz300300,0,0,0
sz000960,1214,18387,0
sz300696,277,147,0
sz002217,5227,3444,0
sz002599,0,0,0
sh600888,0,0,0
sh600477,8033,3553,0
sz300264,0,0,0
sz300182,10687,12674,0
sh600644,0,0,0
sh603012,0,0,0
sz300160,0,0,0
sz002210,1937,0,0
sz000881,0,0,0
sh600698,0,1576,0
sh600658,0,0,0
sz002482,0,0,0
sz002492,0,0,0
sh603823,0,0,0
sz300666,7475,8163,443
sh600887,120718,103314,5549
sz002888,0,0,0
sh600346,9833,8320,0
sh600318,2153,0,1004
sz002560,0,0,0
sh601002,25988,16026,0
sh600391,0,0,0
sz000505,0,0,0
sh600621,23362,35850,3063
sz002342,2016,8244,0
sh603825,350,0,0
sz002062,0,0,0
sz000898,62913,74449,2062
sz002812,118,100,0
sz002268,4571,5932,0
sz000546,2639,9153,0
sz300656,0,0,0
sh603388,0,0,0
sz002548,0,0,0
sz002302,97840,83089,11626
sh603535,0,0,0
sz300557,0,0,0
sz000707,0,0,0
sh603139,0,0,0
sz300562,584,0,0
sh600983,0,0,0
sz002444,0,1917,0
sh603377,0,0,0
sz002481,0,2200,0
sh600109,7651,7053,0
sh600260,8327,6659,376
sh600760,6440,5915,330
sh600785,0,0,0
sz300617,0,0,0
sh601928,0,0,0
sz002762,0,0,0
sz000428,0,0,0
sz002755,0,0,0
sz000738,0,0,0
sh603799,30213,18112,2483
sz300294,448,0,0
sh600768,1930,0,1324
sz300280,878,0,0
sz300277,0,0,0
sh603985,0,0,0
sh600461,0,0,0
sh601388,2600,41752,0
sh600455,0,0,0
sh601818,744351,479110,0
sz000931,0,0,0
sh601800,0,9666,0
sh603856,3932,746,602
sh603181,0,0,0
sz002617,691,0,0
sz002293,847,1889,0
sh600512,18948,5502,0
sz000756,0,2388,0
sh600361,0,0,0
sh603096,0,0,0
sz300575,500,323,0
sz300520,4575,801,0
sz300178,0,0,0
sh600889,0,0,0
sh600499,5912,7255,0
sz002842,0,353,0
sh603958,0,0,0
sh603188,0,0,0
sz002032,0,0,0
sh601991,0,0,0
sh601000,6012,2815,0
sz002743,0,856,0
sz300658,0,0,0
sz002628,0,0,0
sh600885,1369,268,0
sz002758,0,0,0
sz002636,850,2309,0
sz002424,0,8015,0
sz300357,0,216,0
sz000966,0,0,0
sz300332,0,0,0
sz300479,0,0,0
sz002392,0,0,0
sh601233,36081,56536,2562
sz002612,0,0,0
sh603683,0,0,0
sz300234,0,0,0
sz002384,467,1766,0
sh601996,2000,9365,0
sz300096,16997,19710,1505
sh603399,0,1442,0
sz300359,2314,0,0
sh600416,3392,7178,0
sz002187,0,0,0
sz300110,2297,5300,0
sh600408,0,0,0
sz300123,0,0,0
sh600635,0,2326,0
sh600770,10551,18627,0
sz000963,2182,808,0
sz000996,3452,16831,0
sh601965,0,0,0
sh600717,0,5593,0
sz000166,26233,39483,0
sz300286,0,0,0
sz000004,500,514,0
sh601952,5229,3087,0
sz002546,0,0,0
sh600858,0,0,0
sz000839,315912,418988,22346
sh601107,0,2687,0
sz002539,0,0,0
sz300172,0,0,0
sz002417,0,0,0
sz000613,0,0,0
sh603727,0,435,0
sh603289,4024,35319,1275
sz002061,3314,4443,0
sz300001,0,0,0
sz300111,0,0,0
sh600540,0,0,0
sz300250,0,0,0
sz002536,0,0,0
sh600756,0,0,0
sh600908,25524,12920,0
sh601058,0,0,0
sh600794,10670,100746,0
sz300588,0,0,0
sz300038,91144,185338,10265
sz000788,1532,4897,0
sh600397,3521,0,0
sh600008,9590,42088,0
sz300166,1223,6777,0
sz000978,0,0,0
sh600641,1063,17650,0
sh600315,3314,7910,0
sh603138,0,0,0
sz002495,0,0,0
sh600587,0,0,0
sh603811,0,0,0
sh600106,0,0,0
sh600903,98153,49100,7235
sz300537,0,0,0
sh603538,0,0,0
sh603031,0,0,0
sh600268,0,0,0
sh603896,324,466,0
sz300547,0,0,0
sz000001,304466,416535,6387
sz300064,909,0,0
sz300189,0,0,0
sh600580,1523,7606,0
sz300275,0,0,0
sh600128,0,0,0
sz300163,4500,0,0
sz002610,0,0,0
sz002010,0,0,0
sz002411,3399,860,0
sz002911,42000,28918,4409
sz002582,0,0,0
sh603928,0,0,0
sz002033,8008,15562,0
sz300615,0,0,0
sh601028,0,0,0
sz002359,6746,8325,454
sz000938,5429,6004,0
sh600247,0,0,0
sz300419,0,2319,0
sh600776,0,1403,0
sz300181,0,2444,0
sz002531,1904,5241,0
sh603800,0,0,0
sh600633,1651,1510,0
sz002813,1338,371,0
sz002402,1550,8474,0
sh600060,6841,8116,1626
sz000595,0,0,0
sz002431,1957,5206,0
sh600560,0,0,0
sz002848,637,0,0
sz002857,0,0,0
sh601700,0,4219,0
sh600329,0,0,0
sz300449,0,0,0
sz000665,0,0,0
sh600016,325777,267858,0
sz300643,0,0,0
sz002476,0,2669,0
sz300719,505,962,0
sh600255,0,22506,0
sh603987,0,0,0
sz000835,0,0,0
sh603991,0,0,0
sz002595,0,0,0
sh600993,2911,11504,0
sz300238,0,0,0
sz002512,2648,1001,2000
sz300315,7928,15004,0
sz000570,0,4646,0
sz002885,0,0,0
sz002408,0,2838,0
sz300395,0,0,0
sz000663,0,0,0
sh600808,190237,228937,0
sz300287,0,0,0
sh600063,0,6016,0
sz300072,6437,9257,316
sz002644,0,0,0
sz300311,0,0,0
sz300676,4316,3610,645
sh603619,0,1098,0
sh600933,4846,1537,0
sz002128,23927,20131,0
sh603658,0,0,0
sh603002,4046,14494,0
sh600169,14017,0,0
sz300584,0,0,0
sz300052,0,0,0
sz000510,0,1500,0
sz002443,0,0,0
sh600699,6827,9095,303
sh603380,0,0,0
sz000692,0,0,0
sz000099,0,1454,0
sz002121,0,5050,0
sh600251,0,0,0
sh600779,2359,1319,348
sh600557,0,1323,0
sh600528,0,1884,0
sh603729,444,281,0
sz300338,0,0,0
sz000628,0,0,0
sz002309,2814,3004,0
