sz000795,1768,1861,0
sz002093,3143,3500,0
sh603421,801,0,0
sh600192,0,3487,0
sz002242,1630,0,0
sz002234,0,1113,0
sh600141,850,1642,0
sh600367,0,0,0
sz300112,1513,0,0
sz300406,8712,2121,603
sh600773,1200,0,0
sz300117,4494,0,0
sh600755,23433,47138,0
sz000068,3122,2343,0
sz002463,2479,0,0
sz300603,0,0,0
sz000635,0,0,0
sh600640,0,0,0
sh601788,1065,5006,0
sh600575,0,0,0
sh603429,0,0,0
sz300093,1564,6575,0
sh600917,0,0,0
sz002305,0,0,0
sz300471,1268,0,0
sh603818,0,0,0
sz002307,12397,1098,2093
sh603123,0,2043,0
sz300375,0,0,0
sz300683,0,0,0
sz300425,0,0,0
sh603665,0,0,0
sz300077,94450,165540,5750
sz300300,17078,10543,839
sz002590,945,0,0
sz300545,173,205,0
sz002790,0,0,0
sz000636,24309,60421,993
sz300209,0,0,0
sz002221,0,0,0
sz002235,1716,2652,1142
sz300145,1002,1010,0
sz300200,0,0,0
sh600743,0,0,0
sz002336,0,0,0
sz300528,0,0,0
sz300508,358,0,0
sh603788,621,842,0
sz002193,0,0,0
sh601186,1054,3311,0
sz000030,0,0,0
sz002428,11065,15970,0
sh603536,0,0,0
sh600315,2869,5969,0
sz002153,19361,8066,715
sz300371,0,0,0
sz002682,0,0,0
sz002633,0,0,0
sz002572,1048,4079,0
sh603871,0,187,0
sh603260,705,1651,0
sh601811,0,0,0
sz002016,4723,4558,0
sz300298,508,1998,0
sz300635,0,0,0
sh603036,0,0,0
sh600552,0,0,0
sh601777,0,0,0
sz000567,2577,1031,0
sh603869,0,0,0
sz002498,0,0,0
sz300568,2406,306,0
sz300230,1768,0,0
sz300667,8737,5068,525
sh600265,0,0,0
sz000931,0,0,0
sz300091,0,800,0
sz002880,196,0,0
sz002142,20961,12700,581
sz300272,1000,0,0
sz000732,48531,21225,3847
sz300140,3262,20883,2196
sz002627,0,0,0
sz002881,9029,10447,0
sz002639,0,0,0
sh600327,0,0,0
sz000983,5024,8715,0
sh600033,0,0,0
sz002926,34262,31944,6939
sz002431,12858,8298,0
sz002329,0,2486,0
sh600097,0,0,0
sz300576,3374,1159,567
sz300250,1237,12674,0
sz000587,13575,9154,0
sh600855,3894,7812,0
sh600369,6807,2979,0
sz002205,0,0,0
sz002612,0,0,0
sz000961,53637,7293,0
sz002419,3818,5682,0
sz000018,2000,0,0
sh600176,10137,36436,0
sz002441,0,0,0
sz300518,234,222,0
sz002173,0,2040,0
sz002136,0,871,0
sz002564,1899,0,0
sz300356,75708,127895,6478
sh600467,0,4228,0
sz002685,0,0,0
sz000937,7718,0,0
sz002293,0,700,0
sz002398,905,0,0
sh600139,0,2638,0
sh600800,11757,18593,1743
sz002658,1023,1005,0
sz000778,13855,24311,0
sz002480,0,0,0
sh600645,11017,2406,0
sz002654,4689,13693,0
sh600307,21711,33091,0
sz002740,0,0,0
sz002046,0,0,0
sz000301,28272,47416,0
sz300207,9352,11361,0
sz300292,0,8155,0
sh600595,0,0,0
sz002462,0,0,0
sz300469,10363,6346,1391
sz300557,0,0,0
sz000682,0,0,0
sz002417,13379,21205,5810
sz300599,0,0,0
sh601116,16859,36800,2995
sz000880,0,0,0
sh600601,0,0,0
sh601375,1713,0,0
sh603985,0,0,0
sz300194,0,0,0
sz000014,0,0,0
sh603861,0,0,0
sz002135,0,0,0
sz300006,0,0,0
sz300148,10053,5867,0
sh603225,0,0,0
sz300738,2516,2807,131
sh600687,2007,0,0
sz300036,44965,40237,5172
sz300617,0,0,0
sz002190,0,3607,522
sh600530,0,0,0
sh603040,0,230,0
sh603133,0,0,0
sz002930,0,0,0
sz000786,29908,21653,1976
sz300559,969,189,0
sz002376,26509,13873,0
sz300690,0,640,0
sh603083,810,753,0
sh603229,0,0,0
sz000715,0,0,0
sh600168,0,0,0
sh600909,3294,3180,0
sz002742,18829,17556,0
sh600082,0,0,0
sz002354,3241,3423,0
sh600356,0,0,0
sz002833,0,0,0
sz002782,0,779,1577
sz300632,0,0,0
sh600188,8751,17413,2081
sz002349,0,0,0
sh601238,500,1100,0
sz300670,523,0,0
sz000099,8767,61557,0
sz300253,233671,287708,31344
sh603038,0,0,0
sz000979,29172,99278,0
sz300605,0,0,0
sh601069,88259,88228,12508
sh600684,0,2500,0
sz002353,1931,0,0
sh601336,28422,23447,312
sz002342,4945,0,0
sh600731,0,0,0
sh600795,17942,53300,0
sz000070,0,0,0
sz002296,0,0,0
sz300214,0,0,0
sz300330,0,1000,0
sz300105,0,0,0
sh600882,0,0,0
sz000671,21979,44127,2010
sz300212,2372,4096,0
sh600736,0,0,0
sh603011,0,0,0
sz300273,10986,5572,0
sh603966,2682,0,0
sz002068,1146,11334,0
sz002158,938,0,0
sz300523,0,924,0
sh603577,0,0,0
sz300121,1519,0,0
sz300002,19293,0,0
sz300457,0,759,0
sh600354,9229,41860,3679
sz300316,19161,25985,4164
sz300503,0,0,0
sz300099,10205,4914,0
sh600275,0,0,0
sh603728,0,0,0
sz300402,0,0,0
sh603811,0,0,0
sh603308,15418,2105,0
sz002119,0,0,0
sz002718,0,0,0
sh600900,13432,33630,0
sz002896,0,392,0
sh603238,505,0,0
sh600058,0,0,0
sz000839,5922,15114,0
sz002270,0,0,0
sz000975,4334,8921,0
sz002792,0,0,0
sh600594,13239,19203,2676
sz000818,3728,1500,1124
sh600975,1903,8738,3441
sh601928,0,0,0
sz300096,0,0,0
sh603116,0,0,0
sz002191,9718,1243,0
sh603168,0,0,0
sz300521,1000,0,0
sz000043,0,0,0
sh600068,11306,38720,0
sz002408,8270,4001,0
sz300515,0,0,0
sz002884,0,0,0
sz002079,11868,0,0
sh600863,0,0,0
sz000830,82477,173199,6019
sz002736,0,0,0
sh601877,2383,7355,0
sh600219,22457,58959,0
sh600896,0,0,0
sz002370,1074,0,0
sh600584,18315,19402,0
sz002174,3504,4042,0
sz002214,1800,1540,0
sz001896,0,0,0
sh600346,11397,41716,0
sz300101,5286,11922,0
sh601016,0,0,0
sh601890,0,2006,0
sh603661,0,0,0
sh603866,605,0,0
sz002346,9885,14509,0
sh600159,0,0,0
sh601882,0,0,0
sz002562,0,0,0
sz002400,3197,24211,0
sz300070,127322,66549,6495
sh603817,0,0,0
sz002822,3788,7172,0
sz300092,0,0,0
sh603108,0,663,0
sz002538,0,2975,0
sz000066,260616,246353,2235
sz002708,0,0,0
sz000752,0,0,0
sh601858,0,0,0
sz002269,4346,0,0
sz002859,0,0,0
sh600297,0,14606,0
sz002220,0,0,0
sz002333,0,0,0
sz000403,0,0,0
sz002141,0,1698,0
sz002492,0,0,0
sh600311,14208,17370,0
sz300468,824,326,0
sz000573,0,0,0
sz000166,2071,2098,0
sz300259,4577,35735,0
sz300229,697,3199,0
sz002803,0,0,0
sh600172,4900,4247,2005
sh603633,0,0,0
sh603569,0,0,0
sh600665,0,0,0
sz002728,0,0,0
sh600967,25350,12407,1107
sz002251,7051,0,0
sh603218,0,0,0
sz002261,1516,0,0
sh603588,0,0,0
sh600939,0,0,0
sh600198,0,2258,0
sh600757,0,0,0
sh603458,0,0,0
sz002041,1878,7504,0
sh601689,600,626,0
sh600850,627,587,0
sz002360,0,0,0
sz002237,6577,14771,0
sh601006,19504,43574,0
sz002878,499,0,0
sz000422,0,0,0
sh603027,0,0,0
sz002789,0,0,0
sz002534,0,0,0
sz300270,0,0,0
sh600118,1079,4758,0
sz300590,4913,28997,2145
sz000860,1000,1858,0
sz300239,0,0,0
sz300311,8841,4421,2529
sh600449,0,0,0
sh603858,1406,1354,0
sz002735,0,0,0
sh600808,3015,28054,0
sh603800,0,0,0
sh603080,0,0,0
sz300677,1907,4488,0
sh600180,0,0,0
sz300601,2699,2004,187
sz300123,43897,76350,0
sz000760,0,0,0
sh600490,15439,29967,0
sz002371,20225,26599,1122
sz002628,0,0,0
sz300654,0,0,0
sh601258,136793,350416,0
sh600860,0,0,0
sh600985,1817,1620,0
sh603663,725,0,0
sz002306,0,0,0
sz000972,0,2552,0
sh600095,11922,38749,5030
sz300041,0,0,0
sz002618,0,0,0
sz000563,0,0,0
sh600566,5649,2609,0
sz002897,1324,302,0
sz002895,0,0,0
sz300493,0,5085,0
sz300538,0,0,0
sz002051,0,0,0
sh600122,13150,2719,0
sh601212,19622,46604,0
sh600138,1103,2006,0
sh601229,2226,6900,0
sz300733,3022,1556,0
sh600628,0,0,0
sh603366,2179,0,0
sh600761,1084,1533,0
sz000592,0,5482,0
sz300433,1951,6299,512
sh603729,937,0,0
sh600468,0,0,0
sz300012,8511,19321,0
sh600812,0,0,0
sh603630,0,0,0
sz002853,0,0,0
sh603106,3970,2016,0
sh603608,0,0,0
sh601398,1208055,895827,8256
sh603722,726,0,0
sz002086,13577,15862,0
sz300550,0,745,0
sz002452,0,0,0
sh603986,10164,9793,1676
sh600683,0,0,0
sh600396,0,0,0
sz300666,4082,8778,598
sh603078,180,712,0
sh603306,0,1698,0
sh600448,0,0,0
sh600335,128180,364716,51394
sz002555,2861,11141,1088
sz300255,3730,0,0
sz300142,49449,28206,2144
sz002630,16228,9889,0
sh600826,0,0,968
sz002387,1279,0,0
sh600705,0,31795,0
sh600499,4456,16412,0
sz002805,0,459,0
sh600406,9306,8787,871
sz300730,23050,30981,2309
sh600862,0,1415,0
sz000776,10764,26159,0
sz002358,0,0,0
sh603896,0,0,0
sz000530,0,0,0
sz300321,0,0,0
sh603648,6147,38801,0
sz002917,5082,0,0
sz300703,0,0,0
sz300536,0,0,0
sz002769,1840,4130,0
sz300434,0,0,0
sh601021,405,419,0
sz002208,47662,65484,11983
sz000828,0,0,0
sh601718,0,11616,0
sh603179,797,0,0
sh600009,1050,2601,0
sh600375,2560,0,0
sz002801,0,0,0
sh603838,0,0,0
sh603028,0,0,0
sz300393,0,0,0
sz300685,1198,631,0
sh603808,0,0,0
sz002625,433,740,0
sh600587,0,0,0
sz000037,0,0,0
sh603738,432,438,0
sz002615,0,0,0
sz002847,494,0,0
sh600789,17383,13061,0
sh603506,0,595,609
sz300368,15536,0,0
sz002043,0,0,0
sz300643,0,0,0
sh600642,0,0,0
sz002348,0,0,0
sz000750,2513,0,0
sh600933,0,0,0
sh600648,0,2176,0
sh600783,2041,911,0
sz000911,0,0,0
sh600679,0,0,0
sh603535,537,1000,0
sz300163,0,0,0
sh600528,15968,4058,1061
sz002725,0,0,0
sz300430,555,0,0
sz002185,14230,23770,0
sh600169,0,0,0
sh600756,8431,7617,0
sz002871,0,0,0
sz300571,0,1372,0
sh603360,0,0,0
sh600107,0,0,0
sh600345,0,0,0
sz000859,0,0,0
sh600360,554899,356753,51083
sz000546,1591,0,0
sh600388,4643,5495,845
sh603936,0,0,0
sz002499,907,1033,0
sz300405,0,0,0
sh600606,46994,87469,0
sz300459,871,1863,0
sh603617,0,0,0
sz300623,361,768,0
sz002467,6486,4007,0
sz300437,790,0,0
sh600527,0,0,0
sz300358,0,0,0
sz002065,24080,19618,0
sh600235,0,0,0
sh600462,10220,10468,0
sz000670,8911,0,0
sz300473,377,0,0
sz002864,29946,43231,2494
sz002331,0,0,0
sh601208,0,0,0
sh603929,0,0,0
sz002478,0,0,0
sz000933,20628,19750,0
sz002429,0,0,0
sh600894,0,0,0
sz002033,0,0,0
sh600115,29301,49843,0
sz002779,575,0,0
sz300165,0,0,0
sz002381,0,0,0
sz000953,3961,2000,0
sh603029,0,1252,0
sh600288,4901,1435,0
sz002011,1468,0,0
sz000681,5105,3481,0
sh600853,0,5085,0
sh601118,84036,33468,0
sz000958,3000,0,0
sz002032,0,0,0
sh601000,0,6964,0
sz300202,894,0,0
sz300401,237,832,0
sz002729,1865,999,0
sz300169,0,0,0
sz002617,901,0,1811
sz000509,3175,7435,0
sz002613,0,0,0
sh601166,87266,113054,920
sh601808,1818,7804,0
sz002519,1631,0,0
sz300465,17508,14988,0
sh600215,3475,6659,0
sz300079,0,3329,0
sz000501,724,0,0
sh601949,0,5005,0
sz002624,9190,1310,0
sz300184,982,0,0
sz002007,15847,9962,0
sh600196,39526,79156,4225
sh601366,1000,0,0
sh600269,8738,19260,0
sh601288,1459304,1033140,0
sz300641,0,0,0
sh603331,0,0,0
sz002328,0,0,0
sz300620,501,340,0
sz002189,0,1048,0
sh601100,0,0,0
sz000919,0,0,0
sh600227,11862,6251,0
sh603177,2432,8633,0
sh600425,4505,12229,0
sz000413,42958,26476,0
sh600026,0,0,0
sz002542,3002,0,0
sz300729,550,0,0
sz002537,10966,30688,0
sh601958,1928,2276,0
sz002506,9024,2600,0
sz300190,0,0,0
sz000862,0,0,0
sh603999,0,0,0
sz000048,0,0,0
sh603165,600,569,0
sh603517,0,461,0
sz300122,7122,10592,0
sh600823,9815,13079,0
sz000881,0,0,0
sz002676,5710,4828,0
sz300087,0,2000,0
sh600383,17651,58227,0
sh600110,12369,10080,0
sh600183,22046,20565,0
sz002611,0,6530,0
sz002338,0,0,0
sh600025,38598,48206,0
sz000401,71989,30992,1733
sh600206,0,8053,1196
sz000831,5160,14302,0
sz002352,6267,2871,657
sz300258,0,0,0
sz002883,1726,4299,0
sh603136,0,0,0
sz300463,746,0,0
sh603826,0,0,0
sz002757,0,0,0
sz002653,0,1342,0
sh603939,3286,2069,0
sz300104,581508,545496,118079
sz002155,8748,16007,0
sh600243,0,0,0
sz002009,6441,1001,0
sh600088,13867,7253,2114
sh603160,0,119,0
sh600438,3715,26137,0
sh600129,0,0,0
sh600629,3631,0,0
sh601515,0,0,0
sh600501,0,0,0
sz300022,0,0,0
sz002925,639,2737,282
sz300094,0,0,0
sz300497,0,0,0
sz000040,945,0,0
sz002215,24377,2036,0
sz002152,9853,22622,0
sz002912,185,553,0
sh603319,0,0,0
sz000623,1759,3003,0
sz300126,0,0,0
sh600538,0,0,0
sh601390,9662,2622,0
sz002535,0,0,0
sz002502,0,0,0
sh600513,0,0,0
sz000852,1250,0,0
sh600461,0,0,0
sh600017,0,0,0
sh601226,0,0,0
sz002433,0,0,0
sh600319,1500,0,0
sz002474,27579,14016,0
sh600015,5831,6034,0
sh600497,5380,22261,0
sz002290,1205,0,0
sz002081,1021,1935,0
sz300507,735,0,0
sz002777,344,467,0
sz300655,0,489,0
sh600775,0,0,0
sz300065,11182,1486,0
sh603898,354,0,0
sz002773,244,0,0
sz000062,0,0,0
sh603002,0,0,0
sz000977,231824,192319,16262
sz300631,6529,9148,0
sh600834,0,0,0
sz002133,0,0,0
sz300439,1385,0,0
sz000608,0,0,0
sz002634,0,0,0
sz002101,0,0,0
sz002620,0,0,0
sh600778,0,0,0
sh600848,2960,3410,447
sz300715,5891,8541,311
sh600926,11745,1960,1124
sh600195,0,1198,0
sz002150,0,0,0
sh603580,0,356,0
sh601086,14547,26219,1940
sz002037,0,0,0
sh601177,0,0,0
sz300033,2970,2759,0
sh601929,21877,0,0
sh603326,1002,0,0
sz002762,0,0,0
sz000925,5428,6939,871
sz000898,0,18573,0
sz300201,0,0,0
sh600237,0,0,0
sz300403,0,0,0
sh600510,0,0,0
sz300326,0,0,0
sh600064,0,0,0
sz300073,8662,3954,0
sh600851,0,0,0
sz300561,255,0,0
sh600136,12584,12906,0
sz002842,0,0,0
sz000555,35002,63668,9292
sz002783,0,0,0
sz300648,0,263,0
sz002589,18518,15713,1521
sz002824,851,1541,0
sh600581,2569,6155,0
sz002905,2321,677,0
sz300343,0,0,0
sh600420,0,1040,0
sz002858,0,324,0
sh600630,0,3812,0
sz002688,0,0,0
sh603006,0,0,0
sz000915,1930,3855,0
sh603499,537,807,0
sz300072,2222,7635,0
sh600310,0,0,0
sz000719,0,0,0
sz002430,1800,1809,0
sh603328,0,0,0
sh600664,0,0,0
sz002092,9443,5717,0
sh600803,0,2000,0
sz300247,6767,2163,0
sh601231,0,1839,0
sz300385,0,0,0
sz300168,40059,44095,0
sh603385,0,0,0
sz002057,0,0,0
sh603380,3330,6194,1159
sh603607,0,0,0
sz002458,1414,1578,0
sz002023,46111,30138,2766
sz300191,0,0,0
sh600717,2154,0,0
sz300181,7342,58034,0
sz002648,1110,2512,0
sz002469,0,0,0
sh600690,87438,120654,7138
sz300192,3137,2000,0
sz000737,0,0,0
sz002456,44310,44246,4045
sz002090,0,1381,0
sz000861,0,0,0
sh600721,9105,1067,0
sz002475,17154,12407,0
sz000693,0,0,0
sz300296,16282,23097,0
sz002028,0,737,0
sz002594,101457,66205,8903
sz002056,4232,10088,0
sz300695,0,0,0
sz300245,0,0,0
sh603313,0,0,0
sz002483,0,2314,0
sz002425,0,0,0
sz300612,1929,6768,503
sz000923,2545,546,0
sz000411,0,0,0
sz002796,0,0,0
sz300015,1422,6954,0
sz300436,0,6181,0
sz300160,2001,0,0
sh600439,6121,6503,0
sh600837,23207,54056,1305
sh600391,3629,658,0
sz002144,0,0,0
sh600696,0,0,0
sz002125,0,0,0
sh600259,0,1902,0
sh603167,0,0,0
sz002551,0,0,0
sh600371,2216,1804,0
sz002062,0,0,0
sh600843,0,0,0
sz300567,1492,571,100
sz300427,1698,1408,0
sz300723,554,786,0
sh600712,0,0,0
sz300340,226,320,0
sz300082,0,0,0
sh603737,0,0,0
sh600879,22158,32848,0
sz300166,29675,16230,3166
sh600781,0,0,0
sz300707,413,2475,201
sz002253,668,593,0
sz300525,0,1530,0
sz000888,0,1279,0
sh601678,4581,27539,0
sh600521,5549,5410,0
sh603899,2209,4007,0
sz002902,0,768,0
sz002556,0,1599,0
sz002791,0,0,0
sz300660,0,193,0
sz300501,0,0,0
sz300215,3246,0,0
sz300379,2370,1058,0
sh603990,303,1558,0
sz002392,0,0,0
sz000042,0,0,0
sz002165,0,0,0
sh600489,108674,95259,0
sz002679,0,1002,0
sh600873,10137,17324,0
sh600284,0,0,0
sh603519,842,0,0
sz002054,4418,0,0
sz300274,26163,6324,633
sz300645,3316,297,0
sh603358,0,0,0
sz300600,1835,350,0
sh600893,49862,26361,426
sz002369,1315,1500,0
sz300595,0,0,0
sz300237,0,0,0
sz002683,0,0,0
sz002841,184,252,0
sz000851,21947,30848,5163
sz002179,9858,7392,0
sz300373,4653,6023,381
sh600802,0,2000,0
sz300363,0,1000,0
sz002039,759,805,0
sz300487,0,4554,0
sz300351,0,0,0
sz300328,2469,1000,0
sz300118,0,0,0
sz300535,0,0,0
sh600550,2007,0,0
sh600292,0,1758,0
sz300388,1074,0,0
sz300069,3567,0,0
sz000726,0,0,0
sz300611,0,3156,0
sh603889,0,0,0
sh603001,0,0,0
sz300653,287,0,0
sz002004,0,5237,0
sz000421,0,0,0
sz300679,119,125,0
sh603855,0,0,0
sz002166,1121,0,0
sz002598,0,0,0
sh600963,0,0,0
sh600727,1063,1400,0
sz002031,0,0,0
sh603912,1891,1801,0
sh600992,0,0,0
sh603703,0,0,0
sz000633,0,0,0
sh603677,0,0,0
sz000903,0,16958,0
sz002898,28703,37507,2331
sz300458,27319,11292,553
sh603043,0,0,0
sz000826,2426,1310,0
sh603926,912,0,0
sz000017,0,0,0
sh603303,0,0,0
sh603958,930,0,0
sz300718,250,264,0
sz000595,0,0,0
sz300042,0,0,0
sz300556,9048,1186,868
sz000821,0,0,0
sh600039,9025,15693,0
sz000728,0,3532,0
sz002442,0,0,0
sh600876,0,0,0
sh600225,0,0,0
sz300001,0,0,0
sh600152,0,0,0
sh601128,11718,4025,0
sz300149,7477,7954,0
sh600708,5817,0,0
sh603727,0,0,0
sh600901,95973,74488,8127
sz002131,34578,125884,0
sz002233,3269,1018,0
sz000590,0,0,0
sz002606,1256,4051,0
sh600643,0,0,0
sz300315,52975,87152,5949
sz000985,0,813,0
sh600487,11928,21165,1145
sz300008,1478,1779,0
sz002825,0,0,0
sh603819,0,0,0
sz300327,1996,0,0
sz000408,0,0,0
sz000607,0,0,0
sz002192,834,490,0
sh603980,0,0,0
sz002761,0,0,0
sh600363,0,3942,0
sz300498,8606,8295,529
sz000615,102630,93509,2963
sz000503,8459,9770,741
sh603679,0,0,0
sh600702,1650,5572,0
sh600720,6213,7547,0
sh600291,10416,7639,0
sz300179,0,0,0
sh601113,11262,0,0
sh601333,4494,20118,0
sz000951,0,0,0
sz000716,0,0,0
sz000816,38120,54748,0
sz000677,0,0,0
sh603336,23286,52051,5228
sh600050,161722,142539,2029
sz002887,1224,1779,0
sz300604,199,462,0
sz002025,30037,18795,436
sh601628,5101,4809,0
sz002443,0,0,0
sh603012,0,0,0
sz002378,0,0,0
sz000820,117961,233929,17198
sz002359,0,1621,0
sh603399,3757,2026,0
sz300059,274632,349167,18606
sz002078,11271,11321,0
sz002597,2330,4987,0
sz000402,1029,5011,0
sz300700,893,1828,167
sh600149,0,0,0
sh601328,194593,187380,0
sz000513,3000,10385,0
sz300432,659,0,0
sz000968,0,2001,0
sz300629,0,1115,0
sh600744,0,0,0
sz300416,0,0,0
sh603901,0,0,0
sz000504,0,474,0
sh600969,0,0,0
sh603879,0,0,0
sz300309,0,0,0
sh600622,0,0,0
sh603069,1982,3597,0
sh600089,4755,7005,0
sh600593,0,0,0
sh600397,0,0,0
sz002036,864,1540,0
sz300621,0,0,0
sz000690,0,1295,0
sz000045,0,4601,0
sh603363,4798,4585,0
sh603988,0,600,0
sz300143,0,441,0
sz300129,0,0,0
sz002734,0,464,0
sz000989,603,3779,568
sz300652,400,0,0
sh603725,745,0,0
sh600623,1348,4965,0
sh600435,20274,22296,3060
sz000729,0,5265,0
sz300579,489,1034,740
sz002652,0,16262,0
sz000987,2164,0,0
sz300217,0,0,0
sz300678,2600,1002,1352
sz300397,1904,0,0
sz300440,0,0,0
sh600678,0,0,0
sh600403,0,0,0
sz300097,0,518,0
sh600898,0,0,0
sh600302,0,0,0
sh600892,0,0,0
sh600316,2133,19406,0
sh600884,17757,8811,909
sh600103,3568,0,0
sz002528,0,0,0
sh603315,0,0,0
sz002614,0,0,0
sz002817,0,0,0
sh603183,0,0,0
sz002410,35060,20442,0
sz002466,25154,32749,2587
sh600509,0,0,0
sz002552,0,0,0
sh603367,13624,11149,0
sz300119,0,0,0
sz300684,3027,4024,601
sh600276,46863,49055,5558
sz000756,0,0,0
sz002248,0,0,0
sh603368,730,1253,0
sh600395,0,4152,0
sz002570,2500,0,0
sh600378,1011,1448,0
sz300114,8237,953,0
sz002911,756,0,0
sz002666,4158,8344,0
sz000810,0,0,0
sh600048,221869,269371,19853
sh600764,1747,1514,0
sz002409,1228,2921,0
sh600035,0,3903,0
sz300068,4379,2842,0
sz300164,0,0,0
sz000584,0,0,0
sh600543,0,0,0
sh603922,0,0,0
sh600308,2816,1777,0
sz000652,2402,9619,0
sh601985,3631,19007,0
sz002071,3210,0,0
sz300248,826,0,0
sz300132,0,0,0
sh600599,0,0,0
sz300176,1527,655,167
sz000005,5565,0,0
sz000755,0,0,0
sz002374,0,0,0
sh600055,0,3321,0
sh603020,0,0,0
sh603005,0,825,0
sh600101,5751,0,0
sz300453,987,0,0
sz002265,8852,27286,1532
sh603516,5859,8831,377
sh600486,1428,2466,0
sh600444,0,0,0
sz300035,0,0,0
sz000520,5000,7500,0
sh603909,0,0,0
sh600380,9145,8388,0
sz300109,1304,1047,0
sh603885,0,0,0
sh603658,1027,1210,0
sz300587,0,0,0
sz002909,0,0,0
sz002091,2070,7354,0
sz000417,0,0,0
sh600336,0,0,0
sz300736,885,0,0
sz002476,0,13268,0
sz300045,1942,1006,0
sz002623,0,0,0
sh601828,0,2525,0
sh600111,12168,59672,0
sh600675,0,0,0
sz002217,0,10802,0
sh603789,0,0,0
sz002267,0,0,0
sz002732,0,0,0
sz002503,0,0,0
sz000510,0,0,0
sz300472,0,0,0
sz000957,0,0,0
sh603709,0,0,0
sz002477,40563,17156,0
sz300310,33951,11651,998
sz000998,8859,11508,0
sz002714,2187,2823,0
sz300719,38319,30591,11327
sz002557,0,0,0
sh601009,67209,52171,0
sz002836,0,0,0
sz002488,2012,1016,0
sh600070,0,0,0
sh600242,2546,799,0
sh603906,0,1229,0
sh600167,520,0,0
sz000959,0,0,0
sz300546,890,476,0
sz300318,0,0,0
sz300689,0,0,0
sz300584,0,0,0
sz000423,384,1703,0
sh601600,326735,519626,0
sz000700,0,0,0
sh600421,0,0,0
sz300382,0,0,0
sh603056,1996,0,0
sz300289,5902,1107,0
sz300520,4350,984,2057
sh600478,0,0,0
sz002145,2603,0,0
sh600615,0,0,0
sz300488,0,0,0
sz002160,0,0,0
sz300267,0,13786,0
sz002852,0,628,0
sz002026,0,0,0
sz002180,426,0,0
sh600019,66800,64906,0
sh601878,875,0,0
sz002406,0,2350,1806
sh600146,1560,9163,0
sh603586,0,0,0
sz000059,1510,11551,0
sz300174,0,0,0
sz300522,3008,4831,0
sz002223,35154,26716,1628
sh601800,867,1991,0
sz002176,32474,69946,0
sh603878,604,1085,0
sz002758,0,0,0
sh603086,0,0,0
sz000544,0,0,0
sh600750,500,0,0
sz002927,21586,16335,2021
sh603039,248,107,0
sz002012,3571,20989,0
sh601318,553896,629854,70806
sh600776,0,0,0
sz000833,0,0,0
sz002684,0,0,0
sh600895,0,3653,0
sz002074,0,7922,0
sh603767,0,0,0
sh600273,7744,1792,0
sh600348,19313,43012,0
sz300043,0,0,0
sz300562,650,2484,0
sz000418,2924,2530,0
sz000999,7225,3180,0
sz002324,0,0,0
sz002405,226127,172728,20516
sh600317,0,0,0
sh600558,0,2010,0
sz002266,15688,10760,0
sz002586,0,1395,0
sz002530,0,0,0
sz300489,777,0,0
sz002616,0,0,0
sz002703,0,0,0
sz300349,647,1782,0
sz002752,0,0,0
sh600596,3228,7709,0
sz002285,9403,2291,0
sz300526,0,0,0
sh600278,1000,0,0
sz000837,0,0,0
sh600279,0,0,0
sz002497,27144,55031,0
sz002840,0,300,0
sz002094,503,0,0
sh600150,17039,23914,2256
sh600561,0,1297,0
sh601311,0,1985,0
sh600793,0,0,0
sh600208,67027,65421,0
sz002095,4991,4437,0
sh603019,69735,56501,12544
sh600323,0,0,0
sh601199,0,0,0
sz000935,32774,41530,7526
sz300029,0,0,0
sh600109,0,14234,0
sh600676,0,1773,0
sz300475,0,0,0
sz300075,17918,5919,0
sh600724,0,0,0
sz300048,0,0,0
sz002870,0,494,0
sh603131,0,0,0
sh603559,5920,3892,0
sz000751,0,2357,0
sz300461,0,0,0
sh603007,1098,1673,0
sz300708,4447,2517,0
sz002097,0,0,0
sh601139,0,0,0
sz002512,6156,13054,0
sz300619,0,0,0
sh603085,0,0,0
sz000777,788,0,0
sh600127,0,0,0
sz000528,2709,13333,0
sz002453,0,0,0
sh600694,546,0,0
sh600479,0,0,0
sz002286,0,0,0
sh600104,34658,55532,2183
sz002422,4861,5860,404
sh600636,0,907,0
sh603839,0,0,0
sz002533,0,0,0
sz000338,15414,30409,0
sz002846,0,0,0
sz002343,955,0,0
sz002289,0,0,0
sz002087,0,0,0
sh600187,19816,61148,0
sh600600,2383,3009,0
sh603877,0,0,0
sh600106,0,0,0
sz300688,11468,20853,5128
sh600207,7660,16582,0
sz002099,0,2159,0
sz002281,9949,14740,604
sz002262,1473,2766,0
sh603416,0,0,0
sz000887,2163,2537,0
sh600200,0,0,0
sh603223,0,698,0
sh600616,0,0,0
sz300150,1873,2159,0
sz000012,0,1402,0
sh600220,0,6070,0
sz002236,17194,28006,656
sh600057,0,0,0
sz000662,0,0,0
sz002156,11710,5565,1353
sz002747,0,0,0
sz000150,0,0,0
sz002558,0,329,0
sh600726,0,0,0
sz300350,0,0,0
sz300345,2199,3336,0
sz002674,0,0,0
sh600830,0,1850,0
sh601188,0,0,0
sz300188,18497,25740,5375
sh600663,0,569,0
sz002587,0,5011,0
sz300133,2612,14214,0
sh600875,0,1207,0
sz002089,0,0,0
sz300540,0,0,0
sh600903,17594,18440,4445
sz002561,0,1230,0
sh600376,0,0,0
sz300640,0,0,0
sz000007,0,0,0
sz300394,0,0,0
sz300193,0,0,0
sz000050,1765,2558,0
sh600677,3276,9401,0
sh600252,5000,5525,0
sz002172,0,0,0
sh600825,0,0,0
sz300044,683,3772,0
sh600847,0,0,0
sz002496,0,0,0
sz000591,0,0,0
sz002753,0,0,0
sh603699,698,0,0
sh603128,1447,0,0
sh603505,0,1965,0
sz002438,0,0,0
sz300242,3646,0,0
sh603568,0,0,0
sh601567,0,0,0
sh603976,0,0,0
sz000791,0,2583,0
sh603860,429,562,0
sh600240,3050,0,0
sh600667,1494,5447,0
sz002334,5060,0,0
sh603668,0,0,0
sz002689,0,0,0
sz000809,0,0,0
sz300141,0,0,0
sh600370,0,0,0
sz300589,735,0,0
sz000759,0,4128,0
sz000559,0,0,0
sh600990,1391,1300,0
sz002247,2535,787,0
sz300021,4082,0,0
sz002807,10481,13643,3318
sz002595,0,0,0
sh600722,0,0,0
sz000060,2946,11451,0
sz300478,267,315,0
sz000004,0,0,0
sz002055,1377,2794,0
sz300106,0,0,0
sh600305,0,1121,0
sh603305,2139,3313,976
sh600199,0,0,0
sz002550,12734,1874,0
sz002637,0,0,0
sz002826,0,0,0
sz300286,0,0,0
sh600533,0,0,0
sh603711,0,0,0
sh600986,2983,0,0
sz002923,2426,2984,0
sz000807,22623,37346,0
sz002014,0,0,0
sh600738,0,0,0
sz300732,0,275,0
sz002781,0,0,0
sz002418,2000,0,0
sz300335,1601,726,0
sz002712,0,0,0
sz300483,0,0,0
sz300532,2425,2251,0
sz300098,55570,21931,1004
sz002126,0,12730,0
sh601968,0,0,0
sh600132,0,725,0
sz000586,0,0,0
sz002038,2742,7358,0
sh600299,1866,0,0
sz000089,0,6717,0
sz300717,1035,307,0
sz000006,1442,0,0
sz300547,0,0,0
sh600639,0,0,0
sh600209,73564,25756,1238
sz000565,0,0,0
sz002877,13214,20799,0
sz002373,11310,7328,2048
sz001979,11725,20408,0
sh600859,3335,2432,0
sz000667,0,17451,0
sh600155,3353,0,0
sz002100,0,0,0
sh600121,0,0,0
sz002199,0,0,0
sz000488,9111,15839,0
sz300609,1479,575,0
sh603283,0,0,0
sh600266,2374,2017,0
sz002045,0,5084,0
sz000524,0,0,0
sh601106,0,6343,0
sz000601,2097,0,0
sh600817,0,0,0
sz300107,44154,154430,6832
sz300153,0,0,0
sh600984,0,1958,0
sh601028,0,1336,0
sz000537,826,956,0
sh601011,8792,12751,0
sz000055,0,5421,0
sz300342,0,772,0
sh603278,0,0,0
sz300263,0,0,0
sh600551,981,925,0
sz002746,0,0,0
sh601636,17308,29307,0
sz002460,87415,85840,11803
sz300354,920,0,0
sz000409,0,0,0
sz300696,13208,23279,3596
sz002001,8999,14222,307
sz002915,1369,928,391
sh603258,0,0,0
sz002629,0,0,0
sz002816,0,0,0
sh603181,0,0,0
sz002435,0,0,0
sz000407,3767,0,0
sh600233,0,1512,0
sz300306,894,1547,0
sz300549,2027,532,0
sz002733,0,970,0
sh603026,0,0,0
sz300019,0,0,0
sh600178,0,0,0
sh600621,21327,34580,4746
sz002901,1629,1519,704
sz000819,0,2925,0
sz300460,0,0,0
sz002700,0,0,0
sz000938,4784,4305,0
sz002819,0,0,0
sz002226,5137,8987,0
sh603555,5051,1579,0
sh603757,0,0,0
sz000650,0,0,0
sh603689,0,0,0
sz002774,0,0,0
sh603900,463,400,0
sz300530,519,4264,0
sz300456,1521,300,0
sh600216,2226,5525,0
sh603813,0,523,0
sz000895,5318,11665,1192
sh601222,1439,0,0
sz002118,87141,37831,9396
sz300189,50292,120184,0
sz002631,0,0,1136
sh600016,76069,68187,0
sh603389,0,0,0
sz300147,1564,0,0
sh603660,2123,1841,0
sh600522,21797,27596,0
sz000678,0,0,0
sz002698,0,0,0
sz002255,0,1661,0
sz002490,0,0,0
sh600996,0,0,0
sz002681,3483,0,0
sz000659,0,4584,0
sz300017,146109,99828,9201
sz002636,0,0,0
sz002582,0,2324,0
sh603639,0,0,0
sz300233,0,0,0
sh603683,549,0,581
sh603111,2500,2020,0
sh603016,0,0,0
sz300438,0,500,0
sh600723,0,0,0
sz002137,20908,27444,3158
sz002278,0,888,0
sz002690,0,0,0
sh601008,0,0,0
sh600184,0,0,0
sz300064,15537,8633,0
sh600715,3862,6547,0
sh601010,0,0,0
sz002416,0,0,0
sz300167,0,0,0
sh600100,19140,23315,1064
sh600295,0,2644,0
sh603488,0,828,0
sz002330,0,0,0
sh600379,0,0,0
sh603883,5092,2591,0
sz002891,0,0,0
sz000978,0,0,0
sh600746,0,0,0
sh600582,0,17896,0
sz002069,0,4000,0
sz002149,1181,1865,0
sz002279,10381,4233,0
sz002727,38083,41584,5088
sz300686,440,1852,0
sz300224,0,0,0
sz300370,6528,23519,5471
sz002577,0,697,0
sz300485,489,339,0
sz300313,0,0,0
sz002670,669,802,0
sh600583,1936,10428,0
sz300013,0,0,0
sh603638,0,300,0
sz300331,0,0,0
sh601801,0,1167,0
sh600685,4844,20062,0
sh601699,34806,55189,1115
sz300159,37242,33559,2302
sz002908,2825,1511,0
sz002818,0,0,0
sh600770,0,0,0
sh600458,0,0,0
sz002778,0,0,0
sz002531,0,0,0
sh600182,0,0,0
sh603025,0,374,0
sz002741,0,0,0
sh603300,0,0,0
sh600508,0,6778,0
sh603277,0,0,0
sh601866,0,5000,0
sh600821,0,0,0
sh600230,517,3091,0
sz002297,0,22513,0
sz000792,4018,24433,0
sz300241,0,0,0
sh603357,0,617,0
sz300445,0,0,0
sz300199,0,708,0
sz300484,0,0,0
sh600758,2870,0,0
sz002088,0,1799,0
sh603928,0,856,0
sz000695,0,0,0
sz002277,0,0,0
sh603977,715,944,807
sh600836,0,0,0
sh603298,780,0,0
sh600410,17505,28533,0
sz002415,105680,107783,9573
sh600436,3520,5685,154
sz002393,0,0,0
sh603077,5973,6866,0
sz002585,3202,0,0
sh601168,1768,6969,0
sz002541,0,0,0
sz002602,0,756,0
sh601608,4751,0,0
sz002337,0,0,0
sh600000,8827,14243,0
sz002379,0,0,0
sz000016,6933,9886,0
sz300512,0,0,0
sz300304,0,0,0
sz002154,0,7445,0
sz002201,0,0,0
sh603918,0,0,0
sz300470,333,0,0
sz000802,0,0,0
sh600864,0,0,0
sh603606,0,0,0
sh601727,0,13407,0
sh603803,0,0,0
sh603993,360264,424462,18701
sz300420,0,3936,0
sz300492,0,0,0
sz000032,0,1368,0
sh600143,1727,10248,0
sh603118,0,9306,0
sz300322,2320,12190,0
sz000698,2361,2050,0
sz002494,0,0,0
sz002487,0,0,0
sz002889,0,0,0
sh601326,3837,5225,0
sz002295,0,0,0
sz002868,0,0,0
sz002495,0,0,0
sh600332,5743,11113,0
sz000011,0,0,0
sz002411,1854,0,0
sz300226,21574,27575,5116
sh600496,0,0,0
sz000078,19202,7781,0
sh603528,0,3711,0
sh603766,9554,3702,0
sh603686,0,0,0
sz002693,0,0,0
sz000538,1000,3142,0
sz002227,0,608,0
sz300658,600,0,0
sz300020,8374,3501,0
sz000877,1085,1991,1082
sz300277,0,0,0
sh600771,1093,829,0
sz002232,0,0,0
sz002383,2676,3132,0
sh600511,1605,931,0
sz002798,0,0,0
sz300462,1422,1262,1295
sz002569,22210,38712,3396
sz002015,0,0,0
sz002350,0,0,0
sz002124,0,4497,0
sz002377,0,0,0
sz000811,0,0,0
sz000909,0,0,0
sz300058,27510,26087,0
sz002780,0,0,0
sh600099,0,0,0
sz002621,0,0,0
sh600557,0,0,0
sz000717,12785,11055,0
sh600061,7839,1234,0
sh600248,0,0,0
sh600173,0,0,0
sz300676,5783,1850,372
sh600697,0,0,0
sz300025,0,0,0
sh600362,8915,26489,0
sz002335,0,0,0
sz002461,7534,15689,0
sh600365,0,1500,0
sh600004,3727,6148,0
sh600011,5076,5546,0
sh601881,18731,14623,0
sz300428,609,0,0
sh600801,2210,4396,0
sh600313,11133,21085,0
sz300511,0,0,0
sz002645,0,0,0
sz000883,2500,0,0
sh603501,2569,7233,297
sh600074,0,5249,0
sz000960,15444,22435,0
sh600718,24212,22609,0
sh603030,0,1815,0
sh600769,0,0,0
sz002527,0,0,0
sh600936,34841,6974,0
sh600422,159472,136132,13095
sz000921,0,0,0
sh600651,0,0,0
sz000948,4372,1500,0
sz300074,0,0,0
sh600020,0,3211,0
sz300050,1352,4438,0
sz300183,0,1763,0
sz002574,0,0,0
sh600966,0,6626,0
sz000545,0,2367,0
sz002603,3945,3425,0
sz002424,7999,4966,4043
sh600018,13542,28985,0
sh600660,10844,21094,1039
sz300329,0,0,0
sh600213,1951,0,0
sh600999,4198,701,0
sh603233,2147,3376,0
sz002017,10952,16476,1639
sz300095,0,0,0
sh603090,0,0,0
sh600828,1650,0,0
sh600590,2238,1122,0
sz000622,0,0,0
sh600604,1863,0,0
sh603110,0,0,0
sz000657,0,0,0
sz300284,0,0,0
sz000155,3118,18964,0
sz300287,27814,17331,0
sh603833,348,993,0
sz300727,3002,1185,0
sz002888,0,0,0
sh601607,21390,16709,0
sh603599,0,0,0
sh600085,6439,7301,331
sh600217,0,0,0
sh600792,14415,10719,0
sz300369,15109,3943,0
sz002390,81480,56731,8334
sz300305,0,0,0
sh603208,300,0,0
sz000669,0,0,0
sz000910,0,500,0
sz002351,44827,31367,6226
sz300424,11705,6533,0
sh600287,0,0,0
sz002117,0,786,0
sh603500,0,0,0
sh600312,0,0,0
sh600507,10295,12601,788
sz002444,0,0,0
sz000718,4500,0,0
sz300348,0,2465,0
sz002724,0,0,0
sh600409,7190,21637,0
sz002797,11942,32021,0
sh600881,0,32413,0
sz002500,1558,10149,0
sz300124,7221,11699,297
sh600638,0,0,0
sh600725,0,0,0
sz300308,490,381,0
sh603938,1048,323,0
sh603829,0,785,0
sh600829,0,0,0
sz002821,1211,1274,0
sz002447,11957,5788,0
sh600872,13201,11022,0
sz002505,16967,38200,0
sh600563,0,0,0
sh600589,0,2812,0
sz000628,0,3404,0
sz300583,402,6771,0
sz002319,787,0,0
sh601939,489024,509801,1432
sz300634,0,0,0
sz000570,0,0,0
sh601999,0,0,0
sz002845,1367,0,0
sz002885,0,0,0
sz000785,0,0,0
sz000410,6629,19008,0
sz300378,1795,4191,0
sz000519,9296,32063,0
sz002064,3400,5332,0
sz002723,0,0,0
sz002472,0,0,0
sz000965,0,2000,0
sh600162,4480,4694,0
sh600871,0,0,0
sh603533,10165,12504,194
sh600620,0,0,0
sh600815,0,0,0
sh600531,4906,7410,0
sz300355,35467,18189,0
sh600021,4349,0,0
sz000963,7198,10588,1021
sz000886,47071,59443,2389
sz002547,129363,39981,0
sh603809,0,0,0
sz300706,137,613,0
sz002362,2164,1183,0
sh600482,3260,5293,512
sz300672,7484,7732,787
sz002454,0,800,0
sh600822,1453,0,0
sz300195,815,0,0
sz002640,4322,1826,0
sz002571,0,0,0
sh600433,0,0,0
sz000982,0,0,0
sz300529,1948,1648,0
sz002275,0,0,0
sh600361,0,0,0
sz000970,9242,31182,0
sh601700,0,13479,0
sh603388,0,0,0
sh600114,0,627,0
sz300451,4736,2980,2623
sz300057,0,0,0
sh603226,0,0,0
sh600833,0,0,901
sh603787,0,0,0
sh600455,0,0,0
sz002063,16886,5533,0
sz300613,0,90,0
sz002922,2657,3629,356
sz000552,0,3010,0
sh600063,0,0,0
sz002913,0,829,0
sz000548,0,0,0
sz300264,0,0,0
sz300443,0,0,0
sz002175,15715,5855,0
sz000789,10881,11814,980
sz002341,3290,3754,571
sh600548,0,0,0
sh603585,0,0,0
sh600570,217871,194969,27037
sz300182,7140,25321,0
sh603117,0,0,0
sh600661,0,0,0
sz000596,438,1365,0
sz000995,0,0,0
sz002024,112936,133163,5028
sh600247,0,0,0
sh601169,12233,8225,0
sz000088,0,1776,0
sz300256,1565,0,0
sh600819,0,0,0
sz002522,16170,7175,0
sz300398,727,3207,0
sz002707,0,860,0
sz300346,1319,0,0
sh600166,52480,35410,0
sz300480,0,0,0
sz000990,0,0,0
sh601003,6217,3790,0
sh600567,18838,39140,0
sh600333,0,2417,0
sh600483,0,0,0
sh601952,4920,22240,0
sh600359,0,12645,0
sh600329,0,990,0
sz300175,3784,0,0
sh603908,0,0,0
sh600691,3176,14305,0
sz300314,0,0,0
sh603042,0,0,0
sz002755,0,0,0
sh603701,0,0,0
sz300052,6434,1105,0
sh600796,0,0,0
sh601012,17537,33047,676
sz002129,68306,145972,6181
sh603037,0,0,0
sz300332,13950,24870,0
sz000927,0,0,0
sh600749,0,0,0
sz002486,0,0,0
sz300156,223337,222376,16024
sh600283,0,0,0
sh600339,0,2554,0
sz300232,0,0,0
sh603050,0,0,0
sh600537,0,0,0
sz002287,0,0,0
sz300276,0,0,0
sh601015,0,0,0
sz002668,5662,3910,0
sz002304,4663,6056,428
sz002709,1423,4146,0
sh603637,0,0,0
sz002717,9989,5951,367
sz002157,5050,8314,0
sz002298,0,0,0
sz002567,0,0,0
sz300739,263,708,0
sh600650,0,0,0
sh603880,0,0,0
sz300585,0,0,0
sz000731,0,4975,0
sh601098,0,819,0
sz002344,0,1665,0
sz300669,1233,3055,0
sz002108,9380,2655,0
sz300324,7791,8874,2428
sh603008,0,0,0
sz002879,0,0,0
sz300364,35561,19401,2265
sz300023,0,0,0
sz002356,0,0,0
sz000692,0,0,0
sz000025,1583,614,0
sz002107,0,0,0
sh603578,8103,8795,2811
sz300421,2094,900,0
sz000672,8056,9168,0
sh600059,1600,0,0
sz300500,0,0,0
sz002867,298,0,0
sz000505,1469,0,0
sh603605,519,1059,0
sh603098,0,0,0
sh600578,0,0,0
sz300479,3782,1092,0
sh600891,0,0,0
sh600459,675,589,0
sz002066,0,0,0
sz000612,0,0,0
sh601900,0,0,0
sh601965,0,0,0
sh603933,1002,1821,291
sh600698,6719,20665,0
sz002514,2351,0,0
sz000922,0,0,0
sh600056,453,1588,0
sh600737,4934,8292,0
sz300297,3892,0,0
sz002899,0,0,0
sh600958,1256,3070,0
sh600036,199346,221080,14914
sh603557,2540,1628,0
sh600415,2506,16236,0
sh600810,1368,4266,0
sh601137,0,0,0
sz300737,3554,875,0
sh600745,1428,3061,540
sz002482,0,5104,0
sz002900,0,594,0
sz002581,0,1642,0
sz002109,1625,1726,0
sz000557,6106,0,0
sz002673,1159,2846,0
sz300731,899,1004,0
sh600540,0,0,0
sz002244,16731,7281,0
sz002050,24090,48396,0
sz002321,34285,51035,0
sh600171,5953,6237,0
sz002832,0,0,0
sh600373,3357,1152,0
sz002882,0,828,0
sh603377,0,0,0
sh600079,4477,11011,0
sz002299,0,998,0
sh600072,4301,4123,0
sz002394,0,0,0
sz002675,1103,3641,0
sz002402,4105,2271,0
sz300231,14257,17446,1355
sz000404,0,0,0
sh600671,0,0,0
sh600686,0,808,0
sh603228,0,0,0
sz300010,11623,0,0
sh601005,0,0,0
sz000691,0,0,0
sz300084,0,0,0
sz002440,2583,7997,0
sz300108,0,0,0
sz300155,0,0,0
sz300055,4331,815,0
sh603816,193,171,0
sz002465,18619,8762,0
sz300543,1120,12417,0
sz000993,0,6173,0
sh600028,336123,387634,12893
sz300246,0,1851,0
sh600223,0,0,0
sz002388,0,0,0
sh600523,0,1672,0
sz000899,0,0,0
sz000720,0,0,0
sh603333,0,0,0
sz000632,0,2000,0
sz300649,12590,4023,0
sh600626,0,0,0
sz002197,0,0,0
sh603316,0,0,0
sh603566,0,0,0
sh600466,3453,2090,1215
sz300234,0,2619,0
sz002364,0,0,0
sz000585,3035,0,0
sz002511,0,918,0
sz002044,3326,12823,1553
sz002019,16681,19544,2540
sh603017,0,0,0
sz300633,340,351,0
sz002040,0,0,0
sz300495,8274,0,0
sz002271,7576,9605,636
sz300268,0,8020,0
sz300299,0,0,0
sz300534,0,0,0
sh603698,0,0,0
sh601377,4527,1664,0
sh600258,501,4606,0
sh600249,0,0,0
sh603320,0,0,0
sz002588,0,0,0
sh600377,0,0,0
sh600529,0,0,0
sz300333,3037,1382,0
sz300644,255,0,340
sz300365,0,339,0
sh600293,1600,0,0
sh600031,44629,128778,0
sz300203,12752,11908,769
sz002361,10203,10190,6301
sz002903,1463,0,0
sz002061,3622,801,0
sh601798,0,0,0
sz300726,0,32372,0
sz002759,0,0,0
sh600858,0,0,0
sz300541,1903,903,393
sz002134,0,0,0
sh600835,0,1012,0
sh603035,700,0,0
sz000901,7085,5266,0
sh600695,0,0,0
sz002399,1252,0,0
sz002317,21802,5425,0
sz002686,0,0,0
sz000713,0,1488,0
sz300466,0,0,0
sz002565,0,0,0
sh600703,46664,78030,2944
sz002600,5896,5129,0
sh601019,8728,40075,0
sh603268,0,0,0
sz300412,0,9061,0
sz000876,0,19524,0
sz002396,12475,18582,0
sz002856,0,0,0
sz300531,656,1278,0
sh603768,0,0,0
sh603203,0,0,0
sz300709,0,300,0
sh600573,2367,0,0
sh600804,2314,10640,0
sh603081,31823,46655,3981
sz002470,8776,5608,0
sz000758,0,0,0
sz300452,0,0,0
sh600428,0,0,0
sh600078,0,0,0
sh600998,14430,8406,0
sh600130,1848,0,0
sz300014,1931,8154,0
sz300682,31414,57233,7824
sz000039,2324,4241,0
sh603979,0,1201,0
sz300257,0,0,0
sz002284,0,0,0
sz300221,2414,3134,0
sz002890,0,0,0
sz002231,0,0,0
sz300566,0,0,0
sz002187,0,0,0
sh601519,0,0,0
sz002536,1706,0,0
sz000790,3857,5314,0
sz000631,0,0,0
sh601179,0,5005,0
sz300712,0,0,0
sz300390,82952,83136,12373
sz002876,662,417,0
sh600135,12101,15495,0
sh601339,0,0,0
sz002548,0,0,0
sz300554,0,0,0
sh603378,0,0,0
sz300222,3441,3209,486
sh603609,0,1758,0
sh600170,6639,9962,0
sh600637,1563,0,0
sz000892,0,0,0
sh603823,1462,0,0
sh600526,2879,0,0
sh600193,0,0,0
sh600780,0,0,0
sz300291,11028,2275,0
sz300622,0,0,0
sz002906,1199,610,0
sz002664,361,388,0
sz300477,28925,47694,1988
sz300320,0,1500,0
sz000902,0,0,0
sz002484,0,0,0
sh603611,0,0,0
sz002171,4002,0,0
sh600779,4984,7495,0
sz002084,0,0,0
sh600116,11492,0,0
sz300509,0,0,0
sz000008,8697,26480,0
sz300139,0,0,0
sh603882,2666,351,0
sz002230,44538,58605,7649
sh603712,171839,249458,67190
sz300537,0,0,0
sz002863,0,1422,0
sz002579,0,0,0
sz000679,0,0,0
sz300638,1835,11849,0
sz000800,0,7596,0
sz300078,26436,17186,0
sh603595,1644,1358,0
sz300664,4704,36541,2592
sz300740,1060,2988,627
sz000813,1275,0,0
sz000525,0,3874,0
sz300657,1068,1392,0
sh603515,372,2359,0
sh600662,0,15614,0
sh600113,24780,34360,933
sz002326,0,0,0
sh600153,0,4642,0
sz002254,1839,6245,0
sz000426,1101,7671,0
sz002583,6284,1239,0
sz002432,0,1362,0
sh603558,0,0,0
sz002216,0,1707,0
sh600328,2786,1157,0
sz300204,0,0,0
sz300630,1050,673,0
sh600007,0,0,0
sz300252,10315,8358,714
sz300211,4516,0,0
sz300303,0,0,0
sz002106,0,0,0
sz002916,1908,3478,0
sh600555,24648,5003,0
sz300026,0,0,0
sh600179,149811,175115,851
sz002239,0,3224,0
sh603602,239,246,0
sz300034,75725,163255,12769
sz300360,0,0,0
sz002772,0,2866,0
sh600075,0,0,0
sh600186,0,0,0
sz000932,51660,32035,0
sh600652,8105,2148,0
sz002743,0,0,0
sz000848,0,1224,0
sh600897,0,0,0
sz000838,0,0,0
sz300615,401,0,0
sz000913,0,0,0
sz002543,0,3304,0
sh603730,0,0,0
sz002812,1096,289,0
sz000571,0,0,0
sh603825,0,444,0
sh601992,69551,44493,0
sz000518,0,0,0
sz300415,0,0,0
sz000782,0,0,0
sh600713,0,0,0
sz002229,23543,21776,0
sh603076,0,0,0
sh600161,2007,3361,0
sh603669,0,791,0
sz300691,0,0,0
sz002132,0,0,0
sz002638,0,5566,0
sz000686,0,6033,0
sh600741,24530,55939,3018
sz000988,995,1601,0
sz002420,0,5876,0
sz000159,0,0,0
sz002468,500,508,0
sz300476,14815,6656,0
sz002302,4422,3187,0
sz000926,0,2374,0
sz002837,0,551,0
sh603881,0,1015,0
sh600272,1097,0,0
sz002785,0,0,0
sz002008,5041,17766,1109
sh600654,0,0,0
sh600883,0,0,0
sh600419,0,10526,0
sh600488,2500,0,0
sh600868,9071,16141,0
sz000605,1281,7737,0
sh600706,1944,1278,0
sz000637,0,2326,0
sz002766,0,0,0
sz002300,0,0,0
sz002439,20709,23724,2362
sz300418,31001,32991,1758
sz002218,0,0,0
sz300642,752,618,120
sz002750,0,0,0
sz000049,0,468,0
sz000798,2001,0,0
sz000617,0,0,0
sz000753,3057,14930,0
sh600885,3275,1020,0
sh603383,3463,1137,0
sz002663,2386,16592,0
sz002713,7186,0,0
sh601601,66263,73874,6157
sh600260,7136,14858,0
sh600392,15401,38305,4221
sh600617,0,0,0
sz002067,0,4652,0
sz000815,0,0,0
sz002702,2381,3842,0
sh600029,236260,229557,3276
sh601360,10786,11017,590
sh600108,10369,10383,0
sh603806,0,1568,0
sz300572,550,869,200
sh600748,0,0,0
sz300650,869,2074,277
sh600765,6921,4387,0
sz300127,0,0,0
sh600887,221686,257769,11883
sz000969,7669,1640,0
sh600083,0,0,0
sz002691,0,0,0
sz300357,171,572,0
sz300063,0,0,0
sz300367,39820,42468,3402
sz300553,0,0,0
sz002186,0,0,0
sh600052,0,0,0
sz002716,11938,13559,2250
sh600271,172765,102935,12698
sh601566,0,746,0
sh600516,77334,50717,8124
sz000835,0,0,0
sh603196,0,0,0
sh600655,0,2759,0
sz002240,0,732,0
sz000929,0,0,0
sz300516,0,247,0
sz300467,0,0,0
sz300260,0,0,0
sz002599,0,0,0
sh600608,0,0,0
sz300102,0,2813,0
sz300218,0,0,0
sz000863,0,2252,0
sh600988,108975,65981,0
sz000707,0,0,0
sz300007,14399,6309,0
sh600475,0,0,0
sh601996,0,4915,0
sz300144,5498,8064,0
sh603600,0,0,0
sh603188,0,813,0
sh600463,0,0,0
sz000688,3454,1160,0
sh600480,8393,5632,1088
sh601717,0,1701,0
sh600747,0,0,0
sz300024,36461,22480,0
sz002222,0,912,0
sz002596,55648,37874,4985
sh600128,0,0,0
sz300408,11109,7097,0
sh603311,0,0,0
sz300422,935,0,0
sz002138,1168,789,0
sz002873,0,1391,0
sz002042,0,974,0
sz300125,0,0,0
sz000063,56583,78132,3593
sz300597,2039,0,0
sh601518,3000,0,0
sh600767,2000,2091,0
sh601200,0,669,0
sh600680,0,0,0
sz002292,13299,2020,0
sh600080,0,1313,0
sz300533,0,0,0
sz002225,0,0,0
sh603969,2573,0,0
sh600203,0,2502,0
sh601099,16667,27252,0
sh600517,0,0,0
sh600123,0,0,0
sh603198,0,0,0
sh600965,0,0,0
sz002436,7035,12886,0
sz002224,0,0,0
sz002521,0,0,0
sz002246,3370,4655,0
sz002060,0,0,0
sh600535,25224,18350,0
sz000722,0,0,0
sz300551,968,6701,0
sz000701,14241,2493,0
sz300552,0,14322,0
sh600609,0,0,0
sz000655,0,3016,0
sz300693,0,0,0
sz002516,0,2000,0
sz300701,0,0,0
sz300137,12844,8339,553
sz300636,0,0,0
sz002368,56799,96016,3371
sz000532,17463,48667,3012
sz300279,884,0,0
sh601998,41038,40533,0
sz000783,0,3205,0
sz002206,0,0,0
sz000603,0,0,0
sh600267,31487,12069,0
sz002829,0,432,360
sz002311,455,2530,0
sh600368,2057,0,0
sh603041,0,0,0
sh603779,0,0,0
sh603127,7417,8983,832
sh601872,0,0,0
sh601880,30602,47903,0
sz300334,23021,65527,0
sz000897,0,4427,0
sz002427,0,0,0
sh600653,31222,94196,0
sz002479,2685,0,0
sz000850,0,0,0
sh603186,1308,1885,0
sz300637,0,0,0
sz002355,1117,3923,0
sh600545,0,0,0
sh601002,0,4746,0
sz002850,0,515,0
sz300269,1002,0,0
sh600067,0,2000,0
sh601388,0,23628,0
sz002644,1171,1171,0
sh601111,89035,115984,1072
sz000788,1876,0,0
sh601155,25927,35456,3508
sh600693,0,3321,0
sz000767,0,4786,0
sz002076,0,0,0
sz300185,0,18933,0
sh603527,0,0,0
sh603987,0,0,0
sz300031,0,0,0
sz002391,0,0,0
sh603886,0,0,0
sz002243,0,0,0
sz002372,510,664,0
sz000061,0,3002,0
sh600303,18099,13921,6950
sz002655,74099,94824,6273
sz002053,0,0,0
sz000517,2786,0,0
sz300626,0,0,0
sh600739,5800,602,0
sz002626,0,0,0
sh600649,0,1572,0
sz002641,0,0,0
sh600202,1719,0,0
sh600580,6911,1513,0
sz000665,0,2588,0
sz002526,4694,0,0
sz002404,0,0,0
sz000709,30483,51569,0
sz300030,0,0,0
sh600816,0,1006,1004
sz300301,7221,32271,0
sz002245,6750,10155,1209
sz002162,0,0,0
sz000981,0,0,0
sh600598,28171,71676,1478
sz002209,1505,3290,0
sz300376,0,5842,0
sz002811,2063,0,0
sz300675,17534,15132,2722
sz000825,77757,110471,0
sz300668,0,0,0
sz002412,0,0,0
sh600098,0,0,0
sh600090,13726,17530,0
sz002795,0,0,0
sz002340,127008,236057,0
sz002401,0,0,0
sh601857,26872,86473,0
sz300407,0,0,0
sh600908,5643,6212,0
sz002280,0,1857,0
sz300344,89770,35256,6577
sh600211,295,710,0
sz002566,0,9112,0
sh600066,4757,23897,0
sh603089,0,0,0
sz000710,843,3275,0
sh600518,15760,11132,765
sh600477,0,0,0
sh600791,0,0,0
sz300158,3384,2379,0
sh603169,0,0,0
sz300721,0,0,0
sz000599,0,2249,0
sh603619,381,2176,0
sh603356,560,428,0
sz002722,0,0,0
sz300431,3054,2190,0
sz000708,0,0,0
sz002680,1884,2219,0
sh603126,0,0,0
sh600476,0,0,0
sh601988,413968,549669,0
sz300580,0,0,0
sh600156,0,0,0
sh600774,0,0,0
sz300560,2408,1135,331
sh600177,1300,1400,0
sh601901,3339,3617,0
sz002367,1326,19609,0
sh603688,0,0,0
sz002768,0,0,0
sz300627,523,0,0
sz300386,611,823,2300
sh600820,1544,0,0
sz002509,13978,0,0
sz002030,5480,20257,0
sz000885,0,0,0
sh600710,13137,32191,0
sh600861,0,0,0
sz300111,0,0,0
sh600681,0,848,0
sz002183,30538,7045,0
sh600973,7820,0,0
sz300517,0,0,0
sz002365,7312,1343,0
sz000333,133855,141770,14182
sz000619,0,0,0
sh600692,0,0,0
sz000651,291120,294631,26080
sh600556,0,0,0
sz000420,0,0,0
sz300196,0,0,0
sz300494,602,2650,1437
sz300513,0,0,0
sz002489,0,4313,0
sz300499,0,0,0
sz000980,0,0,0
sh600337,0,0,0
sz300352,221327,559813,2258
sz000668,0,0,0
sh603888,647,0,0
sh603456,0,848,0
sh600888,0,4187,0
sh600381,0,1302,0
sh603100,0,0,0
sh603157,0,0,0
sh600728,72678,113841,0
sz002006,0,0,0
sz300610,0,0,0
sz000572,0,2760,0
sz300591,0,0,0
sz000560,0,1777,0
sz000554,0,0,0
sz300575,226,0,0
sh603178,0,0,0
sh603758,2490,0,800
sz000829,0,1200,0
sz000656,20587,8940,0
sh603963,1268,1926,0
sz002643,0,3000,0
sh603022,0,0,0
sh603335,0,0,0
sh603129,497,3426,0
sz000733,1585,3247,0
sz300265,0,0,1235
sz000630,15486,29556,0
sz002892,0,0,0
sz000028,181,1007,0
sz002200,0,0,0
sz300387,0,0,0
sz002048,4221,10687,0
sh603365,0,534,0
sh600560,2929,2800,0
sz002207,0,0,0
sh603018,0,617,0
sh600231,0,3299,0
sz002651,11085,6324,0
sh600519,36746,49685,7843
sz002318,0,0,0
sh600976,0,0,0
sz000768,61726,78192,2607
sh601669,0,4061,0
sh603859,734,0,0
sz002827,0,0,0
sh600929,0,0,0
sz300496,12590,6704,431
sz300582,1466,0,0
sz000551,0,0,0
sh600714,0,0,0
sz000936,5937,14603,0
sz000625,1498,6433,0
sh600603,0,0,0
sh600008,222569,101216,0
sz002027,31086,39800,1499
sh600163,0,0,0
sz300281,1000,0,0
sz002049,77597,89986,13692
sh600301,0,0,0
sh600520,3515,6283,0
sz002738,515,0,1243
sh603079,472,442,0
sz002553,0,0,0
sh601018,0,0,0
sz300244,24247,8737,445
sz300702,0,996,501
sz002445,6500,0,0
sz002058,862,0,0
sz300569,650,921,0
sz002843,569,582,0
sz002308,0,0,0
sh600983,0,0,0
sz000780,0,0,0
sh601799,0,0,0
sz300447,0,0,0
sz300219,2212,0,0
sh603656,0,0,0
sh601058,0,3757,0
sh600495,0,0,0
sh603359,0,450,0
sh603200,0,0,0
sz300285,2458,536,504
sz000687,2077,10221,0
sh600460,59702,118742,6944
sz300152,2517,3100,0
sz002809,0,0,0
sh603015,0,0,0
sz300527,2847,861,710
sh600277,0,0,0
sh600261,0,0,0
sh600232,0,0,0
sh601007,0,0,0
sh600398,0,6275,2020
sz002407,0,0,0
sz300720,425,0,0
sh603386,8213,5279,0
sh603101,0,0,0
sh600571,1290,0,0
sz300510,0,390,0
sz300413,1855,4555,0
sh603917,0,0,0
sh603801,0,450,0
sz002573,10429,6310,0
sz002325,0,2500,0
sz000638,0,0,0
sz002314,0,1800,0
sz000096,0,0,0
sz300395,0,0,0
sh600970,1850,16789,0
sz000739,0,0,0
sh601838,63542,39892,1013
sz300039,0,0,0
sz000683,0,15184,0
sz300502,0,0,0
sh603997,0,0,0
sz002020,0,0,0
sz002869,326,345,0
sh601368,0,0,0
sz300275,0,0,0
sz300741,0,0,0
sh600889,0,0,0
sh601233,13418,14954,0
sh603010,0,0,0
sh601908,0,3000,0
sh603556,0,0,0
sz002701,0,3450,0
sz002029,0,0,0
sz002855,0,0,0
sh600030,213825,261232,12696
sh600246,0,0,0
sh600338,546,1559,0
sh603797,0,0,0
sz300027,28329,52492,0
sh603227,0,0,0
sh600151,2691,2000,0
sz002928,1883,2188,817
sz300046,0,0,0
sh603496,0,0,0
sh603161,0,0,0
sh600699,3921,2818,0
sz002249,0,1880,0
sh600469,0,0,0
sz002605,1056,14491,0
sz002646,0,0,0
sh600321,0,0,0
sh600280,11121,1407,0
sz000536,0,0,0
sh603396,0,0,0
sz002793,0,0,0
sh600382,0,0,0
sz300647,1446,483,501
sh603088,0,0,0
sz002731,0,0,0
sh603996,9635,0,0
sh600071,0,0,0
sh600236,0,1923,0
sh601611,1263,1075,0
sh603708,0,1781,0
sh600562,5289,1739,0
sh600597,800,6251,0
sz002860,1274,775,0
sz002848,0,0,0
sz000738,9098,15252,0
sz002929,44088,47150,6625
sz002491,9230,14328,0
sz000020,1323,0,0
sh603919,0,0,0
sz000419,0,0,0
sz002820,0,0,0
sz002395,0,0,0
sz300172,3602,0,0
sz000702,0,0,0
sh600704,2959,6757,0
sz000875,0,3276,0
sh600126,0,1698,0
sh603031,0,0,0
sh600112,0,0,0
sz000553,2817,1876,0
sh603138,4519,5656,232
sz002105,0,0,0
sz002771,0,1097,0
sz300134,3821,1466,1921
sh601899,354564,455841,0
sz300336,2211,8465,0
sh603777,0,0,0
sz002310,49584,17827,1977
sz300323,5135,554,0
sh600874,147164,73782,857
sh600867,12906,2811,440
sz002751,1134,0,0
sz002705,0,0,0
sz300249,24471,54089,3475
sh603717,1095,0,0
sh603269,0,1898,0
sz002264,33147,67864,3746
sh600094,0,1529,0
sz002660,0,0,0
sh600506,0,914,0
sh600602,1500,0,0
sh600238,5329,0,0
sz002907,5071,7379,323
sz000021,0,2722,0
sh600824,4800,0,0
sz000611,0,0,0
sz000589,0,0,0
sz300404,5793,7801,1303
sh603828,0,0,0
sz000882,0,3430,0
sh600732,0,0,0
sz002316,0,0,0
sh600846,6806,4279,0
sh600077,0,0,0
sh600845,5208,4067,0
sh600980,0,0,0
sz002610,0,0,0
sz000498,0,0,0
sz002786,2914,0,0
sz002886,0,0,0
sz002010,0,634,0
sh601127,0,1391,0
sh600785,0,0,0
sz002776,619,0,0
sh600062,5168,6439,0
sz002862,381,0,0
sh600811,5000,25577,0
sh600569,5456,7253,0
sz002800,1190,0,0
sh603369,1398,1737,0
sh600037,844,2026,0
sh603903,1199,1308,304
sz002159,0,0,0
sh600073,0,1475,0
sh600610,4000,0,0
sh600228,0,0,0
sz002273,7891,12304,0
sz002918,522,250,0
sz002787,1074,0,0
sh603890,0,318,0
sz002116,0,0,0
sh601933,83926,115599,0
sz000576,2793,856,0
sh600502,0,0,0
sz000543,0,0,0
sz300400,1000,0,0
sz002642,52357,43348,3694
sz002831,252,333,0
sh600635,19728,48377,0
sz000966,0,4915,0
sz300570,0,0,0
sz000581,4515,4416,505
sh601989,64266,143671,0
sz002756,0,0,0
sz300282,0,0,0
sh600525,27120,21205,0
sh603067,0,8892,0
sz000428,0,0,0
sz000430,4698,0,0
sz300262,0,0,0
sh600532,0,1306,0
sz300681,0,0,0
sh600426,12816,31082,0
sh601126,3000,0,0
sz002540,0,0,0
sh603626,0,2433,0
sz000761,0,0,0
sz000613,1471,48930,0
sh603615,0,0,0
sz002657,1546,1212,0
sh603518,0,0,0
sz300131,0,0,0
sz300389,0,0,0
sz000806,21926,30051,2779
sz300699,2563,3379,0
sz300347,7038,4349,408
sh603330,0,0,0
sh601616,0,3678,0
sz300243,0,0,0
sz000582,0,1503,0
sh603726,0,0,0
sz000705,0,0,0
sh600549,21387,27353,0
sh603323,6502,1242,0
sz002875,0,0,0
sz002849,0,456,0
sh600470,0,2063,0
sh600841,0,0,0
sz300417,0,0,0
sz000416,0,3132,0
sz002830,579,0,0
sh603798,0,0,0
sz000153,0,0,0
sz000610,0,0,0
sz000908,0,0,0
sz000058,0,0,0
sh600730,0,0,0
sh601117,1496,22978,0
sz300399,0,0,0
sz300278,804,0,0
sh600979,0,0,0
sz002294,5271,2557,0
sz300414,538,0,0
sh600023,0,2000,0
sz002719,0,0,0
sh600505,0,0,0
sz002823,0,0,0
sz300288,1125,2558,0
sz300054,1125,0,0
sz002529,0,605,0
sh600390,6452,4693,0
sz002111,0,1516,0
sz300261,0,0,0
sh600093,12777,11362,1746
sz300040,0,0,0
sz000967,0,0,0
sz002715,0,0,0
sz002022,11147,75878,969
sz300384,1027,788,0
sz300481,0,0,0
sz300446,500,451,0
sz002671,0,0,0
sz002711,4960,41586,0
sz002276,0,0,0
sh600229,0,1480,0
sz300713,372,183,0
sz000893,4291,27820,0
sh603937,1603,1119,0
sh600576,0,0,0
sz300115,5921,10617,0
sz300366,4317,0,0
sz000725,1330844,1399078,0
sh601108,4483,15460,0
sz300548,0,0,0
sz002687,0,0,0
sz002449,2218,3993,0
sh603337,0,0,0
sz300602,0,0,0
sz002077,0,0,0
sh600300,0,0,0
sz000158,0,0,0
sh600010,30411,29374,0
sz300293,0,0,0
sz002481,0,0,0
sz300061,3818,556,0
sh600865,0,0,0
sz000856,11500,3387,0
sz002283,0,0,0
sh601969,0,0,0
sh603776,229,678,0
sz300235,0,0,0
sz002706,1000,0,0
sz300625,1289,0,508
sz002544,9933,1488,0
sz002169,0,0,0
sh600353,7616,39177,0
sz002835,0,0,0
sh603199,0,0,0
sz300081,0,0,0
sz002523,291295,297872,12337
sh600027,53585,40989,0
sh601966,0,0,0
sh600742,1627,2906,0
sz002375,2500,0,0
sz300692,749,300,0
sh600262,808,1207,0
sz300592,751,0,0
sz000502,0,0,0
sh600982,0,0,0
sh603616,23580,10664,904
sz002414,1358,1355,0
sh600285,0,0,0
sz300110,17320,25765,1981
sh603113,0,2994,0
sh600105,0,5060,0
sz000918,3198,0,0
sh600201,0,2173,0
sh600325,2899,5385,0
sz000626,0,0,0
sz300213,1267,1698,2299
sz002327,0,2137,0
sz002669,0,500,0
sz000735,125977,84526,3926
sh603856,0,0,0
sh600647,0,0,0
sh603023,0,0,0
sz002397,0,0,0
sh600120,928,2627,0
sz300606,0,911,0
sh603678,485,0,0
sz002203,0,0,0
sh600577,8213,8290,0
sh600839,0,12752,0
sh603636,51779,10525,0
sh603180,625,613,66
sz002815,0,0,0
sh600644,0,0,0
sz002910,4307,8256,0
sz002457,15911,7632,0
sh603003,0,0,0
sz002164,0,0,0
sz000598,6392,10388,0
sz002250,1060,1604,0
sh603232,0,0,0
sz300151,7361,0,0
sz000531,0,0,0
sh601886,0,0,0
sh600588,82133,90480,6623
sz002737,5036,2302,0
sh603848,0,0,0
sz002403,0,0,0
sh600559,1598,2662,0
sh601369,1429,0,0
sh601225,41879,75428,0
sh600586,0,3655,0
sh600006,0,0,0
sz300618,1614,3230,532
sh601991,0,0,0
sz002838,0,0,0
sh600358,2020,7360,0
sz002339,11542,30101,1414
sz300563,0,0,0
sz000568,18752,23349,186
sz002459,869,0,0
sh600331,0,0,0
sz002921,308,712,0
sz300154,0,0,0
sz300208,0,3027,0
sz002196,0,0,0
sz000539,0,0,0
sz000009,0,4520,0
sz002508,9693,4769,675
sz300130,2536,2433,0
sz300339,7657,9404,0
sz300374,0,0,0
sz002539,1995,0,0
sh603618,0,0,0
sz300236,2831,2294,0
sh600579,0,4164,0
sh600053,1646,2860,0
sz002320,39143,65672,0
sh603139,710,0,0
sh600997,0,2778,0
sz001965,2922,0,0
sh601588,0,0,0
sh600429,0,0,0
sh601001,3060,0,0
sh600081,0,0,0
sz002241,19342,62782,0
sz002576,846,1100,0
sh600658,1497,0,0
sz300555,0,0,0
sz001696,1787,2505,0
sz300581,0,0,0
sz000721,0,0,0
sh601766,49887,100078,4639
sh601218,0,0,0
sh600418,0,0,0
sh600372,666,7529,0
sz002659,0,0,0
sz002677,3998,4958,0
sh603288,1810,2673,0
sz000639,0,0,0
sz002455,0,0,0
sz002238,0,0,0
sz002808,0,0,0
sz300616,0,236,0
sh600805,0,0,0
sz300539,0,0,0
sz002386,0,0,0
sh600038,4976,9808,501
sz000971,6713,21424,0
sh600981,0,2238,0
sz000822,0,0,0
sz000889,0,2758,0
sh600330,8875,9050,0
sz300120,0,0,0
sz000673,15381,3565,1016
sz000425,51621,102857,0
sz000906,0,1310,0
sz300083,5264,10912,0
sz300216,45118,26704,3311
sz000027,0,0,0
sz002363,0,0,0
sz002291,0,0,0
sh600611,0,6454,0
sz300228,0,1168,0
sz000001,270703,258199,9469
sz300066,32797,63310,0
sh601228,0,0,0
sh600978,0,1579,0
sz000836,0,5046,0
sz002146,23124,22353,0
sz002788,0,0,0
sz300383,361748,323467,43110
sh601038,0,0,0
sh600787,0,0,0
sz300161,3061,1778,0
sz300135,0,3537,0
sz002211,0,2127,0
sz300593,0,4348,0
sz002347,0,0,0
sh603601,0,1905,0
sh603009,0,0,0
sh603299,0,4906,0
sz002421,0,5985,0
sz002303,0,2475,0
sz002323,3035,16184,2518
sz300170,65240,62659,2700
sz300429,0,0,0
sz002021,0,0,0
sz300177,0,0,0
sh603159,0,0,0
sz300722,303,753,348
sh603868,0,0,0
sh601618,3471,36260,0
sh600634,41726,27771,1290
sz300588,0,0,0
sz000157,2569,7351,0
sh600131,0,3417,0
sh600995,0,0,0
sz002268,22197,22750,1971
sh600060,1915,10127,0
sh600547,76228,66335,5222
sh600352,24464,77936,1017
sz300505,0,0,0
sz002140,0,0,0
sh603477,5583,0,0
sh600387,0,6731,0
sz000976,0,3364,0
sz002188,0,0,0
sz300009,18829,17292,3101
sh603000,3195,3409,0
sz002282,986,0,0
sz002070,0,0,0
sz002517,4480,11877,0
sh601555,1448,1724,0
sz000663,824,1055,0
sz300486,0,0,0
sh603197,582,0,0
sz002609,0,752,0
sz000558,0,0,0
sz000736,0,0,0
sz000026,1265,1089,0
sz002672,2377,2164,0
sh600400,0,4862,0
sz002694,5621,19231,0
sz300011,0,1039,0
sz002013,14412,13400,1297
sh603059,0,1316,591
sz002123,1130,2521,0
sh600962,11851,16761,0
sh600766,0,1317,0
sz002745,0,571,0
sz000514,0,0,0
sz002003,0,961,0
sz300698,15906,25636,0
sh600452,0,0,0
sz300735,5495,3500,0
sh601789,0,0,0
sz300162,0,0,0
sz300254,6440,48644,0
sz000151,94570,131160,16722
sz300076,0,0,0
sh600054,830,0,0
sz002760,0,0,0
sz300037,680,2742,0
sz300716,0,1450,0
sz002204,0,0,0
sh603507,0,0,0
sz002167,0,0,0
sz000803,0,0,0
sz002919,918,4452,277
sh600619,0,0,0
sz300710,300,0,0
sh600298,9956,5069,351
sh600160,54147,104659,1105
sh601666,9369,12354,0
sz300053,6309,6622,0
sz002802,0,0,0
sh603099,1484,5178,0
sz300138,0,0,0
sz002385,13719,12834,2059
sz000905,0,0,0
sz002872,0,0,0
sz300018,4206,0,0
sz002446,2224,3273,0
sh601888,14553,13162,231
sz300187,0,0,0
sh601595,0,0,0
sh600503,0,1864,0
sh603329,3289,2494,368
sh600536,6680,11400,0
sh600197,0,3166,0
sz300271,14142,6575,0
sz000065,650,2204,0
sz002322,0,0,0
sh603322,300,0,0
sz002035,1883,2437,0
sz300307,0,0,0
sz000878,2241,9622,0
sz002767,0,0,0
sh603895,1417,1462,430
sz000100,69648,96878,0
sh600408,0,0,0
sz002120,210,0,0
sz002114,701,0,0
sz002471,0,0,0
sh601919,0,11158,0
sz002332,0,0,0
sz002893,0,0,0
sz300362,0,1205,0
sh600251,0,0,0
sz300450,3453,2712,135
sz002170,0,0,0
sz002115,5062,0,0
sz002828,0,0,0
sz002806,1715,764,0
sz002102,0,33797,0
sh603707,600,1594,0
sz000400,1201,4807,0
sh603721,985,0,0
sz002839,111210,260961,9704
sz000521,0,0,0
sz002493,6459,12935,0
sh600210,3542,17135,0
sh601107,0,0,0
sz002518,0,0,0
sz000523,0,0,0
sz300671,278,0,0
sh600320,0,3195,0
sh603103,0,0,0
sh603239,0,0,0
sz002177,2212,2988,0
sz002112,0,0,0
sh601211,3573,5039,0
sh603920,0,0,0
sz300697,1569,0,0
sh603989,865,0,0
sz300519,0,0,0
sh600657,2368,0,0
sz002274,0,0,0
sz300396,0,0,0
sz002228,0,0,0
sh601918,0,7391,0
sz300088,94581,48020,7539
sz300210,0,0,0
sh600754,790,3382,0
sz300136,11128,8908,0
sh600857,0,0,0
sz002501,0,0,0
sh601677,0,0,0
sh601688,19349,27584,0
sz002920,0,1009,0
sz300673,0,0,0
sz300449,0,0,0
sz002272,0,0,0
sz002178,8076,6736,0
sh600831,0,0,0
sz300565,0,0,0
sz000023,0,0,0
sz000868,0,2155,0
sh603286,0,4066,0
sz000799,0,2266,0
sz000429,2597,2000,0
sz002434,0,1282,0
sh600890,0,0,0
sh600674,2551,6332,0
sh600827,0,939,0
sz002591,0,0,0
sh600618,0,0,0
sz002749,614,1373,0
sh600190,0,0,0
sz002380,801,0,0
sh600959,0,0,0
sh600405,3715,1697,1581
sh601198,5587,4387,0
sz002426,0,0,0
sh601158,1677,0,0
sh600355,2000,0,0
sz300380,4983,4705,506
sh600605,0,0,0
sh600289,0,0,0
sh603189,704,0,0
sh603289,0,0,0
sz300725,1020,915,0
sh600668,1317,1738,0
sh600716,0,8215,0
sh600343,11710,30028,885
sz300227,0,0,0
sz002148,3536,1290,0
sh603991,0,0,0
sz300663,2830,2303,0
sh600385,0,0,0
sh600191,7221,2781,0
sz002635,8371,18036,0
sz000952,0,1508,0
sh600612,0,298,0
sz002389,4196,1796,983
sz002730,0,0,0
sz000996,6256,9145,0
sh600838,4289,11828,0
sz002593,0,0,0
sz300028,0,0,0
sz300577,0,0,0
sh603355,395,0,0
sh603579,0,0,0
sz002608,0,1400,0
sz002559,0,0,0
sz300157,10825,6935,0
sh600125,1314,2937,0
sz002313,10520,6381,0
sh603345,0,0,0
sz300171,0,0,0
sz002315,571,0,511
sz002130,0,0,0
sz002554,0,0,0
sz000541,0,0,0
sh600760,22349,16253,1449
sz002667,963,0,0
sz000661,1759,1349,465
sh603096,285,310,0
sz000069,5069,22072,0
sz300338,0,0,0
sh600491,0,2922,0
sz000955,88579,49945,0
sh603387,251,0,0
sh600844,0,0,0
sz300180,1768,1565,0
sz300003,15225,21488,2772
sh601898,0,2004,0
sz300220,0,0,0
sh600366,670,1509,0
sz300197,32269,8779,0
sz000920,0,0,0
sz000858,193083,237842,22886
sh600234,0,0,0
sh603567,0,0,0
sh600869,0,0,0
sz300085,4660,2047,736
sz300608,4546,18804,0
sh600782,9305,14950,0
sh603058,1015,943,0
sz000561,0,0,0
sh600222,0,2300,0
sz002080,2498,2183,0
sz002288,0,3118,0
sh600340,33088,28042,1045
sh600119,882,826,0
sz002485,1912,512,0
sz002104,0,18102,0
sz000801,59854,53809,8546
sz300051,2912,10334,0
sh600386,3986,13821,0
sh603960,0,0,0
sz300005,6922,3060,0
sz300506,0,0,0
sz300490,884,0,0
sz300426,551,1359,0
sz300295,0,0,0
sh603321,0,0,0
sh601818,81624,117461,0
sz300062,3000,0,0
sz000680,0,0,0
sh600797,8163,9426,1884
sh600886,1650,6631,0
sh600493,0,0,0
sz000823,0,3543,0
sh600624,0,0,0
sh603266,0,0,0
sz300359,2662,1376,0
sz002139,28371,4493,2520
sz300596,2494,0,0
sz300251,5621,20166,0
sh600250,0,0,0
sh600218,0,0,0
sh600818,0,0,0
sz300661,0,98,0
sh600971,9069,4435,0
sh601997,23765,30225,2131
sz000697,3616,6489,0
sh600185,0,2545,0
sz002568,893,0,0
sz300353,8282,13201,0
sz300705,5441,10257,1591
sh600814,0,0,0
sz000609,0,0,0
sh603968,561,0,0
sz300665,0,0,0
sh603339,0,0,0
sz002513,0,0,0
sh601599,54216,11953,0
sz002258,599,3584,0
sh600641,1353,900,0
sz002665,20769,0,0
sz300448,0,0,0
sz300283,0,0,0
sh603778,0,1590,0
sh601500,0,16417,0
sh601088,13954,25892,488
sh600322,0,0,0
sh600673,61466,29950,0
sz000010,0,0,0
sz300628,0,129,0
sh600592,2639,1300,0
sz300377,78171,40552,3846
sz000036,0,2964,0
sh600416,5773,8346,0
sh600281,0,0,0
sz300419,15721,13928,2091
sz002073,0,0,0
sh600961,0,0,0
sh603598,0,0,0
sh600351,0,0,0
sz002678,0,0,0
sh600740,16849,16975,0
sz300206,1711,0,0
sh600282,30297,48292,0
sz300573,0,0,0
sh603680,289,0,0
sh601101,0,0,0
sz002151,24350,28107,3472
sz002184,9451,9901,0
sh603676,2185,11664,1298
sh603916,3747,0,0
sh600389,0,0,0
sh603612,0,262,0
sh601163,0,0,0
sz000997,100130,131267,8133
sh600707,0,0,0
sh603156,154,487,0
sh600326,0,4620,0
sz002182,0,3554,0
sz002195,11266,5567,0
sh600768,0,0,0
sz000727,9377,28634,0
sh600012,0,0,0
sz300639,5241,6749,0
sh600613,0,0,0
sh603338,0,0,0
sz000090,3066,3132,0
sz002563,0,0,0
sz002473,0,0,0
sz000627,1507,5027,0
sh600175,5463,7910,0
sz000949,0,0,0
sz000712,4957,1690,0
sz300651,1400,0,0
sh600498,4703,4027,0
sh601668,145286,259238,0
sz002695,4709,884,0
sz002748,0,889,0
sz002697,0,7825,0
sh600585,49765,77127,2114
sz002052,12872,0,0
sh603466,0,0,0
sh603970,6525,5797,1315
sz300391,0,0,0
sz002202,83035,61146,2547
sh600993,0,927,0
sh600270,7900,6778,0
sh600977,1504,2471,0
sz300687,421,1376,0
sh600137,0,0,0
sz000597,1025,2906,0
sh603959,1749,0,0
sh603685,0,0,0
sh600854,0,0,0
sh601633,2012,0,0
sz000002,92600,70812,5769
sh600688,5816,5728,0
sh600117,0,0,0
sh600212,0,0,0
sz002549,0,0,0
sh600565,2907,0,0
sz000600,7816,7154,0
sh603628,0,0,0
sh600763,1436,2463,691
sh603063,0,0,0
sz002763,0,0,0
sz002865,0,0,0
sz300205,101453,85501,9897
sz300558,5850,8517,357
sh603060,0,505,0
sz000917,31025,9179,0
sz002632,0,0,0
sh603158,0,0,0
sh600572,9826,2993,0
sz300711,27019,29355,4415
sz000685,0,1026,0
sz300319,5660,0,0
sz300474,3140,4698,0
sz300178,0,683,0
sz002810,0,1001,0
sz300607,0,1466,0
sz002194,0,1411,0
sz000869,0,276,0
sh603655,737,1468,0
sz002649,1006,1077,0
sz002096,0,0,0
sh600239,2570,14387,0
sz002510,95052,65576,14504
sh603589,1442,6872,0
sh600790,2590,2626,0
sh600446,14034,5126,0
sh601558,0,7717,0
sz300302,20185,10572,2425
sz002504,8010,3000,0
sh600096,0,1757,0
sz002448,0,0,0
sz000507,16609,6872,0
sh600919,18394,55448,0
sz300514,743,669,400
sz002181,0,0,0
sz300047,5663,5448,0
sh600719,0,0,0
sz000529,0,0,0
sz000620,2144,1948,0
sz300442,0,0,0
sh600481,0,0,0
sh600091,0,0,0
sz300381,0,0,0
sz002861,406,0,0
sz300680,476,0,0
sz000973,4001,5015,0
sh603799,46606,57971,7667
sh601579,0,0,0
sz002127,9867,14587,0
sh603444,653,66,0
sh603716,770,335,0
sz002083,1848,0,0
sz002546,6931,0,0
sz300223,2299,1010,0
sh600809,12874,19838,226
sz000762,0,0,0
sh603166,0,0,0
sh600350,0,0,0
sz000797,0,0,0
sz000676,0,0,0
sz002696,0,0,0
sz000550,0,3717,0
sz000928,0,2000,0
sh600633,0,0,0
sh603055,0,0,0
sh600456,5393,8398,0
sz002813,0,0,0
sz300542,4630,18652,0
sz300435,0,0,0
sh600500,0,0,0
sh600268,0,10313,0
sz300113,24087,17864,0
