sz300426,0,0,0
sh603908,0,0,0
sh600356,0,0,0
sh600067,0,22812,0
sz000585,2711,2500,0
sz002093,0,1184,0
sz002049,13695,23700,3564
sh603117,0,0,0
sh600507,56022,76890,0
sz002585,0,0,0
sz300471,0,0,0
sh600556,0,0,0
sh600803,2827,4217,0
sz000615,2431,10758,0
sz002535,0,0,0
sh603089,439,0,0
sh603031,0,0,0
sz000525,15848,6673,0
sz002795,0,0,0
sh600882,0,0,0
sh600578,3373,0,0
sh603638,0,495,0
sz002712,504,0,0
sh603355,0,668,0
sh603161,541,1389,0
sh600053,456,693,0
sh600315,2198,722,0
sz300563,0,0,0
sz300206,0,0,0
sh600552,0,3980,0
sh603085,0,0,0
sh600702,6919,7427,0
sh600715,8282,7379,0
sz000722,0,0,0
sh601128,139769,92610,6610
sh600821,0,0,0
sz002677,0,700,0
sh603703,0,0,0
sh600677,0,0,0
sz000504,9378,5080,0
sh600480,0,0,0
sz300500,0,0,0
sh603839,0,0,0
sh603717,0,0,0
sz002054,2546,0,0
sz300652,0,0,0
sz002038,0,1009,0
sh600247,0,0,0
sz300188,0,846,590
sz300305,0,0,0
sh600208,148633,206217,0
sh600546,2269,0,0
sz000885,4777,2063,0
sh601010,0,0,0
sh600128,0,1196,0
sz002339,0,0,0
sz002390,6314,4265,0
sz300027,12309,36545,1153
sh603777,0,0,0
sh601788,2652,7307,0
sz300676,592,1755,62
sz002381,0,0,0
sh600587,897,0,0
sz000061,0,0,0
sz000030,0,0,0
sh603199,0,636,0
sh603035,0,0,0
sh600708,58441,16310,1900
sz002827,0,0,0
sz300154,0,0,0
sz300532,0,0,0
sz002709,1301,1086,0
sh600551,0,0,0
sz000622,0,0,0
sz002895,12346,8808,349
sh603813,0,396,0
sz300118,0,0,0
sh603823,0,0,0
sh600776,0,0,0
sz000627,7903,21593,0
sh600311,0,0,0
sh603500,0,0,0
sh603609,0,0,0
sh600798,0,0,0
sz300294,0,352,0
sh600297,3706,4431,0
sh600739,5417,9470,0
sz300331,0,0,0
sz002285,21515,50743,4311
sz000716,0,0,0
sz000932,14336,35809,0
sz002639,0,0,0
sh600608,0,0,0
sz002435,0,0,0
sz300573,1472,1000,0
sz300125,0,0,1559
sh603738,0,0,0
sz002539,0,0,0
sz002629,0,0,0
sz300510,0,0,0
sz002330,0,0,0
sh603385,1016,454,0
sz000980,2284,3342,0
sz002377,0,3650,0
sh600536,0,750,0
sh600290,2539,871,0
sz300435,0,0,0
sz002663,5421,7686,0
sh600461,0,0,0
sz300428,0,0,0
sz002050,11232,26380,0
sz000559,0,2943,0
sh600982,0,0,0
sh600926,43484,53373,0
sz000695,0,0,0
sh600856,3938,6876,0
sh603768,0,0,0
sz000858,130651,134637,18267
sh600675,0,3597,0
sh600891,0,0,0
sh603926,0,0,0
sh603323,85438,33242,2012
sh603167,0,0,0
sh600459,1453,0,0
sz300545,0,0,350
sh603421,983,0,0
sh603289,8579,5570,490
sz300244,0,0,0
sz300295,1539,0,0
sz002534,1010,0,0
sz000008,0,0,0
sz002017,0,0,0
sz300033,1601,2498,0
sh603856,473,0,0
sh600196,17090,36716,1366
sh600533,2170,3000,0
sh600021,1785,0,0
sz000631,0,3825,0
sh600694,1914,1032,0
sz000058,0,4001,0
sz002714,1480,15090,530
sh603067,0,0,0
sz300461,0,0,0
sz002241,15307,39347,2942
sz300165,0,0,0
sz000719,0,0,0
sh601288,3034682,3393618,15576
sz000968,0,0,0
sz300430,0,0,0
sz002746,0,0,0
sz002206,0,0,0
sh600438,32127,30533,0
sh600600,6636,6563,0
sh600129,713,761,0
sz300485,0,0,0
sz001896,9012,0,0
sz002556,17106,75375,0
sz002164,0,0,0
sz002178,0,806,0
sh601628,44736,45244,1529
sz000639,0,2230,0
sz002848,0,2398,0
sh600028,1289632,1484030,10800
sz300148,7889,2249,0
sh603010,0,0,0
sz300654,0,0,0
sh600594,3722,1172,0
sz300076,0,2138,0
sz300700,2578,2361,220
sz002181,0,0,0
sz000789,65090,82562,3722
sz300377,3985,2074,0
sz000673,40550,13955,0
sz002702,0,2000,0
sz300166,0,2802,0
sz300064,0,2700,0
sz000837,0,0,0
sz300144,879,4910,0
sz002740,1600,0,0
sh603536,0,0,0
sz300222,9707,909,501
sz002450,89892,98496,1539
sz300446,0,0,0
sh600985,3224,2844,0
sz000027,0,0,0
sz000597,1085,1256,0
sz300355,6333,15275,0
sz300120,0,0,0
sz002495,0,0,0
sh600718,0,9228,0
sz002343,2758,371,0
sz300390,0,0,0
sz300358,0,0,0
sz000679,0,0,0
sz300036,0,0,0
sh600261,0,2050,0
sh600649,0,7201,0
sz300218,0,0,0
sz300409,1944,1637,0
sz002424,0,1500,0
sz002882,681,727,0
sh600216,13142,6990,0
sz300161,0,0,0
sz000972,0,0,0
sz000908,0,0,0
sz002419,701,6998,673
sh600167,0,0,0
sz300526,0,0,0
sz300272,0,0,0
sz300419,0,1381,0
sh600601,0,0,0
sh600252,0,6000,0
sz300637,0,0,0
sh600589,0,0,0
sh600939,24643,23220,0
sz002732,490,368,0
sz000888,0,971,0
sz300329,0,0,0
sh603727,0,0,0
sh601919,34616,28988,0
sz300215,0,0,0
sz300671,0,0,0
sh600789,5451,18186,0
sh600501,0,0,0
sz002443,0,0,0
sz002120,0,257,0
sz300283,0,0,0
sz002108,0,0,0
sh603559,1466,2447,381
sz300093,0,0,0
sz002328,0,0,0
sz000153,0,0,0
sz002815,0,0,0
sz002907,32072,33036,7586
sz002869,734,0,0
sz300491,0,0,0
sz300146,11292,7236,0
sz300050,3953,4180,0
sz000903,0,3397,0
sz300230,0,0,1063
sh603118,0,0,0
sh603578,0,0,0
sz002519,0,0,0
sz000890,0,0,0
sz000925,0,0,0
sh600535,579,617,0
sz002064,2379,6059,0
sz002696,0,0,0
sh601677,0,0,0
sz002749,0,154,0
sh600667,4120,19633,0
sz300555,0,0,0
sz000708,1000,0,0
sh603535,0,0,0
sh600863,39219,14000,0
sh601225,128614,109257,0
sz300201,0,5000,0
sh603577,2514,1423,0
sh603009,1219,0,0
sz300577,0,0,0
sz000926,16779,49872,0
sh603330,0,0,0
sz000996,3380,10705,1074
sz000767,12063,0,0
sh601012,54329,52235,3032
sh603898,0,0,0
sz000526,0,1336,0
sz002184,0,0,0
sh601169,103191,119002,0
sh600328,2082,1568,0
sz300389,0,0,0
sz300436,0,0,0
sz300251,0,13392,0
sz002406,0,0,0
sz002158,0,4036,0
sz002136,0,0,0
sz300434,0,0,0
sh601866,0,8055,0
sh600099,0,0,0
sz000623,13326,16420,0
sh603308,0,837,0
sz000026,0,1121,0
sh600435,1117,1346,0
sh600113,0,0,0
sz000541,2249,11107,0
sh603133,0,0,0
sh600512,13259,0,0
sh601966,2505,3923,0
sz300190,0,0,0
sz000503,9279,10088,0
sh600592,1830,2001,0
sz000725,2663141,2707036,3606
sz002244,7190,6247,0
sz000598,0,6152,0
sz300596,0,0,0
sz002397,7349,39827,0
sz300105,2098,0,0
sh600010,218649,51392,0
sh600651,0,3978,0
sh600369,4980,21072,0
sh603729,250,239,0
sz300675,1192,868,332
sz300585,0,0,0
sz300578,0,0,0
sz300469,0,0,0
sz300344,5162,973,0
sh603619,7268,4294,249
sz000777,2795,5597,0
sz002862,0,0,0
sz300404,0,0,0
sh603345,0,0,0
sz300595,259,0,0
sh603655,12322,49888,1496
sh603880,0,0,0
sz002872,0,659,0
sz300110,17182,4554,0
sz300425,0,0,0
sz002267,0,1340,0
sh603011,13337,1213,0
sz000416,0,0,0
sz000668,0,0,0
sz300721,972,299,352
sh600500,9528,6603,0
sh600560,0,0,0
sz000635,0,0,0
sz000677,0,0,0
sz002626,1149,5089,0
sh600691,6050,16695,0
sz000582,992,0,0
sh600080,0,0,0
sh603203,0,0,0
sz300458,1012,4434,0
sh600696,0,0,0
sz002041,0,4010,0
sz300047,2051,0,0
sz300274,25294,12262,0
sz002839,171598,230579,36539
sz300176,427,182,1189
sz300698,21344,21271,1526
sh600338,2410,6397,275
sz002018,0,9028,0
sh600834,0,0,0
sh603626,0,377,0
sz000776,179032,186172,5335
sz002447,71068,121029,1778
sh600156,0,0,0
sz300170,3334,2624,0
sz000831,5408,1010,0
sz300726,0,1186,0
sz002084,0,0,0
sz300128,7676,5759,0
sz002693,0,0,0
sh600823,58792,92001,0
sz002570,0,0,0
sh600004,8598,6192,0
sz300016,0,2842,0
sz000606,0,1400,0
sz002263,0,3657,0
sz300651,316,0,0
sh603937,8111,5594,755
sh600714,0,0,0
sz300281,0,0,0
sz002657,2530,5688,569
sh603999,0,0,0
sz002101,0,0,0
sz002500,9768,14758,0
sz000983,43920,41133,1005
sz300089,0,0,0
sz002209,0,0,0
sh603633,0,0,0
sh600831,0,0,0
sh600118,0,2171,0
sh600363,0,0,0
sz000545,8270,0,0
sh600313,0,0,0
sz000555,0,0,0
sz000905,0,1179,0
sz002079,0,3419,0
sz002751,666,0,0
sh600588,1001,5733,0
sh601965,0,0,0
sz300735,8777,19226,954
sh603038,0,0,0
sz300713,0,150,0
sh601058,0,0,0
sz300182,0,11588,0
sz300122,3148,5699,1916
sz002218,2000,16822,0
sz002459,0,0,0
sh600719,0,1707,0
sz002549,0,0,0
sz002331,0,0,0
sz002347,1889,0,0
sz300306,0,0,0
sz000601,0,0,0
sh603909,0,0,0
sz300364,47122,127549,2406
sh600058,0,908,0
sz002400,3687,15309,0
sh603477,2418,4241,0
sz300311,0,0,0
sz300139,0,3463,0
sh600081,819,0,0
sz300042,0,0,0
sz002532,0,0,0
sh600336,0,0,0
sh603728,0,0,0
sz002544,0,0,0
sz002588,4271,0,0
sz000049,0,560,0
sz300472,0,0,0
sz300235,0,1020,0
sh600416,0,0,0
sz300560,0,0,0
sz300494,0,0,0
sz300227,618,650,0
sz300209,0,0,0
sh603066,0,0,0
sz300175,0,7479,0
sz002228,0,0,0
sz300565,0,0,0
sz000338,181946,182478,0
sh603076,1967,310,0
sz300266,10446,1571,540
sz002521,0,0,0
sz300498,21102,13504,0
sz002305,2289,0,0
sz000166,25518,52698,0
sz002734,0,2509,0
sz002889,0,0,0
sz002774,4583,0,910
sz000988,1800,9571,0
sz300546,0,0,0
sz002361,0,0,0
sz002581,0,0,0
sh600876,1086,0,0
sz300443,0,0,0
sz000993,0,0,0
sz002012,9939,11050,0
sz002432,0,0,0
sh601857,93801,153178,0
sh600425,0,11002,0
sz002399,0,700,0
sh601388,0,9000,0
sh600380,3540,3468,0
sz002389,700,0,0
sh603678,0,410,0
sz300610,0,0,0
sz000683,11758,15354,0
sh603628,0,0,0
sh601366,0,0,0
sz002196,0,0,0
sz300158,0,0,0
sh600206,8874,16344,0
sz300337,0,0,0
sz300413,399,3229,0
sz002472,0,0,0
sz300528,0,0,0
sz000819,0,0,0
sz300416,0,0,0
sz300346,0,0,0
sz002256,28307,9015,0
sz000042,0,0,0
sh600326,13641,4541,0
sz000426,4526,3353,0
sz002724,0,0,0
sh603055,1010,0,0
sh601117,112989,57226,0
sh603698,0,0,0
sh603977,0,0,0
sz002382,39843,47659,6783
sz002553,0,0,0
sz002562,0,0,0
sz300696,0,343,0
sz000096,0,0,0
sh600820,16991,5431,0
sh603305,0,0,0
sz000982,77450,4952,0
sz000707,0,0,0
sh600894,0,2802,0
sz000637,0,0,0
sh603818,0,0,0
sz002770,2267,0,0
sz002833,0,206,0
sz002488,3682,0,0
sh600098,0,0,0
sz002404,0,0,0
sh600031,303181,292822,1232
sz000428,0,0,0
sz002251,0,3601,0
sh601799,0,0,0
sh601588,28962,14233,0
sz002138,1558,6009,0
sz300099,2000,0,0
sz300121,0,0,0
sz000931,0,0,0
sz000544,0,0,0
sh603269,4776,2106,0
sz002226,0,0,0
sz002204,6892,0,0
sz300640,0,0,0
sz300336,0,0,0
sz002152,22101,37102,0
sh600769,0,0,0
sz300678,0,989,0
sh600562,0,0,0
sz300535,0,0,0
sh600243,0,0,0
sz300297,0,0,0
sh600325,93885,85594,1254
sz000917,1224,0,0
sz002876,200,200,269
sh603660,0,0,0
sz300350,0,0,0
sz000762,2595,2130,0
sh600202,0,4208,0
sz002448,0,0,0
sh600470,0,0,0
sz002044,916,2488,0
sh600090,0,0,0
sz002564,0,0,0
sz000088,1216,3224,0
sz002489,0,0,0
sh600322,0,2000,0
sz002859,0,0,0
sh603458,776,493,0
sz002208,0,1016,0
sh603959,0,0,0
sz300354,0,0,0
sh603030,2455,0,0
sh601238,5636,13938,0
sh603527,0,368,0
sz002631,0,0,0
sh600579,0,2513,0
sz000590,0,0,0
sz002351,0,0,0
sz002378,0,0,0
sz000063,296965,354643,27646
sh600598,19531,79467,3059
sh600097,0,0,0
sh600486,2206,4512,0
sz002618,0,900,0
sh603615,0,0,0
sh600839,31452,9969,0
sh601198,0,889,0
sh600071,0,0,0
sz002548,0,0,0
sh600986,0,0,0
sh600138,1048,2596,0
sz002602,0,0,0
sz002605,0,0,0
sz002015,0,0,0
sz300177,0,0,0
sz000045,0,0,0
sz000713,0,0,0
sh601992,15047,46200,2755
sz300717,0,0,0
sz002635,5660,19129,505
sh600860,0,0,0
sz002068,0,0,0
sz000599,0,0,0
sh600526,0,0,0
sh603393,1324,279,0
sh603080,79155,40191,20179
sz000913,0,0,0
sh600371,0,0,0
sh600460,116742,149266,10973
sz300207,0,3285,0
sz002326,0,1281,0
sh600971,11630,4476,0
sh600190,0,0,0
sh603227,0,0,0
sz000608,0,2192,0
sh600793,0,400,0
sh601718,0,19105,0
sz300269,12123,8436,0
sz300024,688,2732,0
sh603086,0,0,0
sz000735,9633,17835,2306
sh603556,0,0,0
sz300665,464,0,0
sz002428,1012,15041,0
sz002363,0,3231,0
sh603016,0,414,0
sh600168,0,0,0
sh600332,9686,21219,798
sz300479,0,0,0
sh600747,0,4000,0
sh600382,0,1016,0
sz002483,0,0,0
sz300597,0,696,0
sh600555,0,0,0
sz002116,0,0,0
sz300508,1701,1624,197
sh600909,13469,4547,0
sz002634,8036,10839,0
sh600862,0,1193,0
sz000751,2256,8381,0
sz000069,91686,148221,0
sz002133,0,0,0
sh603555,5262,2008,0
sz000801,0,0,0
sz000672,32630,26160,0
sh600235,0,0,0
sz300046,0,526,0
sz000546,0,2815,0
sz000685,0,5921,0
sz002530,0,0,0
sz300490,0,0,0
sz002568,0,917,0
sh603917,333,2416,0
sz000517,158751,135043,0
sz300020,0,1334,0
sz002884,0,0,0
sz002115,0,0,0
sh600056,4959,20380,703
sz002531,10639,4481,0
sh600626,0,0,0
sh603389,0,0,0
sz300385,0,0,0
sh600072,0,0,0
sz300462,1306,501,0
sz001696,0,0,0
sh600997,3001,0,0
sh603900,0,0,0
sh600100,15557,7121,0
sz300115,15201,22299,1658
sz002409,0,0,0
sz000039,6962,5590,0
sz300130,0,0,0
sz300004,2000,4217,0
sz002807,119047,77595,4028
sz002912,3317,1614,74
sz300126,0,0,0
sh600586,0,2448,0
sz002140,0,0,0
sz300506,0,0,0
sz300509,0,0,0
sh600597,24507,16274,779
sh603603,0,0,0
sz002906,0,5682,0
sh600977,928,3658,0
sh601336,80507,102826,4061
sz300195,0,886,0
sz002143,5302,9307,0
sz002009,4009,0,0
sh600893,2718,5467,0
sz002320,5522,5760,0
sh600875,5837,3916,0
sh600543,0,0,0
sz000507,2119,1704,0
sz002333,1500,2618,0
sz002543,2088,2310,0
sh600387,0,0,0
sz300650,0,0,0
sz002911,24475,22100,1527
sh600697,0,0,0
sz002658,0,0,0
sh600467,4359,4800,0
sh600218,0,0,0
sz002780,0,0,0
sz002491,1940,1100,0
sz000400,4871,2708,0
sz300554,3193,2652,860
sh600055,0,0,0
sh600385,0,0,0
sh600814,0,0,0
sz002091,0,0,0
sh603707,2445,391,0
sh601113,3096,11295,0
sz002077,835,0,0
sh603233,0,0,0
sz000868,22434,23660,0
sz000681,558,705,564
sh600082,0,0,0
sz002032,263,501,0
sh600271,8063,6586,0
sh603178,0,0,0
sh600327,0,0,0
sz002048,505,550,0
sh600785,0,0,0
sh600283,0,1001,0
sz300582,1110,0,0
sz002337,0,2100,0
sh600249,0,0,0
sh601633,0,2654,0
sz000961,66440,94482,2196
sh603303,0,0,0
sz300114,0,0,0
sh601126,0,0,0
sh600237,0,0,0
sh603882,0,0,0
sz300616,76,0,0
sz000978,0,0,0
sz300100,0,0,0
sz300075,0,934,0
sh600653,0,0,0
sz300284,0,0,0
sz000543,9132,6926,0
sh600250,0,0,0
sz002706,0,0,0
sh601127,2348,550,0
sz000048,500,0,1500
sh603988,0,0,0
sh603588,0,2017,0
sz000687,0,0,0
sz002600,78470,54365,2416
sh600479,0,0,0
sz002254,8847,3261,881
sh600822,791,956,0
sh600232,0,0,0
sz300109,0,686,0
sz002666,0,0,0
sh600753,0,0,0
sz300199,802,2273,0
sz300658,0,0,0
sz000936,0,1870,0
sz002805,0,0,0
sz002275,0,765,0
sh600828,0,0,0
sh603896,0,469,0
sh600581,14467,16473,1231
sh600509,0,0,0
sh603518,0,0,0
sz300505,657,0,0
sh603040,0,0,0
sz000911,0,0,0
sz002284,0,0,0
sz300028,0,0,0
sh603990,0,400,0
sz300669,1215,0,0
sh603663,0,0,0
sz300518,230,0,0
sh600837,80655,56075,0
sh600795,40435,45155,0
sh603788,0,0,0
sh601018,2065,16868,0
sz002380,0,0,0
sz300220,0,0,0
sz000705,0,1501,0
sz300673,0,0,0
sz002214,0,0,0
sz002590,0,0,0
sh600279,0,0,0
sh603336,0,0,0
sh600123,8063,6484,0
sz000902,0,1500,0
sh600689,0,0,0
sh600783,881,1125,0
sz002215,0,0,0
sz002462,393,0,0
sz002655,0,0,0
sz300026,0,2792,0
sh600330,0,1200,0
sh601949,2142,5628,0
sh600809,27129,11205,1279
sz300319,1869,7904,0
sh600613,0,0,0
sh603136,0,0,0
sz002853,10241,8133,0
sh600262,0,0,0
sh603183,548,479,245
sh603819,0,0,0
sh600057,0,0,0
sh603228,0,1385,0
sh600851,0,0,0
sh600530,0,7258,0
sz002823,0,0,0
sz000012,89965,27488,1275
sz300275,0,0,0
sz300599,0,0,0
sz300727,8993,5776,433
sz002130,0,10389,0
sz300123,0,0,0
sh601155,23560,37427,1779
sh600547,32100,43488,1730
sz002689,0,0,0
sh603320,0,0,0
sh600448,0,2000,0
sz002718,0,0,0
sz002279,0,0,0
sz002624,1131,1316,0
sh600537,0,0,0
sh601233,39488,19992,900
sz002920,2123,5544,873
sh600983,0,0,0
sz002253,0,0,0
sz300522,0,0,0
sz002566,0,0,0
sz000518,0,0,0
sh600493,1627,0,0
sh600103,8933,2813,0
sz300448,0,0,0
sz300030,0,0,0
sz002567,0,1447,0
sz002673,9263,14240,3236
sz002193,0,0,0
sh603779,0,0,0
sz300178,0,0,0
sh603617,706,550,0
sz000531,0,0,0
sz000429,0,1340,0
sz002100,0,1811,0
sh600381,6579,32511,0
sz300601,0,225,0
sz000717,143325,109272,3523
sz300422,0,1437,0
sh600420,0,1026,0
sz300345,0,0,0
sh600225,0,0,0
sh603568,0,512,0
sh601200,0,633,0
sh600160,6189,12367,0
sh600637,691,1300,0
sz300307,0,0,0
sz300716,353,487,0
sz300035,0,0,0
sh600779,12767,6214,1241
sh600773,8484,8915,0
sh603929,1323,0,0
sh600171,16711,24257,3523
sh603012,0,0,0
sh600640,0,0,0
sz000826,7014,1858,0
sh601139,5317,6579,0
sh600222,0,0,0
sz002029,0,0,0
sh600729,940,550,0
sz002668,11305,3390,504
sz002685,1919,4502,0
sz002414,0,0,0
sh603160,0,267,0
sz002617,0,0,0
sh600886,30378,19130,0
sz002879,691,3446,0
sz002836,0,0,0
sz300290,0,0,0
sh600423,0,0,0
sh600506,10729,10716,0
sh603887,0,0,0
sz002479,22874,15520,0
sh600238,0,0,0
sz000700,0,0,0
sz002887,0,319,0
sh600635,0,2932,0
sz002096,0,0,0
sh601375,33264,23723,3933
sh600518,14627,19739,482
sz002258,28799,44319,0
sh600760,14176,12168,1127
sz002789,3917,826,0
sz000921,0,1039,0
sz002806,0,0,0
sh601328,1894891,2218963,5050
sz000976,0,12410,0
sz300672,176,778,0
sh600163,0,0,0
sz002572,1244,1770,0
sz000656,46300,20541,0
sh603920,0,0,0
sh600234,0,0,0
sz002775,0,0,0
sz002609,3693,0,0
sz300584,683,0,0
sh600590,1414,3376,0
sh603043,0,0,0
sz002772,0,0,0
sz300062,0,0,0
sz002332,0,11615,0
sz000409,2000,0,0
sz300119,0,0,0
sh603108,1981,2145,0
sz300343,0,0,0
sh600830,2424,9105,0
sh600764,1652,0,0
sh600545,0,2245,0
sz300586,0,0,0
sh601118,7962,18946,0
sz002860,280,0,0
sh600452,0,325,0
sz002700,0,2848,0
sh600280,0,1709,0
sz002697,6796,19199,0
sz300129,2857,2169,0
sz000591,4886,4384,0
sz300318,0,0,0
sh603388,0,4025,0
sz300256,1393,0,0
sh600868,8213,17902,0
sh600688,37935,52986,0
sh603358,0,0,0
sh601212,15777,13702,0
sz002014,0,0,0
sz000852,0,1934,0
sz300682,0,0,0
sz000990,0,0,0
sh603903,0,0,0
sh603100,0,0,0
sz300620,0,0,0
sz300478,277,593,0
sz000539,0,0,0
sz000959,0,9441,0
sz000155,2000,13116,0
sh600848,2556,1453,0
sh603260,3464,6280,0
sz300701,0,0,0
sh600647,0,0,0
sh603103,9463,10659,812
sz000838,0,2331,0
sz002516,6002,0,0
sh603039,0,0,0
sh600054,1393,2547,0
sh600063,3329,0,0
sh603607,1438,698,0
sz300051,0,0,0
sh601989,198321,135184,0
sz002046,0,0,0
sz000613,0,0,0
sz002540,0,1500,0
sh601607,9665,19531,0
sz002830,0,0,0
sz300730,385,1028,0
sz300686,0,2196,0
sz002858,0,0,0
sh601678,46195,12375,0
sh603101,0,0,0
sh601005,26696,10885,0
sh603725,3168,1561,708
sz300132,0,0,0
sh600754,1888,1800,0
sz300609,0,0,0
sz002561,0,0,0
sh601137,1167,0,0
sh600745,0,350,0
sz000698,0,0,0
sz002001,21674,21842,631
sz000726,0,2053,0
sz000798,0,0,0
sz002372,2109,4217,0
sz002040,0,0,0
sz300396,0,246,0
sz300082,0,0,0
sh603987,0,0,0
sz300041,0,0,0
sz300001,0,1779,0
sh600900,51668,85692,773
sh603978,0,0,0
sh600370,24811,33909,0
sh600373,0,0,0
sh600759,0,6639,0
sz002412,6772,9831,9000
sz000710,0,0,0
sz002129,28810,59011,8307
sz300351,0,0,0
sz300603,0,0,0
sh603056,0,0,0
sh601901,10896,24200,0
sz002737,0,0,0
sh600671,1310,1997,0
sh601006,185406,234462,7937
sh600162,38357,86320,0
sh600359,0,0,0
sz002338,0,0,0
sh600713,0,0,0
sz002335,0,0,0
sz002327,2352,1077,0
sz300124,2521,1574,0
sh601666,18732,26037,0
sz300432,0,0,0
sz300250,0,0,0
sz300539,1600,0,0
sz002599,0,0,0
sh600981,0,0,0
sz002812,0,0,0
sz002225,0,0,0
sz300353,0,0,0
sz002877,0,0,0
sz002477,6884,19228,0
sh600139,0,1900,0
sh600665,0,0,0
sz002871,0,0,0
sz300453,0,0,0
sz002824,0,0,0
sh603858,200,0,0
sh600107,0,1602,0
sz002863,0,66819,0
sz002007,1787,1385,0
sz002781,0,0,0
sh601028,4974,0,0
sh600316,0,0,0
sh600490,5313,5355,0
sz002369,28772,51122,10362
sz002169,0,0,0
sh603809,0,0,0
sh600119,800,956,0
sz000038,0,0,0
sh600120,0,0,0
sh600400,0,0,0
sz000669,826,0,0
sh603311,0,0,0
sh600397,5208,0,0
sz300604,0,0,0
sh600741,49461,64848,1560
sh601108,269398,245142,41332
sz000521,0,0,0
sz300223,496,1999,0
sh603331,0,0,0
sz300622,0,0,0
sz002042,0,2012,0
sh600388,1867,8768,817
sh601991,37847,70739,0
sh600805,1981,0,0
sh600580,8028,6734,0
sz000809,0,0,0
sh600127,0,2438,0
sz000665,0,1337,0
sz002608,0,0,0
sz300531,0,0,0
sz002440,40121,14523,0
sh600148,0,0,0
sh603933,0,0,0
sz300068,1829,12237,0
sz002641,0,0,0
sh600259,1219,3128,0
sh600890,922,0,0
sh600386,0,0,0
sz300566,0,2401,4201
sz000036,1020,16069,0
sz002747,0,1213,0
sh603029,0,0,0
sz300615,355,0,0
sh601997,14186,17430,0
sz000571,0,0,0
sh600874,0,1933,0
sz002528,0,0,0
sh600066,15625,22948,0
sz000534,1800,0,0
sz002283,0,0,0
sz002527,0,0,0
sh601998,270844,182349,7055
sh601098,0,1575,0
sz002875,0,0,0
sz300081,0,0,0
sz300690,0,0,0
sz000528,1575,2087,0
sh600774,0,0,0
sh600329,0,0,0
sz002057,0,1047,0
sh600212,5734,3628,0
sh601766,531472,482680,13706
sz300733,0,0,0
sz000605,0,1193,0
sh603022,0,0,0
sh600366,0,0,0
sh600269,2004,7074,0
sz000953,0,3975,0
sh601258,27523,25947,0
sh600756,0,0,0
sh603023,0,0,0
sz002202,97925,30447,603
sz002161,10481,9128,0
sh600184,0,0,0
sz000937,22127,7834,0
sz002365,318,606,0
sz300661,0,0,0
sz002463,0,29549,0
sz002522,21842,31148,0
sh601166,1638518,1579704,77454
sz300164,3956,0,0
sz002574,0,0,0
sz300187,0,2125,0
sh603081,0,400,0
sz300252,0,0,0
sz002484,0,1459,0
sz002464,2242,400,0
sz002584,0,859,0
sz300219,0,0,0
sh600767,0,0,0
sz002238,0,0,0
sh603357,10519,6446,0
sh600293,0,0,0
sz300221,3863,0,0
sz002173,0,0,0
sh600686,0,0,0
sh600641,1610,0,0
sz002391,857,1912,0
sz002867,0,0,0
sh600419,0,0,0
sh600339,0,0,0
sz002028,2188,1857,0
sh603916,8055,3877,0
sz002433,0,0,0
sz002653,0,0,0
sz300153,0,0,0
sz002552,0,0,0
sz300242,0,0,0
sh600728,2041,5370,0
sh600376,3113,940,0
sh600079,3352,5033,0
sz002408,9684,3903,1301
sh603283,11258,9117,558
sh600736,0,0,0
sh603278,673,1325,0
sh603025,0,0,0
sz300547,0,0,0
sh600825,0,1900,0
sz002452,6730,2299,0
sz002536,0,0,0
sh600159,0,3432,0
sz002810,0,500,0
sz002087,21967,17200,0
sz000899,0,0,0
sh600392,51189,57598,2149
sz000760,3389,0,0
sh601599,0,1928,0
sh600489,24896,53248,0
sh600499,29074,13388,1034
sz002248,4889,11673,2177
sz000806,102321,71887,14242
sh600487,15863,34117,923
sh600567,203217,122788,0
sz000537,13558,29704,735
sz002817,0,0,0
sz002080,4953,904,0
sz002089,0,2416,0
sh600958,15068,31692,0
sz002371,21433,16460,721
sz002773,395,0,0
sh601567,0,0,0
sz002852,0,420,0
sh603005,0,0,0
sz300590,0,0,0
sz300677,0,0,0
sh600571,1007,2986,0
sz002467,0,1347,0
sz002558,0,930,0
sz002571,0,0,0
sh603378,834,1966,1279
sh600639,0,770,0
sh601668,5187992,4182656,133679
sz002646,0,0,0
sh600969,0,0,0
sz000529,0,0,0
sz002167,0,2604,0
sz000963,1342,5281,229
sh603383,0,0,0
sz000720,0,0,0
sh601163,0,0,0
sz300600,0,0,0
sz002324,1040,0,0
sh600992,5806,8179,0
sz001965,18782,17062,2799
sz002529,3790,0,0
sh601020,0,0,0
sz002857,0,0,0
sz002777,0,0,0
sh600310,0,0,0
sz300127,0,643,0
sh603608,0,1324,0
sh603718,1000,0,0
sh600299,4792,876,0
sh600611,0,0,0
sh603970,433,1294,560
sz300537,0,0,0
sz002903,2750,683,262
sh600565,6188,3004,0
sz002763,0,0,0
sz002212,35047,0,0
sh603899,602,0,0
sh600192,0,0,0
sz300670,0,566,0
sh603808,0,0,0
sz000811,3006,0,0
sz002682,0,0,0
sh601100,2702,1185,0
sz000948,0,0,0
sh600116,3324,2792,0
sz300257,0,0,0
sz300163,0,0,0
sz300687,0,0,0
sz002417,0,0,0
sh603816,1417,652,0
sh603003,2078,0,0
sh600633,777,3324,0
sh603579,0,0,0
sh600248,0,0,0
sz002213,0,0,0
sz002757,0,301,0
sh600086,6270,4074,0
sh603238,0,0,0
sh600855,0,0,0
sz300688,0,0,0
sz002222,0,2218,0
sz000651,172974,176370,22661
sz000682,2200,0,0
sz002252,0,1400,0
sz002282,0,725,0
sh600704,3733,14476,0
sz000927,0,5413,0
sh600673,2046,14316,0
sh603168,1696,0,0
sz300621,0,0,0
sz002510,2413,0,0
sz300213,0,2700,0
sh600048,530294,602381,38910
sz000554,0,1416,0
sh600781,1016,0,0
sz002731,0,0,0
sh603299,2102,2256,0
sh600439,2000,4641,0
sz300273,0,0,0
sz000025,0,0,0
sz002730,0,1143,0
sh601222,7763,8793,0
sz000750,24190,20841,0
sz300648,0,0,0
sz300527,0,0,0
sz300378,10661,5861,0
sh600195,744,0,0
sh600278,0,0,0
sz300668,0,1843,0
sz300662,0,0,0
sz002511,5930,1894,0
sz300503,0,0,0
sz300483,667,302,0
sz002680,0,0,0
sh601231,1886,0,0
sz002383,0,0,0
sz300205,1130,0,0
sh601616,0,0,0
sh600711,13822,6641,0
sz300276,0,0,0
sh600810,0,0,0
sz000425,219078,274015,0
sz300626,0,0,0
sh601939,688291,606238,27356
sz002123,0,0,0
sh603128,0,2648,0
sz002296,21287,86533,0
sh601333,38685,47770,0
sh600246,0,2382,0
sh603730,0,0,0
sz002198,991,0,0
sz002660,0,0,0
sz300141,0,0,0
sz002234,0,0,0
sh600421,0,3578,0
sz000732,194418,161550,28017
sh603139,0,0,0
sz002190,0,0,0
sz002761,2658,0,538
sz002837,0,0,0
sh603369,5577,2732,565
sh600200,0,0,0
sz002025,1313,479,0
sz002145,21792,0,0
sz000785,0,2307,0
sz300607,0,687,0
sz002752,6120,0,0
sz000850,0,0,0
sh603367,1736,0,0
sz002533,0,0,0
sz002898,2983,1218,0
sz002367,3793,1323,0
sh600610,0,0,0
sz300442,0,0,0
sh600433,0,0,0
sz000810,0,0,0
sh603286,0,0,0
sz300180,3300,539,0
sz000715,0,0,0
sz300499,0,0,0
sz002760,20738,12663,1182
sh600075,3380,0,0
sh601727,0,7690,0
sz002021,0,0,0
sh603890,565,1619,528
sz002619,5000,5072,0
sz300561,0,765,0
sz000863,0,0,0
sz002918,449,0,0
sh600468,0,3232,0
sz002589,1000,3541,0
sh600650,0,0,0
sz002582,0,0,0
sz002203,0,0,0
sz300077,66216,114334,4341
sz002141,1500,0,0
sz002322,1510,0,0
sh600141,7485,0,0
sh603595,187,282,0
sz002055,0,1171,0
sz300393,0,0,0
sh600300,0,0,0
sh600305,1008,1514,0
sz300382,6556,0,0
sz300313,0,0,0
sh600790,0,0,0
sz002690,0,1660,0
sh600510,0,0,0
sh600780,0,0,0
sz300602,0,0,0
sz300732,137,278,0
sz300445,0,800,0
sz300183,0,0,0
sz300439,0,0,0
sh603648,6259,5112,0
sz300553,0,0,0
sz002649,2003,10996,0
sh601968,0,0,0
sz000667,12329,47090,0
sh601311,928,1110,0
sh600422,0,2000,0
sz000755,0,0,0
sz002756,500,528,0
sh601226,0,0,0
sh601929,25243,0,0
sh600895,959,1240,0
sz002250,0,1500,0
sz300236,500,0,0
sz300094,0,0,0
sz002885,0,0,0
sz002595,0,645,0
sh600768,0,865,0
sz300476,2616,0,0
sz300352,0,6037,0
sz002444,799,3381,0
sz300065,0,0,0
sh600883,0,0,0
sz002577,0,0,0
sh603515,1161,912,306
sh603319,0,0,0
sh600531,0,0,0
sh600742,2040,2218,0
sz002909,0,2064,0
sh601886,0,1114,0
sh600331,0,0,0
sh603106,16717,23151,6426
sz300663,7842,13759,1640
sz300254,0,0,0
sz002364,0,0,0
sh600267,28818,16627,1604
sz002194,2066,2279,0
sz300605,0,0,0
sh603806,0,0,0
sh600797,0,3073,0
sz002538,7666,1200,0
sz002295,0,0,0
sz002727,517,0,0
sh603737,152,200,0
sz002306,0,0,0
sh600654,0,3000,0
sh603159,1402,0,0
sz002266,2599,0,0
sh600149,0,0,0
sh600009,8358,8587,372
sz000632,0,0,0
sz000958,0,0,0
sz002434,0,0,0
sz300400,2732,7266,0
sz002897,5467,2803,1746
sh603517,0,382,0
sz300308,1411,1031,0
sz002923,10611,15342,1254
sh600477,32920,6659,0
sz002020,2520,3377,0
sz002034,0,0,0
sz002801,0,0,0
sz000895,12501,14024,1064
sh600812,0,0,0
sz300473,0,0,0
sh600012,0,2742,0
sz001979,80919,128656,2712
sh600229,0,0,0
sz000652,0,0,0
sz300259,0,0,0
sh600476,0,0,0
sz300262,0,0,0
sh600871,9341,4350,0
sz300172,0,0,0
sz002659,0,0,0
sz002278,5143,8219,0
sz002300,0,0,0
sz300151,0,1731,0
sz002027,46977,87805,0
sz002753,0,0,0
sh603829,0,4004,0
sh600966,16000,16628,0
sh601009,393538,257628,6713
sh601877,19622,4094,0
sz000028,1869,170,0
sz002593,0,0,0
sz300635,0,0,0
sh603268,0,0,0
sh600936,0,0,0
sz300179,0,0,0
sz000404,1847,4730,0
sz000090,1006,30433,0
sz002888,0,476,0
sz300467,0,0,0
sh603266,0,0,0
sz300502,506,493,0
sz000739,0,3356,0
sh603363,42147,40739,1283
sz000883,0,11329,0
sh603658,560,1030,0
sh600722,0,0,0
sh600996,0,0,0
sh600379,0,1300,0
sz000423,10825,9414,1911
sh603699,992,0,0
sh600763,5594,1457,395
sz300513,0,0,0
sh603711,3110,1479,0
sh603688,0,0,0
sz000966,0,0,0
sz300639,1258,536,0
sh603606,0,0,0
sz000506,0,0,0
sz002151,3020,2844,0
sz000514,0,0,0
sz002128,14636,7945,0
sz300643,0,0,0
sz002287,0,0,0
sh600323,0,2523,0
sh603007,0,0,0
sz002828,0,0,0
sz300456,0,0,0
sh600143,7543,0,0
sz002396,5731,5744,0
sz002866,0,2299,0
sz300423,0,0,0
sz002632,0,0,0
sh600995,0,0,0
sh600155,0,1062,0
sh603315,0,0,0
sh600146,25257,18493,1251
sh600881,2858,13021,0
sh600039,5235,15045,0
sz300679,485,375,349
sz300487,22704,68076,0
sh600094,1509,0,0
sz000410,0,0,0
sz000935,4018,723,0
sz002200,0,0,0
sh600858,0,0,0
sz000422,0,0,0
sz300291,18365,77215,0
sh601088,106712,112245,3183
sz002221,5231,7821,0
sz002883,0,200,230
sz002445,1917,1010,0
sz002010,3329,0,0
sh600892,0,1092,0
sh600630,0,0,0
sh601933,186456,151193,5153
sz300293,0,0,0
sh600266,2818,3358,1100
sz000729,43570,36493,0
sh600869,5000,20740,0
sh601700,0,0,0
sz002229,0,0,0
sz000686,3958,24936,0
sh600808,275036,180728,0
sz300529,901,748,0
sz002349,0,0,0
sh603111,0,0,0
sz300395,0,785,0
sz300092,0,0,0
sz300705,342,0,0
sh603689,680,2649,0
sz000970,980,8150,0
sz000403,11832,1541,0
sz002652,0,0,0
sz002119,0,0,0
sh600345,1323,978,0
sh600201,2996,9488,503
sh600513,0,0,0
sh600596,88656,40611,1660
sh600176,119566,85179,1732
sh600101,0,0,0
sz000050,2258,4414,2609
sh603656,0,0,0
sh600017,6652,6184,0
sh600503,0,0,0
sh600885,2092,1569,363
sz300324,10853,2485,0
sz000612,0,2368,0
sh603557,0,0,0
sz000882,0,5000,0
sh600284,0,0,0
sz300591,0,0,0
sh600173,0,0,0
sz002441,0,0,0
sz300375,0,1420,0
sz300410,1387,2001,0
sz002792,0,0,0
sh603685,353,280,0
sz002625,0,0,0
sh600619,1174,0,0
sz002799,723,0,0
sz000709,199208,108487,0
sh600199,4305,3792,0
sz002393,0,0,0
sh600251,1249,6633,0
sh600835,8273,5089,0
sh600172,1361,8699,0
sh600973,0,0,0
sz002729,0,0,0
sz300048,0,0,0
sh600275,0,0,0
sz002667,0,0,0
sz002281,9476,14637,0
sz002896,296,0,0
sh603778,0,0,0
sh600717,0,1816,0
sh600897,0,460,0
sh603126,0,0,0
sh603380,0,618,0
sh600844,0,0,0
sz300216,0,0,0
sh603869,0,0,0
sz000782,0,0,0
sh603912,15203,14838,3953
sh600676,0,1673,0
sz002662,0,0,0
sz300097,501,1638,0
sz002293,0,0,0
sh600073,0,0,0
sz300232,0,0,0
sz300366,863,0,0
sz000151,0,0,0
sz002501,0,1456,0
sz002387,0,1448,0
sh600405,0,0,0
sz300253,0,1502,0
sh603229,0,0,0
sh603360,0,0,0
sh603316,0,0,0
sz002071,1051,0,3214
sh603033,0,0,0
sz300133,1068,0,0
sz002843,0,0,0
sz000301,0,0,0
sz000898,251404,99898,6016
sz002514,0,2789,0
sz000584,735,0,0
sz300497,319,0,0
sz300557,0,0,0
sz002276,0,1681,0
sz002243,0,0,0
sz002051,8375,2987,609
sz002831,175,385,0
sz002913,0,265,0
sz000021,73219,85307,0
sh600690,205398,216146,7571
sz002268,471,0,0
sh603580,700,0,0
sh601107,3316,0,0
sh603665,0,0,0
sz300332,4000,0,0
sh600879,0,3295,0
sh600292,0,1199,0
sz000043,0,2897,0
sz300347,868,1019,0
sz002723,0,0,0
sz000889,0,2021,0
sh600458,0,1277,0
sz002850,0,0,0
sh600281,0,0,0
sz002095,343,0,0
sz002541,0,0,0
sh600621,4089,3902,744
sz002864,567,1018,0
sh603386,3159,5631,540
sh600007,0,0,0
sz300341,0,0,0
sz002094,0,553,0
sh600511,425,1294,0
sz002674,0,0,0
sz000617,0,2058,0
sz300715,0,0,0
sh600000,284256,308622,1814
sz300066,0,2500,0
sh600372,0,0,0
sz000419,1976,0,0
sz002150,0,0,0
sz000421,0,0,0
sh601958,15354,11778,0
sh600815,0,0,0
sz002174,4214,500,0
sz300638,0,0,0
sz300534,0,0,0
sz002309,0,1311,0
sh600126,0,1974,0
sh600749,0,0,0
sz002832,0,0,0
sz000800,14888,17281,0
sh600508,1724,0,0
sh600351,0,9073,0
sh601099,42538,95285,0
sz300449,0,0,0
sz002153,418,2428,0
sh603177,968,1147,0
sz300556,0,2643,0
sz002008,14002,17100,651
sz002002,0,2108,0
sz000002,134795,135964,9843
sh603158,0,0,0
sz300371,0,0,0
sh600308,17569,2674,0
sz002645,0,485,0
sz300719,1037,871,0
sz002217,3518,3704,0
sz000938,562,342,0
sz000738,0,1123,0
sz000795,0,1689,0
sz002062,7499,0,0
sh600036,239796,250994,12821
sh603936,0,0,0
sz300587,0,0,0
sh603501,2370,979,0
sz300598,0,0,0
sh600520,936,547,0
sh603222,0,0,0
sz300057,0,0,0
sz002144,0,0,0
sh603963,0,0,0
sz002648,21940,13408,0
sz002035,3197,5890,0
sz000630,79779,87235,0
sz000952,0,0,0
sh600228,813,1059,0
sz000922,0,0,0
sh600735,0,2669,0
sh600008,10974,32400,0
sh600346,60935,25360,1641
sz002750,0,0,0
sz000975,3774,3558,0
sh600755,45668,51104,0
sz002486,0,6091,0
sz002455,0,0,0
sh603866,0,0,0
sz000828,0,1000,0
sz000581,7549,15505,0
sh603519,0,0,0
sz002149,1797,0,0
sz002847,0,0,0
sh600096,1439,2581,0
sh603860,0,0,0
sz300286,0,1000,0
sz002449,0,849,0
sh601818,1683877,1552328,2939
sz002503,21627,12616,0
sz002159,0,0,0
sz000017,0,0,0
sz300538,0,0,0
sz002353,1615,3292,0
sz002611,3400,0,0
sz300053,4165,4900,0
sz002374,0,0,0
sz000869,602,847,0
sz002665,23429,27461,0
sz002616,1505,0,0
sz000718,6509,35350,0
sh600678,0,0,0
sz002474,0,9853,0
sz300091,0,0,0
sz000987,0,0,0
sz000977,4789,7269,0
sh600648,0,2348,0
sz002139,1181,3950,0
sh603881,0,0,0
sz002157,10998,35280,0
sh603799,12081,14641,766
sh603801,190,830,0
sh601969,0,0,0
sh600705,20963,27870,0
sz000587,51122,14631,0
sz002102,11145,5196,0
sz002134,0,0,0
sz002623,0,0,0
sh600175,52245,15573,0
sh601611,17290,12499,0
sh600306,0,0,0
sh600573,1329,0,0
sz300339,0,0,0
sh600183,30175,16107,1002
sz300618,1456,1369,199
sh601669,116940,65771,1482
sz002802,0,0,0
sz300348,0,0,0
sh603722,0,1675,842
sh600025,435740,583235,6354
sz002640,1339,705,0
sz300418,8462,10838,0
sh603318,0,0,0
sh600133,2594,6453,0
sz002743,5394,9341,932
sz300552,0,0,0
sh600796,0,0,0
sh600207,0,0,0
sz000788,0,0,0
sh600824,0,0,0
sz300279,0,0,0
sh600068,229321,198442,1213
sh603960,0,0,0
sh600559,14534,6007,0
sz000999,958,4188,0
sz002683,5664,0,0
sz000430,0,0,0
sz000062,0,682,0
sz002766,0,920,0
sz300085,0,1209,0
sh600668,0,695,0
sz300433,1271,1209,0
sh600011,0,29889,0
sz002910,10041,9660,979
sz002109,0,0,0
sh603329,961,2432,0
sh600721,0,0,0
sz300702,0,0,0
sh603060,0,800,0
sz002036,0,0,0
sz000662,0,0,0
sz300666,1164,1457,0
sz002705,0,0,0
sh600826,0,0,0
sz002090,0,0,0
sz300321,500,0,0
sh600624,0,0,0
sz300011,3046,0,0
sz002013,1141,4586,0
sh600109,18849,9545,0
sh601038,0,0,0
sh601636,98806,49275,0
sz300457,0,0,0
sz300197,0,3380,0
sz300706,662,2894,0
sz002421,0,5990,0
sh603099,0,0,0
sz002340,24437,51671,0
sz000488,110917,79508,4415
sz300464,0,0,0
sz002058,1110,1130,0
sz002692,0,1420,0
sz002436,0,0,0
sh600367,0,0,0
sh600161,1652,3365,0
sh603027,0,1714,0
sz002576,0,782,0
sz000923,934,0,0
sz000778,58234,21271,0
sz002505,0,5407,0
sz002233,2418,3868,0
sh600095,0,0,0
sz300447,0,0,0
sh600683,0,0,0
sz002703,0,0,0
sz002342,3845,1636,0
sz000004,0,0,0
sz002840,1138,0,0
sz000411,0,0,0
sh601918,5922,10130,0
sh601318,879925,949265,123521
sh600217,0,0,0
sh603600,0,0,0
sz002748,0,0,0
sh600213,1292,1393,0
sh603721,403,0,0
sh600165,0,0,0
sz002085,19968,1790,0
sh601069,4946,11678,0
sz300657,289,259,0
sh603797,1078,9093,0
sh601158,0,0,0
sz000701,0,0,0
sz002614,0,0,0
sh600111,106833,69527,2817
sh600426,33774,19067,1983
sz002678,0,0,0
sh600558,4001,0,0
sz002735,0,0,0
sz000761,105658,227054,0
sh603586,0,0,0
sz002183,7112,15871,0
sh600337,18736,5757,0
sz000813,0,3792,0
sh603496,0,0,0
sz002726,0,0,0
sz002921,2455,4708,0
sh600288,0,1500,0
sh600999,42119,49899,0
sz000680,0,0,0
sz000791,0,9498,0
sz300113,1237,5785,0
sz300203,1855,492,0
sh601101,3504,0,0
sh600121,3763,1674,0
sz000951,4593,1473,0
sz000407,0,0,0
sh600680,0,1135,0
sz300156,11793,0,0
sz300394,0,573,0
sz002230,45210,53990,6329
sh603366,0,0,0
sz300420,0,1480,0
sh600233,0,0,0
sh600077,3930,0,0
sz300399,0,0,0
sz002644,6551,1010,0
sz002280,5027,11066,0
sh600320,24474,19367,0
sh603037,359,363,0
sz000650,0,2044,0
sh600069,19773,1374,0
sz300617,0,252,0
sz000530,0,0,0
sh600389,1530,0,0
sz002782,0,720,0
sz300270,2575,0,0
sh603690,0,0,0
sz002769,0,0,0
sh600833,0,0,0
sh600343,0,0,0
sz300095,0,0,0
sh603157,800,2047,0
sz300460,0,0,0
sh600548,0,3071,0
sh603630,0,0,0
sz002890,0,0,0
sh600353,0,3109,0
sz300102,2615,4215,0
sz300142,20762,13599,0
sz002418,0,0,0
sh603377,0,0,0
sz002583,7972,7847,0
sh603396,0,507,0
sz000690,11630,22045,0
sz002793,0,0,0
sz000055,0,0,0
sz002031,0,0,0
sz300150,0,0,0
sz300691,161,0,0
sh600301,0,0,0
sh600030,1230839,1008464,132985
sh600312,4989,1404,0
sh601001,1640,5139,0
sh601011,11059,13905,0
sh600498,2196,6368,1262
sz000538,2715,5733,157
sz300078,0,0,0
sz300398,0,2088,0
sz002172,0,0,0
sh600724,0,0,0
sh603906,1131,0,0
sz002518,611,0,0
sh600660,6410,7855,0
sh603258,0,0,0
sz000825,189688,90637,0
sz300014,4685,3062,0
sh600436,3016,2142,0
sz002818,0,0,0
sz300429,0,0,0
sz300040,0,0,0
sh600699,953,3758,0
sh600061,752,3496,0
sz002273,4429,9098,568
sz300359,0,3931,0
sh601390,278264,146102,0
sz002715,0,0,0
sh600569,154709,102089,4446
sz002768,0,0,0
sz300723,2794,1372,257
sz300208,0,0,0
sz000563,65900,138484,0
sh603335,9105,853,0
sh603298,0,0,0
sh603636,2500,0,0
sh601177,0,0,0
sz000711,1862,0,0
sz000949,0,0,0
sz300550,0,0,0
sh603567,0,0,0
sz002237,4320,8555,1111
sz002117,3118,3913,0
sh600757,1466,0,0
sz000498,7436,0,0
sz002461,2939,0,0
sh600180,0,0,0
sz300131,0,2218,0
sh603277,0,0,0
sz002603,1785,3698,0
sh600182,0,0,0
sz000009,4302,8423,0
sz002429,3000,3000,0
sh603131,0,715,0
sh600816,4727,12679,0
sz000731,0,1352,0
sz002559,1255,0,0
sz300365,3042,3409,0
sh600933,4438,6607,1122
sh600963,0,3722,0
sz002508,2437,667,0
sz300007,2758,9593,0
sh600348,21430,16646,0
sh601016,0,3107,0
sh600593,847,0,0
sh600662,0,4700,0
sz300525,0,0,0
sh600478,2443,3571,0
sz300495,0,0,0
sz002499,0,0,0
sh600566,4033,749,0
sh600137,0,0,0
sz002205,0,0,0
sz002356,0,380,0
sz002796,0,0,0
sz300320,0,0,0
sz000413,15082,37340,0
sz000910,4945,1740,0
sz300310,0,1421,0
sh603877,0,0,0
sh600550,0,4213,0
sz000572,2330,2429,0
sz002868,1037,864,0
sh600317,0,3546,0
sz300212,1021,0,0
sh600575,0,0,0
sz002264,25222,8969,0
sz002496,8325,23851,0
sz002299,1586,2236,0
sz300489,0,0,0
sz002676,0,0,0
sz002669,480,0,0
sh601689,0,603,0
sz002893,4562,2286,0
sz002610,39599,129470,0
sh600236,0,0,0
sz300519,0,0,0
sz300376,0,0,0
sz300103,0,0,0
sh601218,0,0,0
sh603686,0,475,0
sh603919,0,533,0
sh600444,0,1951,0
sh603123,0,0,0
sh601882,0,2001,0
sh603955,280,0,0
sz002686,0,0,0
sh603063,0,0,0
sz002643,5633,5448,0
sh600854,0,3920,0
sz300063,0,0,0
sz300451,1113,504,0
sz002030,1170,2723,610
sz002105,0,2977,0
sz000536,0,2210,0
sz300021,0,0,0
sh603026,0,712,0
sh600268,0,0,0
sh600352,477840,249492,12431
sh603322,0,0,0
sh600131,0,0,0
sz000981,0,2000,0
sh600153,12178,31692,0
sh603528,0,0,0
sz300431,7640,10733,0
sh600737,3253,3373,0
sh603444,0,0,0
sh600210,2150,0,0
sz002074,5205,22264,0
sh600864,0,1691,0
sz002083,0,0,0
sz002759,0,0,0
sz002350,0,0,0
sz000997,3579,4470,0
sh603708,2214,1245,0
sz300189,0,0,0
sh600198,2820,6429,0
sh600276,8813,12209,258
sh603976,0,0,0
sh601858,0,0,0
sh603885,0,1703,0
sz300191,0,0,0
sh600318,0,0,0
sz300316,14764,11718,0
sz002386,0,0,0
sz000663,1407,601,0
sh600804,2666,2368,0
sh603980,13421,5470,518
sh600732,1447,0,0
sz000779,0,0,0
sz000619,0,14787,0
sh601996,0,0,0
sz300515,0,0,0
sz002207,0,0,0
sh600744,0,0,0
sh600791,0,0,0
sh600726,0,0,0
sz000560,0,0,0
sz000851,1370,1291,0
sz300536,0,1994,0
sh603928,0,0,0
sh600502,4596,9176,0
sz300108,1500,0,0
sz002612,0,0,0
sh600873,6498,11865,0
sz002359,9767,13097,0
sh600488,0,0,0
sh600158,977,1025,0
sh600197,38229,30359,2636
sh603701,0,0,0
sh600980,0,0,0
sh600880,1901,0,0
sh603996,0,2199,0
sh603078,3055,358,0
sz000616,0,2815,0
sz300080,0,0,0
sh600682,4891,3512,0
sz002494,0,1774,0
sh603676,22243,8517,0
sz002131,20537,30424,0
sh603637,0,0,0
sz002063,94782,172463,16477
sh603716,0,0,0
sz000835,0,0,0
sh603018,0,637,0
sh601186,224413,149329,956
sh600401,49893,0,0
sh600888,2491,2204,0
sh603767,0,0,0
sz000638,0,2482,0
sz002497,5524,3472,0
sz002135,0,0,0
sz000510,0,0,0
sh600393,0,0,0
sz002701,14617,1997,0
sz300507,0,0,0
sz300006,0,1827,0
sz000876,49123,20530,0
sz002899,0,402,0
sz002170,0,0,0
sz000818,2272,4320,0
sz002022,2647,2900,0
sz002688,0,0,0
sh600975,0,0,0
sh600517,2430,0,0
sz000023,0,0,0
sz300380,0,0,0
sh600019,833011,572096,8112
sh600241,0,0,0
sh600151,0,0,0
sz002289,2565,3002,0
sh600866,0,0,0
sz002346,0,0,0
sz002733,3440,0,0
sz002633,0,0,0
sz000655,0,0,0
sz000768,702,5051,0
sz002650,63379,7750,0
sz002384,5907,4692,0
sh603507,556,303,0
sz002316,0,0,0
sz002177,0,0,0
sh603859,480,0,0
sz000418,593,149,0
sh600884,6697,8279,0
sh603488,581,3624,0
sh600209,56479,131653,11248
sh601985,164131,73808,0
sz002216,0,0,0
sh603110,0,0,0
sh601881,26950,37516,1011
sz300450,2507,7097,902
sz000856,590,2603,0
sh601106,0,18845,0
sz002420,0,0,0
sz300722,2286,533,656
sz002247,0,0,0
sh600652,25809,45445,1249
sz002019,12650,4700,0
sz002578,0,0,0
sz002272,0,0,0
sz002067,9448,1982,0
sz002620,0,0,0
sz002223,991,2702,0
sz002816,0,0,0
sz300731,0,1537,0
sh600495,1890,2407,0
sh603825,0,0,0
sh603758,0,0,0
sz002104,3040,7098,0
sz300612,20890,34151,2516
sz000998,6442,10768,0
sz002426,1981,2168,0
sz300267,3176,0,0
sz000576,3808,661,0
sh603861,0,0,0
sh601188,0,0,0
sh600629,0,0,0
sh600846,2179,0,0
sh601368,0,0,0
sz300211,0,0,0
sz002891,0,0,0
sh600456,0,1217,0
sh601828,0,0,0
sh600917,3022,0,0
sh603188,1288,0,0
sh603998,0,0,0
sz002601,31706,10908,0
sh601801,0,0,0
sh600189,1643,0,0
sz002114,922,0,0
sz300511,0,0,0
sz300373,462,0,0
sz002798,0,1097,0
sz000600,12517,6812,0
sz002466,21884,22839,260
sz300288,813,5148,0
sh603223,0,0,0
sz300083,10142,7094,0
sh603787,0,0,0
sh600117,0,1873,0
sz300003,4213,3100,0
sh603001,0,0,0
sz300415,0,0,0
sh603165,3871,1096,0
sz000533,21188,1070,0
sh600307,137926,46175,0
sz000783,24570,23849,0
sh603889,3799,872,0
sh600800,0,0,0
sh603416,0,0,0
sh600623,2503,0,0
sz300407,0,1110,0
sz000881,861,0,0
sz300440,0,0,0
sz000929,0,1364,0
sh603181,1924,3582,458
sz002294,6152,10847,890
sz002587,0,0,0
sh601007,0,0,0
sz002811,0,0,0
sz002446,0,0,0
sh600449,1046,4400,0
sz300342,0,0,0
sh601595,1444,10332,0
sz000886,3122,12175,0
sh601229,56913,66134,1097
sh600239,231955,236564,4274
sh603883,831,393,0
sz300548,0,0,0
sh600865,0,0,0
sz002787,0,0,0
sz300468,1463,5730,260
sz300039,0,0,0
sz000550,19570,19093,1486
sh603696,0,0,0
sz002471,0,0,0
sz002315,0,0,0
sz002156,5291,9693,0
sh603659,0,296,0
sh603050,492,0,0
sz300309,0,0,0
sz000860,14149,2396,0
sh603826,1910,1691,0
sz002475,43366,54827,1011
sz002259,2000,2000,0
sz000417,1630,0,0
sz300246,0,0,0
sh600298,5265,2989,1034
sz000955,0,0,0
sz000037,0,0,0
sz300243,0,0,0
sh601800,121883,50593,25922
sz002661,0,0,0
sz300516,0,0,0
sz002439,1018,3381,0
sz300043,0,0,0
sh601880,35901,44161,0
sh600020,4002,22448,0
sz300649,1000,0,0
sh601928,0,4694,0
sz300581,0,0,0
sz300685,302,660,0
sz000973,2064,0,0
sh603326,0,0,0
sh603127,0,0,0
sh603677,420,4933,0
sh600358,2033,0,0
sz002269,0,6405,0
sz000793,15500,17492,0
sh600642,3112,12600,0
sh601168,14635,19684,0
sz300551,0,0,0
sz002142,31564,31128,536
sz000965,0,1800,0
sh600606,596805,536455,26533
sz002719,0,0,0
sz300405,0,0,0
sh600898,0,0,0
sz000016,15860,11969,0
sh600841,0,0,0
sh600255,0,0,0
sh600321,0,0,0
sh600787,11550,18209,0
sz300327,500,389,0
sz002736,191329,131991,12806
sh600398,5687,18906,0
sz002231,0,0,0
sz002379,3010,0,0
sh601111,190817,219166,4104
sz300482,1086,165,0
sz300512,0,0,0
sh600990,453,611,0
sz002776,0,0,520
sz002162,10771,2841,0
sz300631,3897,10974,0
sz000756,3829,2500,0
sz300277,1500,1427,0
sz002642,0,1021,0
sz300627,0,0,0
sh603189,0,0,0
sz002606,12006,4089,0
sh600395,2000,2008,0
sz000573,0,0,0
sh603868,898,0,0
sz002786,1217,0,0
sh603090,0,0,0
sh603505,0,1565,0
sz002388,0,0,0
sz002842,0,0,0
sz002045,2147,10401,0
sh600896,0,2138,0
sz002069,0,0,0
sz002613,0,4051,0
sh600761,0,1200,0
sh603196,1230,0,0
sh601777,0,8120,0
sh600527,0,0,0
sz002707,0,0,0
sh601999,0,0,0
sz300653,0,0,0
sh600765,0,1000,0
sh600130,8339,0,0
sz002797,108490,107894,3827
sh603042,0,0,0
sz002298,0,0,0
sz002490,3635,0,0
sz300072,12991,16385,525
sz000960,14008,3268,1377
sz300335,0,0,0
sz300362,0,0,0
sh600428,1819,0,0
sh600720,20657,14753,0
sz300568,600,798,494
sh600064,0,0,0
sh603077,0,0,0
sh600857,0,0,0
sz000628,1324,0,0
sz002892,0,0,0
sh603605,1009,0,0
sz002073,0,0,0
sh603179,0,724,0
sh603166,0,0,0
sh603508,0,0,0
sh603958,0,0,0
sz300438,0,706,0
sz300417,0,0,0
sz300542,12626,10824,3588
sz300667,0,0,0
sz002334,0,0,0
sz002563,0,0,0
sh600843,0,0,0
sz300070,5755,11937,0
sh600050,1082137,681065,0
sz300265,0,0,0
sh601003,154964,90543,0
sz000671,58042,126998,0
sz000636,4749,20024,2015
sz002819,0,0,0
sh600615,0,0,0
sh600636,0,0,0
sz000532,0,0,0
sz000603,0,4542,0
sh600409,96905,39197,0
sh603197,0,0,0
sz002187,0,0,0
sz002687,0,0,0
sz002127,0,4893,0
sz300360,0,0,0
sh600731,6065,0,0
sh600230,7924,4169,236
sh601326,1870,13273,0
sz002498,0,0,0
sh600115,153092,200592,1639
sz002708,0,0,0
sz300683,200,200,0
sz300302,1007,947,0
sh600362,33977,25986,0
sh603198,1824,0,0
sz300711,1893,332,385
sz000803,0,0,0
sz002043,7044,10860,0
sh603833,341,90,0
sz000089,23617,15846,0
sh600415,1877,9608,0
sz002362,1302,0,0
sh601899,573339,599528,0
sh600984,0,0,0
sh600712,0,0,0
sz000066,8186,11035,0
sz002186,0,0,0
sz002185,20861,18069,0
sz002288,3000,3781,0
sh600289,248821,22748,3440
sz000752,0,0,0
sh600340,101394,105539,13659
sz300636,0,0,0
sz000697,479,2409,0
sh600561,0,0,0
sh600203,4454,0,0
sz300055,0,2091,0
sz002121,1516,1461,0
sh601228,2936,16919,0
sz002188,0,1684,0
sz002468,0,0,0
sh603566,586,0,0
sh600070,0,0,0
sz002016,1072,2214,0
sh600872,0,500,0
sh601888,11645,19344,1481
sz300009,7256,5284,1325
sz300234,0,3158,0
sz002265,0,0,0
sh601618,101046,40962,0
sz000551,0,0,0
sh600867,11994,8714,0
sz300333,0,1300,0
sh601555,13722,20223,0
sh600027,49116,37850,0
sz002354,905,4185,0
sh600684,3800,5591,0
sz002329,0,0,0
sz300421,0,0,0
sz002487,0,0,0
sh600391,0,0,0
sh600132,0,2834,0
sh600643,9679,4491,1079
sz000159,0,0,0
sh603008,3500,2243,0
sh601116,3065,1948,0
sh603288,1108,628,0
sz002502,0,0,0
sh603558,0,0,0
sz300084,0,0,0
sz300280,0,0,0
sz002006,0,0,0
sz002790,0,0,0
sz002846,0,0,0
sz000408,1080,0,0
sz000010,12545,11985,0
sh600758,0,0,0
sh600743,4005,0,0
sh600716,0,5568,0
sz002695,0,0,0
sz000758,0,1601,0
sz002261,1794,0,0
sz000957,0,0,0
sh600023,8553,19686,0
sz300117,1500,2070,0
sh603668,0,0,0
sz300710,2801,1102,0
sz000620,0,0,0
sh603036,943,0,0
sz002313,1768,2247,500
sz002457,1024,1080,0
sh600258,7977,1066,0
sz002301,0,0,0
sz002255,0,0,0
sz002373,1122,774,1402
sh600291,51541,43960,4839
sh600186,0,8308,0
sz000018,0,0,0
sz300249,0,0,0
sz000887,1178,1981,0
sh600060,8713,9170,2046
sh600496,15044,10379,0
sh600583,10421,0,0
sz000985,0,0,0
sz002410,600,2704,610
sz000589,0,0,0
sz002065,48700,62400,0
sh600707,0,0,0
sz300138,0,0,0
sz300465,1417,1333,0
sz000001,693209,572881,47030
sz002274,0,0,0
sz002771,0,0,0
sz002878,0,0,0
sz000150,0,500,0
sz000736,0,0,0
sz300645,450,0,0
sz000020,0,0,0
sh600978,1305,0,0
sz002402,0,2568,0
sh603041,0,0,0
sh600782,142137,57188,0
sh603843,0,0,0
sz002224,0,0,0
sz300185,0,0,0
sh603848,958,2221,0
sz300340,1718,918,0
sz300684,0,0,0
sh603589,7214,3740,589
sh601000,7827,37474,0
sz002596,4147,8496,0
sh603683,7416,28904,1712
sz002478,0,0,0
sz300237,0,0,0
sz002628,0,6115,0
sh600354,5651,2000,0
sz002308,0,0,0
sh600303,0,0,0
sz300304,0,0,0
sz300501,0,0,0
sz300171,0,0,0
sz300023,0,1215,0
sz300452,0,0,0
sh600169,0,0,0
sz000816,0,12314,0
sh600644,0,0,0
sz300521,0,0,0
sz002047,0,0,0
sz002597,26723,9804,0
sz000596,4752,2147,0
sz300248,0,0,0
sh600083,876,0,0
sz002808,0,0,0
sh600908,74587,27672,3402
sh600792,0,0,0
sh601518,0,0,0
sh603538,0,0,0
sh600679,0,0,0
sz002691,0,0,0
sh600104,68405,89536,3428
sz300381,0,0,0
sz002713,1157,0,0
sz300096,7876,1600,0
sh600231,31721,21515,0
sz300058,0,1826,0
sz002155,3953,14630,0
sh600240,0,4333,0
sh601377,64105,78051,0
sz000401,12978,12641,0
sz300559,0,0,0
sz002800,0,0,0
sh601021,644,1178,0
sz002088,0,0,0
sz300174,0,0,0
sh600105,0,0,0
sz000786,44927,22112,1336
sz002052,0,0,0
sh601179,9998,5796,0
sh600193,0,2104,0
sh600491,0,1600,0
sh600408,0,3400,0
sh600706,0,0,0
sh600377,4183,11603,0
sh603499,0,0,0
sh603300,7367,16565,6952
sh601872,0,0,0
sh600219,17838,45434,0
sz002191,0,0,0
sh600838,0,0,0
sh603015,0,0,0
sz300655,0,0,0
sz002762,0,0,0
sz000799,6545,1566,0
sh600223,0,5600,0
sz002598,0,0,0
sz002554,0,3280,0
sz300326,0,0,0
sz002506,5266,9243,0
sh600074,0,0,0
sz002925,0,0,0
sz300402,0,0,0
sz002492,0,0,0
sz000691,0,0,0
sh603611,0,0,0
sz002791,0,0,0
sh600295,0,1045,0
sh600577,0,0,0
sh601717,0,0,0
sz000005,0,0,0
sz300271,0,3025,0
sz300162,0,0,0
sh600403,0,2202,0
sz002785,0,0,0
sz300067,4771,0,0
sh600525,1841,7490,0
sz300194,0,0,0
sz300145,4221,3582,0
sh600746,0,0,0
sz300369,1095,0,0
sz300034,0,985,0
sz300349,427,1109,0
sh601211,62264,78683,2756
sh600965,0,0,0
sh600059,1295,0,0
sz300052,1059,4138,0
sh600272,0,0,0
sh600006,2590,4999,0
sh600605,0,0,0
sz002385,8399,8298,0
sh603180,0,172,0
sz002430,7313,970,0
sh603669,0,0,0
sh600319,0,0,0
sz002681,1010,0,0
sz002076,0,0,0
sz300611,0,0,0
sh603726,0,0,0
sh601019,3490,6011,0
sh601398,2578099,1814911,13264
sz300729,0,333,0
sh600091,0,2000,0
sh600469,0,0,0
sh600582,29443,14316,0
sz002765,0,0,0
sz000792,200319,176132,8026
sz002454,0,1519,0
sh600961,0,0,0
sz300718,389,250,0
sz002825,0,0,0
sz000040,5499,2580,0
sz000721,0,0,0
sz002307,8397,15155,0
sz002881,0,0,0
sz002110,50791,41397,5116
sz002270,0,0,0
sz002277,0,18620,0
sh600110,0,15786,0
sz002546,0,0,0
sh600998,0,0,0
sz000915,1193,0,0
sh600211,0,0,0
sz000780,0,0,0
sh600766,0,0,0
sz002841,0,346,0
sz002542,0,1510,0
sz002711,24018,1527,0
sz000692,0,0,0
sz300629,1066,478,0
sz002437,0,0,0
sz000893,0,0,0
sz002908,9414,9297,3510
sh603232,0,0,0
sz300474,0,411,0
sh600462,0,0,0
sh603368,0,280,0
sz002865,0,0,0
sh600538,0,0,0
sz300160,0,1500,0
sh600777,19793,0,0
sz300079,10791,4804,0
sz002236,25202,14232,507
sh601558,30896,15848,0
sz002323,0,1981,0
sz300300,0,0,0
sh603639,0,0,0
sz300480,1400,3290,0
sz000815,0,0,0
sz300625,0,0,0
sz000862,0,0,0
sz002227,1000,0,0
sh600522,24843,48998,0
sz002755,0,0,0
sh600655,0,1000,0
sz002654,0,0,0
sz300287,15584,6910,0
sz300397,0,0,0
sh600088,0,0,0
sh601002,2137,4667,0
sz002026,0,0,0
sz300493,0,0,0
sh603985,3464,1229,0
sh603006,0,0,0
sz002699,0,0,0
sz300664,17280,29423,3824
sh600523,2164,0,0
sh600622,0,0,0
sh603679,0,0,0
sz300641,0,0,0
sh603338,1148,309,0
sh600038,6209,2934,0
sz002670,5492,4403,0
sh600661,0,0,0
sz000702,0,0,0
sz002302,2314,3605,0
sz300005,0,0,0
sz300570,0,0,0
sz300204,0,0,0
sz300576,0,0,0
sz002504,0,0,0
sz002111,0,692,0
sz002636,0,0,0
sz000920,0,0,0
sh603879,0,0,0
sz002615,0,0,0
sz002311,0,0,0
sh600399,0,0,0
sh600220,14627,0,0
sz300411,400,0,700
sz300106,0,0,0
sz002303,0,0,0
sh600771,693,1114,0
sh601952,10136,20715,3016
sh603339,501,0,0
sz002176,4318,14341,0
sz300628,155,578,0
sz000032,0,0,0
sh600215,0,0,0
sz002118,8139,2950,0
sh600505,0,0,0
sh600778,0,0,0
sz002059,0,0,0
sz000586,9389,0,0
sh600383,115859,138853,3402
sz300520,0,0,0
sh603337,528,300,0
sh600967,2259,5953,0
sh600811,5542,16175,0
sz300541,0,401,0
sh603083,2278,1471,0
sz002405,7152,20253,0
sz002179,1543,4749,0
sh600089,15726,33046,0
sz000875,4473,0,0
sz002370,0,0,0
sh601519,0,0,0
sh600282,164602,91234,0
sz002368,800,931,0
sz002053,0,982,0
sh600618,1000,1000,0
sh600350,5822,12216,0
sz002360,0,0,0
sh603601,0,953,0
sz000520,0,0,0
sh600125,3671,8298,0
sz002056,5436,2050,0
sh600521,1830,4137,0
sz002375,2000,0,0
sz300192,1000,0,0
sz300059,141125,149243,6865
sz002318,0,0,0
sh600529,0,1404,0
sh601608,29022,7094,0
sz002469,0,0,0
sz000659,0,17700,0
sh600703,86653,89986,4230
sz000821,0,0,0
sz002081,3762,4997,1659
sh600657,3800,0,0
sz300477,786,1400,0
sz000501,12239,2572,1107
sz300233,600,1822,0
sz000078,1873,8177,0
sz300549,0,0,0
sz000678,0,0,0
sz002192,913,971,0
sz300367,1049,5530,0
sh603993,563011,520884,15426
sz300708,52338,38332,8073
sz002355,4519,1140,1135
sz002551,0,0,0
sh603225,0,301,0
sz300437,0,0,0
sh600836,0,2300,0
sz002647,400,1897,0
sh600692,15812,24422,0
sh600658,0,0,0
sz300184,8176,7503,0
sz002422,4242,52174,0
sz000011,0,0,0
sh600333,3471,5350,0
sz300632,0,0,0
sz300258,0,0,0
sz300703,0,0,0
sh603186,0,0,0
sz300459,0,0,0
sz300567,290,540,0
sh603208,0,0,0
sz300155,0,0,0
sz300198,22623,18150,0
sh600179,11006,2462,0
sz000157,28918,37888,0
sh600185,10707,15722,0
sz000802,825,803,0
sz300196,0,0,0
sz002809,0,0,0
sz300388,0,1493,0
sh600674,15647,15382,0
sh600335,0,0,0
sh600396,0,0,0
sz300044,0,0,0
sh600015,102399,91390,0
sz002197,0,0,0
sz002124,0,1391,0
sz002099,0,0,0
sz000830,161921,86753,3168
sz000822,20618,4603,0
sz000989,0,0,0
sz000918,0,1418,0
sz300200,14423,3528,0
sz002137,0,0,0
sh603922,0,846,0
sz300224,0,1184,0
sz300268,0,581,0
sz000595,0,0,0
sz002671,0,0,0
sz000158,0,4101,0
sz002721,22554,899,1510
sz300338,1742,1523,0
sz000561,1228,0,0
sh601086,53379,72417,1422
sz002195,2382,18129,0
sz002039,0,0,0
sz002240,0,0,0
sh603901,0,0,0
sz000753,0,0,0
sz002245,0,0,0
sh603088,0,0,0
sz002460,23329,24391,4962
sz300169,0,0,0
sh603096,0,0,0
sz300484,0,0,0
sh600770,2771,11455,0
sh600572,6343,4173,0
sz000633,1000,0,0
sz002291,0,0,0
sz300107,7180,9182,0
sh601898,14895,6103,0
sz300408,5037,9678,0
sz300019,7733,60317,1027
sz300299,0,4485,0
sz300692,1796,5047,750
sh600016,459425,305646,3253
sz000593,0,0,0
sz300061,2312,0,0
sz000059,44137,16853,0
sz002473,0,0,0
sh603113,0,451,0
sh603466,731,228,0
sz000666,1129,2928,0
sh600568,48605,13657,0
sz300289,0,0,0
sz000859,0,0,0
sz002537,0,4365,0
sz000523,0,0,0
sz002232,0,0,0
sz002011,0,4888,0
sz300633,0,0,0
sz000723,3639,29471,0
sz000737,2700,0,0
sh603333,0,0,0
sz002586,0,0,0
sh600429,2357,0,0
sz000877,52722,25935,0
sh600515,2543,5141,0
sh600114,985,2872,0
sz300056,0,0,0
sz002317,10348,3297,0
sz300571,300,1340,0
sz000880,0,0,0
sh600628,0,0,0
sz002698,1290,0,0
sz300312,39447,11470,0
sz002060,0,0,0
sz300647,0,0,0
sh600152,0,1694,0
sh600549,6960,6672,0
sz300261,0,0,0
sh600361,0,0,0
sh600563,0,443,0
sz300210,0,0,0
sh600725,4848,0,0
sz300693,0,0,0
sz002341,699,422,0
sh600188,30807,32121,3301
sh603585,0,0,0
sz300255,0,0,0
sz002175,2083,1461,0
sz002166,2518,0,0
sz000570,0,0,0
sz000420,0,0,0
sh600976,0,0,0
sh601601,109241,128450,10415
sz300623,356,0,0
sh600853,0,0,0
sh603886,0,0,0
sz000014,1036,0,0
sz002742,1171,0,652
sz002725,0,0,0
sh600122,41021,31776,8163
sh600710,0,0,0
sz000906,0,0,0
sz300330,0,0,0
sz300074,2413,1798,0
sz300488,0,0,0
sh600748,0,4646,0
sh603569,0,0,0
sh600750,549,1295,0
sz002235,137798,141200,22194
sh603019,7583,18106,2237
sz002061,11058,8146,0
sz300226,7066,7796,0
sh603226,0,0,0
sz002199,0,0,0
sz000505,0,0,0
sh603800,0,0,0
sh600595,18594,0,0
sz300588,874,0,0
sh600166,7649,31974,0
sh601798,0,0,0
sz002336,0,0,0
sz002262,0,5128,0
sz000553,11620,7005,609
sh603020,0,0,0
sh603129,0,0,0
sz300414,0,0,0
sz002456,95738,70483,1722
sz002242,0,0,0
sz300314,0,0,0
sh600850,0,0,0
sz002821,200,300,0
sz300624,0,0,0
sz300533,0,0,0
sh601015,0,1140,0
sz300301,0,0,0
sz002880,0,0,0
sz300135,0,0,0
sz000861,0,0,0
sz300689,1340,817,0
sz000897,0,4470,0
sz000567,1425,3013,0
sh600987,0,976,0
sz300101,1020,0,0
sh600993,0,0,0
sh600106,0,0,0
sh603878,571,671,0
sz300168,804,3987,1010
sz002922,3098,1460,424
sz300736,0,0,0
sh603817,0,787,0
sz300228,3004,0,0
sz300575,0,0,0
sh603997,2000,0,0
sz300241,0,2280,0
sz002392,0,0,0
sz300579,0,0,0
sh601988,2748643,2052583,0
sh603766,0,1936,0
sh603359,0,0,0
sh603991,0,0,0
sh603169,0,0,0
sz002395,0,0,0
sh603599,0,0,0
sz000928,13092,7133,1731
sh601339,0,0,0
sh600801,20931,10579,1099
sh600604,3181,24146,0
sz002211,0,0,0
sz002526,0,0,0
sh603616,0,0,0
sh600177,5442,5404,0
sz002480,0,0,0
sz002304,6428,7590,258
sz002716,6652,7662,0
sz000733,0,0,0
sz002672,0,1400,0
sz002106,1877,3391,0
sz002813,0,0,0
sz002675,0,0,0
sz002465,4401,0,0
sh601908,7912,0,0
sz300606,0,0,0
sz000901,0,488,0
sz300202,0,0,0
sz300285,0,0,0
sz000712,0,5627,0
sh600191,1466,0,0
sz300386,3365,0,0
sh603200,252,0,0
sz002292,813,0,0
sz002845,1191,0,0
sz300572,0,0,0
sh600390,0,1088,0
sz002376,6504,1024,0
sh603969,4646,6784,720
sz300463,0,0,0
sz002290,0,0,0
sz000502,0,0,0
sz300238,0,578,0
sh603966,0,0,0
sz300111,0,0,0
sz300589,0,0,0
sz000892,0,1882,0
sh600723,0,0,0
sh600287,0,0,0
sz300181,1524,6107,0
sz300264,0,0,0
sz002476,0,0,0
sh600663,0,602,0
sh600687,0,0,0
sh603365,1599,0,0
sh603456,3260,1520,0
sz300214,0,0,0
sh601566,0,0,0
sz300697,662,1276,0
sh603116,0,0,0
sz300025,0,0,0
sz000909,0,0,0
sz300401,3002,1138,530
sz000607,1889,0,0
sh600585,116338,133684,1646
sh600136,0,1209,0
sz000971,2496,4872,0
sh600466,42796,48418,0
sz000068,0,0,0
sh600410,0,0,0
sh603069,0,0,0
sz002822,7929,14000,1367
sz002901,785,1016,0
sh600406,28549,14621,0
sz002838,0,0,0
sh603888,0,0,0
sh601789,4625,0,0
sz300098,3782,0,0
sh603321,14818,20844,2075
sz002594,7234,8017,1013
sz002165,0,0,0
sh600033,10949,5619,0
sz002513,0,0,0
sz002886,0,0,0
sz300387,679,1569,0
sh601579,1042,0,0
sz300427,0,0,0
sh601688,308398,397689,50665
sz002126,0,0,0
sz300699,850,2269,210
sz300296,1687,2002,807
sh603661,0,0,0
sz300015,13439,9539,684
sz002638,11500,9471,0
sz002431,29551,4581,0
sh603306,0,0,0
sh600609,0,0,0
sz002557,0,0,0
sz000790,0,0,0
sh601811,0,0,0
sh600062,1562,5728,0
sh600135,0,2000,0
sz002325,0,0,0
sz300357,0,0,0
sz002154,0,0,0
sh600845,1031,0,0
sz002915,11127,9881,1884
sh603811,0,0,0
sz300322,0,0,0
sz002070,0,3000,0
sz000820,0,0,0
sz002394,0,0,0
sh600463,11365,8282,798
sh603979,0,0,0
sz002560,0,0,0
sh600178,0,0,0
sh600620,0,0,0
sh601500,0,0,0
sh600617,0,0,0
sz000823,5591,0,0
sh600970,37510,21111,0
sz300045,0,0,0
sz300370,7241,2707,0
sz002861,0,0,0
sz002180,0,400,0
sz000513,3062,4458,138
sz300562,0,0,0
sz002201,1415,0,0
sz300530,0,0,0
sz002779,0,0,0
sz300384,0,0,0
sz300514,0,0,0
sz002902,0,821,0
sh600727,0,0,0
sz002107,0,0,0
sz000796,0,0,0
sz002550,0,0,0
sz300558,0,173,0
sz002855,0,0,0
sh600693,10503,12398,0
sz002717,0,1556,0
sh603000,0,2342,0
sz002220,0,0,0
sz002728,0,0,0
sz002411,401,0,0
sh600576,0,0,0
sh603002,0,1879,0
sh601699,138382,81651,2567
sz300317,5820,787,0
sz000558,7142,0,0
sz002485,0,0,0
sh603798,0,0,0
sz300002,12660,67369,0
sz300642,0,121,0
sh603017,0,0,0
sz300245,0,0,0
sz002416,0,0,0
sz000969,0,0,0
sz300328,3085,14695,0
sh600085,6971,3861,0
sz002820,0,0,0
sz002788,0,0,0
sh600919,175736,134835,2253
sh600730,0,0,0
sh601199,0,0,0
sz002352,0,2860,0
sz002321,60627,15217,0
sz300229,0,872,0
sz002249,0,0,0
sz002856,2886,7262,220
sz300681,0,0,0
sz300496,0,558,0
sh603938,287,0,0
sz002482,0,0,0
sz000100,273907,246546,0
sz002148,1437,0,0
sh601878,42670,95744,5673
sz002023,7597,2941,0
sh600602,0,5018,0
sz000609,0,0,0
sz300725,982,744,285
sh603838,0,0,0
sz002900,0,680,498
sz000099,0,0,0
sz000568,29073,32385,1271
sz002451,0,0,0
sz002310,1404,8113,0
sh600516,249427,213165,28967
sh600859,1972,4553,0
sh600584,5750,10575,0
sz000728,12350,13271,0
sh601900,0,0,0
sz002656,436,0,0
sh600482,499,1020,0
sz002481,5782,5001,0
sz002415,54346,88855,1800
sh603533,2259,1974,0
sh600108,12500,32410,0
sz000548,0,0,0
sh600022,290473,99979,0
sh601808,5777,7319,0
sh600418,0,4539,0
sz300054,1000,12167,0
sh600052,0,2500,0
sh600887,205566,257986,14989
sz002591,0,0,0
sz300406,1669,3739,0
sz300325,3600,0,0
sh600260,3952,3733,0
sh603776,1215,2161,383
sz300707,615,644,0
sz000519,1403,0,0
sz300583,0,0,0
sz002171,0,3423,0
sh603989,0,1026,0
sz300593,0,0,0
sh600698,0,0,0
sh603618,0,0,0
sz300695,257,0,0
sz002086,24347,5730,0
sz002803,0,0,0
sh600029,250849,276479,0
sz300517,0,0,0
sh601008,0,0,0
sh600599,0,2729,0
sz000625,6361,16519,0
sh603968,0,0,0
sh600375,0,0,2001
sz000670,0,0,0
sh600355,0,0,0
sz300147,10235,19332,0
sz300157,2179,2404,0
sz300466,27661,32478,3831
sz002210,2600,0,0
sh600638,0,0,0
sh603789,0,0,0
sz000933,91944,89138,17015
sz002509,9610,1436,0
sh600962,0,0,0
sz300073,0,0,0
sz000848,0,0,0
sh600026,8653,0,0
sz002745,0,0,0
sh600483,0,0,0
sz002627,0,0,0
sz002493,30798,16102,763
sz000967,0,0,0
sh600612,0,0,0
sz002132,0,8260,0
sz000919,0,0,0
sz300137,546,1070,0
sh603855,0,1030,0
sz300017,308702,190264,24440
sh600817,0,0,0
sz002286,0,1440,0
sh600570,4677,13182,0
sz000759,0,1211,0
sz000657,0,0,0
sz300069,0,0,500
sz002066,0,0,0
sz300660,0,0,0
sh603602,0,0,0
sz300403,0,0,0
sz000962,0,0,0
sz002547,13798,0,0
sz300709,0,158,0
sh601515,0,0,0
sz002783,14698,20552,669
sh600285,0,0,0
sz300012,19193,48321,0
sz300263,0,3960,0
sz000839,50035,35988,0
sz000836,17408,6558,0
sz002239,8831,5925,0
sz300475,0,0,0
sz002722,0,0,0
sh603328,0,0,0
sh600368,3502,0,0
sz000065,1576,0,0
sz300569,0,0,0
sh603399,0,0,0
sz300037,500,0,0
sh600616,0,0,0
sz002826,1632,3823,0
sh600256,21280,51558,0
sz002003,0,2127,0
sz300031,0,3207,0
sz300029,0,0,0
sh600360,0,9694,0
sz000626,0,0,0
sz002078,61272,43579,0
sz300619,0,0,0
sh600540,0,0,0
sz002319,0,0,0
sz002024,72495,89135,1227
sz002873,256,0,0
sh603058,9491,16578,2031
sz300282,0,2993,0
sz300008,0,0,0
sz002651,0,0,0
sh600475,0,0,0
sz300231,1579,0,0
sh601208,0,0,0
sz300592,0,0,0
sz300363,0,0,0
sz300391,0,0,0
sh600519,19354,18912,4579
sh603313,0,410,0
sh600701,2146,2471,0
sh600819,0,0,0
sh600979,2646,0,0
sz300613,68,0,0
sh603387,0,200,0
sz002403,1115,1869,0
sz300303,0,0,0
sh600302,0,0,0
sz002637,0,0,0
sh600738,0,0,0
sz300540,0,0,0
sh600847,0,0,0
sz002097,0,0,0
sz000333,37836,38932,3024
sz002555,1018,1353,0
sz000829,0,0,0
sz300608,0,0,0
sz300374,10362,6316,0
sz002679,0,0,0
sz002917,902,1904,0
sh600446,0,3995,0
sz000797,0,1704,0
sh600889,0,0,0
sh600557,0,0,0
sz300247,0,0,0
sz000727,17252,37921,0
sz002182,0,1294,0
sz300630,146,337,0
sh600455,0,0,0
sz300087,0,0,0
sz000610,0,0,0
sh600037,0,0,0
sz300217,7974,0,0
sh600681,1200,2313,0
sh600018,40680,74532,0
sz300022,0,2995,0
sh603757,0,0,0
sh603398,0,0,0
sz300239,0,0,0
sz002515,0,0,0
sh603612,501,708,0
sh603918,0,0,0
sz002113,1155,0,0
sz000565,0,0,0
sz002664,1974,0,0
sz002741,0,0,0
sz300315,2928,13560,0
sh600170,120110,59734,0
sz002829,0,0,0
sh603218,453,0,0
sz002573,3304,15470,516
sz000611,0,0,0
sz002835,0,0,0
sh603939,0,0,0
sz300136,17208,12560,821
sz002905,0,742,464
sz000070,0,2566,0
sz300712,0,0,0
sh600035,0,3911,0
sh600861,0,0,0
sz000833,0,0,0
sh600827,0,1772,0
sh600528,42506,18230,870
sh603138,1241,543,358
sh600603,0,0,0
sz000661,660,1007,90
sz002919,0,632,302
sz002348,0,4188,0
sh600481,0,0,0
sz000060,14941,27083,0
sz002271,3256,1969,0
sz002413,0,0,0
sz002916,18342,27154,7219
sz002401,0,0,0
sz002758,0,0,0
sz000524,0,0,0
sh603803,0,0,0
sh600775,0,0,0
sh600078,0,0,0
sz002407,0,1201,0
sz002767,1311,0,0
sz002092,112300,54408,0
sz000402,4481,18165,0
sz002778,0,0,0
sz300112,0,0,0
sh600802,1898,0,0
sz000552,0,3483,0
sz300720,595,0,0
sh601890,1690,0,0
sz002849,0,0,0
sz000676,0,0,0
sz300470,0,0,0
sz002146,270656,348169,12328
sh600988,10167,8959,0
sz300088,0,49541,3090
sz002246,0,0,0
sz002565,3361,0,0
sz300193,0,0,0
sz002630,1208,0,0
sh603239,826,2253,0
