sh600197,1601,1993,0
sz002194,2047,5433,0
sz002735,0,0,0
sz002683,6076,5484,0
sz002679,848,0,0
sh600199,0,0,0
sh600166,35203,49867,0
sh600190,0,0,0
sz002682,0,0,0
sz002193,10028,4259,2325
sh600012,0,0,0
sz002737,1997,233,0
sz002673,2005,23175,0
sz002165,0,0,0
sh600113,7772,8260,960
sz002733,1850,0,0
sh600195,1055,5881,0
sz000719,0,0,0
sz000708,0,0,0
sh600192,0,0,0
sz002731,0,0,0
sz002705,0,0,0
sz000001,710342,610538,16110
sz000002,92726,73144,8563
sz000004,0,0,0
sz000005,0,0,0
sz000006,1749,4695,0
sz000007,0,886,0
sz000008,22558,15911,0
sz000009,0,14086,0
sz000010,0,3265,0
sz000011,0,1030,0
sz000012,4222,5804,0
sz000014,3957,1139,0
sz000016,7717,9984,0
sz000017,0,0,0
sz000018,21777,0,0
sz000019,4781,14030,0
sz000020,757,1524,0
sz000021,9665,15980,0
sz000022,0,0,0
sz000023,0,0,0
sz000025,0,632,0
sz000026,0,1076,0
sz000027,17351,39213,0
sz000028,1738,7416,218
sz000029,0,0,0
sz000030,0,2000,0
sz000031,0,0,0
sz000032,0,0,0
sz000034,0,0,0
sz000035,0,0,0
sz000036,6579,1612,0
sz000037,2095,1621,0
sz000038,0,0,0
sz000039,3879,5828,0
sz000040,0,5669,0
sz000042,2063,0,0
sz000043,1194,4187,0
sz000045,0,0,0
sz000046,0,0,0
sz000048,0,0,0
sz000049,0,0,0
sz000050,17516,11823,0
sz000055,0,4660,0
sz000056,0,0,0
sz000058,4729,7766,0
sz000059,2505,25748,1992
sz000060,7149,25073,0
sz000061,0,3415,0
sz000062,0,571,0
sz000063,213050,149977,4995
sz000065,0,1810,0
sz000066,185248,143925,4345
sz000068,0,0,0
sz000069,21285,35340,0
sz000070,4826,1337,0
sz000078,2000,28227,0
sz000088,0,0,0
sz000089,0,1768,0
sz000090,2770,4679,0
sz000096,0,0,0
sz000099,0,2970,0
sz000100,69424,72153,0
sz000150,0,0,0
sz000151,33013,17871,0
sz000153,0,2878,0
sz000155,0,27265,0
sz000156,0,0,0
sz000157,4119,33646,0
sz000158,4357,0,0
sz000159,0,0,0
sz000166,15036,21442,0
sz000301,0,1637,0
sz000333,115726,125651,7510
sz000338,16161,19158,0
sz000400,945,7375,0
sz000401,49855,118244,2710
sz000402,8620,4046,0
sz000403,0,0,0
sz000404,2360,0,0
sz000407,0,0,0
sz000408,0,5898,0
sz000409,0,0,0
sz000410,0,13395,0
sz000411,0,377,0
sz000413,12357,9619,0
sz000415,0,0,0
sz000416,0,3826,0
sz000417,0,0,0
sz000418,1077,1373,0
sz000419,0,0,0
sz000420,0,0,0
sz000421,0,0,0
sz000422,0,0,0
sz000423,1392,2256,184
sz000425,113031,95139,0
sz000426,11047,8522,0
sz000428,0,0,0
sz000429,0,0,0
sz000430,0,0,0
sz000488,14911,22365,0
sz000498,0,0,0
sz000501,0,664,0
sz000502,0,0,0
sz000503,6815,14992,0
sz000504,1600,500,0
sz000505,13307,15175,0
sz000506,0,0,0
sz000507,4824,13114,0
sz000509,4038,0,0
sz000510,0,1600,0
sz000513,2410,1858,0
sz000514,17200,4961,0
sz000516,0,0,0
sz000517,41195,20370,0
sz000518,0,0,0
sz000519,68674,57062,0
sz000520,6330,13258,0
sz000521,0,0,0
sz000523,0,14565,0
sz000524,0,0,0
sz000525,0,3889,0
sz000526,0,0,0
sz000528,18805,18126,0
sz000529,0,0,0
sz000530,5811,4000,0
sz000531,0,0,0
sz000532,0,14094,0
sz000533,275633,257507,0
sz000534,0,0,0
sz000536,0,0,0
sz000537,19144,9568,0
sz000538,1627,2282,0
sz000539,0,0,0
sz000540,0,0,0
sz000541,0,0,0
sz000543,6174,7642,0
sz000544,0,0,0
sz000545,0,2512,0
sz000546,0,0,0
sz000547,15301,27305,0
sz000548,2000,0,0
sz000550,0,0,0
sz000551,0,0,0
sz000552,0,0,0
sz000553,853,1605,0
sz000554,4297,1942,0
sz000555,54734,50020,5688
sz000557,0,0,0
sz000558,4357,3103,0
sz000559,2001,0,0
sz000560,1482,1246,0
sz000561,0,0,0
sz000563,0,5472,0
sz000564,0,0,0
sz000565,0,0,0
sz000566,0,0,0
sz000567,1910,450,0
sz000568,10636,9465,388
sz000570,0,0,0
sz000571,0,7329,2128
sz000572,50015,114995,0
sz000573,0,0,0
sz000576,1951,1516,0
sz000581,9721,7655,0
sz000582,5213,6005,0
sz000584,0,0,0
sz000585,0,0,0
sz000586,0,773,0
sz000587,0,1862,0
sz000589,0,0,0
sz000590,0,0,0
sz000591,61612,25392,0
sz000592,2573,14740,0
sz000593,0,0,0
sz000595,0,0,0
sz000596,160,351,0
sz000597,0,1015,0
sz000598,3065,0,0
sz000599,1862,8078,0
sz000600,1607,2000,0
sz000601,3030,0,0
sz000603,2442,0,0
sz000605,547,2982,0
sz000606,0,0,0
sz000607,0,0,0
sz000608,0,0,0
sz000609,0,0,0
sz000610,1071,0,0
sz000611,0,0,0
sz000612,0,0,0
sz000613,70267,43952,2559
sz000615,0,2148,0
sz000616,0,0,0
sz000617,0,1709,0
sz000619,0,0,0
sz000620,0,2438,0
sz000622,4500,0,0
sz000623,1295,6941,0
sz000625,2033,13305,0
sz000626,0,0,0
sz000627,5164,2101,0
sz000628,0,0,0
sz000630,70870,46848,0
sz000631,3751,2600,0
sz000632,0,2000,0
sz000633,0,6649,0
sz000635,0,0,0
sz000636,27338,38816,813
sz000637,0,0,0
sz000638,0,5374,0
sz000639,0,0,0
sz000650,0,5720,0
sz000651,140512,172003,15681
sz000652,0,0,0
sz000655,0,0,0
sz000656,17769,2023,0
sz000657,0,1206,0
sz000659,0,4297,0
sz000661,4808,3640,0
sz000662,0,0,0
sz000663,0,1974,0
sz000665,0,0,0
sz000666,0,0,0
sz000667,13485,0,0
sz000668,0,0,0
sz000669,0,0,0
sz000670,0,9545,0
sz000671,39322,55147,0
sz000672,19214,38638,4664
sz000673,20137,8643,658
sz000676,4079,13211,0
sz000677,0,0,0
sz000678,0,0,0
sz000679,0,0,0
sz000680,3000,3245,0
sz000681,11016,8518,807
sz000682,0,0,0
sz000683,40363,8555,0
sz000685,0,0,0
sz000686,8561,3470,0
sz000687,1410,3701,0
sz000688,0,0,0
sz000690,5557,2868,0
sz000691,2209,0,0
sz000692,0,0,0
sz000693,0,0,0
sz000695,0,0,0
sz000697,1258,0,0
sz000698,0,0,0
sz000700,0,0,0
sz000701,0,2661,0
sz000702,0,0,0
sz000703,11520,31564,770
sz000705,0,0,0
sz000707,0,0,0
sz000709,34505,48793,0
sz000710,804,1717,0
sz000711,0,0,0
sz000712,0,2403,0
sz000713,2000,3197,0
sz000715,0,0,0
sz000716,4379,0,0
sz000717,207168,245343,15816
sz000718,5315,8143,0
sz000720,0,3235,0
sz000721,0,0,0
sz000722,0,0,0
sz000723,0,0,0
sz000725,1402640,1370957,0
sz000726,992,0,0
sz000727,17673,9316,0
sz000728,1326,7029,0
sz000729,15910,10658,0
sz000731,4000,0,0
sz000732,130998,87651,7803
sz000733,1010,913,0
sz000735,144220,92561,4431
sz000736,0,2367,0
sz000737,3200,0,0
sz000738,14291,12079,1573
sz000739,3245,1640,0
sz000750,0,13592,0
sz000751,0,0,0
sz000752,4997,0,0
sz000753,0,6501,0
sz000755,0,0,0
sz000756,1000,0,0
sz000757,0,0,0
sz000758,1794,0,0
sz000759,0,0,0
sz000760,0,3186,0
sz000761,0,5748,0
sz000762,3511,1758,0
sz000766,0,0,0
sz000767,0,0,0
sz000768,27457,28418,1182
sz000776,40585,63533,0
sz000777,2876,3592,0
sz000778,2511,14022,0
sz000779,0,0,0
sz000780,0,9464,0
sz000782,0,0,0
sz000783,19739,15833,0
sz000785,0,0,0
sz000786,9022,18993,0
sz000788,0,11690,0
sz000789,97585,77364,1193
sz000790,17023,127064,6124
sz000791,0,2273,0
sz000792,16240,53960,0
sz000793,0,0,0
sz000795,10051,14715,0
sz000796,0,0,0
sz000797,1176,1714,0
sz000798,0,0,0
sz000799,926,3516,0
sz000800,3317,7217,0
sz000801,17015,12080,0
sz000802,0,1161,0
sz000803,0,0,0
sz000806,9521,3213,0
sz000807,108256,209622,0
sz000809,5061,0,0
sz000810,0,5648,0
sz000811,0,0,0
sz000812,0,0,0
sz000813,5012,14085,0
sz000815,0,0,0
sz000816,21160,29516,0
sz000818,2277,1000,0
sz000819,13389,20027,0
sz000820,13943,11034,0
sz000821,0,0,0
sz000822,27865,15702,1443
sz000823,3347,3895,0
sz000825,95435,111688,2787
sz000826,13671,3950,0
sz000828,0,0,0
sz000829,0,0,0
sz000830,196566,212158,8385
sz000831,41769,48920,8050
sz000833,0,0,0
sz000835,2537,4139,0
sz000836,0,0,0
sz000837,0,0,0
sz000838,0,0,0
sz000839,8816,11737,0
sz000848,1483,1302,0
sz000850,3973,6785,0
sz000851,13335,10259,0
sz000852,29422,24045,1132
sz000856,3127,1159,641
sz000858,46426,61242,3873
sz000859,0,0,0
sz000860,0,2111,0
sz000861,0,0,0
sz000862,0,6399,0
sz000863,0,0,0
sz000868,16861,11053,0
sz000869,618,3907,0
sz000875,0,12217,0
sz000876,23005,17023,0
sz000877,5931,13702,0
sz000878,2588,11183,0
sz000880,0,0,0
sz000881,3302,1632,0
sz000882,4628,7436,0
sz000883,12569,8930,0
sz000885,1700,2544,0
sz000886,102157,160938,7990
sz000887,637,3029,0
sz000888,0,0,0
sz000889,0,772,0
sz000890,0,0,0
sz000892,0,0,0
sz000893,0,0,0
sz000895,9293,6012,497
sz000897,0,0,0
sz000898,15575,22163,0
sz000899,0,0,0
sz000900,0,0,0
sz000901,4877,3011,0
sz000902,0,1100,0
sz000903,4080,0,0
sz000905,1018,6798,0
sz000906,0,2000,0
sz000908,0,9524,0
sz000909,0,0,0
sz000910,0,0,0
sz000911,0,0,0
sz000912,0,0,0
sz000913,0,0,0
sz000915,1222,2854,0
sz000917,3471,0,0
sz000918,1653,0,0
sz000919,0,0,0
sz000920,0,0,0
sz000921,0,5182,0
sz000922,0,0,0
sz000923,0,0,0
sz000925,0,868,0
sz000926,2292,2360,0
sz000927,0,0,0
sz000928,6166,0,0
sz000929,0,0,0
sz000930,0,0,0
sz000931,0,0,0
sz000932,60930,132818,0
sz000933,65733,67941,0
sz000935,5897,5613,0
sz000936,6594,10742,0
sz000937,5330,3162,0
sz000938,10410,12780,1327
sz000939,0,0,0
sz000948,0,0,0
sz000949,0,0,0
sz000951,0,1881,0
sz000952,0,805,0
sz000953,0,2812,0
sz000955,52765,68990,12920
sz000957,2599,4930,0
sz000958,0,0,0
sz000959,0,0,0
sz000960,8469,16785,0
sz000961,53890,19744,1732
sz000962,0,0,0
sz000963,7216,5811,587
sz000965,0,1884,0
sz000966,0,4424,0
sz000967,0,0,0
sz000968,0,0,0
sz000969,1398,0,0
sz000970,26806,20738,0
sz000971,0,0,0
sz000972,0,0,0
sz000973,0,0,0
sz000975,20419,13734,0
sz000976,3493,0,0
sz000977,83814,86756,3632
sz000978,0,1538,0
sz000979,36227,71189,0
sz000980,9366,1890,0
sz000981,0,1574,0
sz000982,0,8595,0
sz000983,4288,7497,0
sz000985,0,1561,0
sz000987,3994,4752,0
sz000988,11099,1926,0
sz000989,500,3135,0
sz000990,0,0,0
sz000993,2202,1300,0
sz000995,0,0,0
sz000996,0,7441,0
sz000997,7929,16795,0
sz000998,5145,6540,0
sz000999,923,925,0
sz001696,0,0,0
sz001896,0,0,0
sz001965,3489,1247,0
sz001979,78894,53053,3586
sz002001,17978,21822,338
sz002002,0,0,0
sz002003,0,0,0
sz002004,0,0,0
sz002005,0,0,0
sz002006,1684,0,0
sz002007,9545,1877,0
sz002008,16267,12115,910
sz002009,0,2601,0
sz002010,0,0,0
sz002011,0,1944,0
sz002012,17318,19400,0
sz002013,7382,9441,0
sz002014,982,2464,0
sz002015,0,0,0
sz002016,26035,16299,739
sz002017,0,0,0
sz002018,0,0,0
sz002019,6049,17339,0
sz002020,3183,9042,0
sz002021,5839,0,0
sz002022,0,4041,0
sz002023,17311,25585,0
sz002024,51795,43671,0
sz002025,4604,2696,0
sz002026,0,0,0
sz002027,211862,116739,16780
sz002028,0,0,0
sz002029,1100,6306,0
sz002030,2592,1494,0
sz002031,0,0,0
sz002032,0,0,0
sz002033,0,0,0
sz002034,0,618,0
sz002035,522,1293,0
sz002036,0,6720,0
sz002037,0,1170,0
sz002038,53451,25973,941
sz002039,784,3400,0
sz002040,0,0,0
sz002041,0,2870,0
sz002042,2000,0,0
sz002043,0,4999,0
sz002044,1419,3051,0
sz002045,6868,3163,0
sz002046,0,0,0
sz002047,0,0,0
sz002048,8815,9185,0
sz002049,31295,56088,3219
sz002050,13347,14085,0
sz002051,0,0,0
sz002052,0,0,0
sz002053,0,0,0
sz002054,0,0,0
sz002055,1472,4688,0
sz002056,6470,2229,0
sz002057,0,0,0
sz002058,0,0,0
sz002059,0,0,0
sz002060,0,0,0
sz002061,2715,0,0
sz002062,0,0,0
sz002063,42375,29007,954
sz002064,0,0,0
sz002065,31944,36001,0
sz002066,0,0,0
sz002067,5413,4115,0
sz002068,0,2260,0
sz002069,0,0,0
sz002070,0,0,0
sz002071,1500,3139,0
sz002072,0,0,0
sz002073,0,0,0
sz002074,6099,11228,0
sz002075,0,0,0
sz002076,1897,5992,0
sz002077,0,0,0
sz002078,33862,11064,0
sz002079,1851,10407,0
sz002080,0,1257,0
sz002081,15784,24482,0
sz002082,0,0,0
sz002083,0,0,0
sz002084,0,0,0
sz002085,0,0,0
sz002086,15179,7852,0
sz002087,3858,0,0
sz002088,0,0,0
sz002089,6744,8184,0
sz002090,0,0,0
sz002091,0,0,0
sz002092,10786,8586,0
sz002093,62434,19060,1955
sz002094,5633,1978,755
sz002095,0,439,0
sz002096,0,0,0
sz002097,0,0,0
sz002098,0,0,0
sz002099,0,0,0
sz002100,0,0,0
sz002101,0,1101,0
sz002102,2627,24082,0
sz002103,0,0,0
sz002104,4332,3353,0
sz002105,0,0,0
sz002106,0,0,0
sz002107,0,0,0
sz002108,0,1283,0
sz002109,0,1563,0
sz002110,13949,18846,563
sz002111,0,0,0
sz002112,0,6843,0
sz002113,0,0,0
sz002114,819,803,0
sz002115,1517,0,0
sz002116,0,0,0
sz002117,0,0,0
sz002118,39886,15661,0
sz002119,0,0,0
sz002120,0,0,0
sz002121,0,0,0
sz002122,0,0,0
sz002123,1046,1038,0
sz002124,0,0,0
sz002125,0,0,0
sz002126,3000,3984,0
sz002127,1393,5345,0
sz002128,5434,17801,0
sz002129,69729,133790,4736
sz002130,3803,2239,0
sz002131,21503,26160,0
sz002132,0,0,0
sz002133,0,0,0
sz002134,0,3202,0
sz002135,0,0,0
sz002136,0,0,0
sz002137,8607,41457,0
sz002138,2895,2174,0
sz002139,10369,18903,0
sz002140,0,0,0
sz002141,0,0,0
sz002142,61481,41350,1391
sz002143,0,0,0
sz002144,5836,8544,1070
sz002145,0,0,0
sz002146,140739,76162,9085
sz002147,0,0,0
sz002148,0,0,0
sz002149,26944,138693,0
sz002150,3418,19960,0
sz002151,38021,110298,9309
sz002152,18524,16027,0
sz002153,9764,3754,0
sz002154,0,0,0
sz002155,42029,28389,0
sz002156,4251,17900,0
sz002157,19592,6096,0
sz002158,4918,4863,0
sz002159,0,0,0
sz002160,41982,78134,1688
sz002161,0,0,0
sz002162,8843,0,0
sz002163,0,0,0
sz002164,0,0,0
sz002166,0,0,0
sz002167,0,4636,0
sz002168,0,0,0
sz002169,0,0,0
sz002170,0,0,0
sz002171,0,3262,0
sz002172,0,0,0
sz002173,0,0,0
sz002174,930,1591,0
sz002175,0,12238,0
sz002176,30899,57132,0
sz002177,21489,15645,0
sz002178,42931,44718,0
sz002179,3188,3419,0
sz002180,2725,0,0
sz002181,0,0,0
sz002182,0,2313,0
sz002183,8050,18548,0
sz002184,9402,5855,0
sz002185,34653,45025,0
sz002186,0,0,0
sz002187,0,0,0
sz002188,0,0,0
sz002189,0,0,0
sz002190,684,3673,0
sz002191,2218,0,0
sz002192,1004,500,0
sz002195,56135,29052,0
sz002196,0,1488,0
sz002197,5110,997,0
sz002198,0,0,0
sz002199,0,0,0
sz002200,0,0,0
sz002201,0,0,0
sz002202,18331,10296,0
sz002203,0,0,0
sz002204,0,0,0
sz002205,0,0,0
sz002206,1952,10420,0
sz002207,0,0,0
sz002208,9660,42862,0
sz002209,2000,0,0
sz002210,0,0,0
sz002211,0,0,0
sz002212,0,0,0
sz002213,0,850,0
sz002214,0,0,0
sz002215,0,5191,0
sz002216,0,0,0
sz002217,52860,13790,0
sz002218,0,0,0
sz002219,0,0,0
sz002220,0,0,0
sz002221,3386,7170,0
sz002222,0,1329,0
sz002223,10136,7720,507
sz002224,0,0,0
sz002225,0,0,0
sz002226,0,7209,0
sz002227,0,0,0
sz002228,0,0,0
sz002229,20306,8392,0
sz002230,40554,36814,2379
sz002231,0,0,0
sz002232,3146,4775,0
sz002233,3032,11080,0
sz002234,0,0,0
sz002235,0,30454,0
sz002236,28359,42220,522
sz002237,116892,130766,0
sz002238,1578,0,0
sz002239,0,0,0
sz002240,0,3257,0
sz002241,15088,21356,0
sz002242,0,0,0
sz002243,0,0,0
sz002244,23040,17128,0
sz002245,0,6248,0
sz002246,3662,5958,0
sz002247,0,5406,0
sz002248,0,1220,0
sz002249,0,10636,0
sz002250,0,1000,0
sz002251,18890,4953,0
sz002252,0,0,0
sz002253,1523,1647,0
sz002254,4953,8280,0
sz002255,0,0,0
sz002256,0,0,0
sz002258,1833,1564,0
sz002259,0,0,0
sz002260,0,0,0
sz002261,3511,1713,0
sz002262,5293,3779,0
sz002263,0,0,0
sz002264,13178,17221,0
sz002265,19026,16126,701
sz002266,0,5263,0
sz002267,0,0,0
sz002268,9085,9492,0
sz002269,0,0,0
sz002270,0,0,0
sz002271,1394,0,0
sz002272,0,0,0
sz002273,3727,4384,0
sz002274,3605,0,0
sz002275,0,0,0
sz002276,0,0,0
sz002277,3834,5232,0
sz002278,7360,900,0
sz002279,2985,1309,1795
sz002280,1598,3543,0
sz002281,5218,5658,1185
sz002282,0,0,0
sz002283,0,0,0
sz002284,3035,2165,0
sz002285,42934,20571,0
sz002286,0,0,0
sz002287,0,0,0
sz002288,0,7618,0
sz002289,0,0,0
sz002290,0,0,0
sz002291,0,0,0
sz002292,23467,12014,0
sz002293,1791,0,0
sz002294,7633,11543,307
sz002295,0,0,0
sz002296,0,0,0
sz002297,0,7022,0
sz002298,0,0,0
sz002299,797,0,0
sz002300,0,2150,0
sz002301,0,0,0
sz002302,1424,6976,0
sz002303,2706,0,0
sz002304,1168,1218,0
sz002305,0,7539,0
sz002306,0,0,0
sz002307,4471,6585,0
sz002308,0,0,0
sz002309,0,0,0
sz002310,4500,14396,0
sz002311,7664,6089,461
sz002312,0,0,0
sz002313,525,7343,634
sz002314,0,0,0
sz002315,6164,0,0
sz002316,0,0,0
sz002317,4332,0,0
sz002318,4247,10402,0
sz002319,0,0,0
sz002320,35421,57578,3088
sz002321,5891,15849,0
sz002322,0,0,0
sz002323,0,2018,0
sz002324,1065,2861,0
sz002325,2500,0,0
sz002326,0,1247,0
sz002327,0,0,0
sz002328,9651,39034,0
sz002329,3407,0,0
sz002330,0,0,0
sz002331,0,1066,0
sz002332,1479,0,0
sz002333,0,0,0
sz002334,12367,8137,0
sz002335,500,768,0
sz002336,0,0,0
sz002337,0,0,0
sz002338,0,800,0
sz002339,0,0,0
sz002340,64688,134421,0
sz002341,4106,6458,0
sz002342,0,2831,0
sz002343,421,1610,0
sz002344,0,0,0
sz002345,0,0,0
sz002346,0,0,0
sz002347,2553,0,0
sz002348,0,0,0
sz002349,0,0,0
sz002350,44203,40248,1337
sz002351,0,0,0
sz002352,500,0,0
sz002353,28732,23105,0
sz002354,1812,9702,0
sz002355,8248,3495,0
sz002356,0,465,0
sz002357,0,0,0
sz002358,1274,3259,0
sz002359,6210,6297,0
sz002360,0,0,0
sz002361,0,0,0
sz002362,486,1302,0
sz002363,0,0,0
sz002364,0,0,0
sz002365,0,3470,0
sz002366,0,0,0
sz002367,1171,5147,0
sz002368,12081,11905,0
sz002369,6380,9643,0
sz002370,959,0,0
sz002371,13233,14711,0
sz002372,3400,1564,0
sz002373,21166,21344,0
sz002374,8951,0,0
sz002375,0,0,0
sz002376,10729,6695,2829
sz002377,0,0,0
sz002378,3171,2471,0
sz002379,0,0,0
sz002380,1000,879,0
sz002381,0,0,0
sz002382,3206,2507,0
sz002383,3418,9455,0
sz002384,0,0,0
sz002385,5068,1936,0
sz002386,0,0,0
sz002387,3434,3995,0
sz002388,0,0,0
sz002389,0,2710,0
sz002390,51400,16901,0
sz002391,0,0,0
sz002392,0,2561,0
sz002393,0,0,0
sz002394,0,0,0
sz002395,0,0,0
sz002396,7259,12300,0
sz002397,0,0,0
sz002398,7216,0,0
sz002399,0,0,0
sz002400,7137,0,0
sz002401,26276,4299,4051
sz002402,0,0,0
sz002403,0,1706,0
sz002404,0,0,0
sz002405,37189,55956,1535
sz002406,0,0,0
sz002407,28735,15416,7771
sz002408,10088,13751,0
sz002409,4976,6175,0
sz002410,5788,6619,522
sz002411,9484,4283,0
sz002412,620,0,0
sz002413,0,0,0
sz002414,0,2007,683
sz002415,18839,32969,2332
sz002416,0,0,0
sz002417,0,1171,0
sz002418,0,0,0
sz002419,633,1208,0
sz002420,0,0,0
sz002421,43936,38770,0
sz002422,5103,24702,506
sz002423,0,0,0
sz002424,3055,15009,0
sz002425,2870,4834,0
sz002426,0,0,0
sz002427,0,753,0
sz002428,2573,10590,0
sz002429,9511,7871,0
sz002430,676,3843,0
sz002431,0,0,0
sz002432,10817,5955,0
sz002433,9145,26678,0
sz002434,2062,2535,0
sz002435,0,0,0
sz002436,0,2221,0
sz002437,0,0,0
sz002438,0,0,0
sz002439,11355,16754,0
sz002440,15810,21172,525
sz002441,0,0,0
sz002442,1000,4240,0
sz002443,0,0,0
sz002444,2658,2138,0
sz002445,0,1441,0
sz002446,0,0,0
sz002447,0,0,0
sz002448,0,0,0
sz002449,3007,2671,652
sz002450,0,0,0
sz002451,0,0,0
sz002452,2384,0,0
sz002453,0,0,0
sz002454,0,0,0
sz002455,0,0,0
sz002456,51952,43110,1741
sz002457,0,6080,0
sz002458,0,5895,0
sz002459,0,0,0
sz002460,34800,47234,4917
sz002461,0,2053,0
sz002462,1087,2601,0
sz002463,3016,3025,0
sz002464,0,0,0
sz002465,20277,45401,0
sz002466,12072,18690,428
sz002467,0,0,0
sz002468,5418,0,0
sz002469,0,0,0
sz002470,41217,19577,0
sz002471,0,0,0
sz002472,0,1100,0
sz002473,0,1630,0
sz002474,31595,58409,0
sz002475,10455,6245,0
sz002476,0,0,0
sz002477,8224,15381,0
sz002478,0,0,0
sz002479,2889,14699,0
sz002480,0,0,0
sz002481,0,0,0
sz002482,0,3355,0
sz002483,0,0,0
sz002484,0,1500,0
sz002485,0,0,0
sz002486,0,0,0
sz002487,0,0,0
sz002488,3915,800,0
sz002489,5075,0,0
sz002490,0,2893,0
sz002491,1921,0,0
sz002492,20925,11695,0
sz002493,5343,2643,0
sz002494,0,0,0
sz002495,0,0,0
sz002496,2450,2534,0
sz002497,23876,35497,0
sz002498,0,3644,0
sz002499,0,0,0
sz002500,7309,60487,0
sz002501,0,0,0
sz002502,3642,0,0
sz002503,0,0,0
sz002504,3000,26903,0
sz002505,9416,41662,0
sz002506,80873,31860,0
sz002507,6016,7153,473
sz002508,1418,7579,316
sz002509,164663,323714,8628
sz002510,50474,12710,0
sz002511,2913,2858,0
sz002512,12933,11687,0
sz002513,0,0,0
sz002514,0,0,0
sz002515,0,0,0
sz002516,3018,29362,0
sz002517,10064,12804,0
sz002518,0,0,0
sz002519,0,2698,0
sz002520,0,0,0
sz002521,0,0,0
sz002522,6351,2061,0
sz002523,2477,0,0
sz002524,0,0,0
sz002526,0,0,0
sz002527,0,0,0
sz002528,11282,7162,0
sz002529,0,0,0
sz002530,0,7258,0
sz002531,0,1999,0
sz002532,0,0,0
sz002533,2300,2004,0
sz002534,0,1087,0
sz002535,0,2344,0
sz002536,0,0,0
sz002537,930,7029,0
sz002538,0,1336,0
sz002539,0,0,0
sz002540,0,0,0
sz002541,0,0,0
sz002542,0,0,0
sz002543,725,601,0
sz002544,0,2809,0
sz002545,0,1500,0
sz002546,5346,14508,7574
sz002547,2571,5271,0
sz002548,0,0,0
sz002549,0,0,0
sz002550,4256,0,0
sz002551,0,0,0
sz002552,0,1450,0
sz002553,0,0,0
sz002554,0,0,0
sz002555,33847,53510,0
sz002556,0,4969,0
sz002557,0,0,0
sz002558,1323,337,0
sz002559,0,0,0
sz002560,12000,4634,0
sz002561,0,0,0
sz002562,3676,778,0
sz002563,0,1358,0
sz002564,3222,0,0
sz002565,2868,3300,0
sz002566,0,0,0
sz002567,0,0,0
sz002568,0,3406,0
sz002569,14668,527,0
sz002570,0,6848,0
sz002571,7717,13982,0
sz002572,2345,3594,0
sz002573,860,2025,0
sz002574,0,1447,0
sz002575,51794,56107,0
sz002576,0,6163,0
sz002577,0,684,0
sz002578,0,0,0
sz002579,0,0,0
sz002580,0,0,0
sz002581,0,0,0
sz002582,0,3381,0
sz002583,1155,2044,0
sz002584,0,0,0
sz002585,0,0,0
sz002586,0,0,0
sz002587,0,0,0
sz002588,0,0,0
sz002589,10395,8528,0
sz002590,0,0,0
sz002591,0,0,0
sz002592,0,0,0
sz002593,0,0,0
sz002594,4529,10538,248
sz002595,0,0,0
sz002596,98163,73056,6649
sz002597,6629,6532,0
sz002598,2572,0,0
sz002599,0,0,0
sz002600,3345,2879,0
sz002601,0,0,0
sz002602,1042,1753,0
sz002603,918,0,0
sz002604,1330,0,0
sz002605,1307,0,0
sz002606,1779,3797,0
sz002607,0,0,0
sz002608,23293,21031,0
sz002609,0,0,0
sz002610,55286,25508,0
sz002611,1122,3605,0
sz002612,0,0,0
sz002613,0,7688,0
sz002614,5200,0,0
sz002615,0,0,0
sz002616,0,1918,0
sz002617,4646,1650,0
sz002618,10258,4107,0
sz002619,0,0,0
sz002620,0,0,0
sz002621,0,0,0
sz002622,0,0,0
sz002623,0,0,0
sz002624,12767,8588,758
sz002625,1455,995,0
sz002626,0,4473,0
sz002627,0,0,0
sz002628,0,0,0
sz002629,1805,0,0
sz002630,5875,2495,0
sz002631,0,1613,0
sz002632,10919,1185,0
sz002633,0,0,0
sz002634,0,0,0
sz002635,2889,8035,0
sz002636,0,0,0
sz002637,0,0,0
sz002638,2015,5018,0
sz002639,0,2148,0
sz002640,4833,2225,0
sz002641,0,0,0
sz002642,2963,10518,0
sz002643,1259,4550,0
sz002644,0,2189,0
sz002645,0,0,0
sz002646,0,1072,0
sz002647,0,0,0
sz002648,9497,3988,0
sz002649,5616,2716,0
sz002650,0,0,0
sz002651,6693,4473,0
sz002652,0,0,0
sz002653,0,1773,0
sz002654,0,0,0
sz002655,1254,16231,0
sz002656,0,0,0
sz002657,1871,5321,0
sz002658,0,926,0
sz002659,0,0,0
sz002660,0,0,0
sz002661,0,0,0
sz002662,0,0,0
sz002663,0,2816,0
sz002664,0,0,0
sz002665,34163,114948,0
sz002666,49331,42616,0
sz002667,9128,673,0
sz002668,900,1356,0
sz002669,638,0,0
sz002670,4888,8109,0
sz002671,6225,11458,2011
sz002672,0,900,0
sz002674,0,0,0
sz002675,4666,15673,0
sz002676,7902,1842,0
sz002677,1605,2013,0
sz002678,0,0,0
sz002680,46544,43173,3341
sz002681,6071,1143,0
sz002684,0,0,0
sz002685,0,1291,0
sz002686,0,0,0
sz002687,0,1500,0
sz002688,0,0,0
sz002689,0,0,0
sz002690,1669,1307,548
sz002691,598,0,0
sz002692,0,0,0
sz002693,67534,67806,6064
sz002694,7716,8250,0
sz002695,0,1358,0
sz002696,0,696,0
sz002697,0,0,0
sz002698,0,0,0
sz002699,0,0,0
sz002700,0,0,0
sz002701,16793,6847,0
sz002702,15274,4758,0
sz002703,0,9779,0
sz002706,0,0,0
sz002707,5308,813,0
sz002708,0,0,0
sz002709,2387,1589,270
sz002711,2723,0,0
sz002712,0,580,0
sz002713,0,1446,0
sz002714,13139,4695,1003
sz002715,0,512,0
sz002716,43449,30125,2097
sz002717,6306,1955,1230
sz002718,0,0,0
sz002719,0,0,0
sz002721,0,0,0
sz002722,723,2384,0
sz002723,0,0,0
sz002724,0,0,0
sz002725,2322,0,0
sz002726,0,0,0
sz002727,2591,733,0
sz002728,0,1213,0
sz002729,0,0,0
sz002730,0,0,0
sz002732,0,0,0
sz002734,0,1104,0
sz002736,12324,2970,0
sz002738,0,400,0
sz002739,0,0,0
sz002740,0,0,0
sz002741,572,0,0
sz002742,11873,9533,0
sz002743,0,0,0
sz002745,1658,4782,0
sz002746,0,0,0
sz002747,2766,2509,0
sz002748,0,0,0
sz002749,0,0,0
sz002750,0,14437,0
sz002751,0,0,0
sz002752,0,0,0
sz002753,531,0,0
sz002755,0,0,0
sz002756,0,0,0
sz002757,728,437,0
sz002758,1931,4317,0
sz002759,0,0,0
sz002760,0,1302,0
sz002761,1227,0,0
sz002762,649,0,0
sz002763,0,0,0
sz002765,0,0,0
sz002766,4985,1625,0
sz002767,0,0,0
sz002768,0,417,0
sz002769,4476,4589,0
sz002770,0,0,0
sz002771,558,1131,0
sz002772,0,1041,0
sz002773,610,2081,0
sz002774,0,0,0
sz002775,0,0,0
sz002776,0,0,0
sz002777,0,615,0
sz002778,0,0,0
sz002779,558,0,0
sz002780,669,677,0
sz002781,0,0,0
sz002782,0,1040,0
sz002783,1493,1196,0
sz002785,8982,28565,0
sz002786,0,0,0
sz002787,0,0,0
sz002788,0,0,0
sz002789,783,503,381
sz002790,0,0,0
sz002791,0,0,0
sz002792,854,959,0
sz002793,0,0,0
sz002795,0,939,0
sz002796,0,0,0
sz002797,41793,51892,0
sz002798,0,0,0
sz002799,0,0,0
sz002800,0,480,0
sz002801,2736,6320,0
sz002802,0,0,0
sz002803,0,643,0
sz002805,426,814,0
sz002806,0,0,0
sz002807,3225,7573,0
sz002808,0,0,0
sz002809,0,567,0
sz002810,600,1250,0
sz002811,1009,779,0
sz002812,363,276,0
sz002813,998,1590,0
sz002815,676,425,0
sz002816,0,942,0
sz002817,0,0,0
sz002818,2608,396,0
sz002819,0,0,0
sz002820,1019,590,0
sz002821,638,1761,0
sz002822,1864,1584,0
sz002823,2578,0,0
sz002824,0,1359,0
sz002825,882,0,0
sz002826,0,1228,0
sz002827,1325,661,0
sz002828,4506,1739,0
sz002829,3794,4258,351
sz002830,0,1130,0
sz002831,0,0,0
sz002832,612,400,181
sz002833,0,183,0
sz002835,0,1005,0
sz002836,813,0,0
sz002837,0,1630,0
sz002838,0,0,0
sz002839,27761,39607,1770
sz002840,318,255,0
sz002841,0,531,0
sz002842,268,242,0
sz002843,0,0,0
sz002845,526,0,0
sz002846,1900,4337,0
sz002847,3506,2742,0
sz002848,2763,1723,0
sz002849,868,0,0
sz002850,0,0,0
sz002851,0,0,0
sz002852,0,447,0
sz002853,2507,2405,0
sz002855,0,0,0
sz002856,1963,2695,0
sz002857,0,0,0
sz002858,1359,669,0
sz002859,3514,1928,0
sz002860,0,327,0
sz002861,0,474,0
sz002862,0,0,0
sz002863,23218,17403,0
sz002864,0,0,0
sz002865,11194,7489,3702
sz002866,0,0,0
sz002867,0,697,0
sz002868,0,0,0
sz002869,2203,715,440
sz002870,444,699,0
sz002871,0,427,0
sz002872,0,0,0
sz002873,9597,14752,207
sz002875,0,1056,0
sz002876,0,186,0
sz002877,31548,27756,7545
sz002878,8895,5931,0
sz002879,1257,1544,0
sz002880,537,678,0
sz002881,8290,2255,0
sz002882,0,0,0
sz002883,189,190,0
sz002884,641,675,0
sz002885,1998,0,0
sz002886,6177,9219,334
sz002887,150,0,0
sz002888,31570,45668,4769
sz002889,0,909,0
sz002890,2346,872,0
sz002891,500,0,0
sz002892,0,0,0
sz002893,802,1461,0
sz002895,4926,4861,0
sz002896,273,0,0
sz002897,1021,1614,0
sz002898,1511,5349,562
sz002899,0,531,0
sz002900,7401,23481,1670
sz002901,2912,400,501
sz002902,3860,3840,0
sz002903,987,1297,0
sz002905,1745,1312,0
sz002906,1774,3412,0
sz002907,3231,8789,1018
sz002908,2900,6982,0
sz002909,4546,1896,0
sz002910,449,2377,520
sz002911,9687,6049,804
sz002912,620,257,0
sz002913,237,998,0
sz002915,3885,5529,0
sz002916,5006,4813,151
sz002917,4252,3256,0
sz002918,1477,1386,0
sz002919,12505,5366,1921
sz002920,7141,4233,261
sz002921,4381,2437,1047
sz002922,18053,22342,0
sz002923,1474,4512,0
sz002925,1606,7627,0
sz002926,44918,64454,3784
sz002927,38722,36046,4546
sz002928,2707,2153,0
sz002929,42330,14383,2358
sz002930,0,0,0
sz002931,0,0,0
sz300001,1144,0,0
sz300002,8577,4567,0
sz300003,5128,15931,0
sz300004,0,0,0
sz300005,7371,0,0
sz300006,10548,23819,0
sz300007,9959,4955,0
sz300008,7253,16361,0
sz300009,8319,6532,514
sz300010,6037,9957,0
sz300011,6345,52512,0
sz300012,37730,12053,0
sz300013,0,773,0
sz300014,23470,19063,2348
sz300015,3327,304,0
sz300016,0,0,0
sz300017,138714,214363,7745
sz300018,12482,10687,0
sz300019,0,1193,0
sz300020,914,10656,0
sz300021,0,6820,0
sz300022,0,0,0
sz300023,0,0,0
sz300024,39829,45995,0
sz300025,0,3015,0
sz300026,24183,3041,0
sz300027,8716,18231,0
sz300028,0,0,0
sz300029,0,0,0
sz300030,0,0,0
sz300031,0,0,0
sz300032,0,0,0
sz300033,961,2180,0
sz300034,2395,7975,0
sz300035,0,1747,0
sz300036,21505,20844,0
sz300037,600,600,0
sz300038,0,0,0
sz300039,0,0,0
sz300040,0,0,0
sz300041,0,0,0
sz300042,0,0,0
sz300043,3900,6501,0
sz300044,9878,15007,0
sz300045,5749,18019,0
sz300046,1119,638,0
sz300047,1992,4645,0
sz300048,0,3451,0
sz300049,0,0,0
sz300050,2588,9269,0
sz300051,7514,2998,0
sz300052,3495,2816,0
sz300053,5453,20134,937
sz300054,7227,7875,0
sz300055,0,1021,0
sz300056,0,0,0
sz300057,0,0,0
sz300058,1332,8363,0
sz300059,245190,331849,7376
sz300061,0,697,0
sz300062,0,0,0
sz300063,0,0,0
sz300064,22072,10122,0
sz300065,1539,2290,0
sz300066,0,0,0
sz300067,0,0,0
sz300068,961,0,0
sz300069,1501,1522,0
sz300070,19226,42541,0
sz300071,0,0,0
sz300072,2634,5957,0
sz300073,6371,3520,0
sz300074,0,0,0
sz300075,3758,4371,587
sz300076,22014,8363,2466
sz300077,0,9813,0
sz300078,13451,16771,0
sz300079,283042,353923,19521
sz300080,0,0,0
sz300081,0,0,0
sz300082,0,0,0
sz300083,27041,129821,0
sz300084,0,0,0
sz300085,2773,3281,0
sz300086,0,0,0
sz300087,10692,0,0
sz300088,33936,28143,0
sz300089,0,0,0
sz300090,0,0,0
sz300091,0,3352,0
sz300092,0,0,0
sz300093,0,0,0
sz300094,0,0,0
sz300095,0,0,0
sz300096,3140,2791,0
sz300097,1842,0,0
sz300098,4644,7537,0
sz300099,5455,2695,0
sz300100,0,1436,0
sz300101,59566,65760,5376
sz300102,2000,0,0
sz300103,0,0,0
sz300104,122843,175177,0
sz300105,0,0,0
sz300106,0,0,0
sz300107,12682,15493,0
sz300108,0,0,0
sz300109,0,555,0
sz300110,2301,10781,0
sz300111,0,0,0
sz300112,0,0,0
sz300113,10348,10668,510
sz300114,0,0,0
sz300115,4470,6426,0
sz300116,57577,45412,0
sz300117,0,2207,0
sz300118,0,0,0
sz300119,0,0,0
sz300120,0,0,0
sz300121,1803,0,0
sz300122,10168,7564,0
sz300123,0,1200,0
sz300124,10727,14443,1600
sz300125,0,0,0
sz300126,0,0,0
sz300127,0,1522,0
sz300128,1039,8981,0
sz300129,0,2300,0
sz300130,1686,1928,0
sz300131,6254,0,0
sz300132,21785,16554,0
sz300133,0,11713,0
sz300134,3413,1724,0
sz300135,0,0,0
sz300136,7746,7969,517
sz300137,608,2774,0
sz300138,0,1500,0
sz300139,0,0,0
sz300140,1000,1553,0
sz300141,0,0,0
sz300142,8404,22752,0
sz300143,6021,11066,0
sz300144,549,2964,0
sz300145,2727,1000,0
sz300146,0,0,0
sz300147,11817,5970,0
sz300148,4459,6417,0
sz300149,1377,569,0
sz300150,1934,2657,0
sz300151,0,2360,0
sz300152,0,2852,0
sz300153,2575,1027,0
sz300154,0,0,0
sz300155,0,0,0
sz300156,9078,29610,812
sz300157,1676,9293,0
sz300158,0,2736,0
sz300159,8910,26668,0
sz300160,0,0,0
sz300161,1491,2405,0
sz300162,0,0,0
sz300163,0,0,0
sz300164,4717,3492,0
sz300165,0,0,0
sz300166,104436,116307,7659
sz300167,1974,1313,0
sz300168,32491,45844,1374
sz300169,0,0,0
sz300170,24434,33218,2195
sz300171,0,0,0
sz300172,0,0,0
sz300173,0,0,0
sz300174,0,0,0
sz300175,2000,0,0
sz300176,0,201,0
sz300177,185078,378151,9295
sz300178,7960,1656,0
sz300179,0,0,0
sz300180,1888,2302,0
sz300181,0,8420,0
sz300182,18757,66064,0
sz300183,9485,8432,0
sz300184,4707,3107,0
sz300185,6558,0,0
sz300187,0,0,0
sz300188,14518,18919,346
sz300189,7535,11681,0
sz300190,0,1984,0
sz300191,510,3084,0
sz300192,0,1241,0
sz300193,0,0,0
sz300194,0,2616,0
sz300195,0,1000,0
sz300196,0,0,0
sz300197,4797,5336,0
sz300198,0,0,0
sz300199,1642,1578,0
sz300200,0,1159,0
sz300201,0,0,0
sz300202,1405,4398,0
sz300203,835,1430,0
sz300204,0,0,0
sz300205,3808,8069,0
sz300206,0,1583,0
sz300207,11694,2115,0
sz300208,0,2548,0
sz300209,2878,1482,0
sz300210,0,0,0
sz300211,0,0,0
sz300212,6255,8674,0
sz300213,3030,1565,0
sz300214,5649,2000,0
sz300215,0,0,0
sz300216,38475,26155,1103
sz300217,0,0,0
sz300218,0,0,0
sz300219,0,1081,0
sz300220,0,0,0
sz300221,1828,6351,0
sz300222,654,2589,0
sz300223,3924,9945,326
sz300224,0,1523,0
sz300225,0,0,0
sz300226,4924,4257,201
sz300227,1034,0,0
sz300228,0,0,0
sz300229,28721,19083,0
sz300230,1200,0,0
sz300231,16702,9403,0
sz300232,1575,10127,0
sz300233,0,0,0
sz300234,0,0,0
sz300235,0,0,0
sz300236,2914,5512,0
sz300237,1003,1003,0
sz300238,0,0,0
sz300239,0,0,0
sz300240,0,0,0
sz300241,0,0,0
sz300242,2140,6330,0
sz300243,0,0,0
sz300244,1312,3172,0
sz300245,0,0,0
sz300246,598,622,0
sz300247,37044,18424,0
sz300248,3199,1679,0
sz300249,1605,2732,0
sz300250,3876,2238,0
sz300251,20998,30357,0
sz300252,0,1685,0
sz300253,99608,86700,4075
sz300254,0,0,0
sz300255,0,1986,0
sz300256,8767,1527,1841
sz300257,610,0,0
sz300258,1619,0,0
sz300259,24096,7404,1692
sz300260,0,0,0
sz300261,0,0,0
sz300262,0,0,0
sz300263,0,2000,0
sz300264,17602,4904,0
sz300265,0,0,0
sz300266,0,0,0
sz300267,3000,1360,0
sz300268,1086,0,0
sz300269,0,893,0
sz300270,0,0,0
sz300271,7464,5351,0
sz300272,1260,0,0
sz300273,10142,16871,4117
sz300274,3330,7236,0
sz300275,0,0,0
sz300276,0,2611,0
sz300277,19617,67237,0
sz300278,5473,10743,0
sz300279,0,0,0
sz300280,0,0,0
sz300281,1046,0,0
sz300282,0,0,0
sz300283,0,0,0
sz300284,0,882,0
sz300285,6679,1955,0
sz300286,0,5066,0
sz300287,50996,17972,0
sz300288,1510,599,0
sz300289,5592,2003,1102
sz300290,0,0,0
sz300291,1995,6334,0
sz300292,5860,2362,0
sz300293,0,0,0
sz300294,2042,3615,337
sz300295,0,1911,0
sz300296,7506,7618,0
sz300297,1230,0,0
sz300298,1099,500,0
sz300299,0,1432,0
sz300300,2218,6704,0
sz300301,0,0,0
sz300302,1230,0,0
sz300303,3856,6410,0
sz300304,0,0,0
sz300305,0,0,0
sz300306,0,0,0
sz300307,0,0,0
sz300308,1392,740,0
sz300309,6130,1742,0
sz300310,3651,3042,0
sz300311,4399,1779,0
sz300312,0,0,0
sz300313,0,0,0
sz300314,0,0,0
sz300315,12921,21111,0
sz300316,11202,12046,1185
sz300317,0,0,0
sz300318,4526,0,0
sz300319,0,0,0
sz300320,0,0,0
sz300321,645,597,0
sz300322,0,0,0
sz300323,10809,2977,0
sz300324,48245,27628,712
sz300325,0,0,0
sz300326,0,4116,0
sz300327,2146,2804,0
sz300328,0,0,0
sz300329,0,0,0
sz300330,2001,7603,0
sz300331,1562,4270,0
sz300332,0,0,0
sz300333,9083,3755,0
sz300334,1000,2406,0
sz300335,0,0,0
sz300336,15463,16643,0
sz300337,0,0,0
sz300338,0,0,0
sz300339,1118,1997,0
sz300340,2727,2073,0
sz300341,1740,13550,0
sz300342,0,0,0
sz300343,0,891,0
sz300344,0,3981,0
sz300345,0,0,0
sz300346,0,0,0
sz300347,785,1779,0
sz300348,0,0,0
sz300349,453,339,0
sz300350,0,0,0
sz300351,0,0,0
sz300352,229191,161080,13089
sz300353,10978,11202,2228
sz300354,1001,5231,0
sz300355,10528,8782,0
sz300356,104986,294967,7354
sz300357,356,203,0
sz300358,2610,5457,0
sz300359,2558,6113,0
sz300360,0,1634,0
sz300362,0,0,0
sz300363,2781,5022,1005
sz300364,6549,16344,0
sz300365,0,655,0
sz300366,1933,992,0
sz300367,10395,39832,633
sz300368,0,0,0
sz300369,6447,14266,913
sz300370,4513,0,0
sz300371,839,0,0
sz300373,2533,2464,550
sz300374,1335,2647,0
sz300375,0,0,0
sz300376,1500,4260,0
sz300377,33403,35575,1183
sz300378,0,1742,0
sz300379,0,1029,0
sz300380,9877,14139,5250
sz300381,0,0,0
sz300382,0,0,0
sz300383,79507,96749,3943
sz300384,367,0,0
sz300385,0,0,0
sz300386,2332,6052,686
sz300387,706,0,0
sz300388,0,500,0
sz300389,0,0,0
sz300390,10790,17204,1008
sz300391,800,0,0
sz300392,62682,36781,0
sz300393,0,0,0
sz300394,543,1188,0
sz300395,1464,0,0
sz300396,0,0,0
sz300397,570,2735,0
sz300398,10315,1783,0
sz300399,0,586,0
sz300400,0,0,0
sz300401,1950,2420,0
sz300402,0,1098,0
sz300403,800,0,0
sz300404,0,0,802
sz300405,0,0,0
sz300406,0,1045,0
sz300407,0,934,0
sz300408,9807,4200,0
sz300409,0,0,0
sz300410,0,0,0
sz300411,0,0,0
sz300412,1293,3067,0
sz300413,2781,1655,0
sz300414,0,0,0
sz300415,1583,7593,0
sz300416,0,0,0
sz300417,0,0,0
sz300418,10934,15090,713
sz300419,1472,1322,0
sz300420,0,0,0
sz300421,0,0,0
sz300422,0,0,0
sz300423,499,853,0
sz300424,824,2320,0
sz300425,0,0,0
sz300426,0,987,0
sz300427,3000,2492,0
sz300428,1603,0,0
sz300429,0,0,0
sz300430,0,0,0
sz300431,3506,6598,0
sz300432,1305,904,0
sz300433,21613,21580,0
sz300434,4026,3948,0
sz300435,0,0,0
sz300436,404,3185,0
sz300437,0,1416,0
sz300438,505,429,0
sz300439,0,1010,0
sz300440,0,0,0
sz300441,0,0,0
sz300442,0,0,0
sz300443,0,0,0
sz300444,0,0,0
sz300445,0,0,0
sz300446,0,0,0
sz300447,0,0,0
sz300448,0,0,0
sz300449,628,3894,0
sz300450,530,1022,0
sz300451,32294,24381,1605
sz300452,4730,9063,0
sz300453,0,705,0
sz300455,0,0,0
sz300456,280,1112,0
sz300457,0,0,0
sz300458,1058,4577,0
sz300459,1030,941,0
sz300460,0,0,0
sz300461,0,240,0
sz300462,4688,2592,0
sz300463,2027,0,0
sz300464,0,0,0
sz300465,42844,44888,3362
sz300466,3167,5065,0
sz300467,254,0,0
sz300468,3249,1995,0
sz300469,0,691,0
sz300470,0,268,0
sz300471,0,1292,0
sz300472,0,0,0
sz300473,960,267,0
sz300474,393,377,0
sz300475,0,0,0
sz300476,5841,3237,0
sz300477,4223,17308,378
sz300478,0,0,0
sz300479,0,661,0
sz300480,0,768,0
sz300481,478,0,0
sz300482,1088,1816,0
sz300483,0,0,0
sz300484,871,2169,0
sz300485,0,622,0
sz300486,0,0,0
sz300487,0,0,0
sz300488,1141,1448,0
sz300489,0,0,0
sz300490,0,692,0
sz300491,0,0,0
sz300492,500,0,0
sz300493,1594,3575,0
sz300494,0,0,0
sz300495,0,1221,0
sz300496,17372,19686,3156
sz300497,200,274,0
sz300498,7123,9738,634
sz300499,0,0,0
sz300500,359,937,0
sz300501,0,0,0
sz300502,703,2882,0
sz300503,0,0,0
sz300504,0,364,0
sz300505,2260,501,353
sz300506,617,0,0
sz300507,349,1099,0
sz300508,0,157,0
sz300509,851,329,0
sz300510,0,387,0
sz300511,2377,2845,0
sz300512,0,2221,594
sz300513,0,0,0
sz300514,6961,6922,0
sz300515,1899,0,0
sz300516,0,0,0
sz300517,5216,0,0
sz300518,1713,0,0
sz300519,0,1378,0
sz300520,1180,3598,0
sz300521,0,1130,0
sz300522,0,539,0
sz300523,0,0,0
sz300525,1778,509,0
sz300526,0,1538,0
sz300527,1162,956,0
sz300528,877,942,0
sz300529,1667,2614,0
sz300530,0,0,0
sz300531,15936,6764,0
sz300532,2866,3404,0
sz300533,0,0,0
sz300534,9790,11074,0
sz300535,0,0,0
sz300536,0,0,0
sz300537,0,0,0
sz300538,0,0,0
sz300539,0,0,0
sz300540,0,0,0
sz300541,2897,461,476
sz300542,2290,1842,0
sz300543,0,742,0
sz300545,3593,1483,0
sz300546,0,0,0
sz300547,1910,646,0
sz300548,975,1051,0
sz300549,0,0,0
sz300550,1239,2701,532
sz300551,0,0,0
sz300552,0,0,0
sz300553,0,0,0
sz300554,1181,2072,141
sz300555,0,1245,0
sz300556,0,1667,0
sz300557,0,886,0
sz300558,1868,2883,151
sz300559,361,1115,0
sz300560,663,470,0
sz300561,3493,3737,0
sz300562,500,1310,0
sz300563,0,0,0
sz300565,1234,807,0
sz300566,0,0,0
sz300567,537,296,0
sz300568,650,4562,0
sz300569,911,937,0
sz300570,7675,1990,0
sz300571,303,850,0
sz300572,2072,0,0
sz300573,0,0,0
sz300575,0,0,0
sz300576,0,1189,0
sz300577,0,0,0
sz300578,0,0,0
sz300579,15838,7681,1160
sz300580,1647,1057,1251
sz300581,997,2095,0
sz300582,0,714,0
sz300583,505,634,0
sz300584,0,1083,0
sz300585,2251,2429,0
sz300586,0,0,0
sz300587,0,693,0
sz300588,2872,3672,764
sz300589,20452,16313,5181
sz300590,8901,11482,1085
sz300591,3320,1253,0
sz300592,0,1123,665
sz300593,428,1158,0
sz300595,419,180,0
sz300596,1025,0,0
sz300597,1690,2877,0
sz300598,10463,9767,858
sz300599,9472,3380,0
sz300600,226,0,0
sz300601,805,1232,0
sz300602,0,336,0
sz300603,1327,1957,0
sz300604,1316,183,0
sz300605,0,809,0
sz300606,0,0,0
sz300607,0,386,0
sz300608,810,380,0
sz300609,1282,938,0
sz300610,0,0,0
sz300611,794,1156,0
sz300612,2531,5309,332
sz300613,140,240,0
sz300615,0,0,0
sz300616,144,77,0
sz300617,409,1048,209
sz300618,5233,6303,1003
sz300619,646,802,0
sz300620,1709,441,0
sz300621,21754,24482,3378
sz300622,0,0,0
sz300623,715,946,0
sz300624,14417,11660,1874
sz300625,501,0,0
sz300626,0,0,0
sz300627,27255,25072,4377
sz300628,660,839,0
sz300629,0,663,230
sz300630,243,147,0
sz300631,3864,1367,0
sz300632,0,476,0
sz300633,617,1103,0
sz300634,0,352,0
sz300635,0,0,0
sz300636,0,1225,0
sz300637,485,3378,0
sz300638,1187,521,0
sz300639,1614,1873,0
sz300640,0,462,0
sz300641,1368,0,0
sz300642,106,326,0
sz300643,3033,4291,0
sz300644,5279,7066,1000
sz300645,446,0,0
sz300647,6215,3378,0
sz300648,443,0,0
sz300649,363,637,0
sz300650,13906,10338,0
sz300651,0,300,0
sz300652,0,0,0
sz300653,3670,2313,0
sz300654,716,297,0
sz300655,2513,312,0
sz300656,0,0,0
sz300657,598,1517,0
sz300658,0,0,0
sz300659,0,0,0
sz300660,1130,3804,0
sz300661,212,396,0
sz300662,0,0,0
sz300663,13955,16652,0
sz300664,1235,14366,0
sz300665,0,5880,0
sz300666,3980,8000,447
sz300667,0,0,0
sz300668,728,850,0
sz300669,406,791,0
sz300670,9935,24525,10006
sz300671,9786,23890,888
sz300672,600,2029,152
sz300673,0,873,0
sz300675,1182,1035,394
sz300676,689,2266,72
sz300677,3237,3023,0
sz300678,3140,1981,468
sz300679,0,578,0
sz300680,0,421,0
sz300681,0,211,0
sz300682,6440,5661,0
sz300683,0,231,0
sz300684,5986,7002,782
sz300685,92,439,0
sz300686,0,463,0
sz300687,2147,2493,216
sz300688,9032,13091,2061
sz300689,0,0,0
sz300690,0,248,0
sz300691,0,270,0
sz300692,1143,0,0
sz300693,357,0,0
sz300695,0,180,0
sz300696,1863,2030,608
sz300697,2359,2102,0
sz300698,0,2169,0
sz300699,853,1312,0
sz300700,774,2617,0
sz300701,2248,2240,251
sz300702,317,502,0
sz300703,445,0,0
sz300705,30614,59747,12994
sz300706,316,723,0
sz300707,33178,21915,2515
sz300708,1526,2361,0
sz300709,188,1889,0
sz300710,561,1182,0
sz300711,3181,5529,535
sz300712,2864,1441,0
sz300713,174,0,0
sz300715,0,5708,0
sz300716,3999,5883,398
sz300717,2457,1841,0
sz300718,380,1543,0
sz300719,7008,5785,1878
sz300720,0,596,0
sz300721,0,437,0
sz300722,5875,8112,781
sz300723,1125,5623,0
sz300725,469,720,0
sz300726,17813,30599,1217
sz300727,2480,11684,2292
sz300729,5857,4345,0
sz300730,2713,1316,0
sz300731,466,2180,0
sz300732,321,575,0
sz300733,1304,1057,0
sz300735,2483,3028,902
sz300736,0,403,0
sz300737,1406,2633,0
sz300738,2028,2057,776
sz300739,1627,1562,0
sz300740,10196,3920,186
sz300741,0,2238,0
sh600000,32753,37458,0
sh600004,8395,2340,0
sh600006,0,0,0
sh600007,0,0,0
sh600008,11127,6185,0
sh600009,1190,7610,0
sh600010,0,0,0
sh600011,12863,2133,0
sh600015,36991,21831,0
sh600016,104860,91303,0
sh600017,0,7979,0
sh600018,130604,120656,4696
sh600019,120205,136794,0
sh600020,0,3300,0
sh600021,0,0,0
sh600022,0,0,0
sh600023,0,18567,0
sh600025,21496,75342,0
sh600026,0,0,0
sh600027,10000,17914,0
sh600028,644924,857283,74845
sh600029,155126,147148,1557
sh600030,439036,473443,10700
sh600031,209450,167148,0
sh600033,0,0,0
sh600035,0,0,0
sh600036,117023,102444,6807
sh600037,805,2391,0
sh600038,6493,7504,548
sh600039,2950,5137,0
sh600048,425793,435755,40572
sh600050,147678,175169,0
sh600051,0,0,0
sh600052,0,0,0
sh600053,0,0,0
sh600054,0,924,0
sh600055,2634,0,0
sh600056,8367,12325,0
sh600057,0,0,0
sh600058,14816,10730,0
sh600059,0,0,0
sh600060,2144,0,0
sh600061,0,0,0
sh600062,3968,3757,0
sh600063,0,0,0
sh600064,771,777,0
sh600066,2135,684,0
sh600067,0,1944,0
sh600068,40843,66365,0
sh600069,0,0,0
sh600070,0,0,0
sh600071,0,0,0
sh600072,14796,6765,1390
sh600073,2000,1616,0
sh600074,0,14237,0
sh600075,0,1451,0
sh600076,0,0,0
sh600077,0,3000,0
sh600078,0,0,0
sh600079,21328,14660,0
sh600080,1643,4269,0
sh600081,0,0,0
sh600082,0,0,0
sh600083,0,0,0
sh600084,0,0,0
sh600085,12196,12881,0
sh600086,0,0,0
sh600088,1919,0,0
sh600089,5092,11182,0
sh600090,1349,0,0
sh600091,0,0,0
sh600093,39783,14144,1028
sh600094,0,0,0
sh600095,4615,3922,0
sh600096,2596,0,0
sh600097,0,0,0
sh600098,0,0,0
sh600099,0,0,0
sh600100,13677,32116,0
sh600101,0,0,0
sh600103,0,0,0
sh600104,51748,46218,1232
sh600105,3913,9228,0
sh600106,3945,0,0
sh600107,0,0,0
sh600108,12465,11713,0
sh600109,19426,51294,0
sh600110,13674,9952,0
sh600111,161527,129668,6607
sh600112,0,0,0
sh600114,11647,3026,0
sh600115,32181,29703,0
sh600116,37406,28693,0
sh600117,0,0,0
sh600118,8124,20830,0
sh600119,1093,2019,0
sh600120,2607,5221,0
sh600121,0,0,0
sh600122,11697,10432,0
sh600123,1299,1992,0
sh600125,4210,6956,0
sh600126,0,0,0
sh600127,0,0,0
sh600128,0,0,0
sh600129,0,0,0
sh600130,0,2789,0
sh600131,0,0,0
sh600132,1775,1505,0
sh600133,0,0,0
sh600135,1023,0,0
sh600136,4096,961,0
sh600137,0,0,0
sh600138,5640,6618,0
sh600139,0,2822,0
sh600141,13763,4685,0
sh600143,0,0,0
sh600145,0,0,0
sh600146,1489,770,0
sh600148,0,0,0
sh600149,0,0,0
sh600150,21784,22333,0
sh600151,4497,1675,0
sh600152,0,0,0
sh600153,7332,5169,0
sh600155,0,1423,0
sh600156,0,0,0
sh600157,1227092,1497175,4553
sh600158,0,0,0
sh600159,0,0,0
sh600160,11723,38439,1115
sh600161,361,1796,0
sh600162,35079,11316,0
sh600163,0,0,0
sh600165,0,0,0
sh600167,0,0,0
sh600168,0,0,0
sh600169,0,0,0
sh600170,2851,5439,0
sh600171,11068,14856,0
sh600172,7562,24338,0
sh600173,0,0,0
sh600175,31790,0,0
sh600176,11913,12033,0
sh600177,6471,7625,0
sh600178,5724,19414,0
sh600179,3511,12338,0
sh600180,0,0,0
sh600182,541,0,0
sh600183,5320,16345,0
sh600184,0,0,0
sh600185,0,8380,0
sh600186,19956,7000,0
sh600187,5874,14299,0
sh600188,25080,33836,1376
sh600189,0,0,0
sh600191,0,0,0
sh600193,0,2913,0
sh600196,131315,147833,9859
sh600198,2960,0,0
sh600200,2938,0,0
sh600201,1377,4085,1245
sh600202,1500,2012,0
sh600203,0,2748,0
sh600206,60494,39968,2069
sh600207,5246,5748,0
sh600208,29548,22684,0
sh600209,12097,35613,0
sh600210,0,4545,0
sh600211,265,246,0
sh600212,28036,3519,0
sh600213,0,19779,1802
sh600215,1346,1988,0
sh600216,5039,6812,0
sh600217,0,0,0
sh600218,0,0,0
sh600219,67492,110339,0
sh600220,0,0,0
sh600221,0,0,0
sh600222,0,0,0
sh600223,0,0,0
sh600225,0,0,0
sh600226,0,0,0
sh600227,15957,0,0
sh600228,0,0,0
sh600229,0,0,0
sh600230,3595,2163,0
sh600231,8551,11609,0
sh600232,0,0,0
sh600233,0,0,0
sh600234,0,0,0
sh600235,2327,3000,0
sh600236,0,0,0
sh600237,3430,14856,0
sh600238,3654,4491,0
sh600239,0,0,0
sh600240,6133,5769,0
sh600241,0,0,0
sh600242,0,0,0
sh600243,0,0,0
sh600246,0,0,0
sh600247,0,0,0
sh600248,0,0,0
sh600249,0,0,0
sh600250,0,0,0
sh600251,0,0,0
sh600252,7543,12706,0
sh600255,0,0,0
sh600256,94069,63868,0
sh600257,0,0,0
sh600258,1241,4430,0
sh600259,2205,1507,0
sh600260,3989,11027,0
sh600261,2453,0,0
sh600262,0,1809,0
sh600265,0,0,0
sh600266,1841,4965,0
sh600267,3153,4158,2952
sh600268,0,0,0
sh600269,0,9043,0
sh600270,1712,8193,0
sh600271,49983,63712,1903
sh600272,0,0,0
sh600273,0,1327,0
sh600275,0,0,0
sh600276,21171,15683,1059
sh600277,0,2173,0
sh600278,0,5432,0
sh600279,0,0,0
sh600280,4541,0,0
sh600281,0,0,0
sh600282,74803,35687,0
sh600283,0,0,0
sh600284,0,0,0
sh600285,0,6352,0
sh600287,0,0,0
sh600288,1470,1200,0
sh600289,0,0,0
sh600290,0,0,0
sh600291,3269,4039,552
sh600292,0,0,0
sh600293,0,0,0
sh600295,1216,0,0
sh600297,4492,19793,0
sh600298,1966,3160,0
sh600299,0,0,0
sh600300,0,3320,0
sh600301,0,0,0
sh600302,0,0,0
sh600303,0,6680,0
sh600305,0,0,0
sh600306,0,2364,0
sh600307,30210,43017,0
sh600308,19674,9585,0
sh600309,0,0,0
sh600310,0,0,0
sh600311,23663,3212,0
sh600312,0,0,0
sh600313,20060,0,0
sh600315,2082,3784,0
sh600316,2752,1752,891
sh600317,0,0,0
sh600318,0,0,0
sh600319,0,0,0
sh600320,18138,6502,0
sh600321,0,0,0
sh600322,0,0,0
sh600323,0,0,0
sh600325,27368,37683,0
sh600326,0,2566,0
sh600327,0,0,0
sh600328,2531,1134,0
sh600329,0,0,0
sh600330,17270,2392,0
sh600331,0,2427,0
sh600332,1218,5510,0
sh600333,1867,0,0
sh600335,0,0,0
sh600336,0,0,0
sh600337,5070,2306,0
sh600338,2009,1239,0
sh600339,30166,39176,0
sh600340,50405,37241,1939
sh600343,844,7474,0
sh600345,710,1957,0
sh600346,20326,1798,1219
sh600348,12785,30557,0
sh600350,0,4460,0
sh600351,1628,4786,0
sh600352,41200,61862,6446
sh600353,0,0,0
sh600354,36665,50939,0
sh600355,0,3738,0
sh600356,0,0,0
sh600358,3087,8761,0
sh600359,2000,0,0
sh600360,10800,34374,0
sh600361,2000,1983,0
sh600362,14541,40722,0
sh600363,7519,4619,0
sh600365,0,0,0
sh600366,720,2282,0
sh600367,0,0,0
sh600368,0,0,0
sh600369,0,5091,0
sh600370,0,0,0
sh600371,0,0,0
sh600372,5524,7502,0
sh600373,11074,2055,0
sh600375,5483,0,0
sh600376,0,0,0
sh600377,0,0,0
sh600378,0,0,0
sh600379,0,0,0
sh600380,10312,10844,0
sh600381,0,1060,0
sh600382,0,0,0
sh600383,51300,47764,0
sh600385,0,0,0
sh600386,0,2495,0
sh600387,0,0,0
sh600388,738,3745,0
sh600389,0,0,0
sh600390,0,0,0
sh600391,5292,5660,0
sh600392,69052,69882,1582
sh600393,0,0,0
sh600395,0,0,0
sh600396,0,0,0
sh600397,4023,4000,0
sh600398,7296,2164,0
sh600399,0,0,0
sh600400,0,0,0
sh600401,0,0,0
sh600403,0,0,0
sh600405,0,0,0
sh600406,4947,5396,0
sh600408,0,0,0
sh600409,35821,22712,2204
sh600410,27465,28362,1008
sh600415,2078,11270,0
sh600416,4333,2000,0
sh600418,0,8065,0
sh600419,250,0,0
sh600420,913,0,0
sh600421,0,0,0
sh600422,5349,3613,0
sh600423,0,0,0
sh600425,0,0,0
sh600426,43117,29895,893
sh600428,0,5068,0
sh600429,0,0,0
sh600433,0,0,0
sh600435,62743,83732,2073
sh600436,1757,5413,153
sh600438,27896,6929,0
sh600439,63644,23015,0
sh600444,0,1415,0
sh600446,35584,14710,0
sh600448,0,2467,0
sh600449,1138,0,0
sh600452,0,0,0
sh600455,0,0,0
sh600456,1531,500,0
sh600458,0,0,0
sh600459,709,1299,0
sh600460,33988,77765,0
sh600461,1894,3206,0
sh600462,0,0,0
sh600463,0,0,0
sh600466,20741,13599,0
sh600467,0,7314,0
sh600468,0,0,0
sh600469,0,0,0
sh600470,0,1967,0
sh600475,0,0,0
sh600476,0,0,0
sh600477,2666,1145,0
sh600478,0,0,0
sh600479,5378,832,0
sh600480,1248,0,0
sh600481,0,0,0
sh600482,1360,1559,0
sh600483,1842,3432,0
sh600485,0,0,0
sh600486,586,0,0
sh600487,12881,18382,1181
sh600488,0,0,0
sh600489,147759,87905,0
sh600490,21357,31757,0
sh600491,10190,8488,1032
sh600493,0,0,0
sh600495,0,0,0
sh600496,0,0,0
sh600497,18240,44719,0
sh600498,1773,1743,0
sh600499,8073,2985,0
sh600500,7672,3492,0
sh600501,0,1000,0
sh600502,0,0,0
sh600503,5048,3811,0
sh600505,0,0,0
sh600506,0,0,0
sh600507,8986,14611,0
sh600508,0,0,0
sh600509,0,0,0
sh600510,0,0,0
sh600511,20733,41758,2429
sh600512,0,0,0
sh600513,0,0,0
sh600515,0,0,0
sh600516,41351,63354,1758
sh600517,3445,8248,0
sh600518,6755,3867,0
sh600519,5745,7185,461
sh600520,0,2486,0
sh600521,5505,2857,516
sh600522,40703,45756,0
sh600523,0,1520,0
sh600525,4974,9817,0
sh600526,1342,0,0
sh600527,4146,2061,0
sh600528,0,0,0
sh600529,0,4449,0
sh600530,0,0,0
sh600531,8748,21613,0
sh600532,17335,13809,0
sh600533,3000,0,0
sh600535,9091,4260,649
sh600536,7178,10093,0
sh600537,0,0,0
sh600538,0,0,0
sh600539,1051,14586,0
sh600540,18201,32430,0
sh600543,0,0,0
sh600545,0,0,0
sh600546,0,0,0
sh600547,141452,96142,6969
sh600548,0,0,0
sh600549,35992,38869,2020
sh600550,3185,0,0
sh600551,0,0,0
sh600552,1559,0,0
sh600555,47752,56039,0
sh600556,0,0,0
sh600557,0,9122,0
sh600558,0,0,0
sh600559,0,978,0
sh600560,0,0,0
sh600561,0,0,0
sh600562,1081,3146,0
sh600563,568,1244,0
sh600565,46951,28761,0
sh600566,4103,4064,0
sh600567,63926,99785,0
sh600568,0,0,0
sh600569,17829,22244,0
sh600570,40091,45854,2831
sh600571,6671,2059,0
sh600572,0,4637,0
sh600573,0,0,0
sh600575,0,3028,0
sh600576,0,1611,0
sh600577,12990,0,0
sh600578,0,0,0
sh600579,0,0,0
sh600580,2901,1924,0
sh600581,12686,21176,3851
sh600582,2426,6378,0
sh600583,88836,78368,6715
sh600584,24810,27192,6482
sh600585,59475,70002,5954
sh600586,0,0,0
sh600587,0,0,0
sh600588,53961,53479,1263
sh600589,0,0,0
sh600590,0,0,0
sh600592,0,1300,0
sh600593,0,0,0
sh600594,5352,3937,0
sh600595,3821,2694,0
sh600596,50247,64766,993
sh600597,0,4689,0
sh600598,48191,77332,0
sh600599,0,0,0
sh600600,4720,4131,0
sh600601,0,0,0
sh600602,0,1390,0
sh600603,0,0,0
sh600604,3762,4098,0
sh600605,0,0,0
sh600606,197872,146309,0
sh600608,0,0,0
sh600609,0,0,0
sh600610,0,0,0
sh600611,0,5382,0
sh600612,2278,886,0
sh600613,0,0,0
sh600614,0,0,0
sh600615,0,0,0
sh600616,0,0,0
sh600617,0,0,0
sh600618,0,0,0
sh600619,0,0,0
sh600620,0,0,0
sh600621,17047,44600,5727
sh600622,0,1045,0
sh600623,0,0,0
sh600624,0,4467,0
sh600626,1680,3622,0
sh600628,0,0,0
sh600629,0,0,0
sh600630,1263,0,0
sh600633,0,2610,0
sh600634,13499,0,1671
sh600635,3003,11210,0
sh600636,0,0,0
sh600637,5092,802,0
sh600638,0,0,0
sh600639,0,700,0
sh600640,0,0,0
sh600641,0,1001,0
sh600642,2002,3526,0
sh600643,5963,3788,0
sh600644,0,0,0
sh600645,1541,3446,0
sh600647,0,0,0
sh600648,5426,2168,0
sh600649,0,0,0
sh600650,0,0,0
sh600651,0,0,0
sh600652,1542,1750,0
sh600653,15350,19693,0
sh600654,3500,0,0
sh600655,0,0,0
sh600657,2010,4293,0
sh600658,0,0,0
sh600660,2735,4896,0
sh600661,1936,0,0
sh600662,6489,5413,0
sh600663,586,726,0
sh600664,11561,11654,0
sh600665,0,2734,0
sh600666,0,0,0
sh600667,3038,29483,0
sh600668,0,0,0
sh600671,2818,863,5607
sh600673,5540,28094,999
sh600674,2492,1149,0
sh600675,0,0,0
sh600676,0,0,0
sh600677,8230,1122,0
sh600678,0,0,0
sh600679,0,0,0
sh600680,0,0,0
sh600681,0,0,0
sh600682,0,0,0
sh600683,0,0,0
sh600684,3722,15079,0
sh600685,3214,1526,0
sh600686,6073,1100,1113
sh600687,3310,4335,0
sh600688,34480,24851,0
sh600689,7430,11878,1446
sh600690,66124,95202,6137
sh600691,14876,6129,0
sh600692,0,3053,0
sh600693,0,0,0
sh600694,0,607,0
sh600695,0,0,0
sh600696,0,0,0
sh600697,1301,0,0
sh600698,8630,3397,0
sh600699,2288,3553,0
sh600701,0,0,0
sh600702,3443,980,0
sh600703,122638,124081,8234
sh600704,0,0,0
sh600705,45452,43362,0
sh600706,0,600,0
sh600707,0,0,0
sh600708,11519,11413,0
sh600710,0,0,0
sh600711,397149,807136,25715
sh600712,0,0,0
sh600713,0,5771,0
sh600714,0,0,0
sh600715,3407,13620,0
sh600716,0,0,0
sh600717,0,1451,0
sh600718,10269,11184,0
sh600719,0,0,0
sh600720,5235,29959,0
sh600721,0,1386,0
sh600722,0,0,0
sh600723,0,0,0
sh600724,0,0,0
sh600725,0,0,0
sh600726,0,0,0
sh600727,23410,31756,0
sh600728,7032,42776,1315
sh600729,21055,19326,0
sh600730,0,0,0
sh600731,0,0,0
sh600732,0,0,0
sh600733,0,0,0
sh600734,0,0,0
sh600735,0,0,0
sh600736,0,0,0
sh600737,2013,7968,0
sh600738,0,0,0
sh600739,0,1303,0
sh600740,23310,32784,0
sh600741,11913,20934,917
sh600742,7231,0,0
sh600743,4482,0,0
sh600744,0,0,0
sh600745,7864,2241,0
sh600746,0,0,0
sh600747,4970,18778,0
sh600748,0,0,0
sh600749,0,0,0
sh600750,561,2000,0
sh600751,0,0,0
sh600753,0,0,0
sh600754,0,286,0
sh600755,13827,18549,0
sh600756,10030,3571,0
sh600757,29264,14920,0
sh600758,0,0,0
sh600759,0,0,0
sh600760,20825,26513,1577
sh600761,1311,0,0
sh600763,4133,273,0
sh600764,0,0,0
sh600765,0,0,0
sh600766,1199,0,0
sh600767,0,0,0
sh600768,0,0,0
sh600769,0,0,0
sh600770,26849,3288,1440
sh600771,1876,201,0
sh600773,1127,0,0
sh600774,0,0,0
sh600775,0,0,0
sh600776,2436,0,0
sh600777,0,0,0
sh600778,10341,23598,0
sh600779,7433,524,0
sh600780,2339,2418,0
sh600781,0,0,0
sh600782,38529,62240,0
sh600783,0,0,0
sh600784,0,0,0
sh600785,0,0,0
sh600787,3041,4118,0
sh600789,9490,42292,0
sh600790,0,0,0
sh600791,0,0,0
sh600792,0,0,0
sh600793,1133,512,0
sh600794,0,0,0
sh600795,131740,46693,0
sh600796,0,0,0
sh600797,38211,8674,0
sh600798,0,0,0
sh600800,0,0,0
sh600801,14236,23454,0
sh600802,19221,47489,4297
sh600803,11597,4500,0
sh600804,0,3665,0
sh600805,0,2500,0
sh600807,0,0,0
sh600808,57622,49231,0
sh600809,4825,11632,0
sh600810,0,2511,0
sh600811,0,3200,0
sh600812,0,0,0
sh600814,0,0,0
sh600815,0,0,0
sh600816,2019,11780,0
sh600817,0,0,0
sh600818,0,899,0
sh600819,0,0,0
sh600820,2053,1588,0
sh600821,0,0,0
sh600822,21060,9935,0
sh600823,50435,9215,0
sh600824,0,0,0
sh600825,0,0,0
sh600826,0,2539,0
sh600827,7352,0,0
sh600828,2300,0,0
sh600829,1005,0,0
sh600830,0,0,0
sh600831,0,0,0
sh600833,0,0,0
sh600834,0,0,0
sh600835,857,738,0
sh600836,3000,0,0
sh600837,9824,34475,0
sh600838,3421,3699,0
sh600839,6156,37794,0
sh600841,0,0,0
sh600843,0,0,0
sh600844,0,0,0
sh600845,16845,11968,0
sh600846,1716,2000,0
sh600847,0,0,0
sh600848,25123,22910,928
sh600850,3962,0,0
sh600851,0,0,0
sh600853,0,0,0
sh600854,0,0,0
sh600855,1966,2542,0
sh600856,0,0,0
sh600857,0,0,0
sh600858,0,0,0
sh600859,7525,3856,0
sh600860,0,1672,0
sh600861,0,0,0
sh600862,0,0,0
sh600863,0,0,0
sh600864,0,2000,0
sh600865,0,0,0
sh600866,0,0,0
sh600867,2893,1488,0
sh600868,21661,12752,0
sh600869,0,0,0
sh600870,1568,1454,0
sh600871,10000,0,0
sh600872,3566,5704,0
sh600873,10967,32510,0
sh600874,18598,13040,0
sh600875,4894,6264,0
sh600876,0,924,0
sh600877,0,0,0
sh600879,13848,50283,0
sh600880,0,0,0
sh600881,0,0,0
sh600882,0,0,0
sh600883,0,0,0
sh600884,6645,3502,0
sh600885,0,725,0
sh600886,11452,6467,0
sh600887,226825,176986,13276
sh600888,0,0,0
sh600889,0,0,0
sh600890,0,0,0
sh600891,0,0,0
sh600892,0,0,0
sh600893,8205,7606,1613
sh600894,0,0,0
sh600895,6425,11304,0
sh600896,68442,80777,3736
sh600897,0,0,0
sh600898,0,0,0
sh600900,5070,5949,0
sh600901,33496,63673,0
sh600903,19968,22853,5001
sh600908,2008,1805,0
sh600909,6249,1514,0
sh600917,0,0,0
sh600919,47837,48033,0
sh600926,8035,14930,0
sh600929,0,18308,0
sh600933,7699,5977,1565
sh600936,1657,0,0
sh600939,0,0,0
sh600958,1754,1956,0
sh600959,0,4475,0
sh600960,0,0,0
sh600961,0,3622,0
sh600962,0,3816,0
sh600963,10577,10342,0
sh600965,0,0,0
sh600966,0,2000,0
sh600967,12874,38134,0
sh600969,1376,0,0
sh600970,5847,12726,0
sh600971,1401,5544,0
sh600973,46855,48823,0
sh600975,0,5317,0
sh600976,437,0,0
sh600977,3029,3882,0
sh600978,7430,0,2021
sh600979,0,0,0
sh600980,8996,8766,904
sh600981,0,0,0
sh600982,0,0,0
sh600983,0,0,0
sh600984,0,0,0
sh600985,1036,0,0
sh600986,0,2218,0
sh600987,0,0,0
sh600988,150846,92520,0
sh600990,835,690,0
sh600992,14016,3751,0
sh600993,0,0,0
sh600995,0,0,0
sh600996,0,0,0
sh600997,0,0,0
sh600998,6120,4776,0
sh600999,5383,7197,0
sh601000,18828,5158,0
sh601001,0,0,0
sh601002,2280,0,0
sh601003,33852,78255,1549
sh601005,0,13146,0
sh601006,118340,108071,0
sh601007,0,0,0
sh601008,3603,0,0
sh601009,104266,87268,0
sh601010,7463,0,0
sh601011,0,2746,0
sh601012,8048,8879,327
sh601015,0,0,0
sh601016,3404,0,0
sh601018,2205,4994,0
sh601019,3024,2338,0
sh601020,0,766,0
sh601021,0,0,0
sh601028,0,0,0
sh601038,0,0,0
sh601058,3504,0,0
sh601069,100688,103237,8120
sh601086,1132,4023,0
sh601088,22944,34012,0
sh601098,0,0,0
sh601099,43684,44970,0
sh601100,418,3220,0
sh601101,1574,0,0
sh601106,8722,5987,0
sh601107,3741,0,0
sh601108,9575,5681,0
sh601111,216915,120755,4130
sh601113,8541,2342,0
sh601116,904,3563,0
sh601117,30255,26914,0
sh601118,87004,107696,3465
sh601126,0,2067,0
sh601127,0,2523,0
sh601128,23061,3010,0
sh601137,0,0,0
sh601139,0,0,0
sh601155,48967,38279,4139
sh601158,0,0,0
sh601163,0,622,0
sh601166,127940,132041,0
sh601168,16991,16459,0
sh601169,32186,14993,0
sh601177,0,0,0
sh601179,5532,0,0
sh601186,0,6476,0
sh601188,0,0,0
sh601198,1210,4614,0
sh601199,0,0,0
sh601200,0,600,0
sh601208,0,0,0
sh601211,16083,23666,0
sh601212,81709,32149,1659
sh601216,0,0,0
sh601218,0,0,0
sh601222,1988,3445,0
sh601225,65549,111959,0
sh601226,0,0,0
sh601228,2000,9229,0
sh601229,127247,31936,0
sh601231,0,1758,0
sh601233,53377,40251,4630
sh601238,8200,8103,0
sh601258,52073,124385,0
sh601288,2038941,1240048,0
sh601311,0,0,0
sh601318,221981,287212,21453
sh601326,7350,26105,0
sh601328,356053,343940,0
sh601333,13307,6012,0
sh601336,23422,31686,801
sh601339,0,0,0
sh601360,10791,9861,1429
sh601366,0,0,0
sh601368,0,0,0
sh601369,3953,0,0
sh601375,4950,6193,0
sh601377,3046,25238,0
sh601388,12585,14122,0
sh601390,3059,9749,0
sh601398,1234075,886824,4416
sh601500,0,0,0
sh601515,0,0,0
sh601518,0,0,0
sh601519,4000,0,0
sh601555,0,1499,0
sh601558,0,0,0
sh601566,0,0,0
sh601567,0,0,0
sh601579,0,0,0
sh601588,0,4005,0
sh601595,577,0,0
sh601599,3827,1800,0
sh601600,523471,916054,0
sh601601,27752,37076,802
sh601607,27000,44746,2374
sh601608,0,7202,0
sh601611,0,0,0
sh601616,0,0,0
sh601618,17661,17875,0
sh601619,0,0,0
sh601628,2823,11350,0
sh601633,0,2006,0
sh601636,57405,60971,0
sh601666,13040,31325,0
sh601668,237584,178566,0
sh601669,2313,0,0
sh601677,1505,2332,0
sh601678,15969,1347,0
sh601688,34110,59864,652
sh601689,3594,514,0
sh601699,32810,61540,1017
sh601700,0,4158,0
sh601717,0,0,0
sh601718,0,2220,0
sh601727,0,0,0
sh601766,58790,66425,0
sh601777,1888,0,0
sh601788,0,851,0
sh601789,0,0,0
sh601798,7942,5780,0
sh601799,0,0,0
sh601800,6336,1347,0
sh601801,0,1124,0
sh601808,7007,15162,0
sh601811,0,0,0
sh601818,519818,218493,0
sh601828,10848,2840,0
sh601838,27079,34972,920
sh601857,105944,109165,6965
sh601858,25267,156670,0
sh601866,4132,9660,0
sh601872,3132,15973,0
sh601877,17638,14996,369
sh601878,1919,1062,0
sh601880,5000,5382,0
sh601881,26366,58649,4300
sh601882,0,910,0
sh601886,0,1236,0
sh601888,4532,9077,219
sh601890,47991,24475,5090
sh601898,9718,9900,0
sh601899,1157343,677037,0
sh601900,1000,1041,0
sh601901,19702,31408,0
sh601908,0,0,0
sh601918,11730,5000,0
sh601919,16219,24975,0
sh601928,0,0,0
sh601929,0,0,0
sh601933,79158,120642,0
sh601939,767322,655113,4172
sh601949,14920,13855,1880
sh601952,2193,1405,0
sh601958,18311,4581,0
sh601965,0,1700,0
sh601966,2263,591,0
sh601968,0,0,0
sh601969,0,3702,0
sh601985,7119,22913,0
sh601988,1089725,1270073,0
sh601989,215529,156161,0
sh601991,0,7978,0
sh601992,25740,76469,0
sh601996,0,0,0
sh601997,10856,18577,0
sh601998,174014,98807,0
sh601999,0,0,0
sh603000,2227,0,0
sh603001,0,0,0
sh603002,1930,0,0
sh603003,0,0,0
sh603005,953,410,0
sh603006,0,0,0
sh603007,0,0,0
sh603008,0,0,0
sh603009,14739,14683,0
sh603010,500,0,0
sh603011,0,0,0
sh603012,0,0,0
sh603015,1936,0,0
sh603016,0,0,0
sh603017,0,0,0
sh603018,0,0,0
sh603019,28697,34097,1575
sh603020,0,0,0
sh603021,0,0,0
sh603022,0,0,0
sh603023,0,0,0
sh603025,0,0,0
sh603026,11588,15596,0
sh603027,1026,1208,0
sh603028,0,0,0
sh603029,0,0,0
sh603030,3376,3200,0
sh603031,0,0,0
sh603032,2808,2318,0
sh603033,0,0,0
sh603035,0,0,0
sh603036,0,0,0
sh603037,509,0,0
sh603038,0,0,0
sh603039,252,222,0
sh603040,0,0,0
sh603041,0,0,0
sh603042,6552,2793,0
sh603043,0,1265,0
sh603050,1327,0,0
sh603055,943,0,0
sh603056,48813,36144,1142
sh603058,544,2230,0
sh603059,815,209,0
sh603060,0,0,0
sh603063,0,0,0
sh603066,0,0,0
sh603067,23737,28772,4183
sh603069,7109,22128,0
sh603076,320,0,0
sh603077,10488,11239,0
sh603078,242,0,0
sh603079,0,1433,0
sh603080,46911,56893,8605
sh603081,501,1063,0
sh603083,2865,2321,210
sh603085,880,0,0
sh603086,400,0,0
sh603088,0,0,0
sh603089,5137,14421,0
sh603090,0,544,0
sh603096,0,0,0
sh603098,0,0,0
sh603099,0,0,0
sh603100,0,0,0
sh603101,0,3268,0
sh603103,3420,1197,0
sh603106,73031,103550,7990
sh603108,1594,2765,0
sh603110,0,0,0
sh603111,0,4964,0
sh603113,0,0,0
sh603116,0,0,0
sh603117,0,1616,0
sh603118,0,0,0
sh603123,0,0,0
sh603126,0,1158,0
sh603127,147,698,0
sh603128,2478,6148,0
sh603129,0,0,0
sh603131,0,0,0
sh603133,0,0,0
sh603136,0,0,0
sh603138,6562,542,0
sh603139,970,3238,847
sh603156,687,436,0
sh603157,0,949,0
sh603158,0,0,0
sh603159,0,0,0
sh603160,240,226,0
sh603161,348,7960,0
sh603165,1018,400,0
sh603166,0,0,0
sh603167,0,0,0
sh603168,0,1553,0
sh603169,0,0,0
sh603177,0,0,0
sh603178,6681,4384,0
sh603179,300,0,0
sh603180,0,0,90
sh603181,931,1724,0
sh603183,0,0,0
sh603186,0,0,0
sh603188,874,2065,0
sh603189,1127,903,0
sh603196,0,0,0
sh603197,3248,1579,302
sh603198,1986,0,0
sh603199,0,0,0
sh603200,296,0,0
sh603203,0,0,0
sh603208,0,0,0
sh603214,0,415,0
sh603218,0,0,0
sh603222,0,0,0
sh603223,0,0,0
sh603225,0,566,0
sh603226,391,0,0
sh603227,0,0,0
sh603228,1281,210,0
sh603229,16330,27093,1666
sh603232,942,389,0
sh603233,0,390,0
sh603238,579,0,0
sh603239,662,0,0
sh603258,0,0,0
sh603260,5424,4982,0
sh603266,0,3865,0
sh603268,541,0,0
sh603269,0,718,0
sh603277,5413,2151,0
sh603278,533,0,0
sh603283,371,1324,0
sh603286,1467,431,0
sh603288,3040,584,0
sh603289,9190,25966,786
sh603298,0,1408,0
sh603299,6255,7050,0
sh603300,17092,53032,0
sh603303,0,1000,0
sh603305,5092,9627,590
sh603306,0,0,0
sh603308,0,0,0
sh603309,0,0,0
sh603311,0,0,0
sh603313,0,0,0
sh603315,0,0,0
sh603316,1210,0,0
sh603318,0,0,0
sh603319,0,0,0
sh603320,906,0,0
sh603321,0,0,0
sh603322,0,0,0
sh603323,4619,5551,0
sh603326,0,0,0
sh603328,3850,0,0
sh603329,14096,11290,6184
sh603330,0,0,0
sh603331,0,0,0
sh603333,0,0,0
sh603335,0,14808,0
sh603336,0,0,0
sh603337,0,0,0
sh603338,0,185,0
sh603339,0,0,0
sh603345,830,1402,0
sh603355,0,0,0
sh603356,0,1899,0
sh603357,1569,0,0
sh603358,0,0,0
sh603359,0,764,0
sh603360,3328,0,0
sh603363,2577,5518,0
sh603365,0,621,0
sh603366,0,0,0
sh603367,15193,11947,2406
sh603368,1345,1913,0
sh603369,8026,6458,0
sh603377,0,0,0
sh603378,1875,0,684
sh603380,0,903,0
sh603383,9191,9087,2851
sh603385,0,0,0
sh603386,1070,2057,0
sh603387,2036,2096,0
sh603388,0,0,0
sh603389,1000,0,0
sh603393,0,0,0
sh603396,0,272,0
sh603398,0,0,0
sh603399,4276,10105,0
sh603416,0,0,0
sh603421,0,0,0
sh603429,343,376,0
sh603444,87,174,0
sh603456,12762,4500,0
sh603458,0,242,0
sh603466,4272,3111,503
sh603477,702,1580,0
sh603488,0,0,0
sh603496,316,405,0
sh603499,661,2888,1473
sh603500,0,0,0
sh603501,0,1637,0
sh603505,0,1887,0
sh603506,4667,1553,0
sh603507,2696,2673,0
sh603508,0,0,0
sh603515,0,0,0
sh603516,5415,13688,455
sh603517,9852,1149,501
sh603518,620,0,0
sh603519,0,0,0
sh603520,0,0,0
sh603527,0,0,0
sh603528,4741,6211,0
sh603533,9395,7778,1605
sh603535,478,3284,0
sh603536,1155,700,0
sh603538,0,0,0
sh603555,3906,515,0
sh603556,0,0,0
sh603557,580,0,0
sh603558,0,0,0
sh603559,0,513,0
sh603566,0,0,0
sh603567,0,0,0
sh603568,0,0,0
sh603569,0,0,0
sh603577,782,880,0
sh603578,0,0,0
sh603579,0,0,0
sh603580,530,407,0
sh603585,360,0,0
sh603586,4979,600,0
sh603588,0,0,0
sh603589,572,1268,0
sh603595,0,104,0
sh603598,0,1000,0
sh603599,0,0,0
sh603600,0,0,0
sh603601,933,0,0
sh603602,0,0,0
sh603603,0,0,0
sh603605,2222,1097,0
sh603606,0,0,0
sh603607,20855,21506,1579
sh603608,0,1000,0
sh603609,6814,0,0
sh603611,0,0,0
sh603612,1152,2133,0
sh603615,0,0,0
sh603616,2008,1222,780
sh603617,0,0,0
sh603618,0,0,0
sh603619,16747,49756,4058
sh603626,0,0,0
sh603628,0,0,0
sh603630,0,618,0
sh603633,0,0,0
sh603636,11694,11045,0
sh603637,12193,6175,0
sh603638,0,0,0
sh603639,820,0,0
sh603648,68441,154795,13074
sh603655,1148,2309,0
sh603656,0,0,0
sh603658,0,198,0
sh603659,0,0,0
sh603660,0,0,0
sh603661,0,0,0
sh603663,0,0,0
sh603665,0,0,0
sh603667,0,0,0
sh603668,0,0,0
sh603669,523,1157,0
sh603676,15162,12093,1717
sh603677,0,500,0
sh603678,772,0,0
sh603679,0,0,0
sh603680,0,0,0
sh603683,0,0,0
sh603685,312,0,0
sh603686,0,0,0
sh603688,0,0,0
sh603689,0,0,0
sh603690,0,0,0
sh603696,0,0,0
sh603698,639,0,0
sh603699,620,0,0
sh603701,0,0,0
sh603703,916,4506,0
sh603707,1411,401,0
sh603708,505,1113,0
sh603709,434,480,0
sh603711,0,3077,0
sh603712,130801,136581,56451
sh603716,1033,670,0
sh603717,0,0,0
sh603718,59519,25046,4184
sh603721,0,0,0
sh603722,11458,19004,2763
sh603725,0,0,0
sh603726,0,0,0
sh603727,0,0,0
sh603728,555,0,0
sh603729,701,250,0
sh603730,0,0,0
sh603737,396,0,0
sh603738,1269,0,0
sh603757,379,0,0
sh603758,0,0,0
sh603766,5001,2008,0
sh603767,12801,6022,0
sh603768,0,0,0
sh603776,723,1563,174
sh603777,1051,0,0
sh603778,0,0,0
sh603779,0,0,0
sh603787,742,6790,0
sh603788,0,0,0
sh603789,0,0,0
sh603797,0,0,0
sh603798,0,0,0
sh603799,26383,26641,4420
sh603800,881,1319,0
sh603801,0,0,0
sh603803,50846,43747,6812
sh603806,0,0,0
sh603808,2651,0,0
sh603809,317,0,0
sh603811,686,3110,1978
sh603813,680,325,0
sh603816,1077,657,0
sh603817,1281,0,0
sh603818,0,0,0
sh603819,655,0,0
sh603822,0,0,0
sh603823,0,805,0
sh603825,2096,1192,0
sh603826,2291,0,0
sh603828,0,0,0
sh603829,1305,0,0
sh603833,0,202,0
sh603838,1514,0,0
sh603839,0,0,0
sh603843,0,0,0
sh603848,8690,549,0
sh603855,0,0,0
sh603856,0,0,0
sh603858,451,953,0
sh603859,0,489,0
sh603860,0,0,0
sh603861,0,1677,0
sh603866,630,452,0
sh603868,320,1874,0
sh603869,0,0,0
sh603871,768,849,150
sh603877,0,0,0
sh603878,0,0,0
sh603879,0,0,0
sh603880,0,0,0
sh603881,2083,1018,0
sh603882,1288,1135,0
sh603883,3472,1234,0
sh603885,0,0,0
sh603886,0,0,0
sh603887,0,0,0
sh603888,1421,0,0
sh603889,0,0,0
sh603890,2962,674,290
sh603895,507,2830,0
sh603896,0,0,356
sh603897,0,0,0
sh603898,0,0,0
sh603899,1695,9719,0
sh603900,2392,401,0
sh603901,0,0,0
sh603903,1341,403,0
sh603906,745,0,0
sh603908,0,0,0
sh603909,0,0,0
sh603912,1517,3119,0
sh603916,745,0,0
sh603917,0,0,0
sh603918,3641,9288,560
sh603919,0,0,0
sh603920,0,604,0
sh603922,484,489,0
sh603926,0,526,0
sh603928,800,0,0
sh603929,0,0,0
sh603933,2278,1006,0
sh603936,0,0,0
sh603937,6900,5272,2259
sh603938,0,0,0
sh603939,537,185,0
sh603955,0,0,0
sh603958,9275,2576,0
sh603959,0,341,0
sh603960,0,0,0
sh603963,8195,16191,0
sh603966,0,0,0
sh603968,0,0,0
sh603969,1321,800,0
sh603970,737,468,0
sh603976,410,0,0
sh603977,0,0,0
sh603978,0,281,0
sh603979,0,0,0
sh603980,3001,6597,0
sh603985,6486,523,0
sh603986,2515,2330,224
sh603987,858,0,0
sh603988,0,400,0
sh603989,0,0,0
sh603990,0,0,0
sh603991,0,0,0
sh603993,306580,401513,1845
sh603996,2320,3468,0
sh603997,0,0,0
sh603998,0,0,0
sh603999,4627,7473,4709
