sh603839,0,451,0
sz002099,0,3416,0
sh600789,33681,44601,0
sz300137,16302,18302,814
sz300630,218,0,0
sh600995,0,0,0
sz002504,0,0,0
sh600097,0,0,0
sz300287,87527,42670,1569
sz300414,2002,530,0
sz002324,2079,0,0
sh600058,0,0,0
sz002342,4186,14445,1680
sz000581,7721,4881,0
sh600971,9251,19128,0
sz002117,2321,1439,0
sz000009,33158,13110,0
sz300577,204,355,0
sh600169,11414,0,0
sh600101,0,1229,0
sz002761,5376,1300,0
sz000088,0,3019,0
sh600518,74217,36410,3439
sh600500,4830,3328,0
sh600660,11094,4727,0
sh600803,5668,1854,0
sh603456,2053,1173,0
sh600801,14958,26513,0
sz300113,82079,41066,5834
sh603238,0,0,0
sz002346,810,0,0
sz000705,2076,0,0
sh603838,0,0,0
sz000882,108425,21433,3205
sh600418,1290,1656,0
sh600061,2952,0,0
sz002664,0,0,0
sz002792,500,0,0
sz002337,0,7347,0
sz000633,1807,0,0
sz300334,2907,6131,0
sz002881,0,0,0
sz000791,0,0,0
sz002550,7665,0,0
sz002064,2016,5405,0
sz002743,1873,0,0
sh600841,0,0,0
sz002180,0,1004,0
sh603937,1027,1722,0
sh603779,0,0,0
sz002712,1988,488,0
sz300124,27738,8613,772
sz300203,2155,2944,0
sz002835,0,0,0
sz002760,2085,1631,0
sz002162,0,0,0
sh603721,0,0,0
sz000411,3485,0,3000
sz300667,0,0,0
sz002884,0,0,0
sz300487,17717,13939,1263
sz002605,0,0,0
sz300352,31884,20085,0
sz002174,12524,3894,0
sz002646,0,0,0
sz000688,1625,2422,0
sh600410,127922,125351,0
sz000910,2928,3550,0
sh603165,614,0,0
sz300615,0,0,0
sz300671,333,0,0
sh600805,2660,0,0
sh601519,2827,0,0
sh601106,4563,0,0
sz002535,0,0,0
sz000698,2100,0,0
sz300200,0,0,0
sh601518,0,0,0
sz002441,0,0,0
sh600643,17666,35231,0
sz300468,1688,2047,0
sz300199,1912,0,0
sz002145,7983,3512,0
sh600771,1666,1302,0
sz300362,2470,0,0
sz002287,0,0,0
sz300730,0,2467,0
sh600654,0,0,0
sh603568,0,0,0
sz002140,0,0,0
sz002556,6062,6567,0
sh600845,28192,9903,943
sh600109,24894,5959,0
sz002424,1217,4320,0
sz300503,858,0,0
sh603260,2754,1661,0
sz000007,15731,4892,0
sh600367,0,0,0
sz002562,2280,0,0
sz300139,4232,0,0
sh600075,0,3478,0
sh600867,10547,5477,0
sz002022,4864,1935,0
sh603968,0,0,0
sh600861,0,0,0
sz300099,2432,5657,1633
sh603799,34301,30535,4856
sh600307,19781,13980,0
sz300363,0,867,0
sh603506,3367,6685,1242
sh603416,0,0,0
sh603366,0,0,0
sh600068,50001,81208,1639
sz000636,41563,35471,0
sz300567,312,271,0
sh600890,3635,0,0
sz000605,8458,5745,553
sh603015,0,0,0
sh600345,1317,0,0
sh600446,9337,4892,0
sz000767,0,13788,0
sz000835,0,0,0
sh601288,1025556,1291669,0
sz300553,0,0,0
sh600139,0,1830,0
sh600108,14539,0,0
sh600249,0,0,0
sz002553,1526,0,0
sz300434,0,0,0
sz002224,4402,0,0
sh600577,167242,48267,0
sh603337,0,0,0
sz300013,0,0,0
sz300084,1554,0,0
sz002266,5814,0,0
sz300258,0,0,0
sh600277,1959,0,0
sz300271,27748,5420,1454
sz002058,754,19595,0
sh603880,0,437,0
sz000673,29763,3789,0
sh601588,0,4218,0
sh601966,545,0,0
sh600809,6476,6461,0
sz300328,1359,1594,0
sh603517,905,0,0
sh603311,0,0,0
sz002886,0,0,0
sz000727,18396,31104,0
sz000952,0,782,0
sz002752,0,0,0
sz300521,0,0,0
sz002202,44678,20244,0
sz000962,0,0,0
sh600828,0,2100,0
sz300691,164,0,0
sz300033,18716,5432,652
sh600390,1862,2681,0
sh601929,21528,23020,0
sz002045,16121,8489,0
sz002516,3000,9969,0
sz002498,5999,0,0
sh600754,5409,703,0
sh603535,495,813,0
sz000733,0,0,0
sh600206,25095,14052,0
sz002670,3130,1786,0
sz002404,0,0,0
sh603955,0,375,0
sz300349,6584,1836,0
sh603377,0,0,0
sz300075,4746,4148,918
sz300449,957,0,0
sz002344,4071,3618,0
sz000568,6496,6217,406
sz300378,7322,15872,0
sh603378,0,0,0
sz300174,0,0,0
sz002304,5109,2684,105
sz002297,11350,0,0
sz000421,0,0,0
sh603609,0,0,0
sz300485,0,0,0
sz300491,2915,9570,0
sh603966,2004,0,0
sz002774,0,0,0
sz300697,965,2771,1533
sz002675,16164,15272,2263
sz000758,10974,11527,0
sz002555,35237,12840,508
sz300196,0,0,0
sz002030,5459,1501,0
sh601918,0,3000,0
sz000937,2010,32882,0
sz002564,0,1503,0
sz000719,0,0,0
sh600769,0,0,0
sh603727,0,0,0
sz300522,0,0,0
sz300274,16659,4383,0
sz002109,0,0,0
sz002642,16008,6507,0
sz300387,0,0,0
sh600151,0,3917,0
sz300367,44589,29180,0
sh600215,0,0,0
sz002868,513,0,0
sz300133,24618,16963,0
sz300122,1906,6109,0
sz000603,0,1879,0
sz300034,11057,8080,0
sh600178,0,0,0
sz002649,15668,3017,0
sz002518,0,0,0
sh600765,0,0,0
sz002217,39767,16192,0
sh600388,1432,4280,0
sz000582,0,2000,0
sz300602,0,225,0
sz002025,2647,501,0
sh603728,0,0,0
sz000729,15790,7669,0
sz002271,2529,1387,302
sh603225,2654,1480,0
sh601111,93174,89841,4586
sz300294,0,0,0
sh603159,0,0,0
sz002182,0,0,0
sh600271,26006,11231,520
sh600664,0,17643,0
sz002281,90742,22354,6363
sz002317,6964,5791,0
sz300019,0,0,0
sh600078,0,0,0
sz002039,0,0,0
sh600575,5854,5000,0
sz002285,83025,41714,0
sh603389,993,0,0
sh600395,0,14611,0
sz000718,0,8917,0
sz000831,2942,1610,0
sz002165,2335,0,0
sh600561,0,0,0
sz300230,14564,4634,0
sz300649,12601,11891,1104
sz002923,594,331,465
sh600525,6406,7739,0
sz000656,17383,27322,0
sh601789,0,0,0
sz002613,0,0,0
sh600676,2464,0,0
sz002625,1377,391,0
sz300404,0,0,0
sz002603,848,4234,0
sh600986,0,0,0
sz300543,511,729,0
sh603888,600,0,0
sz000709,69455,133515,0
sh603979,0,0,0
sz002422,13565,22227,0
sh601169,6181,26382,0
sh600476,844,0,0
sh600426,5245,4774,0
sz300486,0,0,0
sz300555,0,0,0
sz000826,1579,5443,0
sh600674,0,8871,0
sh603118,1835,0,0
sz000639,1000,0,0
sh603680,4453,1355,284
sh603626,3604,0,0
sz002899,0,0,0
sz002350,0,1348,0
sh600037,3476,7322,0
sh600847,0,0,0
sh603580,400,0,0
sz300395,0,0,0
sz000751,37103,2341,0
sz002110,15572,20342,533
sz002569,2426,1152,0
sz002815,3151,1334,0
sh603882,0,0,0
sz300183,2961,1664,0
sh601127,0,0,0
sz000960,44288,42903,829
sh600369,16423,13898,0
sh600261,2428,0,0
sz002277,17369,0,0
sz002069,17017,0,0
sz002730,0,0,0
sh600917,1325,0,0
sz002348,0,0,0
sz000798,0,0,0
sz002089,20798,0,0
sh600720,39684,44001,0
sz300009,19536,8437,550
sz000737,0,0,0
sz300488,0,0,0
sz000638,1545,0,0
sh601988,200123,290559,0
sh603078,0,0,0
sh600961,0,0,0
sz300223,3574,2630,0
sh600808,66204,85978,0
sz300069,4483,1094,0
sz002679,0,0,0
sh603608,0,0,0
sz002445,0,0,0
sh600653,10807,5500,0
sh603305,2639,2575,354
sz002456,103136,64612,823
sz300400,2715,0,0
sz002572,4931,4089,0
sh600336,0,0,0
sh600855,3255,1046,0
sz300014,33500,10693,0
sh600375,0,0,0
sh600466,4732,11004,0
sz000096,0,0,0
sz300307,8664,0,0
sz000060,18731,34372,0
sz000760,0,0,0
sz002354,50049,24404,6146
sh603345,0,434,0
sz002858,0,0,0
sz002478,2513,0,0
sh600302,2000,0,0
sz000557,0,0,0
sz300118,1905,1888,0
sz300399,0,0,0
sh600203,0,0,0
sz002414,2019,0,0
sz300195,0,0,0
sz002601,5966,15530,0
sz002124,0,1255,0
sh603918,698,6351,0
sh603996,1200,630,0
sz002308,22907,7532,0
sz002392,0,0,0
sh600467,3812,0,0
sz300568,1333,0,0
sz300735,2792,1347,0
sh603877,2398,399,0
sz300498,25891,6121,0
sz300043,34903,2055,0
sz300569,0,0,0
sz002746,0,0,0
sh600761,964,0,0
sh600168,0,0,0
sz002581,2466,0,0
sz300612,11982,13289,6169
sz002041,0,0,0
sh600506,0,0,0
sz000423,2058,2606,301
sz000631,2423,0,0
sz300136,39318,26913,3264
sz300510,796,810,0
sz002031,0,0,0
sz300206,0,0,0
sz002624,8522,3530,308
sz002674,5616,8617,0
sh600470,0,4023,0
sh601311,7039,0,0
sz300269,14029,18898,0
sz002055,4112,1941,0
sz002201,0,0,0
sz002399,832,0,0
sz002780,0,0,0
sz000989,2246,2788,0
sz000519,5185,1443,0
sh601012,22951,11589,748
sh600657,1897,1982,0
sh603083,5759,3376,0
sz000530,3281,8170,0
sz002883,596,21585,0
sz002380,709,1561,0
sh600015,12691,20344,0
sz000903,17112,25993,0
sh600560,0,0,0
sz002376,11540,4304,1611
sz300565,3698,765,0
sh603012,0,0,0
sz002652,0,0,0
sh600647,970,0,0
sh603637,0,0,0
sz002639,4980,0,0
sz002669,0,0,0
sz000055,5857,14063,0
sz000776,66979,43447,0
sh603730,563,0,0
sz300531,1635,0,0
sz000999,1004,1946,0
sh600177,1236,3083,0
sz300170,103245,41808,5982
sz002171,9921,1535,0
sz300643,0,0,0
sh603277,0,0,0
sh600665,0,0,0
sh601086,10944,6681,0
sh600652,15735,29519,0
sh603933,253,250,0
sz002208,15293,20303,0
sz002314,0,0,0
sh600764,2737,4638,0
sz000100,157265,229584,0
sh600295,0,0,0
sz002057,0,0,0
sz002239,0,3736,0
sz002755,0,0,0
sz002444,2787,3783,0
sz002042,3583,6115,0
sz000736,1428,650,0
sh601636,36129,126338,2291
sz002136,1083,0,0
sh600580,11299,0,0
sh600217,5198,0,0
sh603298,0,0,0
sz300639,365,1124,0
sz002803,0,0,0
sz002644,868,0,0
sh600879,18378,4572,0
sh600581,31930,62472,0
sh600622,0,0,0
sh603079,0,0,0
sz002059,0,0,0
sh600990,4183,2424,0
sz000099,2073,1352,0
sh600162,5299,3569,0
sz002609,2131,1494,0
sh601113,6976,0,5013
sh600884,46847,15343,0
sz002842,0,300,0
sz300471,20192,28454,2686
sh600238,0,0,0
sz300220,791,0,0
sz300149,0,0,0
sz000584,686,0,0
sz002612,0,0,0
sz000659,0,0,0
sz300461,0,226,0
sz002397,3685,0,0
sz002152,100614,31320,0
sh600496,6416,12762,0
sh600802,1500,0,0
sh600719,0,0,0
sz300292,15450,3002,0
sz002091,5155,0,0
sh603116,0,0,0
sz300595,180,196,0
sh603611,998,1593,0
sz300448,0,0,0
sz000926,0,1007,0
sz002106,1237,0,0
sz300401,4536,5488,0
sz000785,0,0,0
sh603189,1821,5029,0
sh600299,3756,0,0
sh601008,0,2505,0
sh600759,25936,14089,0
sz002159,0,1141,0
sh600297,25934,1788,0
sz300194,0,0,0
sz002128,7275,9620,0
sh603076,0,0,0
sz300527,462,3504,0
sz002391,0,0,0
sz000572,0,2887,0
sz002600,13412,13523,0
sh600712,0,0,0
sz300512,0,0,0
sh600085,4600,5218,0
sh603801,0,159,0
sz000790,94036,164533,8203
sh603919,0,0,0
sh600063,0,0,0
sh600620,0,0,0
sh600696,0,0,0
sz300098,23421,7291,1016
sh600103,0,0,0
sh600233,3091,1820,0
sh603126,0,2563,0
sh603458,341,236,0
sz300296,22406,11044,0
sz000338,22152,41804,0
sz002016,4497,11088,923
sz002629,10625,14003,0
sz002888,0,0,0
sz300426,1015,0,0
sh600305,1000,0,0
sz002576,0,0,0
sz300353,100607,125105,18859
sz002303,6228,0,0
sh600641,0,0,0
sz002859,314,0,0
sz300535,364,0,0
sz300500,5641,4628,2346
sz002158,4013,9489,0
sh603767,0,800,0
sz300027,83936,39552,1203
sh603336,1097,0,0
sz000997,35626,25619,733
sh600055,772,2145,0
sz002242,790,1369,0
sh601166,86402,127966,0
sz002258,693,1608,0
sz002845,524,0,0
sz002680,4008,8740,0
sh601126,0,0,0
sz300642,0,195,0
sz300176,959,474,78
sz300319,0,0,0
sh600967,20642,837,0
sh603178,0,0,0
sh601788,6816,0,0
sz000836,40181,13191,0
sz300422,3578,0,0
sh603899,0,0,0
sz300427,1821,3900,0
sz002786,0,0,0
sz300036,17341,3243,0
sz002920,17813,3867,742
sh600156,2838,0,0
sz000716,0,2068,0
sz002185,87921,62528,1363
sz000875,6587,0,0
sh603766,1473,4564,0
sz300063,4129,9361,0
sh601777,0,0,0
sh600083,0,0,0
sz000400,16769,6028,0
sz002492,0,1756,0
sh600335,4186,2433,0
sz000672,11319,21028,0
sh600193,0,0,0
sz002187,0,0,0
sh603388,0,0,0
sz300351,1111,0,0
sz002050,19630,5612,1578
sz002455,0,0,0
sz002452,0,0,0
sz000739,0,2000,0
sz000090,1199,3726,0
sh603595,203,426,0
sz300408,38736,18412,3525
sz300151,0,0,0
sh600191,0,0,0
sh603108,5542,7704,0
sh600876,3030,0,0
sh600266,4741,2458,0
sz002264,20638,9112,0
sz002177,5948,97126,0
sh600319,0,0,0
sz000901,1260,3005,0
sh603368,343,0,0
sz300635,0,0,0
sh603322,250,438,0
sh603985,0,0,0
sh600323,0,0,0
sh603133,544,0,0
sz300502,7084,466,0
sh600008,81961,138487,4884
sz002789,0,0,0
sz000554,1552,0,0
sz002827,0,0,0
sz002929,62592,67491,5430
sz002125,0,0,0
sh600531,9498,0,0
sz002510,5569,1944,0
sh601377,61456,24857,0
sz002634,0,0,0
sh603798,0,0,0
sz300382,4050,0,0
sz300430,0,0,0
sh600537,5271,3461,0
sz300473,0,0,0
sh600838,0,0,0
sh600477,15511,16923,0
sz000967,0,0,0
sz002747,0,0,0
sh600636,1895,0,0
sz300483,0,0,0
sz300417,0,0,0
sh600080,1590,0,0
sz000514,8210,11196,0
sz000697,0,0,0
sz300572,551,1453,0
sh600329,4653,0,0
sz300717,2007,8143,0
sh603633,0,0,0
sh603331,0,0,0
sh600679,0,0,0
sh600875,14739,11385,0
sz002807,3740,5793,0
sz002017,0,0,0
sz002873,0,583,0
sz300327,8451,1683,388
sz002758,0,0,0
sh601878,15960,8352,0
sh601118,1811,22577,0
sz300359,20482,16024,0
sh600152,2355,0,0
sh600358,5422,0,0
sh601006,48143,41464,0
sz000620,0,0,0
sh603618,0,0,0
sz002024,272458,163210,5449
sz002151,6918,1194,0
sh601599,5604,0,0
sh600229,0,0,0
sh601999,1511,0,0
sh600903,140486,172208,47303
sh600507,28399,60473,0
sz300380,5720,1000,0
sz300333,12038,2600,2562
sh603768,0,0,0
sz002889,0,0,0
sh600872,2733,0,0
sh600135,1165,1948,0
sz002802,0,0,0
sh600503,20416,0,0
sh600026,1956,2000,0
sz002875,479,0,0
sh603556,0,0,0
sh600891,0,0,0
sh600901,423821,282834,23742
sz000955,1888,19274,0
sz002363,0,0,0
sz300621,0,0,0
sz000027,1702,8064,0
sh603868,630,2352,0
sz002491,23164,2061,0
sz300062,6450,0,0
sz002044,7636,10747,960
sz000981,0,0,0
sh600975,3321,0,0
sz000418,316,443,0
sz002735,0,0,0
sh600573,0,0,0
sh600356,0,0,0
sz002608,0,0,0
sz002035,2006,1824,0
sh600017,32105,22632,0
sh600054,1934,900,0
sh601872,10400,0,0
sh600533,0,0,0
sz000789,25295,21183,0
sz300687,1042,405,205
sh603226,0,0,0
sz002011,0,0,0
sz002191,11827,4700,0
sh603929,2283,0,0
sh603993,522707,536554,0
sz300725,1071,910,290
sz002173,0,0,0
sz000159,0,0,0
sz000036,3133,30468,0
sz002435,0,0,0
sz300629,0,0,0
sz000995,0,0,0
sh600677,1102,2070,0
sz002676,119511,101647,6746
sz300326,3618,4331,0
sz000933,105566,88186,0
sz000886,1857,19646,0
sh600326,1419,1240,0
sh600750,500,905,0
sz002505,5013,0,0
sh600048,190390,295817,3824
sh603663,0,0,0
sz000702,0,0,0
sz002910,0,1940,0
sz300265,1436,1526,0
sh600020,0,2900,0
sh603533,1957,2321,241
sz300429,433,1046,0
sh600130,16031,10105,0
sh600850,0,627,0
sz002631,4027,1520,0
sz002469,0,0,0
sz000155,4885,5489,0
sz000627,1478,1552,0
sz300295,5293,6770,0
sz002865,0,0,0
sz000565,0,0,0
sz300305,0,0,0
sh600499,24321,29865,0
sz300335,2046,1431,0
sz000732,24709,31024,4945
sz300496,16550,1844,0
sh600839,66692,90261,8134
sz002142,13265,24372,565
sz002359,6772,12192,0
sz002112,0,1753,0
sh600260,19171,15065,698
sz002195,171005,58052,0
sz000630,27028,57004,0
sz002548,0,0,0
sz002447,58019,28754,0
sh601229,12031,18985,0
sz300590,1976,3706,0
sz002074,15816,7953,0
sz002543,0,0,0
sh600009,8190,2842,275
sz000761,2237,20352,0
sz300611,0,0,0
sz300563,0,0,0
sz000001,183837,235251,894
sz002328,0,0,0
sz300125,0,0,0
sz002015,0,9118,0
sh600322,0,0,0
sh600093,38255,44585,3776
sh600552,7980,0,0
sh600779,4021,1324,0
sh600557,1783,2909,0
sz002477,12026,25021,0
sh603658,301,1064,0
sz002210,0,3131,0
sh600316,4243,0,0
sh603002,5630,0,0
sh601555,21539,9725,0
sh603559,36160,14441,1405
sz300495,9131,0,0
sh603106,4033,4684,1160
sz000619,0,0,0
sh601375,15991,1829,0
sh600529,0,0,0
sh600742,0,658,0
sh601828,22619,20145,0
sz002130,6893,2033,0
sz002076,6267,12050,0
sz002226,48094,245216,0
sz000632,0,0,0
sz002060,4082,0,0
sh603708,0,1284,0
sh600520,1987,547,0
sz000902,2535,0,0
sz300232,8811,4773,0
sz000979,173807,385198,0
sz002251,3763,1960,0
sh600070,0,0,0
sz002708,0,0,0
sz000968,1751,3511,0
sz300037,12697,0,523
sz300493,0,0,0
sh600141,0,1712,0
sz002709,3026,4437,282
sh600397,0,4000,0
sz002421,2500,3849,0
sh600490,41048,71781,7878
sh600675,0,0,0
sh603157,0,749,0
sh600016,53591,102773,0
sz002736,17504,10141,0
sz002701,9234,4412,0
sz002688,0,1589,0
sh603000,11206,4919,0
sh600650,0,0,0
sz000839,92728,27461,0
sz002685,1005,0,0
sz001696,0,0,0
sh600071,0,617,0
sh600300,23008,2644,0
sz300676,3051,829,69
sz300202,478,509,0
sz300501,0,0,0
sh601098,978,836,0
sz002426,13932,6010,0
sz002560,0,0,0
sz300331,3497,0,0
sh600213,0,0,0
sz300451,5961,5491,301
sh600988,0,10441,0
sh600763,0,1002,0
sz300061,0,0,0
sh600129,0,0,0
sz300152,19675,8099,0
sz300192,0,0,0
sz300416,0,0,0
sh600756,8970,2976,0
sz300330,0,0,0
sz002111,811,1209,0
sh600495,5457,0,0
sh600644,0,0,0
sz300489,0,0,0
sz300371,0,0,0
sz002925,21925,21839,3583
sz002684,2802,1651,0
sh603010,489,0,0
sh600755,5323,2397,0
sz000513,2174,4413,0
sz002261,34922,0,0
sz000936,12114,6377,0
sz300243,1812,0,0
sh601857,52193,53288,0
sh600713,0,0,0
sz002078,8824,25080,0
sz002284,0,0,0
sz300571,1066,200,0
sz002757,0,0,412
sz000068,0,0,0
sz000503,9245,10099,0
sz002567,1614,8821,0
sz300581,0,0,0
sh601009,27509,29409,0
sh603515,1643,0,0
sh603960,0,0,0
sz002408,2338,2658,0
sz002663,31152,135361,0
sh600227,8882,7591,0
sz000848,0,0,0
sh603707,0,813,0
sz300141,2549,0,0
sh601882,0,0,0
sh603970,0,1100,0
sz002638,19078,17082,0
sz000681,21499,12067,433
sz300297,2632,0,0
sh603688,0,0,0
sh600119,1201,0,0
sz002176,177417,80837,1370
sh603283,3256,1392,0
sh600497,16068,44022,0
sz002245,10701,3877,0
sz300452,0,0,0
sh603113,0,0,0
sz002733,0,0,0
sh600232,0,0,0
sz002211,1860,0,0
sh603160,236,473,0
sz000822,3336,1906,0
sh603655,2215,1987,0
sh600186,5000,14243,0
sh600522,146170,83676,3027
sz300355,38140,23724,0
sh600963,2068,5382,0
sz300366,20232,14814,1945
sz300652,0,0,0
sz300616,0,0,0
sh600377,0,1086,0
sz300175,9411,0,0
sh600428,0,0,0
sz300348,2426,0,0
sz001965,3963,0,0
sz002440,9892,30789,1134
sh600301,0,0,0
sz300070,34088,23297,0
sz300509,0,0,0
sh600275,2400,2833,0
sz002633,0,0,0
sh600778,0,0,0
sh600618,0,1500,0
sz000153,0,0,0
sz002590,885,0,0
sh603507,0,0,0
sh600668,749,0,0
sh603028,0,0,0
sz300723,14986,19225,1883
sz300479,0,1265,0
sh600770,15036,12717,0
sz002209,0,0,0
sz002526,0,0,0
sz002497,143422,66249,1642
sz000682,0,0,0
sh603803,0,0,0
sh601198,0,0,0
sz002678,0,0,0
sh603488,7639,600,0
sz300623,0,170,0
sz002798,449,0,0
sz300570,5168,603,0
sh600985,1300,1813,0
sh600976,0,0,0
sh600066,9902,7321,0
sz300267,20811,9416,1916
sz002123,25712,49167,7387
sh603036,0,0,0
sh601688,169292,94774,1289
sz002895,0,424,0
sz300181,5996,0,0
sh600338,0,0,0
sz300463,1812,523,0
sh603599,0,0,0
sh603788,0,0,0
sz000622,0,0,0
sz300323,28882,10031,0
sh600979,2272,2000,0
sz300537,0,0,0
sh600516,141078,82215,5782
sh600818,710,637,0
sz002582,891,1151,0
sh600348,12546,15317,0
sh603818,0,0,0
sh600740,39315,21936,1363
sz002632,3434,0,0
sh600984,4222,0,0
sz000070,1221,1100,0
sh601218,0,0,0
sz300179,0,0,0
sz002215,18563,0,0
sz000712,0,1419,0
sh603050,7912,4053,1712
sz002228,5861,0,0
sz300726,3431,2372,0
sh603387,0,0,0
sz300508,297,0,0
sh603359,0,0,0
sz300405,0,0,0
sz002673,52841,16271,0
sz300548,281,0,0
sz002428,0,0,0
sz002825,500,0,0
sz002862,0,0,0
sz002133,0,0,0
sh600509,0,0,0
sh603589,246,644,0
sh603926,0,0,0
sz300144,33933,4069,1001
sz300030,0,0,0
sz002588,0,0,0
sh603329,3149,8869,1715
sh600382,1631,2022,0
sh600846,11839,24035,0
sz002640,12186,3451,0
sz000687,9273,981,0
sh600036,66971,68598,2166
sz300360,0,0,0
sz002773,0,492,0
sh603177,1399,556,0
sz002472,0,0,0
sh600962,0,0,0
sz000949,0,0,0
sz000690,16918,11800,0
sh603855,0,0,0
sh600292,1566,6530,0
sz002706,3015,2666,0
sh600303,5556,0,0
sz300324,12304,9145,0
sz300029,0,0,0
sz002295,0,0,0
sh600725,0,0,0
sz002659,848,0,0
sz000978,0,0,0
sh600131,0,0,0
sz002897,585,0,0
sz002810,0,1943,0
sz300683,0,257,0
sh600339,4249,10863,0
sh603018,0,0,0
sz002097,4732,0,0
sz000788,0,0,0
sz300620,0,294,0
sz300482,157,0,0
sz000410,100684,51470,7717
sz002081,13419,27280,0
sz002763,0,0,0
sh600250,0,0,0
sz002046,0,0,0
sz002148,11661,4316,0
sz002120,1606,0,719
sz002484,2047,3264,0
sh600519,8887,7437,1213
sz000525,478,2872,0
sh600023,8043,15574,0
sz002149,0,0,0
sz000048,0,0,0
sz000151,0,0,0
sz002636,0,0,0
sz002598,0,0,0
sz002387,2131,2032,1390
sz000913,1000,0,0
sh600860,0,0,0
sz002339,2625,0,0
sh603668,0,0,0
sz000977,184395,169118,8679
sh600219,58092,62353,0
sz002602,0,651,0
sh603501,11122,2900,2175
sh603011,0,2080,0
sh601328,111981,153305,0
sh600898,0,1247,0
sz002255,0,0,0
sh603980,0,0,0
sz002389,4277,3085,0
sz000899,0,0,0
sz002837,1974,2390,2437
sh603889,7866,4670,0
sz300597,9911,5834,0
sh600159,2800,0,0
sz300018,0,0,0
sz002566,0,0,0
sz000662,10968,0,0
sh600487,127511,50201,2020
sz000869,0,0,0
sz000983,22342,17932,0
sz300365,1328,0,0
sh600582,0,0,0
sh600210,25472,2508,0
sh600638,0,0,0
sz000028,453,521,0
sh603335,0,0,0
sh600729,5818,3062,0
sz002306,0,0,0
sz300477,35698,21633,2872
sh603101,0,0,0
sh601010,2997,0,0
sh603180,0,0,0
sh603615,0,0,0
sz000408,753,652,0
sh600125,16131,4947,0
sh603617,0,0,0
sz300453,0,0,0
sz000635,0,0,0
sz002115,0,0,0
sz002591,0,0,0
sh601888,7917,9678,177
sz000750,27864,12148,0
sh600810,4529,5516,0
sh603099,0,0,0
sz300575,0,0,0
sz300583,0,0,0
sz000505,1499,0,0
sh601991,19719,14704,0
sz300015,3676,6086,294
sz300552,0,0,0
sz300161,3714,1580,0
sh600595,3595,0,0
sh600149,0,0,0
sz000600,108800,110508,1550
sz300541,1751,488,0
sz300293,4471,0,0
sz002126,2794,0,0
sz002051,0,1001,0
sz002589,4647,3435,0
sz300163,14642,0,0
sz002382,2188,3599,0
sz002204,0,0,0
sz300478,0,0,0
sh603039,156,491,296
sz000723,8501,10406,0
sz002416,1169,0,0
sz300215,7926,4129,0
sz002241,167001,74837,1931
sh603883,995,206,0
sz300741,4303,3166,0
sz002311,2649,0,0
sh603679,0,0,0
sz300104,737932,478586,3077
sz002068,1627,21328,3044
sz000401,119349,146459,14785
sz300237,1784,783,0
sz002062,2704,0,0
sz002551,1442,0,0
sz300384,0,0,0
sz000876,13632,22160,0
sz002877,0,658,0
sz300205,1918,1293,0
sz300058,185987,102070,9624
sz300712,1986,0,0
sz000545,2914,0,0
sz300598,842,0,0
sh600123,2718,8525,0
sh600483,0,1472,0
sh603320,0,0,0
sz300260,2097,2000,0
sz000615,11920,12493,2829
sz000951,1254,0,0
sh601177,0,0,0
sz002571,1368,0,0
sh600658,0,0,0
sz300701,0,0,0
sz002316,0,0,0
sz000531,0,0,0
sh600926,9018,7172,0
sh600583,8695,0,0
sz002778,0,0,0
sz002506,6457,2397,0
sz002160,0,0,0
sz300281,1102,0,0
sz002882,0,0,0
sz002216,0,0,0
sh601318,143910,138321,16212
sz002686,0,0,0
sz300637,0,0,0
sh603787,1574,0,0
sz002856,2159,906,465
sz002061,1435,0,0
sh603912,2476,0,0
sz300068,6023,997,0
sz000795,0,0,0
sz000801,6175,8471,0
sz000601,0,0,0
sz002403,0,0,0
sz300566,630,350,0
sh600727,1141,0,0
sz000973,0,0,0
sh603776,594,0,0
sz002351,0,0,0
sz002749,0,0,0
sz002417,0,0,0
sh600267,4477,6296,0
sh600834,0,0,0
sz300389,0,0,0
sh600493,0,0,0
sz000655,0,0,0
sz002820,426,0,0
sz000030,0,0,0
sz002087,3077,0,0
sz000948,0,0,0
sz300212,23534,9866,990
sh600608,0,0,0
sh600584,58111,38301,869
sz000717,7825,47683,0
sz300497,0,0,0
sh600288,0,0,0
sz300525,0,0,0
sz002453,2968,0,0
sh603577,0,0,0
sh603806,0,0,0
sz002429,7953,12957,0
sh600602,2130,1500,0
sz300003,5244,4339,0
sh600655,0,0,0
sh600126,0,0,0
sh600642,7002,18904,0
sz300091,1000,821,0
sh600795,45370,85773,0
sz300216,102010,145605,16448
sz300402,0,0,0
sz002214,0,0,0
sh600630,0,0,0
sh601233,10432,14090,1020
sh600790,13483,3427,0
sh603639,0,245,0
sh603676,0,0,0
sh600908,3870,4723,0
sz000878,1607,13373,0
sz300107,12857,12724,1205
sh600089,47973,31938,0
sz002265,2606,0,0
sz300469,694,408,0
sz300264,2112,0,0
sh600998,0,577,0
sz002330,0,3643,0
sz300242,0,0,0
sz000862,0,0,0
sz002617,1393,3707,0
sh600113,0,0,0
sz300245,0,0,0
sz002119,0,0,0
sh603038,0,0,0
sh603385,0,0,0
sz002703,1723,0,0
sz002425,0,0,0
sz002353,0,1000,0
sh600197,0,2422,0
sh600202,0,0,0
sz300696,0,0,0
sz002915,2704,1218,295
sh601369,13292,6318,0
sh601901,5515,12105,0
sh603117,2973,2263,0
sz002926,198896,119993,10336
sz002056,4625,4487,0
sz300681,730,0,0
sh600421,0,0,0
sz300576,0,0,0
sz300193,1308,0,0
sz002745,2279,774,0
sz300310,18630,8972,0
sh600843,0,0,0
sh601028,0,0,0
sh601677,1200,0,0
sh600800,3000,0,0
sz002232,5685,3424,0
sz000333,108704,95249,8720
sh600869,0,2057,0
sz300261,0,0,0
sz300167,3665,3036,0
sh600120,1271,461,0
sh600259,718,0,0
sh600082,0,0,0
sz002362,5838,2518,730
sh603029,0,0,0
sh600966,2000,7867,0
sz002578,0,0,0
sh600939,0,0,0
sz002830,532,0,0
sz002528,0,0,0
sz300415,1650,701,0
sz300214,0,0,0
sz300251,133823,69406,2029
sh601669,0,3273,0
sh601139,0,0,0
sh603578,5127,4013,0
sh603339,0,0,0
sh603579,512,0,0
sz300185,18715,5000,0
sz300050,3306,1269,0
sh603043,632,0,0
sh600785,0,0,0
sh600396,0,0,0
sh600743,0,5100,0
sh603081,0,546,0
sz002816,0,0,0
sz002660,0,0,0
sh600311,0,0,0
sh600570,67057,39404,4303
sh600025,65853,103391,0
sh600115,45781,66555,0
sh600706,0,0,0
sz000062,1169,0,0
sz002446,6453,21855,0
sh600983,0,0,0
sz300342,940,803,0
sz002066,0,0,0
sh601069,4132,4152,0
sh603086,0,0,0
sh600687,4700,2025,0
sz000908,0,0,0
sh600887,231827,245588,13040
sz002223,8960,7295,510
sh600248,0,0,0
sh600236,0,0,0
sh600225,0,0,0
sz002495,0,0,0
sz300235,0,0,0
sz002823,1290,0,0
sz300516,0,0,0
sz300008,16504,4934,0
sh600161,887,892,0
sh600172,84851,46146,0
sz000892,0,0,0
sh603567,0,0,0
sz002759,0,0,0
sh603866,0,0,0
sh603709,316,630,0
sz300532,3048,0,0
sh600028,219391,265643,0
sh603056,38967,25259,3435
sz300693,906,1442,291
sz300539,1056,0,0
sz000868,99140,21555,0
sz000959,0,0,0
sz300059,1051501,693132,54358
sz002473,0,0,0
sh601949,1466,0,0
sh600059,0,0,0
sh601326,27187,89722,0
sz002288,6006,10351,0
sh601336,12510,10723,203
sz000567,0,1300,0
sz000807,76913,123609,1161
sz000078,5734,10159,0
sz002019,8802,13564,1623
sz002095,10583,24721,255
sh603429,600,0,0
sz002079,13391,3221,0
sz000518,1519,2175,0
sz300291,0,0,0
sz002790,0,0,0
sh603999,0,0,0
sh600173,2625,2693,0
sz300026,40719,6091,0
sz000409,1826,0,0
sz002502,1829,0,0
sz300549,0,0,0
sh600110,3957,20903,0
sh601996,8904,2300,0
sz002410,34486,6189,1563
sz002900,385,640,0
sz300413,13716,11221,1555
sz002821,3502,1821,600
sz300345,0,0,0
sz000850,0,0,0
sh603031,587,0,0
sh603729,0,0,0
sh603816,0,1568,0
sh603139,0,0,0
sz002137,0,50637,0
sz002199,0,0,0
sz300431,93030,48295,4871
sh600851,0,0,0
sh600308,0,2080,0
sz002489,13141,0,0
sz000611,2326,8068,0
sz002813,0,0,0
sh601808,1160,2405,0
sz300562,556,746,0
sh600094,3840,2000,0
sz300533,1179,1353,0
sz000590,0,0,0
sh603365,0,0,0
sh600258,6986,2893,0
sz002928,70982,40432,12169
sz000065,3162,0,0
sh600146,7757,2951,0
sz000922,0,0,0
sz300332,0,2001,0
sz000792,26169,20592,0
sz000559,4753,6949,0
sz000049,1011,0,0
sz300613,718,183,0
sh600482,500,8653,0
sz300197,24991,1883,0
sz000813,0,0,0
sh600387,1310,0,0
sz002381,0,0,0
sz002333,2306,2378,0
sz002273,21089,7513,508
sz002695,688,3555,0
sz002806,0,558,0
sz002741,0,0,0
sh600268,0,0,0
sz300710,434,0,0
sz300653,2960,1511,0
sz002847,2785,533,549
sz300160,5577,3405,0
sz000652,0,0,0
sz000552,8427,19259,0
sh601717,1708,0,0
sz002370,2104,1787,0
sh603600,0,0,0
sh603698,0,0,0
sz002808,0,0,0
sh600578,0,0,0
sz002549,0,0,0
sh603001,1734,1000,0
sz300373,5704,931,0
sh603685,0,0,0
sz002282,0,1788,0
sh600993,552,1654,0
sz002641,0,0,0
sz002683,0,0,0
sz002458,976,757,0
sz000861,0,0,0
sz002462,0,0,0
sh600760,17728,9530,836
sh601388,43292,43570,0
sz002329,5053,1916,0
sz300001,7643,6955,0
sh603813,483,0,0
sz002385,14192,5243,0
sz300121,17253,8683,0
sh603020,0,0,0
sh600981,0,0,0
sz002769,21401,34356,1829
sz002395,0,0,0
sz002432,0,0,0
sh600077,0,0,0
sh603848,0,0,0
sh603920,0,0,0
sh600360,8024,10061,0
sz000725,4683096,3749518,0
sh600461,0,0,0
sz300304,8832,5459,0
sz000715,0,0,0
sh600469,0,0,0
sz002919,3220,1427,0
sz000416,0,0,0
sz002236,71348,53804,3979
sh600857,0,0,0
sz002517,64620,47646,0
sh603858,3112,2796,445
sh603757,0,0,0
sz000851,3000,0,0
sz300093,3844,0,0
sh600609,0,1935,0
sz300130,707,0,0
sz300515,0,0,0
sz002552,1312,1163,0
sz002756,0,2064,0
sz002690,547,525,0
sh600212,1408,1402,1523
sz002901,0,0,0
sz300592,0,0,0
sh601890,0,0,0
sz000708,0,0,0
sh600262,0,0,0
sz000829,0,0,0
sz300357,600,197,0
sz300604,0,230,0
sz000976,0,0,0
sh600138,4110,0,0
sh600132,0,0,0
sz002156,80357,35257,3950
sz300229,3282,0,0
sh603660,2070,2385,0
sz002570,0,0,0
sh600081,0,0,0
sh601011,18524,8778,0
sz002586,0,0,0
sh600909,24897,7426,0
sh600526,0,2715,0
sz000613,12547,5199,0
sz002008,71641,38948,1256
sz000965,0,0,0
sz300153,5143,0,0
sz300702,0,289,0
sz002731,0,0,0
sz000546,2652,0,0
sz002197,1000,0,0
sz002697,0,3783,0
sz002356,0,400,0
sz300437,0,0,0
sh600821,2868,0,0
sh603128,3234,3130,0
sz002687,0,0,0
sz300403,0,0,0
sz300143,0,0,0
sh600736,0,0,0
sh600176,25428,23965,0
sz002596,10396,4644,0
sz300299,7297,1199,0
sh600823,2512,50677,0
sh600381,1020,0,0
sz300338,0,0,0
sz300603,302,373,0
sh600167,0,0,0
sh600429,0,0,0
sh600637,2856,1290,0
sh600004,2770,2963,0
sh600705,18150,56517,0
sh600694,0,0,0
sh601968,0,0,0
sz300606,0,0,0
sz002539,0,0,0
sh600829,0,0,0
sh600730,0,0,0
sz002714,6610,2542,0
sh600858,0,0,0
sz002127,3589,7693,0
sz300087,0,0,0
sz000720,0,0,0
sz002454,763,4416,0
sz002718,0,0,0
sh603823,0,0,0
sh600589,0,0,0
sh600745,4984,1706,0
sz000686,5879,0,0
sh600628,0,0,0
sz002327,8042,4777,0
sh603630,0,0,0
sz300528,2949,0,0
sh600566,1045,2917,0
sh603990,0,0,0
sz002880,272,691,0
sz002732,0,0,0
sz300582,2246,1201,0
sz300443,0,0,0
sz300494,10703,8449,0
sh603111,4563,5531,0
sh600386,5226,2000,0
sh603136,0,0,0
sz300663,2808,1550,0
sz002621,0,0,0
sz300321,0,0,0
sz002599,0,0,0
sz002418,16002,13010,0
sz300390,25508,30235,2553
sh600579,2095,0,0
sz300368,14101,4694,0
sh603060,0,0,0
sh600105,0,0,0
sz300627,0,0,0
sh600133,8341,0,0
sh601015,0,0,0
sz300507,2288,8934,0
sh601579,0,0,0
sz000909,1000,0,0
sz002511,6293,1601,0
sh600220,6094,0,0
sh603009,855,0,0
sz002003,1969,0,0
sh600556,7285,0,0
sh600106,0,6395,0
sh600678,0,0,0
sz300661,338,0,0
sz000014,0,0,0
sz300054,12505,1223,0
sz000887,1310,0,0
sh601058,62340,16101,0
sh600320,0,7442,0
sh601005,137748,104568,0
sh600571,10051,5333,0
sh600188,11869,45011,0
sh603665,0,0,0
sz002907,8066,9121,751
sh603648,1614,3030,0
sz000919,0,0,0
sz000683,23176,8755,0
sz000550,0,0,0
sz300343,26711,8675,688
sz002077,0,0,0
sh600612,0,0,0
sh603566,1188,0,0
sz000593,0,1620,0
sh600936,0,0,0
sh600635,9235,16223,0
sz000543,25229,29112,0
sz300474,2378,668,0
sz300057,0,0,0
sh600517,0,0,0
sh603035,0,0,0
sh600667,75420,41319,0
sh600239,4493,9054,0
sz300142,12292,11149,0
sh600400,0,0,0
sz002132,0,5940,0
sz000917,1256,31571,0
sz300628,2002,2337,0
sz300394,593,631,0
sz300557,0,883,0
sh601689,0,0,0
sh600166,57880,83653,0
sz300052,9285,4227,0
sz300218,0,0,0
sh603088,434,0,0
sz002713,0,0,0
sz002322,717,0,0
sz000670,6079,5042,0
sz300082,0,1632,0
sh600331,8391,0,0
sh603871,2136,610,0
sh600182,0,387,0
sz002893,0,2399,643
sz000563,12082,8914,0
sz002355,0,962,0
sz002715,0,0,0
sh601969,0,1421,0
sz300374,9873,5208,0
sz300517,0,788,0
sz001979,57751,50767,661
sh600830,4219,2247,0
sh603800,774,869,0
sh603699,0,0,0
sh603356,4274,1167,524
sz300708,20391,12534,1570
sh601231,8110,884,0
sh601900,0,0,0
sz002722,1574,1089,0
sz300672,2503,4820,0
sz300433,28883,8355,518
sz002178,37695,17799,0
sz300523,0,0,0
sz002164,0,0,0
sz300035,26284,0,0
sh600547,18225,22663,759
sh600160,151000,255819,4032
sz300045,0,0,0
sz300257,0,0,0
sh600352,71719,80874,1318
sh600871,8806,0,0
sh600814,1569,0,0
sz000650,0,16315,0
sh600200,3222,3070,0
sz300022,15944,0,0
sh600996,0,0,0
sh600780,22117,2491,0
sh603829,0,0,0
sz002433,0,0,0
sz002839,49178,32656,1269
sh600287,0,0,0
sz000728,43751,17258,0
sz002134,0,0,0
sz300665,1565,0,0
sz300055,3630,1014,1676
sh603690,0,0,0
sz002871,0,0,0
sh603978,0,0,0
sz300012,23676,2290,0
sh600999,22349,6965,0
sz002138,3985,2405,0
sz002053,0,0,0
sh600420,3654,0,0
sz002275,0,0,0
sh600724,0,0,0
sz002438,0,0,0
sz002771,0,0,0
sz300709,332,337,0
sh603127,1368,2018,660
sz000780,3155,4653,0
sh601928,0,0,0
sh601211,29933,14314,0
sz300589,0,0,0
sz002540,0,0,0
sz002349,8636,0,0
sh600463,0,0,0
sz300314,821,0,0
sz002279,14671,10309,1081
sz300051,32509,49727,0
sh601398,460280,526112,2137
sz002135,20095,8263,0
sz300731,536,0,0
sz000666,5041,2777,0
sz000006,181751,207668,26904
sh600276,21443,11045,543
sz300233,0,0,0
sh600435,7615,2849,0
sz002783,1939,0,0
sh600894,0,0,0
sz002040,0,0,0
sh601997,5836,16450,0
sh603022,0,2384,0
sh603808,1153,667,0
sz300273,4787,4641,0
sz000426,4333,24780,0
sh601595,567,0,0
sh600019,392705,493922,2298
sz002829,400,0,0
sh603903,857,0,538
sh600405,8092,16790,0
sz002378,4909,0,1535
sh600774,0,0,0
sz002131,57088,35441,0
sz002448,4427,0,0
sz300150,5908,0,0
sh600738,0,0,0
sz002036,20988,3967,842
sz002788,0,0,0
sh603167,0,0,0
sh600629,0,0,0
sz300608,0,0,0
sh600787,39047,17411,2561
sz002307,1001,5541,0
sh601208,2222,0,0
sh603678,2649,634,0
sz002141,1601,0,0
sz002836,934,671,0
sz002443,0,0,0
sh600815,0,0,0
sz000918,6251,0,0
sz300534,0,0,0
sz300115,27050,12326,542
sz002791,0,0,0
sz002534,0,0,0
sz300707,24753,38076,4892
sz300010,24733,20818,2118
sz000661,1448,1288,94
sh600826,1088,0,0
sh603098,0,0,0
sh600088,1051,0,0
sz300344,0,5279,0
sh603811,0,0,0
sz300279,1300,990,0
sh600812,0,0,0
sh603196,0,0,0
sz002080,6118,3570,0
sz300377,142069,154147,6252
sz000815,838,1800,0
sz002530,2918,1527,0
sh603183,2457,5517,0
sz300740,12644,10708,4044
sz000987,1083,2379,0
sz002908,4400,12986,0
sz300651,0,0,0
sh601117,1838,4355,0
sz002338,1000,937,0
sh603161,0,435,0
sh600766,0,0,0
sh601567,2504,0,0
sh601678,28460,58880,3415
sh600559,0,2268,0
sz300668,0,0,239
sz000561,3051,0,0
sh600459,522,1320,0
sz002853,0,475,0
sh603042,446,0,0
sz300625,0,0,0
sz000830,81176,94225,6733
sh600621,3094,0,0
sh600379,0,1000,0
sh600663,700,0,0
sz000911,0,0,0
sz300211,0,3357,0
sz300722,0,0,0
sz000586,0,1543,0
sh600279,0,0,0
sz002485,430,0,452
sh600243,0,0,0
sz002419,3119,500,0
sh600673,278795,136912,14593
sz300347,2462,884,0
sz002906,792,0,0
sh600321,0,0,0
sz000548,2596,0,0
sh600128,0,0,0
sz000020,14450,14504,0
sz300180,3058,2333,0
sz000050,14621,9408,0
sz300117,2658,3552,0
sz002702,6084,2213,0
sz300042,0,0,0
sh600688,3404,3471,0
sz002716,11970,1976,0
sz300148,35095,17727,0
sz300705,0,0,0
sz000816,81173,42588,0
sh603686,522,0,0
sz300423,0,0,0
sh600315,4002,2003,0
sh603315,0,0,0
sz300283,0,0,0
sz002496,5100,0,0
sh603037,0,0,0
sh603203,0,0,0
sh600692,0,0,0
sz002100,0,0,0
sz300438,500,461,0
sh603598,636,0,0
sz300551,0,0,0
sh603917,0,490,0
sz300039,3265,0,0
sh600198,24210,5601,0
sh603399,2911,1787,0
sz000972,0,8294,0
sz300716,488,0,0
sh600511,11370,4091,510
sz002513,3627,0,0
sh600558,0,0,0
sz000422,3262,6277,0
sh600874,222196,204747,29610
sh600992,1105,0,0
sz300285,6455,2578,0
sh600190,0,0,0
sz000928,0,4940,0
sz000407,0,0,0
sz002826,0,2074,0
sh601858,2000,0,0
sz002512,8487,0,0
sh603519,960,0,0
sz300120,0,0,0
sz000996,13083,7946,1404
sh600597,9570,6005,0
sz002206,0,0,0
sh603017,0,0,0
sz002677,5313,1382,0
sz300596,586,0,0
sh600361,0,0,0
sh603612,861,510,0
sh600425,5000,0,0
sh600610,0,1869,0
sz300381,912,0,0
sz300617,0,0,0
sz002010,0,0,0
sh600385,0,2000,0
sz000966,0,6312,0
sh600739,1706,2424,0
sz000023,0,600,0
sz000877,2097,14903,0
sz300727,1235,550,0
sh600686,5447,2965,0
sz002896,0,0,0
sz002657,5925,4079,0
sz000711,0,0,0
sz002038,11168,3378,0
sh603878,0,0,0
sh603661,0,0,0
sh600090,1483,2050,0
sh600175,73062,97603,3958
sz002104,20334,5662,0
sz000598,0,14766,0
sz002488,9439,0,0
sz300076,0,0,0
sz002531,1854,3603,0
sz002048,2228,3960,0
sh603602,1323,1598,480
sz002146,46598,48377,938
sz300132,0,0,0
sh603016,0,495,0
sz002262,4418,3391,0
sz002487,0,0,0
sh600863,0,22250,0
sh603369,2127,1742,0
sz002466,34625,25386,3141
sz300318,1987,3003,0
sh600340,14138,33109,2343
sz000570,0,0,0
sz300647,1029,1539,0
sz000722,0,0,0
sz002169,5607,0,0
sh600535,26918,14387,1813
sh600408,3974,0,0
sz300222,7369,2277,454
sh601199,0,7202,0
sz002691,0,0,0
sz300336,18646,2613,0
sz002067,13096,25871,0
sz002280,145703,185038,0
sh603817,1038,0,0
sh601818,106421,139221,0
sh603286,5581,7634,393
sz002352,956,262,0
sz002233,3902,0,0
sh603606,0,0,0
sh600359,1802,0,0
sz002536,0,0,0
sh603218,0,0,0
sz002270,0,0,0
sh603789,0,0,0
sz002717,590,0,0
sh603030,0,0,0
sz002007,3259,956,0
sz002885,1201,0,0
sz300406,0,696,0
sh603360,0,0,0
sz002343,8779,2015,631
sz300306,2117,1242,0
sh603922,0,0,0
sz000524,0,0,0
sh600281,0,0,0
sz000504,996,500,0
sz002793,2102,0,0
sz300388,0,1175,0
sh603976,0,0,0
sz000819,0,0,0
sh600505,0,0,0
sh600481,0,0,0
sz000032,0,0,0
sh600371,0,0,0
sh603288,13696,3371,0
sz000802,2267,0,0
sz000701,2002,1245,0
sz000669,967,0,0
sz002240,6553,4054,0
sz300407,1199,2131,0
sh601952,1765,6118,0
sz000969,3078,2012,0
sh600691,0,14089,0
sz300638,2496,892,0
sz000713,0,0,0
sz000571,0,0,0
sh600291,1171,6576,0
sz000961,5481,5272,0
sh600183,30646,11689,0
sh603859,0,0,0
sz000002,39710,47888,0
sh600594,14747,13510,0
sh600192,0,0,0
sz002909,0,0,0
sh603383,0,0,0
sz002431,2696,1729,0
sh600543,0,0,0
sz300313,1326,0,0
sz000762,835,0,0
sz002800,0,0,0
sz300499,0,0,0
sz300096,13764,950,0
sh600704,0,11482,0
sh600380,29545,10754,0
sh603008,0,0,0
sh600596,23335,38376,1011
sz002237,0,2502,0
sz300585,0,0,0
sz000420,4165,83734,0
sh603987,988,0,0
sh600064,3121,0,0
sh600280,3726,5551,0
sh603326,0,0,0
sz000585,0,3589,0
sh603129,0,0,0
sz002139,13290,0,0
sz300066,59267,17792,0
sh600325,11780,24155,0
sz002332,6965,0,0
sz000735,12014,20219,0
sh603269,628,0,0
sz002274,4720,0,0
sz300445,0,0,0
sz300277,5485,3503,0
sh603908,0,0,0
sz300545,0,17770,0
sh601018,15210,16234,0
sh600889,0,0,0
sz002648,0,696,0
sh600444,0,0,0
sz002840,2797,2290,915
sh600436,8131,7260,394
sh600569,22382,81469,0
sh603628,0,0,0
sh603607,0,710,0
sz000893,2638,0,0
sh600593,344,0,0
sz002694,49450,34141,3435
sh601877,11331,13887,0
sh600567,90907,165119,0
sh603701,704,0,0
sh600285,1200,1170,0
sh603233,304,0,0
sz000419,1857,0,0
sz300241,4737,1511,0
sh600018,41821,43040,0
sh603885,0,0,0
sh600831,0,0,0
sh600027,30413,0,0
sh603166,0,0,0
sz002898,3977,3245,0
sh603268,0,0,0
sz300221,7340,20054,1891
sz002879,3521,1581,372
sh600978,5124,0,0
sz000692,0,0,0
sz300680,0,0,0
sz300106,0,0,0
sh600237,0,3250,0
sh600885,300,0,0
sh600530,0,3000,0
sz300168,82018,32411,647
sh600073,0,1800,0
sh600107,0,0,0
sh600714,0,0,0
sz300459,1032,4975,0
sz002248,0,0,0
sz300654,0,1126,667
sz300442,0,0,0
sz002795,0,0,0
sh600127,4332,0,0
sh600882,0,0,0
sz000623,6705,3652,0
sh601886,0,0,0
sh601222,10636,1575,0
sz300739,8533,8041,233
sz300339,12003,0,0
sh601919,90777,118552,6199
sz002325,2841,0,0
sh600710,0,0,0
sh600056,9419,2975,0
sh603003,1070,0,0
sh600626,1705,0,0
sh600817,0,0,0
sz000811,0,0,0
sh603969,4879,3411,0
sz002918,0,433,0
sh603712,0,0,0
sz002439,32267,18744,2315
sz002594,9832,9737,603
sz000953,0,0,0
sz000931,0,1810,0
sh603208,304,0,0
sz002065,86601,65380,0
sz000883,0,0,0
sh601881,79578,33495,0
sh600021,0,0,0
sh600897,0,0,0
sh600697,0,0,0
sz300719,0,0,0
sh603890,569,502,0
sz002585,0,0,0
sz000783,38376,9987,0
sz000592,10874,2313,0
sz002729,761,0,0
sh600572,2355,4853,0
sz002415,110436,81165,7277
sh603330,0,0,0
sh603380,0,0,0
sz000823,15588,10054,0
sz300329,0,0,0
sz002459,0,0,0
sz002635,35627,21358,4587
sh600298,13487,4884,0
sh600970,20586,6934,0
sh600234,0,0,0
sh600403,0,0,0
sz002331,3726,0,0
sh603303,0,0,0
sh600383,31603,42069,1199
sh603123,0,0,0
sz002383,4333,0,0
sz300040,0,0,0
sz002313,4833,1643,358
sz000929,0,0,0
sz002480,0,0,0
sz002186,0,0,0
sz002407,7187,3579,0
sz300100,1036,0,0
sz002544,2200,1082,0
sz000920,1824,0,0
sz300162,10913,1613,0
sh600523,1873,0,0
sh600555,0,5937,0
sz000677,0,3770,0
sz000958,7475,16297,0
sz300263,0,1783,0
sz300675,0,6316,0
sh600958,14448,9186,0
sh603077,40424,36201,0
sh603588,0,1834,0
sh600415,5184,0,0
sh600251,2970,0,0
sz002315,6251,3377,0
sh601727,19405,4784,0
sh601100,1367,510,0
sh601001,0,0,0
sz002220,0,0,0
sh600748,6616,2214,0
sz000558,38354,0,0
sz300112,0,0,0
sz300470,346,0,0
sz002305,12798,16170,0
sz002917,590,1986,344
sz300081,9418,2093,0
sh600185,1786,3880,0
sz002420,0,0,0
sz002554,6212,0,0
sz300322,0,0,0
sz002579,1224,0,0
sh600973,0,0,0
sh600775,1769,0,0
sh603936,0,0,0
sh600039,0,0,0
sz300391,0,0,0
sh600007,0,0,0
sh600011,8510,12076,1654
sh603886,0,0,0
sz000786,14506,23626,0
sh600012,0,2535,0
sz300650,5981,14326,1278
sz002700,0,0,0
sz300729,748,775,0
sh600848,1706,981,0
sh600651,0,0,0
sz300201,0,0,0
sh600881,0,0,0
sz300619,735,414,0
sh603223,0,0,0
sh600540,0,0,0
sz300204,0,0,0
sh600362,27642,77482,0
sz002776,1398,0,0
sh600969,0,0,0
sz002766,4046,2814,0
sz000923,11106,10890,1122
sz002394,0,1020,0
sz000507,4469,13269,0
sz000528,20317,26172,0
sz300580,668,0,0
sz002230,89086,55853,4962
sh600888,0,1840,0
sz002707,2768,0,0
sz300224,0,1391,0
sh603289,2957,0,0
sh600816,2060,950,0
sz002390,0,1594,0
sz300315,218725,133031,0
sh600892,0,0,0
sz300550,0,407,0
sz002194,31606,46995,4338
sz300556,0,1100,0
sz300419,10082,17288,2334
sz002728,0,0,0
sh600545,0,0,0
sz300147,0,0,0
sz300282,1669,0,0
sh600091,0,0,0
sz300270,0,0,0
sz300131,6222,3725,0
sz002921,0,682,0
sh600718,41317,3012,0
sh600392,43225,58605,5685
sh600853,0,0,0
sh600758,0,2038,0
sh600699,4788,3866,0
sz002861,0,1824,0
sz002181,0,0,0
sh600502,8328,0,0
sz002028,17035,5635,800
sz002373,37840,34696,1085
sh600209,0,3586,0
sz002698,1408,1788,0
sz000488,35430,46511,0
sz002154,0,0,0
sz300385,0,0,0
sz002386,5448,0,0
sh603555,3069,501,0
sz300632,503,0,0
sh603266,0,0,0
sz002846,881,5039,721
sz300101,6946,1336,0
sz002785,0,0,0
sz300085,37605,12855,1286
sz300272,0,0,0
sz300190,0,989,0
sh600246,0,3004,0
sh601766,165062,165046,3716
sh600501,0,0,0
sh600883,0,0,0
sh600317,0,0,0
sh600448,11736,2052,2030
sh603986,17843,13292,1287
sz000810,2440,2252,0
sz300467,657,960,350
sz000610,0,0,0
sz300259,1100,0,0
sz300540,0,0,0
sz300255,0,0,0
sh600886,14940,12446,0
sh603067,1060,0,0
sh600590,1343,1650,0
sz002479,31929,8866,3012
sh601188,0,0,0
sh603939,827,0,0
sz002832,0,604,0
sz300209,552,0,1103
sh603585,1030,0,0
sz002254,11613,7419,0
sh603825,1185,0,0
sz300077,37478,5230,0
sh601811,0,0,0
sh600824,0,0,0
sz000560,5301,0,0
sz002611,0,0,0
sh600528,2200,0,0
sh603616,106868,133370,12324
sz002101,0,1539,0
sh600265,0,0,0
sh600010,74738,71564,0
sh603997,0,0,0
sz300600,0,0,0
sz300711,902,0,0
sz002681,3861,970,0
sz000752,0,0,0
sz300239,0,0,0
sz002293,5478,0,0
sh603601,0,1516,0
sh600933,746,719,0
sh600398,18819,16407,0
sh600768,1727,0,0
sz300519,1308,1103,0
sz000532,0,0,0
sh600864,0,0,0
sh600757,1925,0,0
sz002150,0,0,0
sh600171,28769,12132,843
sh600111,59638,69769,758
sz000707,0,0,0
sz000777,1101,0,0
sz300673,0,0,0
sz002001,21346,17398,1049
sz002643,15861,14910,0
sh601016,0,0,0
sh603797,0,0,0
sz002514,3466,1540,0
sz000008,5435,8674,0
sz002276,5423,1796,0
sh603006,6417,4109,1158
sz000539,0,0,0
sz002724,0,0,0
sz000553,0,1712,0
sz000935,11179,6431,4015
sz300172,2000,0,0
sh600997,0,0,0
sz002402,6460,15151,1549
sh600982,0,0,0
sh600460,265278,301819,19489
sh601258,44413,51997,0
sz002289,0,0,0
sz300526,1619,0,0
sz300164,0,0,0
sz002267,0,0,0
sh600240,0,2863,0
sz300462,4053,6003,983
sz002218,8246,0,0
sz300007,5645,0,0
sh603909,0,0,0
sz300428,615,1430,0
sz300157,10749,19355,0
sz002559,1556,1796,0
sh600366,2255,603,0
sz002358,15511,4603,0
sh603396,0,0,0
sh603110,0,0,0
sh603861,0,0,0
sz002090,0,0,0
sz002650,95502,75105,0
sz002073,11603,6614,0
sz002563,2310,0,0
sz000932,324358,391841,20964
sz000859,0,0,0
sh603689,0,0,0
sh603089,0,3248,0
sz002734,0,0,0
sh600737,11391,1710,0
sz300017,673645,608020,38245
sz002457,142630,167648,15253
sz000612,0,0,0
sz000676,1780,0,0
sz002235,27137,11425,2179
sh601019,9631,0,0
sz300031,700,700,0
sz002294,1316,3545,0
sz002013,933,0,0
sz300660,0,0,0
sh600549,23902,30479,1024
sz002334,17812,2695,0
sz002645,500,0,0
sz000710,1699,480,0
sz300011,0,0,0
sh603239,0,0,0
sh600900,6379,4147,0
sh600836,0,5133,0
sh600746,0,0,0
sz000889,730,1000,0
sh603059,17991,22887,3078
sz002347,0,0,0
sz300481,0,16018,512
sh603313,0,0,0
sh600510,0,0,0
sh603819,662,0,0
sh600030,542859,534983,11517
sz300520,1936,1148,596
sh601989,161680,179394,0
sh600822,3193,3399,0
sz300177,0,0,0
sz300346,4749,0,0
sz000671,40926,43337,0
sz000063,333790,196123,10321
sz002465,7540,5406,0
sz002864,415,0,365
sz000678,0,1854,0
sz000158,0,0,0
sz002809,0,0,0
sh603363,581,0,0
sh600062,0,0,0
sz300699,6636,982,0
sz002508,22180,15172,301
sz300300,3244,1541,0
sh600698,7500,0,0
sz300547,200,200,0
sz300370,5979,3030,0
sz300622,0,0,0
sh603900,0,0,0
sh600199,0,2043,0
sh600648,0,2259,0
sz300311,2079,728,0
sz002302,10864,13001,0
sh603991,0,0,0
sz000017,0,1865,0
sh600346,12064,4921,0
sh601628,6648,7185,0
sz300450,19537,15079,1503
sh600038,5613,4609,0
sh600782,81447,122258,0
sz002838,400,0,0
sh603977,0,0,0
sz300721,0,0,0
sz002740,1436,0,0
sz002411,13179,6987,3771
sz002626,10918,8992,0
sz000799,3357,5078,0
sz002573,6318,9076,1227
sz002892,1180,0,0
sh600893,36986,12703,2750
sz300207,80365,30305,4203
sz300111,0,0,0
sh600328,0,0,0
sh600619,0,0,0
sh603005,478,1068,0
sh603026,903,0,0
sz300738,3648,6992,0
sh603536,0,0,0
sz300692,0,0,0
sh600844,1846,2500,0
sh600293,5286,0,0
sh603386,887,2210,0
sz000591,7000,2000,0
sz002801,789,1653,0
sz300123,0,0,0
sz002494,0,1496,0
sz002772,1200,0,0
sz300020,16259,3272,0
sh601718,6922,3700,0
sh601179,0,0,0
sz000011,0,3128,0
sz300247,9130,3953,0
sz000026,1000,0,0
sh600640,754,0,0
sz000021,33482,12171,0
sh600744,3805,3170,0
sz300439,0,600,0
sz002547,89471,52769,2268
sh600452,0,0,0
sh600223,0,3384,0
sh600623,4706,14035,0
sz002318,3108,0,0
sh600873,3223,17127,0
sz002227,5522,11867,1547
sh603586,935,0,0
sz000938,6025,3185,0
sz002705,4972,0,0
sz300636,0,0,0
sh601699,51328,73333,0
sz002086,17040,7435,0
sz300028,0,2294,0
sh603321,1017,1128,0
sz000018,4705,6474,0
sz300670,3310,1691,0
sz000599,0,0,0
sz300102,8982,8534,0
sh603041,0,0,0
sz300002,47883,4154,0
sh603258,500,1241,0
sh600615,0,0,0
sz002843,0,0,0
sh600661,400,926,0
sz300446,0,0,0
sh603103,3728,3495,0
sh601158,0,0,0
sz300126,0,0,0
sz002593,0,0,0
sz002748,0,0,0
sz300155,6249,1870,0
sh600096,0,0,0
sz002367,0,0,0
sz300376,49684,13083,6409
sz002388,0,17385,0
sz300690,0,0,0
sz002750,0,0,0
sz000004,512,0,0
sz300219,1000,0,0
sz000971,7586,0,0
sz300171,1862,0,0
sz000800,20510,7842,0
sz300695,123,0,0
sh600792,0,0,0
sz002475,33463,22841,921
sz002610,72258,32121,0
sz002869,0,974,0
sz002841,391,130,0
sh603158,0,0,0
sh600278,0,0,0
sz000738,71678,66702,11283
sh600726,0,4001,0
sz300720,0,419,0
sz002379,0,2025,0
sz002615,5252,3803,0
sz002902,441,615,329
sz000755,0,0,0
sh603197,0,0,0
sz002527,0,0,0
sz002587,0,0,0
sh600603,1523,1423,0
sz002654,0,3213,0
sz002326,9652,1675,0
sz002250,1009,1628,0
sz002866,1788,4389,0
sz002018,92729,140080,0
sh600896,0,0,0
sz002299,0,2404,0
sh601799,557,656,0
sz300358,1822,0,0
sz002406,0,0,0
sz000759,1889,0,0
sz000838,12360,2610,0
sz002401,23059,5445,0
sh600707,1225,1159,0
sz002243,0,0,0
sh601186,6466,7475,0
sh601108,41612,19208,0
sh600098,0,0,0
sz002637,3299,0,0
sz000852,2000,4462,0
sz002049,82227,42608,4971
sz300466,5720,28528,4364
sz002231,0,0,0
sh601168,11034,8224,0
sh603619,1293,687,0
sh601116,560,1799,0
sh601099,492369,236390,0
sz300023,0,0,0
sh603168,0,0,0
sz000778,28662,51057,0
sh603605,1063,0,0
sh600318,0,0,0
sz002667,0,0,0
sz000617,737,0,0
sz002905,7501,0,0
sz000905,1998,1617,0
sz300542,1421,3062,935
sh600601,0,11353,0
sz000915,2293,2213,0
sh601798,1300,0,0
sz000668,0,0,0
sz300114,0,2346,0
sz002911,1403,4405,0
sh600272,0,0,0
sz300303,0,0,0
sz300605,0,0,0
sh600649,0,1205,0
sh603856,0,0,0
sh603007,808,1772,0
sz002449,11486,1809,0
sz300686,572,609,0
sh601992,90065,98288,0
sz002628,9205,1630,0
sz300689,0,709,0
sh601633,3877,1090,985
sz002863,26197,32195,796
sh600449,0,900,0
sh600462,0,0,0
sh600006,2722,1980,0
sz002725,0,0,0
sz300397,1173,0,0
sz002482,1492,0,0
sh601225,34056,88139,2055
sh603199,0,0,0
sz300298,0,623,0
sz300700,744,1066,0
sz300657,0,271,0
sz002246,2369,1900,0
sz002486,15107,0,0
sh600222,0,0,0
sz300308,693,0,0
sh601611,5769,0,0
sz000731,0,1594,0
sh600050,345984,250617,0
sz300369,48005,40762,0
sz002006,3495,1896,0
sh600767,0,0,0
sz300046,0,0,0
sz002568,2138,0,0
sh603636,12742,2240,0
sz000756,1034,1125,0
sz300154,0,0,0
sz300736,221,253,0
sh600701,12170,10959,0
sz300648,923,0,0
sz000010,2170,0,0
sz000821,917,2366,0
sz002102,47987,93703,0
sh600862,0,0,0
sh600252,3211,16852,0
sz000990,0,0,0
sz002768,0,0,0
sz300226,7606,6677,399
sz002723,0,0,0
sz002083,5848,0,0
sz002651,0,0,0
sz300490,0,0,0
sh600576,2121,0,0
sz002247,1855,0,0
sh603499,1929,1185,0
sz300440,2363,0,0
sz002797,126496,84769,0
sh600965,0,0,0
sh600562,3236,0,0
sz002310,7382,3525,0
sz000695,0,0,0
sh600118,6713,1534,0
sh601226,0,0,0
sh600207,119816,131813,2334
sh601200,2227,0,0
sz002671,0,0,0
sz300626,0,0,0
sz300108,0,0,0
sz002335,0,449,0
sz300398,4165,0,0
sh600532,0,4083,0
sh603232,774,0,0
sz000665,0,17204,0
sh601155,5803,10149,0
sh600074,4970,35085,0
sz300559,234,979,0
sz300047,9149,2726,0
sz002922,529,0,0
sh601238,9028,1695,0
sz300601,5470,518,0
sz300256,10724,0,0
sh600079,12346,15669,1051
sz000828,0,0,0
sh600389,0,0,0
sh603881,3114,2696,303
sh600332,1387,3401,0
sh603421,0,0,0
sz002828,0,0,0
sz300094,1367,0,0
sz002222,5372,6988,0
sh601618,18805,99669,0
sh603896,218,504,0
sh603090,0,0,0
sh603198,0,0,0
sh603703,0,0,0
sz000768,14561,7549,637
sz000753,0,0,0
sh600350,4520,3739,0
sz300166,90870,48853,2220
sz002831,0,210,0
sh603181,0,0,0
sz002372,0,1381,0
sh603869,509,0,0
sz000982,0,4016,0
sz002614,2777,0,0
sh600438,50517,14465,0
sh600550,13257,27377,2005
sh601101,0,1370,0
sh603717,5968,4551,0
sz300599,0,0,0
sz300484,875,0,0
sh600827,2128,0,0
sz300316,31216,11182,1110
sz002719,0,0,0
sz002340,135831,224584,0
sh600053,0,0,0
sz300284,748,0,0
sz002365,5564,3731,0
sz000890,0,0,0
sz000679,0,0,0
sz002021,0,0,0
sz002172,4000,0,0
sz300301,0,0,0
sz300129,7634,0,0
sz002912,755,675,80
sz002693,0,0,0
sh603669,0,0,0
sz002682,0,0,0
sz000726,0,0,0
sh600611,0,0,0
sh600546,0,3250,0
sz300530,0,0,0
sh600057,5185,2575,0
sz000803,0,0,500
sz002105,0,1914,0
sz300262,3458,2118,0
sz300678,9249,12959,1344
sz300618,3436,2403,470
sz002020,2464,0,0
sz000625,25585,21809,0
sz000860,501,1311,0
sz002368,4582,1651,0
sh603958,0,0,0
sh600372,2685,0,0
sz002369,33628,16148,4929
sz300631,0,0,0
sh603186,1172,0,0
sz300561,250,808,0
sz300119,0,0,0
sz000058,0,0,0
sz300393,557,0,0
sh601668,190358,235401,0
sh603901,2000,0,0
sz000651,111914,125832,10252
sz000700,4510,0,0
sh600586,0,0,0
sz300309,3846,0,0
sz300140,6298,869,0
sh600859,3717,535,0
sz002558,8474,2219,408
sz002157,4855,0,0
sz002002,0,7823,0
sh603027,0,0,0
sz000626,15257,20686,810
sz002782,0,0,0
sz300228,1395,2687,0
sz300609,318,0,0
sh600781,733,0,0
sh601228,12540,10818,0
sz000089,3284,1850,0
sh600284,1163,1098,0
sh600104,28492,24245,513
sh600662,0,0,0
sh600208,23153,48919,0
sh600565,27484,15830,0
sh600835,6527,0,0
sz002833,450,0,0
sh603722,0,0,0
sz002751,1200,735,0
sz300684,2606,3325,991
sh600327,0,0,0
sz300480,0,0,0
sh600825,5191,0,0
sz000608,1447,0,1613
sh601339,0,0,0
sh600791,0,0,0
sz002541,763,0,0
sz000667,0,4446,0
sz000576,3881,4483,0
sz002623,0,0,0
sz002903,3434,2686,358
sh603726,0,0,0
sz002811,0,0,0
sz002574,4005,0,0
sz002890,0,0,0
sz002818,751,0,0
sh600170,40751,42171,0
sz300302,3606,0,0
sh600563,932,0,0
sh600776,14904,2662,0
sz002155,1619,1434,0
sz300610,0,0,0
sz002490,0,0,0
sh603988,0,0,0
sh603963,3063,4881,502
sz300135,0,0,0
sz002850,0,329,0
sz002029,4080,1422,0
sz000963,8665,4791,804
sz300187,0,0,0
sh600029,123948,174961,0
sz000301,0,1577,2578
sz000043,0,0,0
sh600033,0,8546,0
sz002360,0,2017,0
sh603357,4378,3334,1135
sh600211,754,0,0
sz300733,3098,868,0
sz002070,0,0,0
sh600796,0,0,0
sh600136,2473,1864,0
sz002319,0,3158,0
sz000975,883,0,0
sh600196,38968,31791,1086
sh600422,0,4801,0
sz002796,0,434,0
sh600269,5000,16611,0
sh603306,0,0,0
sz002474,11239,9122,0
sz300607,0,0,0
sz000538,593,872,0
sz300435,0,0,0
sh600747,10005,5000,0
sz002107,0,0,0
sh600819,0,0,0
sh600282,155440,196742,2749
sz000157,15318,17124,0
sz300286,0,0,0
sz300379,3968,1175,0
sz000657,0,998,0
sh601003,12823,42093,2423
sh600419,0,0,0
sh603023,0,0,0
sh600797,29016,19648,0
sz300184,2206,964,0
sh600723,0,0,0
sh603200,0,0,0
sh600256,16801,5455,0
sz000837,0,0,0
sh600587,1300,0,0
sz000863,0,0,0
sz002129,217686,152596,0
sh600508,0,927,0
sz000502,1170,1300,0
sz002848,951,5525,0
sh603355,590,268,0
sz300095,0,0,0
sh603169,0,0,0
sh600703,93701,54997,3456
sh600536,5748,5911,0
sh603138,2916,926,596
sh600833,0,0,0
sh600585,34898,60690,4521
sz002606,62539,32546,2068
sz002742,15194,2277,0
sz300460,0,0,0
sz300065,14253,3967,0
sz300227,0,0,0
sh600811,14143,5976,0
sh600289,0,4315,0
sh600599,0,0,0
sh600732,0,1700,0
sz002063,20947,6328,1247
sz002436,10124,0,0
sz002753,0,518,0
sz002108,8244,4110,0
sh600351,0,0,0
sh603777,3405,0,0
sh600114,0,0,0
sz002412,0,0,0
sz002043,4842,4573,0
sz002762,694,0,0
sz002503,1966,0,0
sz002207,0,0,0
sz000429,0,0,0
sz002537,13268,3183,0
sh603505,668,3981,0
sh600180,0,0,0
sh603055,0,0,0
sz002361,2710,0,0
sz000005,2871,9146,0
sh600527,12271,2410,0
sh601958,41449,50444,3971
sz300677,1192,3559,0
sz002114,0,1335,0
sz002396,51399,19620,0
sh603758,0,0,0
sz002855,0,0,0
sz000551,1666,0,0
sz300350,2000,1361,0
sz300492,0,0,0
sz300234,0,1491,0
sz300097,1488,871,445
sz002272,0,0,0
sh603895,10170,14043,1644
sh600439,11194,12464,0
sz002468,27526,7792,3006
sh603227,0,3900,0
sh601088,32841,55693,691
sz300666,8866,8408,1609
sz300254,0,0,0
sz300554,0,139,0
sh600216,34810,17095,708
sz300447,0,0,0
sz300246,0,0,0
sh600598,12237,5638,0
sh600717,5410,3128,1541
sz002221,1311,13067,0
sh603040,200,0,0
sz300737,11628,5444,1046
sz002499,0,0,0
sz300288,10110,2444,521
sz002461,1497,0,0
sz002522,0,2011,0
sz000927,0,0,0
sh600684,0,0,0
sh600121,0,0,0
sh603299,0,0,0
sz002400,5024,8315,0
sz000537,1929,977,0
sh601515,0,0,0
sz000521,0,0,0
sz002471,0,2824,0
sz000833,0,0,0
sh601965,1938,0,0
sz300573,0,0,0
sh603959,315,0,0
sh603278,0,0,0
sz002913,12208,14682,2243
sz300109,899,1318,0
sz002630,3406,0,0
sh601021,0,0,0
sh603500,0,0,0
sz002824,0,0,0
sh600959,1392,1406,0
sh603308,900,0,0
sz000609,0,0,0
sz300713,0,145,0
sz002032,0,242,0
sz002364,0,0,0
sz300518,0,254,0
sh603938,2099,2403,0
sz000025,7826,9856,636
sz002557,5272,0,0
sh603367,6887,8710,0
sh600695,9423,1001,0
sz000897,0,3000,0
sh600702,12234,5575,0
sz002665,5838,22416,0
sh600283,0,0,0
sh600333,0,2345,0
sz002672,1684,3399,0
sz002805,1001,1265,0
sz000898,61658,77492,0
sz000016,14138,6508,0
sz000691,0,0,0
sz002781,1161,0,0
sh603569,0,0,0
sz000595,0,0,0
sz300244,4368,2549,0
sh600606,104706,194274,2204
sh603656,0,0,0
sz002501,6354,5365,0
sz000809,0,3863,0
sz002196,1351,0,0
sh601368,0,0,0
sz300538,0,0,0
sz300513,0,0,0
sz002094,8220,931,0
sh603179,0,0,0
sz002822,1699,0,0
sh603069,0,0,0
sh601107,7345,0,0
sz002916,20957,19987,2202
sz300320,3658,1347,0
sz002269,0,7205,0
sz300250,0,740,0
sh601616,0,0,0
sz002052,11139,2195,0
sh600468,0,0,0
sz300506,0,536,0
sz002476,0,0,0
sh600865,0,0,0
sh601212,20530,6074,0
sz300248,3794,5344,0
sz002887,169,228,0
sh600456,1128,0,0
sh600112,2590,8337,0
sz300645,0,687,0
sh600458,0,0,0
sz002577,756,807,0
sh600680,0,0,0
sz002561,0,0,0
sh603080,1298,3395,689
sh600605,908,4877,0
sz300546,478,0,0
sh600633,15428,4270,0
sz300476,34688,29501,2787
sz300703,0,0,0
sz002393,0,2505,0
sh601566,2427,2906,0
sz002876,900,732,0
sz300421,0,0,0
sh600600,16661,8009,372
sh600022,44024,60865,0
sz002597,2067,5533,0
sh603516,12204,23319,6305
sz002849,0,0,0
sz002167,0,0,0
sz000526,0,0,0
sz000925,0,0,0
sz300217,0,0,0
sz002300,1344,0,0
sz000523,0,0,0
sz002009,3582,0,0
sz002374,0,0,0
sh600624,0,1728,0
sz002179,4915,2099,0
sz002583,7842,935,0
sz000881,3897,0,0
sz300165,0,0,0
sz000430,0,0,0
sz300456,324,0,0
sz000680,0,2211,0
sz002116,0,0,0
sz002767,1381,0,0
sz300024,30795,17567,0
sz000417,12152,0,0
sz300178,11379,4995,0
sz300664,1765,4510,1424
sh600478,2000,0,0
sz000544,2327,1130,0
sz002727,1638,1088,0
sz002012,45072,19639,0
sh603085,466,0,0
sh600895,4528,2132,0
sh601020,0,574,0
sz000921,3116,2546,0
sh600313,10341,3667,0
sz000403,756,0,0
sz002291,0,0,0
sz002618,0,933,0
sz000596,3046,2288,527
sz300080,0,0,0
sh603928,0,0,0
sh600683,0,0,0
sz000069,119315,55749,0
sz002627,0,0,0
sz002529,2657,0,0
sz300465,9515,4203,0
sz300340,1851,791,373
sh600671,0,838,0
sh603025,400,0,0
sh600793,0,2514,0
sz002519,1790,3623,0
sz300005,7198,10271,0
sz300420,14635,31523,9239
sh600977,4761,3651,0
sh600693,1859,1921,0
sz002817,1246,358,0
sz300021,11233,4318,0
sh603906,0,0,0
sz300105,0,0,0
sz002467,8205,1536,0
sh600376,0,0,0
sh601998,33861,32262,0
sz002205,0,0,0
sz300268,688,17492,0
sh603319,943,0,0
sh603898,0,0,0
sz300641,689,0,0
sz300249,2567,0,0
sz002193,0,0,0
sh603156,2336,2070,0
sz002891,283,0,0
sh600099,0,0,0
sz002371,11285,5316,0
sh603737,773,201,0
sh603916,0,0,0
sz002244,6465,11429,0
sz300584,442,0,0
sh601939,204458,231511,0
sh603826,1065,0,0
sz002188,0,0,0
sh601607,951,3485,0
sz002054,45215,18812,0
sz000628,0,0,0
sz300083,44252,25286,0
sz300158,8775,10974,2491
sh600391,22263,19919,2024
sz000721,0,0,0
sh600433,3252,0,0
sh603229,0,0,0
sh600153,11229,10207,0
sz300138,0,0,0
sz300253,112536,47266,0
sh600242,0,0,0
sh600480,0,0,0
sz002565,0,0,0
sz002292,28164,12762,0
sh600548,2000,4925,0
sz002668,21773,16202,0
sh601390,13172,13470,0
sz300375,0,0,0
sz300276,2502,2837,0
sh600521,10938,977,0
sz002616,0,1245,0
sz002118,81816,11828,0
sz002775,0,0,0
sz000587,97017,23882,0
sz000988,11994,4807,0
sh600488,0,0,0
sz000042,0,0,0
sz000797,0,0,0
sh600489,8064,24304,0
sz300092,1501,0,0
sz000806,30436,13064,0
sh601558,0,0,0
sz000066,32738,19745,0
sz002153,22292,8420,0
sz000428,0,0,0
sh600604,7539,0,0
sz002093,1105,0,0
sz002711,27565,56559,0
sz000541,0,0,0
sh600337,0,0,0
sz000573,0,0,0
sz000980,4483,0,0
sz300289,0,1400,0
sz002460,48021,45197,4144
sz002860,0,265,0
sz300412,0,0,0
sh600731,0,0,0
sz000402,0,1140,0
sz002184,21005,38347,13339
sz002183,43141,22793,0
sz002320,2932,5070,0
sh601908,0,0,0
sz000061,0,0,0
sh603828,0,0,0
sh603188,0,2672,0
sz000012,0,7104,0
sz300475,0,0,0
sh601007,0,0,0
sh600163,2390,0,0
sz002655,5744,9360,0
sz300457,7388,2622,0
sz300529,1416,0,0
sh603228,193,0,0
sh600354,2977,1440,0
sz002787,0,2227,0
sz300110,485779,478520,8326
sz000818,1085,2130,0
sh603316,0,0,0
sh601333,11088,2116,0
sz002653,0,0,0
sz300078,12744,2063,0
sh600721,1251,45540,0
sh600538,2465,0,0
sh603058,1092,1464,0
sh600368,0,6786,0
sh600095,4809,0,0
sh600247,0,0,0
sh603879,1200,0,0
sh603518,0,2858,793
sz002249,3476,1986,0
sz002542,2656,6259,0
sz002463,9250,2110,0
sh603466,3154,3186,374
sz002812,1030,357,0
sh600455,0,0,0
sh603019,105927,56901,5545
sh601899,646645,945448,0
sz000425,61253,129317,0
sz300706,1134,972,0
sh601601,11721,12846,1115
sz300718,320,255,0
sz002737,817,1282,0
sz002434,7927,0,0
sh600353,0,0,0
sh601800,1564,5376,0
sz300436,0,0,0
sz300191,3072,0,0
sh600708,4796,1476,0
sh600355,11488,25389,0
sz300025,7916,5987,0
sz000637,0,0,0
sh600475,800,0,0
sz002166,0,0,0
sz300472,0,0,0
sz000037,3423,16943,0
sz002234,0,0,0
sz300560,0,2986,0
sz300655,0,0,0
sz002470,3756,0,1230
sh600617,0,0,0
sz300633,0,0,0
sh600000,36524,31298,0
sh600060,15039,698,0
sz000059,8188,25533,0
sh601898,0,2069,0
sh600195,1050,537,0
sz300006,4019,3943,0
sh600588,220280,182283,25510
sz000888,0,6242,0
sz002689,0,0,0
sz000970,17499,14157,0
sz002268,9475,8534,0
sz002658,0,0,0
sz000150,0,0,0
sh601801,1550,0,0
sz000985,0,0,0
sz002096,0,0,0
sz300048,0,0,0
sz300236,13294,10156,1330
sz300386,9771,16729,0
sh600486,681,0,0
sz300669,0,0,0
sh600416,19615,8172,0
sz000957,0,0,0
sh600716,0,0,0
sz300213,3095,0,0
sh601985,8862,21346,0
sh601666,13155,30106,0
sz002595,0,0,0
sh600592,3000,0,0
sz002405,76396,50735,6731
sz002546,8960,0,0
sh603477,854,3857,0
sh603527,0,0,0
sz002298,1285,0,0
sh600479,2768,2102,0
sz300425,0,6203,1328
sz002500,43837,26436,0
sh600741,10982,5818,582
sh600409,10818,16751,0
sz300127,0,0,0
sz300275,789,0,0
sz300044,18626,1686,1020
sz300591,3515,8056,0
sz000993,0,0,0
sh600406,12347,3354,0
sz000413,48906,33432,0
sh600310,8319,6002,0
sz002023,4021,0,0
sz002666,0,0,0
sz002190,1375,453,0
sh600820,0,0,0
sh600370,0,0,0
sz002336,0,869,0
sh603131,655,0,0
sh603323,3333,7373,0
sz000510,0,0,0
sz002225,0,0,0
sz300698,3028,7002,0
sz002521,1235,4496,0
sz002375,6674,1933,0
sz000782,0,0,0
sz300088,168154,61964,0
sz002878,542,842,0
sz002092,22783,12048,0
sz000404,0,24194,2883
sh600231,2997,15573,0
sh600031,183374,133404,0
sh603100,0,0,0
sz300579,736,359,273
sh603683,1598,622,0
sh603063,0,996,0
sz000685,0,0,0
sz002483,0,0,0
sz002867,1478,0,0
sz002290,0,0,0
sz001896,0,0,0
sh600158,7790,9407,0
sh600155,5221,5187,0
sh600312,0,1440,0
sh600373,7358,6071,0
sz002170,0,0,0
sh600343,7351,0,0
sz000536,10803,2566,0
sh600052,0,0,0
sz300715,0,3629,0
sz000166,27938,8897,0
sz000895,9064,8468,0
sz002071,42308,4513,0
sh601880,12877,10000,0
sh601600,563368,577711,0
sz300458,1984,0,0
sh600330,4612,0,0
sz002493,2582,8952,0
sz000045,0,0,0
sh600868,125246,150225,3628
sz002192,1389,0,0
sz002377,1448,0,0
sh603738,0,0,0
sh600137,0,945,0
sz300679,155,0,0
sz002144,0,0,0
sz300169,1826,0,0
sh603557,809,0,0
sz002014,8434,12011,0
sh603444,212,322,202
sh600100,22499,11738,0
sh603860,0,0,0
sz300210,0,0,0
sz002203,1313,0,0
sh600722,6811,0,0
sh600189,0,0,0
sh600728,322965,284885,6466
sh600235,0,0,0
sz000529,0,0,0
sz002278,1159,2759,0
sz300016,1086,977,0
sz300188,29664,4997,0
sh601360,46142,52036,3791
sz000885,4145,2181,0
sh603711,1001,455,0
sh600616,0,1660,0
sh603496,304,0,0
sh603809,0,0,0
sh600230,17762,9257,742
sz002296,0,0,0
sz002026,0,0,0
sh600681,1692,1001,0
sh601163,0,1013,0
sz000501,755,0,0
sh603833,0,0,0
sh601000,76457,37104,0
sz000589,0,0,0
sz000520,65755,211000,0
sz002620,0,0,0
sz000517,2936,18517,0
sz300041,0,1100,0
sh603989,0,0,0
sh600689,0,0,0
sz300053,20476,4358,0
sz300688,1648,2943,1007
sh603300,1603,0,0
sz002430,1565,1271,0
sh600201,3231,5305,425
sz002481,19488,9425,0
sz300432,1460,0,0
sh603358,0,0,0
sh603528,1619,1666,0
sz300644,3309,2090,423
sz002027,52011,69280,719
sz300505,0,0,0
sh603328,2282,0,0
sz002779,0,0,0
sh601128,7950,18480,0
sh600498,16714,3005,0
sh600980,0,0,0
sh603638,398,0,0
sz300364,44224,22870,0
sh600491,7026,3215,0
sz002253,0,802,0
sh600513,0,0,0
sz000040,0,0,0
sh600639,0,0,0
sh600919,37015,24757,0
sz002533,0,0,0
sz000825,210994,366057,0
sh600645,5340,5510,0
sz300732,137,471,0
sh601933,123784,60301,1634
sh600551,901,1100,0
sz002323,9689,2063,0
sh600690,85617,66216,3306
sh600273,25399,12703,0
sh603716,364,1689,0
sh600854,0,0,0
sz300514,3735,1329,487
sz300587,0,0,0
sz002696,697,0,0
sz002819,0,0,0
sh603558,1618,0,0
sh600773,2446,1978,0
sz300189,0,0,0
sz002283,2803,0,0
sh601866,7432,4630,0
sz002238,0,0,0
sh603096,152,0,0
sz002175,24899,17858,0
sh600749,0,0,0
sz002189,0,803,0
sz002200,0,0,0
sh600613,0,0,0
sz000607,0,0,0
sz002229,18594,14664,0
sz002286,3000,1002,0
sz000039,2444,12963,0
sz300658,0,0,0
sh603677,0,0,0
sh600067,0,0,0
sz000597,1000,4645,0
sz300396,0,0,0
sz000856,81011,77931,10972
sz300558,582,858,0
sz000858,52052,56052,4466
sh601608,5754,0,0
sz300079,33594,24174,10003
sz000880,1228,0,0
sz300145,1000,1490,0
sh600143,12046,0,0
sz002872,0,0,0
sh603333,0,0,0
sz300354,0,0,0
sh600184,0,0,0
sh603338,164,0,0
sz300536,1486,881,0
sz000906,2000,0,0
sz002777,323,0,0
sz002084,0,0,0
sz300418,65136,34884,3279
sh600072,800,7353,0
sz300074,1988,0,0
sh600218,0,2178,0
sh600363,2076,2244,0
sz300072,11729,8910,0
sh600116,0,0,0
sh601838,28783,33377,0
sz300252,4769,1442,0
sz000498,2579,0,0
sh601038,2865,0,0
sh600837,61965,21645,0
sz002852,0,0,0
sz002088,1267,0,0
sh600783,6760,2318,0
sz300685,0,100,0
sh600035,0,0,0
sz000779,0,0,0
sz300511,1669,0,0
sz300182,139693,74767,6200
sh601002,2235,1190,0
sz300588,0,0,0
