sz002286,1015,0,0
sh600967,2387,2658,0
sz002688,0,1765,0
sz002677,1908,15437,0
sh600313,14565,0,0
sh603958,0,0,0
sz002564,0,0,0
sh600573,0,0,0
sz002868,0,0,0
sz002587,0,0,0
sz300635,0,978,0
sh600726,0,41751,0
sh603456,589,713,1105
sh601828,7982,21361,1385
sz000672,74377,114092,920
sz002002,0,2004,0
sz000980,6134,1153,0
sz002654,4748,0,0
sz002453,0,1700,0
sz000863,0,0,0
sz002664,0,500,0
sh600837,19083,17835,0
sz002080,13884,9851,2672
sh600156,0,0,0
sz002441,0,3039,0
sh603912,1574,1574,0
sh600449,2032,7985,0
sh603779,0,0,0
sh601007,0,0,0
sz300563,0,0,0
sz000423,1371,1266,0
sz002845,0,0,0
sz300047,813,0,0
sh600610,0,6409,0
sz002074,53785,23521,2633
sh603037,0,0,0
sz000410,40867,105669,12897
sh603131,0,0,0
sz300045,0,0,0
sz000936,18577,53016,0
sh601555,0,8751,0
sh600317,0,0,0
sh600584,17329,10445,2787
sh601098,0,0,0
sz002417,0,0,0
sh600060,19706,16572,636
sz002151,1614,1208,0
sz002623,0,0,0
sh603638,0,800,0
sz002207,0,0,0
sz300418,27556,41529,2983
sh600603,0,1409,0
sz300231,6780,14641,2045
sh603628,0,0,0
sz002755,0,0,0
sh600006,0,0,0
sh600695,0,0,0
sz002876,2068,578,0
sz002801,0,0,0
sz300391,0,0,0
sz300407,0,0,0
sz000767,0,0,0
sh603038,0,0,0
sz300180,2900,0,0
sh600699,2035,4962,690
sh601717,2003,0,0
sz002014,0,0,0
sz002818,0,0,0
sz002220,0,0,0
sh601163,1868,1362,0
sz002768,0,0,0
sz002890,0,0,0
sh603885,0,0,0
sh600595,0,0,0
sz002395,0,0,0
sh600231,7547,10206,0
sh600958,0,7380,0
sh601238,1034,1230,0
sz300506,0,1019,711
sz002171,0,4500,0
sz300510,0,400,0
sh601988,183183,338464,0
sh603110,0,0,0
sz002416,0,0,0
sh603616,13704,13750,0
sz300322,1171,3351,0
sz002731,0,0,0
sz002644,0,0,0
sz300367,9124,15408,0
sz002375,0,0,0
sz300268,594,0,0
sz300274,4923,10104,0
sz000993,4619,1942,0
sh603277,904,0,0
sz300569,0,0,0
sh603096,747,181,0
sh600079,6123,18737,0
sh601858,0,0,0
sz000509,0,0,0
sh601901,0,12579,0
sz002613,0,0,0
sz002372,686,762,0
sz000860,1594,1594,0
sh600865,0,0,0
sz002706,1979,0,0
sz002282,0,0,0
sz002054,0,2809,0
sh600999,1529,5419,0
sh600302,0,0,0
sz000631,0,2638,0
sz300579,0,517,0
sz002800,0,0,0
sz002599,0,0,0
sz300282,0,690,0
sh603157,0,0,0
sz002627,0,0,0
sz000737,0,0,0
sh601116,0,0,0
sh600848,3627,5395,0
sh603156,1728,6883,162
sz300069,2869,0,1261
sh600900,7097,9992,0
sh600727,0,1500,0
sh603083,2939,8450,330
sz000716,0,0,0
sz002705,0,0,0
sh603421,498,0,0
sz002825,1769,473,0
sz300118,0,0,0
sz300376,17534,17343,0
sh600781,0,0,0
sz000528,9469,19589,0
sz300629,0,0,0
sz000723,2331,3815,0
sz002233,1430,15526,0
sz300283,0,0,0
sz000615,4487,2679,0
sz000040,0,0,0
sh601101,0,4569,0
sz000935,1812,3019,0
sz002792,0,837,0
sh600025,62924,81335,0
sh603139,0,0,0
sh600684,0,0,0
sz002305,0,0,0
sz300323,5590,8261,0
sz002053,0,0,0
sz300735,4965,3233,0
sz002589,6162,15634,0
sz300622,0,0,0
sh600846,4112,0,0
sz300138,0,0,0
sh600382,0,4360,0
sz000887,6850,0,0
sh603506,13552,9637,3976
sh600697,0,0,0
sz300044,4657,4470,0
sz002590,0,0,0
sz002303,4037,12779,0
sh600970,38082,22071,0
sz002655,3092,8631,0
sz300171,0,1338,0
sz002492,0,0,0
sh603208,0,0,0
sz000977,89418,57624,2185
sz002101,0,0,0
sh601595,0,1849,0
sh603896,0,0,0
sz300360,0,1119,0
sh600332,2404,2051,0
sh600269,0,4894,0
sz300296,9172,8376,1614
sh601328,71725,93537,0
sh600106,0,0,0
sh600555,0,3799,0
sz000545,0,2370,0
sz002336,0,0,0
sz002182,0,4757,0
sh603123,4975,1360,0
sz002707,0,0,0
sh603980,0,537,0
sh603855,0,0,0
sh603088,0,0,0
sz300201,0,8480,0
sh603557,0,619,0
sh600448,0,0,0
sz300680,0,0,0
sh600103,0,0,0
sz002152,10711,19746,0
sz300343,7337,2663,0
sh601375,2160,3894,0
sz002560,0,0,0
sh601633,0,845,0
sz000713,0,0,0
sz002598,0,0,0
sz002695,0,839,0
sh600713,0,0,0
sh600780,0,0,0
sz002880,0,0,0
sh603619,10656,8271,687
sz002541,0,0,0
sh601333,21820,16768,0
sh603889,8203,5772,0
sh601155,41106,31241,6038
sh600326,1195,5919,0
sh600483,0,0,0
sz300349,859,0,0
sz300730,13679,5915,644
sz002901,1899,912,0
sz000833,0,0,0
sh600351,0,0,0
sh600650,0,0,0
sh600219,18511,29737,0
sh600122,96378,25582,3827
sz300695,0,0,0
sz000567,0,408,400
sh600088,821,0,0
sh600698,98372,25753,0
sh600467,0,0,0
sz002553,0,0,0
sz000682,0,0,0
sh600874,42451,34256,5599
sz002141,0,0,0
sz300310,2397,11183,0
sh603918,0,0,0
sz002246,17538,51032,0
sh600990,217,401,0
sz002216,0,0,0
sz002843,0,0,0
sz300458,1001,0,0
sz002475,13050,12231,0
sz000816,133171,209103,8513
sz002856,346,395,0
sh600339,0,6765,0
sz002763,0,0,0
sh600350,0,5319,0
sh600668,0,2237,0
sz300736,536,0,0
sz000881,0,1133,0
sz300403,0,0,0
sh600596,18586,69674,1880
sh600833,0,0,0
sh601233,16001,14979,0
sh603030,0,0,0
sz000963,2424,1452,0
sz002741,0,0,0
sz300528,0,0,0
sh600081,0,0,0
sh600308,0,0,0
sz002882,0,0,0
sh600000,23483,31985,0
sz002195,33534,48847,0
sz300582,0,0,0
sz002148,0,1608,0
sz002711,8636,3470,0
sz002832,200,0,0
sh603160,327,729,0
sz300432,0,1000,0
sz002829,0,0,0
sz000813,0,0,0
sh600075,0,1477,0
sh600104,9272,10626,0
sh600260,10759,9105,316
sz000581,2189,4841,0
sz300017,286051,174558,4125
sz300657,0,0,0
sz000600,4991,4956,0
sh600481,0,6254,0
sz300560,0,1439,0
sh600750,0,0,0
sz002193,0,0,0
sz300007,922,0,0
sz300592,0,819,0
sz300502,0,0,0
sz300521,0,0,0
sh601009,11751,16378,0
sh600741,8069,16056,0
sh600600,6786,3931,0
sh600310,0,0,0
sz002499,0,0,0
sz002322,0,0,0
sh601777,0,0,0
sz002886,1402,0,0
sh600630,19154,60593,4361
sh603101,0,0,0
sz002579,0,0,0
sz000810,7756,2287,0
sz000680,0,0,0
sh601390,3522,10867,0
sz300331,0,2223,0
sz300250,0,0,0
sz300613,0,220,0
sz300413,1316,920,0
sz300684,8688,4700,315
sh600873,0,15119,0
sz002760,2844,1150,917
sz002836,0,0,0
sh603328,0,0,0
sz000999,427,5318,0
sh600971,0,5166,0
sh600538,0,0,0
sh600791,0,0,0
sh601727,0,2700,0
sz300243,0,0,0
sh603578,2796,0,0
sh603929,3939,1080,0
sh601952,2045,2293,0
sz300638,0,0,0
sh603129,0,0,0
sz300228,9841,3579,1147
sz002625,482,4981,0
sz002673,2065,25753,0
sz300207,2268,5490,0
sz000420,0,0,0
sz000903,12721,16648,0
sz000539,0,0,0
sz002505,0,6323,0
sh600048,157408,143936,775
sh601010,0,0,0
sz000062,500,0,0
sz002491,6026,7055,0
sh600354,2794,11974,0
sh600239,0,0,0
sz002250,1966,0,0
sh600683,0,0,0
sz002496,0,3172,0
sz002017,0,0,0
sh600975,0,0,0
sz300543,0,0,0
sz002134,0,0,0
sz002672,2265,859,0
sh600188,11640,17675,1422
sz002680,4595,2761,0
sh600259,1662,2166,0
sh600329,0,0,0
sz002425,0,0,0
sh600189,1900,0,0
sz300650,6218,1722,0
sh600525,49776,50598,920
sz000953,4523,12447,0
sz000960,11032,41964,0
sh600186,5310,9731,0
sh600022,107473,158458,0
sz000909,0,0,0
sh600775,0,0,0
sz000836,16618,11949,0
sz000768,8196,10569,825
sz002743,1225,0,0
sz300345,0,0,0
sz002463,10695,18300,0
sz300617,0,0,0
sh601611,3314,2934,2211
sh600528,1935,2223,859
sz002773,0,300,0
sh603757,0,291,0
sz000595,0,0,0
sz002342,0,3500,0
sz300551,0,0,0
sz000002,31830,18524,2592
sz300088,52554,100941,0
sz002495,0,0,0
sz300536,0,1835,0
sz000938,2890,2908,0
sz002401,5479,4284,0
sh603041,0,0,0
sz002187,0,0,0
sh601222,1236,5594,0
sz002927,12162,9333,3986
sh600831,0,0,0
sz002846,0,0,0
sz002729,0,0,0
sz002877,9151,5608,0
sh600228,1053,0,0
sz002088,764,45404,3049
sh600506,0,0,0
sz002808,0,0,0
sz000799,9428,3588,782
sz300456,0,0,0
sz002485,763,0,379
sz300531,1350,0,0
sz000598,9265,2050,0
sz002771,0,0,0
sh600466,4490,11465,0
sz002099,0,0,0
sz300013,0,1010,0
sz002674,0,0,0
sz000961,21884,3967,0
sz300467,0,0,0
sh600367,0,1028,0
sz300264,0,0,0
sz000821,0,0,0
sz002466,39847,37990,4218
sz002159,0,0,0
sh600129,0,0,0
sh600558,0,1883,0
sh603099,0,0,0
sz002060,0,0,0
sh601258,12250,10022,0
sz000589,0,0,0
sz300520,1715,2070,0
sh603098,0,0,0
sz002887,149,181,0
sh603017,0,0,0
sz000630,22444,45304,0
sz000050,2087,5788,0
sh600236,0,1699,0
sh600249,50910,26399,3526
sh600801,17681,22836,0
sh603169,0,0,0
sz300421,0,0,0
sz002612,0,1106,0
sz002652,0,0,0
sz002516,23950,6288,0
sh603708,500,0,0
sh603600,0,0,0
sz300053,3448,5032,0
sz300641,0,0,0
sz002737,1008,3287,0
sz000656,0,8048,0
sz000995,0,0,0
sz000593,0,0,0
sz300015,2285,1227,0
sz300327,0,0,0
sz002488,4304,2496,0
sh600403,0,0,0
sz002826,0,0,0
sz002660,0,0,0
sh603496,0,0,0
sh600173,0,0,0
sz002059,0,0,0
sh603055,0,896,0
sz000921,0,0,0
sz300691,175,178,0
sz002337,2614,0,0
sz300304,1645,0,0
sz300133,3269,7248,946
sz002289,0,1395,0
sz002139,3119,4313,0
sh600462,11123,4653,0
sh600136,2823,0,0
sz002871,0,0,0
sz000982,0,0,0
sz002124,0,0,0
sh600237,0,0,0
sz300023,0,0,0
sh603466,1347,1623,0
sh603383,236,309,0
sh600272,0,0,0
sh600965,0,0,0
sz002146,16179,41683,0
sh600715,5294,2145,0
sh603035,1366,0,0
sz300127,838,0,0
sz000018,0,0,0
sz000065,808,0,0
sh600250,0,0,0
sz002242,0,1000,0
sz300647,6682,9021,4765
sz300580,0,1872,0
sz300619,0,288,0
sh603198,0,0,0
sh600746,1802,0,0
sz000488,3105,11954,0
sz000009,1686,18425,0
sz300350,0,0,0
sz002527,0,0,0
sz000026,0,0,0
sh603928,0,0,0
sz002371,9065,12156,271
sz002076,0,19172,0
sz002279,0,3470,0
sz002837,0,770,0
sz002609,709,0,0
sh600720,23226,45184,0
sh600190,0,0,0
sz002077,0,0,0
sh600985,0,823,0
sh600841,0,0,0
sh600074,9539,29330,0
sh600605,1309,0,0
sz000603,0,0,0
sh600721,16655,42587,1011
sh600676,1793,0,0
sh600141,5525,6698,0
sh600616,9869,1600,0
sz000761,0,7341,0
sh600275,0,0,0
sz300269,2783,2737,755
sz002092,7939,16720,0
sh601016,15724,3143,0
sh600372,0,0,0
sh600366,1325,2087,0
sh600647,660,0,0
sz000555,0,4330,0
sz002895,0,2013,0
sz002728,0,0,0
sz300462,3668,1212,0
sz300723,682,1850,840
sh600300,0,0,0
sz000720,13107,2469,0
sh600731,0,0,0
sz000908,2056,2669,0
sh603680,3286,5240,316
sz002330,0,0,0
sz002554,0,0,0
sh600439,2016,1933,0
sz000678,1798,0,0
sz300353,54470,102235,7833
sz002812,3775,2805,220
sz002465,8013,19333,0
sz300434,0,0,0
sz300721,1932,344,0
sz002043,1621,2711,0
sh603990,0,0,0
sh603678,0,0,0
sz002176,51714,56257,6971
sz300270,0,1046,0
sh600185,0,2029,0
sz002734,1251,462,0
sz002350,0,0,0
sz002896,0,0,0
sh600565,0,18774,0
sz002208,42837,141272,4513
sz002681,0,3607,0
sh603656,0,0,0
sz300398,917,0,0
sz000837,0,6081,0
sh600223,0,0,0
sh601900,0,0,0
sh600658,0,0,0
sh600982,0,0,0
sh601020,0,0,0
sh600570,28593,13920,2862
sz300075,701,2070,0
sz300717,0,0,0
sz002462,0,857,0
sh603136,0,302,0
sz002398,40412,13999,0
sh603721,1201,0,0
sz002377,0,0,0
sh600572,0,2767,0
sz002750,0,0,0
sh600891,0,0,0
sh600418,2337,14172,0
sh601500,0,1305,0
sz300471,0,0,0
sz000803,0,0,0
sh603960,566,0,0
sz002521,3948,2735,0
sz002477,0,41726,0
sz002514,0,0,0
sz002547,10508,11977,0
sz001696,0,5000,0
sz002412,0,934,0
sz002668,2971,9221,0
sz002399,643,0,0
sz002848,0,0,0
sh600230,3172,10002,234
sz300577,0,0,0
sz300653,0,0,0
sh600793,491,464,0
sz002905,1573,892,0
sh600293,0,2895,0
sh600585,68927,92891,8555
sz300105,0,0,0
sh600225,0,0,0
sz000823,2469,9948,0
sz300272,0,0,0
sh600926,4831,12813,0
sz000560,0,0,0
sz002310,19992,6487,0
sz000020,1481,1521,0
sh600876,25709,19020,686
sz002349,0,1400,0
sz300161,0,0,0
sh603183,0,485,0
sz000650,0,0,0
sz002025,656,585,0
sz002822,0,0,0
sh603108,0,0,0
sz002506,6721,8518,0
sz300553,0,0,0
sh600851,0,0,0
sh600137,0,0,0
sz300449,0,0,0
sh600016,78398,122029,0
sz002563,0,0,0
sh601965,0,0,0
sz002009,9206,1481,0
sz002869,0,0,0
sz002032,300,439,0
sz002593,0,0,0
sz300132,0,0,0
sz000632,0,0,0
sz002772,0,0,0
sh603003,2690,896,0
sh600864,0,0,0
sz002469,3600,0,0
sh600015,10530,35050,0
sh600679,648,0,0
sz002562,1833,700,0
sz300389,0,0,0
sh601991,0,0,0
sz300315,9769,54011,0
sz002752,0,0,0
sz002519,0,0,0
sh600355,0,17189,0
sz002631,8798,3731,0
sz002340,1578393,934921,66218
sh601608,9665,0,0
sz002056,9363,23908,0
sh601000,14283,11929,0
sz300726,0,1415,0
sh603933,0,300,0
sz300245,0,0,0
sz000599,0,0,0
sz300546,0,0,0
sh601919,23049,15986,0
sh600795,69526,88231,0
sh600737,73979,27122,3693
sz000421,0,0,0
sh603197,0,0,0
sz300503,0,739,0
sz300616,134,0,0
sz002093,1331,1505,0
sh600810,1269,1366,0
sh600256,28204,73647,0
sz300241,0,5838,0
sh603359,0,810,0
sz300426,1069,2870,0
sh600626,2986,1722,0
sh600305,1010,1123,0
sh600455,0,0,0
sz300473,0,288,0
sz300253,13278,12247,0
sh603926,0,0,0
sz002169,0,0,0
sh603878,0,0,0
sz002540,0,0,0
sh601127,505,0,0
sh600567,183439,366839,0
sz300678,8273,11821,2899
sh601890,0,0,0
sh600648,0,0,0
sz000848,0,2667,0
sh600489,16592,19551,0
sz000697,0,2814,0
sh603316,0,0,0
sh600222,0,0,0
sh600809,7281,3241,1054
sh600072,6008,3355,836
sz002862,0,0,0
sz300025,0,0,0
sh603881,2240,619,0
sz000902,0,2006,0
sh603969,0,1200,0
sz002063,11123,6181,0
sz002698,0,0,0
sz300450,2603,3340,365
sh603608,0,0,0
sh603363,1870,0,0
sz000790,14556,36402,5603
sz002019,6787,5405,0
sh603900,0,375,0
sz300251,79612,50959,0
sh600590,0,1188,0
sh600710,3838,1894,0
sz002594,6976,9931,659
sh600722,0,6542,0
sz000585,0,0,0
sh600886,6160,3001,0
sh600518,4564,4243,0
sz300655,1127,2753,0
sh601168,2980,5480,0
sh600820,0,1506,0
sz002611,9736,5179,0
sh600415,0,1965,0
sh603989,0,0,0
sh601798,0,0,0
sh600867,4203,2588,0
sh600327,0,0,0
sz002481,3112,2388,0
sz000878,0,7631,0
sz002293,0,0,0
sh600629,0,0,0
sz002068,0,5234,0
sz002007,1326,4813,0
sh603039,0,132,0
sz002653,967,1213,0
sz300365,1458,2021,0
sh601069,862,3413,0
sh600200,0,0,0
sh600021,2205,0,0
sz002529,1500,1889,0
sh600490,115035,93362,2207
sh600745,1426,0,0
sz002116,1067,2299,0
sz300720,854,1139,0
sz300020,4404,16351,0
sh600579,1342,1252,0
sh600169,4176,9003,0
sh601966,605,2729,0
sz002274,0,3032,0
sh600583,1653,2492,0
sh603999,0,0,0
sz000722,0,0,0
sz300097,2680,1295,0
sz002376,776,6401,0
sh600638,13598,4610,0
sh600569,11729,38582,0
sz300199,1810,0,0
sz300230,0,2861,0
sz300246,0,0,0
sz002045,18447,30783,4356
sz300518,0,201,0
sz000592,4828,9108,0
sz002561,948,1120,0
sh600725,0,0,0
sz002676,6986,19266,0
sz000425,18879,36165,0
sh603966,0,0,0
sz300068,0,1785,0
sh601811,0,0,0
sz300408,2545,4967,0
sz300233,0,0,0
sz002268,8227,15308,2001
sz300371,0,0,0
sh600612,0,424,0
sh601019,1002,6780,0
sh600778,0,0,0
sz300737,20512,43669,6788
sh600337,2651,0,0
sh600358,0,0,0
sh600702,2416,1361,0
sz300157,0,3034,0
sz002780,0,0,0
sh603005,0,0,0
sh603528,0,0,0
sz002601,24697,12157,0
sz002254,3052,2985,0
sz002281,5438,14343,0
sh603777,0,0,0
sz300460,0,0,0
sz002226,19379,48030,5630
sh603116,0,0,0
sz002581,0,4384,0
sz002183,5626,50474,4497
sz000401,22850,48789,0
sz002889,0,0,0
sh600537,7659,0,0
sz002675,1242,4600,0
sh600653,4476,0,0
sz000661,602,2797,153
sz300330,0,0,0
sh603322,0,0,0
sh603338,0,0,0
sz002632,0,1362,0
sh603798,0,0,0
sz300109,300,1238,0
sz300538,0,0,0
sh600395,1805,1744,0
sz002167,0,8783,0
sz002636,0,0,0
sh600606,129243,174446,0
sh601005,15213,25969,0
sh603607,0,1057,0
sh601985,4567,30420,0
sz300423,0,0,0
sz300281,1180,0,0
sz002776,0,0,0
sh600461,0,0,0
sz002188,0,0,0
sz002913,528,2586,0
sh600883,0,0,0
sz300158,0,2078,0
sz002566,0,0,0
sz002759,0,0,0
sz002031,0,4001,0
sh600939,0,0,0
sz002903,548,1436,0
sz300153,0,1261,0
sz300160,3389,3724,0
sz002424,910,797,0
sh603058,616,1071,0
sz000753,0,0,0
sh600511,0,0,0
sh603716,635,0,0
sh600346,8057,23545,1360
sh600321,0,0,0
sz000880,0,0,0
sh603429,0,0,0
sh600829,0,0,0
sh603326,0,1899,0
sz002787,0,0,0
sz002824,994,1612,0
sz002105,0,0,0
sh600242,1000,1200,0
sz002907,2534,4480,297
sz002757,0,0,0
sh600744,0,0,0
sh603042,0,0,0
sh600617,0,0,0
sh600765,1020,0,0
sz002010,0,0,0
sz002265,0,1229,893
sz300676,1564,2406,69
sz002311,0,578,0
sz002807,4752,22960,0
sz300154,0,0,0
sz300219,11726,2405,0
sz002859,346,682,0
sz000565,0,0,0
sh603069,0,0,0
sz300215,0,1500,0
sh600760,1763,2866,0
sz000612,0,0,0
sh600120,0,1021,0
sz000032,8126,4037,0
sz002172,0,0,0
sh603977,0,0,0
sz001965,0,2312,0
sz300261,0,0,0
sz002339,0,0,0
sz000155,10508,7305,0
sh600197,1804,479,534
sh603165,0,0,0
sh601113,1313,830,0
sz300567,93,0,0
sz002030,0,792,0
sz000605,584,0,0
sz300172,0,0,0
sz000069,13985,35532,0
sz002588,0,0,0
sh600229,8852,0,1920
sz000525,0,920,0
sh601158,0,4483,0
sz002666,11267,7937,0
sz002015,0,0,0
sh600621,9463,11884,0
sh601001,15690,13707,0
sh601669,3450,2004,0
sz002624,320,2593,0
sz300541,0,0,0
sh601012,10054,12661,798
sh603507,0,0,0
sh601336,13430,11179,0
sh603000,12820,870,0
sz300513,0,0,0
sh603323,3308,13484,0
sz300338,0,0,0
sh600651,0,1237,0
sz000572,0,3386,0
sh601100,343,0,0
sh603567,0,0,0
sz002908,1069,2211,0
sz300218,0,0,0
sh600097,0,0,0
sz000663,140649,5742,0
sz000627,34927,6507,1339
sh603882,605,1535,0
sz002324,0,0,0
sz000045,0,0,0
sz002888,0,0,0
sz000973,1884,6244,0
sz300255,0,5000,0
sz002237,0,9647,0
sh600319,0,0,0
sz300226,15027,6517,936
sh600090,1345,2911,0
sz000762,5539,2132,0
sz300631,0,0,0
sz002502,0,0,0
sh600426,2162,9714,0
sh600644,0,0,0
sz002079,1407,6466,0
sz000979,47612,63784,0
sz300292,0,5900,0
sh601177,0,0,0
sz300224,0,4877,0
sz002404,0,0,0
sz300054,9401,0,0
sh600712,0,0,0
sh600814,0,0,0
sh601996,18304,18590,0
sz002456,36160,47293,0
sz000778,22703,31049,0
sz300400,0,0,0
sz300693,786,1677,0
sz000727,26591,54094,0
sh601515,0,0,0
sh600561,0,0,0
sh600356,0,0,0
sh603877,1457,0,0
sh603669,0,0,0
sh600277,2239,0,0
sz300480,0,0,0
sz300525,0,0,0
sh600155,0,0,0
sh600688,0,5824,0
sz300176,119,207,0
sz300185,18204,4556,0
sz300295,0,0,0
sh600020,0,0,0
sh600543,0,0,0
sz000859,0,0,0
sh600029,103386,136940,0
sz002315,660,0,0
sz000669,0,0,0
sh600977,623,5443,0
sz300399,0,0,0
sz300671,0,400,0
sz002439,7906,15390,1381
sz300583,0,0,0
sz300387,0,0,0
sz002827,0,675,0
sh600248,0,0,0
sh600500,7118,4771,0
sz300433,10453,10561,1616
sz300490,3151,2571,9223
sh600064,0,2092,0
sz002012,5411,11141,0
sz300429,0,391,0
sz000613,9290,183467,0
sh600601,0,0,0
sz002567,1914,0,0
sh600019,136414,142790,3018
sz000751,0,11139,0
sh600388,2300,9066,0
sz300279,0,0,0
sh600686,10487,811,1014
sh603389,0,1578,0
sz000021,0,4935,0
sz002596,72949,59370,7458
sh600212,0,2216,0
sz300554,144,164,0
sz000705,0,0,0
sh603458,367,230,0
sh600503,0,10651,0
sz002867,332,0,0
sh600615,0,0,0
sh603278,0,0,0
sz002708,0,0,0
sz300200,0,0,0
sh603036,0,0,0
sh600446,3535,1467,0
sz000786,21318,8185,0
sz300257,0,899,0
sh603776,0,185,311
sz300221,2235,2646,610
sz002370,18546,0,0
sz000617,0,0,0
sz000301,1679,3661,0
sh600132,469,1043,0
sz300683,0,0,0
sz002055,1599,589,0
sz002062,0,0,0
sz000685,0,0,0
sz300359,3291,9419,0
sz000049,546,3013,0
sh603067,0,0,0
sz002665,30769,18202,0
sz002702,9660,25425,0
sz300140,13076,5265,1061
sz000698,0,1872,0
sz002013,3198,0,0
sz002040,1164,0,0
sh600578,0,0,0
sh600267,1916,1907,0
sz300381,0,0,0
sz300666,6024,5611,585
sz002775,0,567,0
sh600835,546,0,0
sz002364,0,1391,0
sz000001,240154,235704,8416
sz000876,1600,11014,0
sz300501,0,0,0
sz300690,0,273,0
sh603898,0,0,0
sz300599,0,0,0
sh603158,0,0,0
sh600125,118463,47140,2229
sh600893,7144,3017,408
sh603922,0,0,0
sz002557,0,695,0
sz002368,0,3745,0
sh600276,25718,18464,1374
sz002740,0,2000,0
sh603106,0,2712,0
sz300012,0,7058,0
sz002240,0,2801,0
sh600789,11378,4222,0
sz300260,0,0,0
sz002745,566,2317,0
sz300147,0,2935,0
sh601949,2000,5052,0
sz000802,0,1333,0
sz002753,1616,0,0
sz002334,1507,2979,0
sh600704,0,6723,0
sz300174,2333,305,0
sz002577,0,0,0
sz300489,0,1004,0
sz000851,1600,2000,0
sz000023,0,1005,0
sz300344,7591,12614,0
sh603305,561,1288,675
sh603829,0,0,0
sh600218,0,0,0
sz300039,0,6241,0
sz300630,0,322,0
sz002546,0,8219,0
sh601898,0,7396,0
sz002042,6993,2964,0
sz300561,0,829,0
sh600343,0,3353,0
sz000927,2824,4299,0
sz002127,5778,1559,0
sz002094,2617,0,0
sz300311,0,0,0
sz300179,0,0,0
sz002802,0,0,0
sz300175,0,1995,0
sz002786,0,0,0
sz002239,3030,12727,0
sh600176,27489,8283,1210
sh603029,0,0,0
sz000554,11379,1698,2080
sh603861,0,0,0
sz002917,424,2613,0
sz300191,472,0,0
sz300516,0,0,0
sz000546,0,2495,0
sz300431,10153,21749,395
sh600232,0,0,0
sh601789,0,0,0
sh603488,0,0,0
sz300318,0,0,0
sz002422,6920,10324,541
sz002331,0,0,0
sh600183,7746,9299,0
sz002029,0,0,0
sz000910,1000,3483,0
sh600636,0,793,0
sz300740,21654,24382,1741
sz002828,0,0,0
sh603025,0,380,0
sz300615,0,0,0
sz300628,86,873,0
sz002287,3278,503,0
sh600062,3352,1224,0
sh603601,0,0,0
sz002788,0,0,0
sh603177,0,759,0
sz002089,9622,7229,0
sz002595,0,0,0
sh600890,1500,2150,0
sz300324,2366,3560,0
sh600063,0,3000,0
sh603117,0,0,0
sh603909,0,0,0
sz300130,637,0,0
sh601018,11073,13591,0
sh601086,3678,17649,1159
sz000858,122014,93760,13354
sz002210,0,2773,0
sh603633,0,0,0
sz002883,0,882,228
sz300709,0,0,0
sz002095,2817,3619,0
sz000089,0,0,0
sz300439,0,0,0
sz300514,0,1139,0
sz002320,3478,7711,0
sh600755,4109,18566,0
sz002386,2035,4271,0
sz002714,1575,425,0
sz300347,1331,1221,307
sh600192,7765,51851,0
sz300664,0,4878,0
sz002885,0,500,0
sh603258,0,0,0
sh600285,1218,0,0
sz002314,0,0,0
sh603288,5854,1666,0
sh600613,0,0,0
sz300152,0,11102,0
sh603386,0,0,0
sh600655,0,1489,0
sh601369,0,1738,0
sz002778,0,0,0
sh601888,5957,8865,0
sz002084,0,0,0
sz300732,729,1790,546
sz000932,11918,78754,1154
sz000968,0,0,0
sz300126,2275,2057,0
sh600776,0,0,0
sh603738,0,0,0
sh600278,0,1005,0
sh603289,0,1876,0
sh603799,66377,70144,17139
sh600639,0,0,0
sh600521,1496,1756,0
sh600497,10520,37421,0
sh603580,0,0,0
sz000014,0,0,0
sh603848,0,0,0
sz300596,0,0,0
sh601137,1210,0,0
sh601519,2943,0,0
sz002544,0,2389,0
sh600123,1564,0,0
sh600633,0,7801,0
sz300379,0,1853,0
sz000989,1354,4282,0
sz300288,984,878,0
sz002346,0,0,0
sz002449,704,3876,0
sh600884,18410,16206,1852
sz002610,39792,20194,0
sz000670,0,2065,0
sz300499,0,0,0
sh603233,0,0,0
sh600535,6636,852,0
sh600675,0,0,0
sh600083,580,0,0
sz002202,91721,60153,1814
sz000623,1055,7921,0
sz300115,23865,32715,1088
sz002486,0,0,0
sz002201,1294,1469,0
sh600703,32338,35328,1708
sz000966,2987,0,0
sz000715,0,0,0
sh603333,0,0,0
sz300073,2560,7731,2182
sz300120,1023,3888,3386
sz002160,0,0,0
sh603299,984,0,0
sz002667,0,0,0
sh600209,0,3743,0
sz002929,16016,24497,7896
sz002621,0,0,0
sz000078,3942,17419,0
sh603701,0,0,0
sz002269,0,0,0
sz002620,2000,0,0
sz002725,0,0,0
sz000899,0,0,0
sh601128,5525,21894,0
sh603260,3103,4424,503
sz000659,0,2922,0
sz300377,79688,54017,5596
sh603895,11557,3442,0
sh603605,395,0,0
sh603444,0,322,70
sh600757,0,2100,0
sh601003,0,11200,0
sz002559,0,0,0
sh603555,6106,508,0
sh603232,0,0,0
sh600862,0,0,0
sz000883,9952,0,0
sh600114,0,0,0
sz300078,5793,7774,0
sz300305,0,0,0
sz002865,0,600,0
sh600161,522,400,0
sz300681,248,232,0
sz000066,1655,19670,0
sh603685,368,0,0
sz002174,955,5163,0
sz300716,0,587,0
sz002537,35496,14812,0
sz002602,0,0,0
sz300566,474,1844,0
sz002278,1040,0,0
sz300649,2413,1757,318
sh600028,130188,141661,0
sz002409,6189,33502,3688
sz002299,2339,1715,0
sh600560,0,0,0
sh601212,1728,12579,0
sz002522,1585,0,0
sh600488,0,0,0
sz000955,2163,27569,0
sz002253,0,0,0
sz002154,0,0,0
sh600180,0,1280,0
sh600532,0,0,0
sz002249,18756,26755,2005
sz300508,0,0,0
sz300108,0,0,0
sh600885,230,0,0
sh601881,8708,22307,1004
sz300602,1263,1507,0
sh601558,0,0,0
sz000498,0,0,0
sh601689,0,0,0
sh600184,0,0,0
sz002275,0,0,0
sh600459,631,968,0
sz000877,14642,20920,0
sz002821,768,979,0
sz300024,1840,12370,0
sz000861,0,0,0
sz300329,0,0,0
sz000673,8467,3905,0
sh600764,888,0,0
sh600371,0,0,0
sz000885,2222,6207,857
sz300498,10499,22602,0
sh600191,0,0,0
sh600855,948,1512,0
sh600477,4430,3007,0
sz002106,0,0,0
sh601188,4786,8087,0
sh600052,0,0,0
sz000620,0,0,0
sz300265,0,0,0
sz002679,1931,2305,0
sh600111,82908,116492,1624
sz000791,74681,40610,7739
sz300150,0,0,0
sh600869,2399,2219,0
sh600834,0,0,0
sh601166,72830,66583,0
sh600377,0,0,0
sz300066,3134,20639,0
sh600770,3161,14062,0
sh600207,60996,42667,4158
sz002406,0,3552,0
sz002796,0,0,0
sz000596,1231,400,0
sh600696,0,0,0
sh600391,7982,1313,0
sh603899,0,910,0
sz002217,4736,9558,0
sz300144,2274,3376,0
sh600594,0,0,1120
sz002418,3634,4000,0
sh600315,1543,500,0
sz002558,579,1086,0
sh603689,0,0,0
sh600986,956,0,0
sz002008,11359,22928,1392
sh603336,1800,0,0
sh601360,23803,34971,4001
sz002689,0,0,0
sz300062,0,0,0
sz300385,0,0,0
sh603180,177,248,0
sz002197,0,0,0
sz000568,18624,9373,611
sz300419,0,0,0
sz000582,0,0,0
sz300612,5478,3918,524
sz000541,0,0,0
sh600903,54767,67158,9134
sz300437,0,671,0
sh603856,0,870,0
sz000543,50043,18276,0
sz000636,45471,82512,1852
sz002235,51889,70530,0
sh600556,0,0,0
sh600552,16139,1740,0
sh600345,0,374,0
sz300206,0,0,0
sz002658,0,0,0
sh600379,0,1389,0
sz002238,0,0,0
sz000875,21998,0,0
sz300316,76809,45239,6142
sz300466,0,974,0
sz000668,0,0,0
sh600373,2286,6629,0
sh600660,7023,7312,521
sh603517,0,0,0
sh600479,0,968,0
sh601601,45003,18750,886
sz002241,24447,38556,0
sz300651,0,0,0
sh603126,22814,55824,0
sz300415,0,664,0
sh600322,0,1683,0
sz000985,0,0,0
sh603331,0,1201,0
sh600153,1930,2309,0
sz002403,0,1000,0
sz002835,0,0,0
sz002900,0,0,0
sh600091,0,0,0
sh600895,1962,6414,0
sh600436,5106,5395,235
sz300477,29039,38594,4689
sh601616,0,0,0
sz002872,0,0,0
sh600066,4249,2939,0
sh600708,2379,3272,0
sh603991,0,0,0
sh600863,4000,0,0
sz300555,0,0,0
sh603683,0,2044,0
sz002597,2026,6647,404
sz000807,27131,57596,1309
sz002273,4085,9961,1164
sz000926,0,0,0
sh603888,439,0,0
sz002923,681,2598,278
sz002471,0,0,0
sz300237,0,2003,5002
sh600429,0,0,0
sz300397,783,588,0
sh603883,1489,569,0
sz002036,1569,4979,0
sz300633,526,0,0
sh600170,11636,6827,0
sz300079,0,6904,0
sh600273,0,0,0
sz002511,0,1160,0
sz000826,3286,3655,0
sz002761,0,0,0
sz002037,0,0,0
sz002180,0,1090,0
sz000835,0,1401,0
sh603813,0,417,0
sz300715,1746,1901,0
sh603663,0,0,0
sz000806,4888,23287,0
sz002576,0,1000,0
sz002033,0,1864,0
sh600680,0,0,0
sh601886,0,0,0
sh600687,906,0,0
sz002391,0,0,0
sh601198,942,0,0
sz002135,0,0,0
sz300453,0,0,0
sh601628,2916,6502,1259
sz300729,0,0,0
sz300517,0,0,0
sh600386,0,2214,0
sh600665,0,0,0
sh603717,0,1208,0
sh600158,5018,9141,0
sz300672,5530,2875,524
sh603228,0,0,0
sh603018,452,401,0
sh600523,3651,2603,0
sz002158,1581,1294,0
sz300584,0,0,0
sz000504,0,0,0
sz300382,1089,0,0
sh600896,0,0,0
sh600808,12271,39645,0
sh600773,976,0,0
sz300262,0,2000,0
sh600406,2763,8421,0
sh601989,119996,113233,0
sz300098,832,1177,0
sh601878,0,5549,0
sz300035,0,0,0
sz300565,0,0,0
sh603001,770,1750,0
sh600126,0,0,0
sh600678,0,0,0
sz000681,7861,5429,447
sz000544,0,0,0
sz002317,0,1215,0
sz300660,0,0,0
sz300137,4902,3629,564
sh603737,153,0,0
sh601766,46871,49218,0
sh600055,0,5306,0
sz300026,6698,9873,0
sz300164,0,0,0
sh600198,5596,9627,0
sh600739,0,0,0
sz300500,1465,0,0
sz002091,3315,3554,0
sh603128,1500,1467,0
sh600368,0,0,0
sz300733,2855,6442,0
sz002028,4194,11891,0
sz300193,0,0,0
sh600917,0,0,0
sh600381,0,0,0
sz300286,0,0,0
sh600196,42982,31384,979
sz002742,93731,39307,4999
sh600812,0,0,0
sz002476,0,2574,0
sh600598,2943,7581,0
sz300165,0,0,0
sh603339,0,0,0
sz300440,1585,3364,0
sh603516,4515,12187,898
sz000609,0,0,0
sh600635,13317,32332,0
sz002493,0,4509,0
sh600210,0,4271,0
sz000619,0,0,0
sh603676,890,752,0
sz002573,1117,4747,0
sh603355,0,0,0
sz300125,414,451,0
sz002132,0,0,0
sh600575,0,0,0
sz000928,0,11697,0
sh603178,0,0,0
sz300576,0,0,0
sz300719,0,0,0
sz000068,0,0,0
sh600782,40719,76991,0
sz002436,0,2308,0
sh603963,0,419,0
sz300417,0,0,0
sz000922,0,1618,0
sh601208,0,0,0
sh600748,0,4163,0
sh600217,0,0,0
sz002156,12466,4645,1943
sz000679,0,0,0
sz002811,611,0,0
sh601126,0,0,0
sz002533,0,0,0
sz300366,0,3722,0
sh603166,0,0,0
sh600080,0,0,0
sz002244,10725,1775,0
sh600078,0,0,0
sh600604,2199,0,0
sz300626,0,0,0
sh600894,0,0,0
sh601058,0,3124,0
sz000719,0,0,0
sz000518,0,0,0
sz000819,0,1141,0
sh600889,0,0,0
sz300442,0,0,0
sh603568,0,526,0
sh600139,3581,0,0
sz002774,0,0,0
sh601997,17068,48828,733
sh600908,4020,9274,0
sh603090,0,0,0
sz002839,105485,183717,20912
sh601021,0,372,0
sz000712,3438,3740,0
sz300042,0,0,0
sh600068,20930,20206,0
sz000933,20962,45900,0
sz002912,949,604,91
sz002190,700,0,0
sz300708,2222,8994,0
sh600376,0,2743,0
sz300384,622,0,0
sz002100,0,0,0
sz300404,0,779,0
sz300083,12321,17966,0
sz000521,0,0,0
sh600131,0,0,0
sz002817,0,0,0
sh600240,1532,0,0
sz002264,3096,0,0
sz300141,1219,0,0
sh603920,0,1120,0
sh600853,0,0,0
sh600802,0,0,0
sz300168,49382,31074,675
sh600026,1860,6329,0
sh603303,0,0,0
sz002508,4286,7757,281
sz000597,2376,0,0
sh603298,0,0,0
sz300107,2741,10759,0
sz002918,580,1302,629
sz300177,0,0,0
sz002858,0,377,0
sh600238,0,0,0
sh600133,0,0,0
sh600320,0,4503,0
sz002455,0,4266,0
sh603283,3445,6955,0
sh600312,0,4206,0
sh603329,1845,2487,434
sz300220,0,0,0
sz002842,307,0,0
sz000529,0,0,0
sh600624,2656,2032,0
sz002643,0,1774,0
sh603707,450,911,0
sz002549,0,0,0
sz300667,0,0,0
sz002248,3716,0,0
sh600171,9358,4165,0
sh600058,0,0,0
sh600023,20847,7770,0
sz300496,3217,3819,0
sh600743,0,7093,0
sh603787,0,0,0
sz300741,4513,7433,1010
sz300677,8177,4629,473
sh603660,300,3566,0
sz002723,0,0,0
sh600825,0,0,0
sz002840,0,0,0
sz300084,0,1896,0
sz300178,2098,784,0
sh603996,5276,0,0
sz300725,1005,1665,0
sz002225,0,0,0
sz002185,25852,12835,0
sh600053,733,0,0
sh603711,0,934,0
sz002223,1561,7542,0
sh600787,20420,8166,0
sh600175,5032,15107,0
sz300081,0,0,0
sh600661,0,0,0
sz002735,0,0,0
sz002284,1233,7887,0
sz002617,1715,2344,0
sh600766,0,1876,0
sh600502,3699,7344,0
sh600178,8111,2224,0
sz002051,744,823,0
sz300692,0,0,0
sz002361,0,0,0
sz002713,0,497,0
sz300472,0,0,0
sz000967,0,0,0
sh603308,0,0,0
sz002232,3305,5535,0
sh600845,5231,5821,761
sz002392,0,0,0
sh603890,0,700,0
sh603768,739,0,0
sh601688,28559,25308,805
sz002230,83697,130434,14135
sh603223,0,0,0
sz000004,0,0,2500
sz000096,0,0,0
sz300476,31522,39652,3850
sz300124,5768,4607,0
sh600818,1834,0,0
sz300523,715,1405,327
sh600159,0,0,0
sz002684,0,8798,0
sz300187,0,0,0
sh601600,415262,491074,0
sz300197,0,13112,0
sz000862,0,0,0
sh603181,0,0,0
sh600199,0,0,0
sz002433,5259,2001,0
sh601028,0,0,0
sz300352,7905,5655,0
sz002157,0,4887,0
sh600657,1955,0,0
sz002639,7124,0,0
sh600160,75844,87852,908
sz300696,0,0,0
sz300731,17567,9241,2446
sz300275,0,0,0
sh603027,0,0,0
sz300581,0,0,0
sz300106,4614,3453,0
sz300348,1183,591,0
sz002922,22479,28784,5697
sz300003,12198,9185,0
sz000889,845,0,0
sz002855,0,0,0
sh600057,1608,6908,0
sz300557,0,0,0
sz002107,0,0,0
sh600995,2848,3661,0
sz300698,0,1314,0
sh603833,0,0,0
sz002356,0,0,0
sz002690,0,1000,0
sz002267,0,0,0
sz002715,0,0,0
sz300484,676,709,0
sh601111,72490,61338,0
sz300610,0,0,0
sz000789,85333,85189,16199
sh600130,0,0,0
sz300326,0,0,0
sh600369,0,6131,0
sz002443,7723,1131,0
sh600033,0,0,0
sz002642,0,4585,0
sz300059,709808,504985,45797
sh603726,0,0,0
sz002470,5014,8924,1555
sz002534,0,0,0
sz300663,480,904,0
sz000920,0,0,0
sh601992,19717,142050,0
sz300100,961,1660,0
sh600674,2001,1500,0
sz000869,0,0,0
sh603866,0,0,0
sz300689,816,1910,0
sz000996,1349,7872,0
sz000898,23027,42988,0
sh603330,0,0,0
sh603229,0,0,0
sz300470,0,0,0
sz000538,4040,1321,150
sh603598,0,1081,0
sh600586,3430,3180,0
sh601226,0,0,0
sz300194,0,0,0
sz002224,0,0,0
sh600857,0,0,0
sz002218,0,2995,0
sh603585,0,0,0
sz002805,0,0,0
sz300192,0,1319,0
sz300142,3389,1705,0
sz002344,0,0,0
sz002616,0,0,0
sh603020,0,0,0
sz000502,0,0,0
sz000733,0,2988,0
sh601939,181839,154451,0
sz300718,0,738,0
sz002758,0,0,0
sh601377,5176,22989,0
sz300562,0,1354,0
sh600030,153794,150400,903
sh603009,0,1110,0
sh600011,5635,1742,0
sh600166,19000,25086,0
sh603808,0,0,0
sh603709,5708,2479,494
sh601588,0,0,0
sz002531,3337,2234,0
sz300247,12204,0,0
sh600009,713,0,0
sh600100,9642,22636,0
sz002304,3270,2750,0
sh600094,0,2680,0
sh600396,0,0,0
sh603189,0,0,0
sz002657,589,1145,0
sz002685,0,1097,0
sh603031,0,0,0
sz002066,7260,16429,0
sz002385,3470,11880,0
sz002518,0,0,0
sz300357,362,0,0
sh600370,0,0,0
sz300412,0,0,0
sh600976,0,0,0
sh603886,0,0,0
sh600252,2942,8900,0
sz300451,1633,4320,0
sh600815,0,0,0
sz002071,1468,8187,0
sz300618,3698,5022,658
sh600516,89838,163821,14329
sz300402,0,0,0
sz000687,9848,13992,0
sh600759,0,17196,0
sh600796,0,0,0
sh600195,1018,931,0
sh600216,5385,14993,0
sz002231,0,0,0
sz000970,63167,51044,0
sz300430,0,0,0
sh600098,5000,0,0
sz002222,1466,9619,0
sz300293,0,0,0
sh600996,0,4921,0
sh600736,1641,2959,0
sz002474,0,0,0
sz002428,29902,23712,0
sz000559,3831,1569,0
sz002693,0,0,0
sz002058,0,0,0
sz300712,0,0,0
sh600897,0,0,0
sh600307,9235,21051,0
sz300589,0,0,0
sz002915,1329,5558,1125
sz300526,0,0,0
sh601801,0,8783,0
sz300354,0,0,0
sz002112,0,0,0
sz000818,837,857,0
sh603828,0,0,0
sh601880,67172,14735,0
sz002803,0,0,0
sh603179,0,0,0
sz002820,0,0,0
sz300299,0,2480,0
sz300096,6188,2236,0
sz002438,0,0,0
sz300149,0,0,0
sz300121,0,1580,0
sh600858,0,0,0
sz002512,57171,25147,3939
sh600470,0,5000,0
sh600311,0,0,0
sh603860,0,0,0
sz000550,0,1000,0
sh603089,0,0,0
sz300603,0,452,315
sz000635,0,0,0
sh600643,5302,21040,0
sz002390,0,4182,0
sz002166,0,0,0
sz002003,0,0,0
sh600271,5072,14801,0
sz002292,0,3359,0
sh603286,0,0,545
sh600143,5945,10833,0
sz300037,1057,2977,0
sz300575,0,0,0
sh600723,0,0,0
sh603826,0,0,0
sh600667,5269,6110,0
sh601200,2076,0,0
sh600769,0,0,0
sh603566,0,0,0
sh603916,703,988,0
sz002142,4183,12610,0
sz300289,0,0,0
sh600800,0,0,0
sz000957,62247,21983,957
sz300189,0,3025,0
sz002004,5364,14584,0
sz300535,0,0,0
sh600363,8940,2769,0
sz000070,1537,0,0
sz300074,0,0,0
sz000417,5058,0,0
sz002285,12398,38295,0
sz300639,256,455,0
sz001979,31464,22980,1123
sh600095,4866,4673,0
sz002295,0,0,0
sz002255,0,0,0
sz002766,752,1736,0
sz300552,732,0,0
sh600323,0,0,0
sz002712,0,0,0
sz002458,1868,0,0
sz300483,0,0,0
sz300319,0,0,0
sz300620,0,282,0
sh600980,0,0,0
sh600663,0,0,0
sh603023,0,0,0
sz000990,0,954,0
sz000043,0,0,0
sh600115,46587,80953,0
sh603133,0,0,0
sz002591,0,0,0
sz002119,0,851,0
sz300465,4332,1442,0
sz000692,0,0,0
sz002565,0,0,0
sh601228,1734,0,0
sz000150,0,0,0
sh600498,1427,1688,0
sz300738,3273,4979,0
sz000683,4428,4499,0
sz300256,0,10834,0
sz002513,0,0,0
sz300041,0,0,1201
sh601038,0,0,0
sh601088,30792,30008,450
sz002847,1740,851,0
sh600898,0,2701,0
sh603970,0,570,0
sh600645,3370,5749,0
sz002909,0,0,0
sz300033,1569,3685,0
sz002782,0,0,0
sz002769,12350,26562,3703
sz000060,12181,42399,0
sh600109,1500,15440,0
sh600331,0,0,0
sh600854,0,0,0
sh603380,0,0,0
sz000958,0,0,0
sh600243,0,0,0
sz000048,0,0,0
sz002898,0,0,0
sh600093,29730,17986,1869
sh603368,0,0,0
sz002162,0,4304,0
sz300452,0,0,0
sz002747,0,951,0
sh603979,0,1310,0
sh603730,0,0,0
sz002280,12055,41146,0
sz000738,28208,30288,743
sh603766,4321,14011,0
sz300155,17334,2427,0
sh600284,0,2955,0
sz000028,598,0,0
sz002873,0,0,0
sz002136,0,947,1230
sz300204,0,0,0
sh600438,11930,19146,0
sz000931,0,3601,0
sh603758,2188,900,0
sz002186,0,0,0
sz002756,0,0,0
sz300170,43201,24618,1026
sz300474,687,632,0
sz300591,0,0,0
sh600550,0,3495,0
sz000338,51570,18996,0
sh600499,15913,44950,1504
sz002126,1345,0,0
sh601179,0,0,0
sz002719,0,0,0
sz300076,0,0,0
sz002396,3815,5073,442
sz002420,0,0,0
sz300011,0,0,0
sz002087,2000,0,0
sh600233,0,0,0
sz002387,8834,0,0
sz002459,0,0,0
sz000829,0,1401,0
sz300373,900,891,0
sz002815,712,420,0
sz300099,37584,75523,3153
sz300167,0,1264,0
sz300048,0,0,0
sz002878,0,278,0
sz300445,0,0,0
sz300495,947,0,0
sz002419,4321,3801,565
sz000718,0,26693,0
sh601011,5626,13202,0
sz000690,1886,13014,0
sh600887,173651,129256,6007
sz000507,2308,7349,0
sz002333,0,0,0
sz300461,0,0,0
sh600758,0,0,0
sh603879,0,0,0
sz300248,0,935,0
sz002050,3639,5220,0
sh600562,1100,0,0
sh600265,0,0,0
sz002730,0,0,0
sz000591,0,0,0
sz002879,1062,3241,1470
sh603559,9962,7412,326
sh601799,0,0,0
sh601107,0,2706,0
sz000671,27158,31348,0
sz002539,0,0,0
sz300006,3540,4357,0
sz002746,0,748,0
sh600463,0,0,0
sz300644,0,1800,367
sz300505,0,0,0
sh601099,100936,154238,0
sz002779,0,0,0
sh600508,1718,0,0
sz000637,0,0,0
sz002460,74550,70617,14552
sz002838,0,0,0
sz002294,332,0,0
sz002863,16425,13853,707
sh603688,1369,2925,0
sz300573,0,0,0
sz300082,0,0,0
sh601199,0,0,0
sh600901,160869,251376,6253
sz002262,0,2983,0
sz300102,0,8887,0
sh600785,0,0,0
sz002110,5800,15288,0
sz002382,605,4188,0
sz300570,0,0,0
sz000959,0,0,0
sz000058,0,1597,0
sz300001,0,3500,0
sh603357,0,0,0
sh603901,0,1329,0
sh600881,0,0,0
sh600983,0,0,0
sh600475,0,1836,0
sz002606,9688,31121,0
sz000526,0,0,0
sh603040,0,277,0
sz000721,0,0,0
sz300101,0,0,0
sz000755,3434,0,0
sh600509,0,0,0
sz002626,2030,8795,0
sz300114,0,0,0
sh600202,4568,2891,0
sh603699,0,0,0
sz000949,0,0,0
sh603906,0,0,0
sz000570,0,0,0
sh600716,2116,24925,0
sh603825,463,0,0
sz002570,5000,10130,0
sh600530,0,2000,0
sz000758,4538,13509,0
sz000667,0,3459,0
sh600201,0,6153,0
sh600387,3044,0,0
sz300488,0,0,0
sz300018,0,0,2002
sz300195,0,0,0
sz002181,0,0,0
sz300739,1779,3015,376
sh600519,22486,15476,3457
sz000792,41453,30035,3074
sz002634,0,0,0
sz002328,0,0,0
sh600768,0,0,0
sz300697,0,502,0
sh600988,2355,17165,0
sh600546,7766,0,0
sz300713,329,0,0
sz002694,82210,161742,879
sh600580,3283,3785,0
sz300374,0,2268,0
sz300388,0,0,0
sz000830,98678,121967,15049
sz002243,0,0,0
sz002023,14267,15132,0
sz002718,250,0,0
sz000601,0,0,0
sh600505,0,0,0
sz002405,22526,38511,1626
sh601225,40718,63197,1309
sz002473,0,0,0
sz300547,0,200,0
sh601106,0,0,0
sz300258,800,0,0
sz300332,0,0,0
sz300267,0,11983,0
sz300486,0,0,0
sz002881,0,2173,0
sz300009,3055,4351,0
sh603059,2365,5103,880
sh600333,0,2294,0
sz300046,0,0,0
sz002910,0,0,0
sz000061,0,0,0
sz000652,22498,11534,0
sz002026,0,4735,0
sz000988,2803,11510,0
sh603079,0,0,0
sh603630,0,0,0
sz000571,2247,0,0
sz002724,0,0,0
sz002131,7864,36271,0
sh600673,22299,7458,0
sz002691,0,896,0
sz000978,0,0,0
sz300558,1589,688,0
sz000403,1770,0,0
sh603085,0,0,0
sh601231,0,3451,0
sz300607,0,200,0
sh603226,0,0,0
sh600428,0,0,0
sz002397,0,0,0
sz002329,0,9086,0
sz300135,0,4013,0
sh600008,36126,35179,0
sz300211,0,0,0
sh603871,1812,4477,1269
sz000809,0,0,0
sh600113,0,0,0
sh603533,4917,6082,0
sz002510,3584,1991,4448
sh601928,0,5234,0
sz002928,18283,31256,4619
sz002298,0,0,0
sz002795,0,1084,0
sz002897,463,325,0
sz300087,0,0,0
sz000419,0,0,0
sz002444,918,0,1129
sh600425,0,3468,0
sz000895,5086,3284,0
sz000408,607,2463,0
sz000795,235446,180721,0
sz300027,26954,23022,1876
sz300263,0,2000,0
sh600850,0,0,0
sz002276,2591,4331,0
sz002408,3809,975,0
sh600193,0,0,0
sz000536,0,3000,0
sz000407,0,0,0
sz300527,0,0,0
sz002038,4412,709,0
sh603778,3654,13882,0
sz300259,0,0,0
sz002096,0,0,0
sz002669,0,0,0
sz002635,3008,10472,577
sh600545,0,1145,0
sz300058,28594,53524,0
sz000416,0,0,0
sz300446,0,0,0
sh600754,4788,2893,0
sz300362,0,0,0
sz300611,0,0,0
sz002434,0,0,0
sh603360,0,0,0
sh600182,0,2007,0
sz002783,0,0,0
sz300654,630,0,0
sh600522,38557,105228,0
sh603077,5000,5000,0
sz000514,0,3840,0
sz300040,0,0,0
sh603809,0,0,0
sz002353,737,2481,0
sz000709,42179,65789,0
sz002001,33205,60434,2786
sh600642,0,2403,0
sh600714,0,0,0
sz300673,0,283,0
sh600981,0,0,0
sh603388,0,0,0
sz000677,0,0,0
sh600491,14286,3104,0
sh600527,0,8502,0
sz002236,30705,37766,1990
sz002097,0,2902,0
sz300051,3181,4805,0
sz300436,0,0,0
sz002288,5537,3047,0
sz002722,3863,596,0
sz000700,0,0,0
sz002291,0,0,0
sz002111,0,0,0
sh603698,0,0,0
sh600149,0,1350,0
sh603588,0,2436,0
sz300522,782,0,0
sz000868,57076,23390,1878
sz002640,7729,6076,0
sh600054,0,0,0
sz300252,0,0,0
sz000551,0,0,0
sz300621,0,0,0
sz002891,0,710,0
sh600096,1479,1973,0
sh601607,0,3354,0
sz002791,0,0,0
sz000729,4677,1597,0
sz300030,0,0,0
sz300701,0,0,0
sh600235,0,0,0
sz002920,4362,9721,888
sz000732,23971,36690,1935
sh600805,0,0,0
sz300420,0,3407,0
sh603319,0,351,0
sz002296,0,4624,0
sz000008,0,8063,0
sh600761,0,3645,0
sz000557,0,3156,0
sz002129,268121,192629,15619
sz002006,0,2893,0
sz300537,0,0,0
sh603086,0,0,0
sh601566,653,786,0
sz000839,20424,61127,0
sh601999,0,0,0
sh600348,83864,58612,4527
sh600827,1000,916,0
sz300333,0,0,0
sh600860,0,0,0
sz300302,1594,4470,0
sz300335,0,705,0
sh603936,0,0,0
sh600291,17252,6894,866
sz300057,0,0,0
sz002454,2214,0,0
sh600732,0,4700,0
sh600707,1170,0,0
sh603536,0,0,0
sz000553,1000,0,0
sz300703,0,0,0
sz000948,4320,14285,0
sz300548,0,267,0
sz002733,4149,15623,0
sz300463,450,500,0
sh600718,1881,4094,0
sh600352,38988,82983,2006
sz002431,26480,13680,0
sh603365,502,431,0
sh600783,1298,2307,0
sh600691,37343,32920,0
sz000750,0,17321,0
sz300492,460,325,0
sz300145,3232,0,0
sz002448,0,1338,0
sz300515,0,0,0
sz000523,0,0,0
sh600375,0,0,0
sz002155,0,1213,0
sh600828,2000,4121,0
sz300202,0,576,0
sz002543,0,0,0
sz300530,0,0,0
sh603011,0,0,0
sz300427,0,0,0
sz300072,1826,6327,0
sz002468,0,0,0
sh601599,4707,11824,0
sz002351,0,0,0
sz300320,0,0,0
sh600609,0,0,0
sh601958,21394,9369,0
sz300151,0,0,0
sz300148,5503,22027,0
sh600118,4966,3883,0
sh600127,0,0,0
sz002497,72626,50601,1666
sh600279,0,0,0
sh600215,0,1013,0
sz000708,0,0,0
sz000010,4763,0,0
sz002022,1173,2772,0
sh603118,2000,1445,0
sh603358,0,0,0
sh600689,1253,0,0
sz002482,0,0,0
sh600961,0,0,0
sh600984,7000,0,0
sz300479,599,0,539
sz300478,1720,3817,2001
sz000042,0,800,0
sh600719,0,0,0
sz300493,0,0,0
sh600803,0,10426,0
sz300559,0,556,0
sz002633,2971,1632,0
sz002046,0,0,0
sz002081,4857,11718,0
sh601218,0,0,0
sz002164,0,0,0
sh600039,0,5630,0
sh600251,0,0,0
sh600664,2433,15957,0
sz000828,0,0,0
sz002021,4239,4342,0
sz002487,0,0,0
sz000695,0,0,0
sh600487,13066,23744,0
sz000856,2807,3118,539
sz300092,0,0,0
sh600936,9333,1953,4704
sz300556,8628,6577,426
sh600138,5039,1048,0
sz002115,0,1235,0
sh603595,1642,812,0
sh600823,5641,14875,0
sz000815,0,3928,0
sz300605,0,0,0
sh600540,0,0,0
sh600070,0,0,0
sh600597,2464,0,0
sh600728,262675,249388,10332
sz002785,0,0,0
sh601788,1792,2203,0
sh601368,0,0,0
sz300597,0,0,0
sh603016,0,1090,0
sz002283,0,0,0
sz300229,0,0,0
sh603985,0,0,0
sz000686,0,3197,0
sh600405,62670,59944,0
sz002797,28863,46114,0
sz002178,26449,19621,0
sz002196,0,0,0
sh600608,0,0,0
sz300406,5141,713,0
sz002325,2126,2466,0
sz000976,0,0,0
sh603556,0,0,0
sh603161,0,951,0
sz300014,9906,13877,545
sz002659,0,0,0
sh600280,1202,0,0
sh600297,0,3300,0
sz000822,0,0,0
sh600162,3411,9345,0
sh603703,0,0,0
sh603806,0,0,0
sz002140,0,1280,0
sz300273,0,5269,0
sz002319,0,0,0
sz002192,2700,1207,0
sz000759,0,0,0
sh600588,135986,146067,8599
sh600756,738,1857,0
sz300727,3890,4307,436
sz000610,0,0,0
sz002125,1108,2816,0
sz000890,0,6669,0
sz002864,0,0,0
sh601666,21165,17457,0
sh600790,7664,17199,0
sz002069,0,3331,0
sz002211,0,1651,0
sh600816,1233,1000,0
sh601838,39981,68064,966
sh603686,0,0,0
sz000735,37868,27278,0
sh600258,4691,8207,0
sh601857,52979,70100,0
sh601567,0,1118,0
sz002528,0,0,0
sh601699,143913,68322,1540
sh600328,0,5265,0
sz002414,0,0,0
sz000852,1481,0,0
sz002472,9298,5689,0
sh603609,0,0,0
sz000510,0,1494,0
sz000915,936,3986,0
sh603677,1444,0,0
sz300122,4372,1850,404
sh600061,0,866,0
sh603266,0,0,0
sh601908,0,0,0
sz000532,14190,7690,0
sh603722,0,0,380
sh601108,11989,22991,0
sh600299,0,3045,0
sz002600,2770,14740,0
sh600409,5799,19940,0
sz002229,12579,17520,894
sh603615,0,0,0
sh600353,0,0,0
sh600146,9360,4428,0
sz300497,480,295,0
sz002369,11754,10496,0
sh600105,0,13492,0
sz000710,557,0,0
sz300668,0,486,0
sz300710,0,0,0
sh603063,0,0,0
sz002781,0,0,0
sz000400,0,2248,0
sh600234,0,0,0
sz300284,0,0,0
sh600282,50011,60284,0
sz002393,0,0,0
sz000429,0,0,0
sz000638,0,0,0
sh600602,7085,0,0
sz002572,684,1405,0
sh603300,0,1458,0
sh603026,0,556,0
sz002789,0,0,0
sz000584,0,1568,0
sz300686,0,0,0
sh603987,0,0,0
sh600836,0,0,0
sh600547,7755,17578,1240
sh603367,18925,8785,1402
sz000505,0,1223,0
sz000655,0,2000,0
sz300034,1013,0,0
sz002214,0,0,0
sz300110,69886,97148,0
sh600452,0,0,0
sh603050,0,536,0
sz000030,0,0,0
sz000166,5553,5801,0
sz000411,791,0,0
sz002810,0,0,0
sz000756,0,0,0
sh600593,0,0,0
sh601311,1520,1307,0
sh600246,0,7583,0
sz000702,0,0,0
sh603188,0,2474,0
sh601718,53562,6397,0
sz002360,0,0,0
sz002189,7842,4316,1348
sz002383,2332,1989,0
sh603186,0,0,0
sz002911,414,2908,0
sh600705,17891,12086,0
sh601211,2022,8271,0
sz000402,1340,22481,0
sh601398,461764,320014,0
sh600287,0,0,0
sh600444,0,0,0
sz002641,0,0,0
sh600551,0,0,0
sh600792,0,0,0
sh603416,350,0,0
sz000016,4075,2003,0
sz300608,0,0,0
sz300394,0,0,0
sz002307,3099,10553,0
sh600738,0,0,0
sz000688,0,2326,0
sz002670,775,0,0
sh600533,0,11336,0
sh600303,1911,6129,0
sh603200,0,0,0
sz000404,0,6984,0
sh603818,0,0,0
sz300542,998,323,0
sh603167,0,0,0
sz300016,0,2046,0
sz300627,725,0,0
sz300050,0,0,0
sh600861,0,0,0
sh600027,9405,3010,0
sz000039,6430,25820,0
sz002272,0,0,0
sz000088,0,2000,0
sz000752,0,0,0
sh603938,0,2220,0
sz300277,990,3649,0
sz300395,0,0,0
sz002841,133,0,0
sh600433,34358,4561,0
sz002200,0,0,0
sz300216,95547,48665,5368
sz000501,0,0,0
sz002318,0,3784,0
sz000333,66863,56487,2788
sz002039,0,0,0
sz300623,949,0,0
sh600340,26337,32083,553
sz000923,1707,0,0
sz002411,15102,1660,651
sh600592,0,0,0
sh600838,0,1147,0
sz300378,1568,666,0
sh600460,150811,141680,3069
sz300393,9003,2416,345
sz300300,36647,30009,1170
sh601818,106072,53012,0
sz000005,0,0,0
sz300303,0,3725,0
sz002823,0,0,0
sz300031,1427,0,0
sh600480,1519,966,0
sz300029,0,0,0
sh601968,0,0,0
sh600649,0,8106,0
sh600208,74423,46118,0
sz000428,0,3405,0
sz002861,0,2366,0
sz000611,0,0,0
sz000563,0,8741,0
sh600435,7595,10894,0
sz000561,0,0,0
sh603268,0,0,0
sz300271,6473,4133,0
sh601918,14799,3439,0
sh603399,8228,4094,0
sz300550,0,0,0
sh603113,0,0,0
sz300685,356,439,0
sz000888,0,1800,0
sh600587,0,0,0
sh603518,0,0,0
sh600804,14703,31738,2726
sz002083,0,0,0
sz000760,0,0,0
sz002221,2000,8247,0
sz300416,0,599,0
sz002297,0,4692,0
sz300209,0,0,0
sz002637,0,0,0
sz000055,7669,1500,0
sz300214,0,0,0
sz300468,318,3671,280
sh603959,0,1401,0
sh603356,20373,18268,2224
sh603811,0,0,0
sh600289,0,0,0
sh601518,0,0,0
sh601700,437777,121774,0
sz002732,0,925,0
sh603111,860,4325,0
sz002767,0,0,0
sz000893,1866,1893,0
sz000418,633,1173,0
sz300321,0,0,0
sz000707,0,0,0
sh603002,0,0,0
sh603007,0,0,0
sh600536,7172,5462,0
sz000409,0,0,0
sz002628,0,1660,0
sh600035,0,0,0
sh603019,61730,66135,9540
sz002686,0,0,0
sz300609,0,617,0
sh601015,1291,0,0
sh600623,23546,9709,0
sh600360,1937,2010,0
sh603269,1701,0,0
sz300539,0,0,0
sz002203,0,1279,0
sz002446,0,0,0
sh600717,0,0,0
sh600637,1362,2173,0
sz300297,2408,0,0
sz002338,0,0,0
sz002177,0,0,0
sh600037,4330,6442,0
sz300063,0,1871,0
sh600501,0,42904,0
sh603988,369,0,0
sh600288,0,2000,0
sh600010,120892,239498,0
sz300236,8819,4838,0
sz002118,1737,2076,0
sh600599,0,0,0
sz002261,5931,6827,0
sz000413,22679,45326,0
sz000665,6461,25389,972
sz002921,813,715,716
sz002313,966,2785,0
sh600871,0,14126,0
sh603238,0,0,0
sz002748,0,0,0
sh603008,0,0,0
sh600690,148272,96862,871
sh601366,1031,7371,0
sz002326,2353,12357,0
sh600662,4157,0,0
sz002024,117785,66907,954
sz002550,2008,0,0
sz000726,0,1000,0
sh603015,0,0,0
sz000158,0,0,0
sz000090,0,1317,0
sz000558,20690,24660,0
sz000633,0,0,0
sh600843,0,0,0
sh600325,7738,35281,0
sz002057,0,1379,0
sz300340,1367,3085,540
sh600456,0,909,0
sh603127,0,0,0
sh600298,5927,2080,0
sz002736,4748,3815,0
sh600476,742,0,0
sh600101,2633,0,0
sh600611,0,0,0
sz002379,5444,0,0
sz300294,677,0,0
sz002347,0,0,0
sz002663,0,10942,0
sz002308,2110,1251,0
sz300085,9222,7149,0
sz002323,2000,3711,0
sz002048,0,529,0
sh600559,3070,1584,0
sz002762,0,0,0
sh600116,0,0,0
sh600380,6340,19704,0
sz000782,0,4706,0
sh603880,500,0,0
sh603227,0,4800,0
sz000573,0,0,0
sz300380,0,0,0
sz000801,10612,0,0
sh600549,25060,36835,1378
sh603976,0,0,0
sh603668,0,0,0
sh600172,9552,32201,1796
sz300184,0,0,0
sz002145,3728,2358,0
sh600318,0,0,0
sz002061,0,1777,0
sh603917,0,1059,0
sz300707,9863,6621,1141
sh600724,0,0,0
sz002251,6071,4082,0
sz002697,4787,0,0
sh600993,0,1000,0
sh600121,0,4920,0
sh600152,0,0,0
sz300587,0,0,0
sh600571,0,3327,0
sh601872,0,3002,0
sh603993,1290674,938035,58623
sh603767,0,0,0
sz300162,0,0,0
sz002258,0,6382,0
sh600517,0,0,0
sz002380,693,1753,0
sz002479,13649,4502,0
sz000576,36910,2108,2093
sz300301,0,0,0
sz300358,0,0,0
sz002306,0,0,0
sz002535,0,17894,0
sz002703,0,0,0
sz000925,0,0,0
sh603043,0,0,0
sz000971,0,1472,0
sz300588,0,413,0
sh600099,4000,1266,0
sz000701,2000,0,0
sh600747,0,0,0
sz002117,5424,2277,0
sz002343,813,1161,0
sz300239,0,0,0
sz300077,8956,18861,0
sh600359,0,1815,0
sz002120,247,600,0
sz000517,5002,36360,0
sz000981,6000,0,0
sh603306,0,0,0
sh603199,0,0,0
sz002480,0,0,0
sz300308,774,0,0
sh600779,3848,2998,0
sh600681,0,0,0
sz000937,4432,3180,0
sz000911,0,0,0
sh603661,0,619,0
sz002517,16006,13164,810
sz002696,0,0,0
sz002648,616,4212,0
sz000530,16580,13342,0
sh603060,0,0,0
sh600879,10649,6770,0
sz300052,5223,1405,1585
sh603579,0,655,0
sz300699,1439,5253,329
sz300061,3245,2631,0
sz300438,0,0,0
sz002191,0,2900,0
sz000897,0,0,0
sz002199,0,0,0
sz002530,854,0,0
sz300210,0,0,0
sz002341,14160,6107,1167
sz300276,915,0,0
sz300208,0,0,0
sz002646,800,0,0
sh600654,5603,17909,0
sh603803,780,0,0
sz002228,4000,11704,0
sz000025,5109,6265,1442
sh601677,0,0,0
sz300485,1043,1557,0
sz300447,0,0,0
sh603869,0,0,0
sz002153,1230,7784,0
sz300232,1465,8270,0
sh603168,0,0,0
sz300080,0,0,0
sz002374,5000,4000,0
sz000913,0,0,0
sz000929,0,0,0
sz300532,0,3683,0
sh600821,0,0,0
sh601139,0,0,0
sz000531,0,0,0
sh600826,0,0,0
sz300217,0,6786,0
sz002108,2679,4897,0
sh603010,0,0,0
sz000997,3092,1855,0
sh600112,9860,0,0
sz300123,1913,0,0
sz002170,0,0,0
sz000626,1146,4766,0
sh603589,4472,1736,0
sh603527,0,0,0
sz002407,0,5962,0
sh601288,1014572,1256592,0
sh600478,0,1822,0
sz002035,563,4932,0
sz002290,0,0,0
sh603658,0,0,0
sh603859,0,0,0
sz002365,1123,1397,0
sz000825,45038,96387,0
sz000783,1726,10401,0
sz002332,1618,0,0
sz300139,0,0,0
sz002687,7447,4957,0
sz002362,1567,5993,636
sz300355,5730,29886,1019
sz002875,0,0,0
sz002175,2637,18751,0
sz300190,0,0,0
sz300112,0,0,0
sh601579,0,0,0
sz002501,0,3120,0
sh603225,0,291,0
sh603387,0,510,0
sz002503,2143,2002,0
sh600163,0,0,0
sh601808,5739,2620,0
sh600513,0,0,0
sz002717,415,474,0
sz002850,0,604,0
sh601800,0,14786,0
sz002128,1025,11308,0
sh600211,0,0,0
sz300242,1366,2005,0
sh600582,0,3016,0
sh603477,0,1856,0
sz002583,2926,11337,0
sh603103,0,1470,0
sz300625,0,0,0
sz300309,2038,843,0
sz002073,11942,15646,0
sz300298,0,505,0
sz000036,14676,31422,0
sh600004,0,825,0
sz300328,0,0,0
sz002016,36433,26524,1769
sz000426,6859,26559,0
sz002205,971,0,0
sz002605,0,0,0
sh600566,594,1634,0
sz002671,0,0,0
sz300113,13794,23083,0
sz300346,1000,1519,0
sh600520,0,0,0
sh603937,613,1153,0
sz000892,0,2000,0
sh600875,0,8748,0
sh600416,0,3685,0
sz300632,0,0,0
sz000011,870,0,0
sz000725,1517463,1640059,3191
sz002809,0,0,0
sz000717,9170,35956,0
sh600295,4606,0,0
sz000037,0,0,0
sz002020,960,0,0
sh603839,0,0,0
sh603515,250,0,0
sh603558,0,0,0
sh600390,0,4119,0
sz002358,18006,5125,1005
sz000027,0,4182,0
sz300314,907,0,0
sz000625,8541,5782,0
sz002925,17725,22180,2406
sz002144,0,0,0
sz002899,0,0,0
sh600168,0,0,0
sz300705,0,0,0
sh600963,2443,2490,0
sh600888,0,0,0
sz002378,0,0,0
sz300196,0,0,0
sz002206,0,0,0
sz002452,0,0,0
sz300428,0,669,0
sh600969,0,0,0
sz000788,0,1658,0
sh603618,0,0,0
sz300136,8880,10692,850
sh600335,2359,1073,0
sz002526,0,0,0
sz300507,0,481,0
sh603056,7595,16850,2122
sh600998,2952,759,0
sz000513,943,378,286
sh600589,0,0,0
sh600774,0,0,0
sh601326,0,4360,0
sz000850,0,0,0
sh603366,0,1951,0
sz002149,0,1334,0
sz002137,192633,165719,13833
sh603385,0,0,0
sz002906,579,4758,0
sh600677,3434,1153,0
sz002893,0,1061,0
sz002645,0,487,0
sh600830,0,1644,0
sh600077,0,2846,0
sz300182,28300,43006,2472
sz300370,0,0,0
sz002498,0,0,0
sz002440,12524,5804,0
sh603606,0,0,0
sz300222,2999,11879,0
sh600073,1758,0,0
sz002630,7037,0,0
sh603968,0,0,0
sz002209,0,0,0
sz002490,0,0,0
sz002400,7781,11177,0
sz300642,0,0,0
sz300585,0,0,0
sz002204,0,0,0
sh600909,0,1492,0
sz002461,0,0,0
sz300661,0,0,0
sz000608,0,0,0
sz300571,421,0,0
sz300637,0,1079,0
sz000983,41716,1200,0
sh600771,0,912,0
sz002410,674,480,451
sh601118,11353,17599,2613
sz000811,0,1687,0
sh603519,0,0,0
sz000006,37916,59626,0
sz002150,0,0,0
sh600266,9009,12703,0
sh600135,0,0,0
sh600706,0,0,0
sz002716,18885,7227,1597
sh600652,20745,24993,0
sz300598,0,0,0
sz000728,1111,7191,0
sz000519,23510,14097,3934
sz002603,0,917,0
sh600495,10515,0,0
sz002271,2593,1740,0
sz300706,649,1669,0
sz000882,0,19171,0
sh603986,12828,9866,2700
sz002373,2289,3454,0
sh600819,0,0,0
sh601866,12951,0,0
sz002389,0,1666,0
sz002819,0,0,0
sz002109,0,0,0
sz000007,3824,0,0
sz002394,1602,0,0
sz300008,1600,2177,0
sh603817,0,0,0
sh603203,0,0,0
sz002578,26077,3020,0
sh600763,302,511,0
sz300687,251,667,0
sz300459,8025,0,0
sz300645,0,0,0
sz002070,0,0,0
sz300291,4129,0,0
sh603369,4044,620,0
sz300679,0,0,0
sh601877,1085,7700,826
sh600742,0,1087,0
sz002682,0,0,0
sz002402,0,2576,0
sz000422,0,0,0
sh603816,2154,3089,308
sz000548,0,0,0
sz000657,0,0,0
sz002302,12759,14613,0
sh600671,0,0,0
sz300235,0,0,1002
sh600385,900,0,0
sz002585,0,1540,0
sh600557,0,826,0
sz002064,0,11109,0
sh600992,0,0,0
sh600128,3000,0,0
sh603569,0,0,0
sh600389,0,0,0
sz000711,0,1237,0
sz300396,0,0,0
sz002215,3972,1500,0
sh603378,0,0,0
sz002138,2319,7480,0
sz000919,0,0,0
sh601882,0,1000,0
sh600108,0,2818,0
sh603599,0,640,0
sh600531,3635,8351,0
sz000586,837,0,0
sh600577,15649,30239,0
sh600283,0,0,0
sh600056,938,2669,0
sz002830,0,0,0
sz002749,0,0,0
sz000918,0,3267,0
sh603159,0,0,0
sh600618,0,0,0
sh603535,0,519,0
sz000886,3783,4680,0
sh600496,4847,7377,0
sh600749,0,0,0
sz002608,0,0,0
sz000969,0,0,0
sh603081,396,2381,0
sh600892,0,11000,2482
sh600730,1724,0,0
sh601318,241540,190130,20526
sz300648,0,586,0
sz300163,0,2580,0
sz300094,0,0,0
sz300131,0,0,0
sz002435,0,0,0
sh600036,39144,36142,0
sz002359,1798,4374,0
sz300481,767,0,0
sz000622,0,0,0
sh600050,256659,216515,0
sh600844,0,0,0
sz002586,0,0,0
sz002833,2683,978,0
sz002114,0,1000,0
sz002245,2914,14751,0
sz300212,1858,3924,320
sh601229,4500,8978,0
sh603728,0,0,0
sz002916,5495,11421,1131
sz000100,195880,167553,0
sz002751,1340,1080,600
sz300117,0,2500,0
sh603789,0,0,0
sh603078,0,228,0
sz002483,0,0,0
sz300093,0,0,0
sh600316,0,0,0
sz300386,3083,1299,0
sz002556,1605,3531,0
sh600824,0,0,0
sh600693,2000,0,0
sz300540,0,0,0
sh600817,0,0,0
sh600482,0,603,0
sz000901,505,584,0
sh600962,2348,35484,1030
sz000736,1736,1200,0
sh600383,7962,11604,0
sh603239,0,620,0
sz300604,0,264,0
sh600119,0,0,0
sz002629,47998,52199,0
sz000776,4774,13137,0
sz000731,6908,0,0
sz002041,0,1212,0
sz000537,2230,5864,0
sh600619,0,0,0
sz002582,3844,0,0
sz002381,0,0,0
sz300545,365,392,0
sh603602,0,1337,269
sh603138,267,1472,0
sz002793,0,0,0
sz002123,6543,3086,0
sh603655,1826,5891,0
sh600692,0,0,0
sz002853,4444,5776,0
sh600797,8637,14322,0
sz000951,0,719,0
sz002467,7786,17558,0
sh603679,0,0,0
sz300111,0,0,0
sh600220,4252,4777,0
sz300512,0,0,0
sh600529,0,1087,0
sh603501,1435,838,0
sz300448,0,0,0
sz002388,1257,1406,0
sh603612,454,2329,0
sz000952,1789,0,0
sh600966,6427,15450,0
sh600933,0,1892,0
sh603080,2316,4393,0
sh600281,0,0,0
sh600031,21053,51956,0
sz000430,0,0,0
sh603337,0,0,0
sz300487,7793,6328,1237
sz300405,0,0,0
sz300414,0,0,0
sh603396,0,0,0
sz002536,0,0,0
sh600177,2529,9400,0
sh601969,0,0,0
sh600338,1164,651,668
sz002027,19692,19452,863
sh601678,29881,72954,1438
sh603006,0,0,0
sz000017,0,0,0
sz300475,0,0,0
sh600421,0,0,0
sh600410,47336,58441,0
sh603028,0,0,0
sz002649,1155,1005,0
sh603919,0,0,0
sh600979,0,0,0
sz300244,1932,0,720
sh600301,0,0,0
sh600997,3615,0,0
sz002067,5125,28979,0
sz002078,29209,4792,0
sz000552,0,0,0
sz000012,9158,15734,0
sz300711,0,0,0
sh600361,0,0,0
sz000739,0,2503,0
sh600510,0,0,0
sz002813,0,0,0
sz300590,0,932,0
sz000628,0,1403,0
sz000691,0,0,0
sz002701,2233,5115,0
sh600811,0,0,0
sz000151,70932,115598,7275
sh600622,0,0,0
sh600007,0,0,0
sh603727,0,0,0
sz002504,0,0,0
sh600110,7680,25898,0
sz002018,6087,45326,0
sz300665,0,0,0
sz002831,198,0,0
sz300572,629,0,0
sz000972,8000,0,0
sh600859,925,512,0
sh603819,675,0,0
sz002179,968,733,0
sz002049,112411,59400,8576
sh600872,5954,4452,583
sh603320,0,0,0
sz002247,0,0,0
sh600067,0,2345,0
sh600420,0,0,0
sh601008,0,0,0
sh600978,7661,5997,0
sh603797,0,0,0
sz300022,0,0,0
sh600012,6104,0,0
sz300702,0,0,0
sz002790,0,0,0
sz300070,8473,13207,1076
sz002727,4061,2063,0
sh600071,1880,881,0
sh600400,2000,0,0
sz300336,0,10760,0
sh600469,0,0,0
sh600767,5001,0,0
sz002618,0,0,0
sz002165,0,0,0
sz300342,0,0,0
sz002234,3924,0,0
sz300422,0,0,0
sh600392,103332,59082,3184
sz000785,0,0,0
sz300307,0,0,0
sz000975,3032,1000,0
sh600089,5958,18426,0
sh603321,1995,0,0
sh600493,0,0,0
sz002277,3020,0,0
sh603626,2734,2323,0
sh600694,0,0,0
sz300675,286,4765,0
sh600634,956,0,0
sh600398,8020,11182,0
sz000590,0,0,0
sz002678,1030,0,0
sz300254,0,0,0
sz300435,0,0,0
sz002852,0,0,0
sz300234,0,1787,0
sh603022,974,0,0
sz002354,6604,16956,1175
sz300021,14707,4899,0
sz002484,0,0,0
sz002421,4421,3620,0
sh603100,0,0,0
sz000777,734,791,0
sh600620,0,0,0
sz300670,0,629,0
sh601117,3084,16354,0
sz000800,4196,7769,0
sz300401,1720,3302,0
sh603377,0,0,0
sz300369,4380,10581,0
sh600059,0,0,0
sz300036,0,1554,0
sh600085,549,558,0
sz300019,0,0,0
sz000063,96790,114588,3389
sz300181,6051,14709,0
sh601899,569617,749297,0
sz300213,0,3370,0
sh600038,3125,4222,0
sh603838,0,0,0
sz002173,0,0,0
sz300600,0,0,0
sz002574,0,1479,0
sz000676,0,0,0
sh600397,4579,0,0
sz300119,0,0,0
sz002102,47395,54203,0
sh603868,0,0,0
sz000651,292054,170372,22649
sz002457,7860,5089,0
sh603858,2740,1524,730
sh603500,0,0,0
sz300529,657,0,0
sh603345,0,0,0
sz000157,2429,27172,0
sz002683,0,0,0
sz300443,0,0,0
sz300700,1708,844,0
sz002090,0,0,0
sz300601,494,198,301
sz300652,0,0,0
sz002892,0,783,0
sz300249,0,0,0
sz002133,0,0,0
sh600213,10513,40272,0
sh600576,0,2343,0
sh600018,17479,28701,0
sz300658,0,0,0
sh600167,0,0,0
sz300188,1931,3802,0
sz002926,85019,138459,23255
sz002194,17998,5531,1032
sz300065,878,7833,0
sz002806,0,0,0
sz002270,0,0,0
sh603196,0,0,0
sh600330,2862,2333,0
sh601388,22701,6945,0
sz300010,2253,5753,0
sz002700,0,0,0
sh601339,0,0,0
sz002638,4650,5564,0
sh600468,0,0,0
sz300351,2722,794,0
sz300533,0,0,0
sz300636,0,650,0
sh603577,0,0,0
sz000779,0,0,0
sh603801,285,0,0
sh603908,0,0,0
sz300568,0,0,0
sz300368,1702,0,0
sz002478,9939,0,0
sh600822,2309,885,0
sz002316,0,0,0
sz002367,29543,110322,2586
sz002860,0,314,0
sh600262,0,531,0
sh600973,0,0,0
sh600868,34108,42634,7234
sz002500,4879,15088,0
sz300722,347,803,0
sz300375,0,0,0
sz002227,0,0,0
sz300183,6780,1040,0
sz000798,0,0,0
sh600203,0,0,0
sz300143,0,0,0
sh600247,0,4860,0
sz300534,0,7394,0
sz300339,1357,0,0
sz002415,21523,17425,3549
sh603335,0,0,0
sz002816,0,0,0
sz000905,0,0,0
sh603939,462,505,0
sh600641,0,1000,0
sz002555,2509,20798,0
sz002798,209,0,0
sz000965,0,0,0
sh601933,394340,219099,8372
sh603712,0,3304,0
sz000524,1167,1170,0
sz002266,4000,5267,0
sz002327,0,1036,0
sz300364,9024,11331,0
sz300643,0,0,0
sz000780,5050,5583,0
sz000099,1703,0,0
sh603648,0,2659,0
sz000906,0,3476,0
sh603313,0,0,0
sh600292,0,0,0
sz000987,20317,4459,0
sz000797,4828,8668,0
sz002104,1526,0,0
sz002065,13967,63166,0
sz002651,0,0,0
sz002348,0,3000,2500
sz300606,0,0,0
sh600227,0,1990,0
sh600458,0,0,0
sh600882,0,0,0
sz002430,0,0,0
sh601998,12628,13390,0
sz300469,0,0,0
sh600548,0,0,0
sz002300,0,2842,0
sz300595,0,0,0
sz300002,12630,18642,0
sh603637,0,0,0
sz000607,0,0,0
sh603997,0,1000,0
sz300363,0,0,0
sh603823,0,0,0
sz000520,0,2844,4215
sz002429,3191,21933,0
sz300511,6080,50302,386
sh603586,0,0,0
sz002615,0,0,0
sz300482,0,0,0
sh603311,0,0,0
sz002426,0,4076,0
sh600017,4137,4151,0
sh600268,0,0,0
sz300688,11660,4626,1253
sh600740,78873,52742,10014
sh600419,0,0,0
sz000662,0,1777,0
sh600729,3655,1815,0
sz002614,521,0,0
sh601006,27283,28753,0
sz000639,0,0,0
sz002571,1650,1748,0
sz002709,4062,5712,800
sh603012,0,0,0
sz300306,0,0,0
sz300203,0,0,0
sh600261,0,0,0
sz300223,0,2339,0
sz300055,2345,2305,0
sz300669,0,717,0
sz002489,0,0,0
sz002352,858,1311,0
sz300519,0,0,0
sz300043,10518,9374,0
sz000159,0,0,0
sh601929,4000,9996,0
sz000503,25569,46147,1984
sz300227,1000,0,0
sz002494,0,0,0
sz002568,0,0,0
sz300129,3005,0,0
sz300509,0,0,0
sh603903,0,0,0
sh600151,10071,17041,0
sh601186,7805,2655,0
sh600847,0,0,0
sz300549,0,0,0
sz001896,0,0,0
sh600959,0,1490,0
sz000153,0,0,0
sh603800,0,0,0
sz002849,0,0,0
sz002919,1899,1583,0
sh601002,6010,3316,1465
sz300166,31795,23544,1868
sz002884,0,0,0
sz000587,4803,6671,0
sz002551,0,0,0
sh600486,282,0,0
sh603729,0,0,0
sh601668,106708,111741,1194
sz300334,894,0,0
sz002184,39120,34962,2366
sh603788,0,0,0
sz002777,0,336,0
sz002044,1864,3360,0
sz300005,5000,0,2142
sz000917,4000,11227,0
sh601636,57659,118072,0
sh600408,0,0,0
sh601618,41995,9793,0
sz300425,0,3599,0
sh600422,2578,2652,0
sh600919,24990,67311,0
sz002569,0,528,0
sz002130,0,2352,0
sh600839,145465,54864,0
sz300095,0,0,0
sh603499,2369,3329,0
sh603315,0,0,0
sz300028,0,2524,0
sh600628,0,0,0
sz002902,0,0,0
sz002445,0,0,0
sh603665,0,0,0
sz002086,8937,26740,0
sz000831,4034,2318,0
sh603639,0,0,0
sz300494,0,0,0
sz002432,0,0,0
sz002552,0,0,0
sh603505,1608,6019,0
sh603076,0,0,0
sz300287,17666,19625,0
sz002335,0,0,0
sz300205,0,2330,0
sz002542,0,6070,0
sz000059,2448,15324,0
sh603617,0,553,0
sz002355,0,0,0
sz002011,1435,0,0
sh600640,874,0,0
sh603218,705,0,0
sh603978,0,0,0
sz002548,0,0,0
sz000838,0,6478,0
sz300169,0,0,0
sh600563,1332,733,0
sh600206,6057,6694,0
sh600107,0,0,0
sh603611,0,0,0
sh600336,0,0,0
sz002363,0,0,0
sh601169,2266,6807,0
sh600362,19448,46256,806
sz002052,0,0,0
sz300313,0,0,0
sh600507,21369,42899,1872
sh600082,0,5320,0
