sz000531,0,1669,0
sz000096,0,0,0
sh600636,0,0,0
sz002669,0,0,0
sz000027,2500,2048,0
sz300217,0,0,0
sz300582,0,0,0
sz300005,0,7258,0
sz300221,0,0,0
sh600933,0,0,0
sz002757,1079,0,0
sz300336,2538,881,1808
sz300653,0,0,0
sh603258,0,0,0
sh600460,300569,209523,8237
sz002691,0,0,0
sz000043,0,0,0
sz300289,0,0,0
sz300279,0,0,0
sz000615,1282,1310,0
sh603595,296,524,0
sz300667,0,0,0
sh603980,7939,3224,516
sh600812,0,0,0
sz002354,2193,11180,0
sz000823,17041,3238,0
sh600256,0,5550,0
sh603197,0,0,0
sz300082,0,0,0
sz300739,573,584,0
sz300233,0,0,0
sz002714,233,507,0
sz002771,0,0,0
sz300362,0,2200,0
sz000895,9596,5436,525
sz000636,58842,22041,1032
sz000632,0,0,0
sh601595,0,0,0
sz300472,0,0,0
sz002329,17318,3914,0
sz002104,36602,27429,0
sz300493,0,0,0
sh603908,0,0,0
sz002051,0,0,0
sz300517,0,0,0
sz300585,0,0,0
sz002206,3421,0,0
sz002901,0,0,0
sh600703,63220,47560,1932
sz300230,0,0,0
sz002782,0,0,0
sz002139,14839,9698,0
sh603698,0,0,0
sz000408,1802,687,0
sh600113,0,1230,0
sz300160,5213,0,0
sz002202,26994,27886,0
sz000668,0,0,0
sz300543,424,0,0
sz300321,0,0,0
sh601872,19742,3782,0
sz300690,0,0,0
sh600602,1536,0,0
sz002626,500,3684,0
sz002367,0,0,0
sz002528,13127,18175,0
sh600629,1000,0,0
sh600280,1853,2783,0
sz002831,761,0,0
sz300248,4223,0,887
sz300105,15294,8196,0
sz002160,0,4888,0
sh603869,523,5967,0
sz002838,0,0,0
sh601258,21609,8449,0
sz002493,8907,11242,0
sh600071,0,0,0
sh600750,834,988,0
sh600695,17938,1501,1503
sz002356,0,0,0
sh603429,0,0,0
sz300608,0,0,0
sz300351,0,0,0
sz002530,474,726,0
sz300176,206,850,152
sz002505,33537,0,0
sz002066,0,0,0
sz002500,22140,24418,0
sh600588,89085,92220,6052
sz300106,2276,1636,0
sz002788,0,0,0
sz300670,0,0,0
sz002865,0,0,0
sz300120,0,0,0
sh600537,0,5000,0
sz300318,0,0,0
sz300384,0,0,0
sh600054,1740,0,0
sz000045,0,0,0
sz300204,0,0,0
sh603336,0,0,0
sz300305,0,0,0
sz300623,202,0,0
sz300189,0,0,0
sz300620,0,0,0
sz002311,0,0,0
sh603730,822,0,0
sz300474,1193,0,0
sz000726,0,0,0
sz000666,0,5308,0
sz000809,0,0,0
sz300426,866,506,0
sz000048,0,393,0
sh600584,92466,58279,5785
sh603996,0,1210,0
sh600764,2470,5402,0
sh603676,9536,4871,758
sz300276,7071,1004,0
sz000402,26139,18099,0
sh601618,15380,70767,0
sz000598,5620,6622,0
sz000620,0,0,0
sz300654,660,1116,0
sz002458,759,1637,0
sz000567,0,7053,0
sh601992,33746,86441,0
sh600085,447,6799,0
sz300377,49402,12380,974
sh603588,916,4749,0
sh603888,1209,2093,0
sz002177,0,0,0
sz002036,14538,5616,0
sh603136,0,0,0
sh600359,0,0,0
sz000711,0,1902,0
sh601198,0,1969,0
sh600730,0,0,0
sz300332,2123,0,0
sz300650,0,599,0
sh603060,0,0,0
sh600593,303,0,0
sz300548,0,0,0
sz300681,0,0,0
sz002506,19014,5188,0
sz000545,2406,0,0
sh603628,0,0,0
sz300231,7610,10172,0
sh600802,0,1610,0
sz002183,16751,3553,0
sz002645,0,569,0
sz002550,0,0,0
sh603559,9339,5969,0
sh603725,0,0,0
sh600600,0,300,0
sz300577,374,0,0
sh600545,5342,0,0
sz000878,837,5153,0
sz002271,5651,2885,0
sz300322,1518,0,0
sh600158,28483,19396,819
sh603027,0,0,0
sh600023,7160,8205,0
sz000419,0,0,0
sz000608,0,1697,0
sz002170,0,0,0
sz002182,0,0,0
sh603757,0,0,0
sh603022,0,0,0
sh600210,0,0,0
sh600792,0,0,0
sz000514,0,0,0
sz000727,21166,8871,0
sz300726,0,0,0
sz300196,0,0,0
sh601880,6098,9135,0
sz000725,2017577,1313427,0
sz300091,0,0,0
sh600676,0,0,0
sz300557,0,0,0
sz002496,8281,4000,0
sz000016,2042,9617,0
sh603767,0,0,0
sh601628,5077,2953,606
sz300647,0,0,0
sz300185,14573,4915,0
sh600777,3434,4219,0
sz000501,0,0,0
sz002089,2224,4047,0
sz300212,19143,8167,1348
sh600343,1901,1040,0
sz000792,15569,38561,0
sh600745,4709,9456,0
sz000806,9939,9651,0
sz000735,76394,35943,4735
sh603958,0,0,0
sz300069,1850,0,0
sh600706,1000,0,0
sz000017,0,0,0
sh603917,0,0,0
sh603859,0,0,0
sh600837,20856,11882,0
sz002653,2802,3060,0
sh601857,38021,56008,3510
sh600880,0,3098,0
sz002296,0,0,0
sz300220,0,0,0
sz300315,88149,44450,0
sh603680,24352,19315,4530
sz002761,0,0,0
sz000061,0,0,0
sh600665,3494,0,0
sh600893,16527,21066,2011
sz002461,0,0,0
sh601139,0,0,0
sz002008,16712,19885,1734
sz002747,0,0,0
sz300151,7047,1511,0
sz300021,21247,2176,0
sh600992,0,0,0
sz001979,28349,40269,1817
sh603069,0,0,0
sh603959,0,0,0
sh601186,9976,14648,0
sz000063,139342,130361,3239
sh600638,12124,722,0
sz002486,20742,4497,0
sz002040,0,0,0
sh600132,0,474,0
sz002487,0,0,0
sh600577,74917,97909,0
sz000983,18318,46883,0
sz002911,9128,11076,1860
sh600787,0,0,0
sz300065,16342,6358,0
sh603663,0,0,0
sh600326,1114,0,0
sz000554,4370,0,0
sh600848,1756,0,0
sz002687,0,0,0
sh603703,0,0,0
sh600981,0,0,0
sh600030,255342,264991,6503
sh603637,0,0,0
sz002302,6876,1078,0
sz000789,47014,41878,0
sz002560,0,0,0
sh601567,0,0,0
sz002819,0,0,0
sz002554,11288,3178,0
sh600466,16395,15090,0
sz000835,0,0,0
sh603909,0,639,0
sh600186,28661,6000,0
sh600135,0,0,0
sh600277,0,0,0
sz000717,52278,29995,0
sz300740,5067,6458,1637
sz300581,0,0,0
sz002629,0,0,0
sh600674,6652,10406,0
sh600817,0,0,0
sz000821,5783,2331,0
sz300705,0,0,0
sz300340,692,301,0
sh603019,110432,68250,9562
sz300052,3572,5742,0
sz002319,0,0,0
sh603633,0,0,0
sz002707,8381,4547,0
sz002360,0,0,0
sz000888,1382,1065,0
sh603076,0,0,0
sz002382,0,0,0
sh603689,1026,0,0
sh600276,9001,2652,214
sh601858,0,0,0
sz000863,0,0,0
sh603885,0,1000,0
sz000611,0,0,0
sz002307,0,2416,0
sz002498,0,0,0
sz002781,0,0,0
sz002639,1631,0,0
sh600509,0,0,0
sz300741,0,310,0
sh600201,2425,3639,0
sz002255,0,0,0
sz002207,0,0,0
sz002715,0,0,0
sz002393,0,0,0
sz002196,0,0,0
sh600262,0,0,0
sh603356,1103,4385,577
sz000617,0,0,0
sh600816,875,1732,0
sh603129,0,0,0
sz300031,4200,779,0
sz300300,2700,800,0
sh600580,0,1513,0
sz002558,1320,819,0
sz002095,10602,4271,0
sh600170,18178,0,0
sh603168,0,0,0
sz002144,0,0,0
sh601882,0,2034,0
sh600908,1454,6362,0
sz000702,0,0,0
sh600491,4344,2882,0
sz300452,0,0,0
sh600184,0,0,0
sz000592,0,2352,0
sh600104,22719,14299,1799
sh603535,0,0,0
sh600108,0,8326,0
sz000559,4832,11611,0
sh600239,3000,2301,0
sz002107,0,0,0
sz300122,9422,983,0
sz000055,30308,48621,1550
sz300676,3256,2559,158
sz002148,12103,6348,0
sz002705,0,0,0
sz300270,1554,0,0
sz300663,3457,0,2937
sh600982,0,0,0
sz000786,26826,10510,0
sh601800,2694,8261,0
sz000510,0,0,0
sh600551,0,0,0
sz002247,3204,957,0
sz000919,0,1371,0
sz000898,58049,113369,0
sz002220,7000,0,0
sz000958,8347,2500,0
sz000990,0,0,0
sh600662,0,0,0
sh600986,1203,0,0
sh600823,2246,46984,0
sh600103,0,0,0
sh600439,40122,2180,0
sz002185,73507,63304,0
sh600775,0,0,0
sz300502,987,904,0
sz002651,0,0,0
sh600352,263329,178878,14803
sh603360,0,0,0
sz300565,0,0,0
sz300199,0,0,0
sz002058,0,0,0
sz300175,4974,1744,0
sz300447,2183,643,0
sz300095,0,0,0
sz002286,0,0,0
sz002412,26237,10100,11400
sz300613,598,124,0
sh600218,0,0,0
sz300062,0,4379,0
sz300420,0,0,0
sh600835,0,0,0
sh603131,0,0,0
sh603567,0,0,0
sh603960,0,0,0
sz000002,36847,49466,1659
sz000858,49675,49445,3135
sz002181,0,0,0
sh600926,2410,892,0
sh600200,0,0,0
sz300460,0,0,0
sh600720,44539,21363,2290
sz300068,8801,4638,0
sz000780,11400,2522,0
sz000929,0,1581,0
sz002826,0,0,0
sz300063,0,0,0
sz002444,3712,922,0
sh600271,80607,45309,1918
sz002303,2150,3301,0
sz002373,33996,4897,0
sz002285,22786,32193,1261
sz300644,8802,14011,1034
sz002061,9105,0,0
sh601231,8106,4441,0
sh600603,0,0,0
sz300438,400,712,0
sz002385,8070,4321,0
sz300551,0,700,0
sh600435,1085,8764,0
sz002481,7259,5605,0
sz000062,0,0,0
sh603000,0,2020,0
sz002368,13160,6451,0
sz000756,1015,0,0
sz002272,0,0,0
sz300051,9224,6998,1025
sz000638,0,0,0
sh603101,0,0,0
sh601169,241031,93187,0
sh603111,0,0,0
sh601390,35525,33753,0
sh603229,0,0,0
sh603848,690,0,0
sz002717,409,740,0
sh603090,0,0,0
sz002884,468,0,0
sz300459,6860,1168,0
sz002835,0,0,0
sz000889,0,0,0
sz002876,340,150,0
sz300170,157559,92911,6458
sz300619,555,0,0
sz300203,1345,1223,580
sz000672,97824,83100,6841
sz000008,7293,30280,1683
sz300070,11671,15203,1280
sz002026,0,0,0
sh603699,6068,872,0
sz000504,0,0,0
sz300468,0,0,309
sh601991,0,0,0
sz000848,0,0,0
sz000851,8904,3340,0
sz300518,0,0,0
sz002027,34782,42197,3076
sz000502,0,0,0
sh600317,0,5545,0
sh600079,3034,1950,0
sz300209,1387,0,0
sz002186,0,0,0
sz300273,0,2135,0
sz000661,2836,4600,0
sh600478,0,1994,0
sh601015,0,0,0
sz002515,1508,0,0
sz300572,0,1467,0
sz002557,0,0,0
sz000628,0,0,0
sh600959,3165,0,0
sz000799,697,1290,0
sh600778,0,0,0
sh600240,0,0,0
sz000068,0,0,0
sz002650,51490,37591,0
sz002167,0,3769,0
sz002078,6071,5916,0
sz300180,8923,855,0
sz300583,0,0,0
sz002697,0,0,0
sh600978,0,0,0
sz002377,0,0,0
sh603776,410,192,0
sz002172,0,0,0
sz002224,0,0,0
sz300024,32471,18419,0
sz002873,0,0,0
sz002825,0,0,0
sz002927,0,0,0
sz000543,2702,9594,0
sz000695,0,0,0
sh600596,36346,39457,0
sz002348,0,0,0
sz002150,0,0,0
sh600433,7021,5222,0
sh603501,1674,1143,303
sz000935,1315,2546,0
sh600456,0,939,0
sh600328,7584,4955,0
sz002273,5527,3111,0
sz002294,264,283,0
sh603313,0,0,0
sz002341,0,1157,0
sz000590,0,1496,0
sh600161,1834,2445,0
sz002485,1539,1113,16951
sz002741,0,0,0
sz002029,3819,3314,2008
sh600759,6985,5239,0
sh601985,4103,11351,0
sz300303,16728,0,0
sz002433,8313,0,0
sh603929,0,0,0
sh600360,1942,2319,0
sh603010,0,600,0
sh603758,0,0,0
sz002395,0,0,0
sz002298,1400,0,0
sz002166,0,0,0
sz002633,0,0,0
sz002414,1907,0,0
sh603001,0,0,0
sz002218,5000,0,0
sz002919,0,0,0
sz002299,0,2860,0
sz000996,4745,6655,0
sz002494,6004,0,0
sz000546,0,1711,0
sz300660,0,0,0
sh603038,0,0,0
sh603055,696,0,0
sz000565,0,0,0
sz000953,3557,5391,0
sh600723,0,0,0
sh603385,0,0,0
sz000338,62071,83760,0
sh603569,0,0,0
sz000733,6209,0,0
sh600887,75331,76403,6788
sz002522,0,0,0
sh601919,18513,22672,0
sz300511,0,0,0
sz300453,0,0,0
sh603968,0,0,0
sz002376,17122,19517,842
sz002305,3483,0,0
sh603609,0,0,0
sh603366,0,0,0
sz002807,1356,0,0
sz000897,4600,4049,0
sz002801,0,0,0
sh601199,2000,0,0
sh600340,22104,29210,1171
sz300327,1662,2249,0
sh603239,0,0,0
sh600995,0,2000,0
sh603080,4980,3577,360
sh600116,0,0,0
sh601328,114608,141275,0
sz002337,0,0,0
sh603823,0,0,0
sz300218,0,0,0
sz002823,3069,730,0
sz000852,10001,0,0
sz002559,1269,0,0
sh600566,1149,1073,0
sz002097,0,0,0
sz000800,1252,3134,0
sh600767,0,0,0
sz300549,0,0,0
sh600587,962,0,0
sh600871,10447,0,0
sz300228,2656,1206,0
sh601518,0,0,0
sh600115,48837,76489,0
sh600737,0,0,0
sz002552,1175,1509,0
sz002887,0,321,0
sh601225,66290,76103,0
sh603037,0,0,0
sh600533,0,0,0
sz002032,0,0,0
sz002308,3603,2406,0
sz000982,0,6826,0
sh600729,0,0,0
sz000519,3393,0,0
sh603008,0,0,0
sz002440,35687,32728,3098
sz002591,0,0,0
sz002574,0,0,0
sh603860,0,0,0
sh603383,253,0,0
sz000404,0,0,0
sh601116,0,0,0
sh603890,0,400,0
sz002664,2305,569,0
sz002555,10205,6599,528
sh600323,0,0,0
sh600295,0,0,0
sz300514,541,0,0
sz002297,7237,2770,1464
sz002736,2519,1000,0
sz300148,21189,1615,0
sh603648,2376,0,0
sz300602,0,0,0
sz300213,23043,25146,0
sh600088,0,0,0
sz002421,3016,4901,0
sh603607,0,0,0
sh601718,2524,6749,0
sz000960,21179,52850,1361
sh600834,0,0,0
sz002743,0,2100,0
sz002706,0,0,0
sz000413,34837,16457,0
sz000572,0,4310,0
sh600389,567,0,0
sh603727,0,0,0
sh600110,6165,22618,0
sh600576,0,0,0
sz300385,1345,0,0
sh601866,0,9477,0
sh600238,1707,0,0
sh600861,1270,0,0
sh603029,0,0,0
sz002197,2386,0,0
sz002287,0,340,0
sz002646,0,0,0
sh600780,2501,0,0
sh601838,41307,37525,899
sz000157,21427,41967,0
sz002510,2360,3658,0
sh600196,34171,16409,982
sz000407,2477,0,0
sz002365,688,1612,0
sh600095,10339,0,0
sh600236,3735,0,0
sh601608,0,0,0
sz002929,0,0,0
sz002882,0,0,0
sz002109,0,0,0
sz300547,0,303,0
sh600346,7180,9824,0
sz002696,0,0,0
sz000728,12918,21883,0
sz002596,17232,25563,2287
sh600519,15128,12938,1448
sh600355,10287,2000,0
sz300505,0,0,0
sh603677,0,0,0
sh603103,1627,1343,0
sz300436,0,0,0
sh603557,0,8193,0
sh600657,9000,0,0
sz002188,4559,0,0
sh603359,761,0,0
sh600872,1418,0,0
sz002564,1800,0,0
sz000920,1588,0,0
sz300310,12201,5180,0
sh603228,692,304,0
sh601111,55158,109346,1086
sz300335,1682,5017,0
sz000100,183131,293937,0
sz002199,0,0,0
sh603500,0,0,0
sz002625,1353,0,0
sh600477,0,3038,0
sz002701,0,5936,4928
sz002923,1003,0,0
sz002324,0,0,0
sz300255,0,0,0
sh601500,0,0,0
sz300439,0,600,0
sh600068,76962,98445,0
sh601016,8862,0,0
sh600497,24657,56172,0
sz300084,0,0,0
sz300334,0,1163,0
sz300597,0,0,0
sz300489,0,0,0
sh603661,0,0,0
sh601366,0,0,0
sh601633,1151,2557,0
sz002917,0,804,0
sz002443,0,0,0
sz002808,0,0,0
sz002805,0,0,0
sh600616,0,0,0
sh600618,1011,0,0
sz002900,0,0,0
sh601908,0,0,0
sh600742,762,0,0
sz300698,973,0,0
sh603928,0,0,0
sz300598,462,0,0
sz300500,1000,0,0
sh600327,0,0,0
sz002685,2005,0,0
sz300499,0,0,0
sh600736,2562,0,0
sz000539,0,0,0
sz300484,0,0,0
sz300169,0,0,0
sz002253,1238,0,0
sz002410,17451,10394,0
sz000568,3146,5334,619
sz002902,375,0,0
sz002476,0,0,0
sz002573,11813,12187,0
sh600698,5143,1581,0
sz002566,0,0,0
sh603166,1885,0,0
sz000410,48291,236384,2693
sz300195,1429,0,0
sh600510,0,0,0
sz000949,0,0,0
sz000818,3840,1000,0
sz300113,29216,22085,1557
sh600387,0,1294,0
sz000931,0,0,0
sz002317,0,0,0
sz000011,0,0,0
sz002638,132572,229802,4984
sh600039,0,0,0
sz000927,2800,8036,0
sh600572,2883,5755,0
sz002187,0,0,0
sz002293,751,1000,0
sh603528,3005,0,0
sz002426,12194,4523,0
sz002663,6878,3500,0
sh600247,4142,0,1715
sz000662,0,1059,0
sz002162,3000,0,0
sz002400,17684,2233,0
sh600979,0,0,0
sz300627,0,0,0
sz300264,0,0,0
sh603377,0,0,0
sz002101,0,4753,0
sz300398,607,0,0
sh600192,0,0,0
sh601058,7943,4538,0
sz300508,164,0,0
sh603685,0,0,0
sz000902,0,0,0
sh600288,4833,17360,0
sz300607,0,0,0
sz002601,51544,19732,0
sz002632,1284,0,0
sz000755,3660,0,0
sz300188,18747,11032,2804
sz002099,0,0,0
sz002749,0,0,0
sh600532,3684,10028,0
sh600513,0,0,0
sz002403,0,0,0
sz000020,0,0,0
sz300560,0,0,0
sz300588,0,2806,0
sz300696,0,0,0
sz002830,0,0,0
sh601949,0,1724,0
sh600072,9828,15540,3854
sh603266,0,0,0
sz002791,0,0,0
sz000831,0,5473,0
sz002565,6666,0,0
sh601226,0,0,0
sh601069,1078,0,0
sz002418,1099,7398,0
sh603920,0,0,0
sh601008,0,0,0
sz300319,0,0,0
sh600228,0,0,0
sz002060,0,3269,0
sz002352,0,409,0
sz000893,2000,0,0
sz300215,0,0,0
sh600289,3979,3921,0
sh600175,7464,16056,0
sh603586,0,0,0
sh600998,0,0,0
sh601211,6294,23420,0
sz300314,0,0,0
sz002822,0,0,0
sz000050,12069,11962,0
sh601368,0,0,0
sz002127,2642,788,0
sh600436,296,534,0
sh600983,0,0,0
sz000716,0,0,0
sz300100,785,0,0
sz300545,0,0,0
sh600033,0,3724,0
sh600635,31078,5885,0
sz300214,2041,0,0
sz300568,3550,912,0
sh600561,0,0,0
sz000709,48055,64897,0
sz300622,0,0,0
sz002441,0,0,0
sz002156,34069,19530,2519
sz002769,847,10324,0
sz000576,2465,0,0
sz000637,0,0,0
sz000158,4244,1795,0
sz300009,58386,25613,1666
sh600101,0,0,0
sh603990,0,0,0
sh600463,0,0,0
sh600678,0,0,0
sh600197,0,0,0
sz002542,7375,0,0
sz300542,2252,0,0
sh600067,0,6831,0
sz002011,5000,1787,0
sh603233,244,0,0
sz300258,1873,0,0
sz002310,17676,9655,0
sz300569,0,0,0
sz002267,0,1638,0
sz002772,0,0,0
sh600173,0,0,0
sh600886,2916,3901,0
sz002888,0,0,0
sz300662,0,0,0
sz002205,0,0,0
sz000758,0,12996,0
sz000932,118555,105804,16821
sz002848,0,0,0
sz002577,11969,22777,0
sz300035,0,0,0
sz300016,4429,0,0
sh600159,0,0,0
sz300451,7978,8920,1314
sz300487,32605,20921,4747
sh600658,0,0,0
sz002758,0,0,0
sh601818,204051,141464,0
sz002342,2000,5717,0
sz300043,3845,3125,0
sz000862,0,3627,0
sz000951,1500,654,0
sz002657,4438,1297,579
sh603042,0,0,0
sz000411,0,0,0
sz002668,10698,4900,0
sz300531,3679,9457,0
sh600601,4066,0,0
sz002578,0,0,0
sz002746,0,1137,0
sh600064,0,795,0
sz002678,1987,0,0
sz002543,0,807,560
sz002088,0,0,0
sz002137,0,7238,0
sz300044,9282,8922,0
sz002875,495,0,0
sz000655,0,0,0
sh603085,0,0,0
sh601021,0,500,0
sh600556,0,0,0
sz300434,572,0,0
sz300346,424,0,0
sh600668,0,747,0
sz002783,0,0,0
sz002152,74051,24859,0
sz300658,0,0,0
sh600811,0,0,0
sz002049,124867,68480,10496
sz002891,0,0,0
sz000732,55255,115000,5188
sh600647,0,0,0
sz300158,0,800,0
sh600100,63738,49187,0
sh600105,0,0,0
sz002910,0,1313,0
sz002350,1845,0,0
sz300440,0,3000,0
sz002813,7621,3585,611
sz300727,409,0,0
sz002846,0,0,0
sz002415,179488,80347,11546
sz300079,35235,9417,0
sz000517,70835,141502,8774
sz300664,994,2085,0
sh600425,0,0,0
sz002617,4646,2031,0
sz000972,0,0,0
sz002195,93080,67760,0
sh603889,7263,1851,0
sz300107,81204,81297,1398
sz002869,436,0,0
sh600191,0,0,0
sz002724,0,1388,0
sz002210,4268,1000,0
sh600381,0,0,0
sh600410,68080,46694,1029
sh600608,0,0,0
sz300166,104560,58837,1252
sh603118,3000,0,0
sh600193,0,0,0
sh600648,0,0,0
sz000985,0,0,0
sh600282,264519,296653,0
sz300183,4689,721,658
sz300152,2792,10343,0
sh603331,0,0,0
sh601233,9308,16614,0
sz002690,2757,1003,0
sh603078,222,0,0
sh603180,281,540,0
sz002759,0,800,0
sz002456,44741,27212,2612
sh600997,0,6217,0
sh600774,0,0,0
sz002184,0,2895,0
sh600031,147008,158172,2254
sh603717,0,482,0
sz300118,0,1402,0
sz002518,0,0,0
sz002200,0,0,0
sz300296,7264,2696,0
sh600688,18363,4044,0
sh603997,15551,2075,0
sz000721,0,0,0
sh603708,531,0,0
sh600180,0,0,0
sh603886,0,0,0
sh601900,0,2662,0
sh601878,2050,782,0
sh600791,0,0,0
sz300689,0,0,0
sz002502,0,0,0
sh603444,99,0,0
sh600233,723,0,0
sh600547,5435,7509,0
sh600820,4494,0,0
sz002748,0,0,0
sz000973,5226,2371,0
sh603939,0,0,0
sh600507,62758,70941,6912
sz300357,425,0,0
sh601088,49226,71141,0
sh600624,0,0,0
sz300144,1736,1903,0
sz300417,0,0,0
sz002428,1582,5108,0
sh600325,32892,72865,0
sz300093,1501,5448,0
sz002448,0,0,0
sz000810,1610,0,0
sz002674,0,0,0
sh601228,1802,0,0
sz002153,25951,11599,347
sh600891,0,0,0
sz000899,0,0,0
sz300080,4817,6700,0
sz002508,86944,108084,14007
sz300302,8170,64419,0
sh600738,0,0,0
sh600063,0,0,0
sz000886,88187,75652,0
sz002792,1550,0,790
sh600898,0,0,0
sz002030,2940,2285,0
sh603363,4852,812,0
sh600763,300,696,0
sh600385,0,964,0
sz300638,0,0,0
sz000088,0,0,0
sz300410,0,0,0
sz000582,0,0,0
sz000523,0,0,0
sz002242,1549,0,0
sh600508,0,0,0
sz300422,0,766,0
sz002820,0,611,0
sh600873,11028,6876,0
sh603227,0,0,0
sz300736,0,0,0
sh603320,0,0,0
sz000993,1655,0,0
sz300480,0,0,0
sz300680,0,0,0
sz300369,40090,17227,0
sz300427,830,0,0
sh600078,3632,0,0
sz000605,0,0,0
sz000961,5489,0,0
sz000997,54832,49353,693
sh603110,0,0,0
sz000401,66951,53072,1355
sh603726,0,0,0
sz002080,3797,963,0
sz300419,1302,0,0
sz002863,4537,2132,0
sh600663,1353,0,0
sz000409,4780,0,0
sz002731,0,0,0
sz300639,0,0,0
sz002618,0,0,0
sh601958,0,1574,0
sz300461,0,0,0
sz002091,1373,0,0
sh600620,0,0,0
sz002323,2259,0,0
sh600119,0,895,0
sh600582,0,12678,0
sz300539,0,0,0
sz300293,0,0,0
sz002768,0,0,0
sz300591,0,0,0
sh600758,0,0,0
sz002432,3842,5022,2433
sz002453,0,0,0
sz002409,6497,1792,702
sh603238,0,0,0
sh600565,2672,0,0
sz002463,2392,0,0
sh603987,1019,0,0
sz000708,0,0,0
sz000903,9073,3870,0
sh600967,7552,4571,0
sz300498,502,2418,0
sz300737,0,1170,652
sz002043,0,0,0
sz002483,0,0,0
sz300171,0,0,0
sh603117,0,0,0
sh603976,0,0,0
sz002086,21227,3136,1037
sh600819,0,0,0
sz002548,0,0,0
sh600744,0,0,0
sh603533,5441,7030,2395
sz000836,14139,25701,0
sz002387,2249,1800,0
sh600307,40690,63343,0
sz300671,591,592,0
sh603817,1594,978,0
sh603838,2351,0,0
sh600549,20220,25759,0
sz300668,0,0,0
sh601699,71096,71150,2113
sz300469,329,320,0
sh603919,0,0,0
sz300112,0,0,0
sz002111,0,0,0
sz300046,761,0,0
sz000923,0,0,0
sz300094,0,2007,0
sz300330,0,0,0
sz300636,0,0,0
sh603039,936,302,0
sh603991,0,0,0
sz300702,0,0,0
sh600066,1605,3620,1144
sz300235,964,0,0
sz000538,902,163,0
sz300606,0,0,0
sh603855,0,0,0
sz002370,918,0,0
sh603306,0,0,0
sz000597,7848,0,0
sz002372,0,1822,0
sz002067,16197,23083,0
sh600202,0,2806,0
sh600966,13410,12517,0
sh600520,1476,1477,0
sz000955,11032,3333,0
sz300030,0,0,0
sz300313,0,0,0
sz300256,2428,0,0
sz002892,2131,1237,0
sz300503,4168,8214,748
sh603690,609,0,0
sz300404,0,0,0
sz300691,0,0,0
sz000962,0,0,0
sh603912,0,0,0
sh600857,0,0,0
sz000687,2942,0,0
sz000830,86258,123414,5930
sh600495,2500,0,0
sz002906,1406,681,0
sz002245,5248,1214,0
sh600075,1345,0,0
sz002056,0,5303,0
sz300414,0,0,0
sh600790,4753,0,0
sz300478,0,0,0
sh600468,4103,0,0
sh603020,0,0,0
sz300259,0,0,0
sz300732,0,0,0
sz300718,0,0,0
sz000678,0,0,0
sz300366,3416,2827,0
sh600420,0,0,0
sh600168,0,0,0
sz300272,0,0,0
sz300521,0,0,0
sh600516,331755,244792,27535
sh600776,3020,0,0
sz002810,0,0,0
sh600756,40493,24961,1037
sh600392,43040,50867,4101
sh601000,23630,18306,0
sz000023,0,0,0
sz300707,232,319,0
sh600487,36821,25552,2219
sz000881,2000,0,0
sz002129,93718,107195,2226
sz002465,3073,16734,5108
sz300359,6642,3558,0
sz002489,0,0,0
sz002903,7895,11147,0
sh600483,0,0,0
sz002052,3517,2231,0
sz002582,7902,1456,0
sz002491,9669,6786,0
sz300481,0,0,0
sz300194,0,0,0
sh600215,1056,0,0
sz300423,0,0,0
sz002468,4701,528,0
sz000885,0,689,0
sh600585,71911,78398,8667
sh600883,0,0,0
sh600503,1954,4872,0
sz002068,0,1082,0
sz002208,0,0,0
sz002905,300,1036,0
sh600645,5279,3100,0
sh603323,2952,3039,0
sz002394,0,842,0
sz000423,1027,1758,0
sh603669,0,0,0
sz300333,7288,0,0
sz002087,0,0,0
sh600717,0,0,0
sh600592,0,0,0
sz300555,992,0,0
sh600976,0,0,0
sz300142,27786,6759,0
sz002763,0,0,0
sz002859,0,0,0
sz300561,371,621,0
sz002849,0,0,0
sz000403,429,0,0
sz000049,989,309,0
sh600578,0,0,0
sz000627,5021,3000,0
sh600654,3073,0,0
sz002123,3828,1006,0
sz000563,0,20568,0
sz002623,0,0,0
sz300002,43071,17185,3117
sh603856,1538,892,0
sh603218,0,0,0
sz300536,1421,0,0
sz002124,0,0,0
sh600651,1162,0,0
sz002114,0,681,0
sz300616,81,0,0
sh603630,0,0,0
sz000488,76488,38054,1147
sz002734,0,0,0
sz300433,11447,11433,0
sz002327,19129,3027,0
sz002379,0,0,0
sz300226,8140,7076,153
sh603601,0,0,0
sz002800,0,0,0
sh600120,0,1583,0
sz002909,0,0,0
sh600010,26155,45127,0
sh603599,0,0,0
sz300110,258789,195723,6645
sz002871,0,0,0
sz002533,0,0,0
sz000697,586,0,0
sh600166,4977,16787,0
sz002867,1656,3615,0
sz000825,300495,329068,0
sz000783,2500,0,0
sz300733,529,937,0
sz300284,0,645,0
sz002828,0,0,0
sh603900,0,0,0
sh600403,0,0,0
sz300083,115209,43454,0
sz000760,2623,4843,0
sh601515,0,0,0
sz002164,0,1991,0
sh600716,0,2441,0
sh600362,30221,45060,5148
sz002204,0,0,0
sz002484,6253,2521,0
sz002117,0,0,0
sz300651,300,0,0
sz300655,0,0,0
sz002716,1226,638,0
sh600449,5948,3470,0
sz000626,916,0,0
sz000759,0,0,0
sz300241,800,0,0
sh600335,1087,0,0
sz000555,10481,1939,0
sh600455,0,0,0
sh600291,2182,2993,0
sh600741,4887,3075,0
sz300580,21997,0,0
sh600826,0,0,0
sh601989,198001,217705,0
sz002497,118038,177913,13513
sz000785,0,0,0
sh601218,3461,0,0
sz300407,15746,11820,0
sz300076,2180,0,0
sh601519,0,0,0
sh600623,5878,13964,0
sh600571,5144,2087,0
sh600581,105093,65196,5526
sh600058,0,0,0
sh600785,0,0,0
sh600070,0,0,0
sh603828,0,0,0
sh600128,0,0,0
sh603811,0,0,0
sz002277,0,0,0
sz000876,6188,6792,0
sh600338,321,295,0
sz002226,4039,0,0
sh600595,8796,11610,0
sh603779,0,0,0
sz300661,124,0,0
sh603608,0,0,0
sz002192,4749,6463,0
sz300382,1942,0,0
sh600687,0,0,0
sz002561,0,0,0
sz000530,0,0,0
sh600281,0,0,0
sh600188,21260,27393,0
sh603358,0,0,0
sz002363,0,0,0
sh603056,30722,15029,2297
sh600171,29443,15811,2579
sz002234,3386,5150,0
sh600318,0,0,0
sz000901,5573,2235,0
sh600458,0,0,0
sh600824,0,0,0
sz002671,0,0,0
sz300673,0,0,0
sh600829,0,1000,0
sz000609,0,0,0
sh600396,0,0,0
sz002466,110963,80055,11729
sh603618,0,0,0
sz000937,3203,7380,0
sh600610,4777,8778,0
sh600302,0,0,0
sh601011,5760,9177,0
sz300632,0,0,0
sz000587,46334,9129,0
sh603728,0,0,0
sh600130,0,0,0
sz002157,0,0,0
sz300368,5135,0,0
sz300700,1613,1242,0
sh600305,1095,1143,0
sh600874,9566,5526,0
sz300219,0,0,0
sz002637,0,0,0
sh600311,0,0,0
sz002417,0,0,0
sz002015,0,0,0
sz000625,12102,18167,0
sh600038,10206,1770,0
sz002809,0,0,0
sz002839,26305,25836,0
sh601998,33616,86610,0
sz002660,0,0,0
sz300277,70387,97534,3735
sh600219,74285,105282,0
sz000910,0,2700,0
sz300719,0,0,0
sh600771,292,871,0
sz300025,10947,0,0
sz300269,7507,1833,0
sz002347,0,0,0
sh600234,0,0,0
sh603128,1572,0,0
sz002459,0,0,0
sz002028,9368,4259,680
sz000828,0,0,0
sz300014,9034,5440,0
sh601007,0,0,0
sh603177,1000,0,0
sh600336,0,0,0
sh603626,0,530,0
sz300168,55588,36032,1006
sh600850,7439,9754,0
sz300139,0,0,0
sh601997,6342,20476,0
sz002479,8524,0,0
sh603005,1199,848,0
sh600621,2171,4109,0
sz002495,0,0,0
sz002811,0,0,0
sh603916,0,4371,0
sz002612,0,0,0
sh600470,0,0,0
sz002718,0,0,0
sz002035,1896,6168,0
sz002288,0,4018,0
sz300373,797,822,0
sz002055,4986,0,0
sz002283,0,1883,0
sh600415,0,0,0
sh603580,0,0,0
sh601918,3276,0,0
sz000544,0,1000,0
sz002100,0,0,0
sz002044,3953,2378,0
sh603809,500,0,0
sz300358,0,0,0
sz000887,1673,613,0
sz300600,0,290,0
sz002766,784,0,0
sh603269,0,301,0
sh603416,0,821,0
sz000819,0,0,0
sh600896,0,0,0
sz002244,0,4214,0
sh600903,137165,153907,45684
sz000671,28544,32890,0
sh603819,0,0,0
sh603825,0,500,0
sz002390,0,1437,0
sh600917,0,1515,0
sz002251,8677,7532,662
sh601200,0,0,0
sz000651,134251,148176,8818
sz002094,1225,2710,0
sz002608,0,0,0
sh600615,0,0,0
sz002711,20376,18901,0
sh603895,1375,878,0
sz300041,1986,0,0
sh600560,0,1093,0
sz002795,1141,0,0
sh600211,0,0,0
sh600231,15906,0,0
sh600612,232,0,0
sz002045,2689,13965,0
sh601009,50816,69962,0
sh601339,0,0,0
sz002742,34322,8421,0
sz300496,7047,5554,0
sz002069,5384,0,0
sh603619,1887,988,312
sh600567,152177,184944,0
sz300149,0,0,0
sz000837,0,0,0
sh600331,0,0,0
sz002773,250,300,0
sz002174,15462,9545,443
sh600143,0,0,0
sz002921,0,1649,0
sh603612,563,0,0
sz300603,1320,748,0
sh600667,26282,14765,0
sz002222,11218,1468,0
sz002673,14992,14295,0
sh600747,0,0,0
sz000520,3000,0,0
sh600162,0,45960,0
sz300242,2000,11068,0
sh603043,0,0,0
sz000908,0,0,0
sz300402,0,0,0
sz300040,2095,0,0
sh601377,4555,8625,0
sz002815,0,0,0
sh600089,38229,27921,0
sz300350,0,0,0
sh600810,14451,26524,1313
sz002797,11786,40319,0
sz300027,61166,35048,0
sh600293,0,0,0
sh600409,17671,9587,0
sz300665,0,0,0
sz000882,302025,146126,21399
sz002778,0,0,0
sz002003,0,0,0
sz300579,0,0,0
sz000686,1600,1271,0
sz002006,0,0,0
sh600160,146415,108037,3145
sh600845,18214,57764,0
sh600838,0,0,0
sz002278,0,3619,0
sz002872,0,0,0
sh600760,10388,12348,1097
sz002092,13752,12403,0
sz002090,0,0,0
sh600052,0,0,0
sz300036,10675,3445,884
sh600570,97670,57073,4245
sh600793,0,483,0
sz300174,0,699,0
sz002634,0,0,0
sh603387,245,0,0
sh600353,0,0,0
sz300342,0,900,0
sz000333,42432,33643,7801
sz300059,506093,452356,14747
sz000880,0,0,0
sz300413,4885,1986,0
sh600999,2352,1285,0
sz300011,0,0,0
sz300098,20602,9594,901
sz000573,0,0,0
sz300711,0,0,0
sh600316,5027,2798,0
sz002641,0,0,0
sz300431,24656,33130,4786
sz002388,0,0,0
sz000028,197,0,0
sz002775,0,709,0
sz002276,1693,0,0
sh603322,0,0,0
sh603970,583,468,0
sh601117,0,1876,0
sz300526,0,0,0
sh600438,76079,26303,0
sz300595,471,0,0
sz002119,0,0,0
sz300652,0,0,0
sh600690,39514,40291,525
sh600501,0,0,0
sh603803,732,4248,0
sz002401,1142,0,0
sz002595,0,0,0
sz001896,3488,0,0
sh603638,417,382,0
sz300669,0,0,0
sh600227,0,96080,0
sh600828,0,4979,0
sh600260,12747,6846,0
sz300479,3383,7460,0
sh601788,6356,2005,0
sz300678,1346,2010,0
sh600867,5979,2762,0
sz300637,0,0,0
sz002640,9842,3113,0
sz000150,0,0,0
sh603617,0,0,0
sh600091,0,0,0
sz002729,0,453,0
sz000677,3000,0,0
sz002110,40191,38172,838
sz002243,0,0,0
sz002340,249274,307816,4955
sz300684,3792,4125,964
sh600429,0,0,0
sz300729,0,0,0
sh600406,6334,2910,0
sh600368,1988,0,0
sz000905,1183,0,0
sz300294,0,0,0
sz300463,0,0,0
sz000875,7021,0,0
sz300618,7147,5747,451
sh603969,11780,19989,2848
sh600106,0,0,0
sz300370,0,0,0
sz300429,569,0,0
sz002064,0,2000,0
sh603299,0,0,0
sh603009,5185,3974,0
sh600708,11103,22834,0
sz002178,27072,14352,0
sz002866,534,0,0
sh603879,0,0,0
sh603789,0,0,0
sz300015,7748,2572,0
sz300626,0,0,0
sh600770,19721,8348,0
sz002767,0,0,0
sh601360,123852,121087,18477
sz300494,1314,0,0
sz000890,0,0,0
sh603133,0,0,0
sz002562,1827,0,0
sz000926,5753,21934,0
sh600235,0,0,0
sz300471,0,0,0
sz000710,0,0,0
sz002362,3731,2442,0
sz300018,0,0,0
sz002700,0,0,0
sz002858,0,0,0
sh603031,0,0,0
sh600727,2173,0,0
sh600890,0,0,0
sz300677,1829,2259,0
sz300380,1044,552,0
sz000906,0,0,0
sh600261,0,0,0
sz002676,5911,4337,0
sz002516,16751,10689,0
sz002648,5428,7248,0
sz002339,0,0,0
sh600728,29876,23032,0
sh600009,3618,2585,0
sh601599,2291,0,0
sh603829,0,0,0
sz300405,0,0,0
sh603665,0,0,0
sh603100,3147,7888,0
sh600486,489,747,0
sh601118,36345,21512,0
sz300587,0,0,0
sh603326,0,0,0
sz002631,0,0,0
sz002397,0,0,0
sz002635,20159,18173,1348
sh600628,0,0,0
sz300265,0,0,0
sh600969,0,1000,0
sz300286,0,0,0
sh600527,0,0,0
sh601179,0,0,0
sh600481,12947,0,0
sh600833,0,0,0
sh603712,0,0,0
sh601166,199774,142075,1032
sh603183,0,0,0
sz002318,0,0,0
sh603963,0,0,0
sz002755,0,0,0
sz300154,0,0,0
sz002890,0,0,0
sh601113,860,0,0
sz002667,0,0,0
sz002270,0,0,0
sh600017,0,28455,0
sh600710,0,0,0
sh600026,2000,3049,0
sz300534,0,0,0
sh600096,0,0,0
sz002719,0,0,0
sh600573,0,0,0
sh600697,0,0,0
sz300621,0,0,0
sh603813,1148,912,0
sh603086,0,0,0
sz300709,0,0,0
sz300683,0,0,0
sh600279,0,0,0
sz002579,0,0,0
sz002262,0,0,0
sh600275,0,0,0
sh600892,5536,4550,0
sh600540,0,0,0
sz000751,0,4172,0
sh600496,0,0,0
sz300140,888,1315,0
sh600590,2279,0,0
sz002193,890,0,0
sz300601,4517,1127,461
sz300172,0,0,0
sh600380,23853,9281,0
sh600167,1092,0,0
sz002860,0,0,0
sh603305,0,0,0
sz002682,0,0,0
sz300599,0,0,0
sz002553,0,0,0
sh601028,0,1393,0
sz300703,430,0,0
sh600189,0,0,0
sh600000,45232,52825,0
sh600740,32585,52145,4046
sz002223,2323,1155,0
sh603328,0,0,0
sz002422,4993,500,0
sz002881,0,0,0
sz002817,0,0,0
sh600249,0,0,0
sh601177,0,0,0
sh601898,3718,2301,0
sz002261,15699,0,0
sh600783,10083,12590,0
sh603011,0,0,0
sz300456,1402,334,0
sh603380,0,0,0
sz002338,0,0,0
sz300058,220337,107857,8503
sz002073,9749,12949,0
sh600559,0,424,0
sz002326,12341,2350,0
sz300381,2228,0,0
sz000623,0,533,0
sh601969,0,0,0
sh603877,0,0,0
sz002535,5000,0,0
sz300281,0,0,0
sh603806,0,0,0
sz300348,3109,5117,0
sh600500,5983,4801,0
sh603208,0,0,0
sh603077,14230,5000,0
sz002235,8121,6696,2607
sz300379,1359,1100,0
sh600129,1574,0,0
sh603871,403,584,0
sh600643,4735,16358,1056
sz300559,0,0,0
sz002627,0,0,0
sh601108,7063,10711,0
sh600482,1139,3080,0
sz002048,1924,1406,0
sh601688,51488,72862,0
sh600313,0,15456,0
sh603106,565,0,0
sh601579,0,0,0
sh600059,0,1200,0
sz002050,24971,14216,1517
sz002074,5007,11813,912
sz000558,10780,0,0
sz002355,1289,0,0
sz000665,0,0,0
sz000018,0,0,0
sz002430,5451,700,0
sh600604,0,0,0
sh603926,0,0,0
sh600036,88055,67411,4857
sh600996,0,0,0
sh603089,0,508,0
sz002009,6804,4055,0
sz002304,5100,4039,0
sz002469,0,0,0
sz000750,10651,0,0
sh603518,0,0,0
sh603799,70235,85080,14965
sz300211,2300,0,0
sh600057,0,0,0
sz300465,0,1137,0
sz300164,0,0,0
sz002446,0,0,0
sh603938,1509,0,0
sz300073,17897,16199,555
sz000498,0,0,0
sz002041,0,0,0
sz300260,0,0,0
sh603660,1124,910,0
sh600773,0,2574,0
sz300227,0,0,0
sh603300,0,0,0
sh600016,155875,176995,0
sz300328,0,0,0
sh600444,0,0,0
sz000975,1000,0,0
sh600719,0,0,0
sz000571,0,0,0
sz300586,5706,4690,2586
sz002786,0,0,0
sz000979,61017,30884,0
sz000807,82070,117273,1389
sh603399,1439,1928,0
sz002462,532,0,0
sz000718,4129,0,0
sz002133,0,0,0
sh601558,0,0,0
sz300695,0,0,0
sh601005,39796,17257,0
sz300723,0,0,0
sz002392,0,0,0
sz001696,0,0,0
sh603157,0,0,0
sh603321,0,0,0
sz000790,0,0,0
sh603003,0,0,0
sz002732,0,0,0
sz000798,0,0,0
sh603278,0,0,0
sz300501,0,0,0
sz002180,2123,800,0
sz002201,0,0,0
sh601311,0,0,0
sz300006,0,0,0
sh600599,0,0,0
sz000560,1200,0,0
sz002513,0,0,0
sz002896,0,0,0
sz300458,2459,510,0
sz002681,2765,1383,1008
sh600080,0,0,0
sz002593,0,0,0
sh600970,3415,7522,0
sz300323,9732,6207,0
sz300610,0,0,0
sh603881,2667,1848,0
sh603937,0,836,0
sz002526,0,0,0
sz300596,0,0,0
sz300045,0,0,0
sz000428,0,0,0
sz002020,1940,0,0
sz000987,0,1795,0
sh603339,0,0,0
sz300047,5765,2669,0
sh603933,714,0,0
sz000058,0,0,0
sh603906,0,0,0
sh600691,3172,16512,0
sz002457,4270,1115,0
sh603196,0,0,0
sz300092,0,0,0
sz000969,0,1771,0
sh601678,137274,53043,7758
sz000989,3490,2947,0
sz002333,828,0,0
sz300482,0,301,0
sz300450,862,198,0
sz300589,0,0,0
sh603605,0,0,0
sh603766,5507,0,0
sh600677,1121,2213,0
sz002556,0,1500,0
sz002227,0,0,0
sz000877,6859,9170,0
sh600246,0,0,0
sz000957,0,0,0
sz300491,0,0,0
sz002614,1721,0,0
sh603096,0,495,0
sz002534,0,0,0
sh601107,0,2831,0
sz002132,0,5979,0
sz000078,0,5553,0
sh600707,2823,0,0
sz000599,0,0,0
sz000009,23164,2867,0
sh600664,67660,29688,0
sh600329,0,0,0
sz300081,2141,2904,0
sz300099,4294,0,0
sz000505,0,1409,0
sh603519,0,0,0
sz000892,0,0,0
sz002861,0,0,0
sz002847,0,0,0
sh600337,0,5079,0
sz002922,0,0,0
sh601666,24146,34866,0
sh600397,0,0,0
sh601890,1717,7598,0
sh600055,4132,3643,0
sh600012,0,0,0
sz002284,0,0,0
sz002521,8612,1949,0
sh600506,0,0,0
sz002816,0,0,0
sz000001,122296,137112,6967
sh600699,690,2742,864
sz000802,3234,0,0
sh600789,91589,66043,1193
sz300167,5244,1864,0
sz000967,0,0,0
sz300554,0,0,0
sz000151,0,0,0
sz300275,0,0,0
sh601238,0,590,0
sz000537,800,14142,0
sh600056,6991,1007,0
sz000811,0,0,0
sh603989,0,0,0
sz300415,792,0,0
sh600217,0,0,0
sh600099,0,0,0
sz001965,1185,3066,0
sh600423,0,0,0
sz002455,0,0,0
sz002001,31274,46219,1918
sh600321,0,0,0
sh601086,7734,15319,0
sz002019,1891,11066,0
sz000040,0,3000,0
sh601099,71267,20940,0
sz300699,5489,1024,0
sh600356,0,0,0
sz000778,4436,18966,0
sz300592,0,0,0
sz002511,3500,2791,0
sh603030,7729,1800,0
sh603858,253,241,0
sz002655,20599,39748,0
sz000400,5373,3156,0
sh603721,0,0,0
sh600885,4022,2259,0
sh601375,4615,2990,0
sh600315,0,298,0
sz000752,0,0,0
sz300396,0,0,0
sh600250,0,0,0
sh600050,243880,182760,0
sz300435,0,0,0
sz000507,1115,4672,0
sh603978,0,0,0
sz000070,0,3730,0
sh600111,53471,69185,3218
sh600062,0,0,0
sz300418,25773,14794,1195
sh600303,0,12800,0
sz300648,0,0,0
sz300182,109022,67246,7991
sz000518,0,0,0
sz300708,4049,3463,0
sz002677,1866,1374,0
sz002054,9106,20645,0
sh603536,0,0,0
sz002752,0,0,0
sh600021,2163,0,0
sz002404,0,0,0
sz300486,0,0,0
sh601877,9699,8573,501
sh603636,5246,0,0
sz300017,195548,145195,15894
sh600287,0,0,0
sz002588,0,0,0
sh601801,0,0,0
sz300236,11828,10348,377
sz300131,1521,0,0
sh600229,0,0,0
sh600370,0,0,0
sh600704,5907,1688,0
sz002599,0,0,0
sh600528,9371,12777,0
sz000815,5594,81397,0
sz300191,803,547,0
sh601002,3111,0,0
sh600152,1943,0,0
sh600213,0,3824,0
sh600619,0,0,0
sh600354,0,1798,0
sz300232,2554,794,0
sh600269,0,2229,0
sh601929,18711,0,0
sz002007,3615,406,0
sh600372,5365,2550,0
sz300721,914,1715,800
sz000971,1031,1018,0
sh603159,0,0,0
sz300697,0,0,0
sh600839,21817,21702,0
sz002628,0,0,0
sh600894,0,0,0
sz000691,20401,0,0
sh600909,5204,0,0
sh600795,132206,36685,0
sz002336,0,0,0
sh600611,4755,0,0
sh600836,0,0,0
sz002827,0,0,0
sh600398,13142,20488,0
sh603179,0,0,0
sz300408,10182,4326,0
sz300200,0,0,0
sz300354,0,0,0
sz002378,1825,0,0
sz300666,3349,3653,761
sh600386,0,0,0
sh600006,0,0,0
sz300563,0,0,0
sz002708,0,0,0
sh600739,1870,2855,0
sh600015,21216,33749,0
sh603901,0,0,0
sz002344,0,0,0
sh601798,0,0,0
sh600209,19240,3609,2200
sz300387,0,0,0
sh603329,2432,1511,327
sz002165,0,0,0
sh600292,2690,0,0
sz000712,0,0,0
sh603826,0,0,0
sz000026,0,1247,0
sh600589,0,2908,0
sz300657,0,0,0
sz000683,3617,4179,0
sh601137,0,0,0
sz300003,12183,3813,712
sz300026,11540,7426,0
sh603555,3481,1540,0
sh603188,5435,7478,0
sz002275,0,0,0
sh600025,37483,55643,0
sh600283,872,0,0
sz000679,0,0,0
sh600097,0,0,0
sz000159,0,0,0
sz002850,0,0,0
sz000025,0,0,0
sz300010,5532,1002,1032
sz300535,0,0,0
sh600375,0,0,0
sz002879,0,0,0
sz300722,0,0,0
sz300352,40330,13229,0
sz300374,0,1017,0
sz002537,1193,0,0
sz300649,0,0,0
sh600518,4526,5442,0
sz002616,0,0,0
sz002840,2305,1314,0
sz002643,3325,1000,0
sh600369,19348,13100,0
sz300161,2735,1101,0
sh600322,0,0,0
sz000422,3878,0,0
sz000933,30205,41206,0
sh600652,0,0,0
sz300034,2200,0,0
sz300391,0,909,0
sz002686,0,0,0
sz002842,0,0,0
sh600693,0,0,0
sz300375,0,0,0
sh600267,8898,736,0
sz002594,5025,9363,0
sh600182,0,0,0
sz002221,3640,4200,0
sh603088,49603,2184,0
sz002332,5265,0,0
sz000525,21976,9204,642
sz000416,0,0,0
sh601881,17183,10821,0
sz000418,0,445,0
sz002343,2331,665,0
sh600133,0,0,0
sh600594,21492,9677,0
sz300473,0,0,0
sz000593,0,0,0
sh603922,0,0,0
sz002042,0,2533,0
sz002802,0,0,0
sz002325,0,0,0
sz002149,0,0,0
sh601098,0,0,0
sh600395,0,7349,0
sh600865,0,0,0
sh600630,0,0,0
sh601388,6886,40171,0
sh603866,0,0,0
sh603861,0,0,0
sz300102,8576,11144,0
sz002501,5374,0,0
sz000952,0,0,0
sh603737,0,0,0
sz002920,1450,1475,398
sz300162,0,0,0
sz000524,0,0,0
sz002737,1722,0,0
sz300558,200,947,0
sh600642,0,7067,0
sz300344,5896,1600,0
sh603777,0,0,0
sh600562,0,0,0
sz300355,13924,21612,0
sz300101,814,4487,0
sz002568,5851,6885,0
sz000099,1642,0,0
sh603161,0,0,0
sz000966,0,0,0
sh603167,2134,916,0
sz300250,831,4154,0
sz000425,79707,159096,0
sh600579,25335,23275,973
sz300446,539,0,0
sh600312,5120,0,0
sh601939,263206,294713,1700
sz002571,0,0,0
sz002615,0,0,0
sz002438,0,0,0
sz002108,0,1261,0
sh600689,0,0,0
sz300055,5471,3516,0
sh600248,0,0,0
sz000030,0,0,0
sz002059,0,0,0
sh601996,3000,11934,0
sh600428,2400,0,0
sz300371,0,0,0
sh603389,0,0,0
sh603816,1085,763,0
sz002590,2066,13999,0
sz002386,0,0,0
sh600029,190902,309591,4909
sz002610,13463,4849,0
sz002586,0,0,0
sh603679,0,0,0
sz300525,0,0,0
sh603232,0,0,0
sz300177,0,0,0
sh600644,0,0,0
sz300631,0,0,0
sz300072,9964,6675,0
sz300425,1072,1000,0
sh603198,0,0,0
sh603903,0,0,0
sz000779,0,0,0
sz002480,3426,0,0
sz300388,0,0,0
sz000037,0,0,0
sh600259,309,1444,0
sz300550,0,372,0
sz300297,1092,2002,0
sz300291,2932,1207,0
sh600093,35242,37969,5712
sh601888,32737,22719,2600
sz300360,0,0,0
sz300268,0,0,0
sz002225,0,0,0
sz002695,0,0,0
sz300575,0,0,0
sh603798,0,0,0
sz000600,6475,1808,0
sz300096,2294,0,0
sh600498,24471,10360,1138
sz002331,1900,0,0
sz300537,0,0,0
sz300562,0,0,0
sh603028,0,0,0
sz000529,0,0,0
sh603707,0,1389,0
sh603466,256,1588,0
sz002756,0,655,0
sh601717,2060,0,0
sz300735,0,524,0
sz000650,0,0,0
sz002346,0,851,0
sz000612,0,0,0
sh600754,5863,4643,0
sh601968,0,0,0
sz300437,0,0,0
sz300088,137630,94289,0
sh601038,0,0,0
sz300163,2680,0,0
sz002420,0,0,0
sz000421,0,0,0
sh603993,743323,814747,8069
sh600242,750,0,0
sh600371,0,0,0
sz300239,0,0,0
sh600048,371543,306518,24257
sz002907,28829,13043,2945
sh601208,0,0,0
sz300222,6062,574,0
sh603606,0,0,0
sh600421,0,0,0
sz300075,3108,1658,0
sz002624,4314,4205,0
sz002232,0,5619,0
sh600203,0,0,0
sh603181,0,0,0
sh601886,0,0,0
sz000698,0,1964,0
sh600156,0,3500,0
sz002046,0,0,0
sh603113,0,0,0
sh600683,0,0,0
sz000680,7254,2344,0
sh603868,0,0,0
sz002478,0,0,0
sh600844,0,0,0
sz000630,9147,44457,0
sz002789,300,0,0
sh600617,0,0,0
sz000883,0,0,0
sz000822,2966,0,0
sz000965,0,5850,0
sh603768,0,0,0
sh600626,2000,0,0
sz300483,0,0,0
sh600724,0,0,0
sh600888,0,0,0
sh600854,0,0,0
sh600808,107412,81935,0
sz300573,0,0,0
sz002492,0,0,0
sz300224,27652,12320,0
sz002812,154,100,0
sh603139,0,0,0
sz002130,0,0,0
sz300130,0,0,0
sh600382,0,0,0
sz300445,0,0,0
sz002228,0,0,0
sh603315,0,0,0
sz002158,5424,969,0
sz002751,0,0,0
sz300406,800,0,0
sz000561,1668,0,0
sh600284,3223,2000,0
sz300590,0,0,0
sz002613,0,0,0
sh603839,0,0,0
sh600405,0,0,0
sz002787,0,0,0
sh603026,534,0,0
sh603036,0,0,0
sh600694,0,300,0
sh600373,8521,8672,0
sh600749,0,700,0
sz002281,17520,4908,0
sz002022,3861,5368,0
sh600153,5359,5558,0
sh603658,0,222,0
sh600237,35051,24990,8662
sh600448,0,0,0
sz000860,1095,7718,0
sh600725,0,0,0
sz000536,7958,0,0
sh603006,0,0,0
sh603882,0,0,0
sz002630,2142,0,0
sh603577,1056,0,0
sz002472,0,0,0
sh603517,1505,3437,0
sz002862,467,0,0
sz300216,44719,59266,9891
sz000420,0,0,0
sz000090,1056,4000,0
sh600265,0,0,0
sh600333,0,0,0
sz000977,297366,196196,11238
sz000719,0,0,0
sh603527,0,0,0
sh600586,21775,8953,0
sz002597,10906,9561,0
sz000788,0,0,0
sh600609,0,0,0
sz002405,90402,93780,4180
sh603896,0,0,0
sz000557,0,0,0
sz300245,5232,3288,0
sz300448,0,0,0
sz002391,0,1176,0
sz000705,0,0,0
sh603985,0,0,0
sh603678,500,6175,0
sh601669,1411,43601,0
sz002514,0,0,0
sz300316,12517,14582,624
sh600225,0,0,0
sz002868,0,0,0
sh600216,4652,3756,0
sh600814,0,0,0
sz300716,0,0,0
sz300630,0,221,0
sz002760,2788,1111,0
sh603083,1611,10245,0
sz300326,0,2343,0
sh603722,0,0,0
sh601398,467707,480324,0
sh603098,0,0,0
sh603058,2065,3337,1069
sz002233,0,0,0
sz002684,1730,4557,1701
sh603127,0,0,0
sz002431,5188,1426,0
sz002416,2580,1234,0
sh600900,5261,11573,0
sz000768,19419,16230,0
sz300074,1784,0,0
sz002002,2104,26293,0
sz000700,0,0,0
sz300395,0,0,0
sh603099,0,0,0
sz002563,4413,1435,0
sz000622,0,0,0
sh600901,0,0,0
sh600155,1560,3670,0
sz002021,3309,15712,0
sz300428,0,0,0
sh603311,0,0,0
sh600073,0,0,0
sz000701,4515,0,0
sz002300,0,0,0
sz002102,4837,18175,0
sz000010,2678,0,0
sz300329,2767,0,0
sz300207,69576,9765,1003
sh600851,0,1000,0
sz002753,0,0,0
sz300617,393,512,0
sz300157,15566,1570,0
sz002735,0,0,0
sz000938,32355,34268,1026
sh600011,5266,3542,0
sh600426,8410,14795,0
sz002790,0,0,0
sz002209,1372,1475,0
sh603199,0,0,0
sh603123,0,0,0
sz300688,0,0,0
sh600138,1298,1990,0
sz002447,15524,17158,0
sz300397,0,0,0
sh600853,0,0,0
sz002265,0,0,0
sh600841,0,0,0
sh600781,2179,0,0
sh603578,856,0,0
sz300254,0,0,0
sz002010,1000,0,0
sh601777,0,0,0
sh600163,7767,0,0
sz002688,0,0,0
sz002128,5589,16455,0
sz300641,0,0,0
sz002915,675,366,0
sz002203,0,0,0
sz000657,1500,0,0
sz002452,0,0,0
sh603225,668,421,0
sh603035,0,0,0
sz002024,69106,60977,0
sz002536,0,0,0
sz002237,0,4208,0
sz002173,0,0,0
sh603079,0,0,0
sh600681,0,0,0
sh601928,0,0,0
sz002864,0,0,0
sz300311,3225,1036,0
sh600308,1683,3554,0
sz002364,2030,15891,0
sz300523,0,0,0
sz300552,0,0,0
sz002665,5926,0,0
sz002282,0,1716,1075
sh603319,0,0,0
sz002585,3494,0,0
sh603589,0,603,0
sz002289,1188,2796,0
sh603899,2412,0,0
sz300263,0,1789,0
sz000833,0,0,0
sz300111,0,0,0
sh603701,0,0,0
sz002723,0,0,0
sz002740,0,0,0
sh603568,0,0,0
sz002467,7578,0,0
sh603289,676,810,0
sz300609,0,0,0
sz002689,0,0,0
sh601600,4696503,2975819,148932
sz000913,0,1279,1783
sz300119,0,0,0
sz300178,855,0,0
sh600475,0,0,0
sz002023,0,0,0
sh600266,0,2049,0
sh600350,2017,3686,0
sh600675,0,3000,0
sz002031,7305,0,0
sh600987,1875,990,0
sz300295,3056,1093,672
sh600765,3007,1006,0
sh601611,0,1500,0
sh600493,1512,0,0
sh600884,11560,6601,0
sz002589,0,2055,0
sz002925,22419,24898,2588
sh603365,442,0,0
sh600860,0,0,0
sh603878,0,0,0
sz002191,5392,1400,0
sh600081,0,0,0
sz002361,0,0,0
sz300490,0,0,0
sz002017,0,0,0
sz300301,0,0,0
sh600268,0,0,0
sz002106,7313,0,0
sz000816,137827,105108,3365
sz300692,0,428,0
sh600383,106730,174447,2014
sz300516,0,0,0
sh600390,0,0,0
sh600208,12194,8114,0
sz002605,0,0,0
sh603499,382,939,376
sz000850,0,0,0
sz300520,8288,8310,0
sh603579,201,0,0
sz300137,1691,2758,0
sh600696,0,0,0
sz300615,0,0,0
sz000737,0,0,0
sz300687,302,301,0
sh601677,0,0,0
sz300538,0,0,0
sz002878,627,269,0
sh603966,0,0,0
sz002112,0,1087,0
sz300308,1414,157,0
sz300133,32522,30961,916
sz002214,0,0,0
sh600345,830,510,0
sh601229,9869,39086,918
sh600538,0,0,0
sz002852,0,0,0
sh600965,0,0,0
sh600391,3292,5708,0
sh600222,0,0,0
sz002569,9772,7291,1176
sh603018,886,0,0
sz002529,1611,1000,0
sz300078,7830,1150,1512
sh600821,0,0,0
sz002899,0,0,0
sz300365,1696,0,0
sh600569,71274,65025,0
sz002845,0,0,0
sz300389,0,0,0
sh600990,412,207,0
sh600121,8798,2198,0
sh603477,0,0,0
sz002531,0,0,0
sz002853,0,0,0
sz002793,0,0,0
sz002898,0,0,0
sh603716,1039,0,0
sz002025,7136,3733,707
sh601101,0,3872,0
sz000610,0,0,0
sh603023,0,0,0
sh600452,0,0,0
sz300625,0,0,0
sh600768,0,0,0
sz002750,0,0,0
sz002241,83816,100713,1621
sz300304,10755,1635,0
sz300376,6796,2000,0
sz000584,0,0,0
sz002250,1327,2000,0
sz002728,0,0,0
sz002254,3641,1848,0
sz002014,0,0,0
sz300132,0,0,0
sz002141,0,0,0
sz300364,24961,14188,3584
sz300530,0,0,0
sh600126,1940,6090,0
sh600712,0,0,0
sz300282,0,0,0
sz300124,9191,6613,577
sz000089,0,0,0
sz002709,1609,1720,503
sh603126,0,0,0
sz002146,85078,146466,1122
sz300115,10635,11978,0
sz002776,0,0,0
sz002190,1211,2473,0
sz002460,131590,99051,13644
sh601106,3384,0,0
sz300223,886,673,0
sz000639,0,0,0
sh603639,0,0,0
sh603200,0,0,0
sz300190,0,0,0
sz002570,2613,4754,0
sz000685,0,0,0
sz300008,0,12394,0
sz300710,0,0,0
sz300509,0,0,0
sz000669,0,0,0
sz300123,0,0,0
sh603040,0,0,0
sz002083,0,0,0
sz002330,2201,0,0
sh600297,2132,5206,0
sh600862,2973,0,0
sz300443,0,0,0
sz000999,515,1035,0
sh603558,0,0,0
sz300247,12615,5394,0
sh603283,0,2758,0
sh603456,17231,1600,0
sz002077,0,1609,0
sz002908,865,998,0
sh603355,336,0,0
sz000909,0,0,0
sh600172,117213,55947,0
sz300271,67605,36845,3490
sz000060,3048,38718,0
sz002371,24675,13200,2069
sz002142,20266,14509,0
sz002429,15112,10380,0
sh600127,8266,0,0
sh603007,1039,0,0
sz000155,17856,6766,0
sh600060,1488,5550,0
sz002216,0,0,0
sz000589,0,0,0
sz002832,0,0,0
sh603367,621,0,0
sh600558,0,0,0
sz000633,0,0,0
sh600805,0,0,0
sh600523,0,0,0
sh603316,0,0,0
sz000959,0,0,0
sh600757,1599,0,0
sz300432,2389,0,0
sh603368,636,0,0
sh600575,0,0,0
sh600018,70887,143470,0
sh603999,0,0,0
sh600971,9247,16393,0
sz300467,559,535,0
sh603615,0,0,0
sz002583,3330,2023,0
sh600714,0,0,0
sz000607,3057,0,0
sh603268,391,0,0
sh600605,3777,0,0
sh600114,0,0,0
sh600212,11711,40307,0
sh600358,0,0,0
sz002229,91611,45994,9204
sz300201,8345,2036,0
sh600469,0,0,0
sz002140,0,0,0
sz002039,0,0,0
sz002725,0,0,0
sh600301,0,0,0
sz300570,0,0,0
sh600125,4777,5400,0
sz002264,4168,1566,0
sh603335,0,0,0
sz000970,49751,25434,0
sz002249,0,1599,0
sz000776,16691,15833,1282
sz000059,12983,23382,0
sz002926,98752,49824,4212
sz002238,0,0,0
sz300012,0,2423,0
sz300141,0,0,0
sz300129,0,2800,0
sz002306,0,0,0
sh600522,53055,42950,5075
sh603688,0,0,0
sz002600,32588,37142,0
sz002683,0,0,0
sz002503,0,0,0
sz000166,9511,17400,0
sh600796,0,0,0
sh600149,0,0,0
sz002544,5644,1804,0
sz000976,1287,1400,0
sz300037,2819,1258,0
sz000761,0,5016,0
sh600535,374,1412,0
sz300528,0,0,0
sh600136,5139,0,0
sh600743,0,0,0
sz300339,4901,2070,0
sz002375,0,0,0
sz300612,821,1495,283
sz000978,0,0,0
sz300033,8633,5462,0
sz002291,0,0,0
sh601999,0,0,0
sz000652,10477,0,0
sz002886,0,0,0
sh601789,0,0,0
sz300401,3904,4102,222
sz002084,0,0,0
sz002118,19040,0,0
sh600876,0,0,0
sz300679,595,0,0
sz000012,1256,8153,0
sz002916,9090,7538,416
sz000032,0,0,0
sh600879,16365,5335,0
sz002268,13791,2692,0
sz000676,0,0,0
sz000619,0,0,0
sh601001,1788,0,0
sh603189,781,0,0
sz002777,501,0,0
sh600511,0,0,0
sh600169,0,0,0
sz002175,12244,6367,0
sz002576,0,0,0
sz300416,0,0,0
sh603556,0,0,0
sz300048,13776,0,0
sz002679,0,0,0
sz002482,0,0,0
sz002540,0,0,0
sz300136,11545,16846,325
sz300629,0,0,0
sh603833,99,82,0
sh601168,10509,7437,0
sz002320,37032,37075,4333
sz002071,1200,0,0
sh600939,0,0,0
sz300367,90150,79944,5336
sh600151,0,0,0
sh603169,0,0,0
sz002211,0,3725,0
sz002079,13763,3823,0
sz002473,0,0,0
sh603015,0,0,0
sh600797,71984,32747,0
sz300243,0,0,0
sh600488,0,0,0
sz002803,1150,0,0
sz300028,12507,69990,0
sh603709,0,753,0
sh600598,13348,6038,0
sz002424,1287,4026,0
sh600825,0,2050,0
sh600223,0,5948,0
sz002893,458,480,0
sh600761,1277,0,0
sz300257,0,618,0
sz000782,0,0,0
sz300421,0,0,0
sz000723,4820,3905,0
sz300331,0,751,0
sh603788,0,0,0
sz300283,0,0,0
sh603330,500,0,0
sz002351,0,0,0
sz002062,0,0,0
sz002236,206545,108116,11604
sh600822,7488,3431,0
sh600185,2490,10899,0
sh600782,64611,43343,0
sh603818,0,0,0
sz000707,0,0,0
sh601668,213190,159509,0
sz300262,0,0,0
sz000915,5077,1072,0
sh600461,0,0,0
sz300556,0,544,0
sz002821,561,918,222
sh603808,0,0,0
sh603800,2464,0,0
sz002470,5210,6668,1818
sz000550,1195,0,0
sz002713,374,0,0
sz002151,3278,2343,0
sz002145,16044,5874,0
sh603600,0,0,0
sz300085,68386,43267,5186
sh600230,1241,4494,0
sz002328,4060,0,0
sz002408,4201,7736,0
sz000551,0,0,0
sz002314,0,3321,0
sh603378,0,0,0
sz002194,0,2700,0
sz002572,0,2502,0
sh600864,0,0,0
sh600028,286352,275981,2343
sz000981,0,0,0
sz300522,0,0,0
sz300193,0,0,0
sh600019,156227,179638,0
sh603421,0,0,0
sz002897,384,0,0
sh600361,0,0,0
sz000801,3755,8667,0
sz000596,708,0,0
sh603338,875,152,0
sh600418,0,1372,0
sz002316,2743,0,0
sh601318,250746,209963,19366
sh603138,1865,744,0
sh600131,0,0,0
sz002406,0,1918,0
sh603308,2118,792,0
sz002546,0,0,0
sz002374,0,0,0
sz300253,42112,26525,0
sh600557,1603,1186,0
sz300252,4029,1001,0
sz002912,819,167,90
sh601326,0,0,0
sz300470,0,0,0
sz000868,19092,11986,0
sh600815,0,0,0
sz000767,3778,0,0
sh600489,5149,23854,0
sz300488,380,0,0
sz002120,3282,273,0
sh600090,9230,8415,0
sh603655,0,0,0
sz002551,1925,0,0
sz300512,0,0,0
sh603017,0,0,0
sz002063,29848,13156,0
sz000656,6559,7572,0
sh600190,0,0,0
sz000585,0,0,0
sz002402,0,3084,0
sz000928,0,1921,0
sz000826,1361,4055,0
sh603337,500,0,0
sh600299,0,1153,0
sh600984,0,0,0
sh600107,0,0,0
sh600517,0,0,0
sh601965,0,2922,0
sz002549,0,0,0
sz300485,0,0,0
sh601601,15561,17894,976
sh600705,0,9141,0
sh600800,0,4574,0
sh600846,0,3205,0
sz000036,3493,14749,0
sz300179,0,0,0
sz000715,0,0,0
sh600649,1529,0,0
sh600895,8114,2623,0
sh603357,0,594,0
sh600847,0,0,0
sz000552,0,14876,0
sh603002,0,0,0
sz300635,0,0,0
sh600963,7629,5572,0
sh601828,2893,9632,0
sz000066,89457,27574,1514
sz002246,0,0,0
sz300108,0,0,0
sh600543,0,0,0
sh600400,5898,0,0
sh600141,2045,2702,0
sz002439,41908,13749,1636
sz002434,1249,7920,0
sh603277,0,0,0
sh600961,0,0,0
sh601020,0,0,0
sh600251,0,0,0
sh600988,0,11631,0
sh600139,2038,17871,0
sz002836,8825,602,0
sz000917,44535,7971,0
sz002474,7683,1254,0
sz300464,0,0,0
sz300205,2282,13955,0
sz300114,0,1201,0
sz300706,1523,370,0
sh603507,0,0,0
sh600146,5018,3548,0
sz000856,2612,2386,0
sh601555,12354,1376,0
sz300267,2500,18017,0
sh603977,1043,0,0
sh600300,0,0,0
sh603223,0,0,0
sz002215,3507,1655,0
sz300507,911,498,0
sz300309,0,0,0
sz002105,0,0,0
sz300393,574,360,0
sz300378,19021,6697,796
sz000586,0,5805,0
sz002353,10587,3777,0
sz002666,62375,5717,0
sh600351,0,0,0
sh600232,0,0,0
sh600007,0,0,0
sh600505,0,0,0
sh600388,1941,2699,0
sz000861,0,0,0
sz000429,0,0,0
sh600679,0,0,0
sh600419,350,0,0
sz002762,0,0,0
sz000153,0,0,0
sz002490,0,0,0
sz000738,124288,97887,14959
sz002730,0,0,0
sh603979,0,0,0
sz002131,99992,15152,0
sh600285,1150,0,0
sh600377,0,0,0
sz002774,0,0,0
sh600680,0,0,0
sh600526,0,0,0
sz300307,3794,27347,0
sz000595,0,0,0
sh600726,0,0,0
sh603165,400,0,0
sz300566,614,0,0
sz000869,0,319,0
sh600897,0,0,0
sz002053,0,0,0
sz002266,0,0,0
sz002380,0,0,0
sh600339,0,2267,0
sh603025,0,0,0
sz002169,8548,0,0
sz002670,1605,0,0
sz002895,457,0,0
sz300237,7173,4044,0
sh600220,0,0,0
sz002081,5145,7020,0
sz002636,0,0,0
sz002745,273,293,0
sz300187,0,0,0
sh600653,14697,6158,0
sh600637,6005,6544,0
sh603067,0,0,0
sz000713,0,0,0
sh600769,0,0,0
sz000570,0,0,0
sh600613,0,0,0
sz000722,0,0,0
sz000753,0,0,0
sh600476,0,0,0
sh600379,0,0,0
sz002334,12548,0,0
sz300007,1746,0,0
sz000729,9517,3000,0
sz002477,7004,0,0
sh601222,9829,4104,1398
sz002155,0,0,0
sz300541,0,0,0
sh600027,37128,0,0
sz002016,7816,26597,0
sh600459,4501,2621,0
sz300715,0,0,0
sh601607,4670,1626,0
sh601128,2053,3028,0
sz300251,60673,19985,0
sh600330,3528,3212,0
sz002396,29728,13871,968
sh600074,57574,95940,0
sz000829,0,0,0
sh600684,0,12078,0
sz002445,0,6484,0
sh601163,979,1000,0
sh601212,3804,1919,0
sz000980,0,1010,0
sh601616,0,0,0
sh603203,0,0,0
sz300738,7772,10884,527
sz300210,0,0,0
sz300338,0,0,0
sh600640,851,0,0
sz000528,10553,12228,0
sz002093,4796,0,0
sz002611,0,0,0
sz000813,0,0,0
sz300261,3020,0,0
sz000911,0,0,0
sz000988,5482,700,0
sz000968,929,0,0
sh600827,955,0,0
sh600977,5651,6830,0
sz000553,0,0,0
sh603160,660,610,0
sz002240,2168,2512,0
sh600462,0,0,0
sz300725,1507,1077,372
sz002547,80943,50890,0
sz300628,218,102,181
sh600818,1200,0,0
sz002269,0,0,0
sh600053,0,0,0
sz002913,0,0,0
sz300125,0,0,0
sz002126,0,1346,0
sz300001,876,0,0
sz002389,912,3447,0
sh603386,1006,1528,0
sh600552,1745,0,0
sz300029,2353,3467,0
sz000838,0,2283,0
sz002541,0,0,0
sh600731,0,0,0
sh600639,0,0,0
sz002256,2511,0,0
sz300686,0,0,0
sz300515,0,0,0
sz300324,23630,7335,0
sz300693,0,0,0
sz300287,78486,25213,1209
sz300449,0,0,0
sz002654,27834,12286,3387
sh601689,0,1789,0
sz300138,0,1126,0
sz002824,0,0,0
sh600525,4685,4083,0
sz300039,0,1683,0
sz300165,1751,0,0
sh601808,1540,9483,0
sz300611,0,0,0
sz300229,7895,4252,0
sz002018,235473,77859,0
sh601188,0,0,0
sz002567,0,1613,0
sh603801,214,522,0
sh603116,0,0,0
sh600746,0,0,0
sz300605,0,0,0
sh603898,438,0,0
sh603505,21388,35286,0
sz000065,0,0,0
sz300576,0,0,0
sz002407,7711,2673,0
sh603711,0,0,0
sz002798,0,0,0
sz300506,797,556,0
sh603226,0,0,0
sz300349,0,300,0
sz000513,3854,2324,0
sz300057,0,0,0
sz000014,0,0,0
sh600958,1195,3565,0
sz300054,8185,1040,0
sh600366,641,2748,0
sh600830,5044,2774,0
sz002672,3510,0,0
sh600555,0,0,0
sh600319,0,0,0
sz300053,6511,2340,0
sz002070,12821,3370,0
sz000613,1793,0,0
sz300061,0,0,0
sz300285,1200,1350,0
sh603686,0,0,0
sh600803,1304,10754,0
sz002658,990,0,1075
sz000681,15317,18323,1031
sh601333,15709,29793,0
sh600881,3418,0,0
sz300412,0,0,0
sh600859,2637,1104,0
sh603288,0,0,188
sz300645,0,383,0
sz002877,0,0,0
sh603156,3128,1493,136
sh600718,26009,10395,2034
sz002313,2605,1066,0
sh603396,0,0,0
sz000417,0,0,0
sz300672,1089,331,0
sh600622,963,0,0
sz300400,754,0,0
sz300457,8002,1654,0
sh600722,1589,1907,0
sh600422,0,2088,0
sz002475,55858,28341,1594
sh603108,35103,37186,0
sz002159,0,0,0
sh603656,0,0,0
sh600098,0,1787,0
sh600548,0,0,0
sz002779,0,0,0
sz002527,0,1500,0
sh600207,28969,62761,7057
sz300181,11713,12893,0
sh600376,0,1500,0
sz002712,0,1700,0
sz002399,0,1739,0
sz002381,0,0,0
sz300020,12870,1094,0
sz000995,0,1112,0
sh600123,6609,8376,0
sz002125,0,0,0
sh600855,5166,3762,0
sh600583,10186,25160,0
sh600919,39263,36613,0
sh600993,0,0,0
sz000922,0,0,0
sz002231,0,0,0
sz002435,0,0,0
sz000426,8356,8276,0
sh600550,0,5500,0
sh600863,19647,14975,0
sh603286,1051,0,0
sh603936,0,0,0
sz002659,1500,0,0
sz002176,67426,62438,0
sh600692,0,1294,0
sh600655,5274,0,0
sz000803,0,0,0
sz002335,392,0,0
sh600536,36440,32723,4068
sz000601,0,0,0
sz002471,0,10820,0
sz300584,0,0,0
sz300234,0,0,0
sz300546,0,0,0
sz000731,10304,0,0
sz300685,112,242,0
sz300077,5586,6621,0
sh600606,158057,244062,0
sz002806,0,0,0
sz300717,0,0,0
sh601636,107172,105452,0
sh603345,0,0,0
sz300013,0,0,0
sz002649,11565,7749,1264
sh600020,0,5859,0
sz300497,1473,301,0
sh600243,0,0,0
sz300299,10442,9566,0
sh600858,0,0,0
sz300244,17329,15859,496
sh601019,1300,2109,0
sh600480,2661,0,0
sz000736,0,2451,0
sz002230,134940,79679,5953
sz002880,0,0,0
sz000963,1208,448,0
sz000631,0,0,0
sz300567,104,0,0
sz002843,0,0,0
sh603516,1672,1978,749
sz300513,0,604,0
sz300066,16918,6477,0
sz002644,11572,889,0
sz300184,4328,968,0
sz300475,0,0,0
sz300701,0,0,0
sz000659,0,0,0
sz002539,2066,0,0
sh603668,0,0,0
sz002096,0,0,0
sz002698,5256,21906,0
sh600109,27396,12612,0
sh603787,0,0,0
sh603883,2012,3750,0
sh600721,0,0,0
sz002620,0,0,0
sz000430,0,0,0
sz002038,1502,805,0
sz000581,2132,8689,0
sz000692,0,0,0
sh600348,19127,53399,3046
sh600022,132856,99197,0
sh601811,0,0,0
sh603369,6400,700,0
sh603303,0,0,0
sh600118,521,2186,0
sz002856,0,0,0
sh600882,0,0,0
sh603496,0,0,0
sz002359,22404,44329,1466
sz300403,1672,0,0
sz300042,0,0,0
sh600531,0,0,0
sh600962,0,0,0
sz002239,9498,10482,0
sz300553,0,0,0
sz300604,0,0,0
sz002785,0,0,0
sh600546,0,0,0
sh603729,303,1062,0
sh603918,0,0,0
sh600831,1473,0,0
sh600367,0,0,0
sz002652,0,0,0
sz000688,6630,4355,0
sz300643,0,0,0
sh600936,3000,0,0
sz000532,0,0,0
sz300495,1000,0,0
sh603041,0,0,0
sh603515,810,932,0
sh601988,268483,306360,0
sh603081,611,0,0
sh600650,0,0,0
sz000591,2060,5424,0
sz000042,0,0,0
sh601006,20752,62231,0
sz300533,0,0,0
sz000839,19976,35367,0
sz300050,5023,0,0
sz002733,0,0,0
sz000670,45058,66823,0
sh601126,0,0,0
sz002295,0,0,0
sz000673,12471,7423,0
sh603050,0,0,0
sz002449,4507,2906,0
sh600037,3075,1910,0
sz300731,0,0,0
sh600732,0,0,0
sz000690,8527,1978,0
sz002383,2871,1420,0
sz002179,1585,1407,0
sz002883,0,0,0
sz300147,2372,0,0
sh600195,1000,0,0
sh603388,0,0,0
sz000762,1512,781,0
sz300274,14218,9534,0
sz300394,0,0,0
sz002727,1114,3025,447
sz000635,0,0,0
sh600198,18097,26109,0
sz300109,1685,2084,0
sh600597,2002,1024,0
sh603063,1100,0,0
sh603602,0,0,0
sz002693,0,0,0
sz300249,0,0,0
sz002603,0,0,0
sz300430,0,0,0
sh600272,0,1500,0
sz002918,0,0,0
sz000797,0,0,0
sh600008,10779,26112,0
sz000005,0,0,0
sh601899,483724,362226,0
sh603186,0,0,0
sh601010,0,0,0
sz300202,2210,801,0
sh601012,96317,48762,5274
sz300145,1263,911,0
sh600502,21016,10620,0
sz000301,3880,4932,0
sz300713,0,0,0
sz002499,0,0,0
sh600766,3180,0,0
sh601003,4814,8097,0
sz300019,0,0,0
sz300353,88752,98779,9050
sh600082,0,0,0
sh600258,6292,315,0
sh600686,4097,2927,0
sz300288,1165,1145,0
sh601766,76306,96108,0
sh600416,3510,10898,0
sz000791,0,0,0
sh600875,1294,1185,0
sh600499,15670,39464,0
sz002411,2428,807,1471
sz002889,390,0,691
sh600363,0,0,0
sz002136,3307,3085,0
sh600298,500,3844,0
sh600661,839,0,0
sz002154,0,0,0
sz002841,0,0,0
sh600641,1842,0,0
sh600061,0,0,0
sz002454,30033,116880,13707
sz002258,4768,6311,0
sz000925,0,0,0
sz300712,560,0,0
sh600479,905,0,0
sz002855,0,0,0
sh601158,0,0,0
sz002722,448,0,0
sz300121,1177,0,0
sh603178,0,0,0
sh603955,0,0,0
sh603260,1139,2324,0
sh601127,0,0,0
sz002425,1500,1455,0
sh600702,1582,7751,0
sz300153,0,24518,0
sz000521,0,0,0
sz300320,3920,2081,0
sh601018,2352,5849,0
sz002606,17775,19299,0
sh603683,508,1154,0
sh600320,2116,0,0
sh603880,0,486,0
sz002519,0,0,0
sz300150,0,0,0
sz002315,1058,0,0
sz300642,0,0,0
sz000526,0,0,0
sh600973,0,0,0
sz300343,5927,5813,1574
sz000918,3300,0,0
sz300386,1639,788,0
sz002488,4043,0,0
sz002504,0,0,0
sz002171,0,0,0
sh601566,3616,4824,0
sz300135,0,0,0
sh603797,0,0,0
sh603158,0,0,0
sz002274,0,0,0
sz300675,1154,0,0
sz300519,0,0,0
sh600748,1800,0,0
sh600177,11672,3190,0
sz000739,0,0,0
sz002833,0,678,0
sh600310,0,0,0
sz002034,0,0,0
sh600660,3564,3000,601
sz002322,0,0,0
sz002598,0,0,0
sh603738,0,0,0
sh600633,3439,901,0
sz300104,283902,300434,3762
sz002292,15876,6082,0
sz002642,2326,2338,0
sh600206,7942,5953,0
sz000548,0,0,0
sz300442,0,0,0
sh603488,576,4347,0
sz300399,727,0,0
sz000541,0,1407,0
sz002217,8476,10626,0
sz300298,1411,0,0
sh601727,0,0,0
sz300126,1700,0,0
sz300117,4076,0,0
sh600408,0,9303,0
sz000921,0,1003,0
sz300390,0,0,0
sh600713,0,0,0
sz300306,724,0,0
sz300023,0,0,0
sh600035,0,0,0
sz002135,0,0,0
sh600094,1500,7613,0
sz300476,3896,5189,494
sz002765,0,0,0
sz002780,0,0,0
sz000777,0,0,0
sz002116,0,0,0
sh603585,0,0,0
sz300197,1315,3771,0
sh600843,0,0,0
sz300529,388,0,0
sz300571,355,0,0
sz000021,24496,13461,0
sz002076,0,63653,0
sz002057,0,0,0
sz002885,0,0,0
sh600199,0,0,0
sz300363,1000,968,0
sz002419,3232,11488,0
sz300192,0,4551,0
sh603012,0,0,0
sh601588,0,0,0
sz000936,2452,2005,0
sz000004,0,0,0
sz300466,0,0,0
sz300345,0,0,0
sh600446,15470,2507,0
sh600137,0,0,0
sz002581,0,0,0
sz002115,0,3769,0
sh603611,509,0,0
sz300097,7903,14410,1694
sz300155,0,0,0
sz300206,0,0,0
sh600701,3625,0,0
sz300720,0,0,0
sh600530,0,0,0
sz300347,0,0,0
sh600004,0,1185,0
sz300022,2000,4000,0
sz000859,0,0,0
sh600671,2510,1390,0
sh600529,0,623,0
sz000667,4000,0,0
sz002013,3752,1057,0
sh600985,0,1830,0
sh601155,30193,35462,3531
sz002134,0,0,0
sz300127,1263,634,0
sz002138,13659,4092,0
sz002436,6992,12010,0
sz300540,0,0,0
sh600975,2358,0,0
sz002702,0,0,0
sz002796,0,0,0
sh601100,7364,5163,696
sz002290,0,0,0
sh601952,0,2772,0
sh600755,11798,7853,0
sh600980,0,0,0
sz002609,0,0,0
sh600779,1709,1725,0
sz002680,1000,0,0
sz002818,0,892,0
sz300624,1892,3066,253
sh600332,1671,1803,0
sz300510,0,416,0
sz300527,4222,900,0
sh601336,14079,14005,1575
sh600889,0,0,0
sh600252,5373,4000,0
sz000720,0,0,0
sz300087,12835,0,0
sh600809,4919,5607,0
sh603458,161,0,0
sz002602,2063,920,0
sh600178,0,0,0
sz300462,1907,627,550
sh600801,9950,20476,0
sh600183,26569,16448,0
sz002829,0,0,0
sz000069,22063,46121,0
sh601933,51658,59448,0
sh601966,1417,2750,0
sh603506,610,0,0
sz002065,174076,68153,0
sz002279,39366,19287,0
sh600467,4000,0,0
sh601799,244,0,0
sz300246,0,0,0
sz000603,0,0,0
sz300633,0,0,0
sz002349,0,0,0
sz000795,0,0,0
sz000039,2787,3051,0
sh600278,0,0,0
sh600563,251,2398,0
sh601901,2007,0,0
sz300492,0,428,0
sh600176,13900,25594,0
sz002703,0,1588,0
sh600521,19051,504,0
sh600077,12576,4028,0
sz002587,0,0,0
sz002369,43905,15066,0
sh603566,0,0,0
sz002280,42525,8888,3414
sh603298,0,0,0
sz300730,1873,1473,0
sh603016,0,0,0
sh601288,1219819,853765,0
sz000682,0,0,0
sz002248,0,0,0
sz300532,3008,430,576
