sz300146,25514,22687,998
sz002763,0,0,0
sz000695,0,0,0
sz002481,2356,8328,0
sz002371,21431,9547,1047
sh600973,0,0,0
sh600326,2746,16678,0
sh601992,146761,135067,3834
sz300723,762,613,0
sh600741,22762,14584,382
sh601949,80802,71958,2133
sz300304,3766,1484,3095
sz002062,11110,13120,0
sz002262,4684,0,1108
sh600874,14370,17041,2029
sz002554,3000,0,0
sz002903,0,0,0
sz300686,0,561,0
sz002837,4231,1396,1058
sz002660,0,0,0
sh601388,3284,26364,0
sz300542,1622,305,0
sz300663,1314,4967,0
sh600868,12890,18272,0
sh601200,0,3202,0
sh603979,0,0,0
sz002620,0,0,0
sz000892,0,0,0
sh600183,17299,26240,1321
sz002378,0,0,0
sh601969,0,0,0
sz000783,58419,33594,0
sz002448,0,0,0
sz300085,1982,2302,0
sz002706,0,0,0
sh600511,0,2125,0
sh603067,0,0,0
sz002875,0,0,0
sz300058,84759,65908,2236
sh600831,0,0,0
sz300588,0,0,0
sz000761,26747,54672,0
sh600704,49670,11260,0
sz000676,2752,4737,0
sz000598,4366,6467,0
sh603677,490,0,0
sz300202,0,0,0
sz000972,0,0,0
sz300112,0,0,0
sh603289,1028,568,0
sz000862,0,0,0
sz002911,11211,11934,526
sh603603,0,0,0
sz002472,0,6110,0
sz002437,19450,0,0
sz300531,952,5138,0
sz002871,527,0,0
sz002274,0,1592,0
sh603444,299,170,0
sh600507,30150,33927,1778
sz002105,0,0,0
sh600773,0,2288,0
sz002255,0,0,0
sz300662,541,0,0
sz300706,1261,820,0
sz002664,0,1600,0
sh603116,849,0,0
sz002214,0,0,0
sz300066,2900,0,0
sh603166,0,0,0
sh600962,1725,0,0
sh601811,0,0,0
sh600676,0,0,0
sh600623,12409,1832,0
sz300586,0,0,0
sh600469,0,0,0
sz002788,0,0,0
sz300257,0,0,0
sh600565,0,15735,0
sh603038,0,0,0
sh600722,0,0,0
sz300270,0,0,0
sz002529,2507,0,0
sz002248,2195,7386,0
sh600498,13195,9304,0
sh600211,538,0,0
sz002755,0,421,0
sz002879,12339,668,223
sh600884,2343,9736,0
sh600481,0,0,0
sz300561,6653,16196,239
sz002211,0,0,0
sz002208,0,1000,0
sz000301,0,5819,0
sz300056,0,0,0
sh600398,9737,22224,0
sz300702,0,0,0
sz000533,13234,1799,0
sh600834,0,0,0
sz300197,12322,2973,0
sz000625,8383,7542,0
sh603326,0,0,0
sz300007,1238,0,0
sz000735,141513,77220,0
sh600332,20836,25772,0
sh600606,543784,657560,14065
sz300117,2611,0,0
sz002018,0,8192,0
sz002184,0,0,0
sz000755,0,0,0
sz002179,2062,1593,0
sh601999,1743,3398,0
sz002415,63090,81855,2848
sz002204,0,19937,0
sz002613,0,0,0
sh600775,0,1499,0
sz300517,0,0,0
sz000663,900,695,0
sz300512,1199,0,0
sz300018,3782,2045,0
sz300339,0,0,0
sh600810,0,0,0
sh603496,0,0,0
sz000777,680,3985,0
sh600320,57063,33095,0
sh600122,11399,4979,0
sz000716,2730,0,0
sz300072,24778,14704,0
sz002671,0,0,0
sz002178,0,0,0
sz002308,2720,0,0
sz002162,0,0,0
sh603839,0,614,0
sh601118,0,15387,0
sz000811,0,5000,0
sz300306,828,700,0
sz002843,0,0,0
sz000971,4058,2300,0
sh600218,0,0,0
sz300241,7950,8208,0
sz002598,0,0,0
sh603096,1093,0,0
sz000718,23021,99715,4022
sz000622,0,0,0
sh603030,5050,0,0
sz002498,5150,0,0
sz002644,4968,8836,0
sz002728,0,0,0
sz002476,2682,0,0
sz002198,0,0,0
sz000681,10766,4669,514
sz300082,0,0,0
sh603528,0,0,0
sz002383,817,0,0
sh601996,3136,2065,0
sh603363,35925,43299,4235
sz002151,28381,11980,1014
sz000919,0,1100,0
sh600714,0,0,0
sh600029,558146,403618,0
sz002369,6412,4317,0
sh600180,3684,3602,0
sz002001,56771,82349,4878
sz002077,0,0,0
sh603916,539,654,0
sz300630,722,725,0
sz002873,0,0,0
sh603335,0,0,0
sz000980,887,2198,0
sh603861,0,0,0
sz300401,6449,7092,0
sz300464,0,0,0
sh600329,1717,1207,0
sh603178,1698,0,705
sz002254,22721,6401,0
sh600982,0,0,0
sz000795,0,5920,0
sh603108,18773,3507,0
sz002477,7738,26066,0
sz000837,0,0,0
sz002464,0,0,0
sz002325,0,5961,0
sh603056,0,0,0
sh600241,0,0,0
sh600287,0,1675,0
sh601390,144537,106786,0
sz300233,7238,0,0
sh600433,0,6000,0
sh600379,0,0,0
sh603738,0,0,0
sh603797,0,0,0
sz300676,1298,1267,70
sh600585,77899,74660,3946
sz300262,4068,0,0
sz300596,0,0,0
sz002491,6256,0,0
sh600645,1191,2581,0
sh603223,1325,0,0
sz002692,1072,0,0
sz002136,0,0,0
sz000011,1430,0,0
sh600576,2700,0,0
sz300103,0,0,0
sz300075,1835,1910,0
sh601117,7793,51503,0
sh603199,0,0,0
sh600409,9423,32290,0
sz300381,0,0,0
sh600156,0,0,0
sz300363,4477,827,0
sh600848,2298,6756,417
sh600556,0,2000,0
sz002689,0,0,0
sz000055,108923,141349,38195
sz300527,0,0,0
sz002540,9164,4116,0
sh600795,116785,59256,0
sh600739,22555,36520,0
sz002869,0,0,0
sz002400,46529,41809,5002
sz000568,11535,25043,859
sh600162,13735,33054,0
sz002556,0,10079,0
sz300191,2511,0,0
sz002724,0,0,0
sh600438,51871,37902,1112
sz300371,0,0,0
sz002404,0,0,0
sh600483,0,1703,0
sh600563,1456,1109,0
sz002377,1131,1586,0
sh600456,501,1334,0
sh603826,0,0,0
sz002185,92582,25573,0
sh600075,0,1502,0
sh600802,0,2690,0
sz300040,0,0,0
sz000612,3273,1540,0
sh603966,0,0,0
sh601002,3491,7154,0
sh600110,19432,22402,0
sh600098,11616,6304,0
sz002236,29558,29836,1048
sz300584,356,0,0
sz300223,3650,2064,0
sh600680,0,0,0
sz300407,3243,3159,0
sz000410,8221,4631,0
sz002861,0,0,0
sz002432,7291,2279,0
sz000903,6502,3000,0
sh601208,0,1700,0
sz002610,89889,48532,0
sh600787,14684,18089,0
sh600199,1932,1406,0
sh600100,25980,9737,0
sz002703,0,1500,0
sh600362,130209,211155,3330
sz002195,82115,25682,0
sh603688,0,0,0
sz300199,666,5183,0
sh601005,0,9800,0
sh603912,2304,435,348
sz002484,1795,0,0
sz002730,0,0,0
sh603798,0,0,0
sh601567,0,0,0
sz300025,0,0,0
sz002394,0,0,0
sz002177,0,2956,0
sh600977,48404,26194,2013
sh600467,4168,7893,0
sh600285,0,0,0
sh603612,676,678,0
sh600138,5708,2883,0
sz300012,11182,4000,0
sh600128,0,0,0
sh600566,4355,7816,0
sh600261,0,0,0
sz000635,0,700,0
sh600839,31653,29003,0
sh600070,0,0,0
sh600808,213731,164520,0
sh600209,15094,30216,956
sz300725,849,1874,92
sz000922,0,0,0
sz300154,0,0,0
sh600895,0,1941,0
sh600575,0,4781,0
sh603286,0,259,0
sz300679,873,338,0
sz300101,25128,6782,0
sh601108,200390,191618,16812
sz300089,1121,1247,0
sh600060,31318,11892,1291
sh600861,0,0,0
sz300166,13214,3147,0
sz300122,9230,16793,1212
sz002859,0,0,0
sz000987,1363,1302,0
sz002224,0,1477,0
sh603026,0,0,0
sz300579,276,0,0
sh601595,2804,1000,714
sz000430,2002,0,0
sz002026,0,0,0
sz002100,0,0,0
sh603080,14254,7946,4966
sz002395,0,0,0
sz300418,74997,38769,2078
sh600536,1176,2672,0
sz002196,0,0,0
sz002675,2194,0,0
sz002865,0,0,0
sh600267,18520,32253,2242
sh603586,0,0,0
sh600094,1453,0,0
sz002716,1012,5189,601
sz002648,14028,9234,0
sz002099,2446,4098,0
sh603110,0,0,0
sz002133,0,7967,0
sz002435,0,586,0
sz000333,64154,91976,2708
sz300604,605,0,0
sz300406,0,891,0
sh603007,0,0,0
sz300318,0,0,0
sz002167,0,7008,0
sh600239,27380,26009,0
sz300573,1233,2252,0
sz002539,0,0,0
sh600796,0,0,0
sh600169,16547,6000,0
sz300295,3849,1252,0
sz002230,116532,88131,14305
sh600605,0,0,0
sz000931,0,0,0
sz300705,0,0,0
sz002226,0,0,0
sz002267,0,3229,0
sz000665,0,1358,0
sh601158,0,0,0
sz002661,2000,876,0
sz300599,811,0,0
sz002217,4601,8179,0
sh600303,0,1527,0
sh600012,2397,902,0
sh603355,500,0,0
sz300395,810,0,0
sz000627,10481,7273,1218
sz002509,58710,12524,4622
sh600259,804,566,0
sz002006,1479,1521,0
sh601139,7485,0,0
sz002561,0,0,0
sh603339,0,0,0
sz002240,908,0,0
sz000402,32177,33452,0
sz002810,738,0,0
sz002350,1676,0,0
sz000571,0,3055,0
sz300711,0,0,0
sh600551,0,2749,0
sh603767,0,0,0
sh603638,0,0,0
sh600048,590510,708747,45183
sz300722,0,312,0
sh600719,0,0,0
sz002176,17037,16408,0
sh600530,0,10150,0
sh600067,4652,9590,0
sz000159,0,0,0
sh603396,0,0,0
sz002537,1169,1240,0
sz300286,0,0,0
sz000027,2817,4165,0
sh603721,351,0,0
sz000416,0,0,0
sz002023,1170,2633,0
sh601212,352398,221605,5687
sz000401,27611,32082,0
sh600066,24895,20097,0
sz000762,760,0,0
sh600426,25959,34598,0
sz002768,0,0,0
sh600506,710,1969,0
sh600584,86718,36210,2164
sh600749,0,789,0
sh603063,0,0,0
sz300291,7200,802,0
sz300111,0,0,0
sz000809,0,0,0
sz000691,0,0,0
sh603989,0,1978,0
sz300064,24347,3845,0
sh600603,0,4967,0
sh600123,32023,89849,1207
sh600998,1945,0,0
sh600682,10447,17538,286
sz002298,0,0,0
sh603025,0,0,0
sz000885,968,4725,0
sz300114,0,0,0
sh600732,0,0,0
sh600766,0,1696,0
sh600172,13701,1548,0
sh600626,0,0,0
sh603833,0,723,0
sz000708,0,0,0
sh603879,3000,0,0
sz300688,3285,12011,278
sz002902,2198,1086,0
sz300378,811,0,0
sz002307,2157,25086,890
sh600408,0,0,0
sz002651,0,0,0
sh600837,284117,134276,5698
sh600019,717446,686684,8924
sz002332,2130,0,0
sz002387,5464,1759,753
sz002733,1046,0,0
sz002557,10677,2437,0
sz002142,31348,42299,781
sz002102,8831,10315,0
sh600401,0,0,0
sz300350,0,0,0
sh600009,5978,858,0
sh600025,234638,242324,8827
sh600071,0,0,0
sz300410,1023,588,0
sz300538,0,0,0
sh600604,4732,27612,0
sh600193,0,0,0
sh600093,59957,72793,12139
sz001896,0,0,0
sh600758,1918,6269,0
sz002271,1832,2505,0
sz002266,0,0,0
sh600883,0,0,0
sh603076,328,1739,0
sz000985,0,0,0
sz300287,50201,10204,2256
sz300335,2454,3412,831
sz002857,4669,0,0
sh600373,20598,11623,0
sz300521,2225,1765,0
sz000722,0,0,0
sz002284,0,0,0
sh600217,0,0,0
sz300471,1123,7482,3192
sz300618,4875,2580,226
sz000876,33472,30330,0
sz000666,6818,2102,0
sh600602,0,0,0
sh600850,0,0,0
sz002209,0,0,0
sz002029,0,1600,0
sz300473,0,0,0
sh603258,0,0,0
sz300077,5928,8291,0
sz300123,2000,0,0
sz002021,0,0,0
sh603398,0,0,0
sz000100,365117,513339,0
sh600769,0,0,0
sz000886,4513,13880,0
sz000999,440,1224,0
sh600317,0,5473,0
sz000736,0,671,0
sh600718,12990,2151,0
sh600816,6269,8910,0
sz002069,0,0,0
sh603203,0,0,0
sz002659,900,0,0
sz300453,0,0,0
sh600699,4943,6931,0
sh603078,0,0,0
sh600491,0,1224,0
sz002606,1195,14358,0
sh600139,0,0,0
sz000425,296429,355575,5298
sh600478,2210,1510,0
sz300649,590,1291,0
sz300282,754,742,0
sz000543,9099,8374,0
sh601611,1320,4499,0
sh603579,0,304,0
sz002584,4030,2034,600
sz002625,500,0,0
sz002777,0,0,0
sz002157,2644,5727,0
sh600008,110506,71496,0
sh600177,63546,23757,0
sh600845,10038,7592,0
sz300480,0,0,0
sz300302,0,0,0
sh600215,1212,0,0
sh600220,0,25074,0
sh601688,666801,475515,37722
sz002086,11203,1887,0
sh601288,5462094,4237031,24241
sz300654,0,0,0
sh600095,0,0,0
sz300511,445,0,0
sh603817,0,0,0
sz300551,0,0,0
sh603898,353,0,0
sh600600,3667,7684,0
sh600020,16365,13552,0
sz000518,0,0,0
sh603818,0,0,0
sh601588,15432,13539,0
sh603809,0,0,0
sh600509,2000,0,0
sz000826,0,4598,0
sh600410,8553,6623,0
sz000725,6586824,5843159,142608
sz000589,0,0,0
sz000803,0,0,0
sz002892,0,0,0
sh600097,0,693,0
sh603042,0,0,0
sh603889,0,0,0
sh600836,0,2980,0
sz300554,414,0,0
sz002138,9053,0,0
sz000936,0,6767,0
sz300528,2706,1932,0
sz000753,0,0,0
sz002020,0,5168,0
sz002676,28672,0,0
sh600552,6021,7233,0
sh600269,71913,67579,0
sh601866,24525,0,0
sz002067,4555,19538,0
sz000584,3001,3224,0
sh600958,82168,41205,1788
sh603955,0,0,0
sh601952,4614,5787,0
sz300144,45678,14965,609
sh600777,6719,11784,0
sh603055,796,681,0
sh603456,1970,96271,0
sz000548,0,0,0
sz000632,0,0,0
sz300198,27396,9734,0
sh603228,0,455,0
sz000504,436,1584,0
sz000680,0,3402,0
sz300510,0,0,0
sh600710,0,0,0
sz300375,0,0,0
sz300404,0,0,0
sh600746,3862,0,0
sz002039,697,0,0
sz002732,0,0,0
sz002541,0,0,0
sh603090,0,0,0
sz002365,1276,403,0
sz000538,5013,8350,436
sh600077,0,0,0
sz002276,3324,1346,0
sh603168,0,0,0
sh603779,0,0,0
sz002571,4399,0,0
sz002909,792,0,0
sz002919,2999,685,0
sh600399,0,0,0
sz002670,4191,4799,0
sh600370,0,0,0
sh601800,32171,33259,3377
sz002149,0,1195,0
sz000869,270,404,0
sz002618,0,0,0
sz002455,0,1358,0
sz002290,0,0,0
sh600557,0,0,0
sz002751,0,677,0
sz002207,0,0,0
sh600862,0,0,0
sh600026,31446,15001,0
sz002154,6092,0,0
sh600637,7287,8336,0
sh600151,0,0,0
sh600855,1365,0,0
sz300354,0,0,0
sz002558,862,1069,0
sz300128,5075,5208,1001
sz002034,0,0,0
sh600391,1089,0,0
sh603126,1131,1000,0
sz000656,10043,35239,0
sh600318,0,1229,0
sh601169,356469,309937,0
sh603387,0,174,0
sz000970,7002,11163,0
sz300280,600,0,0
sz300138,0,0,0
sz002499,610,0,0
sz002380,0,0,0
sz000988,7594,8542,0
sz002346,0,0,0
sh600999,178339,110394,7731
sh600053,0,0,0
sz300396,0,0,0
sz300067,12050,4293,0
sh600720,28984,10596,0
sz000617,0,0,0
sh600380,75665,42423,2320
sz300612,3335,5180,1526
sz000738,0,1826,0
sh603859,0,0,0
sz300319,0,0,0
sz000088,0,2238,0
sz002286,0,0,0
sz002044,1947,4640,0
sh603970,600,0,0
sh603900,0,0,0
sz002908,320,910,503
sz002662,0,3000,0
sz000893,15952,19466,0
sh600208,161964,173104,0
sh600350,52022,47444,0
sz002829,0,479,0
sz002288,0,0,0
sh603633,0,663,0
sz002367,0,0,0
sz002856,5277,4855,360
sh600640,0,0,0
sh603676,34838,21992,0
sz002205,0,0,0
sz002232,0,0,0
sz300562,1805,1072,0
sz300415,2000,1660,0
sz000042,0,729,0
sz300210,0,0,0
sh600975,0,0,0
sz002019,7929,36071,0
sh603737,0,0,0
sh603035,794,0,0
sh603698,0,0,0
sz300483,0,0,0
sh600016,880870,665749,14905
sz000910,2445,9719,0
sz300337,0,0,0
sz000737,0,0,0
sz300425,0,0,0
sh600143,0,4000,0
sz002466,9644,11028,1946
sh600648,4788,1832,0
sh600815,0,0,0
sz300700,535,975,0
sh600529,519,0,0
sz002866,34002,10160,0
sz300314,0,0,0
sz300738,0,0,0
sz300059,1627480,1341495,137173
sh600348,14183,34177,0
sz002341,1406,2003,0
sh600459,0,6544,0
sh600716,0,0,0
sz002691,0,0,0
sz300334,5706,7931,0
sh600688,162766,88122,0
sh603730,0,0,0
sz002677,0,850,0
sz002863,41559,108383,1171
sh600580,10507,4805,0
sz300550,0,0,0
sh600231,18028,27012,0
sh600448,9503,2442,0
sh600435,4616,3853,0
sh600356,0,0,0
sh600986,0,0,0
sh600830,1486,7625,0
sz300113,101499,119864,1828
sz300097,3660,2416,0
sh603828,0,1032,0
sz300629,243,300,0
sh603589,8067,2992,0
sh603959,393,381,0
sz300558,514,201,0
sh600082,0,0,0
sz300165,0,0,0
sh601699,53262,79846,1936
sz000756,0,0,0
sh600630,1527,1841,0
sz000935,5834,5927,542
sh600594,2041,7474,0
sz002040,0,0,0
sh600191,0,0,0
sz002771,0,0,0
sz300300,2400,0,0
sz000544,0,0,0
sz300439,0,666,0
sz000021,41665,23418,0
sh603017,0,0,0
sz002534,0,0,0
sz300268,1958,975,0
sz002634,3080,0,0
sz000712,12545,8131,1002
sz300221,4547,6125,0
sz002426,0,0,0
sh601919,170797,70323,0
sh600665,0,2805,0
sz002296,0,2409,0
sz000825,36319,137711,0
sz002530,0,506,0
sz000897,3164,0,0
sz002500,112450,65692,2585
sz002799,0,0,0
sz300463,0,0,0
sz300433,11038,10744,501
sz300181,5892,2666,0
sz002391,0,0,0
sh600496,2949,5848,0
sz300607,0,0,0
sh601100,0,2589,0
sh600618,0,0,0
sh600237,2783,0,0
sz002407,1956,1960,0
sh603500,0,519,0
sz000040,0,1768,0
sz300397,0,536,0
sz002918,531,0,0
sh603008,3433,0,0
sh601186,107070,66505,824
sh600983,0,0,0
sh603606,0,0,0
sz002359,54231,34238,570
sz002493,10889,5519,0
sz300315,191319,98270,0
sh601991,24170,6550,0
sz002139,0,1720,0
sh600894,4489,0,0
sh603169,0,0,0
sh600325,56112,124118,0
sz300695,0,0,0
sh601890,14148,7119,0
sz002032,0,233,0
sz002374,0,0,0
sh601918,5962,6000,0
sh600372,0,1030,0
sz300326,0,0,0
sz002780,0,0,0
sz300534,1904,0,0
sz002126,1193,8000,0
sh600129,0,2502,0
sz300385,0,0,0
sz002175,20029,9557,0
sh600990,2526,721,0
sh601116,1609,2594,0
sh600785,0,0,0
sz000697,0,1917,0
sz002749,0,0,0
sh600592,0,0,0
sz300437,0,0,0
sz000851,3081,0,0
sz000400,1974,2157,0
sh600297,1357,7201,0
sz002886,0,0,0
sh603958,0,2406,0
sh603218,500,0,0
sh603085,5213,735,0
sh600074,0,0,0
sz000880,0,0,0
sz000881,0,1585,0
sh603637,0,0,0
sh601518,3362,0,0
sz300348,839,0,0
sz300576,0,0,0
sz002813,0,0,0
sz300687,0,0,0
sh603617,0,0,0
sz002324,0,0,0
sh603922,0,0,0
sh603569,0,400,0
sz300083,2976,1416,0
sh603987,1505,0,0
sz002430,3377,4534,0
sh601958,3259,17246,0
sz300489,0,0,0
sh603895,0,0,0
sz300664,15229,9090,2154
sz300206,0,0,0
sh600351,0,0,0
sh601985,88092,53767,0
sz000690,24264,6000,0
sh600495,0,4499,0
sz300187,1000,0,0
sh603103,17691,17196,3303
sz300589,0,0,0
sh603685,0,0,0
sh600900,34353,47449,0
sz300602,0,0,0
sz300503,1000,0,0
sz002713,419,905,0
sh603848,1979,0,513
sh600712,0,0,0
sz002778,478,0,0
sh603699,5399,854,0
sz000505,3029,0,0
sh600649,17708,18506,0
sh603776,2141,725,1147
sh600533,0,4117,0
sz300468,0,610,0
sz300142,1859,7350,0
sh603843,0,0,0
sz300246,0,0,0
sz300533,0,0,0
sh603331,0,0,0
sz000514,0,0,0
sz002035,3628,6443,0
sz002570,0,1892,0
sh600228,0,0,0
sh603157,548,864,0
sz000949,2598,0,0
sh600587,0,0,0
sz002645,0,1236,0
sz000150,0,0,0
sh603069,0,2640,0
sh601818,1430963,1263157,20010
sz300110,21857,5128,0
sz002578,2220,0,0
sh600340,97685,101825,7754
sz300571,1645,387,0
sz002853,0,602,0
sh603268,0,0,0
sz002562,3385,2564,0
sh601929,60516,17994,0
sz002042,1034,0,0
sh600706,0,0,0
sh603329,21297,24312,4853
sz000961,56432,102939,2714
sh601222,3436,9027,0
sz300131,7426,0,0
sz000889,0,0,0
sz000977,22525,5006,0
sz002376,22783,4601,0
sz300501,0,0,0
sz002757,0,0,0
sh603238,0,0,0
sh600333,12794,6661,0
sz000672,9773,38182,1865
sh600308,1449,4134,0
sz002237,1225,9671,0
sz002088,0,0,0
sz002413,0,0,0
sz300224,0,0,0
sz300327,816,0,0
sh600880,0,0,0
sz002027,152041,141249,1103
sz300104,1989,0,0
sz000615,8084,10533,1733
sh600197,7071,6255,0
sz300352,4487,0,0
sh600527,0,2221,0
sh600146,1971,4400,0
sh603066,0,0,0
sh600101,0,2227,0
sz300321,0,0,0
sz000639,0,0,0
sz300669,0,448,0
sh601888,11894,13105,1585
sz000750,38041,33645,0
sh603868,170,0,0
sz300091,2100,1000,0
sh600708,23389,26161,0
sz300076,0,0,0
sh600715,15434,7398,0
sh600508,1000,2480,0
sz002439,5222,5100,0
sh601107,0,0,0
sh600996,0,1247,0
sz300652,2210,0,0
sh603567,0,0,0
sz000686,26325,31499,1279
sz000070,0,0,0
sh603050,849,0,0
sz000633,0,0,0
sz002533,0,0,0
sz002022,1946,1783,0
sz002569,642,0,0
sh600917,6674,3876,0
sz002347,0,0,0
sh600624,2000,2061,0
sz002708,0,0,0
sz002017,0,0,0
sz002565,0,0,0
sz000719,0,0,0
sz002646,0,772,0
sz002821,1044,569,0
sz000553,932,2575,0
sz300736,670,581,0
sh600517,1649,6038,0
sz000830,88570,38665,3929
sz000025,409,0,0
sz002145,0,4325,0
sz002773,0,0,0
sz002140,0,2903,0
sz002434,0,0,0
sh600234,0,0,0
sh600436,1910,3084,0
sz002085,1137,1000,0
sh603789,0,0,0
sz002186,0,0,0
sh600289,6256,6093,0
sz300145,5003,13158,0
sz300147,2000,1548,0
sz002405,164921,97942,14224
sh603283,2058,1363,990
sz300431,32182,46366,3548
sh600727,0,0,0
sz002723,0,0,0
sz300541,0,0,0
sh600056,4858,14810,0
sh603229,0,0,0
sz002587,0,0,0
sz002826,738,0,0
sz002593,0,0,0
sz300591,2127,1131,0
sh603896,250,0,0
sh600337,0,3535,0
sz000710,247,0,0
sz000911,0,0,0
sz300052,9403,3410,0
sh603939,0,0,0
sz002206,0,2358,0
sz002588,0,0,0
sz002712,0,0,0
sh603188,1565,1664,0
sz002796,0,0,0
sz000927,0,3006,0
sh600662,2980,0,0
sz002047,7760,0,0
sz300613,1039,284,0
sh600216,13998,26436,0
sh603233,0,0,0
sh600854,0,1879,0
sz000550,1206,6984,0
sh600260,7063,4836,0
sh600272,0,0,0
sz300498,27661,19470,0
sz002852,0,302,0
sh600736,0,0,0
sz002867,0,465,0
sz002895,705,2098,0
sh600190,0,0,0
sh600023,57617,57386,0
sh600780,0,0,0
sz002781,0,0,0
sz000958,5651,11158,0
sz300440,0,0,0
sz000554,0,0,0
sz300476,2249,0,0
sz300380,3288,0,0
sz300301,0,0,0
sz300735,5455,4028,427
sz002746,0,0,0
sh600120,0,626,0
sz002767,0,0,0
sz000868,3849,16155,1318
sz002417,0,1109,0
sz300505,0,0,0
sh600468,0,2488,0
sz000157,44054,58438,0
sz002616,0,1159,0
sh600423,0,0,0
sz000976,5143,2000,0
sz002197,926,1572,0
sh600054,0,0,0
sz300026,38425,27559,0
sz300478,0,0,0
sh601155,120107,105023,18459
sz300277,0,0,0
sh600207,0,0,0
sz300698,2133,1649,365
sz002403,1500,0,0
sz000606,0,0,0
sz002888,0,0,0
sz000655,0,0,0
sz300003,30044,18459,1362
sz002182,1502,3564,0
sz000488,37890,98247,1001
sh600502,7090,2064,0
sh603997,0,0,0
sh601318,649140,783776,112697
sh600617,0,0,0
sz300611,0,0,0
sz002159,0,0,0
sz000068,0,0,0
sz300608,0,0,0
sh600635,0,0,0
sz300349,924,1931,0
sz000715,0,0,0
sh600750,601,1043,0
sz000962,0,2530,0
sz002068,1445,9752,0
sz300034,0,1124,0
sh600225,0,8000,0
sz002632,0,0,0
sh600691,22320,8004,0
sh603208,0,0,0
sh600400,0,0,0
sh600068,75025,79588,0
sh600499,11653,36620,0
sz002679,0,0,0
sz002564,0,2585,0
sh601700,0,0,0
sz002717,1419,448,0
sh603628,0,0,0
sh600091,0,0,0
sh600127,0,0,0
sh600078,0,0,0
sz002791,0,0,0
sz002877,0,0,0
sz002501,2077,0,0
sz002414,0,700,0
sh603669,0,0,0
sz300691,152,0,0
sz300502,1349,0,0
sh600383,113763,128518,5471
sz002549,0,0,0
sz300360,0,0,0
sz002132,4277,4000,3500
sz300238,0,1529,0
sh600368,1968,2074,0
sh601669,18482,16383,0
sh600655,2347,0,0
sh600673,39204,32110,0
sz000607,0,0,0
sh600926,39849,35586,3144
sh600198,4080,2003,0
sh600976,500,421,0
sh603477,1046,0,0
sz300482,0,359,0
sh600353,0,2432,0
sz300426,8661,13339,1432
sz300288,5050,2516,0
sz300497,0,0,0
sz002353,22782,7484,0
sz002057,854,1208,0
sz300436,0,0,0
sz002882,0,0,0
sh600595,11451,27813,0
sz002812,628,1280,0
sh600089,164731,109442,6238
sz300557,0,0,0
sz000572,0,12568,0
sh603133,0,0,0
sz300332,0,0,0
sh600674,9129,15709,0
sh600390,894,4557,0
sz300130,452,0,0
sz002293,0,0,0
sh603801,0,520,0
sh603337,0,0,0
sh601328,1774117,1595947,29947
sh603167,7321,9595,0
sz000729,6612,18194,0
sz300379,1249,2396,0
sz002611,13220,9345,3201
sh601225,76989,94747,0
sz002680,0,1350,0
sh603366,0,0,0
sh600531,31307,60152,0
sz002056,7253,8591,0
sz300488,0,0,0
sh600243,0,0,0
sz002831,479,200,0
sz002285,38552,44404,0
sz300205,973,3539,0
sz002203,0,0,0
sh601558,0,0,0
sh600055,0,667,0
sh600292,0,0,0
sh600694,0,822,0
sz002485,505,0,0
sz000951,18320,3298,0
sh600988,9389,11117,0
sh600644,0,0,0
sh601515,1009,0,0
sh600104,38210,45005,2455
sz000685,13691,6564,0
sz300405,0,0,0
sz000856,29790,11336,1427
sz000155,28891,50620,0
sz002265,3033,0,0
sz300030,7824,5147,0
sz300529,939,0,0
sh603385,0,0,0
sh600579,0,0,0
sz002925,0,0,0
sh601886,8123,13334,0
sz002729,0,0,0
sz000546,664,0,0
sh600393,0,3471,0
sz000423,6422,8565,281
sz002228,0,0,0
sh603825,500,484,0
sz300685,1958,503,0
sz000813,11088,2582,0
sz000652,6848,0,0
sz000899,0,0,0
sh600072,0,1681,0
sz300525,0,0,0
sz002429,63735,48652,0
sz002494,0,0,0
sz002108,0,3777,0
sz300362,0,0,0
sz002115,0,1167,0
sh601677,2300,0,0
sz002165,0,2000,0
sz002030,586,1347,0
sz000403,0,0,0
sz002878,0,0,0
sz002701,0,0,0
sz002731,0,0,0
sz000541,8603,1152,0
sh603181,0,0,0
sh600295,772,2557,0
sz300328,0,0,0
sz300084,1537,0,0
sz002370,0,0,0
sz002496,10381,10554,0
sz002538,21221,2903,3645
sh600165,0,0,0
sh603299,0,3348,0
sz002016,981,6431,0
sz002055,1989,0,0
sz300109,12415,15882,967
sz002064,0,10928,0
sh603345,0,839,0
sh600006,0,3000,0
sh600825,5916,3683,0
sz000597,0,1508,0
sz000967,0,2774,0
sz000018,0,0,0
sh603838,0,0,0
sh600721,0,0,0
sh600755,43756,59771,0
sz300667,0,0,0
sh603788,1527,1355,0
sh600059,1464,1082,0
sz002320,4026,7539,1429
sh600159,6517,0,0
sz300248,0,0,0
sh603226,335,0,0
sz002601,2481,4788,0
sh601500,0,0,0
sz000882,0,7627,0
sz000520,0,14037,0
sz000669,4268,2242,0
sz002272,0,0,0
sz300275,2481,2359,1962
sz002268,2050,1402,0
sh600090,4489,0,0
sh603778,0,0,0
sh600395,9933,6732,0
sh601015,3654,1124,0
sz002770,4522,0,0
sz002802,1229,0,0
sz002667,0,0,0
sz000720,0,0,0
sz300642,0,0,0
sz000975,1821,5738,0
sz002227,0,0,0
sz300027,505712,258153,11391
sz300438,903,0,0
sz002901,1667,0,1516
sz300442,0,0,0
sh600462,0,0,0
sz000338,204337,235057,4368
sh600461,3610,0,0
sz002889,361,0,0
sz300582,0,0,0
sz002443,0,0,0
sz002242,0,1260,0
sz300590,500,0,0
sh603963,0,0,0
sz300009,44898,17186,2526
sz002840,415,1011,0
sz300041,0,0,0
sz300427,0,0,0
sz002013,0,4174,0
sz002281,18279,12858,0
sh600168,0,1600,0
sz002388,0,0,0
sh600882,0,0,0
sz002649,2033,1056,0
sz300366,0,0,0
sh600789,157716,59854,5581
sz000626,1005,0,0
sz002291,0,0,0
sz300093,0,0,0
sz002552,0,0,0
sz000816,0,16922,0
sz000595,0,0,0
sh601899,1173046,954831,50151
sz002449,955,0,0
sh600255,0,0,0
sh603920,2623,0,0
sz300567,1199,414,0
sh600689,0,0,0
sh603378,0,0,0
sz002535,0,2556,0
sh603466,6596,11760,0
sz300011,1452,0,0
sz002386,4707,0,0
sh601011,5649,22235,0
sz002639,5226,0,0
sh600117,3335,0,0
sz300148,69081,55874,1223
sz300234,0,1527,0
sz300387,0,0,0
sz300615,0,0,0
sz300621,1345,0,0
sh600148,0,0,0
sz002847,0,1209,0
sh600599,0,0,0
sh601788,61452,22486,697
sz002833,0,0,0
sz300707,236,0,0
sh603081,0,0,0
sz000404,1842,1911,0
sz002300,0,0,0
sh601058,0,15360,0
sh603088,13876,521,0
sh600970,122556,69393,2411
sz002542,3160,0,0
sz002750,0,0,0
sz002473,0,0,0
sh600690,107542,116267,3770
sz002134,0,0,0
sz002190,0,0,0
sz300320,5558,1981,0
sz000906,5722,8807,0
sh603198,0,692,0
sh600366,0,6635,0
sz000982,2775,0,0
sh601018,9824,26609,0
sz002654,0,0,0
sh600520,4626,1731,0
sh603883,422,0,0
sz000700,0,0,0
sh603936,0,0,0
sz000838,0,0,0
sh600754,1148,1829,0
sh601007,0,0,0
sh603161,663,0,0
sz000789,33834,93210,4744
sz002786,0,0,0
sh601777,1500,1651,0
sz002623,0,505,0
sz300036,15084,3239,0
sz002447,48007,50833,0
sz000989,0,0,1001
sh600416,1005,981,0
sz002805,0,574,0
sh600513,0,0,0
sh600021,0,4858,0
sh603555,7636,1133,0
sz300553,0,0,0
sh603718,4668,3000,0
sz000917,4394,1620,0
sz300384,0,0,0
sz300681,0,0,0
sh600888,0,7136,0
sz002390,18462,17240,0
sz000419,0,2289,0
sz002560,0,0,0
sz002382,4247,11402,0
sz002114,1928,1399,0
sz300201,0,0,0
sz000531,27441,23238,0
sz000630,52981,169744,0
sh600118,2001,0,0
sh600756,6541,1820,0
sz300672,0,0,0
sh600119,0,0,0
sz002153,22313,5214,495
sh600823,46021,177657,0
sz000810,0,0,0
sz300568,0,0,0
sz002759,0,1943,0
sz002655,3896,6551,0
sh600967,3901,9636,0
sz000099,0,0,0
sz002360,0,0,0
sz002897,0,0,0
sz000038,658,0,0
sz000859,0,0,0
sh600266,4314,5908,0
sh600573,0,0,0
sz000890,0,0,0
sh600562,0,0,0
sz300712,1489,1963,0
sh600141,4734,25031,0
sz300587,0,1123,0
sh600550,0,7016,0
sz300215,5005,1603,0
sz002825,0,0,0
sz002563,0,0,0
sh600698,0,0,0
sh603099,0,0,0
sh603158,935,0,0
sz000760,2051,10198,0
sz002007,6200,24597,0
sh603019,83964,44523,12317
sz002475,45205,64178,0
sh600771,282,236,0
sz002783,0,0,0
sh600381,7943,8126,1133
sh600639,700,0,0
sh600619,920,0,0
sz002392,0,0,0
sh600079,32111,10755,0
sh603015,1356,0,0
sh600419,255,0,0
sh601099,218052,157979,0
sz000620,0,0,0
sz000677,5000,0,0
sz000090,0,4256,0
sz001965,16680,9556,2093
sz300367,24222,9580,0
sh600657,4813,15240,0
sz002823,2224,0,0
sh603027,0,0,0
sz300127,0,0,0
sz300720,0,0,0
sz002860,0,0,0
sh600017,5204,6261,0
sz000587,16688,21108,0
sz300255,2039,1912,0
sh601088,59018,107659,8023
sh600336,0,0,0
sz002373,1760,842,0
sh600230,3827,3053,344
sz002173,0,0,0
sh600643,7435,16489,0
sz002462,0,1016,0
sh601231,4473,946,0
sh603978,0,329,0
sz300389,0,0,0
sh600189,0,0,0
sh600490,6140,11247,2759
sh603686,440,0,0
sz300526,0,2861,1451
sz300632,0,0,0
sz000507,4602,3464,0
sh600256,48141,17862,0
sh603690,0,0,0
sz002409,2205,2513,0
sh600747,0,0,0
sh600963,2027,4525,0
sz002419,18750,3266,0
sz002393,0,0,0
sz002015,0,0,0
sh600293,0,0,0
sz300428,0,0,0
sh600449,0,2933,0
sz002745,1419,4797,0
sz002253,912,0,0
sz002687,0,2226,0
sz002278,0,0,0
sh600995,0,0,0
sz000517,67072,106381,0
sh601228,9477,8575,0
sh601211,301609,219879,12728
sz000921,1575,6969,0
sh603816,543,3165,0
sz002740,0,0,0
sz300236,1554,400,0
sz000802,6360,964,0
sz002093,3521,2793,0
sz002397,2516,5612,0
sh600299,0,0,0
sz002714,560,2959,0
sz002156,21284,7181,1716
sz300357,0,0,0
sh603123,0,0,0
sh603101,8098,2034,0
sz300212,8234,1968,0
sz300559,0,0,0
sz002828,0,0,0
sz002111,0,0,0
sz002425,5065,2865,0
sh601038,0,0,0
sz002148,14667,1098,0
sh600107,0,970,0
sh600703,77374,69764,5570
sh600489,22012,38957,1538
sz002572,9345,9042,784
sh603679,0,500,0
sz000016,25754,31289,0
sz002246,0,0,0
sz300074,1424,6610,0
sz002109,0,1859,0
sz300163,0,4000,0
sz000835,0,0,0
sh600759,14162,3693,2601
sz300616,0,62,0
sz300250,0,0,0
sh600153,59675,23994,0
sh600493,0,0,0
sh600310,0,5684,0
sh603527,0,0,0
sh600004,23942,13557,0
sh603232,0,0,0
sz002289,1183,0,0
sz002752,6353,4930,0
sz002817,0,0,0
sz000603,16304,42218,0
sh600537,4796,4861,0
sz002474,0,0,0
sh603811,400,0,0
sz000848,3498,1175,0
sz300183,672,0,0
sh600629,0,0,0
sz000948,0,0,0
sh603727,0,0,0
sz002076,2355,0,0
sh600455,0,0,0
sh601881,400665,358338,13784
sz300137,8086,7559,0
sh600729,5410,4325,0
sz000596,1548,2792,0
sz000791,3485,0,0
sh600311,0,0,0
sz000990,0,0,0
sz300098,20563,3935,0
sh600064,4872,800,0
sh600403,0,0,0
sh600702,3552,5542,0
sz300015,5914,3148,0
sz000997,8853,2675,0
sz000506,0,0,0
sh603517,0,0,0
sz000066,26063,16179,0
sz000089,77041,36088,0
sh601113,0,0,0
sz002252,1893,0,0
sh600246,2500,4661,0
sz300668,1171,2790,0
sz300125,0,0,0
sz000551,0,0,0
sh601398,1755795,1678054,56528
sz002049,77197,45548,8106
sz002349,0,0,0
sz002898,0,0,0
sz002845,0,989,0
sh603388,1238,1173,0
sh601127,610,1138,0
sh600525,0,675,0
sz300500,861,0,0
sz300203,57326,64374,2483
sh600779,2600,4905,0
sh600521,7435,5591,518
sz002811,0,0,0
sz002868,0,0,0
sz300283,0,0,0
sz300290,0,0,0
sh600876,823,0,0
sz300515,0,0,0
sh600360,6488,4084,0
sz002375,4447,1788,0
sz000502,0,0,0
sz300358,0,0,0
sz300461,592,0,0
sz002528,4872,0,0
sz300351,0,0,0
sh603888,709,812,0
sz002305,0,5254,0
sh600446,34783,29705,1600
sh603006,0,0,0
sz300211,0,0,0
sh603928,0,0,0
sz300135,9464,0,0
sh603239,0,0,0
sh601618,157788,77818,3359
sh600675,6000,8401,0
sh601988,1618557,1741418,0
sh603313,433,0,0
sz002576,0,0,0
sz002690,0,0,0
sz300625,474,0,0
sz300537,0,925,2744
sz002696,0,0,0
sh600790,0,0,0
sh601689,0,485,0
sz300382,3602,0,800
sz002318,0,0,0
sz000968,0,1881,0
sz002846,19398,10702,2398
sz300609,291,338,0
sh603926,0,0,0
sz300013,757,0,0
sh600155,22333,8739,0
sz000023,0,0,0
sz002061,10229,1369,0
sh600405,0,0,0
sz002299,800,3355,0
sh600838,0,1043,0
sh601555,33956,18012,8029
sz002457,31406,44843,3110
sh600011,7602,10273,0
sh601101,4003,2912,0
sz000823,3412,41618,0
sz002277,0,13561,0
sz002816,0,0,0
sh603937,0,460,0
sz002841,0,0,0
sh603938,774,585,0
sh600505,0,0,0
sz300029,0,0,0
sz300102,10533,3081,0
sh600696,0,1500,0
sz002808,0,0,0
sh600210,2056,18322,0
sh603711,0,1467,410
sz300620,0,0,0
sh600535,4752,0,0
sh603010,0,0,0
sz300416,0,0,0
sz002054,5600,870,0
sz300164,0,2709,0
sz002590,0,0,0
sz000623,61269,36129,1381
sh600875,18508,8327,0
sz002550,0,4100,0
sz000723,3360,8782,0
sh601717,0,2246,0
sh603616,4447,668,0
sh600609,0,0,0
sh600638,0,975,0
sz300545,731,405,0
sz300636,0,0,0
sz000683,13251,29315,0
sz300231,8940,1169,0
sz300285,0,887,0
sz000721,0,0,0
sz300271,24120,4153,0
sh600418,0,20688,0
sh600121,0,0,0
sh600612,0,0,0
sz300653,0,0,0
sz300398,4242,0,0
sz300065,697,806,0
sz000420,0,0,0
sz002686,1000,0,0
sz300133,92682,124558,933
sz002663,0,0,0
sh601668,2163854,2353769,42573
sz002858,0,0,0
sh603186,0,0,0
sz300435,0,0,0
sz000557,6111,6036,0
sh601718,1776,11830,0
sh603917,0,1336,0
sh603505,730,1641,0
sz002685,0,1400,0
sz000778,67121,31379,0
sh603421,0,0,0
sz002107,0,0,0
sz002471,0,0,0
sz002809,761,0,0
sz000973,0,6993,0
sz000609,0,0,0
sh600966,5722,23373,0
sz002317,3703,7702,0
sh600651,6592,5158,0
sh600791,7948,7096,0
sz300447,0,0,0
sz002699,0,0,0
sh600161,1840,1645,0
sz000567,3529,3614,1201
sh600313,0,0,0
sz002574,1510,1648,0
sz002048,0,0,0
sh603890,296,266,277
sh600601,0,3540,0
sz001979,85453,140591,5829
sz002396,10926,4693,940
sz002916,19618,20510,2288
sz300603,1814,0,372
sz002479,1014,5894,1020
sz300068,2074,5036,0
sh600568,41883,12708,0
sz002669,0,500,0
sh603977,0,0,0
sh603538,0,0,0
sh603083,1426,0,0
sh600543,0,1013,0
sz000582,3247,1598,0
sh601218,0,3157,0
sh600546,5925,5188,0
sz300172,0,0,0
sz000096,0,0,0
sz300217,0,0,0
sz300185,10539,0,0
sz002222,4174,1500,0
sz300261,0,0,0
sh600760,6308,8610,411
sz000065,1365,0,0
sh603393,0,299,0
sh603369,1400,6335,0
sh603033,0,0,0
sh600015,256370,213736,1052
sz300507,0,0,0
sz002090,0,0,0
sz002244,25582,20340,0
sz002025,3772,1061,0
sz000004,1022,1000,500
sz002130,0,7446,0
sz300484,0,0,0
sh603980,5661,1726,0
sh600114,0,0,0
sz002798,0,257,0
sz002595,0,0,0
sz300445,0,730,0
sz000687,0,0,0
sh601229,87984,91944,0
sh603668,0,0,0
sz002424,0,0,0
sz300073,3073,3230,0
sz300678,4624,12308,1169
sz002304,5584,5402,76
sh603906,0,0,0
sh603568,0,0,0
sz000573,0,2016,0
sh600415,6111,16990,0
sh600965,0,7022,0
sh601008,3046,0,0
sh600010,22195,21754,0
sz000937,2138,16437,0
sh600106,0,0,0
sh600518,17293,32592,0
sz000701,0,0,0
sh603177,0,0,0
sz002483,0,0,0
sh600540,0,0,0
sz300150,0,0,0
sz002693,0,0,0
sh600652,10636,14137,0
sz002617,10954,4369,0
sh603878,0,0,0
sh600512,32435,0,0
sz300309,0,1631,0
sz002225,0,0,0
sh603887,0,0,0
sz300184,3036,1192,0
sz002849,0,0,0
sz300263,0,0,0
sh603319,0,7521,0
sh603823,1581,0,0
sz000014,860,0,0
sz300388,695,0,0
sh600805,0,4775,0
sh600590,1047,6110,0
sz300347,503,0,0
sz300096,1241,2000,0
sz002340,38334,55434,0
sz002838,0,0,0
sh600728,1417,11093,0
sz002698,0,0,0
sh600879,15470,19529,0
sh603615,0,0,0
sh601258,66431,22354,0
sz300481,9530,2156,2001
sz000981,0,1614,0
sz300710,0,0,0
sz002201,0,0,0
sz000565,0,1876,0
sh603726,0,0,0
sz000679,0,0,0
sz002094,2757,2115,0
sh600503,9594,17654,0
sh600549,17689,28764,2896
sh600774,0,1395,0
sz000929,0,0,0
sz002884,0,0,0
sz300346,1513,830,0
sh600841,0,0,0
sh603998,0,917,0
sz000659,0,8000,0
sz002862,1000,0,0
sz002294,3136,1980,250
sh603636,1487,0,0
sz002389,674,1110,0
sh603799,41018,42518,5250
sz300403,0,0,0
sz300254,0,0,0
sz002743,1895,1326,0
sh603777,0,0,0
sz300639,0,206,0
sh600909,37713,55178,3033
sz000959,0,3679,0
sz300253,57408,18120,1573
sz000539,8798,0,0
sh600463,0,900,0
sz000875,2888,10267,0
sz300479,0,0,0
sz000670,13470,9887,0
sh600519,12095,13894,2242
sz300600,0,0,0
sh600653,0,0,0
sh600338,303,1304,0
sh603557,0,0,0
sz002765,0,0,0
sz300265,0,0,0
sh600343,871,0,0
sz002609,0,0,0
sz000039,8110,28192,0
sh600235,1713,0,0
sh601878,32102,37800,941
sz300717,0,468,0
sh600971,45847,91661,3923
sh603639,0,0,0
sz300006,10124,2106,0
sz300555,0,0,0
sz300577,0,0,0
sh600871,79895,40315,0
sz300099,0,0,0
sh600581,80350,48587,1575
sz002824,0,0,0
sh600984,0,2594,0
sh600050,808267,917545,1710
sh600113,1240,2241,0
sh603389,0,0,0
sz002125,0,0,0
sh603179,997,0,0
sh600479,0,702,0
sz000153,0,0,0
sh603716,0,0,0
sh603323,178687,199881,29780
sh600281,0,0,0
sz300448,0,658,0
sz300495,18895,1610,0
sz002642,5395,2090,0
sh600847,0,0,0
sh603117,0,0,0
sz000727,4281,5006,0
sz002758,0,1800,0
sh603535,407,0,0
sh601326,7886,20392,0
sz300155,0,0,0
sh600793,1045,0,0
sz002031,9114,0,0
sh603766,17484,20444,0
sh601179,6036,21858,0
sh603909,0,0,0
sz002527,0,0,0
sz300597,0,0,0
sh603139,0,0,0
sh601908,0,2000,0
sz300325,0,0,0
sz002605,969,0,0
sz002643,6044,0,0
sh600979,0,0,0
sz000069,217313,271639,13032
sh601519,4068,2858,0
sh603988,310,615,0
sh600671,0,0,0
sz300160,0,0,0
sz300046,3912,0,0
sh600278,0,0,0
sh603819,0,0,0
sz000586,0,650,0
sz002657,10343,1864,0
sz002011,2525,0,0
sz300459,1135,1000,0
sh603499,0,0,0
sh603877,0,0,0
sh600615,0,0,0
sz002155,6510,6527,0
sz002806,0,703,0
sh603588,0,0,0
sz300716,0,0,0
sh600371,0,0,0
sz300078,24799,2430,0
sh601798,0,0,0
sh603260,11621,12210,1645
sh603611,0,0,0
sh603003,0,0,0
sz002822,0,0,0
sz002193,0,620,0
sz300491,0,0,0
sz000963,2402,596,0
sz002342,13278,3330,0
sh600803,5087,5975,0
sz002887,0,384,0
sz300377,15511,10641,0
sh603338,1635,365,0
sz000828,2243,1000,0
sz002009,2352,0,0
sz000593,0,0,0
sz002121,0,3671,0
sh600824,2303,0,0
sh603899,999,0,0
sh600288,2209,0,0
sh600258,2784,3138,0
sz300514,488,557,0
sz002071,8269,0,0
sz000726,2798,0,0
sz002766,1478,0,0
sh603661,0,0,0
sz300729,0,0,0
sz002171,0,0,0
sh600660,6044,16364,0
sz002275,0,0,0
sh600828,0,0,0
sz000926,28999,30995,2326
sz300661,124,0,0
sh600522,120681,119988,0
sz002531,4325,7581,0
sh601801,3287,0,0
sh603993,320311,374612,4873
sh603315,0,0,0
sh603882,0,362,0
sh600761,0,3497,0
sz000860,4810,7693,2418
sh603018,400,0,0
sh600069,7452,2751,0
sz300324,4483,4273,670
sz300121,0,0,0
sz300460,0,0,0
sz002637,0,0,0
sz002152,36486,31400,0
sz300281,0,1444,0
sz000005,0,0,0
sh601111,147368,77709,2510
sz000928,3653,0,0
sz002468,0,0,0
sz000667,8130,49311,0
sz300513,0,0,0
sz002463,22970,28164,0
sz000650,25531,0,0
sz300638,863,0,0
sz300466,2796,7754,0
sh601607,4948,8545,0
sz000668,0,0,0
sh600250,2773,0,0
sz300299,2700,0,0
sh603866,450,0,0
sz002582,916,0,0
sh603578,0,0,0
sz300243,0,0,0
sz000525,526,502,0
sz000534,2668,0,0
sh600588,35360,17351,0
sz300249,1440,0,0
sh600406,15377,5275,0
sz000993,2000,0,0
sh600620,0,3229,0
sh600628,0,0,0
sz002411,904,600,0
sz300169,0,0,0
sz002431,13736,10104,0
sh601016,5695,0,0
sh601579,0,0,0
sh601199,0,0,0
sh600701,0,2891,0
sz300393,300,0,0
sz300467,905,0,222
sz002229,0,0,0
sz002653,0,0,0
sz300057,0,0,0
sh600523,1684,1000,0
sz300709,0,0,0
sz000429,2671,0,0
sz000752,0,0,0
sh603488,500,0,0
sh603330,0,0,0
sh600821,0,0,0
sz002747,0,1800,0
sz002089,0,0,0
sh603000,2096,2000,0
sz300365,2323,1972,0
sz300269,870,0,0
sh600105,1937,0,0
sh600851,0,0,0
sz000498,0,0,0
sh600797,13456,5720,0
sz300289,0,0,0
sz300162,0,0,0
sz002478,0,4200,0
sz300420,0,0,0
sz002280,16956,0,0
sz002893,3600,4689,0
sz002137,0,0,0
sz300207,17995,3531,0
sh600636,0,4428,0
sh600819,0,0,0
sz002310,6098,7842,0
sz000536,17689,8105,0
sz002364,0,0,0
sh603322,0,0,0
sh603036,0,0,0
sh600188,25140,31085,0
sz002635,4663,11868,504
sz002052,0,0,0
sz002097,3927,0,0
sz002212,17616,2104,5000
sz300247,3262,0,0
sh600339,2574,1819,0
sz300080,0,0,0
sz002406,0,0,0
sz002516,42788,9892,0
sz300726,2320,3521,0
sz300733,21014,8966,5230
sz300343,1020,1659,0
sz300684,24047,13183,4969
sz300556,420,0,0
sh603060,0,0,0
sh600201,1077,3504,0
sz300175,0,1997,0
sz000528,0,6373,0
sz002169,0,0,0
sz300732,7449,6122,842
sh603659,2612,2277,979
sz300670,0,0,0
sh603308,0,960,0
sz300022,0,3900,0
sh600863,16313,4806,0
sz300623,0,0,0
sz002249,2615,3456,0
sz000408,5711,12929,0
sz002302,5156,5052,0
sh603359,0,0,0
sz002046,0,8078,0
sz300373,1692,387,0
sz000733,0,0,0
sz300182,88481,41912,0
sz300218,1418,0,0
sh603556,0,0,0
sz000050,45924,27897,0
sh603689,894,0,0
sz300192,0,0,0
sz300631,0,0,0
sh603040,0,166,0
sz002672,0,2711,0
sz300272,0,0,0
sh600856,91651,22500,2005
sz002002,5000,2000,0
sz002603,0,0,0
sz300151,0,0,0
sh603856,545,0,0
sz000858,91066,99728,11181
sh600319,7728,1122,0
sh600170,107954,96718,0
sz000888,2518,0,0
sh603626,0,0,0
sz300033,72152,54647,8881
sz300633,0,0,0
sh603131,0,0,0
sz000728,81676,51919,2114
sh601666,8535,25846,0
sh603558,1880,0,0
sz300423,0,0,0
sz000601,3439,0,0
sz002043,15176,8111,0
sz002187,1004,0,0
sz002807,50101,51655,1130
sh600770,1360,2039,0
sz002120,0,232,0
sz300535,0,0,0
sz000510,0,0,0
sh600300,0,0,0
sz002612,0,0,0
sh600298,9719,42130,676
sh600132,594,2535,0
sh600248,0,0,0
sz002876,410,348,0
sh600327,0,0,0
sh600889,0,0,0
sz000012,19413,29410,0
sz002279,2981,1323,0
sz000032,1048,0,1216
sh601858,1056,0,0
sh603380,0,0,0
sz002150,0,0,0
sz300178,739,0,0
sz000610,1951,0,0
sh600251,1245,3444,0
sz300259,0,0,0
sz300044,12835,5304,0
sh600598,19398,28498,0
sz002910,7315,2799,0
sz000852,5233,0,0
sz002441,0,0,0
sz300693,313,0,0
sz002543,1244,0,0
sz002338,0,0,0
sh603806,0,0,0
sz300376,15938,21600,12943
sh601901,55503,59022,0
sz300697,0,0,0
sz002832,0,0,0
sz300696,0,0,0
sz002352,272,0,0
sh601368,0,2256,0
sh600028,2895566,2370735,39861
sh600737,10681,10158,0
sz000815,0,0,0
sz300061,900,0,0
sz300094,0,0,0
sz300235,0,0,0
sh600993,646,3108,0
sh600058,2076,0,0
sh600276,28458,17245,534
sh600306,0,1000,0
sz002333,0,893,0
sh603918,1289,0,0
sh600196,47470,37129,2456
sz002626,2346,1313,0
sh600160,3097,8313,0
sz002038,5850,5053,0
sz000786,62415,26098,2481
sz002518,0,0,0
sh603300,0,0,0
sh603266,0,0,0
sh600238,0,3364,0
sz300195,0,0,0
sz002010,0,0,0
sh603630,0,0,0
sh603358,0,0,0
sz002627,0,0,0
sz002920,8648,7283,634
sz300252,0,0,0
sh603968,800,0,0
sh600742,2215,4974,0
sz002202,22773,38249,1809
sh600268,0,0,0
sh600560,0,0,0
sz000933,49098,124289,0
sz002891,0,0,0
sz300429,0,600,0
sz002113,1918,900,0
sh600985,0,710,0
sz002917,2029,1322,0
sz002362,13071,1016,0
sz300606,0,0,0
sh601989,685104,484734,2629
sz002790,0,0,0
sh603225,288,618,0
sh603106,1012,3696,0
sz002503,2269,0,0
sh603990,0,0,0
sz300190,0,0,0
sz300239,0,0,0
sh600778,0,0,0
sh600035,0,5000,0
sz002053,0,0,0
sh600555,0,2500,0
sh600616,1388,5000,0
sh600302,0,0,0
sh600764,12178,9915,0
sz000619,0,0,0
sh600867,6912,11445,608
sh600305,0,3892,0
sz300657,0,632,0
sz300677,421,188,0
sh600528,1651,8008,0
sh600687,1689,0,0
sz300140,718,0,0
sz000409,0,0,0
sz002519,0,0,0
sz300369,0,4683,0
sz002110,43249,60458,2882
sh600569,40798,58514,0
sz000966,0,0,0
sh601599,9309,0,0
sh600684,0,13692,0
sz000717,41849,107742,0
sz000932,9324,34303,0
sh600027,57506,78349,0
sh601001,4093,6259,0
sh600713,0,0,0
sz300622,0,0,0
sz300499,0,0,0
sz300701,0,306,0
sz300021,0,0,0
sz002652,2821,0,0
sz300039,0,0,0
sz300051,20808,0,0
sh600571,5701,2060,0
sz002354,24540,17249,0
sh601799,237,214,0
sz300251,206317,144917,19360
sh603005,2434,504,0
sh600166,41934,53998,0
sz300284,0,0,0
sh600677,0,0,0
sz300422,0,1000,0
sz000920,0,0,0
sh603858,667,1546,0
sh600933,0,1017,0
sh603009,8292,10842,0
sh600022,129523,141013,0
sh600367,0,0,0
sz000590,0,0,0
sz002014,0,1000,0
sh600185,1838,20089,0
sz300640,0,0,0
sz002096,0,0,0
sz002192,2513,1439,373
sz000570,0,0,0
sz000417,0,1378,0
sz002273,10393,4320,0
sz000798,0,1311,0
sz002368,482,1771,0
sz002737,0,0,0
sh600822,5607,8042,993
sz002445,5861,20411,0
sz002331,0,1500,0
sz300001,4683,1950,0
sz002619,17937,1993,0
sh600137,7531,5090,445
sh601020,0,5833,522
sh601126,0,0,0
sh601128,82652,81135,2924
sh600567,52274,97944,0
sz000758,5608,32507,0
sz002028,0,858,0
sz000793,149612,31743,0
sz300303,16035,7390,0
sh600081,0,0,0
sz000063,379790,357469,31606
sz300298,1520,1189,0
sh603658,0,0,0
sz000818,839,2163,0
sz300088,138257,67151,0
sz300647,0,0,0
sz002793,0,0,0
sh603600,0,0,0
sz002166,0,0,0
sh600717,5756,6919,0
sh603031,1023,0,0
sz300627,0,0,0
sh601137,0,0,0
sz002174,28252,8779,970
sz002361,0,0,0
sh600744,0,0,0
sz002123,4004,0,0
sz002559,0,0,0
sz300727,3393,1104,314
sz002721,87467,153821,5839
sh600202,0,0,0
sz002907,35611,36907,3616
sz002469,2001,0,0
sh600997,1936,11844,0
sz300548,0,0,0
sz002600,7310,17142,0
sh600131,0,0,0
sz002282,1684,700,0
sz002536,1800,1521,0
sz000049,723,822,0
sz002551,2430,0,0
sz002269,17902,0,0
sz002553,0,0,0
sh600853,0,0,0
sh600987,0,2982,0
sh600192,0,0,0
sh603383,309,332,0
sz300120,0,0,0
sz002180,2201,3022,0
sz000662,3274,0,0
sz002896,0,299,285
sh600858,0,0,0
sh600387,2046,3848,0
sh600827,0,0,0
sh600593,747,0,0
sz300421,0,0,0
sh603180,191,300,0
sz300226,66797,61914,9360
sz002418,3317,2305,2100
sz300475,700,0,0
sz300699,2692,806,0
sz000751,6201,32065,0
sh600872,2323,402,0
sz000532,6628,1825,1164
sz002238,0,0,0
sz000799,1306,5644,0
sh600345,3001,1662,374
sz002594,6272,5241,164
sh600873,9408,11108,0
sz002146,278888,208346,8554
sz300493,0,0,0
sz002577,0,0,0
sz000060,94066,160388,4080
sh600846,29087,13738,0
sz002051,1155,0,0
sz000850,0,0,0
sh600355,0,2000,0
sh603655,1349,543,0
sz002568,1790,933,0
sh601106,0,14380,0
sh600792,0,2855,0
sz300402,0,0,0
sh603696,0,0,0
sh600582,4964,2058,0
sh600748,0,6496,0
sh600757,2928,1428,0
sh600354,0,0,0
sh600570,89669,59252,5194
sh603160,188,1278,0
sh603189,0,0,0
sz300368,6739,6096,3734
sh603860,0,0,0
sz300194,0,0,0
sh601086,9376,23797,0
sh600622,2062,1305,0
sh603901,0,0,0
sz002836,1155,2913,0
sz300408,8536,14230,0
sz002697,5493,18230,1571
sz300305,0,0,0
sh601998,195835,146223,3671
sz002658,0,0,0
sh603321,0,0,0
sh600843,0,1000,0
sz002505,6769,0,0
sh603196,0,0,0
sh603566,0,0,0
sz300179,0,0,0
sh600857,0,0,0
sh600108,5759,0,0
sz300294,0,0,0
sz002170,0,2104,0
sz002722,0,0,0
sz300092,0,0,0
sz300062,0,0,0
sz300297,0,2024,0
sz300333,7933,0,0
sh600328,1542,7584,0
sh601880,0,0,0
sh600892,0,2373,0
sz002734,0,0,0
sh600611,3681,2128,0
sz000529,0,1474,0
sz000790,0,1440,0
sz002239,0,7955,0
sz002631,0,0,0
sz000422,0,10223,0
sz002597,3299,6318,0
sz000713,0,0,0
sh601226,0,0,0
sh601633,2693,0,0
sh600247,0,0,0
sz300310,0,0,0
sz000707,0,5951,0
sh603022,0,0,0
sh603985,0,0,0
sz002372,0,1720,0
sz002327,9350,9613,0
sz300200,0,2346,0
sh600661,0,0,0
sh600331,0,0,0
sh603717,0,0,0
sz002101,0,0,0
sh600466,54988,70494,2927
sh601882,0,0,0
sh603683,6188,5161,0
sz300626,0,0,0
sh600323,1774,3443,0
sh600184,0,0,0
sh600586,0,0,0
sz002060,3256,0,0
sz002622,42698,86721,2677
sz000678,0,0,0
sh600783,3120,2430,0
sz300329,1368,0,0
sz002848,0,0,0
sh600133,1082,3479,0
sz002024,135633,121024,5189
sz002602,832,601,0
sz002682,0,0,0
sz002513,1001,5536,0
sz002410,3943,4990,0
sh600061,3364,2392,0
sz000028,205,0,0
sz000045,0,0,0
sh601006,115437,112555,0
sh603996,2173,1485,0
sz002191,6709,15590,2020
sh603159,0,0,0
sz300572,0,0,0
sz000909,0,0,0
sh600896,0,0,0
sh601968,0,0,0
sz002421,5010,10006,0
sz000062,1542,0,0
sz300193,0,0,0
sz300563,0,0,0
sz300053,30067,27310,1160
sz300637,540,0,0
sz000043,9531,1550,0
sz002215,0,0,0
sh601333,52474,133459,0
sz300188,6881,672,0
sh600692,1084,7450,0
sh601616,0,0,0
sh600686,5101,1509,0
sh600386,2118,0,0
sh603933,300,0,0
sz002313,500,2963,0
sz300279,0,0,0
sh603305,0,0,0
sz002883,1103,200,0
sh601939,771780,944346,30085
sh603880,0,0,0
sh601009,411758,575898,26847
sh600500,1822,3818,0
sz002775,1172,0,0
sh600182,1661,948,3263
sh600642,11375,7805,0
sh601727,20131,7414,0
sh600667,106951,26685,0
sh601678,48561,16584,0
sz000010,0,3646,0
sz002183,68756,29151,3010
sz002756,0,0,0
sh601928,13846,7690,0
sz002200,0,0,0
sz002309,0,0,0
sh600186,0,3620,5769
sh600835,8548,4032,0
sh600057,0,2039,0
sh601336,97881,136962,9990
sh600768,0,0,0
sz000524,0,0,0
sh601877,5699,2443,0
sh600869,0,0,0
sz002818,0,0,0
sz000503,48610,20378,0
sh600814,0,0,0
sh603037,0,0,0
sz002247,1000,0,0
sh603183,0,516,0
sz002566,0,0,0
sz300227,0,0,548
sz300570,0,519,0
sz300399,800,0,0
sz000779,0,0,0
sz300610,0,0,0
sh603357,844,520,0
sz002412,0,2122,0
sz300474,3646,1165,0
sz002079,3419,3117,0
sz300506,0,1151,0
sh603200,0,0,0
sh600730,0,0,0
sh600596,31297,62909,0
sz002323,13175,15121,0
sz000009,7020,25718,0
sh600195,0,500,0
sz000563,26556,17671,0
sh603128,7294,1429,0
sz300196,0,1791,0
sz002725,0,0,0
sh600223,6787,4594,0
sh600265,0,0,0
sz002486,6269,1860,0
sh600725,0,0,0
sh601098,5718,698,0
sz300258,2024,788,0
sz002416,3069,0,0
sh600658,0,3748,0
sh600206,9266,9858,0
sh600776,2939,2377,0
sh600707,9724,9513,0
sz300450,3938,3479,617
sz002003,0,1000,0
sz300617,0,0,0
sz300520,1001,0,0
sh600312,0,0,0
sz000657,1681,0,0
sh603333,0,0,0
sz000732,158913,164361,31953
sz300002,7658,13503,0
sh600031,260040,299000,0
sz002465,1000,8494,0
sz000526,0,0,0
sh600136,815,2525,0
sz000151,1909,0,0
sh603855,0,0,0
sh603886,1379,0,0
sh603508,0,0,0
sh600359,0,0,0
sz300264,0,0,0
sz002715,0,1100,0
sz000833,0,0,0
sh600377,6219,1219,0
sz002355,3702,0,0
sz002326,0,0,0
sz002356,0,436,0
sz300355,58227,33727,908
sz000863,0,4460,0
sz002504,0,0,0
sz002727,500,2695,0
sz300161,0,0,0
sz002842,0,0,0
sz300430,0,0,0
sz000020,0,0,0
sz300462,1001,0,0
sz000552,0,3165,0
sz000078,21468,16104,0
sh600726,0,0,0
sz002736,98518,78468,5300
sz002532,0,0,0
sz002258,6212,1877,0
sz000008,3361,0,0
sz300055,11639,5440,0
sh603298,817,0,0
sz002510,2044,5005,0
sz002487,0,0,0
sz002885,0,0,0
sz002322,1500,843,0
sz002776,0,0,0
sz002216,0,0,0
sz002213,0,0,0
sz300209,605,2344,0
sh603507,0,381,0
sz002245,10714,3158,0
sz300157,6424,2725,0
sh600063,2718,12457,0
sz002835,0,0,0
sz300107,78868,154137,3371
sz002092,23887,44118,1855
sz002480,0,0,0
sz300518,280,0,0
sz002502,0,0,0
sh601000,81656,27353,0
sz002066,0,999,0
sh600897,0,605,0
sz300364,46217,62944,0
sz300267,60997,14856,0
sz300119,0,901,0
sz002705,0,0,0
sz300715,1523,0,0
sz300452,0,0,0
sh600219,39131,70828,0
sh600361,0,0,0
sz000938,4884,2235,723
sz300645,0,0,0
sz000523,0,0,0
sz002482,0,9149,0
sh600820,17628,13425,0
sh600429,0,0,0
sh601028,0,0,0
sz300266,3054,417,0
sz300628,273,202,0
sh600697,1158,0,0
sh600000,1516851,1307356,76218
sz002633,0,0,0
sh603813,1899,6797,0
sh600222,0,0,0
sh601168,21754,13089,0
sz300340,2570,3831,0
sh603367,0,577,0
sh600232,0,0,0
sz300322,0,0,0
sh603960,0,0,0
sh603607,0,0,0
sh600458,1081,0,0
sh603919,0,753,0
sh600781,0,1759,0
sz300208,3184,0,0
sz300171,0,0,0
sz300017,555818,160796,18964
sz002719,0,0,0
sh601188,0,0,0
sz002172,1693,0,0
sh603197,0,0,0
sh600743,51510,38286,0
sh600470,5021,2386,0
sz002681,0,1003,0
sz000883,2945,2160,0
sh603991,0,0,0
sz300331,4870,544,0
sh600249,1773,0,0
sh603288,337,1528,0
sh600475,0,0,0
sz002343,9339,5181,444
sh600428,1724,13617,0
sh600833,0,0,0
sz002923,3395,1148,760
sz300692,781,0,0
sz000421,0,0,0
sz002080,755,4386,0
sh603869,0,0,0
sz002295,0,0,0
sh603519,0,0,0
sz002772,0,0,0
sz000820,12025,29180,1356
sz300565,0,0,0
sz300317,2952,0,0
sh600681,0,1806,0
sz002264,6899,3321,0
sh600898,2568,0,0
sz002614,0,0,0
sz002428,10382,12908,0
sh600033,20142,18509,0
sh603605,7964,20461,922
sz000901,1365,945,0
sz002666,3652,0,0
sz000651,153016,193223,18360
sz002131,44249,29824,0
sz002330,9694,0,0
sz002915,16306,23829,2019
sz000996,4522,11954,0
sz000819,0,0,0
sz300028,2150,2504,0
sh603580,0,0,0
sh603585,0,0,0
sz300651,500,0,0
sz300660,0,0,0
sz002385,41497,38782,0
sz002301,19673,885,0
sz002095,18477,8224,1302
sz000952,0,0,0
sh603127,0,0,0
sh603416,0,0,0
sz300655,0,0,0
sz300549,0,0,0
sz300434,0,0,0
sz300583,0,0,0
sz002819,0,0,0
sz002081,6264,9219,0
sz300683,0,0,0
sz300409,1470,4834,0
sh600088,2632,2900,0
sz002074,8095,2022,0
sh600767,0,0,0
sz300386,1590,1612,0
sh603356,0,0,0
sz002546,0,2000,0
sh603728,0,0,0
sh603077,49861,19673,0
sh601601,75392,117864,5916
sh603536,586,0,0
sh600826,0,1188,0
sz002181,0,0,0
sz300170,64186,28438,1195
sz300718,266,0,0
sh603278,0,0,0
sh600817,0,0,0
sz300245,0,0,0
sz300048,3000,0,0
sh600233,0,0,0
sz300598,0,0,0
sh600903,191245,211856,40243
sh600765,1908,0,0
sz300456,0,0,0
sh600280,0,0,0
sz000561,0,0,0
sh603269,4181,0,0
sz000978,0,0,0
sh600621,45633,36726,1393
sh601233,21483,15603,0
sz002234,0,1000,0
sz002880,0,0,0
sh603100,0,0,0
sz300624,0,0,0
sz002045,7749,1999,0
sh603303,3591,4544,0
sh603113,0,726,0
sz002444,874,1790,0
sh600538,0,0,0
sh600723,0,0,0
sz000861,0,0,0
sz002106,7573,2207,0
sh600275,0,0,0
sh600376,0,10231,0
sh601628,37294,36675,3202
sh600886,63716,20010,0
sh603138,629,3502,0
sz002850,0,0,0
sh600363,0,905,0
sz300546,0,0,0
sz000895,16122,31344,4689
sz000611,0,0,0
sh603800,0,0,0
sz002636,0,806,0
sz000585,0,8541,0
sz002261,12485,3915,0
sh600800,0,0,0
sh601198,41533,29568,2915
sh601166,2180973,1865823,86301
sz300443,0,0,0
sh603501,1900,1737,0
sh603001,0,0,0
sh601311,1334,0,0
sh600096,0,0,0
sz002718,0,0,0
sz002905,5515,3221,0
sz002709,2019,1556,0
sh600641,1336,15158,0
sz000661,2214,1602,100
sz300690,0,0,0
sz002315,7547,2988,828
sz002460,9960,14317,1069
sz000002,120277,122636,11630
sz000806,179901,54412,0
sh600085,3467,3109,0
sz002521,0,0,0
sz000600,20867,4489,0
sh600488,0,0,0
sh600213,0,0,0
sh600678,0,954,0
sh600735,6224,3118,0
sz300641,0,0,0
sz002760,1074,1238,0
sz002063,12123,44703,2218
sz002629,0,0,0
sh603136,733,0,0
sh600252,39150,26408,0
sh603399,800,2777,0
sh601010,0,0,0
sh600115,139045,184735,0
sz300671,0,0,0
sz300353,1931,0,0
sz300675,5320,3000,0
sz002748,0,0,0
sz002650,33079,2906,0
sh600007,800,0,0
sz300037,2226,1762,0
sz300156,87726,147889,7295
sz002334,1947,0,0
sz000797,2143,1275,0
sz002827,0,624,0
sz002401,0,0,0
sh600396,0,0,0
sz300730,1521,1006,0
sh603222,0,0,0
sh600693,1860,12787,0
sz300470,1732,560,0
sz002583,7576,15276,0
sz002335,0,0,0
sh600460,197826,168846,10307
sz002436,0,11532,0
sz002511,8036,2542,0
sz300713,151,119,0
sh601766,445073,492443,6680
sh603041,0,0,0
sz002118,1790,1231,0
sz002091,0,0,0
sz300665,0,0,0
sz300458,3857,1453,0
sz300213,1881,0,0
sh601900,1043,0,0
sz000158,7506,1480,0
sz002311,506,2286,0
sz300650,0,0,0
sz000501,1518,1220,0
sh601238,20105,8583,0
sz002774,0,0,0
sh603386,2283,700,0
sz002329,4934,0,0
sh600425,0,2820,0
sh603316,0,0,0
sh600548,0,0,0
sz000530,0,4976,0
sh600283,0,0,0
sz300042,334,0,0
sz002591,0,0,0
sh600992,0,1211,0
sz000413,80066,63089,0
sz300592,0,0,0
sz000829,1323,0,0
sz300308,941,700,0
sh603336,0,0,0
sz002233,2159,884,0
sz002135,0,0,0
sz000608,0,46223,0
sz000036,6393,20306,0
sz002522,11225,0,0
sz300516,0,0,0
sh603999,1304,0,0
sz002250,14782,12874,0
sz002164,0,0,0
sh601003,28767,21936,0
sz300108,0,0,0
sz002913,279,0,0
sh600301,0,0,0
sh600844,0,2825,0
sz300605,0,0,0
sz002615,0,0,0
sz002586,0,0,0
sh600753,0,0,0
sz002630,0,1004,0
sz000960,106178,153847,4043
sh600545,2543,0,0
sz300216,3583,0,0
sh601857,281070,282669,3088
sh600346,8631,5761,0
sz002223,18339,6489,0
sh601366,0,0,0
sz000953,0,0,0
sh600358,0,0,0
sh600330,0,2764,0
sz000887,1489,1584,0
sh600559,3807,10344,0
sh600229,0,0,0
sh600890,1000,0,0
sh600422,4888,0,0
sh600510,0,0,0
sh600613,0,0,0
sz000026,0,0,0
sz000555,1212,0,0
sh600282,270330,230218,0
sh603881,308,289,0
sz002303,9065,0,0
sh600804,8925,7376,0
sz002129,164071,138454,10412
sh603803,0,0,0
sz002319,0,2770,626
sz300648,0,0,0
sh601566,0,2063,0
sz002446,0,0,0
sh600881,15307,6195,0
sz002624,9895,14565,0
sz002116,0,0,0
sz002328,0,0,0
sz300552,0,0,0
sh603757,0,0,0
sh603729,982,299,0
sh600307,74229,77057,0
sh603577,0,0,0
sh603602,215,0,301
sh600291,15570,38803,594
sh603043,0,525,0
sz002220,0,0,0
sh600321,0,7912,0
sz300204,0,0,0
sz002087,0,0,0
sh603012,0,0,0
sz002433,0,2000,0
sz300225,89692,56969,1305
sh600482,4461,0,0
sh600126,0,0,0
sz002083,0,2016,0
sz000983,11293,33666,1001
sz002779,0,0,0
sh603320,0,976,0
sh600290,2691,0,0
sz002787,5600,3549,0
sh601965,0,0,0
sz002399,0,0,0
sh600679,0,0,0
sz002008,24916,26176,1366
sz300232,732,2324,0
sz300222,4317,4383,0
sh603227,0,0,0
sz300390,0,0,0
sz000581,13298,5512,417
sh603011,4218,1857,0
sh600375,0,0,0
sh600352,168069,140601,0
sz300106,0,0,0
sz000037,0,0,0
sz300566,0,0,0
sz002363,0,0,0
sh601898,11862,7699,0
sz002306,0,0,0
sh600663,505,1021,0
sz300229,4221,799,0
sh600179,2302,2100,0
sz002801,0,0,0
sz000705,0,0,0
sh603039,0,0,0
sz002890,0,0,0
sz002287,0,0,0
sz002815,488,0,0
sz002921,0,353,0
sh600052,0,5800,0
sz002506,29144,5201,0
sz300585,0,1208,0
sh603306,449,0,0
sz300344,5317,2117,0
sh603318,1524,0,0
sh600572,36120,1532,0
sh600018,117625,126979,0
sz300569,0,0,0
sz002581,590,2113,0
sz300158,0,89556,0
sz002143,2903,19603,0
sh600908,31994,63259,0
sh600167,0,441,0
sh603903,0,0,0
sz300087,0,0,0
sz002688,0,0,0
sh600178,0,0,0
sz300414,557,0,0
sz002467,13035,3401,0
sh600961,0,0,0
sh600893,3116,5828,0
sz300141,0,0,0
sh603885,0,0,0
sh600439,2218,4500,0
sh603660,971,494,0
sz002292,34462,20155,0
sz300519,0,0,0
sh603458,652,467,270
sz300477,1087,0,0
sh601021,0,1059,0
sz002348,0,0,0
sz300359,14525,5053,0
sz002339,0,0,0
sz300496,21586,6952,0
sh600158,4940,977,0
sz002508,5871,5086,0
sz000407,10001,4344,0
sz000166,135802,92757,0
sz000673,6799,1955,0
sh603618,0,0,0
sh603599,2698,0,0
sh603601,0,0,0
sz300411,1000,0,0
sz300050,4637,0,0
sz300485,0,0,0
sz300446,712,0,0
sz000782,0,0,0
sz000628,0,0,0
sz002585,0,0,0
sz002256,0,0,0
sz002141,1800,5062,0
sz000560,1170,3573,0
sz002456,31371,42126,2527
sz000905,0,0,0
sh603111,0,984,0
sz002489,0,2003,0
sh600421,0,0,0
sz300509,0,0,0
sh600039,0,9639,0
sz002450,86362,74992,2371
sz000957,1911,3425,0
sz002735,0,0,0
sz002589,6153,2059,0
sz002351,1178,0,0
sz002515,0,0,0
sz300019,1846,1233,0
sh603768,0,0,0
sz300465,8732,0,0
sh600315,0,0,0
sz300043,13483,5448,0
sz000576,0,0,0
sz300547,200,0,0
sh600476,0,0,0
sh603829,0,1339,0
sz300242,4880,0,0
sz000788,0,0,0
sz002839,38315,0,0
sz300635,2738,9011,857
sz002711,1448,1506,0
sz000638,0,0,0
sz300100,0,0,0
sz300105,4252,0,0
sz300047,11119,2015,1986
sh600109,61621,45576,2108
sz300174,0,0,0
sh601997,62620,45967,0
sz000702,0,0,0
sh600558,0,0,0
sz300601,0,0,0
sz000698,0,0,0
sh600801,7267,13180,0
sz300721,0,0,0
sh600577,0,0,0
sz000792,45067,57245,0
sh600279,0,0,0
sz300312,0,0,0
sz000776,538929,333569,28531
sz002459,0,0,0
sh600397,0,0,0
sh601177,2000,0,0
sz002128,4778,20977,0
sz000559,0,3423,0
sz300124,50090,18204,959
sz002641,0,0,0
sz002656,0,0,0
sh603029,0,0,0
sh600978,10454,4348,0
sh603665,600,0,0
sh603707,1364,460,0
sz300220,1487,676,0
sh600163,0,0,0
sh600731,0,0,0
sz000017,0,0,0
sh600175,34102,14851,0
sh603969,4190,1627,0
sh600885,1019,2663,0
sz002408,17856,791,0
sh601019,45847,14937,1082
sz000591,23774,25668,0
sz002283,0,0,0
sz300063,4581,0,0
sz002078,60341,73861,4375
sz300539,0,1321,0
sh600705,72838,99080,2626
sz002678,0,0,0
sz000821,0,0,0
sz000767,0,3400,0
sh603559,6093,1995,0
sz002117,0,5659,0
sz000692,0,0,0
sz300391,0,0,0
sz002041,0,0,0
sh600597,3412,7149,0
sz002218,12395,12259,0
sz300180,0,2062,0
sh600388,90125,106284,5192
sz300177,4941,0,0
sz002194,0,0,0
sz002695,0,0,0
sz000048,800,0,0
sh600420,0,6356,0
sz002638,8697,6936,0
sz002119,0,0,0
sh600271,26067,12525,0
sz002379,0,2200,0
sz002461,0,0,0
sz002899,5293,14392,0
sz000800,4653,25796,0
sz300731,1409,341,0
sz002544,0,0,0
sz300370,2784,0,0
sz300256,0,0,0
sh600711,68557,131758,0
sh600262,0,0,0
sh600099,0,0,0
sh603360,0,0,0
sz300307,0,0,0
sz000061,0,0,0
sz002668,2414,0,0
sh600654,2874,0,0
sz300005,11248,4332,0
sz000682,0,0,0
sz000731,1452,6333,0
sh600939,4704,0,0
sh601636,22446,46746,0
sh600335,2020,0,0
sh603619,10224,9815,1027
sz002762,0,0,0
sz300413,9904,2503,443
sz002104,4096,1586,0
sz002422,6806,3442,0
sh601012,108296,94761,14343
sz300115,30828,10733,721
sz000030,0,0,0
sh603023,2633,5485,0
sh600152,0,0,0
sh603277,0,0,0
sz002454,0,1605,0
sh600864,0,0,0
sh603708,0,3269,0
sh600583,207918,64312,0
sh601163,0,0,0
sz300330,0,0,0
sh603515,0,291,0
sh600038,9744,1637,0
sh600080,0,0,0
sh603703,621,0,0
sh603908,0,0,0
sz000995,1027,0,0
sz300024,72666,27899,2061
sz300168,29429,5947,0
sz000955,0,2825,0
sz300338,0,0,0
sh600724,0,0,0
sh600859,4795,2924,0
sz002241,45844,26278,0
sz002792,0,380,0
sh601608,12255,2632,0
sz002336,0,10362,1910
sz002900,0,0,0
sh601828,556438,396254,106971
sz300419,0,0,0
sz002321,25321,49631,0
sz300153,1291,0,0
sh600149,0,0,0
sz300139,0,0,0
sz300536,2044,0,0
sz300449,0,0,0
sh600037,5072,0,0
sz300316,35410,20213,548
sz002628,2082,0,0
sz300394,0,644,0
sz002800,0,0,0
sz300035,6781,0,0
sz002872,0,0,0
sz002683,0,0,0
sz000925,0,0,0
sh600887,40980,89807,9161
sz002490,0,0,0
sh600135,941,971,0
sz000739,0,0,0
sh603086,0,0,0
sz300522,0,0,0
sh600547,19950,26107,721
sz300400,1340,0,0
sz000599,1700,0,0
sh600683,0,0,0
sh600030,2526375,1828460,214632
sh600322,15959,14211,0
sh603518,0,0,0
sz300014,10910,4135,0
sh600316,3729,0,0
sz002782,0,0,0
sz300132,0,0,0
sz300095,0,0,0
sz300341,5041,7875,0
sz000613,2005,0,0
sz002555,67595,16784,657
sz000915,5263,9794,0
sh600083,0,0,0
sz300703,0,0,0
sh600176,11209,31835,1314
sz002231,0,0,0
sz002452,0,0,0
sz300532,618,500,0
sh600477,12874,4408,0
sh600501,0,0,0
sz002124,5869,3016,0
sh600745,0,714,0
sz002741,0,0,0
sz002420,0,0,0
sz002381,0,0,0
sh600444,4179,0,0
sh600385,0,0,0
sz300619,0,239,0
sh601375,28076,54874,0
sz300004,2045,0,0
sh600212,0,2840,0
sh600738,0,0,0
sz002073,3522,3310,0
sh600130,15068,4362,0
sz002761,2181,2634,0
sh600969,1784,0,0
sh603365,553,0,0
sh601872,2813,26876,0
sz000537,97058,89752,4385
sh603725,500,0,0
sz300023,0,0,0
sh600173,0,1697,0
sz002820,0,0,0
sz000558,0,0,0
sz000545,0,0,0
sz300230,0,0,0
sz000902,2100,1233,0
sz300054,3702,902,0
sz002084,0,0,0
sh603656,0,0,0
sz000428,0,0,0
sh603058,2628,5867,0
sz001696,0,1987,0
sh603118,0,0,0
sh600036,405254,385558,40859
sz002012,18502,27309,0
sz300342,2221,2927,0
sh600610,0,0,0
sz300581,0,0,0
sh603020,0,0,0
sh600650,0,0,0
sz000001,898021,863817,35854
sh600240,2371,10341,0
sz002881,6124,3460,0
sh600389,603,1000,0
sz000908,0,13783,0
sz300472,0,0,0
sz300219,1710,2523,0
sh600236,4000,0,0
sz000637,0,0,0
sz300457,2040,1400,0
sh603722,904,262,0
sh600865,0,0,0
sz000709,207326,108770,0
sz300020,11258,3173,0
sz300666,1938,1872,200
sz002599,0,931,0
sh600369,66192,57638,0
sz000059,16684,15433,0
sh603678,600,486,0
sz002036,1561,688,0
sh600860,0,0,0
sz000513,14251,12474,2940
sz300417,0,0,0
sz000711,890,0,0
sz300658,0,0,0
sz002830,0,0,0
sz300374,727,0,0
sz300575,0,0,0
sz000426,9561,28047,0
sz002707,2184,0,0
sh601339,0,0,0
sz300689,227,478,0
sz300276,7408,15206,836
sh600919,171538,216603,0
sz300129,0,0,0
sz002596,11654,8300,0
sz300432,0,560,0
sz300214,2249,5383,0
sz300031,700,0,0
sz300336,33342,14778,1180
sz002785,0,0,0
sh603976,0,0,0
sh600763,1485,1278,0
sz300016,0,0,0
sz002548,0,0,0
sh603002,0,4920,0
sz002488,0,809,0
sh603701,0,0,0
sh603016,9112,9978,1126
sh603165,0,0,0
sh603663,0,0,0
sz002673,229824,168771,24929
sz300708,27166,28130,3081
sz002864,0,340,321
sh600578,0,0,0
sh603595,426,123,0
sz002144,0,0,0
sz000519,1547,2749,0
sh600284,0,0,0
sz000918,81379,20622,1523
sh600480,1804,0,0
sz000969,0,0,0
sz300508,0,0,0
sz300176,1126,829,0
sh600668,0,681,0
sz300126,0,0,0
sh600561,0,0,0
sz002803,0,0,0
sz300469,0,0,0
sz002526,0,0,0
sz300293,0,0,0
sh600116,2200,23903,0
sz000822,8825,26487,0
sz002567,0,2795,0
sz002065,169381,161108,1092
sz002497,21213,10971,0
sh600526,0,1396,0
sh600487,106621,81747,7306
sz300244,12466,2905,552
sz000785,0,1494,0
sz300494,3716,0,0
sz000521,0,0,0
sz002573,8978,17416,0
sh601377,417304,232902,1451
sh603608,0,0,0
sz300118,961,0,0
sh603377,0,0,0
sh600392,41556,86085,2213
sh600103,0,5000,0
sz002674,0,0,0
sz002050,58693,58919,0
sz000965,75141,107753,1934
sz002702,0,0,0
sh603648,24131,11898,901
sz300136,282704,185098,14310
sz300228,0,2022,0
sh603808,0,0,0
sz300273,2173,0,0
sz002769,0,0,0
sz000418,302,699,194
sz002210,70006,10227,0
sh600811,9662,10455,0
sz000636,24071,28198,1410
sz002855,0,0,0
sh600589,14976,1715,0
sz300311,990,1440,0
sz000998,11448,4538,0
sz300490,0,0,0
sh603929,0,518,0
sh600936,0,0,0
sz300081,1794,2205,0
sh603311,0,0,0
sh600633,5809,9271,0
sz002753,0,0,0
sz300345,0,0,0
sz002797,530300,453464,38553
sz000898,102369,58571,0
sz002495,0,0,0
sz300530,0,0,0
sz000411,530,0,0
sh603758,0,0,0
sz300079,33768,19053,0
sz002243,0,0,0
sh603787,0,0,0
sz000759,5987,0,0
sz000605,897,0,0
sz002235,31900,29862,959
sh603609,0,0,0
sz300643,0,0,0
sz002059,0,0,0
sz002922,415,0,0
sz000801,28502,22632,16768
sz002492,0,0,0
sz002795,800,1319,0
sz000831,0,6555,0
sz300673,0,0,0
sz002337,5364,6043,0
sh600812,0,0,0
sz300070,79638,51088,1618
sz300069,0,0,0
sz300560,0,0,0
sh600981,0,0,0
sz002726,0,0,0
sz300540,0,0,0
sz002270,0,0,0
sz000631,0,11388,0
sz002221,7200,2449,0
sz300451,0,0,0
sz002912,3452,4506,603
sz002161,1135,0,0
sz002058,0,0,0
sz002127,8448,6472,0
sz300237,0,0,0
sz300008,4190,0,0
sz002070,20639,11063,0
sh603089,0,0,0
sh603533,10301,2675,689
sz002640,6656,5549,0
sz000836,92858,117916,0
sh600073,2051,11989,0
sh603098,0,0,0
sh600486,2011,3017,0
sz002402,3926,0,0
sh600111,75393,121684,0
sh601808,26923,10631,843
sh600608,0,0,0
sz002199,0,1918,0
sz002451,0,0,0
sz000058,0,1344,0
sz000913,0,560,0
sh603368,0,0,0
sz002906,0,1172,0
sz000671,371766,299894,21965
sz000923,6005,2667,0
sh600516,171531,174280,21581
sz002665,14647,4000,0
sz002789,255,0,0
sz300296,531,1028,0
sh600171,34746,34936,3495
sz000839,20409,36713,0
sh600125,15757,19405,1562
sh600980,0,0,0
sh600782,51326,103898,1564
sz300595,555,437,0
sz300189,0,0,0
sz002316,0,0,0
sz002608,0,0,0
sz002742,6325,501,0
sh600452,0,0,0
sz002700,0,5005,0
sh600647,0,1000,0
sz002263,3680,0,0
sz002547,23512,7993,0
sh603129,0,0,0
sz000780,0,0,2063
sz002440,6356,5248,518
sh600062,1466,4033,0
sh601966,0,2976,0
sh600076,2897,1978,0
sz300719,967,3307,779
sh601789,0,2209,0
sz000877,4262,13770,0
sz000768,7890,8364,0
sh600382,3913,0,0
sh603328,746,3095,0
sh601069,2237,6329,0
sz002514,0,0,0
sz002158,5862,800,0
sh600891,0,0,0
sz300274,10915,6807,0
sh600203,1500,0,0
sz300313,0,0,0
