sh600743,0,0,0
sz002831,0,507,0
sh603345,0,0,0
sz300344,69231,117561,8036
sh603331,0,0,0
sz002192,1459,3809,457
sz000546,0,0,0
sz002406,0,0,0
sh600546,2281,0,0
sh600597,0,0,0
sz002544,888,0,0
sz000798,0,0,0
sz002781,0,0,0
sz002011,0,0,0
sh600071,1399,0,0
sz300683,0,204,0
sh600589,0,0,0
sh603969,4695,2683,0
sz300571,1153,1185,121
sz300622,0,0,0
sz300369,11710,1634,0
sz002923,6987,5871,0
sh600463,0,1006,0
sz002101,0,0,0
sz300008,0,2625,0
sh603058,42300,41599,4489
sz000818,2300,1160,0
sz002014,0,0,0
sz002020,1369,2001,1012
sh601636,39916,61517,0
sz300033,1032,1078,0
sz002860,0,506,0
sh600961,0,0,0
sz002230,62205,101077,8359
sh601928,0,3381,0
sz002674,0,0,0
sz002742,115829,124641,5179
sh600101,0,0,0
sh603727,0,0,0
sh600398,11222,10311,0
sz000735,19175,28602,0
sh603637,0,0,0
sh600326,1410,1254,0
sh603990,410,0,0
sh600892,0,0,0
sz300303,0,0,0
sz002245,0,6763,0
sz000650,19253,6943,0
sz300166,21664,16632,1286
sz002067,0,8895,0
sh600028,762234,630795,1550
sh603269,11541,895,0
sh600605,0,0,0
sh601126,0,0,0
sz000710,2086,802,0
sz002869,0,0,0
sz300255,12322,5549,0
sz002272,0,0,0
sh603882,2008,812,669
sz000801,7953,1776,0
sh601992,60490,33484,0
sz000869,880,0,0
sz002028,2200,4250,0
sz002009,1391,2286,0
sz300568,1593,898,0
sz002367,56441,85529,13382
sh600210,0,2945,0
sh600198,0,1510,0
sz000651,77355,114437,4672
sh600830,0,11565,0
sh600728,111589,116921,3085
sh603025,0,0,0
sh600425,6320,0,0
sz300175,0,0,0
sh603369,783,1037,0
sz000639,0,0,0
sz300313,0,0,0
sh603737,230,169,0
sh601717,1899,0,0
sz300272,0,0,0
sz300610,0,0,0
sz000537,0,5918,0
sz000596,0,189,0
sh600867,15213,12142,0
sz002723,0,0,0
sz300447,0,0,0
sh600884,5150,13343,1746
sz002365,854,2702,0
sh600988,4122,1900,0
sh600064,2762,1832,0
sh603916,0,684,0
sz000008,20635,8898,0
sz002798,804,0,0
sz300551,0,0,0
sz300660,0,0,0
sz000026,0,0,0
sz300448,0,0,0
sh600526,0,1488,0
sz000686,0,5933,0
sh603188,0,0,0
sh600108,0,3000,0
sz300665,1736,830,0
sz000603,0,0,0
sz002352,0,700,0
sh600054,0,873,0
sh603980,693,539,0
sh603920,0,0,0
sz000707,0,0,0
sz002201,4962,8089,0
sz000776,3068,6272,697
sh600908,0,3981,0
sh600390,0,1021,0
sz300612,4114,11086,3015
sh600683,0,0,0
sh600332,32015,16410,511
sh603676,14252,22249,644
sz000576,8526,0,1003
sh600889,0,0,0
sz002828,0,0,0
sh603083,995,578,0
sz002299,765,1766,0
sz002503,0,0,0
sh600190,0,0,0
sh600708,0,3290,0
sh600082,0,0,0
sz300529,1728,301,0
sh600358,20787,0,0
sh603903,0,0,0
sz300195,0,0,0
sh600767,0,0,0
sh600242,0,0,0
sz002291,15602,35079,0
sh600482,1008,2765,0
sz002264,133681,119375,13862
sh603311,0,0,0
sz002388,0,0,0
sh603688,1754,0,0
sz000778,2314,8364,0
sh600363,0,0,0
sh603183,411,316,0
sz002920,2065,1661,0
sh600763,3832,2085,0
sz300536,0,0,0
sh600063,0,0,0
sz000023,0,0,0
sh601108,2410,2976,0
sz300432,0,0,0
sz300310,0,3234,0
sh600345,1204,0,0
sh600583,1870,6353,0
sz300093,0,0,0
sh600058,0,1066,0
sz002899,0,503,0
sz300270,0,808,0
sh603501,588,280,0
sz002476,5180,15303,0
sh600566,1725,3021,254
sz002037,0,0,0
sh603239,0,0,0
sh601069,11319,10300,4731
sz002878,0,269,0
sz002381,0,0,0
sh603286,935,0,0
sz300080,3280,1930,0
sh600756,3308,1780,0
sh603871,372,675,0
sh603022,0,0,0
sh600195,0,0,0
sz002255,0,0,0
sz300654,0,0,0
sz002132,0,0,0
sz002868,0,0,0
sz000090,0,0,0
sz002408,940,4648,0
sz002415,18744,13536,0
sh600710,6267,13042,0
sz300482,351,317,203
sh603518,0,0,0
sz300732,126,444,194
sz000514,0,1700,0
sh601799,0,220,0
sh600416,2993,10756,0
sz002562,998,0,0
sz002359,8364,10955,0
sz002718,0,0,0
sz002420,0,0,0
sz300579,579,273,0
sz000633,0,0,0
sh603016,0,0,0
sz000911,0,0,0
sz000955,0,2100,0
sz002668,3926,3669,1912
sz300386,0,636,609
sz300404,0,3385,0
sh600184,0,0,0
sh600655,0,1488,0
sz300405,0,0,0
sz000592,0,0,0
sz000725,1417468,1446603,0
sz300387,0,0,0
sz000417,0,0,0
sh603076,426,0,0
sh600557,8348,855,834
sh603615,0,0,0
sh600090,18809,30248,0
sz002725,0,0,0
sh603506,0,2045,351
sz002316,0,0,0
sz002458,0,0,0
sh603227,0,5000,0
sz002830,0,0,0
sz002614,0,1160,0
sz002196,0,0,0
sz300226,6634,6005,965
sz000609,0,0,0
sz002019,48470,22649,1184
sz000037,0,0,0
sz000591,0,0,0
sh603300,0,0,0
sh600365,194746,40023,0
sh600639,0,877,0
sz300027,49603,40874,3567
sz002862,400,0,0
sz002402,6907,18210,0
sz000421,0,0,0
sh603035,0,0,0
sz002229,2971,14344,0
sh600580,1200,0,0
sh600687,6253,5200,0
sh603898,0,0,0
sh600766,0,0,0
sh601588,0,15708,0
sh603628,0,0,0
sz000401,28688,25789,0
sh600990,0,0,0
sh603878,0,0,0
sz002351,3303,10044,0
sz002129,129774,176970,5326
sh601890,0,0,0
sh600053,1330,3196,0
sh600220,3529,12638,0
sh600939,0,0,0
sz000505,0,2575,0
sh603797,0,0,0
sz000915,6094,399,0
sh603519,0,0,0
sz300261,0,0,0
sh600738,0,0,0
sh600820,0,0,0
sh603005,0,0,0
sh601212,0,0,0
sz002186,0,0,0
sz300420,0,3393,0
sh600012,0,0,0
sh601500,0,0,0
sz300206,1453,0,0
sh600694,1578,460,0
sh600236,0,0,0
sz002639,0,0,0
sz300010,8744,6267,0
sh600375,0,0,0
sz300600,0,0,0
sz002787,0,0,0
sz002558,0,0,0
sh601968,0,0,0
sz000042,0,0,0
sz300050,0,0,0
sh600037,0,788,0
sz002574,0,0,0
sz002918,664,874,0
sz002174,0,3766,0
sh600618,0,2320,0
sz002759,0,0,0
sz002890,0,0,0
sh603686,0,0,0
sz002244,56805,9718,0
sh600649,0,5597,0
sz002705,0,0,0
sh603683,0,0,0
sz300311,0,0,0
sz002491,1369,2878,0
sh600321,0,0,0
sz000838,2008,0,0
sz000982,0,8302,0
sh600588,119952,102051,13314
sz002430,0,0,0
sh603165,0,0,0
sz002251,0,4346,729
sh600740,22012,23688,3169
sz300393,315,0,0
sz300478,0,838,794
sh601669,7360,2043,0
sz300371,0,0,0
sh603663,0,0,0
sz002099,0,0,0
sz002497,30095,51096,1564
sz002118,32793,4842,0
sz300096,21978,3646,0
sz300652,0,0,0
sh603258,0,0,359
sz300519,1180,2609,0
sz002599,0,0,0
sh600319,0,0,0
sh600769,5754,0,0
sh600178,11983,23926,0
sz000809,0,3000,0
sz300219,0,0,0
sh603002,9242,2051,0
sz300358,0,0,0
sz002727,12483,2344,0
sh600671,0,0,0
sz000671,25998,38922,2107
sz000726,0,0,0
sh603799,26498,35234,4202
sz002540,0,0,0
sz300157,1500,0,0
sh600426,3612,4943,0
sz002031,0,4114,0
sz002577,0,0,0
sz300597,0,675,0
sz000909,1912,0,0
sh601326,0,0,0
sh603798,0,0,0
sz300114,0,0,0
sz002488,0,2261,0
sz002405,23672,20267,527
sh603567,0,0,0
sz002714,3011,1386,1594
sz000407,0,0,0
sh600894,0,0,0
sz000822,0,0,0
sh601369,0,1674,0
sh600858,0,0,0
sz002187,0,0,0
sh601777,1774,7612,0
sz002533,0,0,0
sz300273,19303,5666,0
sh601111,17183,35250,1556
sz300498,4802,8909,0
sz000806,77441,21586,4099
sz002269,0,0,0
sz300161,0,928,0
sz002722,0,0,0
sz300556,10199,20164,0
sz000099,0,0,0
sz300062,1813,0,0
sz000400,3215,1093,900
sh600212,13438,15891,0
sz002915,4525,2022,292
sh600183,4733,13113,0
sh600692,0,0,0
sh603789,0,0,0
sz000425,38592,43301,0
sz300167,1500,1206,0
sh600182,0,0,0
sz000952,0,0,0
sh600104,11282,18907,0
sh603088,0,0,0
sh600525,3301,4960,0
sh600143,0,0,0
sh600469,0,0,0
sz300631,0,0,0
sh600495,11597,0,0
sz300321,0,0,0
sh600609,0,2139,0
sh600493,0,0,0
sz300230,1005,2847,0
sz000790,28826,12918,3891
sz300723,7113,5708,0
sh600050,143837,128298,0
sz002124,0,0,0
sh600594,26491,150152,0
sh600819,0,0,0
sh603978,0,0,0
sz300196,0,0,0
sh600025,61112,52246,0
sz300105,2653,57193,0
sh603336,0,0,0
sz002297,23524,24219,8083
sz300595,223,0,0
sz000919,0,0,0
sh600587,0,0,0
sh600883,0,0,0
sz000408,0,0,0
sh600315,1391,2518,0
sz300249,4615,0,0
sh603338,0,203,0
sz000413,7943,13521,0
sh601579,0,0,0
sh600122,53513,2646,1570
sh600444,0,6466,0
sz000636,9635,21876,832
sh603757,0,0,0
sh603388,0,0,0
sz002843,0,0,0
sh600517,2103,0,0
sz002800,0,0,0
sh600021,0,0,0
sz300244,9349,470,0
sh600310,0,0,0
sz300352,36319,11211,0
sz002833,0,0,0
sz300316,11951,8497,526
sz002327,2902,6251,1005
sh600481,0,0,0
sz000010,2359,0,0
sz300246,1503,1009,0
sz002135,0,0,0
sz000021,0,4119,0
sz002040,0,0,0
sz300134,26378,33141,4439
sz300541,0,0,0
sz300701,308,0,0
sz000973,0,0,0
sz300476,26207,44227,1089
sz300350,0,0,0
sz300607,0,207,0
sh600392,26354,27653,585
sz002516,2532,13382,0
sh600814,0,0,0
sz002295,0,0,0
sh600169,0,0,0
sz000958,0,0,0
sz300717,336,0,0
sz002419,606,1637,0
sh600388,1000,1729,0
sh603606,0,0,0
sz002826,7913,15334,0
sh603535,0,0,0
sh600487,25671,20039,1104
sz000898,16276,13784,0
sh603159,0,0,0
sh603111,1202,4137,0
sz300349,0,363,0
sh603600,0,0,0
sh600706,0,0,0
sz002461,0,0,0
sz300569,0,0,0
sz002216,0,0,0
sh600726,6901,4500,0
sh600741,6496,4355,0
sh600459,0,0,0
sz002922,5880,8901,4297
sz002333,0,912,0
sh600545,0,0,0
sz002502,0,0,0
sz300619,0,0,0
sh603826,1000,0,0
sh600778,0,0,0
sh600549,7124,13832,1286
sh600121,0,0,0
sz002658,0,0,0
sz000861,0,7995,0
sz002669,1681,0,0
sz000630,16153,96356,0
sh603703,0,0,0
sh603507,0,349,0
sz000557,0,0,0
sh601019,0,971,0
sh600277,0,1757,0
sh603101,0,0,0
sz300074,4899,1300,0
sh600970,2139,5192,0
sz300532,0,0,0
sz000897,0,0,0
sh600081,0,0,0
sz002786,0,0,0
sh600642,8009,0,0
sz002336,831,0,0
sh603685,0,0,0
sz002698,0,0,0
sh600196,131352,94795,6845
sz300528,2500,0,0
sz000539,0,0,0
sh603067,0,2390,0
sh601137,0,0,0
sz300035,0,0,0
sz300107,0,8425,1316
sz002901,1217,500,0
sz002510,7492,19481,0
sh603260,1005,1741,0
sh600611,2200,2401,0
sh600269,0,0,0
sh600186,4081,0,0
sz000786,109838,43186,4880
sh601677,0,0,0
sz002823,0,0,0
sz002673,5314,9461,0
sz000050,7957,17832,0
sz002553,0,0,0
sh600353,0,0,0
sh601390,4581,11856,0
sz002475,5212,11425,0
sh600775,0,0,0
sz002892,0,338,0
sz300526,4830,4249,0
sz002026,0,14805,0
sh601901,1788,4005,0
sz000532,146359,65543,15757
sz002084,0,0,0
sz000518,0,1692,0
sz002499,0,0,0
sh603456,0,1498,0
sz300326,7681,1172,0
sh603326,0,515,0
sz002766,0,1603,0
sh603203,0,0,0
sz002373,5037,5371,0
sh600113,38211,22548,13060
sh600881,0,0,0
sh600000,19184,35870,0
sh600478,0,0,0
sh603127,5265,3186,0
sh600172,17795,32760,0
sz000600,6563,0,0
sh600433,0,4616,0
sz002835,0,0,0
sz002435,0,0,0
sh600331,2576,10919,0
sz000426,4593,3772,0
sz002827,0,0,0
sz300583,0,0,0
sz002051,0,0,0
sh600160,26550,72746,0
sz300364,86818,26358,3245
sz000971,2679,818,812
sh601958,1792,6187,0
sh600389,1167,2158,0
sz000938,1138,1348,0
sh600805,0,0,0
sh600976,0,449,0
sz002504,0,0,0
sz300705,466,2850,469
sz002277,4894,0,0
sh600782,11696,35894,0
sh600323,0,0,0
sh601801,5391,0,0
sz002815,0,360,0
sh600736,0,0,0
sz002522,0,1075,0
sz300065,3520,1627,0
sh600804,38757,26194,0
sz300678,2537,2222,402
sz300630,0,190,0
sz002021,0,0,0
sz000953,0,0,0
sh600834,0,0,0
sh603589,0,792,0
sh603090,0,0,0
sz300506,500,500,0
sz002172,0,0,0
sz000513,18631,12661,616
sz300153,0,0,0
sz000951,0,0,0
sz000906,0,0,0
sz002838,0,0,0
sz000159,0,0,0
sz002178,6998,4122,0
sh600381,2456,0,0
sz300034,1920,992,0
sz000970,2562,13223,0
sh600895,2759,15694,0
sh603860,0,0,0
sh600259,355,400,0
sh600419,0,0,0
sz002177,0,0,0
sh600080,0,0,0
sz002875,0,0,0
sh603226,0,0,0
sh603777,0,0,0
sh600059,0,0,0
sz002164,0,0,0
sz002033,0,0,0
sz002356,0,0,0
sz002399,0,0,0
sz002603,1957,656,0
sh600604,3358,0,0
sz000530,0,14468,0
sz000001,159917,208155,902
sh600750,17285,5786,0
sh600415,1958,2890,0
sz300458,0,533,0
sz300628,914,770,0
sz000751,0,2694,0
sz002873,256,0,0
sh603517,1405,2457,0
sh603886,0,0,0
sz300043,5002,5341,0
sz002086,2426,14712,0
sz300558,9539,3382,0
sz000960,6607,20481,0
sz002206,0,0,0
sz002716,5557,7475,0
sh603787,0,0,0
sz002165,0,0,0
sz002387,0,2378,0
sz000096,0,0,0
sh600543,0,0,0
sz002160,0,0,0
sz300046,734,9508,538
sh600455,0,0,0
sh600298,2593,2681,0
sh601163,0,0,0
sh600074,10430,19770,0
sz002480,1585,2949,0
sh600322,0,0,0
sh600007,0,0,0
sz000881,0,0,0
sz002583,2308,868,0
sz300274,692,3859,0
sz002629,0,4810,0
sz000738,27117,16771,4150
sz002304,598,879,0
sh603225,317,0,0
sh600009,633,1594,0
sh600623,9617,12966,0
sz300489,0,0,0
sh600959,0,0,0
sz000620,0,0,0
sz000036,2985,1480,0
sz300626,0,0,0
sz000100,131750,186254,0
sz300641,0,746,0
sz002724,0,0,0
sh600848,7179,10777,2341
sz002693,0,0,0
sz000928,0,10350,0
sz002861,367,350,517
sz300227,0,0,0
sh601218,0,4320,0
sh603110,0,0,0
sz002162,0,0,0
sh603738,0,0,0
sh600995,1210,1598,0
sz300143,0,0,0
sh603758,7130,954,0
sz002267,0,0,0
sh600774,657,0,0
sz300562,0,5211,0
sz002361,0,0,0
sz002237,0,2629,0
sz002479,2459,8095,0
sh600180,0,0,0
sh600648,0,0,0
sz000750,3293,0,0
sz300057,0,0,0
sh600691,8026,75552,0
sz002378,0,0,0
sh600697,0,0,0
sh603169,0,0,0
sh603278,0,1964,0
sh601949,1803,0,0
sh600962,24418,35883,3872
sz002469,0,0,0
sz000680,0,0,0
sz002400,7975,2494,0
sh600998,4811,8922,0
sz300138,0,0,0
sh603017,3085,0,0
sz000589,0,2700,0
sz002740,0,0,0
sh600097,0,0,0
sh600209,2499,2701,0
sz300667,0,0,0
sz300073,3521,8247,527
sz300041,0,1364,0
sz300222,1940,3062,492
sh601998,36556,23314,0
sh601818,97385,63428,0
sh601899,283635,280770,0
sz002149,0,0,0
sh603029,0,0,0
sz300567,1656,84,0
sz000301,4514,8959,0
sz000739,1987,0,0
sh600660,6691,813,0
sz000561,0,0,0
sz300342,0,0,0
sh603839,0,0,0
sh603895,1035,1136,0
sz002644,2559,0,0
sz000813,1223,0,0
sz300251,12859,30103,0
sh600395,0,0,0
sz300296,14837,5692,445
sh600674,4948,1422,0
sz002403,0,0,0
sz000625,8237,13902,0
sz000025,2151,694,0
sz300383,0,22803,0
sh600067,0,4002,0
sh600678,0,0,0
sh601727,5096,0,0
sz002514,0,0,0
sh603709,1123,1533,0
sh600039,0,0,0
sz300072,6561,12654,0
sz002729,0,0,0
sz002311,1116,0,0
sz000821,0,1000,0
sz002233,0,932,0
sh603421,1225,0,0
sz300692,569,1373,0
sz000732,28205,26290,1984
sz000783,1588,6961,0
sz000926,5486,1054,0
sh600838,0,1299,0
sh603516,1619,1911,983
sz300390,11505,22598,0
sh603126,4815,15704,0
sh603602,0,0,0
sz002004,14459,8906,0
sz300540,0,0,0
sz002690,0,0,0
sz300003,16250,12594,1059
sh600239,0,3518,0
sh600307,25637,19531,0
sh600439,2462,3012,0
sh600827,2409,1112,0
sz000977,177928,142318,11136
sh603578,529,480,0
sz300081,0,0,0
sh600127,0,0,0
sz000416,14907,18891,4370
sh600846,0,0,0
sh600234,0,0,0
sh603337,0,0,0
sz002397,1669,0,0
sh600699,1362,2002,0
sh603818,0,0,0
sz300406,0,0,0
sz300223,0,910,0
sz000597,0,0,0
sz000014,0,1020,0
sz002150,0,0,0
sz002821,2095,2057,416
sz002566,0,0,0
sz002106,1369,0,0
sh600408,0,0,0
sz000688,0,1070,0
sh600680,0,0,0
sz002471,0,0,0
sz000975,0,952,0
sz002587,8441,119429,1714
sz000509,830789,16543,7980
sz300575,0,0,0
sh600722,0,0,0
sh600496,7435,0,0
sh603027,0,0,0
sh603011,0,0,0
sh601179,0,0,0
sh603776,202,486,0
sz002463,0,0,0
sz002022,5282,0,0
sz000995,0,0,0
sz300396,0,0,0
sz300505,0,0,0
sh603186,600,0,0
sz002808,0,0,0
sz300332,0,0,0
sz300094,0,0,0
sh600379,0,0,0
sz000967,0,4818,0
sz002500,1697,5516,0
sz002010,0,0,0
sz300300,12038,7337,550
sz002803,0,0,0
sh601139,0,0,0
sh600360,0,2102,0
sh600106,0,0,0
sz000728,6989,4170,0
sz300534,3481,2615,0
sh600644,0,0,0
sz300347,2637,548,243
sz002325,0,3000,0
sz300140,9267,1157,0
sh600689,0,0,0
sh600576,0,0,0
sh600985,1429,0,0
sz300099,1605,12798,0
sh600725,0,0,0
sz300330,0,0,0
sz300355,10294,24448,0
sh600362,19201,18570,0
sh600261,2829,0,0
sh600886,14468,0,0
sz300629,0,0,0
sh601377,9879,3398,0
sz002809,0,479,0
sz300591,0,0,0
sz300059,411466,414822,19708
sz002864,0,3210,0
sz300286,0,0,0
sz300307,0,0,0
sz002708,0,0,0
sz000729,2324,6905,0
sz002703,0,0,0
sz002243,0,0,0
sh600808,35983,32847,0
sz002322,1279,869,0
sz002157,0,6435,0
sz300560,0,0,0
sh600690,29448,53890,505
sh600033,0,0,0
sh603889,0,0,0
sh601689,569,635,0
sh600436,11623,7245,860
sh600229,0,0,0
sh600188,22682,16883,896
sz300417,0,0,0
sz300160,0,0,0
sh601607,34001,18491,1031
sh600138,4102,1794,0
sh603268,0,0,0
sz002608,0,0,0
sh603515,927,527,0
sh601668,175577,108847,7429
sz300318,0,0,0
sz300521,0,0,0
sz002549,0,3712,0
sh600115,27691,32462,3177
sh600559,0,0,0
sh600779,4303,483,0
sz002609,0,0,0
sz002925,10343,15607,940
sz002029,0,3028,0
sh600612,247,0,0
sz002563,0,0,0
sh601988,334574,232044,0
sz300351,0,1100,0
sh600271,4506,9648,1144
sh600909,0,1896,0
sz300627,0,0,0
sh600850,0,0,0
sh600624,1629,0,0
sz300068,13840,5234,1134
sz002534,0,0,0
sh600292,0,0,0
sz002760,437,0,0
sh601600,490615,572160,11221
sh600537,0,6132,0
sz002628,0,0,0
sh600855,0,774,0
sz000980,0,1000,0
sz002138,0,891,0
sz000402,8475,13686,0
sz300702,3293,4910,0
sh603488,2311,11607,0
sh600462,183461,132936,23011
sz002353,0,1639,0
sz000632,0,0,0
sh601633,0,2865,0
sh600657,0,15179,0
sh600339,0,6000,0
sz300502,439,0,0
sz300054,0,930,0
sh600185,0,1981,0
sz000678,0,1911,0
sz300547,0,0,0
sz002763,0,0,0
sz000018,0,0,0
sh600006,0,4479,0
sz002276,0,2601,0
sh600252,90236,43455,0
sz300239,0,0,0
sz300015,8325,5002,605
sz002439,1603,6238,1599
sh601965,0,0,0
sh603089,0,0,0
sh600548,0,0,0
sz002649,1289,0,0
sz000933,5928,21409,0
sz002308,3294,1101,0
sz002223,10947,10022,699
sh600456,600,0,0
sh600811,0,2868,0
sh600173,0,0,0
sz002621,0,0,0
sz000852,1478,0,0
sh603639,0,0,0
sz000918,0,0,0
sz300141,0,1013,0
sh603800,0,0,0
sz002112,0,0,0
sh600105,2724,0,0
sh603838,0,0,0
sz000059,2309,7709,0
sz002189,2150,562,0
sh600824,0,0,0
sz002364,0,1359,0
sz002065,12188,36272,0
sz300178,0,0,0
sh600170,3255,9235,0
sh603976,0,0,0
sh600382,0,0,0
sz002478,0,0,0
sz002035,1443,1360,0
sh600831,0,0,0
sh600676,0,2000,0
sz000690,14873,5900,0
sz000559,0,1736,0
sz300637,1263,0,0
sz300437,0,0,0
sh601877,7065,2819,0
sz002195,20643,50210,0
sh600019,69923,57570,0
sz300625,0,0,0
sz002571,1500,0,0
sz000420,0,0,0
sz300434,0,0,0
sz002038,16078,20725,0
sz300291,1069,1045,0
sh603929,2307,29057,0
sz300418,12459,14322,807
sz002582,0,2000,0
sh603020,0,0,0
sh600667,9686,1800,0
sz002633,0,0,0
sz300427,0,992,0
sz300006,2042,4027,0
sz000656,19786,14927,0
sh600730,0,1943,0
sh600712,0,0,0
sz300144,4253,6072,0
sh600216,13673,9425,0
sh600369,5622,3223,0
sh600633,0,2386,0
sz000599,0,0,0
sz002188,4800,0,0
sz000736,0,0,0
sz002414,0,0,0
sh600499,7197,15601,0
sz002634,0,0,0
sz300298,1674,1902,1000
sh600507,19774,9938,0
sz002769,4982,5288,0
sh603335,0,0,0
sh603196,0,0,0
sz001696,0,2441,0
sz300282,0,0,0
sz000959,4000,0,0
sz000411,0,0,0
sh600240,0,2317,0
sh600809,5699,3631,0
sz300388,0,550,0
sh600758,0,0,0
sh603660,1117,1127,0
sz300200,0,0,0
sh603991,0,0,0
sz300596,0,0,0
sz002778,0,0,0
sh603123,0,0,0
sh600792,0,0,0
sh600737,39473,9208,0
sh601106,0,0,0
sz002552,0,0,0
sh603608,0,0,0
sz002895,0,0,0
sz300581,0,0,0
sz300029,0,0,0
sz300666,3370,3405,164
sh603116,0,0,0
sz002882,0,0,0
sh600707,0,0,0
sh600764,2155,10334,0
sz000883,0,3001,0
sz300566,436,0,0
sz002889,0,0,0
sh603069,0,0,0
sh600337,0,0,0
sz300451,2344,8204,916
sh600153,840,0,0
sh600461,0,0,0
sh600265,0,0,0
sh601233,1650,8899,505
sz002320,1398,2195,0
sh600643,2064,9899,0
sz300158,0,1307,0
sz300168,17355,45726,1794
sz000565,0,0,0
sh603200,0,0,0
sz000016,44408,25330,0
sh603900,0,524,0
sz300604,224,208,0
sz002768,5458,501,802
sh600810,1500,6954,0
sh600129,0,0,0
sz000862,0,2674,0
sz002706,1000,0,0
sz300700,159,242,0
sz002877,3803,4643,0
sh600166,0,23983,0
sh600460,103305,102222,5230
sz002709,2387,1409,265
sz300722,0,0,0
sh603133,0,0,0
sz300135,0,4112,0
sz002370,22998,0,0
sz300617,0,0,0
sh603233,2195,0,0
sz000779,1770,0,0
sz300657,0,0,0
sz002344,0,0,0
sz002911,9647,7708,592
sh600982,0,0,0
sh600843,0,1556,0
sz300122,29022,24670,1258
sh603823,0,0,0
sz000655,0,0,0
sh600247,0,0,0
sz000069,65404,48790,0
sz300716,1163,2200,0
sz002090,0,0,0
sz300039,12895,1730,0
sz300218,0,0,0
sh600845,1787,1977,593
sz002788,735,3974,0
sz300224,0,0,0
sz300202,1774,1489,0
sh603722,0,0,0
sh600979,0,0,0
sz300684,1619,1415,0
sz300649,1108,777,0
sh600091,0,0,0
sh603079,0,0,0
sz002807,2000,2081,0
sz300483,0,0,0
sz000504,0,0,0
sh603038,0,0,0
sh603055,0,0,0
sh600070,0,0,0
sz300194,3865,0,0
sh600449,0,3101,0
sh603166,0,0,0
sz000429,1621,0,0
sz002569,0,0,0
sz002284,0,3288,0
sz002531,9659,6670,0
sh601005,87834,106921,0
sh600963,17836,2904,0
sz002517,1087,4959,1120
sh603006,0,0,0
sz002567,0,0,0
sz002671,0,0,0
sz000886,5580,0,0
sh603999,0,0,0
sh600018,14320,22443,0
sz300537,0,0,0
sh600446,848,695,0
sh603922,573,1420,991
sh603997,0,0,0
sh600833,0,0,0
sz300515,3300,0,0
sz300440,0,2350,0
sh600023,0,0,0
sz300169,0,0,0
sh600815,0,0,0
sz300691,0,0,0
sz002346,0,0,0
sz300620,0,0,0
sz000917,18444,30307,1324
sz002438,0,0,0
sh600790,0,0,0
sz002001,14548,9712,0
sz300123,0,0,0
sh600754,0,299,0
sz000631,0,2510,0
sh600747,0,5000,0
sz300452,482,0,0
sz002600,7754,12206,0
sz002215,0,0,0
sz300456,351,0,0
sh603918,0,0,0
sz300740,4324,4725,1438
sz300112,0,0,0
sh600225,0,0,0
sz002318,0,0,0
sh601798,0,0,0
sz002094,3671,710,0
sh600206,4000,15387,0
sz000608,0,0,0
sh603896,411,485,507
sh601101,1538,1541,0
sh603712,64959,91905,22256
sz300132,0,0,0
sz300703,0,0,0
sh600159,0,0,0
sh600176,50081,30885,861
sh600189,0,0,0
sh603458,0,0,0
sz002581,1668,901,0
sh600569,19383,5968,0
sh600720,11754,16798,0
sz300736,2409,427,0
sh601997,11278,6755,0
sz002678,2230,0,0
sh600686,0,1554,0
sz002171,7571,4078,0
sz300284,0,0,0
sh600273,10000,4475,0
sz300508,0,0,0
sh603477,6671,43401,2679
sh600305,0,972,0
sz002884,0,0,0
sz002455,0,0,0
sz000519,5391,6491,1203
sz002347,0,0,0
sh600900,2370,716,0
sz000571,0,2778,0
sz002852,0,0,0
sz002712,0,0,0
sz002181,0,0,0
sh603328,0,867,0
sz002136,0,0,0
sh603003,0,0,0
sz300648,417,0,0
sz300389,0,0,0
sz000830,106300,95592,2807
sh600387,3313,14123,0
sz300257,0,0,0
sh601857,245261,156703,0
sh601866,0,43959,0
sh600383,18229,13750,913
sh601678,12970,26890,0
sh600149,0,0,0
sh601628,3299,13067,0
sz002667,0,0,0
sz300385,0,0,0
sz300546,0,0,0
sh603178,0,0,0
sh603218,0,0,0
sz000723,18333,20781,0
sz002253,0,0,0
sz300599,0,0,0
sz002568,0,0,0
sh601118,0,0,0
sz002371,14750,8619,2527
sh600887,71598,72049,2502
sh603928,0,0,0
sz000006,5252,19673,0
sz300651,0,0,0
sh600917,0,0,0
sh603630,0,0,0
sh600724,0,0,0
sz000823,0,17444,0
sz002152,6620,27428,0
sz002432,53120,60253,0
sh603577,0,0,0
sz300248,0,4917,0
sh600366,0,3806,0
sh600812,0,0,0
sz002883,220,0,0
sz002467,1967,6073,0
sz002912,237,371,0
sz002077,0,0,0
sh600847,0,0,0
sh603866,0,0,0
sz002340,260475,474878,2105
sz000430,0,0,0
sz000065,967,0,0
sz300598,403,0,0
sz002648,4909,8648,0
sh603717,0,0,0
sh600356,0,0,0
sz300520,1639,0,0
sh600577,26630,40526,0
sz002680,18525,16561,895
sz300384,0,0,0
sh600078,2267,0,0
sz000716,0,0,0
sz002062,0,0,0
sh603009,0,988,933
sz300077,3185,3728,0
sh603266,0,0,0
sz000966,0,0,0
sz002221,2500,12383,1301
sz002452,0,0,0
sz300306,0,0,0
sz002314,2057,1776,0
sh600285,7817,15907,0
sz000711,0,0,0
sh601608,7931,0,0
sz002073,2838,4167,0
sz300438,0,490,0
sz000761,0,0,0
sz002554,2573,0,0
sz002586,0,0,0
sz300292,0,3837,0
sh601311,1020,4000,0
sh600851,0,0,0
sz300601,4418,929,403
sz300494,0,0,0
sz000545,0,0,0
sh600268,0,36986,3405
sz002850,0,0,0
sh600621,2609,8696,895
sz002919,0,1633,0
sz002910,1379,0,0
sz002489,0,0,0
sz002208,71235,46613,6868
sz002837,0,589,0
sz002486,0,2497,0
sh600716,0,12163,0
sz002593,0,0,0
sz000676,0,0,0
sz000885,0,683,0
sh600486,354,219,0
sh601900,0,0,0
sz002331,0,0,0
sz002917,500,377,0
sz000554,9428,7047,0
sz000989,12879,3445,1816
sz000902,0,0,0
sh600348,14556,12163,0
sz000404,0,0,0
sh603861,0,0,0
sh600498,1713,2934,0
sh603599,0,0,0
sh603357,0,0,0
sz300670,0,0,0
sz002785,0,1739,0
sh603077,5449,5010,0
sz000789,30876,26577,982
sz002702,55381,43254,3149
sz002061,1600,1042,0
sz000713,0,0,0
sz000859,0,0,0
sz002271,4094,4057,0
sz300234,0,0,0
sz300538,0,0,0
sz300009,26005,11099,1563
sz002598,0,0,0
sz002131,30544,56746,0
sz000536,0,0,0
sh600199,0,1571,0
sz002790,0,0,0
sh600011,18384,12148,0
sh600062,16931,9148,0
sh600844,0,0,0
sh600551,0,0,0
sh600861,0,0,0
sh603367,9580,4025,0
sz002745,1328,800,0
sz000089,1400,7511,0
sh600488,2971,0,0
sz300408,7674,2077,438
sh600821,0,0,0
sh603888,0,0,0
sh603106,1933,0,0
sz002382,2695,1824,0
sz000428,0,0,0
sz002159,0,0,0
sz300019,0,0,0
sz002030,5526,2132,0
sz000570,0,0,0
sz002376,0,5191,0
sz300480,0,0,0
sz300533,0,0,0
sh603355,0,0,0
sz300400,0,0,0
sz002060,0,0,0
sz300643,0,0,0
sz300189,0,0,0
sz000875,0,3740,0
sh603806,0,0,0
sz000768,12321,10992,677
sh600288,0,0,0
sh603767,0,3958,0
sz300293,0,0,0
sz002546,0,0,0
sz002043,0,6130,0
sh600218,0,0,0
sh600684,0,2002,0
sz300013,0,0,0
sz002518,0,0,0
sz000998,16249,8831,0
sz300336,4715,3860,907
sz002130,2084,2232,0
sz300022,0,0,0
sz300276,872,983,0
sh600829,900,0,0
sz300512,628,0,0
sh600175,13000,9609,0
sz000851,1546,1397,0
sz000708,0,0,0
sz002707,1633,0,0
sz002283,0,0,0
sh603108,14182,8309,0
sz000032,8653,10025,0
sh600280,16849,10674,0
sh600868,44570,34475,0
sh603939,222,1339,0
sz300445,0,0,0
sz002660,0,0,0
sh600506,689,0,0
sh601098,1233,2758,0
sh600284,0,3000,0
sz002360,0,0,0
sh601113,0,0,0
sz002293,0,0,0
sz300199,19895,4218,0
sh603912,2565,6953,0
sz300459,8400,3607,0
sh601800,3120,9947,0
sh603678,0,0,0
sh600893,5757,3541,0
sh600328,1000,0,0
sz300243,0,0,0
sz002627,0,0,0
sz002285,19022,25833,0
sh603288,176,0,0
sz002074,5529,10392,1022
sh600510,0,0,0
sz000797,2000,1045,0
sz300573,678,0,0
sh603505,1000,738,0
sh600527,0,0,0
sh603010,0,0,0
sh601718,25760,22320,0
sh600468,0,0,0
sz002052,0,0,0
sh600278,0,0,0
sz002637,1200,1455,0
sz002108,12528,8602,0
sz000988,900,657,0
sz002631,2285,3180,1166
sh600859,0,0,0
sz002354,6106,20676,0
sz000659,14707,0,0
sh603129,0,0,0
sz300154,0,0,0
sh601009,25454,10378,0
sh600652,2908,6141,0
sh600602,0,0,0
sh600162,0,13674,0
sh600377,0,0,0
sz002713,763,0,0
sh603444,122,155,0
sz300739,285,1056,0
sz300101,9352,6318,0
sz300343,817,4965,1609
sh601368,0,0,0
sz000017,0,0,0
sz300176,155,395,0
sz000078,23137,24125,0
sz000895,0,1049,0
sz002386,0,2000,0
sz002465,3704,1506,0
sz300469,0,275,0
sh600227,12564,3803,0
sh600098,0,6814,0
sh600978,0,3049,0
sz002655,11292,7515,0
sz002089,8199,7595,0
sh601360,11240,22321,1137
sh600246,0,0,0
sh600248,0,0,0
sh600635,222609,157681,5038
sh603322,0,0,0
sz002613,4674,0,0
sz000585,0,0,0
sz002442,12936,3291,0
sh600585,40519,37341,1071
sz000913,0,2347,0
sh601518,0,0,0
sh601601,15159,20543,892
sh603118,1463,4315,0
sh600888,0,4251,0
sz000910,500,1881,0
sz300275,0,0,0
sh600251,0,0,0
sz002139,1000,2858,968
sh600055,5628,800,0
sh601985,3209,8117,0
sh600653,0,0,0
sz000877,5494,1272,2421
sz300453,0,0,0
sz002659,0,0,0
sz002847,4489,2645,0
sz000048,0,0,0
sz300727,2162,709,0
sz300145,0,2112,0
sh601021,0,0,0
sh600719,5137,1763,0
sh600135,0,0,0
sh600027,77356,17461,0
sh600599,0,0,0
sh600816,800,3523,0
sz002426,8000,2191,0
sh603015,0,0,0
sh600015,0,3864,0
sh600072,3920,3803,0
sh603817,0,0,0
sh600208,33011,56516,0
sz002294,18232,7908,316
sh600371,9049,12686,0
sz002519,0,0,0
sz002236,26042,30309,1005
sz002274,0,0,0
sz300561,0,594,0
sh603026,0,0,0
sz300479,0,0,0
sz300165,0,0,0
sh600477,0,3929,0
sh603536,0,0,0
sh600875,2487,6448,0
sh601158,0,0,0
sz000595,0,0,0
sh601375,5708,4315,0
sz002227,0,0,0
sz002665,0,0,0
sh603305,493,565,0
sz002801,0,0,0
sh600529,773,0,0
sh603012,0,0,0
sz300271,3001,3455,0
sh600232,0,0,0
sh600721,22769,5172,0
sz300018,6436,2863,0
sz000868,13138,23375,0
sz002711,1004,1241,0
sz300550,0,0,0
sz300378,0,0,0
sz002056,1979,3978,0
sh600739,0,0,0
sz000623,12224,7084,0
sz002041,0,1166,0
sz000510,0,0,0
sz000045,2426,0,0
sz000058,0,0,0
sh600610,2032,0,0
sz000572,0,31788,0
sh600297,4106,2000,0
sz000758,0,3881,0
sz300208,0,2277,0
sz002927,16188,13390,2237
sh600980,2552,2809,0
sz002700,0,0,0
sz002358,6623,3839,0
sh600187,19943,15813,0
sz000848,0,0,0
sz300152,2734,0,0
sz000066,138821,72451,0
sh600151,0,0,0
sz002350,0,0,0
sh603869,490,1066,0
sz002015,0,0,0
sz000005,0,0,0
sz300323,15139,4272,0
sz002379,0,2500,0
sh600841,0,0,0
sz000610,5498,0,0
sh600882,0,0,0
sz300398,1669,1486,0
sh603050,0,0,0
sz000661,3815,5604,136
sz300650,0,1199,0
sz002900,2879,597,0
sh601229,15421,17668,0
sz300172,0,0,0
sh600458,0,0,0
sz300359,1253,1800,0
sz300188,2641,1369,0
sz000979,617084,1024024,0
sz000049,313,394,0
sz002166,2332,0,0
sh600123,2547,0,0
sz002338,2669,0,0
sz000892,0,0,0
sh600030,218230,185347,8566
sh603386,5226,1637,899
sz300720,0,0,0
sz300403,0,0,0
sz300353,33614,49077,3116
sh600584,10876,12309,0
sh603298,0,0,0
sz000887,4343,3494,0
sz300555,0,0,0
sz000719,0,0,0
sz002119,0,0,0
sz000788,3474,0,0
sz300531,2892,0,0
sh601828,4482,11425,0
sz002611,6881,4593,0
sz300473,0,0,0
sz002701,0,7900,0
sz002254,1302,1869,0
sh600200,4053,0,0
sz300092,0,0,0
sz000755,0,0,0
sz002782,2279,4992,0
sz300011,0,0,0
sz002197,0,1277,0
sz000850,0,0,0
sz002686,0,0,0
sh600207,4725,9993,0
sh603238,0,0,0
sh600897,0,1677,0
sz000825,67483,44304,0
sz002302,3568,4364,0
sz002783,0,0,0
sz000920,1226,0,0
sz000498,0,0,0
sz300045,0,0,0
sz002205,0,1450,0
sh603228,0,0,0
sz000791,0,0,0
sh600744,0,0,0
sz002605,0,0,0
sh603868,476,700,0
sz300314,0,0,0
sh600421,0,0,0
sh600803,1341,4074,0
sz300335,0,3001,0
sh601969,0,5598,0
sz002512,12452,11646,1120
sz000567,1049,9785,0
sh603588,0,2017,0
sh601086,1101,6772,0
sh600004,2029,0,0
sz000582,0,0,0
sz002811,0,0,0
sz300374,0,0,0
sz002239,0,7974,0
sz000878,1302,0,0
sz300695,0,0,0
sh600796,0,0,0
sz002155,1220,0,0
sh603655,4637,4381,0
sz002888,0,0,0
sz300236,5903,5370,0
sz002848,0,0,0
sh601011,2734,3453,0
sh600885,0,396,0
sz002203,4154,3955,0
sz002881,0,0,0
sz002434,14703,1193,0
sz002675,8799,2000,0
sz002796,3004,5847,0
sz000990,0,0,0
sz000731,8828,5182,0
sz002049,48520,54565,8027
sz000501,1000,2396,0
sz002454,0,1455,0
sz002296,0,3043,0
sh601555,1531,1194,0
sz002342,0,0,0
sz300590,0,0,0
sz002117,0,0,0
sz300475,0,0,0
sh601999,0,0,0
sz300181,8535,0,0
sz300265,0,0,0
sz000908,10446,0,0
sh601198,0,1015,0
sh600146,1908,3593,0
sz002806,0,0,0
sh603668,0,0,0
sz300231,5228,4730,0
sz300324,3491,6191,1381
sh603389,0,0,0
sz002820,0,0,0
sh600167,0,500,0
sz000722,0,0,0
sz000403,736,0,0
sh600759,0,7535,0
sz002349,0,0,0
sz002070,3209,20086,0
sz002683,0,1424,0
sz002779,0,0,0
sh603988,0,0,0
sz002059,0,0,0
sh603609,0,0,0
sh600836,0,0,0
sz000702,0,0,0
sh600223,0,0,0
sz000880,0,0,0
sz002620,0,0,0
sz300247,45653,57830,0
sh603879,0,0,0
sh600308,0,0,0
sz000780,2205,0,0
sz300472,0,0,0
sz002681,0,1377,0
sz002813,0,0,0
sz002310,1069,2844,0
sh603579,0,0,0
sz002829,0,0,0
sz300605,0,0,0
sz002640,4530,5306,0
sz300671,505,0,0
sz000550,6375,13308,1267
sz300633,0,0,0
sz002027,58014,46339,0
sz000882,14442,31143,0
sz300182,13457,30221,0
sz002317,6540,0,0
sz300023,0,0,0
sh603959,0,0,0
sz002908,0,983,0
sz002526,0,0,0
sz000983,5956,9617,0
sh603303,0,0,0
sz300362,2243,10435,0
sh603181,0,904,0
sz000628,0,3562,0
sz002846,0,0,0
sz300192,0,0,0
sz300416,0,0,0
sh600354,0,0,0
sz002185,7284,15065,0
sh603619,7991,3815,415
sh603813,1500,0,0
sh603816,1460,1906,0
sh600026,1850,2157,0
sz300433,7138,5912,988
sh603828,0,0,0
sh603689,0,897,0
sh603500,0,0,0
sz000948,0,1026,0
sz002929,16303,8478,3163
sz300442,0,0,0
sh600668,1615,1587,0
sh600073,1451,1400,0
sz300334,0,0,0
sz002270,0,0,0
sz000931,0,0,0
sh603001,0,0,0
sz000800,6959,10538,0
sz000935,18399,11537,0
sz300228,0,1286,0
sz002810,531,3507,0
sz300209,0,560,0
sz002039,0,0,0
sz002694,31256,23555,1027
sz000517,9480,12201,0
sz300380,611,1115,0
sz002456,69686,53084,2153
sz002824,0,0,0
sz300017,129237,115924,2351
sz000158,0,0,0
sz300021,2386,0,0
sh603585,0,0,0
sz002632,0,0,0
sh603858,8230,5000,0
sh603661,0,192,0
sh601558,31448,0,0
sz300474,998,3599,326
sh603665,0,0,0
sz300697,778,0,0
sz000007,1689,1977,0
sh603321,0,0,0
sz300217,0,3553,0
sh603569,0,469,0
sh601898,0,2415,0
sz002380,0,0,0
sh603232,0,0,0
sh600839,8362,19238,0
sz002375,0,5170,0
sh603333,0,0,0
sz002679,0,0,0
sz300730,2470,5341,0
sh600476,0,0,0
sz002903,0,0,0
sz002767,0,0,0
sz000410,33385,10657,2190
sz000652,6826,10987,0
sh603716,398,182,0
sz300354,0,0,0
sz000619,0,0,0
sh603380,0,33575,1350
sz000551,1500,0,0
sh600260,4379,4935,0
sz002389,577,0,0
sz000528,7926,14623,0
sh603808,0,0,0
sz300382,1000,0,0
sh600572,35483,15515,0
sz300466,0,1994,0
sh601878,917,2314,0
sz002436,0,0,0
sz300698,0,494,0
sh600558,0,0,0
sh603726,0,0,0
sz000558,22375,3575,0
sz002282,0,0,0
sz300106,0,0,0
sz002793,0,0,0
sh600532,0,0,0
sz002102,5534,16877,0
sz002332,5901,0,0
sh600117,4075,4309,6397
sh600993,3175,603,0
sz002630,2055,12190,0
sz000905,0,0,0
sz000961,7897,12006,0
sh601166,61365,76062,0
sz300304,0,0,0
sz002676,16168,12506,0
sz300677,2517,807,0
sh601038,0,1428,0
sz300322,0,1121,0
sh600250,0,0,0
sz000932,42515,32144,0
sz300585,0,0,0
sh600397,0,0,0
sh600152,3305,0,0
sz000965,0,0,0
sz300357,932,0,0
sh603989,0,0,0
sz300582,1154,0,0
sz300639,224,0,0
sz002483,0,0,0
sz002024,30825,42726,0
sh600969,0,0,0
sh603177,5868,11425,684
sz002638,13343,15250,0
sz000922,0,0,0
sz000996,9270,14182,0
sh600346,4943,2416,0
sz002653,0,0,0
sz002492,0,0,0
sh603128,0,6026,0
sh603365,0,0,0
sh603885,0,0,0
sh601882,0,0,0
sz002508,9865,20870,1487
sz002220,0,0,0
sz300421,0,0,0
sz000937,0,2075,0
sz300675,5458,3650,645
sz300412,0,0,0
sz300490,0,859,0
sz000422,0,14989,0
sz002802,0,0,0
sz000638,0,0,0
sz300376,1550,6660,0
sz002016,5486,13352,0
sz000712,893,2147,1022
sz002287,679,0,0
sz000720,3428,2550,0
sz300503,0,0,0
sz300100,1469,13597,0
sh600785,0,0,0
sz000709,23267,19200,0
sh600650,0,0,0
sh600755,53456,60354,979
sh603937,1089,508,0
sz002017,0,0,0
sz000858,41288,64074,3783
sz002812,971,325,90
sh601886,0,0,0
sh603396,1284,319,0
sh603779,0,0,0
sz002036,0,2281,0
sz300638,0,0,0
sz000605,0,0,0
sz300726,0,1913,0
sh600637,0,4010,0
sz002559,0,0,0
sz002477,0,12641,0
sz000681,8535,9275,500
sh600865,3007,0,0
sz002416,0,2306,0
sz002733,802,762,0
sh600901,18057,44694,0
sz002390,33767,10239,0
sh600155,0,1616,0
sz300373,869,1468,0
sz002641,0,0,0
sh600773,0,4919,0
sz002696,0,0,0
sz002258,4096,1165,515
sz002279,1728,2276,0
sh603056,2333,2159,704
sh600555,0,3000,0
sh600800,2015,0,0
sz000981,0,0,0
sz002303,1458,0,0
sh600480,0,0,0
sz300264,0,0,0
sz002133,0,0,0
sh600301,0,0,0
sz300259,0,0,0
sh603042,0,0,0
sz300333,0,1912,0
sz000590,0,0,0
sz002127,3004,4249,0
sh600489,18124,2227,0
sh603658,0,0,0
sz002757,353,0,0
sh600222,0,0,0
sh601002,13163,7498,0
sz300109,2676,648,0
sh603711,1065,1105,0
sh603229,635,0,0
sz000668,0,0,0
sz002323,0,0,0
sz300446,529,0,0
sh601908,0,0,0
sz300055,898,1548,0
sz300075,878,0,0
sz000700,0,0,0
sz002537,988,0,0
sz002906,1360,1696,0
sz002200,0,0,0
sz002246,0,953,0
sz300492,0,450,0
sh600879,7560,18597,0
sz000692,0,0,0
sz300079,0,12269,0
sz002362,1017,1767,0
sh600575,0,0,0
sh603616,22458,18659,2867
sh600567,119888,57408,0
sz002651,66151,36943,3140
sz002736,3002,2401,0
sz002771,0,0,0
sz300711,1055,453,467
sz002401,15969,3140,0
sz002839,22049,25189,0
sh600590,12064,2463,0
sz002097,0,2000,0
sh600370,0,0,0
sh600891,0,0,0
sz002153,4891,8950,0
sz002289,1161,0,0
sz300026,50229,6241,0
sz300125,0,0,0
sh600505,0,0,0
sh603611,0,0,0
sh600197,1496,1661,0
sh600977,0,2452,0
sh600171,3585,9125,0
sh600673,74103,68950,0
sz002481,2869,14031,0
sz002447,9942,0,0
sz000782,0,0,0
sz300429,0,0,0
sh603617,0,0,0
sh603677,0,0,0
sh600497,18546,9857,0
sh603648,768,0,0
sz002610,10470,9146,0
sh600372,880,1000,0
sh601666,7582,21080,0
sz300414,0,0,0
sz002717,16973,51089,498
sz300513,588,0,0
sz000901,0,836,0
sh601858,0,0,0
sh600213,975,3296,4585
sz300213,11559,29318,12339
sz002645,0,538,0
sh603031,0,0,0
sz300137,643,11038,0
sz000563,0,12629,0
sh601016,0,14432,0
sz002652,0,9094,0
sz002666,63079,109368,7268
sz002496,2083,3297,0
sz002275,0,0,0
sh600283,1392,922,1067
sz000890,0,0,0
sz300655,447,443,0
sh600502,0,7190,0
sh603729,2482,528,0
sz300603,652,0,0
sh600522,14236,12539,0
sh601699,53258,31820,0
sz002422,5778,3910,0
sh601188,0,0,0
sz300611,0,0,0
sz300085,9672,5587,717
sh600582,3944,0,0
sz000727,6929,4105,0
sh603416,0,0,0
sz002495,0,0,0
sh603139,0,3445,0
sz300467,303,0,0
sh600075,0,0,0
sh603938,919,1068,0
sz300345,0,0,0
sz002626,1000,0,0
sh600661,1224,904,0
sz300668,0,0,0
sh601872,0,2702,0
sz300721,354,0,0
sz000333,29755,39631,886
sz300229,0,1589,0
sz000020,3368,3681,603
sz300397,0,0,0
sh603096,0,0,0
sz002595,0,0,0
sz002816,0,0,0
sz300204,0,0,0
sz002776,1519,0,0
sz002506,12638,10200,0
sz002045,1110,3029,0
sh603607,318,0,0
sh600038,2728,2441,0
sh600802,0,0,0
sh600380,139934,55708,2565
sz002433,4479,0,0
sh603313,0,469,0
sh603308,0,0,0
sz300305,0,0,0
sz002141,0,1629,0
sz300129,0,0,0
sz002817,363,0,0
sz002840,0,0,448
sz300511,0,1003,0
sh603906,0,0,0
sz300707,1989,1933,0
sz300163,5417,0,0
sz002538,0,3307,0
sh603768,0,0,0
sh601258,23212,83684,0
sz002292,0,876,0
sz300493,0,1143,0
sz300020,10186,24219,876
sh600249,7291,4424,0
sz002687,0,0,0
sz300624,16441,20032,1324
sh603558,1047,2629,0
sz300288,1531,985,0
sh600325,9614,39999,0
sz002238,0,0,0
sh600490,29332,46596,0
sz300069,4409,0,0
sz300563,485,0,0
sz002459,0,0,0
sh600616,0,0,0
sh600089,4719,2816,0
sh603138,0,376,0
sh603966,0,0,0
sh603933,0,0,0
sz002468,26642,989,0
sh600731,0,0,0
sh600862,0,0,0
sz002752,0,0,0
sh600760,6717,5034,341
sz000799,0,3638,0
sh600327,0,0,0
sz002689,2013,0,0
sz002409,1099,1860,0
sh603289,3466,0,0
sz300523,215,336,0
sz002749,0,0,0
sz300220,0,0,0
sz300155,0,2310,0
sh600303,0,0,0
sz002123,5935,7096,0
sz002541,0,1071,0
sz002242,0,0,0
sz002343,0,627,0
sz000756,3008,0,0
sz002319,0,0,0
sz002623,0,0,0
sh603168,2316,0,0
sh600511,1852,1873,402
sz300699,4467,1535,0
sz002424,34098,80902,0
sh603315,0,0,0
sz002334,1380,0,0
sz300360,0,0,0
sz002513,0,0,0
sh600238,1697,0,0
sz300133,6328,15075,1020
sh600093,7200,17631,0
sz000677,0,0,0
sz002126,314039,163103,15766
sz000698,0,0,0
sh600723,0,0,0
sz300005,2000,2900,0
sz000949,0,7583,0
sh600521,16136,4932,527
sz300669,0,0,0
sz300485,1497,1522,0
sz300147,7470,7346,0
sz002095,1066,1006,0
sh601169,12980,12091,2007
sz002657,591,0,0
sh600291,5329,3478,0
sh600230,986,2072,0
sz300468,0,740,0
sh600595,3003,7235,0
sz000876,13100,5346,0
sh600035,0,0,0
sh600619,0,0,0
sz002202,8487,9157,2001
sz300183,1093,1675,0
sz300191,0,499,0
sh600825,5333,0,0
sz002211,0,0,0
sh603180,98,0,0
sh603358,0,0,0
sz300179,0,0,0
sh603811,0,0,0
sh600608,0,0,0
sz002069,2460,2560,0
sh603496,0,0,0
sz300233,720,0,0
sh601099,123004,44193,0
sz300297,0,0,0
sz000531,0,0,0
sz300170,40878,43409,6320
sh601186,1318,8570,0
sh601128,3493,0,0
sh600340,18128,31444,0
sz002487,0,0,0
sz300613,145,151,0
sh600281,0,0,0
sz300577,0,0,0
sh600400,18545,187095,1378
sh600552,1622,2500,0
sh603698,0,0,0
sz000060,5747,17262,0
sz300580,0,0,0
sz002324,500,0,0
sh603136,0,0,0
sz000601,0,0,0
sz300679,0,0,0
sz300685,859,763,0
sz002672,768,883,0
sh601222,0,1510,0
sh600313,8708,15564,0
sh600579,4252,0,0
sz000612,0,0,0
sh603316,0,0,0
sh600020,0,3594,0
sz002867,0,0,0
sz300150,0,0,0
sh601228,1944,6545,0
sh600793,0,0,0
sz002688,1648,0,0
sh603085,0,0,0
sz300449,0,0,0
sz300241,3287,0,0
sh600010,110717,54315,0
sz002695,0,0,0
sh603399,765,800,0
sz300377,96263,43138,8333
sz000921,812,0,0
sz000795,0,24927,0
sz300706,217,779,180
sz300517,0,0,0
sz300328,0,0,0
sz300348,716,0,0
sz002446,0,0,0
sh600111,34823,59363,0
sz002761,0,0,0
sz002797,8911,13679,0
sz000759,1279,0,0
sz002753,0,0,0
sz300402,0,0,0
sz300212,0,4358,0
sh600598,6110,6225,0
sz300635,0,0,0
sh600191,35472,10114,0
sh600103,0,0,0
sh600665,0,0,0
sz300162,0,0,0
sz002879,0,0,0
sh603598,0,800,0
sz002111,0,0,0
sz002055,0,1372,0
sz000999,16235,4933,708
sz002054,0,1922,0
sz000419,0,0,0
sh601020,0,0,0
sz002926,36948,51955,0
sh600266,0,1010,0
sh600715,175000,24266,988
sz002819,0,0,0
sz002921,14046,29460,2109
sh601595,0,0,0
sh600971,2775,6730,0
sh600520,582,0,0
sz300572,264,0,0
sh600704,0,2213,0
sh600396,0,0,0
sh600783,7584,3380,0
sh600508,2763,0,0
sz002306,0,0,0
sz300097,0,500,0
sh601010,0,4532,0
sz002780,0,0,0
sz000627,5685,2000,0
sh600781,0,0,0
sz002032,300,0,0
sz002719,0,0,0
sh600320,0,0,0
sz002616,0,0,0
sz300002,15611,17864,0
sz002180,0,0,0
sz002092,7102,13020,0
sh600822,0,0,0
sh600112,0,0,0
sh600516,65163,84608,3893
sh600658,0,0,0
sz002300,0,0,0
sh600137,0,0,0
sz300245,0,0,0
sz300430,1500,0,0
sz002617,1306,0,0
sh600435,10181,9323,1027
sh600094,3126,0,0
sh600681,0,0,1525
sz000767,0,20518,0
sz300606,0,0,0
sh603788,0,0,0
sh603566,0,0,0
sh600077,0,0,0
sh601088,31745,22477,0
sh600556,0,0,0
sz000816,12753,73541,0
sh603099,0,0,0
sh603040,0,0,0
sh600992,0,0,0
sz002891,0,0,0
sz002096,1699,1370,2784
sz300525,0,0,0
sz002231,0,0,0
sz002691,0,0,0
sz000826,2876,412,0
sh600702,881,1112,0
sz002145,0,9291,0
sh601939,301282,177331,1292
sh603728,0,0,0
sz002612,0,3025,0
sz000409,0,0,0
sh601336,8161,13428,209
sz000062,1001,674,0
sh603833,0,105,0
sh603917,0,1402,0
sz002100,0,0,0
sz000737,0,0,0
sh603329,368,793,349
sh600330,7009,5713,0
sz300148,10210,26008,0
sh603595,768,516,0
sz002928,2165,1808,0
sh603368,1071,587,0
sh600593,0,0,0
sz300461,0,0,0
sh600177,0,5020,0
sh603557,0,0,0
sz000155,5147,26580,0
sh600022,76127,36109,0
sz300587,0,0,0
sz000667,0,0,0
sz002685,2008,0,0
sz000860,650,0,0
sh603037,0,0,0
sz300111,0,0,0
sz300465,4237,9065,0
sh600083,0,0,0
sz300131,0,2800,0
sz000611,0,0,0
sz000963,15049,6067,0
sz002470,2989,6692,0
sz000833,0,0,0
sz300443,0,0,0
sz002404,0,0,0
sz002853,0,0,0
sz002865,0,0,0
sh600547,14516,18067,1202
sz002110,5115,12033,0
sz002841,0,131,0
sh600791,0,0,0
sh600429,0,0,0
sh600099,0,19775,0
sh600100,2192,16890,0
sz300644,0,559,0
sz300510,0,400,1400
sh600333,0,0,0
sz002328,0,0,0
sz300428,537,0,0
sz300215,0,1379,0
sh603028,0,0,0
sz300687,381,0,0
sh603963,2224,1920,0
sz002556,0,0,0
sh600161,2903,422,0
sz300623,0,0,0
sz002762,0,0,0
sz300007,807,4899,0
sz000819,2898,9464,1374
sh601001,0,1765,0
sz002473,0,0,0
sz300719,0,450,0
sz002449,4654,3940,576
sh600217,0,0,0
sz300254,0,0,0
sz000613,19789,44976,0
sh600523,0,0,0
sz002536,0,0,0
sh603605,959,0,0
sh600696,0,0,0
sz002224,1782,2987,0
sh601015,0,0,0
sh600518,56113,26285,2700
sz002058,0,0,0
sz002093,1182,2000,0
sz002398,3218,5104,0
sz002564,0,0,0
sz300636,0,0,0
sh603669,0,0,0
sh601966,2064,5251,0
sh600156,0,0,0
sh600997,0,0,0
sh600202,4792,5797,0
sh600088,1715,4723,0
sh600110,1346,3686,0
sh600592,0,0,0
sh600299,0,0,0
sh600279,0,0,0
sz000521,0,0,0
sz000543,8035,2640,0
sz300663,378,1866,0
sh600626,0,0,0
sz300664,12814,16132,6920
sz002006,3282,1538,0
sh603385,0,0,0
sz300118,1396,0,0
sz002440,2268,10180,0
sz002715,3103,8051,0
sz002250,0,2633,0
sz000663,4382,3484,0
sz300268,1501,0,0
sz300232,1435,1455,0
sz002663,2579,12567,0
sh601003,0,0,0
sz002268,12616,4668,384
sh603586,0,0,0
sz002791,0,0,0
sh603996,3312,1211,0
sz002849,0,0,0
sz300549,0,0,0
sz002411,0,2745,0
sz002646,0,0,0
sh600438,5581,0,0
sz300302,0,0,0
sz002606,21460,14416,0
sh600570,25578,22172,1885
sh603977,0,0,0
sh600475,0,0,0
sz000925,0,0,0
sz300281,0,0,0
sz000088,1720,0,0
sz300203,406,500,0
sz000153,1318,0,0
sh600617,0,0,0
sz300401,231,602,0
sh600338,416,6112,0
sz000002,31166,42623,2338
sz300394,558,1569,0
sz300559,0,0,0
sh601618,3401,9866,0
sh603008,3484,1750,0
sz300164,0,3600,0
sh601700,12019,18994,0
sh603378,0,0,0
sz000523,0,0,0
sz300087,3272,7538,1000
sz002151,5825,2662,410
sz300368,0,1368,0
sz002597,2332,3170,0
sh603086,0,0,0
sz002116,0,1041,0
sz002307,0,957,0
sz300171,1457,1231,0
sz002241,37285,49826,1634
sh600008,59102,31751,0
sz300329,0,0,0
sh600203,0,0,0
sz000584,0,0,0
sz000715,0,0,0
sz002441,0,0,0
sz002654,0,2016,0
sz000691,0,0,0
sh600479,1105,1322,0
sh600695,0,0,0
sz300242,0,0,0
sz002169,0,0,0
sz300672,2438,3235,0
sz002615,0,0,0
sz300124,34056,14457,1153
sz002003,0,0,0
sh603855,0,0,0
sz300460,0,0,0
sz002383,0,1588,0
sz000529,0,0,0
sh603157,1318,0,0
sz002142,14820,2765,0
sh603320,0,0,0
sh603970,0,0,0
sh600675,0,2058,0
sz300346,2408,0,0
sz300731,691,1193,419
sz300729,0,0,0
sz300395,0,0,0
sz002209,0,0,0
sz002677,2354,6604,0
sh603881,0,287,0
sz002789,0,0,0
sz002528,0,0,0
sz002273,995,6573,0
sz000835,0,0,0
sz002735,0,0,0
sh600311,0,0,0
sz002543,0,0,0
sz002893,437,0,0
sz002134,0,0,0
sh603081,0,0,0
sz300477,19394,11881,1141
sz002836,0,0,0
sh600139,10357,0,0
sz000525,482,0,0
sz002083,0,1764,0
sh600466,4505,18985,0
sz300250,0,0,0
sz300710,293,0,0
sh600871,80433,0,0
sz000560,0,0,0
sz002871,0,0,0
sh600132,513,0,0
sh600287,0,0,0
sz002395,938,0,0
sh600107,0,2299,0
sh600996,0,0,0
sh600693,2000,0,0
sz300522,0,0,0
sh600228,0,0,0
sz002750,1071,2546,0
sz300413,294,1404,0
sz000635,0,0,0
sh600361,0,0,0
sz300108,0,0,0
sz002457,46622,18759,795
sz002280,2547,22259,2215
sh603323,0,4923,0
sz000831,1631,2108,0
sh600231,0,0,0
sh603103,0,506,0
sz000889,0,0,0
sh600276,24431,21809,2316
sz002872,454,0,0
sz002063,0,2934,0
sz000598,3518,4243,0
sh603131,0,0,0
sh601226,0,0,0
sz300221,16993,44896,2083
sh600768,0,0,0
sz300287,1517,21125,0
sz300415,0,0,0
sz002855,0,0,0
sz002046,0,23254,0
sh600530,2559,0,0
sh601789,0,0,0
sz002498,0,0,0
sz300277,2510,1700,0
sz300190,0,0,0
sh603330,0,0,0
sz300058,30933,32929,0
sz300113,31628,37199,1587
sh603160,2319,1001,0
sh603377,0,0,0
sz000811,0,0,0
sh600801,17919,21492,1531
sh600533,0,0,0
sz002453,0,0,0
sh600776,0,0,0
sz300061,0,0,0
sz002337,0,0,0
sh600757,0,1819,0
sz300252,824,870,0
sh600373,0,1785,0
sz000993,0,0,0
sz300267,10556,14082,0
sz300104,1199968,1284521,75743
sz000957,1070,4894,0
sz300507,0,0,0
sz002898,10846,11686,2033
sh600335,6718,10819,0
sh600422,34315,13954,0
sh600528,12567,7960,0
sz000502,0,1976,0
sz002298,0,0,0
sz002570,74638,76063,4261
sz300119,0,0,0
sz300487,6543,5024,1449
sz300001,0,2199,0
sh600688,51073,13213,0
sz300142,45964,15232,1837
sh603919,0,1451,0
sz000544,0,0,0
sz000626,875,869,0
sz002391,0,0,0
sz002064,0,14059,0
sz300331,8662,16378,3442
sz300422,0,0,0
sz000705,0,0,0
sz002079,3657,5314,0
sh603179,0,0,0
sh601566,676,0,0
sh603778,0,15087,0
sh601107,0,0,0
sh600017,0,8849,0
sh600513,0,0,0
sz002207,0,0,0
sz002443,0,1863,0
sz002193,0,0,0
sh600114,1346,892,0
sz002087,0,0,0
sz300589,0,0,0
sz000541,1252,7300,0
sh600125,24737,9605,1379
sh600640,1438,0,0
sz002044,14362,5414,0
sh600933,854,0,0
sz000030,0,4979,0
sz000607,0,0,0
sz002355,7899,11830,0
sz000617,1800,0,0
sz000985,0,0,0
sh603306,0,0,0
sz300127,1000,0,0
sz002182,0,6699,0
sz300076,0,0,0
sh601989,96180,133136,0
sh603656,0,0,0
sz002053,0,0,0
sh600890,0,0,0
sh601808,1986,4896,0
sz002179,658,0,0
sh600376,0,0,0
sz002115,0,0,0
sz000760,0,5201,0
sz300193,0,0,0
sz300423,0,0,0
sh601880,8542,5324,0
sh601058,0,19832,0
sz300570,0,0,0
sz300381,0,0,0
sz002845,1379,0,0
sz300535,0,0,0
sh600898,0,0,0
sh603708,528,0,0
sh603208,0,290,0
sz002107,0,0,0
sz002418,27574,4655,0
sz002222,8767,10190,0
sz002183,1838,5809,0
sz002335,0,0,0
sz300545,195,0,0
sz300450,871,6598,463
sz002774,0,0,0
sz002576,0,0,0
sz002204,0,0,0
sz002262,7695,5883,0
sz002225,0,0,0
sz000622,0,0,0
sz300014,3941,8980,0
sh600318,0,0,0
sz002579,0,0,0
sz000012,1875,10215,0
sz000777,0,0,0
sz002746,0,0,0
sh601155,6537,8757,0
sz300399,0,593,0
sh600293,1395,1560,0
sh603766,0,3723,0
sh600746,0,0,0
sz300088,44160,28312,0
sz000665,4048,3342,0
sz300283,0,0,0
sh601231,2377,5462,0
sh603356,1390,2032,0
sz300184,1000,0,0
sz300319,0,0,0
sz000718,0,2709,0
sh603036,0,0,0
sz002396,5781,6833,0
sh603466,419,188,0
sz300095,0,0,0
sh600749,0,0,0
sz002741,0,0,0
sz300237,0,0,0
sh600638,0,764,0
sz002232,0,2307,0
sh603883,1822,2142,0
sz000836,2433,12180,0
sh603880,0,0,0
sz002288,2604,14564,0
sz000011,0,0,0
sz300070,16392,18754,0
sz300439,0,0,0
sh601339,0,0,0
sh600603,0,0,0
sz002589,20178,15107,995
sz000721,4168,0,0
sh603556,0,0,0
sh600729,2342,1554,0
sz000150,0,0,0
sz002916,5290,4009,320
sh603859,0,0,0
sz300527,0,0,0
sz300379,0,0,0
sz002199,809,0,0
sz002748,0,0,0
sh601100,453,2955,0
sz002339,0,1245,0
sz300214,0,0,0
sz000581,4952,8429,0
sz000657,1883,0,0
sz300530,0,0,0
sz300040,0,0,0
sh600835,736,480,0
sh600828,0,0,0
sz300741,731,540,0
sz002281,3174,7004,0
sh600385,0,1100,0
sz002856,0,0,0
sz002832,0,0,0
sh601288,1078319,923814,0
sz002805,0,568,0
sz002561,0,0,0
sh603429,0,0,0
sh603730,0,0,0
sh603167,0,0,0
sh600654,4010,0,0
sh600615,2343,3792,0
sh603359,0,0,0
sz300407,5370,1913,2480
sz002330,0,0,0
sh601919,2029,40285,0
sh603559,1834,1776,0
sh600560,32879,29271,2758
sz300253,103992,70728,10531
sz300037,3696,1211,0
sh600483,0,0,0
sz300496,2331,3204,0
sh603987,0,0,0
sh600986,6823,6510,0
sz000929,0,0,0
sz300044,5513,3950,0
sz002393,0,722,0
sh603968,0,0,0
sh600126,0,0,0
sz300126,0,0,0
sz300542,0,598,0
sz000027,0,1704,0
sz000807,43743,84373,1173
sz002190,1001,2925,0
sh600267,16883,1732,0
sh603063,0,0,0
sz002392,0,0,0
sh601398,819462,437901,0
sh601933,39841,57798,1202
sz300470,0,0,0
sh603078,0,0,0
sh600095,4385,0,0
sh600350,1700,3552,0
sh600967,2600,2137,0
sz300463,2328,0,421
sh600872,400,0,0
sz300299,0,2564,0
sh600410,39297,24144,2226
sz002228,0,3000,0
sz300495,1700,686,0
sh603043,4890,1759,0
sz300174,0,0,0
sh600535,19318,15383,648
sz300618,2853,2542,321
sz002547,9308,3988,0
sz002247,0,0,0
sh600864,4507,0,0
sh600761,2034,4039,0
sh600797,12948,23092,0
sz300592,1090,0,0
sh603638,0,1200,0
sh603985,0,0,0
sz002529,0,0,0
sz002596,5208,7280,1249
sz000968,0,0,0
sh600029,82773,117760,1948
sz300713,0,0,0
sh600919,16992,19704,0
sz300715,8168,6521,570
sz000936,13585,22268,0
sz002863,735,4764,0
sz300543,0,0,0
sz002743,0,0,0
sz300733,23115,11014,1500
sz002066,25682,20613,3671
sz001965,0,0,0
sz000673,9517,9540,1460
sz000587,8254,12140,0
sz000837,1748,0,0
sz002573,5029,6440,0
sh603007,0,0,0
sh600596,1814,12337,0
sz300047,855,1571,0
sh600116,1292,1500,0
sz002088,4872,3887,0
sz002170,0,0,0
sz300024,27911,8443,518
sz000524,0,0,0
sh603018,0,0,0
sz000695,0,0,0
sh600219,33036,110838,0
sz002377,19223,16741,0
sh603618,0,0,0
sh603856,0,670,0
sh603986,6407,5470,484
sh603901,0,0,0
sh601838,5810,4212,0
sz300338,0,0,0
sz002076,0,4785,0
sz300309,507,629,0
sh601515,0,0,0
sh600536,0,4074,0
sz000586,0,0,0
sz000682,0,0,0
sh600663,0,0,0
sz300602,0,170,0
sz002114,3923,1205,0
sz000752,4337,0,0
sh601007,0,970,0
sh600787,2986,5192,0
sh600243,0,0,0
sh600163,0,0,0
sh600235,0,2200,0
sz002226,28009,39984,0
sh600965,0,0,0
sz000055,7919,8690,0
sz002590,0,0,0
sz002773,1075,0,0
sz300708,3120,4024,601
sh600563,0,0,0
sz002625,675,456,0
sz300375,0,0,0
sz000785,0,3052,0
sh601116,6731,7859,0
sh600717,1001,0,0
sh601225,48327,55425,1290
sh600705,3695,26937,0
sz300370,0,0,0
sz300539,0,0,0
sh600630,0,2537,0
sh601599,0,0,0
sh603383,0,0,0
sz002412,0,0,0
sh600860,0,0,0
sh603019,47285,42911,5368
sz002315,0,0,0
sz002278,1876,0,0
sh600052,0,0,0
sz000028,3519,865,0
sz002444,4789,11352,0
sz002731,0,0,0
sz300425,0,0,0
sh600958,1699,3135,0
sh600501,0,0,0
sz300210,0,0,0
sh600409,2406,17970,0
sz300205,0,0,0
sz002550,0,0,0
sh600586,0,2407,0
sh601918,9121,3302,0
sh600193,0,0,0
sz002858,1581,2637,0
sz300608,0,0,0
sh600079,86989,35784,4463
sz000637,0,1876,0
sh603059,1102,492,0
sz000839,14072,70217,0
sz002530,0,420,0
sz300486,0,0,0
sz300339,0,0,0
sz002261,3512,6766,0
sz300083,8012,22678,1420
sz002372,560,2097,0
sz002551,9517,1917,0
sh603161,0,439,0
sh600629,0,0,0
sz000070,1251,0,0
sz000899,0,5485,0
sz000683,7974,4584,0
sh600874,18962,26202,0
sz002870,0,1939,0
sz300367,16413,24632,1308
sh601028,0,0,0
sz300647,2689,3513,3062
sz300419,0,0,0
sh600491,5893,8178,0
sz001979,9475,19168,0
sh601208,0,0,0
sz000672,14692,26148,0
sh603877,0,0,0
sh603580,492,0,0
sz300269,0,6217,0
sh600302,1759,0,0
sh600428,0,0,0
sh600258,2156,826,0
sz002081,6438,8331,0
sz000697,0,701,0
sz002490,0,0,0
sh603189,0,0,0
sz002002,0,4205,0
sz300518,0,0,0
sz000927,2525,11227,0
sh600606,109238,159434,0
sh601881,6052,12577,0
sz300481,0,500,0
sz300653,0,0,0
sh603113,0,0,0
sh600057,0,1500,0
sh600714,0,0,0
sh600771,771,710,0
sh600192,11393,5133,0
sh603633,0,0,0
sz000573,0,0,0
sz000526,0,0,0
sh600578,0,0,0
sz300216,107858,99871,5901
sh600109,0,8483,0
sh603819,0,0,0
sh603197,0,0,0
sz000063,60547,55499,4042
sz000507,1583,0,1103
sz002154,0,0,0
sz002080,2768,3904,0
sz300391,0,0,0
sh600448,0,0,0
sz300554,0,0,0
sz000753,0,0,0
sh601929,5052,4271,0
sz300738,1077,770,0
sh603499,0,406,0
sz000828,0,0,0
sz002494,0,1556,0
sz300712,0,0,0
sz300501,0,0,0
sh600903,135480,90134,18983
sh600467,0,0,0
sh600561,0,0,0
sz002896,0,290,0
sz300509,0,0,0
sz300621,0,0,0
sh603979,0,0,0
sz300180,4316,983,0
sh600519,6532,9981,893
sh600999,4118,2578,0
sh601991,10577,8717,0
sz002755,0,551,0
sh603936,0,0,0
sz002548,0,0,0
sh601200,14008,16374,14426
sh600131,0,0,0
sz002078,34654,7634,0
sz002023,0,5659,0
sz002175,6421,6980,0
sz002290,0,923,0
sz002909,0,0,0
sh600275,0,0,0
sz002535,4965,0,0
sz300197,4095,12336,0
sh601616,0,0,0
sz002758,0,0,0
sh600470,6274,0,0
sh603277,0,0,0
sh600732,0,1826,0
sz000762,1117,1616,0
sz002394,0,0,0
sz002234,1000,1129,0
sz300294,2883,724,0
sz002057,0,0,0
sz002618,1092,0,0
sh600531,0,6866,0
sh600863,4732,4738,0
sh600703,54754,31366,3107
sz300514,713,714,0
sz300431,23230,8305,1057
sh603960,0,0,0
sz300320,0,1401,0
sz000792,11518,25650,0
sh603039,120,0,0
sh600031,64312,69257,1762
sz300488,0,0,0
sz002591,0,3000,0
sh600036,88880,75363,4916
sh603555,2972,0,0
sz002167,0,0,0
sh600141,0,1682,0
sz002772,0,0,0
sz002472,2573,3924,1052
sz000009,13602,35066,0
sz002485,1015,659,639
sz002042,0,1001,0
sz300063,0,0,0
sh603030,0,0,0
sh600601,0,0,0
sz002747,0,0,0
sz002737,2685,604,0
sz002462,1148,708,0
sh600817,0,0,0
sh603809,0,0,0
sz300696,296,222,0
sz000553,0,748,0
sh603680,0,264,0
sz002176,76896,70409,818
sz300289,0,0,0
sz002818,0,0,0
sh600765,0,1100,0
sz300686,0,0,0
sz002341,404,530,0
sh603299,0,948,0
sz002734,0,0,0
sz002505,0,0,0
sz002425,0,1426,0
sh600641,8783,1079,0
sh603319,530,0,0
sz300645,0,0,0
sz002822,0,0,0
sz000538,4069,3462,0
sh600068,11279,63718,0
sh600096,2210,1675,0
sz002697,0,2211,0
sz300681,225,219,0
sz002859,0,466,0
sh600233,6222,1187,0
sz002363,0,0,0
sz300693,0,0,0
sz300139,0,0,0
sh603528,0,0,0
sz000552,2840,0,0
sz000548,0,0,0
sz000815,0,0,0
sh601888,2847,6442,552
sz300082,0,0,0
sz002825,1664,0,0
sh603721,0,533,0
sh600300,0,0,0
sh600367,0,0,0
sh601168,3420,7192,0
sh603993,573763,582152,13200
sz002013,0,0,0
sz002730,1977,1478,0
sz002775,0,0,0
sz002572,485,2654,0
sh600061,0,899,0
sz000810,6277,5119,5218
sz300260,0,14089,6638
sh600211,283,0,0
sz300187,0,0,0
sz002905,883,0,0
sh600418,5742,1859,0
sz300235,0,0,0
sz002466,16956,18464,1269
sh600823,2028,4500,0
sz001896,0,0,0
sh600622,0,0,0
sz002886,377,0,0
sh600120,15979,9816,1826
sz002557,0,0,0
sz300500,1057,0,0
sz000555,59356,103166,6376
sz300052,1764,1780,0
sz300680,0,0,0
sh600983,0,0,0
sz002266,17304,16505,0
sz300098,11641,4314,0
sh601127,0,0,0
sz000039,2320,10946,0
sz300725,3160,6328,0
sz002407,2710,12938,0
sz002217,8679,13708,0
sz000043,0,0,0
sz300279,850,0,0
sz002385,5335,13266,0
sz000687,0,1000,0
sz002460,42495,31853,5161
sz002539,0,0,0
sz002012,0,7965,0
sz300295,0,1314,0
sh600452,0,0,0
sz000418,0,978,0
sh600873,0,0,0
sz300136,6211,5107,313
sz300709,364,0,0
sz002842,0,0,0
sz002368,3317,571,0
sz002025,3120,0,0
sh603198,0,0,0
sh603803,0,0,0
sh600201,3337,5584,0
sz000802,0,0,0
sz300426,0,0,0
sh600336,0,0,0
sh601366,0,0,0
sz002624,0,0,0
sz002542,1265,0,0
sz000997,1860,4175,0
sz300042,0,0,0
sz000520,6141,5500,0
sz300735,59707,43516,11482
sh600581,17452,7138,0
sz000856,10024,8166,841
sz002148,0,3463,0
sh600128,0,0,0
sh603366,6591,13668,0
sz002907,24379,25686,1056
sz000972,3115,0,0
sz000157,5955,10060,0
sz300436,512,0,0
sz000685,0,0,0
sh600386,0,2351,0
sh600359,0,0,0
sz300308,2035,745,0
sz300201,0,0,0
sz000670,0,0,0
sz000061,0,0,0
sz300012,0,15784,0
sz002474,0,0,0
sh603909,0,0,0
sz000662,0,0,0
sh600262,0,0,0
sz300120,0,0,0
sh603926,0,0,0
sh603829,9325,4906,1512
sz300066,3117,0,0
sz002728,0,0,0
sh603612,1330,3045,1248
sz300117,2003,0,0
sz300263,0,0,0
sh600316,11186,21755,924
sz300327,0,0,0
sh601333,0,2628,0
sh600562,0,600,0
sz300084,0,0,0
sz300177,0,0,0
sh600550,1651,0,0
sh603360,0,0,0
sz002156,0,10243,0
sh603568,0,0,0
sh600876,6218,3350,1195
sz002286,0,0,0
sz002240,0,0,0
sz000669,0,0,0
sz300078,12684,3698,0
sh601177,0,0,0
sz300673,0,0,0
sz300151,0,0,0
sh603283,1348,757,0
sz002104,4672,0,0
sh600789,28904,28358,0
sz002795,0,0,0
sz000976,0,0,0
sh600936,0,0,0
sz002184,11762,27182,6182
sz002732,0,0,0
sh601318,222411,245142,16618
sz300256,17857,3474,0
sz300553,0,0,0
sz002684,1421,796,0
sz300471,0,0,0
sz000987,1884,6986,0
sh600237,0,2183,0
sz002565,0,0,0
sz300365,270,274,0
sh600565,19186,2887,0
sh600312,0,0,0
sz300115,9820,20492,0
sh600168,0,0,0
sh600973,0,0,0
sh600130,0,0,0
sz002210,4262,5955,0
sz000615,2166,1226,0
sh600837,20177,15652,0
sh600118,3591,1735,1296
sh600289,0,0,0
sz002109,6536,1500,0
sz000803,0,0,0
sz300366,942,0,0
sz300676,5929,3271,227
sz300121,0,3918,0
sh603098,0,0,0
sh600136,5635,1416,922
sz300584,0,379,0
sz300048,0,0,0
sh600352,28857,45318,2020
sz000829,0,1166,0
sh601238,0,0,0
sz000068,0,0,0
sz002777,0,0,0
sh600742,0,0,0
sz002218,0,9243,0
sh600620,0,0,0
sh600664,26874,14187,0
sz300435,0,0,0
sh600713,0,2444,0
sz002484,0,0,0
sz000423,11738,10659,402
sh601211,6079,7000,0
sh600677,5198,8442,0
sz002751,3162,800,0
sz002792,0,374,0
sz002194,2032,1046,0
sz002602,0,1014,0
sz002913,531,344,0
sz300737,4628,2813,0
sz300149,0,1363,0
sh600406,5194,5288,867
sz002348,0,0,0
sz000978,0,0,0
sh601688,35588,39126,0
sh600636,0,1637,0
sz002482,0,0,0
sz002588,0,0,0
sz300051,6443,1005,0
sh600896,0,0,0
sz002265,0,0,0
sh600351,18534,4059,0
sh603899,930,1504,0
sz002050,7934,14450,590
sh600405,21063,5998,0
sz300576,0,0,0
sz000863,0,2537,0
sh600056,13225,6803,0
sz300689,0,0,0
sz300315,21221,46134,0
sh600016,51291,37463,0
sz002902,4122,2298,374
sz300632,0,0,0
sh600295,0,2304,0
sz002585,0,1595,0
sh601388,9000,24308,0
sz002248,0,0,0
sz002643,1253,1013,0
sh601018,1997,4004,0
sh600645,15656,6392,0
sh600647,1224,5506,0
sz002214,1783,0,0
sh600854,0,0,0
sz002428,5334,21579,0
sz000679,0,0,0
sh600966,2325,1901,0
sz002173,0,0,0
sh600745,400,0,0
sz002249,0,4702,1578
sh603339,0,0,0
sh603707,471,772,0
sz000733,0,0,0
sh600085,11677,6878,0
sh600662,0,0,0
sh603080,1982,1090,0
sh603699,4145,679,0
sz300110,132361,66788,0
sh603679,0,0,0
sz300363,0,771,0
sz000893,0,11680,0
sz002313,355,4921,0
sz300028,0,0,0
sz300616,57,0,0
sz002105,0,0,0
sz300497,0,0,0
sh600853,0,0,0
sh600215,0,0,0
sz000166,0,7381,0
sh601012,12528,22622,0
sz002876,0,0,0
sh600158,7829,14830,0
sz300036,0,0,0
sh600634,22324,27859,2038
sz300548,0,0,0
sz300661,0,0,0
sz002421,2022,0,0
sh600984,0,2135,0
sh603000,5805,3181,0
sh600538,0,0,0
sh600571,2738,1034,7308
sh600420,4607,839,0
sz300615,0,0,0
sz300516,0,0,0
sh600770,3690,19754,0
sz002326,0,0,0
sh600981,5935,8905,0
sz002670,5258,1651,0
sh603825,309,0,0
sh603060,0,0,0
sz002664,0,379,0
sz002756,0,0,0
sh601519,0,3300,0
sz002305,0,0,0
sz300258,840,0,0
sz300102,35321,23691,0
sz002048,1073,6643,0
sh603533,3848,14674,529
sh600355,5956,0,0
sz300185,0,0,0
sz002885,0,0,0
sz002431,7310,3423,0
sz300499,0,0,0
sh600818,2209,0,0
sh601328,82088,77331,0
sh603801,0,0,0
sh601611,3721,1531,0
sh600748,0,1728,0
sh603363,2246,641,0
sz300609,0,0,0
sz002897,0,0,0
sz002682,0,0,0
sh603387,0,0,0
sz300462,17725,9933,3060
sh600282,37491,12359,0
sz002091,3677,2358,0
sh603158,0,0,0
sz002146,49538,25031,0
sz002636,0,0,0
sz000701,0,0,0
sz300658,0,0,0
sz002501,0,0,0
sh603908,0,0,0
sh603848,0,0,0
sh600826,0,0,0
sz300031,0,0,0
sh600540,0,0,0
sh601199,0,0,0
sz002445,0,0,0
sh603199,0,0,0
sh603100,0,0,0
sz300565,0,0,0
sh600679,0,0,0
sh603890,4445,7351,3657
sh600503,0,3801,0
sh603958,0,0,0
sz000040,0,0,0
sh603117,0,0,0
sz000503,10085,5765,1522
sz002369,0,0,0
sz002511,2286,1414,0
sh600795,39072,15649,0
sh600343,1000,1356,0
sz300030,1378,2000,0
sh601811,852,0,0
sz002555,3401,16569,522
sh600780,0,0,0
sh600329,2535,1948,0
sz000969,0,1325,0
sh600857,0,0,0
sh601567,0,0,0
sh600869,71485,32597,7102
sh600926,1949,3718,0
sh603601,0,0,0
sh601788,0,3052,0
sh601766,72785,80302,0
sz002068,0,3399,0
sh600391,2320,2995,0
sh600119,0,0,1290
sz002429,15518,0,0
sz002158,0,0,0
sz002448,0,1211,0
sz300130,10598,0,0
sh600651,0,5749,0
sz002008,6913,11913,0
sh603626,0,0,0
sz300690,194,722,0
sh600368,0,0,0
sh603223,0,0,0
sz300552,0,0,0
sz300340,0,244,0
sz002410,13559,2856,0
sh600727,0,2520,0
sh601006,13063,15925,0
sh600048,187439,204330,7453
sh603023,0,0,0
sh600718,8081,4267,0
sz000338,37071,67332,0
sz002594,13151,18523,909
sz000888,0,0,0
sz002191,0,0,0
sz002521,0,0,0
sh603041,0,0,0
sz300484,0,0,0
sz002493,685,4108,0
sz300642,217,210,0
sh601952,910,1310,0
sz002329,3649,0,0
sh600698,15041,9101,0
sz002071,2010,2002,0
sh600403,0,0,0
sz002635,1021,2798,0
sz000717,6211,9271,0
sz002125,0,1800,0
sz002235,925,2045,0
sh600509,0,0,0
sh601008,0,0,0
sz002140,0,0,0
sh600573,0,0,0
sz300718,0,0,0
sz002880,193,0,0
sh603701,0,0,0
sh600975,0,0,0
sh600613,1462,0,0
sz300557,0,0,0
sz002374,10541,0,0
sz002417,0,0,0
sz000004,0,0,0
sh603527,0,1221,0
sh601996,0,0,0
sz000568,2615,2915,0
sh603156,304,1043,0
sz300025,0,0,0
sz300588,0,332,0
sh600272,0,0,0
sz002642,1972,2095,0
sh600317,0,0,0
sz002887,0,0,0
sh601000,5014,9165,0
sz002527,0,0,0
sh600060,4892,10454,0
sz002137,38884,55986,4377
sh600066,4187,1290,0
sh600500,0,1319,0
sz002007,8852,3285,0
sz300211,0,0,0
sz300262,0,3354,0
sh601117,26686,16903,0
sz002144,0,0,0
sz002120,2983,532,0
sz000903,0,4997,0
sh600600,1132,980,0
sz000488,7000,23166,689
sh600628,0,1104,0
sz000923,994,0,656
