sz000620,2000,0,0
sz002100,0,0,0
sz300602,0,577,0
sh601258,55904,59501,0
sz300065,3592,11485,853
sh603605,2572,2261,0
sz000650,12655,33972,0
sz300243,952,0,0
sz000983,39773,48642,0
sz300244,1255,1983,0
sz000888,1702,5688,0
sh600889,2180,0,0
sh600137,0,470,0
sz002706,2032,0,0
sh601231,4228,17097,0
sz000655,0,0,0
sh600388,6549,2685,0
sh603277,0,0,0
sz002768,0,1909,0
sz002494,0,0,0
sh603339,0,0,0
sh600588,150810,131999,23595
sz002623,743,0,0
sz300495,43198,6617,0
sz002039,1277,1787,0
sh603227,0,0,0
sz300274,32261,19049,602
sz000150,0,0,0
sz000421,0,0,0
sz002709,43619,35791,480
sz002195,81864,69948,0
sz300433,15824,11234,541
sz000690,1396,17038,0
sz300114,0,0,0
sh600820,12375,0,0
sz300736,390,0,0
sz000507,4308,12941,0
sz000502,0,0,0
sh603859,0,0,0
sz300338,0,0,0
sh600580,15867,5351,0
sz300672,10177,17098,1201
sz300141,0,3209,0
sz002347,0,0,0
sz300462,4683,889,471
sz300196,0,0,0
sh600688,40495,12139,0
sh603996,0,0,0
sz002080,18558,26382,4390
sh601018,4818,13893,0
sh600230,9318,10518,0
sh603089,0,0,0
sz002867,656,0,0
sh600080,0,0,0
sz002483,0,0,0
sz002375,0,1986,0
sz300406,1000,0,0
sh600006,2556,0,0
sz300502,0,2042,0
sz000607,0,0,0
sz002293,6220,1712,0
sh603098,0,0,0
sh600466,18367,66578,1687
sh600633,10697,1396,0
sh601368,0,0,0
sh603159,1033,457,0
sz300232,1900,6820,0
sz300023,0,0,0
sz300295,3651,9300,0
sh603001,1825,0,0
sz300367,81813,70471,5922
sz000685,8049,0,0
sh600268,0,0,0
sh600057,4771,3939,0
sh600855,1708,0,0
sh600115,203317,205521,4825
sz002550,4814,0,0
sz000636,38380,49440,2177
sh603906,0,0,0
sz000905,3306,0,0
sz300053,13516,8207,0
sz300117,3808,2712,0
sz300319,0,3700,0
sh600793,0,502,0
sz300193,0,0,0
sz300104,612333,469991,11437
sz300719,0,701,0
sh600358,3955,21761,0
sz000050,13432,29508,1958
sh600058,0,0,0
sz300105,0,0,0
sh600667,25512,25839,0
sz002053,0,0,0
sh601567,0,0,0
sz300365,2136,4329,293
sh600302,0,0,0
sh600797,25868,22581,0
sz300133,63295,55714,1124
sh600674,0,3000,0
sh600151,7047,0,0
sh601019,1753,3975,0
sz002361,0,0,0
sz000639,0,0,0
sh603918,0,681,0
sh603661,0,0,0
sh603966,959,0,0
sz002910,0,1158,0
sz000783,19488,13527,0
sz000068,0,0,0
sh600808,47196,50138,0
sz000581,27925,5439,0
sh600143,0,3956,0
sh600325,32306,85326,0
sz002094,2378,4673,0
sz000030,1295,0,0
sh603988,291,0,0
sh601005,41171,31002,0
sz300661,0,126,0
sz000518,1962,0,0
sz300147,1471,1229,0
sz002774,0,0,0
sh600337,4773,0,0
sh600186,19739,10757,0
sz002626,9171,14680,0
sz002337,0,0,0
sz002614,0,0,0
sz002155,0,0,0
sz002387,6233,2736,0
sz000066,31108,29469,5896
sz300650,4547,10315,0
sz002031,121393,209451,0
sz000782,0,1500,0
sz000418,1278,382,0
sh600029,489994,346908,14148
sh600823,12682,10988,0
sz002742,19063,7566,1001
sz300122,14705,7754,0
sz000882,70738,14246,0
sz300348,2244,0,0
sz000632,2070,0,0
sh603869,0,0,0
sz002104,0,5103,0
sz000880,0,0,0
sz300237,2000,773,0
sz002603,4960,3183,0
sz000813,4393,52952,0
sz002288,18339,4212,0
sh603076,0,0,0
sh600123,4291,8139,0
sh600896,0,0,0
sh601515,0,0,0
sh603860,0,0,0
sz000619,0,1500,0
sz002627,0,0,0
sz002675,2435,5916,0
sz002002,13802,2140,0
sh600546,4432,0,0
sz000718,9872,9950,0
sz002771,0,0,0
sh603993,1332999,982560,10559
sz300018,3496,0,0
sh603558,0,0,0
sz002244,3904,24186,0
sz300545,7998,4102,721
sz002037,15594,19864,0
sh600491,2300,8439,0
sh600090,5042,7543,0
sz002717,378,2887,0
sz002174,4768,7893,0
sz300288,3109,3821,0
sz300636,0,0,0
sh600828,0,0,0
sz000828,0,962,0
sz300442,0,0,0
sh601669,4245,6166,0
sh600322,0,2000,0
sz300155,0,0,0
sz002149,3961,33834,0
sh600825,0,0,0
sh600594,1000,1457,0
sh600637,26570,15649,0
sh600739,0,690,0
sz300283,0,0,0
sz300374,1850,749,1701
sh600088,0,0,0
sh600978,3401,1360,0
sz002695,4176,757,0
sh600370,0,6010,0
sz002513,1048,0,0
sh600133,1549,1314,0
sh601838,51014,60905,1096
sz000521,0,11585,0
sz002735,0,0,0
sz000895,859,4031,0
sh603477,0,0,0
sz000587,149877,27523,0
sh603722,0,0,0
sz300570,0,1336,0
sh603976,0,0,0
sh601108,34782,38503,735
sz002056,16745,2995,0
sz300246,0,597,0
sh603283,8020,53179,639
sz000697,849,0,0
sz000605,0,0,1702
sz000708,0,0,0
sz000797,0,1800,0
sz300466,13022,22742,1584
sz300340,5434,2858,601
sh600381,1600,0,0
sz000953,0,0,0
sh603218,642,0,0
sz300558,3268,1795,0
sz002118,2432,6921,0
sh600188,52500,27620,3726
sz000755,0,0,0
sz002746,0,0,0
sz000026,0,1200,0
sz000752,2935,0,0
sh600116,1420,4963,0
sh600109,24600,24585,0
sz002090,0,0,0
sz300554,0,156,0
sz300203,2504,3963,0
sh601811,0,0,0
sz002296,0,1733,0
sz300741,12533,8158,732
sz002239,39846,12374,0
sz002832,0,0,0
sh603330,597,0,0
sz002386,1478,4797,0
sh600875,3671,2722,0
sz002030,915,745,0
sz002194,53060,38679,3591
sh600887,306032,359420,22926
sh600701,36426,29834,0
sz300469,350,0,0
sh600517,0,5575,0
sz300224,2490,2742,0
sz300310,952,13415,0
sz002137,11955,172700,0
sz002800,0,0,0
sz002273,23272,22727,464
sz300279,0,0,0
sh600653,44837,5117,0
sz300500,971,1802,0
sh600095,2592,6150,0
sz002429,34366,22844,0
sz002591,0,0,0
sh600128,0,0,0
sz000901,3880,6118,0
sz300407,0,0,0
sh600804,0,23860,0
sh601929,0,0,0
sz002022,1644,2324,0
sh603043,0,645,0
sh603689,0,0,0
sz000166,39019,45617,0
sz002370,3377,943,0
sz300428,0,0,0
sh600215,4820,2000,0
sz000676,841,2987,0
sh603239,0,0,0
sz000682,0,0,0
sz000949,0,0,0
sz300287,80927,34312,4539
sh603177,0,734,0
sh600641,5629,0,0
sh603589,300,519,0
sz300179,0,0,0
sh600361,0,0,0
sz000759,3856,0,0
sz002669,2087,500,0
sz300035,17617,5538,0
sz000875,0,3821,0
sz300153,1000,0,0
sz300328,6666,1000,0
sh603938,4218,433,0
sz002848,2007,1727,0
sz000917,13282,27648,0
sh603369,1208,3194,0
sh600730,3832,0,0
sh600640,0,0,0
sz300297,4685,0,0
sh603685,505,0,0
sh600028,491995,482538,0
sz300158,6150,1881,0
sz000498,1836,0,0
sh600645,4440,5461,0
sh600861,0,0,0
sz002287,1508,0,0
sz000002,118728,165869,11328
sz002885,0,383,0
sz300005,12316,7107,0
sz002747,1062,0,0
sh603677,500,433,0
sz002447,79538,84184,1891
sz000948,0,0,0
sz300177,0,1003,0
sz300686,0,0,0
sz002371,27246,13257,359
sh603886,0,0,0
sz002725,0,1300,0
sz300484,0,0,0
sz002722,0,0,0
sz002291,0,0,0
sz002719,562,0,0
sz300189,0,0,0
sz002778,0,0,0
sz300085,23864,21108,2643
sz002672,0,0,0
sz000733,0,3371,0
sz000922,0,3741,0
sz300512,0,0,0
sh600705,39808,13899,0
sh600837,40636,26794,0
sh600585,95610,99583,1045
sh600575,2902,0,0
sh603608,0,0,0
sh600496,8380,7582,0
sh603328,0,769,0
sh600582,5906,9855,0
sh603060,0,0,0
sz002734,922,2000,0
sh603055,0,0,0
sh601886,0,1276,0
sz300534,0,0,0
sz000548,0,0,0
sh600764,7840,0,0
sz002714,2345,2993,225
sz000839,26922,24840,0
sz000157,13760,26033,0
sz000959,0,3053,0
sh603225,567,1509,0
sz300430,0,0,0
sh603839,0,0,0
sz002001,23692,44616,2542
sz002040,0,0,0
sh603977,0,0,0
sz300597,2313,6099,2451
sz300609,591,0,0
sh600238,7181,0,0
sh601968,0,0,0
sz300024,29206,24475,2505
sh603855,0,0,0
sh600476,800,831,0
sz002430,3435,0,945
sz002330,0,0,0
sz000989,5644,5573,0
sz000702,0,0,0
sz000537,3728,6843,0
sh600665,0,0,0
sh603630,0,0,0
sh600193,2990,0,0
sz002504,13036,0,0
sh603728,500,0,0
sz002207,0,0,0
sz002406,0,0,0
sz002756,0,3048,0
sz002488,0,2317,0
sh601398,1509670,1751316,6201
sh600377,3335,1370,0
sz002274,0,0,0
sh600326,13512,6697,0
sz002748,0,0,0
sh600180,0,0,0
sz000892,1275,2000,0
sh601991,15264,12938,0
sz300648,300,360,0
sh600933,0,3678,0
sz002872,0,0,0
sz002663,36605,117869,0
sh601086,21724,13093,3266
sz002499,0,0,0
sz002665,4036,20475,1578
sz002019,20010,15583,1024
sz002636,0,0,0
sh600513,0,0,0
sh600811,7665,8345,0
sz000692,0,0,0
sz000819,0,0,0
sz300092,0,0,0
sh600696,0,0,0
sz300683,365,0,0
sz300161,777,682,0
sz300572,326,0,0
sz002648,13059,8510,0
sz002595,0,0,0
sh601158,1512,2032,0
sh600031,113027,131740,0
sh601200,3765,4375,0
sz000818,4548,1824,0
sh603081,0,0,0
sh600167,0,921,0
sz000722,0,0,0
sz002825,620,0,0
sz001896,9419,4796,0
sz000736,0,1869,0
sz300261,0,0,0
sz000816,218800,142214,0
sz000807,220435,155636,0
sz000635,0,0,0
sz300468,0,2081,0
sz002815,1011,312,0
sz002135,0,4821,0
sz300285,530,1501,0
sh601600,981687,823586,0
sz300465,3791,9432,0
sh600107,820,0,0
sz000601,0,0,0
sh600291,9655,9248,0
sz002362,11930,8635,0
sz000968,0,0,0
sz002319,0,700,0
sz002140,0,1771,0
sh600600,8763,9018,904
sz300070,75627,34548,0
sh603813,0,1730,0
sz300436,0,0,0
sz300371,0,0,0
sz300603,2288,600,0
sz002383,3428,2108,0
sz300143,0,878,0
sz002925,32299,26527,3749
sz300487,31379,16445,719
sz002701,0,0,0
sz300313,0,0,0
sz002226,0,13811,0
sz000661,8778,8469,701
sz300618,9773,17439,588
sh600462,0,0,0
sz002444,3855,5307,0
sz000520,51103,55145,0
sz002718,0,200,0
sz300725,1009,1007,91
sh603015,0,0,0
sz300699,2444,3731,0
sz300119,0,0,0
sz002773,1965,1008,0
sz300157,10092,25441,0
sh603648,1404,2092,0
sh603885,1760,0,0
sz002745,3268,3102,0
sh600126,3567,0,0
sh600626,0,1950,0
sh600760,21480,6356,952
sh603260,4934,3716,569
sz300160,0,0,0
sz300460,0,0,0
sz300048,8770,0,0
sh600036,117905,160441,2215
sz002849,0,0,0
sz300139,0,0,0
sz002125,0,0,0
sz300125,0,440,0
sh603108,5604,3511,0
sh603778,0,0,0
sz002463,14353,14862,0
sh603025,0,0,0
sz300717,0,1023,0
sh603619,3188,1009,0
sz002382,3250,1862,0
sh603080,450,1464,0
sz002907,2430,3674,0
sz002436,0,2000,0
sh603085,0,645,0
sh603008,1712,0,0
sh600284,5676,0,0
sz002760,3342,17234,0
sh600428,7249,0,0
sh601727,0,2123,0
sh603186,0,600,0
sh603536,0,0,0
sh601595,0,0,0
sz002481,0,13914,0
sz002206,3931,0,0
sz002891,0,0,0
sz300183,603,752,0
sz002235,10772,23862,0
sh600185,3910,1881,0
sz002476,0,11445,2001
sh600747,4798,4716,0
sz300381,1703,0,0
sh600313,13186,3497,0
sh600075,0,0,0
sh601808,17856,7553,2455
sh601011,58529,8282,0
sh603180,0,141,0
sz000055,10186,23168,0
sh600867,6320,2059,0
sh601168,24737,5350,0
sz002431,2013,6219,0
sh600563,5160,213,0
sz002106,1305,4160,0
sz300273,2484,9544,0
sz300399,0,0,0
sz000829,23538,0,0
sh600740,70488,41638,0
sz300199,9872,1906,0
sz000501,723,2558,0
sz000980,0,0,0
sz000413,71207,59013,0
sz002724,0,0,0
sz300021,3479,1491,0
sz000428,0,0,0
sz000913,625,0,0
sz300001,2363,7808,0
sh601228,1697,13816,0
sh600093,24619,21942,1869
sh600778,0,0,0
sh603877,0,0,0
sz300687,868,808,0
sz300175,2500,0,0
sz000837,4561,0,0
sh603663,0,0,0
sz300311,2956,1570,0
sz002666,28466,3963,0
sz002568,1763,984,0
sz002646,0,0,0
sz300497,0,562,0
sh601058,27526,71297,0
sh603298,0,0,0
sh600719,0,0,0
sz300479,1126,1559,0
sh603658,1555,500,0
sz300061,2762,0,0
sh600316,3199,1946,0
sh603101,0,0,0
sz002777,327,0,0
sh600130,0,1890,0
sh600827,2644,1006,0
sz300420,18187,19042,4460
sh600201,3747,3771,0
sh600583,16338,9863,0
sh603991,0,0,0
sz300688,4836,1839,617
sz300046,0,860,0
sz002708,0,0,0
sh600070,2612,0,0
sh600781,900,0,0
sh600562,1181,517,0
sh603919,0,0,0
sh600212,1875,0,0
sz300267,8443,13378,2031
sz300102,2921,12181,0
sh600085,808,3415,0
sz002258,3149,2672,0
sh601899,1192662,978358,10572
sz300097,2200,3664,505
sz000561,0,2000,0
sh601908,0,5560,0
sz002801,0,369,0
sh600628,0,0,0
sz300040,1427,0,0
sz000668,0,0,0
sh600295,10148,1032,0
sz300015,5887,10169,0
sh600207,60357,56565,17291
sz000725,4203967,3258678,7238
sz002343,15660,8205,1012
sh601933,268644,191066,1899
sz002465,14277,16212,0
sz300668,145,0,180
sh601566,0,1497,0
sh600162,0,0,0
sz300249,1416,0,0
sz300339,951,1586,0
sz000036,4593,72869,0
sh600834,0,0,0
sh603890,0,324,0
sz000789,92940,28924,0
sz300595,938,676,0
sh603178,0,0,0
sh603096,0,173,0
sz000851,3440,0,0
sz000815,3120,0,0
sh600405,43063,48735,2520
sh603266,0,0,0
sz000979,108974,70610,0
sz002617,0,2011,0
sz300108,0,0,0
sz002793,0,0,0
sz002873,0,0,0
sh600992,0,0,0
sz300376,39552,46594,0
sh600503,2191,6817,0
sz000403,0,0,0
sh603678,500,910,0
sz300333,0,1722,0
sz002911,3513,0,0
sz002396,19996,24670,1585
sz300391,0,0,0
sz300510,0,537,0
sz300230,10762,3086,0
sz300068,1529,2030,0
sz002679,552,0,0
sh603009,2109,6169,0
sh600312,6904,0,0
sz300620,0,495,0
sz002581,5657,58799,0
sz300132,0,0,0
sh603898,0,850,0
sz000541,2000,0,0
sz002134,0,0,0
sh603018,0,0,0
sh600976,0,0,0
sz300700,1262,2202,297
sh603833,72,148,0
sz002265,0,0,0
sh601788,6848,4435,0
sz002007,5464,5820,0
sz000546,2350,0,0
sz300535,0,0,0
sh600178,0,0,0
sz000937,24723,14370,0
sh600098,0,2860,0
sz300330,0,0,0
sz002069,11988,7413,0
sz002534,0,0,0
sz002860,0,295,0
sh600558,4031,7800,0
sh600198,7495,5996,0
sh603165,217,0,0
sz002752,0,0,0
sh603063,888,0,0
sz300655,0,450,0
sz002576,2890,0,0
sz300642,202,0,0
sh600746,0,0,0
sz002210,7539,3191,0
sh603721,410,477,0
sh600720,50055,22762,861
sz300223,0,3185,0
sz002816,0,0,0
sz002541,0,0,0
sz002457,47572,58759,2585
sz002172,0,0,0
sz300613,466,579,89
sz000970,52392,25569,0
sz002856,1342,722,0
sh603917,0,511,0
sz300507,1892,3784,419
sz300470,0,638,0
sh600082,3779,0,0
sz002548,0,0,0
sh603300,1960,0,0
sz002715,0,0,0
sz002790,0,0,0
sz300369,83370,49664,5742
sz000060,85616,106270,0
sz002233,23434,10781,0
sz002789,0,0,0
sz000750,22791,13999,0
sh600132,587,2467,0
sz002562,0,0,0
sz002414,1801,2654,0
sz002183,47761,35530,0
sz000678,0,0,0
sz000810,0,0,0
sz300573,0,0,0
sh600258,2610,2762,0
sh600061,0,803,0
sh600829,1999,0,0
sh600059,0,2738,0
sz002332,0,0,0
sz002238,0,0,0
sz002202,68150,38897,1610
sz000005,0,0,0
sh603557,0,0,0
sz002036,4359,9434,0
sh600570,63327,52482,4030
sz000651,193827,191380,16401
sz300242,3345,0,0
sh600356,0,0,0
sh600965,0,0,0
sh600237,21003,0,0
sz300417,0,0,0
sh603757,0,0,0
sz000049,9251,3887,0
sz000876,28239,22730,0
sh600234,0,0,0
sz002713,0,495,0
sz002292,4639,6414,0
sz000069,123924,224395,0
sz300271,18271,16587,918
sh601106,11950,5798,0
sz002587,0,0,0
sz002640,22860,15651,513
sz300094,0,0,0
sh600536,2471,9558,0
sz002527,1500,0,0
sz002542,1717,2821,0
sz300073,45355,88966,5303
sz002325,2560,2050,0
sz000909,1000,0,0
sz300396,928,0,0
sz002558,2650,733,0
sz300652,0,0,0
sz002841,171,896,0
sz300600,1248,0,0
sz300491,9895,8598,0
sz300654,0,0,0
sh600339,10412,11341,0
sz300539,0,0,0
sh600738,0,0,0
sh600105,5260,2003,0
sz000559,4968,0,0
sh603011,2000,0,0
sz002610,87633,66971,0
sh600166,75697,16172,0
sh603396,927,311,0
sz002322,0,0,0
sz300202,3150,3544,0
sh600225,0,0,0
sh600973,0,0,0
sz002905,2303,1738,0
sh600900,13032,26152,0
sz300590,2675,855,0
sh600243,0,0,0
sh600975,2550,0,0
sh603037,0,0,0
sz002547,14503,14595,0
sz002553,0,0,0
sh603716,0,0,0
sz300188,9118,6993,0
sz300645,0,309,0
sh600282,164646,117365,0
sz002761,5294,2806,501
sz002116,0,0,0
sh603517,0,0,0
sz000927,0,0,0
sh600693,2500,3511,0
sz000417,3301,0,0
sz300413,2781,1249,0
sz002162,7542,0,0
sh600595,12458,0,0
sh600535,6479,7041,381
sz300051,14852,11526,0
sh601288,1908246,2712511,0
sh603789,0,0,0
sz002890,0,0,0
sh603816,3235,2273,0
sh603989,0,0,0
sz002496,0,0,2294
sz002197,2730,2833,0
sh600540,0,0,0
sz300384,0,0,0
sz002057,1500,0,0
sh603636,1985,1300,0
sh600651,1648,0,0
sz000058,0,0,0
sz000020,6992,6361,614
sh600725,0,0,0
sz002899,523,0,0
sh600598,11421,7032,0
sz002641,0,0,0
sh600789,38254,59616,1131
sh601238,6270,1326,0
sz300605,0,0,0
sh600288,1350,0,0
sz300229,1650,2796,0
sh603387,0,424,0
sz300408,13353,5781,2190
sh601099,384438,168780,0
sh603729,0,0,0
sh600847,0,0,0
sh600706,1200,811,0
sz300709,0,167,0
sh603366,0,0,0
sz300540,0,0,0
sz000096,0,0,0
sz000526,0,0,0
sz300527,8170,3086,843
sh601766,80931,59142,0
sz002188,2240,1597,0
sz300705,0,0,0
sz002340,721258,389602,0
sz000626,6972,22603,0
sh600822,0,3091,0
sz300355,25931,36615,0
sz002455,0,0,0
sh600063,0,0,0
sh603031,594,0,0
sz002280,160540,191207,23315
sh603668,874,0,0
sz000919,0,0,0
sz002659,0,0,0
sh600158,102490,28862,5851
sz000719,0,0,0
sh600731,0,0,0
sz002486,68464,55281,0
sz002215,9436,0,0
sh600537,3080,8017,0
sh603566,0,0,0
sh603535,0,0,0
sh600236,2221,6886,0
sz300344,179866,176993,22953
sh600863,0,12843,0
sh603496,0,0,0
sz000611,0,0,0
sz000936,62395,28105,4052
sh600584,38029,55611,3796
sz300299,4739,7903,1097
sh600182,408,0,0
sz002915,2253,288,0
sz000551,0,0,0
sh600732,2000,0,0
sh603090,0,0,0
sz000426,20325,8335,0
sz002602,894,2781,0
sz000838,0,3069,0
sz000728,17012,18155,0
sz300599,0,0,0
sh600418,3308,1881,0
sz300675,13230,14590,3346
sh600903,77783,77664,16336
sz002076,7860,15172,0
sh600170,10612,19325,0
sh601225,102151,130699,0
sz002151,11390,6703,0
sz002421,5964,6382,0
sh601717,0,0,0
sz300170,89447,101847,8511
sz300498,7012,26811,0
sh603799,102999,69434,16837
sh600579,22242,5012,0
sh603023,0,0,0
sh603818,0,0,0
sh603959,291,0,0
sz002755,0,0,0
sz002537,3697,8044,0
sz300187,0,0,0
sh603386,1363,682,0
sz000539,3319,0,0
sz000656,13150,8016,0
sh601009,68397,124856,2728
sz300378,22904,9847,0
sh601007,0,0,0
sz000530,0,30878,0
sh600717,3670,4487,0
sz002563,14525,5603,0
sz002677,2558,1717,0
sz300569,1872,0,0
sz300145,1929,6034,0
sz300006,0,5468,0
sh600321,4000,0,0
sz002783,0,0,0
sh601965,0,0,0
sz300088,142268,157255,6325
sz002688,0,0,0
sz002379,0,0,0
sh603955,0,0,0
sz002201,3828,14766,0
sz000836,60208,24143,7301
sh603198,0,0,0
sh600545,2197,0,0
sz002246,7384,2782,0
sz002729,305,727,0
sz002845,0,0,0
sz000012,0,10172,0
sh603797,836,600,0
sz002152,51188,35461,6550
sh603056,25445,17926,3593
sh603606,0,0,0
sh600354,1447,3423,0
sz000598,29215,24550,0
sh603618,0,0,0
sz002670,5287,3181,0
sh603577,0,0,0
sz000007,2514,2260,0
sh600523,0,0,0
sz000823,22341,10426,0
sh600683,0,0,0
sh600300,2301,7505,0
sz300625,0,0,0
sh601155,85113,108036,10583
sz002605,917,0,0
sh600609,0,0,0
sz002248,3826,0,0
sz000032,0,0,0
sz300149,0,0,0
sz002491,8733,10833,3953
sz000100,423919,339511,0
sh600726,0,0,0
sz000400,2099,4642,0
sh603555,3843,675,0
sz002503,0,0,0
sh600030,662976,624222,20109
sz300354,0,0,0
sh603878,0,0,0
sz000615,8076,12277,0
sz002829,0,0,0
sz000021,18168,22071,0
sz002144,0,0,0
sz000798,3037,0,0
sh600684,19428,12071,0
sz300386,23030,19949,3866
sz002583,3538,4042,0
sh603355,306,0,0
sz002492,3214,0,0
sh600792,0,0,0
sh601801,2290,999,0
sz300164,0,5535,0
sh600833,0,0,0
sz000404,1980,1717,0
sz002354,54024,38489,741
sh600266,2034,9782,0
sh603168,1745,1038,0
sz300681,366,528,0
sz002886,0,0,0
sh600022,76144,136556,0
sh600433,0,5055,0
sz002671,0,0,0
sz000016,4015,19916,0
sz000707,0,0,0
sz000957,0,0,0
sh600816,8867,2705,0
sh600529,0,1756,0
sh600785,0,0,0
sz002551,0,0,0
sz300078,11878,23211,0
sh600004,3423,4396,0
sz002352,544,800,0
sz002540,0,0,0
sz300437,638,1369,0
sz002146,147609,269660,10017
sz300017,569989,521501,34877
sz002253,628,1898,0
sz000560,2700,0,0
sz002651,0,0,0
sz002027,122556,70285,6749
sz300489,617,0,0
sz300514,1909,402,1015
sz000897,17063,3400,0
sz002449,17290,10178,0
sz300303,0,0,0
sh600233,2636,2305,0
sh603937,2254,1531,0
sz300248,12418,7399,0
sz002169,0,4000,0
sh600383,48323,66374,2094
sh600501,0,0,0
sz002255,1952,0,0
sz002179,2412,5772,340
sz000677,3190,0,0
sz002448,0,2207,0
sz002428,3018,1895,0
sh600055,8272,749,0
sz300241,4926,6612,0
sh600768,0,1000,0
sh600687,5521,2004,0
sz002696,1273,540,0
sh603922,0,0,0
sz300458,595,532,0
sh600686,11687,3261,0
sz300255,0,0,0
sz002294,2789,3998,246
sz000800,29488,13109,1014
sz000926,1916,7249,0
sz002403,1834,0,0
sz300716,0,0,0
sz002629,5263,12739,0
sz000868,31635,28459,0
sz002138,4526,5153,0
sz002887,0,0,0
sz300151,1719,0,0
sh603580,435,0,0
sh600385,0,0,0
sz300434,0,0,0
sz002543,605,938,0
sz300099,0,5330,0
sz002685,12662,1995,0
sz300277,2998,5633,0
sz002889,0,418,0
sh603444,136,78,0
sz000799,3588,4739,0
sz002264,1200,1258,0
sz002898,0,1316,0
sz002631,7162,0,0
sz300329,0,1331,0
sh600604,10058,3090,0
sz000792,71116,49700,0
sz000430,0,0,0
sh600818,0,0,0
sh600149,0,0,0
sh600689,0,0,0
sz300690,0,0,0
sh601369,9392,0,0
sz002333,1003,0,0
sh600893,5948,11155,0
sz002150,0,0,0
sz000628,2058,1702,0
sz000899,0,0,0
sh600395,2000,9081,0
sz002305,0,0,0
sz002529,11811,4044,0
sh600519,11518,11211,1925
sz000923,1499,2806,0
sz002535,10147,0,0
sz000570,0,2430,0
sh600871,19442,21727,0
sz002908,6157,4602,1526
sz000008,1431,3000,0
sz300112,3376,7684,0
sz002070,2766,28405,0
sz002038,2700,4505,0
sh601127,0,648,0
sz300251,133071,132937,5698
sh603737,0,0,0
sz300194,0,0,0
sz002572,3443,4813,0
sh603633,0,0,0
sh600023,9990,14784,0
sz300693,0,325,0
sz300300,9813,17825,0
sz300169,2008,6000,0
sz000633,0,0,0
sz002823,0,812,0
sz002795,0,0,0
sz000932,117764,86798,4909
sz002272,0,0,0
sz000801,13168,4721,0
sh603128,3983,1927,0
sz000567,19532,5224,0
sz300446,0,756,0
sh603970,814,416,0
sh603900,1226,2726,0
sz002102,46368,101019,0
sz000869,0,0,0
sh600841,0,0,0
sh603829,0,0,0
sh601229,15883,26804,0
sh600624,0,1641,0
sh603518,0,3373,0
sh603229,0,0,0
sz000862,0,0,0
sh603333,0,0,0
sz300423,0,0,0
sh600611,0,5220,0
sh600152,0,1762,0
sz002831,212,0,734
sz000996,14845,8426,809
sh600560,0,0,0
sz000833,0,0,0
sz002326,5900,0,0
sh601678,136630,50332,0
sz002018,28162,51449,0
sz002132,0,15066,0
sz000811,0,0,0
sh600391,8125,10458,0
sz300029,0,0,0
sh603006,753,3249,0
sz300459,32673,7067,0
sz000027,0,2723,0
sh603035,0,0,0
sz000710,1441,300,0
sh601012,42904,29866,658
sz000726,0,0,0
sh603029,0,0,0
sz300233,656,1301,0
sh600578,0,3637,0
sh601016,0,0,0
sh603326,0,0,0
sz000504,918,503,0
sz001979,90631,133325,4151
sz002180,5105,3861,407
sz000982,0,0,0
sz002250,0,2093,0
sh600305,0,1966,0
sz300476,64747,74423,16466
sz300101,21933,6156,1027
sz001965,1320,1739,0
sh603569,0,0,0
sh600908,7623,1275,0
sz300461,191,209,0
sz000712,2368,7531,0
sz002279,20059,8323,0
sz002655,29940,12946,947
sh603680,4196,5689,829
sz000410,163796,120356,11801
sh600408,0,0,0
sz002901,0,0,0
sz002230,172517,148821,24843
sz002136,0,753,0
sh603258,3809,850,0
sz000778,19622,16489,0
sh600094,0,3953,0
sz300212,24206,19904,1109
sz002635,28174,29402,2145
sh603028,0,0,0
sz300685,395,1858,0
sz002461,1604,0,0
sz002415,44617,49869,6400
sh600206,12884,20027,0
sz300275,2057,0,0
sz300677,2979,2056,0
sh600007,0,0,0
sh600419,0,0,0
sh600368,0,0,0
sh601877,66919,74281,3972
sz002453,0,0,0
sh600599,0,0,0
sh600984,4851,3798,0
sz002621,0,1000,0
sz300380,971,1025,0
sh600898,0,0,0
sz002011,6032,1481,0
sh600273,27845,8000,0
sz002350,0,3231,0
sh600831,1651,0,0
sh600039,12291,8500,0
sz002881,902,994,0
sz002892,265,617,0
sz300485,0,890,0
sz300083,40023,37717,0
sz002928,32958,32816,8744
sz002653,3982,0,0
sh600590,1910,0,0
sh603123,0,0,0
sz300438,598,530,0
sz000543,37438,39715,0
sz300431,27452,42099,2901
sz002919,1529,525,0
sz002349,12955,4199,0
sz300477,42557,33784,4168
sz002368,1545,6603,508
sz002878,1719,533,0
sz300490,0,0,0
sh600195,2173,1454,0
sh600699,13400,13421,0
sz002912,763,988,0
sz002514,0,1503,0
sh600767,0,0,0
sh601988,327976,403924,0
sh600981,0,0,0
sh600775,1979,5646,0
sh603388,0,0,0
sz002559,0,0,0
sh603871,2948,2534,170
sz300505,0,386,0
sh600509,0,0,0
sz002097,1300,0,0
sz300635,0,0,0
sh600156,0,0,0
sz002435,0,2104,0
sh601038,0,2006,0
sz300043,4644,11797,0
sh600012,0,6760,0
sh600335,2320,9296,0
sh600510,0,0,0
sz002054,12262,39440,0
sh600387,3360,0,0
sz002269,0,0,0
sz300531,907,2152,0
sz300584,1468,796,0
sh603058,1571,0,0
sz300549,0,0,0
sh603111,883,1000,0
sh600455,0,0,0
sh601633,0,939,0
sz300057,0,0,0
sh600303,1459,1661,1244
sh601169,8816,29276,0
sh600293,37384,38206,4495
sh603823,0,0,0
sh600550,5095,7934,0
sz000958,0,9113,0
sz000078,2165,7844,0
sh600839,62547,32455,0
sz002686,0,0,0
sz000600,11211,23237,0
sz300426,7220,39931,0
sz300260,0,0,0
sh600246,0,0,0
sh600634,2880,0,0
sh600363,9012,5285,0
sz002472,0,1261,0
sh601888,6918,11918,507
sh600824,0,0,0
sz002017,2000,0,0
sz002797,90957,62084,1123
sh603007,1966,927,0
sz300680,0,0,0
sz300256,3000,5924,0
sh601010,0,0,0
sz000761,12216,0,0
sz002827,0,0,0
sh600281,0,0,0
sh600817,0,0,0
sh600436,5473,4733,0
sz300703,0,0,0
sz000806,75843,102045,0
sz002063,11962,11809,0
sz000859,0,2998,0
sh600498,7000,7059,0
sh600638,11024,840,0
sh603385,0,0,0
sz002628,1687,4765,0
sz000153,1273,2000,0
sh603042,0,0,0
sz300142,15917,10540,631
sh600392,69231,54536,642
sz300632,0,0,0
sz300638,1672,0,0
sz002452,2000,3713,0
sz000848,0,2527,0
sz002502,0,2303,0
sh600000,28025,23961,0
sz002810,0,0,0
sh603556,0,0,0
sz000785,0,1808,0
sh603825,642,0,0
sz002050,59004,35262,3247
sh601128,8168,9116,0
sh600406,12665,1642,0
sz002863,23569,17468,2884
sh603083,15354,36789,1668
sz002638,23581,15318,0
sh603879,0,0,0
sh603289,0,662,0
sh603579,0,0,0
sz300152,24219,19990,8678
sz300658,0,0,0
sz002115,1343,0,0
sz002871,0,0,0
sz300702,0,0,0
sz300326,0,0,0
sz002613,0,0,0
sz000671,69640,119927,2180
sz002029,0,1714,0
sz002853,0,401,0
sh601137,0,0,0
sz300306,680,600,0
sh600874,57009,72397,4974
sz300130,0,2484,0
sh600169,0,3244,0
sz300363,0,1010,0
sz300074,6008,4653,0
sh600222,0,0,0
sz002441,2125,1108,0
sh600161,1518,586,0
sz002728,3592,1408,0
sh600272,0,0,0
sz300488,0,0,0
sz002440,27951,26753,466
sh600459,1885,0,0
sz300443,0,0,0
sz002068,6233,18648,0
sz000920,0,0,0
sz002367,3648,2781,0
sz300334,1141,1231,0
sz002304,9148,10775,326
sh600773,14651,7992,0
sh603920,600,640,0
sh600985,1747,0,0
sh603158,0,0,0
sz300481,2273,7189,554
sz002438,1358,0,0
sz300211,0,0,0
sz300296,30582,22359,0
sh603979,0,0,0
sz002131,50320,51559,0
sz002009,6572,12600,901
sh600810,23670,4276,1130
sz002846,0,0,0
sz000407,0,0,0
sh600308,1631,5784,0
sh603895,12092,31830,1535
sz002922,907,0,0
sh600267,4415,1000,0
sh600661,0,0,0
sz002644,2448,0,0
sh600511,7890,4497,0
sz002109,0,0,0
sz002189,703,1664,0
sz300452,0,0,0
sz002420,0,0,0
sh600664,26690,7615,0
sz002612,0,0,0
sh600755,43576,16582,0
sh603416,0,0,0
sh600572,1467,3000,0
sz002819,0,460,0
sh600691,15442,3195,0
sz002236,60000,59018,3331
sz002335,984,0,0
sz002323,6952,0,0
sh600869,2308,4898,0
sz000662,0,2453,0
sz000039,12748,8722,0
sz300200,0,0,0
sh600538,0,2567,0
sh600881,0,2248,0
sz002408,875,4688,0
sz002397,0,0,0
sh600971,10291,2202,0
sz002369,11565,25151,1141
sz300217,19405,9486,0
sz300542,0,1157,0
sh601555,10934,11919,0
sz300215,0,0,0
sz300362,1916,0,0
sh600056,2419,3728,0
sh603703,0,0,0
sh600073,2268,1378,0
sz300439,0,0,0
sh601866,0,3340,0
sz002316,0,0,0
sz002412,699,0,0
sz002193,2334,1368,0
sh600192,0,0,0
sz000802,4229,0,0
sz300091,1001,700,0
sz300591,1503,2200,0
sz300315,87529,64952,0
sh600120,2605,3336,0
sz002923,762,965,0
sz000422,3575,0,0
sz300619,0,0,0
sz002462,0,0,0
sz002454,7357,4891,0
sh600555,28570,16504,0
sz300644,6322,3214,194
sh603899,1223,865,0
sh601699,101612,116502,0
sz000711,0,0,0
sz002124,0,2400,0
sz300556,541,54793,0
sz002903,308,554,727
sz300457,3844,1293,0
sz002425,18753,6871,0
sh600892,1326,3232,0
sz000691,1769,0,0
sz000017,0,0,0
sz000519,71861,28754,2568
sz002652,0,0,0
sz002906,577,0,0
sz300324,15791,11421,585
sz300034,953,0,0
sz300525,0,270,0
sz002185,69711,20884,0
sh601021,0,296,0
sh601388,18099,19829,0
sz000597,0,0,0
sh600522,141837,76197,0
sz000760,3320,0,0
sh600177,2398,3802,0
sh601857,99916,148598,0
sz002176,150369,134613,972
sh601211,39715,20992,1848
sz002632,1472,0,0
sh603100,0,0,0
sh603903,473,0,0
sz300506,4948,2267,0
sz000333,112213,128013,20839
sh600612,470,0,0
sz002390,0,4903,0
sz002658,2040,1966,0
sh601689,0,0,0
sh600677,5123,1105,0
sh603306,0,0,0
sh600722,6962,2735,0
sz002407,23915,9996,547
sz000720,2321,0,0
sz300509,0,0,0
sh601333,0,16671,0
sz002707,3447,1842,0
sz300172,0,0,0
sz002561,0,0,0
sz300537,605,0,0
sz300011,0,0,0
sz000037,6676,3280,0
sz002657,3075,1500,0
sz002566,0,0,0
sh603928,0,0,0
sz000717,41340,38469,0
sh600218,0,0,0
sz001696,0,0,0
sz002254,6420,3040,0
sz002884,0,0,0
sh600718,6001,10903,0
sz300165,0,0,0
sh601088,47126,64572,1009
sh600714,0,0,0
sz000401,46136,65313,2108
sz300195,0,0,0
sz000863,0,0,0
sz002400,32729,7068,0
sh600647,2913,1003,0
sz000158,0,3104,0
sh600111,154098,102570,0
sz002702,0,5411,0
sz002467,20937,28819,1587
sz300264,0,0,0
sz000990,0,0,0
sh600543,0,0,0
sh600796,0,0,0
sh600758,0,0,0
sh603359,0,500,0
sz002611,22090,6438,1639
sz300096,8058,5988,1499
sz002285,38609,26418,1024
sh600083,0,0,0
sh600756,6869,4814,0
sz000856,17524,22864,2127
sh600379,0,1000,0
sh603637,0,0,0
sz300673,0,0,0
sz000524,0,0,0
sz002676,152037,263498,48747
sh603027,560,0,0
sh600695,2307,2745,0
sz002395,0,0,0
sz002479,41582,29661,2029
sz300528,0,0,0
sz000698,0,0,0
sh600853,0,0,0
sz002474,2000,12997,0
sh600801,28921,2018,0
sz002385,9872,10596,0
sz002365,763,3796,0
sh600812,0,0,0
sh603288,853,1701,0
sz300608,0,0,0
sh603030,2883,0,0
sz002843,6316,0,0
sz002218,0,3187,0
sh600716,7335,72830,7721
sz300258,717,1385,0
sh603660,4614,1093,340
sh603050,1649,600,0
sh600854,0,0,0
sz000040,2441,912,0
sh600926,5667,22168,0
sz000681,14400,11121,1120
sz002266,0,7585,0
sh603139,0,0,0
sz300679,240,261,0
sz300077,17963,20680,7571
sz300016,5128,1630,0
sz000669,0,1072,0
sz002560,0,0,0
sh600027,26515,44536,0
sz300079,19706,19555,0
sz002779,0,604,0
sz000573,2804,0,0
sz002229,118499,79984,3821
sh600251,1392,1594,0
sz000767,0,0,0
sz000788,0,0,0
sz300022,0,0,0
sz002331,0,0,0
sz002006,0,0,0
sh601311,3276,4317,0
sh600488,0,0,0
sz300508,0,164,0
sz300332,0,3811,0
sz002645,1855,0,0
sh601199,0,1970,0
sz300245,0,0,0
sh600103,4000,8243,0
sh600439,0,5428,0
sz000898,65525,51663,0
sh600155,1000,2501,0
sz300501,0,0,0
sz000721,0,0,0
sz002336,823,1154,0
sz300131,3900,0,0
sz000409,0,0,0
sz300012,31547,22175,0
sh600332,2521,1694,0
sz002228,0,0,0
sz002095,19461,26386,1905
sh601997,13561,18433,0
sz000695,0,0,0
sz000758,10478,2056,0
sh603527,0,0,0
sh601366,0,0,0
sz000538,1543,570,0
sh600673,50771,47617,5578
sz000625,15352,69515,0
sz000822,1614,0,0
sh601098,0,0,0
sh603377,0,0,0
sz002170,0,0,0
sz002557,1000,0,0
sh600199,1580,2100,0
sz300025,0,4307,0
sz000048,0,617,0
sh603679,0,0,0
sh600360,6250,17831,0
sz002897,1394,594,373
sh600173,2395,0,0
sz300197,3811,10580,0
sz300247,9474,0,0
sz300320,0,1200,0
sz002664,971,1148,0
sz000918,12745,0,0
sh603040,170,0,0
sz002021,10000,0,0
sz300393,0,0,0
sz002165,0,0,0
sz300138,0,0,0
sz000795,15380,0,0
sh603708,1213,6132,501
sz300385,969,0,0
sh603901,0,0,0
sz002691,0,0,0
sh600533,5750,0,0
sz300653,872,777,0
sh600771,3648,1043,0
sz300651,339,425,0
sh600589,3765,0,0
sh600603,0,1318,0
sh600996,0,0,0
sz300205,1162,3601,0
sz002199,0,0,0
sz002833,363,250,0
sh603908,0,0,0
sz300304,7341,1500,0
sz000402,17505,25706,0
sz002443,0,0,0
sh600802,5660,0,0
sz002482,8137,0,0
sz000877,32068,19975,0
sz002506,13932,2507,0
sz002466,140152,85452,9449
sz000963,2586,4326,0
sh603368,0,500,0
sh603669,0,0,0
sz000589,0,0,0
sh600998,0,4013,0
sh603308,0,0,0
sz000679,0,0,0
sz300727,2809,804,474
sh600203,0,0,0
sz300486,0,0,0
sh603936,0,0,0
sz300093,0,2619,0
sz002360,0,0,0
sh603963,2622,473,0
sz300666,8424,8482,601
sz300732,465,775,0
sz300521,0,0,0
sz000928,5000,8901,0
sh601163,0,555,0
sh603726,0,0,0
sh600017,9009,33147,0
sh603506,1495,3437,0
sh600021,1202,0,0
sz300649,1595,1779,0
sz002716,15042,9210,0
sh601339,0,0,0
sh603099,0,0,0
sz002883,2735,3577,254
sh600587,0,0,0
sh600366,2125,619,0
sz002803,0,1140,400
sz000429,0,0,0
sz002473,0,0,0
sh600371,0,0,0
sz300335,1080,820,0
sz002639,1672,3037,0
sz002697,11535,10711,0
sh600958,7632,23367,0
sz000981,0,0,0
sz002786,0,0,0
sh600369,9412,12448,0
sz000908,0,0,0
sh603896,0,223,248
sz300503,1625,687,0
sh601799,861,730,0
sz002781,7388,18087,0
sz002059,0,0,0
sh600741,15912,12719,0
sh600750,810,0,0
sz300398,500,703,0
sh600707,0,0,0
sz000893,2236,2231,0
sz300737,4115,10263,0
sh600774,0,0,0
sh600298,3098,4075,0
sh603357,581,0,0
sh600548,1200,10400,0
sz002084,0,0,0
sz002391,0,0,0
sz000881,2326,2070,0
sz002167,20769,5651,0
sh601558,7219,0,0
sz000850,0,0,0
sh600525,24977,8196,0
sh600644,0,0,0
sz300115,51291,41720,6180
sz002083,0,1700,0
sh603429,0,0,0
sz002262,0,2668,0
sz002208,31082,24700,4576
sz300721,0,0,0
sz300415,725,3014,0
sh600830,0,1426,0
sh603226,0,0,0
sz300382,3036,0,0
sh600127,0,0,0
sz300351,3721,0,0
sh600190,0,0,0
sz000586,960,0,0
sh600318,0,0,0
sz002157,10289,3090,0
sz300302,21097,42432,1004
sh600010,131907,114855,0
sh600315,7070,1157,0
sh600650,0,0,0
sh601928,0,1300,0
sh600252,10000,28027,0
sh600292,0,3222,0
sz300478,0,798,0
sh603999,0,0,0
sz300228,2169,1247,0
sz002782,0,0,0
sh600333,0,3314,0
sz002404,0,0,0
sh603500,0,0,0
sh600573,0,0,0
sz002232,22929,9892,0
sz300002,35664,20467,0
sz002130,0,2273,0
sz002723,0,0,0
sz002869,0,0,597
sz300664,0,2126,0
sh603738,0,0,0
sh603010,600,428,0
sz300087,0,0,0
sh600727,0,1701,0
sh603909,0,0,0
sh603117,1200,0,0
sh603598,1535,0,0
sh601789,0,0,0
sz000887,3921,4055,0
sh603889,5470,640,0
sz000011,0,0,0
sz002737,1890,1554,0
sz002372,500,0,0
sh603197,581,0,0
sz002339,1766,0,0
sz002806,0,0,0
sh603507,0,0,0
sz000610,0,0,0
sh600396,0,0,0
sh603888,1383,450,0
sz300390,70087,115196,1383
sz002128,23501,36413,0
sz002468,11996,5648,0
sz300095,0,1542,0
sz000088,1393,1413,0
sh600556,1716,0,0
sh601599,41211,28588,4648
sz300493,0,0,0
sz300427,1469,3283,0
sh600191,0,0,0
sh603323,6499,26743,0
sz000852,14760,1208,0
sh601958,18485,19345,0
sz002310,13670,12696,541
sz000890,0,0,0
sz002865,0,0,0
sh600483,1700,1700,0
sh603656,0,0,0
sz300451,8266,7556,0
sz000960,44606,46021,1358
sh600782,56333,53926,2103
sz002590,0,0,0
sh600352,110492,116273,1911
sz300314,0,0,0
sz000791,1494,0,0
sh600223,0,0,0
sz300222,25861,105627,2346
sz002730,0,0,0
sz002432,4044,4204,1100
sh603458,0,203,0
sh600338,6235,1772,302
sz300576,1280,1457,0
sz300343,4978,11021,892
sz000667,13663,9021,0
sz300582,0,1409,0
sh601003,4508,2022,0
sh601001,1893,0,0
sz002489,2300,5300,0
sz002105,0,0,0
sh600606,156770,201928,0
sz300471,3677,3525,4085
sh600680,0,0,0
sh601966,1189,3363,0
sz300269,34506,40993,15579
sz300526,0,0,0
sh600196,53809,45849,2402
sh603578,385,357,0
sz002164,0,0,0
sz002324,485,0,0
sz002820,0,1898,0
sz300352,6111,28103,0
sz002302,34790,22139,3894
sz002417,0,0,0
sh600353,0,0,0
sh603002,0,0,0
sh600448,5915,0,0
sh603020,0,0,0
sz300449,0,0,0
sz300323,14319,11925,1396
sz300080,6790,0,0
sz002585,6441,12192,0
sh600320,14867,4806,0
sh603788,455,359,0
sz300106,1476,2327,0
sz000790,72342,97961,6988
sz002306,0,0,0
sh600327,0,0,0
sz002237,1038,3192,0
sh600850,1275,1633,0
sz002516,0,0,0
sh600729,969,506,0
sz002689,0,2675,0
sz000687,2163,4400,0
sz300265,0,0,0
sh600487,43579,45293,4780
sh603200,0,0,0
sh600078,0,0,0
sh601222,11956,4449,0
sz000151,0,0,0
sz002181,0,0,0
sz300639,888,1294,0
sz002217,20895,23932,1762
sh601518,0,0,0
sh603167,918,0,0
sz300511,0,0,0
sz002596,18443,27068,1020
sz300402,0,0,0
sz300533,822,572,0
sh600597,4317,2974,0
sz002497,174717,120095,10569
sh603113,1236,1110,0
sh603717,3354,454,0
sh603183,305,1829,423
sz000705,0,0,0
sh600278,0,0,0
sz300010,8601,4379,0
sh603559,41251,29206,5537
sz300583,0,327,0
sz002320,20077,30049,2181
sh600175,49722,87487,0
sz300316,27676,25418,1735
sh603933,362,0,0
sh600048,595800,633047,26237
sz300282,0,0,0
sz000657,0,0,0
sz002567,0,2040,0
sz300009,5827,7340,1173
sz002182,0,1780,0
sz002101,810,4449,903
sz300349,2918,2753,0
sz300494,990,5392,1552
sz002475,40994,36567,4137
sh600449,7793,1005,0
sh600939,0,0,0
sh600757,3243,0,0
sz002597,12802,4624,0
sh600748,2578,8473,0
sz002434,3479,2892,0
sh600549,53811,32817,0
sh601015,0,0,0
sz300547,0,698,0
sz300701,510,468,766
sh600527,2236,32363,2198
sh600516,200808,168024,7879
sz002032,516,0,0
sh600895,5642,1020,0
sh600350,4042,25803,0
sz300637,600,0,0
sz300219,0,879,0
sz002531,25768,3578,1626
sh600865,0,0,0
sz002554,0,5668,0
sz002049,58037,63656,8375
sz000652,2259,7028,0
sz000975,2682,1560,0
sz300588,1060,0,348
sz300623,255,424,0
sz000623,3147,4389,0
sz002267,0,1644,0
sz000831,6609,4102,0
sh603456,2085,1953,0
sz300366,37771,36373,5604
sh600422,3614,3217,0
sz002594,27197,12335,795
sz300014,59507,34789,4620
sz002107,930,0,0
sh601999,0,0,0
sz002117,0,0,0
sh600639,0,0,0
sh600872,533,3286,0
sh603798,0,0,0
sz000558,52091,181350,0
sh603129,0,0,0
sh600654,7795,5930,0
sh600108,5908,9221,0
sh601798,0,0,0
sh603987,0,0,0
sh600319,0,0,0
sh603017,0,0,0
sz002533,0,0,0
sz300098,15276,16379,1403
sh603133,0,386,0
sz002926,227693,197421,13825
sh601949,2000,0,0
sz300416,600,510,0
sz002555,19395,14728,0
sz300403,0,1001,0
sh600623,26515,15719,0
sz300289,0,0,0
sz300492,0,0,0
sh600663,0,0,0
sz002830,0,0,0
sh600176,54232,35166,638
sh600141,13692,5563,0
sz002231,0,0,0
sz002766,5707,2500,0
sz002154,0,0,0
sh603838,0,0,0
sz000701,0,2388,0
sz002459,1378,0,0
sz300616,175,165,0
sh600376,0,1088,0
sh600197,7116,6144,592
sh600220,0,4000,0
sh600261,0,0,0
sh600248,0,0,0
sz300081,0,882,0
sh600081,3250,0,0
sh603800,0,0,0
sh600655,1003,0,0
sz002866,797,374,0
sz002012,20437,26559,3858
sh600265,0,0,0
sz300045,0,0,0
sz002086,30168,19005,1262
sz000821,1676,5532,0
sz002802,0,0,0
sh603568,0,0,0
sh600675,0,7717,0
sz002660,1200,0,0
sz002582,8169,800,0
sh600382,1795,25195,0
sh600060,40066,20698,2002
sh600114,4108,2334,0
sh603601,1649,0,0
sh600054,2885,1650,0
sh603022,0,0,0
sz002471,13090,0,0
sz300208,0,0,0
sh600642,5533,0,0
sh603116,0,0,0
sz002241,209867,157076,953
sz002139,2021,6032,0
sh603808,0,0,0
sh600815,0,0,0
sz300435,0,0,0
sh600101,0,0,0
sh603181,0,0,0
sz002850,213,0,0
sh600153,3543,32370,0
sz300163,26437,25664,0
sh600495,0,0,0
sz002289,1423,0,0
sz002171,0,2812,0
sz002667,0,1006,0
sh600210,12071,2448,0
sz300560,0,3801,0
sh603311,0,0,0
sz000737,0,0,0
sz000925,0,884,0
sz002073,15978,4552,1307
sz000523,0,2005,0
sz002315,1495,2021,0
sh600172,36461,28795,0
sh600489,25851,20199,0
sh601996,0,0,0
sz002643,7979,2704,0
sz002588,1598,0,0
sz000503,35634,28923,2357
sh600389,0,545,0
sh600846,4300,8240,0
sh603711,1001,458,0
sz300276,2030,2058,0
sz000911,1519,2725,0
sh600728,527746,433755,18063
sh600617,0,0,0
sz002186,0,0,0
sh600712,0,0,0
sh600698,23336,8112,0
sh601901,11541,3566,0
sh600200,0,989,0
sz000591,2147,0,0
sz002711,7071,47748,2013
sh603160,2259,1133,0
sh600528,2463,4074,0
sz300559,608,209,0
sz002913,3833,7357,0
sh600340,103607,145061,9773
sh600189,0,0,0
sh603303,0,1374,0
sz002290,0,0,0
sz002141,3979,1548,0
sh603363,667,1625,0
sz002327,12225,3340,0
sz002023,1098,2625,0
sz300254,0,0,0
sz300286,1271,0,0
sz000971,2124,798,0
sh600091,0,0,0
sz002808,0,0,0
sz002743,1500,0,0
sh600766,0,2538,0
sz002286,0,0,0
sz300180,9059,502,0
sh601233,40755,23717,448
sz300182,126121,106878,10792
sz000419,0,0,0
sz002835,0,0,0
sz002896,0,396,0
sh600025,56441,128455,0
sh600089,41955,34922,0
sh601628,11498,16260,0
sh600480,0,0,0
sz000411,0,0,0
sz000961,20861,62329,0
sh603389,0,0,0
sz000966,0,0,0
sz300691,1407,482,0
sz000001,232802,294466,3185
sz300580,0,1200,0
sz300210,0,0,0
sh600566,852,300,0
sz002024,204064,194308,0
sh600526,0,0,0
sz002929,61328,94131,11727
sz300031,1000,0,0
sz002893,1442,0,0
sz000630,118728,62108,0
sh600737,17100,1596,0
sz300263,2771,0,0
sz000593,0,0,0
sz300033,10103,7789,877
sz002314,0,2081,0
sz300565,0,684,0
sh600275,0,3064,0
sh603005,744,0,0
sz300368,1543,4600,0
sh600240,0,0,0
sz300474,4248,1882,0
sz300209,0,0,0
sh603088,407,479,0
sh600386,0,3140,0
sz002683,13015,4671,0
sz300069,4902,0,0
sz000090,0,2910,0
sh600586,2411,2599,0
sh600593,0,0,0
sz000576,5300,0,1000
sz000510,2003,0,0
sh600470,0,0,0
sz300548,0,271,0
sh601028,0,0,0
sz300322,1256,1341,0
sh600135,0,0,0
sz300414,0,0,0
sz000006,48896,98159,0
sh600721,14287,77411,0
sz300041,0,1655,0
sh600658,16081,1535,0
sz002220,0,1500,0
sz000672,76728,39568,2322
sz002411,20247,496,3900
sz000988,3852,14828,1002
sz300726,650,4067,0
sh603466,970,2197,193
sz002112,3971,3409,0
sz000969,3581,0,0
sz000716,0,0,0
sh603036,681,0,0
sh600620,0,1086,0
sh601611,1161,4386,0
sh603819,0,0,0
sh603313,0,0,0
sz000933,211262,138309,0
sh603000,7697,5809,0
sz000727,27825,54850,0
sz000903,0,0,0
sz002091,4178,6650,0
sz300581,0,0,0
sz300400,0,0,975
sh600211,1205,537,0
sh600571,1420,2131,0
sh603676,609,1308,0
sz000951,1590,707,0
sh600328,2564,0,0
sh603356,14186,48049,4049
sz002634,0,0,0
sz002275,0,0,0
sh600416,2553,11574,0
sz002694,58283,96543,2408
sh600019,293854,238526,8149
sh603985,0,0,0
sz002530,4618,0,0
sh601375,36692,9597,0
sz002268,96437,48449,7523
sz002240,16970,7393,0
sh603617,0,0,0
sz002284,3672,0,0
sz300026,12591,0,0
sh600835,0,2524,0
sh600348,84584,33279,0
sz300140,2723,2114,0
sh600068,57204,61498,0
sh603588,1009,4044,0
sz002111,0,0,0
sh600299,3662,3346,849
sz300327,3511,6658,1238
sz300568,11236,5259,0
sh603817,0,2400,0
sz002565,0,0,0
sz000860,11725,7877,0
sh603929,0,0,0
sh600979,0,0,0
sz300375,0,0,0
sz000673,23923,15320,627
sh603067,0,0,0
sh600770,6110,9939,0
sz000955,3377,0,0
sh600724,0,3001,0
sh600297,25829,14162,0
sh601616,0,0,0
sz002016,11264,28114,0
sz002392,0,0,0
sz002508,10458,15970,288
sh600289,0,2902,0
sz300030,0,0,0
sz002811,0,0,0
sh600247,0,0,0
sz300220,0,700,0
sh603586,0,0,0
sh603026,9891,14592,0
sz300144,11430,16432,1680
sz002317,2978,3916,0
sh603365,1632,0,0
sh600919,40716,41710,0
sz002446,7627,10840,0
sh603616,33788,48325,14739
sh600836,0,0,0
sh600765,3551,4526,1241
sz000995,0,0,0
sh600232,0,0,0
sz300308,2486,895,0
sz000637,0,0,0
sz300298,1968,2686,521
sz300520,8259,12481,421
sz000967,0,0,0
sh603528,4441,16418,3286
sz002517,105752,62121,2742
sz300214,0,0,0
sz002824,0,0,0
sz000565,0,0,0
sz002544,1826,3315,0
sz300250,0,0,0
sz300626,0,0,0
sh601101,6128,6613,0
sh603866,0,0,0
sh601020,0,0,0
sz002160,1700,5656,0
sz002792,373,1000,0
sh603777,462,937,0
sh603883,613,0,0
sh603077,87520,24956,0
sz000014,0,0,0
sz000004,0,0,0
sz300657,269,834,0
sh600435,16784,10857,1037
sz300671,595,0,0
sh600648,0,0,0
sz002493,14406,8680,0
sz300052,710,4734,0
sz300003,15427,18659,0
sh600613,0,0,0
sz002196,1664,0,0
sz002749,0,0,0
sh600287,0,0,0
sz002839,80227,69425,1133
sz002015,0,0,0
sh603059,5906,4069,0
sz000609,0,0,0
sz002598,0,0,0
sz002763,0,0,0
sz002010,0,0,0
sz300718,1578,4101,0
sh601898,6842,5644,0
sh600100,11450,17181,0
sh600521,6469,2938,0
sz300643,2501,5139,0
sh601989,223867,155015,0
sz300395,0,0,0
sh603305,1056,855,0
sh601377,29911,30827,0
sh603609,0,0,0
sz300722,515,0,0
sh600062,2978,0,0
sz002251,4069,1669,1139
sh600692,0,0,0
sz002342,3991,3046,0
sz002916,14358,16290,4487
sz002487,0,0,0
sh600552,0,2138,0
sh603707,1350,2002,0
sz300370,2582,4993,0
sz000776,74412,49179,1283
sz300606,0,0,0
sh600463,0,0,0
sz002633,0,0,0
sh600885,3088,1766,0
sz000536,13330,2547,0
sz002837,1705,1257,0
sz300496,12639,9033,2225
sz000544,0,2736,0
sh603730,282,0,0
sh600343,4381,0,0
sz300473,0,0,0
sz002767,2263,2232,0
sh600569,35267,21863,0
sz300129,0,0,0
sh600559,437,4851,0
sz300201,0,0,0
sh600969,937,0,0
sz000043,0,0,0
sz002460,213153,117338,21025
sz300550,0,0,0
sh603299,0,0,0
sh601918,8688,4000,0
sz002620,1474,3309,0
sz002283,0,4236,0
sh601179,2346,0,0
sz002625,480,1198,0
sz300226,23589,12076,878
sz002159,0,0,0
sz300227,4285,2009,0
sh603228,673,0,0
sh600660,7890,14684,0
sh600146,3525,1461,0
sh600809,7384,9698,201
sh600703,94640,82748,6511
sz002909,1876,0,0
sz300562,622,0,0
sz002123,26135,22119,0
sz000976,0,0,0
sh600400,0,0,0
sz002888,399,488,0
sh603767,2683,2579,0
sz002058,0,4123,0
sz300421,0,0,0
sh600138,5517,3096,0
sz300440,0,0,0
sz300589,0,0,0
sz000608,1785,5011,0
sh603166,0,1329,0
sh601100,0,1343,0
sz300389,0,0,0
sh600096,0,1473,0
sz002528,0,0,0
sz002065,50478,50576,2648
sz002864,0,0,0
sh603336,0,0,0
sz300100,1140,0,0
sz002308,8614,5095,0
sz300472,0,0,0
sz002439,29773,19677,558
sz300665,0,0,0
sh600891,0,0,0
sh600601,6922,0,0
sh603329,4094,1691,395
sz300113,63693,51003,3904
sz300309,3399,0,800
sh600420,0,3061,0
sz002809,0,0,0
sh603208,0,0,0
sh600671,0,0,0
sz000505,1500,4465,0
sh600469,0,0,0
sh603699,1174,0,0
sz002299,1997,0,0
sz000688,1146,13746,0
sh600502,6772,2600,0
sh600858,0,0,0
sh601326,37471,99646,1618
sh603380,0,0,0
sz002025,1062,3475,0
sh600990,0,718,0
sh600099,0,0,0
sh601177,0,0,0
sz300221,7261,2592,0
sh600163,0,0,0
sz000739,4033,5246,0
sz002690,0,1214,0
sh603367,2734,512,0
sh600530,0,0,0
sz002822,0,2301,0
sh603189,0,990,0
sh600160,289364,205542,8123
sh603701,0,0,0
sh603997,0,0,0
sz002020,3386,0,0
sh603599,0,0,0
sh600307,29259,21442,0
sz300397,1809,0,0
sz300360,2658,0,0
sz300720,2887,5832,0
sz300630,682,430,0
sh600615,0,0,0
sz000568,3654,10929,815
sz002064,19483,7505,0
sz000612,0,0,0
sz000028,303,0,0
sh600329,0,0,0
sh603881,1189,2030,0
sz002510,7180,8033,0
sz300585,0,0,0
sh603655,466,701,0
sh601166,165145,228236,647
sh600323,3174,0,0
sz002518,0,755,0
sh601226,5004,0,0
sz300611,0,0,0
sz002192,8174,7015,532
sh603826,748,0,0
sh603131,0,0,0
sz002270,0,0,0
sz002511,1662,4305,0
sz300055,1360,2853,0
sz002630,0,3700,0
sh603233,301,454,0
sh600477,8206,5509,0
sz000018,3674,1714,0
sz000985,0,0,0
sh603779,0,0,0
sh600805,0,0,0
sh601666,35626,50376,0
sz300020,8677,5393,1038
sz002445,12840,990,0
sz300738,11181,19456,1100
sh601000,41391,46561,0
sh600426,29292,10471,0
sz002680,11721,4355,0
sz300601,15044,4306,300
sz002173,0,0,0
sz300121,14411,9108,1135
sz002074,37323,20379,565
sh603003,0,0,0
sz300148,45114,20968,0
sh600694,0,0,0
sz300596,1299,0,0
sz002389,2642,3530,0
sh603986,22337,16283,2196
sh600276,11564,10847,1145
sz002401,25441,3175,0
sz300082,0,0,0
sh600800,4238,0,0
sh601985,21541,16410,0
sz002917,1482,1299,0
sh600845,10621,15350,0
sh600168,0,0,0
sh600819,0,0,0
sh600859,1034,0,0
sz300577,0,0,0
sz002573,17373,10446,0
sh600231,24882,0,0
sh603501,3946,3298,295
sz002762,0,0,0
sz002862,0,0,0
sh600475,0,0,0
sz002875,0,0,0
sz002642,13704,6290,0
sz002785,0,0,0
sh600507,77569,49306,1924
sz002079,6670,14146,0
sz002311,1038,446,0
sh601601,17839,28362,1976
sz002700,0,0,0
sz300075,2467,5235,0
sz300044,45493,28822,4272
sz000592,85394,41327,2541
sh600618,0,928,0
sz300054,9984,0,0
sh600776,2724,8082,0
sz000780,2076,0,0
sh600113,0,1141,0
sz300456,313,0,0
sz002579,0,0,0
sz002705,4447,0,0
sz300162,0,1866,0
sh600481,0,3574,0
sz000999,2453,2483,0
sz002077,0,0,0
sz000089,0,1299,0
sz000557,0,2704,0
sz002753,500,600,0
sz000997,13536,20913,0
sz002687,1486,0,0
sh600843,0,1012,0
sz000070,0,0,0
sz002351,0,1320,0
sh600649,1305,0,0
sh603727,563,0,0
sz000972,0,0,0
sz300191,522,0,0
sh603156,8953,4150,1343
sz002344,4349,2279,0
sz002805,2596,825,0
sh600317,0,7812,0
sz300729,0,3951,1015
sz000686,0,5700,0
sh600857,0,0,0
sh603199,0,0,0
sz002418,2013,0,0
sh600035,0,0,0
sh600372,2219,1921,0
sz300631,0,0,0
sz300563,0,0,0
sz300684,1030,2969,0
sz300740,7331,8965,1681
sz002673,31300,26806,0
sz300336,21841,15732,0
sh600159,3139,0,0
sz002422,6789,18004,0
sz002356,0,1057,0
sh600621,69068,84134,3789
sh601952,4541,5731,0
sz000517,27455,13503,0
sh600605,0,0,0
sh601919,10062,31939,0
sh603628,0,0,0
sh603232,230,0,0
sz002616,0,0,0
sz300463,0,0,0
sz300190,0,0,0
sz002211,3238,0,0
sh600508,2810,0,0
sh601880,0,19585,0
sz300404,0,0,0
sh600066,9773,9574,0
sz300377,129718,118841,13604
sh600779,2623,3812,0
sh603516,21009,45056,3893
sh603321,0,0,0
sz300604,0,199,0
sh600026,0,4991,0
sh603960,0,1176,0
sz000529,0,0,0
sh603360,0,0,0
sh600619,0,0,0
sh600961,0,0,0
sz300262,0,0,0
sh600415,0,7026,0
sz000753,6496,0,0
sz002416,0,0,0
sh603138,2514,921,423
sz300291,4079,0,0
sh603337,0,0,0
sz000099,0,0,0
sh600882,0,0,0
sz300555,0,0,0
sz002008,34936,39942,3382
sh600239,2301,14476,0
sz002133,0,0,0
sh600355,3000,9339,0
sh603319,0,0,0
sz002276,10360,1538,0
sh600097,0,0,0
sz002177,45937,42121,0
sz000063,253767,227966,8880
sz000762,11490,6460,0
sz300412,0,0,0
sz300213,6537,0,1337
sz002303,18088,11762,1520
sh600493,2467,0,0
sz002798,803,398,0
sz000993,0,0,0
sz300301,0,0,0
sz002087,0,0,0
sh603848,0,2260,0
sh603766,6676,9276,0
sz002564,1279,0,0
sz300154,0,0,0
sh603712,0,0,0
sh603709,298,1611,0
sz002402,78111,31546,0
sz000553,750,3895,0
sh600074,19097,15063,0
sz002145,13352,8286,0
sh603499,822,408,0
sz002261,0,11072,0
sz300713,0,165,0
sz000768,15831,20999,0
sz002377,0,0,0
sz300641,659,3052,0
sh600652,82514,172485,13297
sh600285,1442,4449,0
sz002243,0,0,0
sz000902,5752,5827,0
sh600803,4157,1956,0
sz000513,2061,5041,136
sz300364,11288,17563,0
sz300541,0,0,0
sz300730,0,44878,0
sz000571,0,0,0
sz002522,1133,0,0
sh603602,233,1170,399
sz000683,0,47822,0
sz300499,0,0,0
sz000595,0,0,0
sh601006,43641,26233,0
sh600213,0,0,0
sz300239,0,0,0
sz002338,0,1615,0
sh600795,25089,102599,0
sz002242,0,620,0
sz300698,0,4910,0
sz300270,0,0,0
sh603515,907,241,0
sh600995,1280,1478,0
sz002035,5501,3319,0
sz300518,0,0,0
sz300429,0,0,0
sz000416,0,0,0
sz000599,0,1648,0
sz002313,1299,4036,0
sz002539,0,0,0
sz000723,24536,16384,0
sh603103,1795,6101,0
sh600629,0,0,0
sh600821,1922,1791,0
sh600567,320794,214522,0
sz002110,24226,10698,1134
sh600565,6973,29551,0
sz300536,0,0,0
sz002796,780,0,0
sh603990,0,0,0
sz300670,0,1209,0
sz300475,0,0,0
sh600110,31009,13128,0
sz000420,10589,10500,0
sz300178,5117,1599,0
sz300353,205543,408436,37782
sz300118,0,3543,0
sz000935,608,4676,1205
sz002485,940,0,0
sh600208,128723,77648,0
sh601608,10891,7885,0
sz002859,1078,456,0
sh600745,2931,811,0
sz300058,115445,119715,5626
sz300047,12035,3210,0
sz002731,0,0,0
sh600460,299335,292933,15240
sz002298,1522,0,0
sh600390,1025,0,0
sz002484,0,1200,0
sz300039,4969,7700,0
sh603316,0,0,0
sh601126,0,0,0
sh600883,0,0,0
sh600576,3000,1500,0
sz002424,5245,0,0
sh601718,7556,9209,0
sh600868,67236,68919,0
sz000552,18777,6428,0
sh600876,0,856,0
sh600242,0,0,0
sh600398,44410,21382,1027
sh601618,30793,97747,0
sz000528,20167,42684,0
sz002028,0,2300,0
sh600909,3340,16464,1481
sz002654,1500,2036,0
sz002348,11457,0,0
sh603196,0,0,0
sh603188,1000,0,0
sz002374,0,5583,0
sz300084,0,0,0
sz000777,1000,827,0
sz300063,27725,37053,4086
sz002817,0,0,0
sh600561,1510,3000,0
sz002469,0,0,0
sz300037,12643,4611,0
sz002178,67170,47616,0
sz300124,35808,14059,2204
sz002577,1733,15864,0
sh600959,3758,0,0
sz300062,0,0,0
sz002071,2832,4544,0
sh603127,945,1867,0
sh601107,0,0,0
sz300447,0,0,0
sh600171,22813,27448,2874
sh600478,0,1675,0
sz002570,8106,1933,0
sh603383,235,0,0
sz300305,0,0,0
sh603600,0,1000,0
sz300587,0,516,0
sh601336,11241,21729,1230
sz300076,10285,41973,0
sz002346,1533,0,0
sh600596,48754,33415,0
sz300422,639,1356,0
sz002282,0,0,0
sz000709,27226,75810,0
sh600311,0,0,0
sh601677,900,0,0
sh600761,0,2846,0
sz000973,0,0,0
sh600678,0,0,0
sh603615,0,0,0
sh600119,0,0,0
sz000545,6433,0,0
sh601607,7855,3942,0
sz300529,1012,2841,0
sh601118,9997,9152,0
sz002052,3539,0,0
sz300628,1464,2638,0
sz002191,0,1392,0
sz002048,5990,8171,0
sz002300,0,0,0
sh601992,45134,64395,0
sz002281,45834,41045,5236
sz002684,1455,3626,0
sz002277,10351,22597,0
sz002813,531,371,0
sz002751,655,908,0
sh603595,1272,2402,0
sh603118,0,2400,0
sz300174,0,0,0
sh600763,1220,2318,0
sz002757,996,0,0
sz002838,0,0,0
sh600754,5546,5940,0
sz002026,1510,0,0
sz002055,679,2674,0
sz002227,597,3484,0
sh601998,62060,83242,3092
sz000729,21684,20261,2220
sz300419,4408,8342,0
sh600071,0,0,0
sz002552,0,0,0
sz300346,0,700,0
sh600697,0,0,0
sz002062,0,2240,0
sh600217,4348,2941,0
sz002879,956,3590,0
sz000010,3000,0,0
sz300660,0,0,0
sh600202,7834,34674,0
sh600410,134781,108492,9844
sz002741,2750,1382,0
sz300350,0,0,0
sh601390,18741,15238,0
sh600814,0,2583,0
sh603912,753,1720,0
sz300418,43445,50139,4366
sz300394,502,1037,515
sz300708,5306,10370,0
sh603926,0,0,0
sh600826,0,811,0
sz002519,0,0,0
sz002148,6964,8280,0
sh601328,101612,266806,1576
sh603223,0,0,0
sh603980,2674,2780,0
sh601186,12308,5338,0
sz300388,810,621,0
sz002234,0,1285,0
sz300612,4961,6394,2359
sz002877,0,1193,0
sz002225,0,0,0
sh600894,0,0,0
sh600216,18338,37596,575
sz300607,1009,369,0
sz300546,0,0,0
sz300207,47556,19857,2949
sh600229,0,0,0
sz300379,2606,0,0
sh600999,23253,15605,0
sz000938,11287,9742,784
sh603638,317,3067,0
sh600723,0,0,0
sh600679,591,0,0
sz002399,1399,3099,0
sh600736,0,2002,0
sh600421,0,0,0
sz002546,3654,0,0
sh603069,1800,0,0
sh600053,0,0,0
sh600581,45883,44341,0
sh600461,2000,0,0
sz002791,0,0,0
sz002363,0,0,0
sh603488,0,0,0
sz002089,26010,18342,0
sh601878,8225,10408,0
sz002624,5813,3481,0
sz300259,0,1062,0
sh601117,28612,11524,0
sz002712,0,466,0
sz300627,548,317,0
sz002041,0,0,0
sh600557,2526,1873,0
sh603806,0,0,0
sz002119,0,0,0
sz002060,0,0,0
sh600219,79900,100438,0
sh600479,1465,641,0
sz000715,0,0,0
sh600635,28766,17385,0
sz300480,0,0,0
sz002649,5219,13933,1267
sh603686,500,0,0
sz300321,0,0,0
sz002297,3141,2893,0
sz300712,507,4013,518
sh603358,0,0,0
sz002876,1312,2967,0
sh603038,0,0,0
sz002142,38333,66204,1529
sz000886,13310,10822,0
sz000159,0,0,0
sz300689,0,308,0
sh601113,4854,0,0
sz002821,2525,206,0
sz002088,0,0,0
sh601579,0,0,0
sh601872,0,3008,0
sh600033,0,0,0
sh600271,52415,45281,2911
sh601198,1007,3589,0
sz002586,0,0,0
sz002615,0,0,0
sh603086,0,0,0
sh603698,0,0,0
sh600269,0,4200,0
sz000732,45217,65219,6359
sh600446,9785,11498,0
sz002108,7547,12358,0
sh603828,0,0,0
sz000756,1000,0,0
sz000921,1197,2435,0
sh600118,14737,5115,0
sz300150,0,0,0
sh600744,0,0,0
sh600577,174456,129372,0
sh600967,5699,16591,0
sz300284,0,0,0
sz300236,7994,7275,682
sz300357,252,200,0
sz000858,39059,57907,5841
sh600982,0,0,0
sh600409,48326,25485,0
sh603688,1848,3072,0
sz300127,0,0,0
sh603161,1702,379,0
sz002477,12965,22259,0
sz300696,0,0,0
sz002882,0,0,0
sz002190,5211,462,0
sz300647,0,0,0
sz002223,21963,18694,1371
sh600403,0,0,0
sz002334,1198,5669,0
sz300629,631,0,231
sz000042,0,0,0
sz002393,501,0,0
sz300667,0,300,0
sz002601,30496,18079,0
sz300669,0,0,0
sh600864,0,0,0
sh600330,11691,10380,0
sz002740,0,1600,0
sz000514,0,0,0
sh603345,483,0,0
sh600890,0,0,0
sz000680,0,0,0
sz000603,0,935,0
sh603338,388,141,0
sz000065,742,1979,0
sh600262,0,506,0
sz002200,0,0,0
sh600844,0,4068,0
sz000572,0,0,0
sh603978,579,411,0
sz300711,542,0,0
sh600749,0,0,0
sz300123,2723,0,0
sh600662,0,4070,0
sh600997,3955,9395,0
sh600838,0,0,0
sh600259,2777,413,0
sh601212,4078,9954,0
sz300401,4283,3302,2278
sz000713,0,0,0
sz000779,0,0,0
sz300359,6407,1058,0
sz000978,1500,0,0
sz300135,0,0,0
sz000155,4693,20703,1604
sh600977,7842,10069,0
sz300561,651,238,0
sz002042,1948,3839,0
sz300027,96665,92911,2530
sh603968,0,0,0
sz002682,0,0,0
sh600547,13971,17357,0
sz002880,0,200,0
sz000977,253900,184177,20636
sz002129,280956,227648,11702
sz002852,0,0,0
sh603335,0,0,0
sh603331,0,0,0
sh600072,9837,3851,0
sz000631,0,0,0
sh603268,3607,0,0
sz002556,11848,0,0
sz000584,12813,9268,1017
sh600331,3503,11956,0
sz000638,2415,2718,0
sz300551,560,0,0
sz300633,5499,6067,0
sz300538,0,0,0
sz300166,67009,47354,13625
sz002674,0,0,0
sh601969,2382,0,0
sz300543,0,507,0
sh600486,3563,5801,206
sz000582,0,0,0
sz300268,6800,5138,932
sh600280,3500,0,0
sh600888,1634,5029,0
sh600125,5858,22878,0
sz002920,11644,10665,1096
sz300445,0,0,0
sz002836,1338,0,0
sz300136,25604,41286,3928
sz300176,84,388,0
sh600235,0,0,0
sz002549,4610,0,0
sz300522,0,0,0
sz300735,1469,3783,508
sz002158,2538,5077,0
sh603012,0,0,0
sh603611,0,0,0
sh603505,7220,2399,527
sz300710,390,2232,0
sz300598,0,0,0
sh601881,55271,44476,2938
sh603803,0,0,0
sz002826,0,620,0
sz002329,15220,5925,2008
sz002868,0,0,0
sz000061,1500,0,0
sz002405,54682,54870,8774
sh603916,0,0,0
sz300293,2000,0,0
sh600310,0,0,0
sz300181,12558,8309,0
sz300532,4524,1295,0
sz002221,11561,3532,0
sz002078,23690,32752,0
sz300425,6758,1293,0
sz002307,6748,3833,0
sz002574,0,1500,0
sh601939,578237,856220,3045
sh603019,62636,52350,7850
sh600011,5944,3140,0
sz002214,0,1614,0
sz000596,390,560,164
sh601636,105644,89076,0
sz000915,3069,2100,0
sh600250,0,0,0
sh600490,151341,96149,13434
sz300567,1367,0,0
sh603585,0,0,0
sz002589,4793,11413,0
sh600520,806,0,0
sz300432,1435,696,0
sh600873,0,17059,0
sz300019,6549,1060,0
sh600608,0,0,0
sz002114,1602,630,0
sz300482,0,0,0
sh600277,1846,2369,0
sh600897,0,736,0
sh603626,15577,8924,0
sz002388,8046,23903,2493
sh601688,144209,106513,2686
sh600742,10350,1000,0
sz000301,11128,5609,0
sz300733,1520,2972,512
sz300066,30728,44755,4385
sz002780,0,0,0
sh600879,72315,47463,3423
sh601519,0,3010,0
sz002410,23232,9815,454
sz002807,16743,3746,0
sh603567,733,0,0
sz002609,1407,808,0
sh600467,4315,3719,0
sz002775,0,0,0
sz002526,2344,1803,0
sh600429,0,0,0
sh600769,0,0,0
sz300218,0,0,0
sz002156,42276,23309,2711
sz000023,0,0,0
sz002772,0,0,0
sz002512,356860,181497,4817
sz300281,3364,0,0
sh600227,6200,1818,0
sz000531,0,0,0
sh600657,1800,1810,0
sz300610,0,0,0
sz300566,0,0,0
sh600983,0,0,0
sz300731,752,0,383
sz000731,7892,0,0
sz002358,13783,7551,0
sh603157,0,600,0
sz300318,0,0,0
sz300204,0,0,0
sz002500,29090,37340,0
sz002812,2024,732,200
sz000408,0,0,0
sh603758,0,0,0
sz002093,1247,0,0
sh600067,0,0,0
sz000532,2035,0,0
sh600438,35747,36005,3344
sh603612,329,434,0
sz000889,1452,1804,0
sh601700,132531,37812,3139
sz002902,1078,0,0
sz002364,2636,0,0
sh600106,2710,0,0
sh603238,0,0,0
sh600077,3089,0,0
sz002900,468,0,0
sh601318,195019,208036,15880
sh603801,0,195,0
sh600301,0,0,0
sz002153,12581,13772,0
sh603203,3059,308,0
sh601890,1744,3034,0
sz002209,0,0,0
sz002593,0,0,0
sz002498,8426,0,0
sh603078,306,0,0
sz002353,4333,4722,0
sz300028,3043,0,0
sz002776,671,704,0
sz002733,0,722,1267
sh600351,0,0,0
sh600345,2044,1607,0
sz002727,1945,2259,0
sh600052,0,3000,0
sh601111,195587,142626,12103
sh600121,1902,0,0
sz000962,0,0,0
sz300110,442703,396919,16838
sh600780,0,7435,0
sz002578,15668,0,3045
sz300663,4028,2529,525
sz300107,37193,37839,0
sz300575,0,0,0
sz300345,2000,0,0
sz000613,1291,6009,0
sz300739,12954,18097,2354
sz002608,0,0,0
sz002480,0,0,0
sh601069,4171,3427,0
sz300530,0,0,0
sh600064,1265,794,0
sh600886,12935,19205,0
sh600050,268376,339712,0
sh601002,1265,4629,0
sz002732,0,0,0
sz000059,24894,5720,0
sz300206,0,0,0
sz300168,50069,49044,2182
sh601800,8073,5326,0
sz300706,525,180,0
sz300072,15314,18506,0
sz000338,100627,95182,0
sh600610,0,0,0
sh600966,41193,15428,0
sz002918,209,499,0
sz000622,0,0,0
sh600015,18135,37895,0
sh603016,0,0,0
sh600362,66525,71849,0
sz002769,53714,28436,3770
sz002842,576,0,0
sh603320,0,0,0
sh600184,0,0,0
sz002921,0,572,0
sh603787,0,0,0
sh603969,783,5235,0
sh600497,82347,44205,0
sz002245,35460,14504,0
sh600704,3538,0,0
sh600018,55078,91232,1504
sz002571,1430,1572,0
sh600622,0,0,0
sh600346,18929,14424,1467
sz300109,1310,2762,510
sz000786,70974,34649,2306
sz300120,824,0,0
sz300331,1004,0,0
sz002043,0,1977,0
sh600112,0,2259,0
sz300216,126484,154762,21548
sz300184,7788,5828,0
sz002045,33013,21955,912
sz002066,0,1983,0
sz000906,0,1449,0
sz300692,1825,1379,0
sh600131,0,0,0
sz000488,57843,56067,1256
sz002003,959,0,0
sz000883,0,0,0
sz000617,0,970,0
sh603958,0,2374,0
sh600444,0,0,0
sz002295,0,0,0
sz000835,0,1779,0
sz002378,2903,0,0
sz300676,2000,1870,0
sz002204,0,8083,0
sz002505,30687,21987,0
sz002096,0,0,0
sz002046,0,0,0
sh600279,0,0,0
sz002318,19045,18083,0
sh600468,0,0,0
sz002536,0,0,0
sz300387,0,0,0
sz002521,9520,4225,0
sh600367,0,0,0
sh600917,0,0,0
sh600016,68650,101784,1484
sh600986,0,7852,0
sh600037,5060,8945,0
sz000885,2971,0,0
sh600020,4921,6000,0
sh600783,3405,5368,0
sz002224,0,0,0
sh600862,0,0,0
sz300042,0,0,0
sh603882,2795,370,0
sz002222,5010,1864,0
sh601139,0,2607,0
sh603776,492,579,0
sh603041,0,0,0
sz000009,33377,33897,0
sz300253,48839,73822,5155
sh600636,803,2494,0
sh600713,0,0,0
sz002818,967,0,0
sh600129,0,0,0
sh603126,0,1290,0
sh600136,14056,14450,0
sh603665,0,0,0
sz002758,0,0,0
sh603269,1383,0,0
sz002014,2716,5736,0
sz300723,3215,1999,0
sh600790,0,49454,0
sz300050,2843,2779,1255
sh603378,0,0,0
sh600139,7850,28273,0
sz002840,0,0,0
sz300553,0,0,0
sz002271,7334,3040,0
sh600708,6059,8904,0
sz002637,0,1118,0
sz002249,1532,9600,0
sz300111,0,0,0
sz002376,21013,11373,696
sz002847,6122,7187,592
sz300552,0,0,0
sz000550,2176,5853,0
sz002126,3639,1275,0
sh600970,32133,30600,1046
sz000738,38458,40931,1878
sz000627,11186,12362,0
sz002606,34339,37116,0
sz300453,0,0,0
sh603811,0,0,0
sh601828,28061,17494,905
sz300252,678,0,0
sz300615,0,0,0
sz002013,14243,8271,0
sz002205,0,0,0
sh601208,0,0,0
sz000563,30256,10030,0
sh600209,11445,10753,0
sh600008,58904,85546,0
sz002247,6965,3200,0
sz002175,6966,1458,0
sz300126,0,0,0
sz300185,14883,0,0
sh600373,4889,3966,0
sz000025,2731,3523,273
sz002501,2738,3953,0
sz300272,0,0,0
sz002278,4658,23295,0
sh601218,0,0,0
sz002127,4642,12387,0
sh600425,0,3326,0
sh600743,0,3750,0
sz300467,877,1231,323
sz002693,0,0,0
sz300579,0,0,0
sz002495,0,0,0
sz002787,1000,0,0
sh600452,300,0,0
sz002681,2124,1927,1406
sz002698,1988,0,0
sz300519,0,0,0
sh600531,9415,3997,0
sz300697,1265,1391,0
sz002081,6827,22370,2466
sz300234,0,0,0
sz000929,0,0,0
sh603421,0,1000,0
sh600079,25487,27478,0
sz002166,0,0,0
sz002456,51742,84951,4846
sh600681,1826,5347,0
sh600009,3976,5298,856
sz300483,362,0,0
sh601900,989,0,0
sz300516,278,0,0
sh603533,1448,1734,248
sz000803,983,0,1500
sz002490,0,0,0
sz000861,0,0,0
sh600038,4466,2684,0
sh600791,0,0,0
sh600499,107751,57084,0
sz002470,5741,3169,0
sz300007,9638,3109,0
sz300036,5876,1878,0
sz000952,0,0,0
sh600283,1031,0,0
sz300347,2673,1472,0
sz300013,0,0,0
sh603868,0,0,0
sh601668,282268,331896,0
sh603939,0,0,0
sh600884,94134,62289,4054
sz000931,1590,2804,0
sz002858,0,0,0
sh603856,0,0,0
sh600710,0,0,0
sh603039,478,865,0
sh600506,0,0,0
sh600592,0,2478,0
sh600851,0,0,0
sz000910,2948,4148,0
sh600518,38469,25310,2331
sz002067,26045,13843,0
sz002061,4709,3405,0
sh600249,2491,1716,0
sz000423,3323,4782,508
sh603110,0,0,0
sh601008,2330,0,0
sh600848,0,0,0
sh603136,0,0,0
sz300450,11477,14265,1376
sh603079,0,308,0
sh600759,7713,19481,0
sh600980,0,0,0
sz002703,1816,0,0
sz300171,0,0,0
sz002736,5499,17026,0
sz300592,0,0,0
sz000735,64708,72546,1170
sz000425,90398,60639,0
sh600500,6804,14152,0
sh603519,0,0,0
sh600936,4162,0,0
sz000965,3177,2874,0
sh600860,0,0,0
sz002458,3470,1819,0
sz300557,1003,1123,0
sh600690,206240,156916,13138
sh600532,2354,1160,2357
sh603683,2426,560,0
sz002759,919,1031,1361
sh600458,0,2807,0
sz000585,14426,0,0
sz300571,1057,1732,515
sz000826,15195,2012,0
sz300405,0,0,0
sh600787,41858,19777,2015
sz002678,0,0,0
sz002419,2500,4368,0
sz002381,0,0,0
sh600183,37287,44151,0
sh601360,26175,31599,3393
sz000670,8986,5565,0
sz300059,598356,651447,47702
sz300523,228,510,0
sz002355,2319,0,0
sh600375,0,0,0
sz002359,8298,9165,414
sh600397,0,0,0
sz000878,15405,10965,0
sz002394,0,0,0
sz002855,0,0,0
sz300257,0,600,0
sz300448,0,0,0
sz002051,1604,1670,0
sz300695,0,0,0
sh601777,1703,0,0
sz002895,6029,429,0
sz300342,0,0,0
sh600616,5223,5608,0
sz002092,25672,8055,0
sh603809,0,0,0
sz002328,0,0,0
sz000665,32689,77388,7976
sz000554,4280,10032,0
sh600505,0,0,0
sz000751,2050,8864,0
sz300517,0,0,0
sh601818,149776,244822,0
sz002618,0,0,0
sz002044,12746,4372,0
sh600456,959,561,0
sh600702,4205,6383,301
sh600260,32846,20271,294
sh603861,0,0,0
sz002750,0,0,0
sz002599,0,0,0
sh600256,11245,34093,0
sz300008,20936,15388,0
sh603179,0,271,0
sz300167,1262,3709,0
sh600359,0,0,0
sh600551,1900,2000,0
sz300307,0,2000,0
sz000987,6947,3182,0
sh600988,11785,0,0
sz002828,0,515,0
sh601882,0,0,0
sz000062,0,0,0
sz300715,4636,5983,285
sh603768,0,0,0
sz300707,21594,33751,4476
sz002216,0,0,0
sz300235,0,0,0
sh603399,10238,7722,0
sz300678,4683,5579,1779
sz300515,0,0,0
sh600676,0,2000,0
sh603880,1000,0,0
sz000825,205213,196599,3736
sz002380,2794,7074,0
sz000659,0,5485,0
sh600668,0,0,0
sh603858,2642,2797,0
sz000700,2000,0,0
sz300192,0,0,0
sh601116,1436,0,0
sz300294,319,1097,0
sh603278,0,720,0
sh600380,35917,11954,0
sz002600,268158,88008,4286
sh600630,0,0,0
sz300617,0,0,0
sh600482,3982,2321,0
sz002668,50788,26163,1042
sh600901,600321,462025,39938
sh600993,1265,0,0
sh600336,0,2730,0
sh603607,847,0,0
sz000525,3168,5546,0
sh603315,0,0,0
sh603106,766,0,449
sz300358,1000,0,0
sh603286,4336,4038,672
sh600104,55997,32176,2577
sh601188,0,0,0
sz300621,0,0,0
sz002788,1053,559,0
sz002099,0,2496,0
sz300622,0,0,0
sz300292,5810,12058,0
sz002433,1208,0,0
sz002569,1257,1099,0
sz002120,2027,2090,0
sh601588,0,11740,0
sz002478,2300,0,0
sz002373,25287,21430,0
sz002426,15991,3969,0
sz002861,12428,6282,0
sz300513,0,0,500
sh601858,0,0,0
sz000045,1500,0,0
sh600602,17895,4456,0
sh603169,1440,0,0
sz000809,5782,0,0
sz300373,5736,1613,0
sz300137,3252,7246,1042
sz000590,3877,1110,0
sz000830,317065,270338,12574
sh603639,0,0,0
sh603322,0,0,0
sz002203,13362,4439,0
sh600963,2001,0,0
sz002187,2000,0,0
sh600962,0,0,0
