sh600354,5947,9782,0
sz002251,5561,6578,0
sz300259,0,0,0
sh600577,255847,376106,13074
sz300663,1915,400,0
sz000628,0,0,0
sz002284,0,1690,0
sz002084,0,0,0
sz002044,950,2356,0
sh600573,0,0,0
sz300513,0,0,0
sz000721,0,0,0
sh601608,5766,3059,0
sz002777,0,0,0
sh603888,676,1001,0
sz300102,4696,1275,0
sz000004,0,0,0
sz002778,556,0,0
sz000729,1509,9205,0
sz002708,0,0,0
sz000819,0,0,0
sh600019,249160,231475,3240
sz002655,6430,7183,0
sh603189,0,0,0
sz002293,0,700,0
sh603823,0,0,0
sh603018,0,0,0
sh600139,0,0,0
sh600629,0,0,0
sz000863,2000,0,0
sh600111,214802,167014,4361
sh603357,514,1556,0
sz000409,0,0,0
sz002376,11977,6319,0
sh600408,0,0,0
sh603527,1048,0,0
sz000837,8071,7611,0
sh603063,0,0,0
sh600463,0,0,0
sz300499,0,0,0
sz002040,0,0,0
sh600557,0,0,0
sz300153,0,1274,0
sz002232,11605,19742,1003
sz000063,409052,338639,26533
sz300107,31776,14383,0
sz002430,770,0,0
sz000836,4608,2149,0
sh600233,7592,2132,0
sz002667,0,0,0
sz000630,105074,44093,0
sz002388,0,0,0
sz002254,8027,7142,0
sh600745,3216,5974,0
sz300188,501,5042,0
sz002287,351,0,0
sz300054,1013,953,0
sz000969,1656,1389,0
sh603169,0,0,0
sh600803,0,1958,0
sz002280,37742,46329,7319
sz000835,2128,0,0
sh600059,3280,0,0
sh603298,0,0,0
sz002126,0,0,0
sh603022,0,0,0
sh600833,0,0,0
sh603056,4479,3975,518
sz300519,0,0,0
sh600623,17314,9993,0
sh600152,0,0,0
sz000576,6239,11277,2712
sz300125,1670,0,0
sz002434,0,9255,0
sz000813,0,44441,0
sh603829,0,0,0
sz000538,6045,3995,113
sz300203,904,1962,0
sz300239,0,0,0
sh601636,75759,35524,0
sz000513,7432,2610,415
sh600600,1802,1784,0
sz002658,0,0,0
sh603118,1810,1481,0
sh603133,516,0,0
sh600706,0,0,0
sh600800,0,0,0
sz300091,6082,0,0
sh600351,0,0,0
sz002783,0,0,0
sh600367,1018,1119,0
sh600081,0,0,0
sh600556,7124,0,0
sz300385,0,0,0
sz002918,268,236,0
sz002884,200,0,0
sz002117,670,0,0
sz000408,2185,2564,0
sz000560,0,0,0
sz000622,0,0,0
sz300176,0,185,0
sh603803,0,0,0
sh603160,121,487,0
sh600864,0,0,0
sz002671,0,0,0
sz002478,0,0,0
sz300721,0,0,0
sh600581,45981,31820,2376
sh601098,0,0,0
sz300059,383952,317099,13509
sh603716,0,200,0
sh600555,0,0,0
sh601555,13076,1164,0
sz002460,71159,78504,7129
sz002616,0,0,0
sz002748,0,0,0
sh600146,2494,1581,567
sz002308,10892,43621,0
sh600067,2331,10932,0
sh603880,0,0,0
sz002241,67842,71464,0
sh600721,0,0,0
sz002100,1401,0,0
sz000541,3337,0,0
sz002403,0,0,0
sh600966,31446,11704,0
sz002107,0,0,0
sz000810,0,0,0
sz002290,0,0,0
sz002310,10831,7698,0
sz002847,0,0,0
sh600663,0,0,0
sh603085,0,0,0
sz300253,17947,38350,1557
sz002916,26286,31939,5265
sh603630,0,0,0
sz002277,5584,0,0
sz300552,0,0,0
sz300072,3338,12943,434
sz300661,209,0,0
sz002905,3090,1013,0
sh603158,0,0,0
sh603916,0,0,0
sz002264,1279,3073,0
sh600006,0,2907,0
sh600170,10538,2967,0
sz002022,922,0,0
sz300483,0,337,0
sz002129,192718,188924,3764
sh600343,999,1909,0
sz300142,12791,9208,588
sz300138,0,0,0
sz000429,1325,0,0
sh601928,0,0,0
sz002119,800,0,0
sh600133,0,2513,0
sz300421,0,0,0
sz300576,1081,1605,0
sz002331,0,0,0
sz002627,0,0,0
sh600132,0,0,0
sz002519,1808,0,0
sz300725,1913,3808,480
sh600823,41337,6196,3138
sh600317,0,5406,0
sz002019,27493,25865,3268
sh603110,0,0,0
sh600506,0,0,0
sh603338,208,188,0
sz002381,0,0,0
sh600155,11486,5226,0
sz002375,0,0,0
sh600770,12584,125515,0
sh601566,0,2123,0
sz300565,0,0,0
sh600936,0,0,0
sz002041,1974,0,0
sh600103,0,0,0
sh603728,0,0,0
sz002609,0,3345,0
sz002719,0,0,0
sz300236,7467,8013,0
sz002237,1621,3703,0
sh600628,0,0,0
sz300109,291,0,0
sz000157,58410,29595,0
sz000403,0,0,0
sh600158,26302,23495,0
sh603729,247,0,0
sz300226,3617,7186,278
sz002865,800,882,0
sz002179,20939,3683,0
sz300166,24096,37864,950
sz000782,0,4720,0
sh600353,0,0,0
sz000791,0,1649,0
sz002504,3362,0,0
sz300377,35383,21538,2802
sh603958,0,0,0
sh600819,0,0,0
sh601699,204080,146293,8683
sh600435,4212,0,0
sz002372,0,0,0
sz300554,426,373,0
sh601126,0,0,0
sz000521,0,0,0
sh603232,0,0,0
sz002218,0,6081,0
sh600677,1079,0,0
sh600112,5284,3160,0
sz000096,0,0,0
sz000905,2684,0,0
sz000532,0,0,0
sz300485,0,0,0
sz300154,0,0,0
sz000698,6000,2275,0
sh600356,0,0,0
sh600665,3464,0,0
sh603136,301,0,0
sh600100,66291,27999,1921
sh601872,0,0,0
sz300336,3295,0,0
sz300658,0,0,0
sh601996,7100,4149,0
sh600982,2639,0,0
sz300723,1495,688,0
sh603688,0,0,0
sz002066,2025,0,0
sh603557,0,812,0
sh603776,358,278,0
sz002701,2953,0,0
sz300378,778,2439,0
sz000725,4359844,3914244,0
sz300340,1181,1144,0
sh603881,458,1133,0
sz002258,14742,13549,596
sh603860,0,0,0
sz300366,0,0,0
sz002805,0,0,0
sh600386,0,2905,0
sz000662,0,880,0
sh600406,9584,8741,0
sz002898,0,0,0
sh601011,4021,9807,0
sh601118,11265,11993,0
sz002885,1303,658,648
sh601006,19812,19800,0
sz300716,0,0,0
sz002893,0,0,0
sz300382,1890,0,0
sz002334,2691,1196,1355
sh600339,0,13424,0
sh600633,5743,0,0
sz002146,226169,155130,6927
sh603602,3571,3640,0
sz002788,0,0,0
sh600171,20650,26498,1030
sh600091,0,0,0
sz002319,0,0,0
sz300220,1543,0,0
sh600325,100881,64994,0
sz000037,0,0,0
sz002057,0,884,0
sz300457,4734,0,0
sz300680,0,0,0
sz300579,0,0,0
sz002578,0,0,0
sh603933,0,0,0
sh603619,2025,1268,0
sz300042,0,0,0
sz300195,0,0,0
sz300489,0,0,0
sh600778,0,0,0
sz000020,2923,5408,0
sh600565,23202,3996,0
sz002696,0,0,0
sz002317,6730,9333,0
sz300065,37007,62435,0
sz300286,0,0,0
sh603042,610,0,0
sh603421,0,0,0
sz300284,868,0,0
sh600979,0,0,0
sz000021,15150,14779,0
sz002681,2093,6828,0
sh600489,4856,5737,0
sh600261,2883,0,0
sh601028,0,0,0
sh601228,19569,3558,0
sz300232,4230,3857,0
sh600015,22441,20563,0
sh603789,0,0,0
sz000045,6425,31782,0
sz002800,0,0,0
sh600818,0,0,0
sh603699,1365,0,0
sh600360,8160,19074,0
sz002910,565,0,0
sz300329,0,0,0
sz002046,0,0,0
sz002329,2079,0,0
sh600381,0,4054,0
sz002602,1001,512,0
sz300379,0,0,0
sz000851,7616,7069,2010
sh600883,0,0,0
sh600996,0,0,0
sh603117,0,0,0
sz300701,0,0,0
sh603322,0,0,0
sz002503,0,0,0
sz300400,0,0,0
sz002206,0,0,0
sh603055,0,0,0
sz002274,0,0,0
sz002144,0,0,0
sz000830,244592,213803,23785
sz300702,0,0,0
sz002875,0,0,0
sz300407,867,2467,0
sh603501,1887,1137,0
sz300281,0,1003,0
sz002664,377,0,0
sh600377,0,0,0
sz000935,0,649,0
sz002149,0,0,0
sz300367,42409,58681,2519
sh600162,5270,4143,0
sh600985,1139,2201,0
sh603060,0,0,0
sz300018,0,0,0
sh600083,0,0,0
sh600891,0,0,0
sz000531,0,0,0
sh603328,0,7157,0
sz002322,0,0,0
sz300572,0,0,0
sz000823,32223,29372,1039
sz000756,0,0,0
sz000778,36705,29380,0
sh600886,26476,13014,0
sh603920,0,882,0
sz000895,11665,4185,0
sh601010,0,0,0
sz002337,0,0,0
sh600571,0,3261,0
sh600653,12779,13059,0
sh600834,0,0,0
sz300384,0,990,0
sh601828,8837,5682,0
sz000982,0,3690,0
sh600280,4002,0,0
sz300115,12312,18468,512
sh601601,25531,17822,317
sh603168,0,0,0
sz002775,0,0,0
sz002809,0,0,0
sz300581,886,0,0
sz000026,0,0,0
sh600893,19576,19129,0
sz000030,0,0,0
sh600256,3946,3945,0
sz300587,0,0,0
sz000828,2909,6679,0
sz000932,81594,64066,1679
sz300147,0,0,0
sh600775,0,0,0
sh603079,500,0,0
sh601328,161300,255259,0
sz300525,0,0,0
sz002922,740,498,0
sh600606,495287,355075,3677
sh600189,0,0,0
sh603703,0,0,0
sh600860,0,0,0
sh603078,0,0,207
sz002017,0,0,0
sh600297,1800,12628,0
sz300718,0,0,0
sz002128,50837,28255,0
sh601789,0,0,0
sz300309,0,0,0
sz300181,8232,8338,0
sz002868,0,0,0
sz300113,31911,58545,2548
sz300026,11374,4000,0
sz000780,2127,2298,0
sh603665,0,0,0
sh600808,107919,92680,0
sz300235,0,0,0
sz300598,0,0,0
sh601139,0,0,0
sz300417,0,1100,0
sz000089,3650,0,0
sz300087,0,0,1500
sz002125,0,0,0
sh603067,0,0,0
sz000153,0,0,0
sh601177,0,0,0
sh600765,0,2358,0
sz000507,36715,16453,0
sz002447,0,10991,0
sz002200,0,0,0
sz300178,0,0,0
sh600127,0,0,0
sz000099,0,0,0
sz002562,751,3060,0
sh600436,8379,6598,618
sz000591,0,0,0
sh601377,41787,18909,0
sh600569,46696,60421,0
sz002314,5732,1999,0
sh600962,0,0,0
sh600683,0,0,0
sh600283,0,0,0
sh600688,12373,15081,0
sz002386,3656,2011,0
sz300531,0,0,0
sh601669,0,0,0
sh600802,0,0,0
sz002903,8084,3438,3238
sz000929,0,0,0
sh600863,19824,14798,0
sz300212,9345,6576,623
sh600272,0,0,0
sz300571,1555,1126,0
sz300476,12604,7082,964
sh601989,219444,127520,0
sh603127,626,1062,0
sh603277,0,0,0
sz002286,0,0,0
sz002586,0,0,0
sz002676,0,2003,0
sz002489,3200,0,0
sz000419,0,0,0
sz002148,10547,7275,1295
sz000676,0,1000,0
sz300241,0,0,0
sh600679,0,0,0
sz000739,0,0,0
sz300313,0,0,0
sz002064,0,8518,0
sh600810,7661,23052,0
sz300260,0,0,0
sh600010,118749,62502,0
sz002608,0,0,0
sz002836,0,0,0
sh600714,0,0,0
sz002038,4538,1631,0
sz300501,0,0,0
sz002679,0,0,0
sz002095,644,1508,0
sz002821,1485,1109,0
sz000711,0,1441,0
sz300256,1619,0,0
sz300006,8066,11770,0
sz300495,4353,1689,0
sz000417,0,0,0
sz300324,2346,8035,0
sh600995,0,0,0
sh601798,0,0,0
sz300036,1486,4819,0
sh600793,0,0,0
sz000555,4012,0,0
sz002480,0,0,0
sz002470,0,1506,0
sz300298,800,0,0
sh600965,0,0,0
sh600809,2399,3408,0
sh600639,0,0,0
sz002231,0,0,0
sz002732,0,0,0
sz300397,0,0,0
sh600847,0,0,0
sz002839,73910,40802,0
sz000023,4069,2420,0
sz000635,0,0,0
sh603977,0,0,0
sz300689,0,0,0
sh600691,13672,0,0
sz002131,49817,107994,0
sz300414,0,0,0
sz300738,6527,3546,345
sz002083,0,0,0
sz300669,0,0,0
sh600610,2344,3788,0
sh600390,0,2500,0
sz300706,1010,8811,238
sz002902,295,300,0
sz300211,0,0,0
sz000713,0,1796,0
sz300061,0,0,0
sh600958,3816,1168,2068
sh600259,5643,1676,0
sh600867,6472,4311,0
sz300546,0,0,0
sh601718,1838,2279,0
sz000710,0,1111,0
sz000166,34238,23637,0
sh600527,0,2113,0
sz002150,4753,0,0
sh601777,1748,6200,0
sz002346,0,0,0
sh600739,4291,2743,0
sz002278,0,2917,0
sh600756,2158,6006,0
sz002797,179176,64204,0
sh600361,0,0,0
sz000890,0,0,0
sz300300,10453,0,0
sz300580,0,599,0
sz000962,0,0,0
sz300197,2960,2066,0
sh600070,0,0,0
sh600017,4300,3034,0
sh603165,642,1370,0
sh603937,4555,7674,0
sz300085,21551,20768,3115
sz300144,8214,5369,0
sz000027,40073,4869,3001
sz300394,0,1867,0
sz300050,1500,0,0
sz000333,23533,34970,1854
sz000055,21248,14732,0
sh600182,0,0,0
sz000416,0,0,0
sh600757,3575,0,0
sh600707,0,1729,0
sz002045,1843,8960,0
sz002630,1000,2130,0
sh603658,860,0,0
sz300023,0,0,0
sz002758,0,1680,0
sz300262,1354,0,0
sh600071,0,0,0
sz002760,0,1643,0
sz000617,0,0,0
sh603313,0,0,0
sh603186,0,0,0
sh600210,2830,30988,0
sh600236,15605,3000,0
sz300720,0,0,0
sh603380,0,0,0
sh600095,0,0,0
sz000626,0,927,0
sz300558,809,648,0
sh603856,0,0,0
sz002877,0,0,0
sz000678,0,2544,0
sh600894,1650,0,0
sh603607,0,0,0
sz000410,77275,103537,4735
sh600616,0,0,0
sz000528,8702,13586,0
sz002484,0,0,0
sz000514,0,2118,0
sz300622,0,0,0
sz002167,1465,4503,0
sz000525,10007,7185,0
sz300484,0,0,0
sz300636,0,0,0
sz002657,0,750,0
sz002819,0,0,0
sh600578,0,0,0
sh600612,0,229,0
sz002176,38773,81417,1508
sz002114,4439,1706,0
sz300114,0,0,0
sz300474,5033,2312,351
sz002482,0,3493,0
sz002759,0,0,0
sz002136,0,3172,0
sh600719,0,0,0
sz300063,2815,2581,0
sh601908,0,0,0
sh600583,5250,3434,0
sh601398,1755655,1554785,17432
sz000546,0,0,0
sh603238,0,0,0
sz300357,211,0,0
sh603986,30876,24320,3536
sz002766,4732,0,0
sh603197,0,0,0
sz000068,0,0,0
sz300193,0,3087,0
sh600336,0,2519,0
sh603268,0,0,0
sz002742,12346,2045,0
sz000665,1054,0,0
sz000048,0,0,0
sz002273,9871,6018,0
sz300209,0,0,0
sh603990,0,0,0
sh603825,0,599,688
sz300180,0,0,0
sh600838,1318,5988,0
sz300230,1984,2449,0
sz000783,8395,3266,0
sz000519,6147,3513,0
sz002133,0,0,0
sz300573,0,0,0
sh603698,0,0,0
sh600371,0,0,0
sz002230,185126,130693,18019
sh603077,37950,6399,0
sz000692,0,2553,0
sh600284,2156,0,0
sz002343,11564,2308,0
sh603616,36041,40190,7137
sh600101,0,0,0
sz002479,7112,3219,0
sz002605,0,0,0
sz300029,0,1290,0
sh600781,0,0,0
sh600999,11244,8961,0
sz300477,0,27863,0
sz002548,0,0,0
sh603859,0,0,0
sz002654,0,0,0
sz300332,0,0,0
sz002348,0,0,0
sh600496,3371,0,0
sh600647,0,0,0
sz300161,1455,1502,0
sz300129,0,0,0
sz002494,9661,0,0
sz000750,16261,7891,0
sz000158,1296,14172,0
sz300560,424,0,0
sh603722,0,0,0
sz300261,0,0,0
sz002774,0,0,0
sz300035,0,0,0
sh600881,0,4805,0
sz300206,0,0,0
sz002392,2259,0,0
sh600638,0,0,0
sz300563,0,0,0
sh603399,0,736,0
sz300249,0,0,0
sh600058,0,0,0
sh600723,0,0,0
sh600693,0,0,0
sz002439,17132,15059,534
sh600535,5936,1257,0
sz000987,993,5847,0
sz002911,422,0,0
sz002752,0,0,0
sh600369,13049,10100,0
sz002405,174234,124879,14949
sz002021,3489,0,0
sh600532,2749,3220,0
sz002327,906,3381,0
sz002789,312,0,0
sz300478,0,0,0
sz300492,617,300,0
sh600033,6328,2830,0
sz000059,10697,16188,0
sh600315,8502,358,0
sz002779,0,0,0
sh600787,3220,6182,0
sh603833,258,0,0
sh603976,0,0,0
sz300420,0,0,0
sz300402,0,0,0
sh600769,0,0,0
sz000597,1079,0,0
sz002154,0,0,0
sz300575,0,0,0
sz300322,0,1403,0
sh600839,73272,24818,0
sh603959,0,0,0
sz002362,0,2904,0
sh601086,35063,4592,0
sz002134,0,0,0
sz002473,0,0,0
sz300354,0,1700,0
sz000690,2500,6028,0
sz000822,2455,0,0
sh600258,6329,428,0
sz002716,0,0,0
sz002182,3922,3110,0
sh600585,59345,77557,1498
sz002406,0,0,0
sz002618,1950,0,0
sz002188,0,0,0
sz002579,0,0,0
sh600462,0,0,0
sz002485,0,0,0
sh600523,0,0,0
sh600537,0,0,0
sz002635,10031,13308,516
sz300227,0,0,0
sz002297,0,1778,0
sz000619,0,0,0
sz002338,0,0,0
sz002377,0,0,0
sz300077,1465,11095,0
sh600078,0,0,0
sz002420,0,0,0
sz000705,0,0,0
sz002614,0,462,0
sh601107,0,0,0
sz000960,99437,47572,6178
sz000712,15474,59473,0
sz002833,486,189,0
sz300518,0,0,0
sh600428,2000,2000,0
sz300553,0,0,0
sh600097,0,0,0
sz002035,2558,6062,0
sz000155,29495,17566,0
sz002245,5810,16981,0
sz002597,2792,9020,0
sh603528,0,0,0
sz002132,0,0,0
sz002516,17216,0,0
sz300540,0,0,0
sz000799,5187,2701,0
sz002063,3945,14940,0
sz300388,0,487,0
sz000869,2205,0,0
sh603806,0,0,0
sz002550,7288,4521,0
sz002638,2346,11994,0
sh600385,0,0,0
sh601727,5792,4549,0
sz300660,0,0,0
sh600814,0,0,0
sh601801,1058,27732,0
sz000876,5804,11611,0
sz000970,37851,51980,0
sh600820,1363,0,0
sh600643,12919,9415,0
sh601218,0,0,0
sh600175,0,2528,0
sh600797,13721,25931,1425
sz300016,930,0,0
sh603360,0,0,0
sz002563,4163,4065,0
sz300641,0,0,0
sh603386,1356,0,0
sh600276,15549,9666,955
sh603567,754,0,0
sh600130,17515,11923,0
sh600125,6239,14331,0
sz300273,15707,11450,0
sz002190,1446,1108,0
sz002869,0,0,0
sz300637,0,0,0
sh600115,66156,51688,0
sz000586,0,0,0
sh600267,10927,0,0
sh603266,0,0,0
sz000776,42066,50063,670
sz300615,0,0,0
sh601002,3887,2704,0
sz002807,1993,3030,0
sz300609,0,855,0
sz000966,0,3330,0
sh600636,0,0,0
sh603126,0,1269,0
sz000404,15502,27494,0
sh600225,2399,0,0
sh600488,0,0,0
sz002859,0,403,0
sz002718,0,0,0
sh603036,0,0,0
sz002077,0,0,0
sz002196,0,0,0
sz002175,2060,1334,0
sh600844,0,2766,0
sh603799,79994,97364,18822
sh600737,0,0,0
sh600992,0,0,0
sh603019,70281,81237,12471
sz002582,0,1008,0
sh603899,810,0,0
sz002457,7054,1948,0
sz300098,4933,4554,930
sz002070,0,3048,0
sh601991,17728,0,0
sh600592,3500,3543,0
sz002841,225,156,0
sz002723,0,0,0
sz000510,0,0,0
sz300487,20060,11265,2595
sh603896,607,556,0
sh603499,0,780,0
sh601857,58780,62913,0
sz002235,11344,4427,1703
sh600579,22511,42954,0
sh600303,0,0,0
sz002010,0,0,0
sz000423,2264,1733,0
sz300068,5613,0,0
sh603660,0,383,0
sh603113,0,0,0
sz000913,610,0,0
sz000931,2454,5148,0
sz300046,0,0,0
sh600667,21333,8289,0
sz000671,125727,115846,19140
sz300442,0,0,0
sz000551,0,0,0
sz002547,71697,104588,2862
sh600123,9297,4726,0
sz300058,48307,80458,0
sz000639,0,0,0
sz002428,9109,3060,0
sh600503,0,2086,0
sz002002,0,2884,0
sz300733,2047,0,0
sz002234,897,5735,0
sh600172,7777,37082,0
sh603767,0,0,0
sz002499,0,0,0
sz002459,0,0,0
sz002215,4005,0,0
sz300005,2197,0,0
sh603985,0,0,0
sh603368,607,0,0
sz002365,3326,0,0
sz001896,0,2385,0
sz002124,1518,0,0
sh600605,0,2462,0
sh600859,2252,525,0
sh600054,1013,9983,0
sh600016,121302,88523,0
sz000777,873,0,0
sh600969,0,0,0
sz002324,5000,0,0
sz300362,0,0,0
sz002730,1347,0,0
sz002901,2104,319,0
sz300257,5623,596,0
sz300335,0,0,0
sz002006,0,1600,0
sh600137,0,0,0
sz300396,0,0,0
sz002872,0,0,0
sz002165,0,0,0
sz002216,0,0,0
sz002207,0,0,0
sh600640,0,0,0
sh600156,0,0,0
sz000735,23280,35744,0
sh600077,0,0,0
sh600466,51153,30641,1029
sh600686,2900,1827,0
sh600501,0,0,0
sh603156,2310,3388,421
sh603081,1007,0,0
sh600519,18588,24385,4004
sh600469,0,0,0
sh603043,758,0,0
sh600260,19553,17613,1551
sz002062,0,0,0
sz300330,0,0,0
sh600118,3850,3161,0
sz002416,0,1847,0
sz300591,0,0,0
sh603012,0,0,0
sz300363,0,1306,0
sz300223,2094,836,0
sz002368,1537,6063,0
sh600223,7339,0,0
sz002204,0,0,0
sz300602,0,0,0
sh600151,7370,0,0
sh601233,11918,11537,719
sh603826,906,733,0
sz002418,1524,1112,0
sz000975,0,2501,0
sh600476,984,0,0
sh603601,0,0,0
sz300375,0,0,0
sz002828,0,0,0
sh603787,1031,0,1041
sh600543,0,0,0
sh603101,0,0,0
sh603611,0,0,0
sh600730,0,0,0
sz002623,0,0,0
sz002483,0,0,0
sz002270,0,0,0
sz300539,0,0,0
sz000887,6097,0,0
sh600030,580165,534901,14383
sh603108,2937,2442,0
sz002892,348,601,0
sz300713,0,0,0
sz300649,5168,8150,0
sz002397,0,0,0
sz002815,0,913,0
sz000800,2563,3504,0
sh600997,0,12286,0
sh600559,0,0,0
sh603577,0,0,0
sz000593,0,0,0
sz002620,0,0,0
sz002214,0,0,0
sh603669,0,0,0
sz000301,0,7854,0
sz002632,0,0,0
sh603131,0,0,0
sz000760,0,0,0
sz300305,0,8029,0
sz002928,0,0,0
sh600211,303,401,0
sh603903,0,0,0
sz002137,0,5281,0
sz002444,0,4152,0
sh600822,5284,3004,0
sz002268,16684,9048,1282
sz000065,1753,0,0
sh600825,2856,0,0
sz002534,1227,0,0
sh600113,0,2440,0
sh600630,0,0,0
sz300486,0,0,0
sz002211,0,0,0
sz300333,3000,0,0
sh600617,0,0,0
sh603035,0,0,0
sz000682,0,0,0
sh600729,1711,7544,0
sz300643,0,0,0
sh600318,0,1172,0
sh603378,0,0,1017
sz002261,1505,0,0
sh603305,0,332,0
sz000957,1513,0,0
sz002587,0,0,0
sh600747,0,5072,0
sz300164,0,0,0
sz300548,0,0,0
sz300171,0,0,0
sh600728,681672,393770,66623
sh601949,1649,0,0
sh600576,2778,0,0
sz002156,10414,11673,0
sh600699,12533,9113,0
sh601099,171437,174894,0
sh601038,1852,0,0
sz002740,0,0,0
sh600713,3693,0,0
sz300033,4178,5038,0
sz300715,830,0,0
sz002425,5526,5000,0
sh600608,0,0,0
sh603912,1404,0,0
sh600478,0,0,0
sh600482,4088,6608,0
sh601229,21320,25759,0
sz000979,100682,151927,0
sz002282,0,0,0
sz300727,8788,9614,367
sh603797,0,0,0
sh600641,3622,8551,0
sh603997,0,0,0
sz002908,2986,1108,0
sh600383,124193,84912,0
sh600237,2684,3062,0
sz000407,0,0,0
sz002304,3867,7045,441
sz000422,20917,38879,0
sh600710,0,0,0
sh600327,0,0,0
sz002239,0,0,0
sh603707,0,1336,0
sz000543,9909,0,0
sz300371,0,0,0
sh600319,0,1444,0
sh600104,15722,12499,3327
sz300299,13073,107101,0
sh603026,0,0,0
sh603655,0,1055,0
sz300675,3186,2169,409
sz300406,2477,0,624
sz300007,1941,1595,0
sh600696,0,0,0
sh600285,1368,7314,0
sh600872,5960,2359,0
sh600795,31365,44651,0
sz300686,0,997,0
sz300228,5388,1651,0
sh600438,9769,7889,0
sz002629,0,0,0
sh600529,3281,0,0
sz002601,16268,34436,0
sz300534,0,0,0
sh603355,0,0,0
sz002130,4214,0,0
sz300352,19674,14881,0
sz300730,665,303,0
sh603516,5181,3327,827
sz002492,0,0,0
sz300589,0,0,0
sh603059,0,875,0
sz300588,0,0,0
sz002832,0,0,0
sz300222,24389,7704,2421
sz000657,0,880,0
sz002246,3171,1000,0
sh600050,504358,473921,0
sz002015,0,0,0
sz002014,0,0,0
sh603580,0,0,0
sh603966,0,0,0
sh600540,0,0,0
sz300051,0,6421,0
sz002728,0,0,0
sz000590,0,0,0
sz300508,0,179,0
sz002569,524,0,0
sz300592,0,0,0
sz002326,0,4536,0
sz300522,0,0,0
sh600973,3585,0,0
sz002291,0,3000,0
sz002275,0,0,0
sz002861,0,0,0
sz002032,0,0,0
sh601258,70785,7086,0
sz300453,0,0,0
sh600419,0,0,0
sz002566,0,0,0
sz000880,0,1656,0
sh600644,0,0,0
sh600252,30050,5368,0
sz300302,2060,3569,0
sz000981,0,2000,0
sh603179,0,0,0
sz002201,0,0,0
sz002097,0,0,0
sz300631,0,0,0
sz000596,2615,877,0
sz002634,0,0,0
sz000488,41984,19320,0
sz300304,0,2326,0
sz300150,0,0,0
sh601231,13718,2620,0
sz002771,0,0,0
sz300131,0,0,0
sz000524,0,0,0
sh601015,0,1193,0
sz002393,366,0,0
sz000848,2498,3986,0
sh600387,0,0,0
sh600687,0,0,0
sh600036,100478,175891,4193
sz000550,1711,1390,0
sh600560,1000,0,0
sz300652,0,0,0
sh601866,0,10601,0
sh603768,0,0,0
sh600792,0,0,0
sh600326,4932,3203,0
sz000899,0,0,0
sh600208,86101,52958,0
sz000605,0,0,0
sz300623,923,278,0
sh600885,839,366,0
sz000952,901,0,0
sh603685,0,0,0
sz002052,0,2300,0
sz000651,90739,104791,7574
sz300263,1749,0,0
sh600531,12136,15518,0
sz002645,2077,1687,0
sh603588,0,0,0
sh600350,1718,7799,0
sz002169,0,0,0
sz002171,14478,2634,0
sh600271,14161,13897,1365
sz300376,0,5450,0
sh603299,0,0,0
sz300182,21232,16760,0
sz002086,65422,1318,0
sh600725,0,0,0
sz300145,0,1002,0
sz002399,685,0,0
sz000661,3712,1022,0
sz002554,0,0,0
sz002615,0,0,0
sz300398,1480,1724,0
sh603000,1173,18830,0
sz300194,2921,0,0
sz002228,3028,0,0
sz002090,0,0,0
sh603369,3833,3286,754
sh603157,711,0,0
sz000977,83061,131103,4488
sh603123,0,0,0
sz300215,1600,0,0
sh603889,4303,2937,0
sz002581,0,717,0
sz002441,0,0,0
sz002311,1635,0,0
sh603040,0,0,0
sz300012,2917,2314,0
sh603058,5016,1746,0
sh600761,0,2130,0
sz002591,0,0,0
sz000789,60859,48722,0
sz002323,0,0,0
sz300204,0,0,0
sz002633,0,0,0
sh601009,60747,101261,0
sz300095,0,0,0
sh603003,0,0,0
sh603936,0,0,0
sh600468,0,0,0
sh600917,0,0,0
sh603208,0,0,0
sh600720,48174,27476,0
sz300393,800,0,0
sh600483,0,0,0
sz002373,8053,10402,0
sz002567,0,4709,0
sz002864,0,400,0
sh600919,49920,57025,0
sz000014,0,0,0
sh601515,0,0,0
sz002383,0,1409,0
sz002785,0,1000,0
sz002093,1195,0,0
sz002387,11898,17098,0
sz300104,254414,248322,0
sz002298,0,1786,0
sz002862,14441,1155,0
sh600703,101378,72229,11177
sz002467,7680,5082,0
sz002140,0,1572,0
sz000609,0,0,0
sh601898,31724,8271,0
sz002812,2070,994,0
sz300152,0,2956,0
sz300025,2720,4207,0
sh603989,0,0,0
sh603808,965,0,0
sz000585,0,0,0
sz002402,62221,38346,4958
sz000826,2354,9408,0
sz002445,10974,4660,0
sz002395,900,0,0
sh603882,0,0,0
sz300127,0,2816,0
sh601137,0,0,0
sz000886,10345,2679,0
sh600975,0,0,0
sz000428,0,0,0
sh603988,2765,5215,0
sh603885,0,0,0
sh600400,0,0,0
sh600741,5100,6702,0
sh603002,0,0,0
sz002320,7856,6122,410
sz002408,29672,10493,0
sz002389,17103,15719,0
sh600262,0,0,0
sh603612,1776,859,0
sh603871,1278,394,0
sh600697,0,0,0
sz300517,0,0,0
sh600712,0,0,0
sz002827,0,0,0
sz000615,3098,4209,0
sz002561,0,1304,0
sz000673,27390,2067,0
sz300140,1880,1025,0
sz000697,1215,0,0
sh603798,0,0,0
sz000610,0,0,0
sh601988,541254,419618,0
sz000903,7203,4932,0
sh601858,0,0,0
sh600575,0,5001,0
sh601008,0,2500,0
sz002382,3790,4208,904
sh600598,14545,8018,2010
sh600882,0,0,0
sz002127,29597,11667,0
sz000680,5549,0,0
sz002453,0,0,0
sz002472,1142,1168,0
sh600249,0,0,0
sh600090,0,0,0
sz300509,0,420,0
sh603999,0,0,0
sh600491,8754,1034,0
sz300569,0,0,0
sh600362,110150,99726,3505
sh600618,2913,0,0
sz300629,0,278,0
sz002203,0,1483,0
sh600183,20476,12522,0
sz300192,0,0,0
sh600178,0,0,0
sz000889,0,3123,0
sz000078,3578,0,0
sz002816,0,0,0
sz300449,0,0,0
sh603661,0,0,0
sz300320,7715,2593,0
sh600235,0,0,0
sz002560,0,0,0
sh600110,11623,33151,0
sz300719,3741,2747,0
sz300162,4107,46288,0
sz002221,856,7762,0
sh601929,17740,9175,0
sh600851,5494,0,0
sz300183,4916,2025,0
sz002500,26749,22748,2090
sz300439,0,0,0
sz300512,0,0,0
sz300342,0,0,0
sh600812,0,0,0
sh600493,1510,0,0
sh603579,0,0,0
sh603727,0,0,0
sh601766,131308,69000,1180
sz000677,3300,0,0
sz300677,870,2036,131
sz002568,739,0,0
sz002217,39063,49384,0
sh600160,104566,100642,12893
sz300493,0,0,0
sz000517,149783,67157,14067
sh600746,0,0,0
sz002724,0,0,0
sz300403,0,0,0
sz002471,0,0,0
sz002475,24277,18056,0
sh600817,0,0,0
sz000413,83518,64773,0
sh600405,0,0,0
sh603377,0,0,0
sz000731,0,0,0
sz002803,0,0,0
sz300391,0,0,0
sh600206,11383,12827,0
sh603356,0,1430,0
sh603900,0,0,0
sh600107,0,2147,0
sz002465,22943,8978,0
sz002488,0,2250,0
sh600063,0,0,0
sh600288,3346,1300,0
sh600247,0,1479,0
sz300053,6264,10273,0
sz000565,0,0,0
sh603001,0,0,0
sz000060,66310,67327,0
sh601877,3504,3367,0
sz002529,2002,0,0
sh603303,0,0,0
sz002631,0,0,0
sz000545,2820,5476,0
sz000988,0,1438,0
sh603017,0,0,0
sz000910,4006,992,0
sz300699,6451,4689,0
sz300011,0,0,0
sh600589,14832,0,0
sh600177,0,2232,0
sh600858,0,0,0
sz002370,0,0,0
sh601186,36964,17035,0
sh601388,82812,49581,0
sh600072,8241,1105,0
sh600075,0,0,0
sh600563,1113,1481,0
sz002247,0,0,0
sz002359,5830,14179,605
sz002866,0,0,0
sh600068,185764,195778,0
sh600513,0,0,0
sh600053,0,0,0
sh600522,112341,63427,0
sz001696,0,0,0
sh603458,356,388,0
sz002715,0,591,0
sz300681,0,0,0
sz300672,971,0,0
sh601163,0,0,0
sz002697,2079,3000,0
sz002813,0,752,0
sz002555,15088,11431,512
sz300655,0,0,0
sh600888,3710,0,0
sz002194,10911,1475,0
sh601788,7799,4715,0
sh600056,19534,8686,0
sh603226,0,0,0
sz002335,0,0,0
sh603595,1876,1633,346
sz002361,0,0,0
sz002782,0,0,0
sh600335,8507,9515,0
sh603106,0,0,0
sz002059,0,0,0
sz002526,0,0,0
sh600197,0,5113,0
sz300168,37595,55044,2017
sz300283,0,0,0
sh600727,0,0,0
sz000601,0,0,0
sz002850,214,249,0
sz002181,0,0,0
sh600128,0,0,0
sh603258,0,0,0
sz002240,54977,23828,826
sz000809,3323,0,0
sh603139,0,0,0
sz000972,0,0,0
sh603757,190,0,0
sh600180,0,0,0
sh601000,12203,10301,0
sh601069,2673,2196,0
sz300648,0,186,0
sh600188,52855,38038,1013
sz300567,631,0,0
sh600586,0,2989,0
sz002780,0,0,0
sz300741,10390,8730,1791
sh600265,0,0,0
sh600141,7708,1218,0
sh601985,5381,9443,0
sz002060,0,0,0
sh603037,0,0,0
sz002514,1886,0,0
sz000971,1018,1092,0
sh600025,150012,44752,0
sz002557,0,0,0
sz000650,0,3000,0
sz002729,0,0,0
sh600649,10664,0,0
sh600588,115925,140665,17132
sz300711,0,446,0
sz300726,806,529,0
sz002559,0,0,0
sz300310,2114,0,0
sh601966,0,5564,0
sh601838,132910,94776,2545
sz300644,1044,852,0
sh603908,0,0,0
sz000802,0,1205,0
sz000898,41099,25289,0
sh603227,0,0,0
sz000530,2807,0,0
sh600678,0,0,0
sz300096,0,2742,0
sh600708,12579,0,0
sz300368,4764,0,0
sh603007,0,0,0
sz000736,2689,0,0
sz002669,500,0,0
sh603901,0,3951,0
sz300028,0,0,0
sz002666,0,0,0
sz002318,1900,0,0
sh603308,0,0,0
sz000691,5692,21823,0
sz000850,0,2726,0
sz300083,25948,66906,1369
sh603555,7120,5356,0
sz002640,4856,11128,0
sh601318,228594,223052,23051
sh600004,2159,6302,0
sz002714,9286,13656,0
sh600884,20311,29157,0
sz002193,4457,2353,940
sh601117,5910,3369,0
sh600655,1323,0,0
sh600694,0,0,0
sz002476,0,0,0
sz002736,14720,4501,0
sh603922,0,0,0
sz002613,4352,0,0
sz300708,4243,5252,1443
sh600508,0,0,0
sh601918,24363,0,0
sh603359,365,655,0
sh601811,0,0,0
sh600243,0,0,0
sz002611,0,0,0
sz000042,0,0,0
sh603828,0,0,0
sz002009,954,0,0
sz300175,0,0,0
sz002031,7400,9785,0
sh600651,0,1510,0
sh603569,0,0,0
sz300456,860,400,0
sz000595,0,0,0
sz002339,0,0,0
sz002209,0,0,0
sz300386,0,2955,0
sz002018,41295,58544,0
sh603566,0,0,0
sh603167,1181,0,0
sh600467,4144,0,0
sz300470,0,0,0
sz002871,0,0,0
sh600093,10947,17573,764
sz000584,0,0,0
sz000667,0,0,0
sh601579,0,0,0
sz002510,5000,8391,0
sz002363,0,0,0
sz002026,0,0,0
sz300426,3635,1216,0
sz300533,0,0,0
sz300496,3774,4064,532
sz002139,11266,3436,0
sz002177,2235,12001,0
sz300621,0,0,0
sz002421,2293,0,0
sz000401,173779,84326,12903
sz300111,0,0,0
sz300008,3050,1789,0
sz002852,0,0,0
sz002448,0,0,0
sz002590,0,0,0
sh603183,0,0,0
sz002049,73890,94197,10933
sz000918,6904,13307,0
sh601965,0,0,0
sh600452,1000,0,0
sz002102,222474,200587,0
sh600865,0,0,0
sz002145,0,2170,0
sh600275,3022,0,0
sz300438,0,0,0
sz300191,0,0,0
sz000599,0,14542,0
sh601166,193495,293557,5579
sh603991,0,0,0
sh600848,0,586,0
sz300233,0,0,0
sz300740,30534,24022,5678
sh603618,0,0,0
sz002831,0,0,0
sz300130,0,1907,0
sz002860,0,0,0
sz300010,3187,2321,0
sz300048,0,0,0
sz002159,0,0,0
sh600396,0,0,0
sh600340,84244,56037,4325
sz002702,0,13712,0
sh600895,6437,10871,0
sz002919,0,368,0
sh603326,0,0,0
sz002750,0,0,0
sh603363,3987,3140,0
sh601519,3500,4057,0
sz002688,0,0,0
sh600291,29913,16091,5338
sh600701,16759,11774,0
sz002036,9566,6555,1035
sz002394,0,0,0
sh601800,9252,4115,0
sh600874,14821,10805,0
sz300187,0,0,0
sh600376,0,0,0
sz300683,0,0,0
sz300210,0,0,0
sz002288,1940,5015,0
sh603633,0,0,0
sh600191,3027,0,0
sz002652,0,0,0
sz002887,0,150,0
sh600292,0,0,0
sh600073,0,0,0
sh603100,0,0,0
sz002687,0,0,0
sz300452,0,0,0
sh600007,0,0,0
sz000503,18490,32524,2520
sh600219,200498,76362,0
sz002508,22063,30206,277
sh603159,0,0,0
sh600977,6747,16403,0
sz000637,0,0,0
sz002183,1505,18601,0
sz300690,0,0,0
sz300254,0,1827,0
sh600755,31289,13563,0
sz300482,0,0,0
sh600528,4358,3970,0
sz000400,1200,6102,0
sz002272,0,2161,0
sz000717,37666,85952,0
sh603676,1026,0,0
sz000570,0,0,0
sh600500,1349,1922,0
sz002285,36196,30224,0
sh600379,0,0,0
sh600216,50557,28106,2103
sz002105,0,0,0
sh600533,0,0,0
sz002354,7609,15903,0
sz300430,0,0,0
sz002772,0,1057,0
sz000959,0,0,0
sh600566,2788,3544,0
sz300044,6792,15691,0
sh603638,580,0,0
sz000829,1131,15181,0
sh600022,128989,29894,0
sz002417,0,0,0
sh600898,0,1000,0
sz000544,0,0,0
sz300288,2470,2714,677
sz002829,0,600,0
sz300530,0,0,0
sz002088,0,0,0
sh603396,0,0,0
sz300697,3477,1082,0
sz000985,0,0,0
sz000961,21431,34355,0
sh600815,0,0,0
sz002007,26533,6615,1003
sh600853,0,0,0
sz300610,0,0,0
sh600420,1300,0,0
sh603906,0,0,0
sh603111,871,0,0
sh601019,1712,983,0
sh600094,0,0,0
sh601155,49780,37451,4062
sz002706,0,0,0
sz002281,27367,28620,0
sz300619,0,0,0
sh603758,0,0,0
sz300316,44475,41307,3663
sh600622,682,804,0
sh603689,0,0,0
sz000751,5152,5503,0
sh600057,0,0,0
sz002178,3989,18998,0
sz300410,2669,600,0
sz300135,3077,13598,0
sh601225,148140,154230,1222
sz002907,2011,3124,0
sh601127,566,0,0
sz002763,0,0,0
sz002848,0,0,0
sh600890,2023,0,0
sz002313,4571,1333,0
sh603337,0,0,0
sh603680,2574,2608,214
sz300271,8386,6223,0
sh600282,312406,127880,0
sz002536,0,0,0
sz300360,1125,33796,0
sz000017,0,0,0
sz300657,0,0,0
sz300605,0,0,0
sz300604,857,386,0
sz000893,4830,2019,0
sh603223,0,0,0
sz300045,0,0,0
sh603788,0,0,0
sh603926,0,0,0
sz002055,700,591,0
sh600821,0,0,0
sz000049,1558,600,0
sz300514,0,337,0
sz002512,876,0,0
sh600418,7895,11497,0
sh600868,267605,310649,2447
sz002544,1439,0,0
sz002242,0,0,0
sz000937,29582,7225,0
sz300174,0,0,0
sz000936,8958,27541,5339
sh601012,26830,17076,3614
sz300503,0,1646,0
sz300545,0,0,0
sh601919,21724,42230,0
sh600119,3462,2931,0
sz002431,0,0,0
sz000728,11588,3767,0
sh603737,0,886,0
sz300100,838,0,0
sz002020,3046,4087,0
sh603321,0,10336,0
sh601238,0,0,0
sh600536,3525,8942,0
sz000016,28436,15749,0
sz002511,0,1423,0
sz300603,1272,778,0
sh600397,0,0,0
sh600561,1500,3303,0
sz002053,0,0,0
sz300639,545,0,0
sz300599,0,1070,0
sz300450,279,971,256
sh600742,1920,0,0
sh600717,7974,4532,0
sz000070,1332,0,0
sz300380,0,0,0
sh600850,0,983,0
sz002407,1148,3181,0
sh601818,369974,218811,0
sh600580,3159,0,0
sh600242,2371,0,0
sz300055,1408,727,0
sz000695,0,0,0
sh601567,1212,0,0
sh600538,0,0,0
sz002637,1554,0,0
sz002496,9452,6012,0
sh603096,142,214,0
sh600776,4927,0,0
sz300069,1468,0,0
sz300170,22679,60261,1929
sh600310,0,0,0
sh600064,0,0,0
sz300275,0,1246,0
sh601188,0,0,0
sh601952,8441,3534,0
sh600648,1404,625,0
sz002001,87495,56543,4201
sz000955,31498,0,0
sz300327,1262,1540,0
sh601969,0,0,0
sh600768,0,869,0
sh600509,0,0,0
sz300688,7512,18641,548
sz002024,60957,38651,0
sz000571,0,0,0
sh601339,0,0,0
sh603708,7041,5777,0
sz002539,0,0,0
sz002513,0,0,0
sh603196,0,0,0
sz000069,99636,145231,0
sz300502,997,1787,0
sz000868,1900,15480,0
sz002042,0,0,0
sz002576,0,0,0
sh600552,0,1439,0
sz000620,0,0,0
sh600008,62709,25652,0
sh603730,0,0,0
sz002757,0,491,0
sz300498,7728,5002,0
sh600603,0,0,0
sz000831,5276,2985,0
sz000568,9529,8114,263
sz002360,0,0,0
sz000801,0,0,0
sz300365,766,793,0
sh600193,0,0,0
sh600209,6254,9763,1148
sz002596,8434,17170,0
sh600993,3728,2124,0
sz002680,67033,61401,0
sh600963,0,4012,0
sh603668,6803,2929,1266
sh601116,4627,5458,0
sh603589,264,0,0
sz300710,0,0,0
sh600352,236018,148911,3203
sz002741,1437,0,0
sz002663,0,0,0
sz002565,5915,2170,0
sz002826,0,0,0
sz300074,1868,1692,0
sh600026,4833,0,0
sh600854,0,0,0
sz002487,0,0,0
sh600824,0,0,0
sh603686,0,0,0
sz300577,0,0,0
sz002166,0,0,0
sh600231,26896,10247,0
sz000815,1004,910,0
sz002773,1682,1873,0
sh600479,4427,823,0
sz002806,0,0,0
sh603008,0,700,0
sh603188,0,0,0
sz002707,2017,6742,0
sh603010,951,1456,0
sh600129,1705,808,0
sh601888,28752,10030,743
sz300664,587,8468,801
sz002349,0,0,0
sh600229,0,0,0
sz300264,0,2000,0
sz300551,0,0,0
sz002186,0,0,0
sh603556,0,0,0
sz300387,0,0,0
sz300167,2982,0,0
sz002595,0,0,0
sz002733,5797,8986,2651
sh600674,0,5359,0
sz000922,0,0,0
sh600458,0,0,0
sh600060,9099,3449,0
sz300693,352,0,0
sh600305,0,0,0
sz002099,0,0,0
sz000901,1483,2120,0
sz002753,0,0,0
sh600764,7394,5195,0
sz300282,0,0,0
sh600676,0,1889,0
sh600829,0,0,0
sz000498,0,0,0
sh601333,23692,22260,0
sz300497,0,224,0
sh600657,3774,1969,0
sz300679,575,139,0
sz000625,7081,3167,0
sh603636,0,0,0
sh600293,3494,0,0
sz300446,0,500,0
sz000686,8274,3572,0
sz000883,8877,14549,0
sz002078,21157,43001,0
sz000833,0,0,0
sz002747,0,2014,0
sh600650,734,0,0
sz300434,0,0,0
sh603766,19383,6719,0
sh600704,1663,1937,0
sz300163,0,0,0
sh600845,3380,16033,0
sz002443,1235,1241,0
sz002553,0,0,0
sz300647,0,0,0
sz002776,0,1378,0
sz300374,0,0,0
sz002332,4847,0,0
sh600660,4532,2043,0
sz300432,0,0,0
sz300559,0,0,0
sz300269,0,0,0
sh600959,0,7127,0
sh600328,1297,1475,0
sz300229,2062,0,0
sz300698,496,0,0
sz002073,3210,8961,0
sz300076,0,0,0
sz002118,17223,2882,2764
sz002030,1107,0,0
sz300258,0,0,0
sh603020,0,0,0
sh603050,0,0,0
sz002160,16235,52945,0
sz000897,19072,0,0
sz002890,0,0,0
sh600805,0,0,0
sz300542,346,0,430
sz002170,0,2752,0
sz002433,0,0,0
sz300461,0,977,0
sh600517,0,0,0
sz002897,1130,0,0
sz300440,0,0,0
sh600246,0,0,0
sh603496,0,0,0
sz300451,10986,13750,1731
sz002011,3680,0,0
sh603260,7704,4098,0
sz300445,0,0,0
sz000921,1457,0,0
sz002682,0,0,0
sz002353,2386,3543,0
sh600599,0,0,0
sh600266,3071,4161,0
sz000825,625461,375133,8585
sz300024,11124,13000,599
sh603609,0,0,0
sz300118,0,0,0
sz002336,1492,911,0
sz002644,1500,3236,0
sz001965,16474,3126,0
sz002454,6948,5339,857
sh601360,20563,31301,5688
sz002624,2765,2000,0
sh603466,3066,2327,481
sz002543,0,0,0
sz000733,8791,1221,0
sz300600,0,250,0
sh600323,0,957,0
sh600184,0,0,0
sh603628,0,0,0
sh600783,2850,6217,0
sh603838,0,0,0
sz300242,0,0,0
sh603166,0,0,0
sz002410,7787,4254,840
sz300415,0,0,0
sz000927,0,0,0
sh603969,3378,2838,0
sz000838,3044,0,0
sh600774,0,0,0
sz002552,0,0,0
sz300052,11247,10580,2830
sz300511,0,0,0
sh601101,15365,4332,0
sz002227,0,0,0
sh603801,0,0,0
sz002677,0,663,0
sz000040,3111,1363,0
sh601168,35985,16817,0
sh603917,0,0,0
sh600108,13133,0,0
sz002461,0,0,0
sh600875,5847,8683,0
sz002556,16422,1894,0
sz002802,0,0,0
sh603178,0,0,0
sz002571,0,0,0
sz300158,1571,0,0
sh600526,1303,0,0
sh601900,0,0,0
sh603278,0,0,0
sz300047,2662,4793,0
sz002501,8850,3173,0
sh600998,1350,0,0
sz002294,15633,1676,0
sz002600,116747,73785,2787
sz002876,720,169,188
sz300651,0,0,0
sz000798,0,0,0
sh600461,0,0,0
sz002092,79441,101679,1789
sz000803,0,0,0
sz300390,9771,51621,0
sh600220,8748,0,0
sz002056,4181,2465,0
sz300666,10185,8762,2188
sh603605,0,0,0
sh601100,422,326,0
sz000963,5622,2419,0
sh603103,14674,4605,1830
sh601375,36152,9192,0
sz300094,4110,1538,0
sh600269,17425,7032,0
sz300373,5223,2705,0
sz000090,6994,1005,0
sh600926,3820,12957,0
sh600330,3020,7486,0
sz002598,0,0,0
sh600166,24389,34111,0
sh600202,0,2000,0
sz002104,15107,9425,0
sz000659,0,0,0
sz000700,2000,0,0
sz002585,0,0,0
sh600138,5141,3263,0
sz000418,590,906,0
sz300020,1620,4235,0
sh600088,0,810,0
sz002236,31275,44531,1353
sz002048,4883,4911,0
sz300037,564,496,0
sh600096,0,0,0
sh600570,67189,53806,9039
sz300039,0,0,0
sh603648,7224,1689,0
sz002283,0,0,0
sh603877,1407,0,0
sz002796,0,0,0
sh600654,0,0,0
sz300515,0,0,0
sz002709,996,2654,0
sh600601,11748,26528,0
sz002142,7036,5515,0
sh603200,0,0,0
sz300516,0,0,0
sh600074,9754,4433,0
sh600126,0,0,0
sz300075,2436,3921,0
sz300684,2556,2697,271
sz000737,0,0,0
sz300691,374,502,0
sz000788,0,0,0
sh600200,0,0,0
sz300179,0,0,0
sz002180,400,1937,0
sz300550,0,0,0
sh603683,3028,626,0
sz300359,7058,2476,0
sh600716,3700,0,0
sh603366,0,0,0
sz300234,0,0,0
sz300279,0,0,0
sh600831,0,0,0
sz300736,0,0,0
sh603387,0,0,0
sz002867,1435,2698,0
sz002678,0,0,0
sz300013,6160,787,0
sz000558,11870,0,0
sh600425,0,0,0
sz300308,150,194,0
sh603507,514,0,0
sz300292,0,0,0
sh603929,3755,0,0
sh600590,0,0,0
sh600089,23565,12734,0
sh603536,0,0,0
sz002058,0,0,0
sh600749,0,0,0
sz300465,7696,21452,0
sz002795,1513,850,0
sz300608,0,0,0
sh601369,2263,0,0
sh600355,21997,3988,4004
sh600190,0,0,0
sz300201,0,0,0
sz000520,0,0,0
sz300344,1263,0,0
sh603320,0,0,0
sz300202,3306,0,0
sh600195,1254,1548,0
sh600843,0,0,0
sh603817,0,0,0
sz002673,13905,13553,0
sz002248,0,0,0
sz000888,2706,5052,0
sz002927,0,21464,0
sz300120,0,0,0
sz000061,0,0,0
sz002713,0,1340,0
sz002199,0,0,0
sz300709,0,198,0
sz002727,5407,4978,0
sz000983,54663,26651,0
sh600337,0,0,0
sz300582,0,0,0
sz002071,0,0,0
sz000999,9072,1721,0
sz000821,0,5571,0
sz000779,0,0,0
sz300507,0,0,439
sz002333,0,0,0
sz000581,9802,6776,0
sz300557,0,0,0
sz000795,3930,15309,0
sz002162,0,0,0
sh600967,31951,14692,2028
sh600173,0,0,0
sz002781,0,0,0
sz002419,29013,10223,0
sz300416,500,0,0
sz002436,4425,2000,0
sz300670,0,0,0
sh600635,150424,154107,0
sz002449,9275,3789,1333
sz300535,0,0,0
sh600009,3606,2134,0
sz002152,25742,25168,0
sz002374,0,3966,0
sz000554,2000,1500,0
sz002051,0,0,0
sh603978,1589,1064,0
sz002096,0,0,0
sz002878,1146,260,0
sh600105,0,0,0
sh603225,598,1780,0
sz300463,0,1424,0
sh600791,0,0,0
sz002689,0,0,0
sh600433,45367,2310,0
sz300618,3986,4623,684
sh600908,1407,0,0
sz002923,981,1054,0
sz300556,0,0,0
sz000701,2183,0,0
sz002208,60935,96379,2855
sh603228,1676,845,0
sz002065,29654,37474,0
sz000785,0,0,0
sh600584,80960,67983,4371
sz000949,0,0,0
sh603578,0,0,0
sz002003,0,0,0
sh603656,0,0,0
sh601198,3411,1438,0
sz300459,9693,1398,0
sz000613,1265,0,0
sz000430,0,0,0
sz002255,0,0,0
sh603839,0,0,0
sh600169,0,4764,0
sz002187,0,0,0
sh600251,2307,0,0
sh600754,3321,2542,0
sh600444,0,0,0
sh600690,67110,89033,2692
sh601677,0,1804,0
sz002506,2401,0,0
sz002825,0,0,0
sh601611,4542,1421,0
sz300561,0,0,0
sh600750,424,1248,0
sz300460,0,0,0
sz000933,94510,105620,2973
sz002712,0,0,0
sz300429,0,430,0
sh603041,0,0,0
sh603315,0,0,0
sz002895,2192,1695,0
sh600502,0,0,0
sz002468,1024,0,1023
sh601607,15699,9152,0
sh603090,0,0,0
sz002734,0,0,640
sz002767,0,0,0
sz300353,70814,77526,16496
sh601633,0,900,0
sz300277,5168,12938,1005
sz000529,0,0,0
sz002050,51799,17321,1546
sh600681,0,0,0
sz002079,1332,10448,0
sz300237,0,918,0
sz002341,0,1039,0
sh603928,0,0,0
sz300338,0,0,0
sz002722,450,0,0
sz002749,0,0,0
sh600846,13744,6528,4660
sz002135,0,0,0
sh601226,0,0,0
sz300216,25052,28433,1054
sz000669,0,0,0
sh600248,0,0,0
sz002008,24515,27319,1665
sz002817,0,0,0
sz002651,4684,1560,0
sz002541,0,0,0
sh600901,597608,480758,73218
sz000928,3532,0,0
sh601933,206795,132504,5884
sz300160,0,0,0
sz000965,0,0,0
sh600099,0,0,0
sz002197,1038,0,0
sz000338,22371,27136,0
sz000504,515,0,0
sh603970,920,0,0
sz300265,0,0,0
sh600546,0,5169,0
sz300207,10181,18787,0
sz000860,3986,5379,548
sz000652,2900,0,0
sz300112,0,0,0
sz300607,0,0,0
sh601169,26519,9007,0
sh601688,97811,76196,1275
sh600240,0,1386,0
sz000411,1739,500,0
sh603868,0,0,0
sh601992,183485,167339,9182
sz002792,0,0,0
sz002302,5377,0,0
sz000797,1306,0,0
sz000951,0,686,0
sh601200,0,1025,0
sz002883,0,375,0
sz002840,2439,362,293
sh600116,0,1926,0
sh600692,0,0,0
sz300149,0,0,0
sh603811,0,0,0
sz002250,0,1000,0
sz000980,2457,4438,0
sh601717,10848,3441,0
sz000573,0,0,0
sz002463,0,5799,0
sz002486,0,5748,0
sh600602,1599,2645,0
sz000018,0,6587,0
sz300328,4471,13269,0
sh601106,5000,4026,0
sh603098,0,0,0
sh600375,0,0,0
sh600933,1061,1538,0
sz300731,0,0,0
sh600587,0,795,0
sz002477,7200,11261,0
sz002881,790,749,0
sh603816,484,1415,0
sz300358,0,0,0
sh603968,0,0,0
sh603029,0,0,0
sh603329,4249,1890,766
sz300139,2262,0,0
sh600023,3700,7433,0
sz002266,0,0,0
sz002429,20887,22599,0
sz300601,2053,650,0
sh601007,2218,0,0
sz000856,11841,12400,0
sz002068,2372,1087,0
sz000758,10750,17463,0
sz002698,4451,1808,0
sz300355,20071,44277,1027
sh600796,0,0,0
sh600232,0,0,0
sz002502,0,0,0
sh603809,0,0,0
sh600896,0,0,0
sh600550,1893,0,0
sh603456,0,4384,0
sz002926,303310,142763,6878
sh600498,9464,7822,0
sh600372,12830,2686,0
sh600862,0,1391,0
sh600596,137681,115580,9437
sz002808,0,0,0
sh601212,15024,8183,0
sz300101,799,1229,0
sh603129,0,0,0
sz002028,0,3259,0
sz002811,0,0,0
sz002054,1479,0,0
sz002244,17100,11078,0
sz002899,0,500,0
sh600203,2791,2511,0
sh600448,0,0,0
sh600981,0,0,0
sz300177,0,0,0
sh603938,10680,9790,0
sh600238,0,0,0
sh600879,15507,19365,0
sz002913,0,497,0
sh600234,0,0,0
sz002594,34453,13104,1715
sz300555,0,0,0
sz002621,0,0,0
sz300276,2902,4143,0
sh603306,0,0,0
sh603878,0,0,0
sz300428,0,0,0
sz300136,35123,31140,4433
sh603138,0,1148,350
sz300133,6707,20676,1130
sz002717,3840,510,0
sz002440,39362,29598,478
sh600873,0,0,0
sz000603,4080,1298,0
sh603866,0,0,0
sh603218,0,0,0
sh600018,130108,210451,2136
sz002810,0,0,0
sz002572,1526,3591,0
sz002276,12449,1380,0
sh600333,0,0,0
sh603336,0,0,0
sz002650,38945,60804,2974
sz000402,3528,3248,0
sh600855,0,2236,0
sh603585,0,0,0
sh603818,0,0,0
sz300244,7540,7440,0
sz300345,0,0,0
sh603608,0,0,0
sz300349,0,621,0
sz300543,0,0,0
sh600421,0,0,0
sh600645,1599,6907,1595
sz000906,0,1300,0
sh600398,12733,6477,0
sz000976,0,0,0
sz002351,9672,0,0
sz002768,0,3105,0
sz300255,0,0,0
sh600409,31934,7661,0
sz002835,0,0,0
sh600597,2482,1000,0
sz002013,16981,1321,0
sh601882,0,1831,0
sz002356,562,390,0
sh600724,0,0,0
sh600790,0,0,0
sh600521,7295,1955,0
sh600329,0,0,0
sz300066,0,0,0
sz000420,4066,0,0
sz002012,13680,17796,0
sz002438,0,0,0
sz300671,0,505,0
sh603886,0,0,0
sz300606,0,0,0
sh601799,0,0,0
sz002497,78696,67783,1863
sz002210,803,0,0
sh603848,1338,0,0
sz000559,0,4210,0
sh600299,0,0,0
sz300435,0,4901,1000
sh600983,0,0,0
sh603600,0,0,0
sz300673,0,0,0
sz300093,0,0,0
sz002879,744,0,0
sh601336,29065,14490,2675
sz000632,0,0,0
sz300654,0,0,0
sz300092,0,0,0
sz300596,0,0,0
sh600287,0,0,0
sz000915,1820,3021,0
sz000995,0,0,0
sz002157,4300,2553,0
sz300196,2686,0,0
sz002141,0,0,0
sz002223,46504,41580,1164
sz300630,0,200,0
sh600213,0,0,0
sz002027,39898,24676,755
sz000592,18488,6060,0
sz300121,0,0,0
sh603939,2746,508,0
sh601668,270276,241141,0
sz002896,0,400,0
sz300532,535,416,0
sh603283,1270,2100,0
sz300084,0,0,0
sz000679,0,0,0
sz002342,0,0,0
sh600388,4014,10830,0
sz002564,0,2908,0
sh603323,10120,2537,0
sh601939,473555,674655,13997
sh600760,48662,18215,1416
sz000762,2864,918,0
sz002830,0,0,0
sh600313,6584,19025,0
sz000911,0,0,0
sh600449,1027,940,0
sh603027,0,0,0
sh601111,73708,69772,2664
sh603080,313,1721,0
sz002888,0,0,0
sh600662,4590,0,0
sz300009,12959,14668,455
sz300624,12575,20084,5691
sz002401,12119,24536,0
sz300520,0,1067,0
sz002307,1860,0,0
sz300389,0,0,0
sh601016,0,0,0
sz300528,0,0,0
sh600277,11414,0,0
sz000858,100127,112252,9111
sz300667,0,360,0
sz300272,0,0,0
sz000978,0,0,0
sh600530,0,0,0
sz300491,7841,1134,0
sz300401,713,450,0
sz002756,0,0,0
sz300124,1470,1200,0
sz002039,0,930,0
sz002528,2929,0,0
sz000902,1069,1584,0
sz001979,100499,71938,5235
sh600307,44880,21007,0
sz300739,1721,2256,287
sh600604,0,8455,0
sh601678,88723,41873,0
sh600423,0,4368,0
sh601018,0,3791,0
sh600582,0,0,0
sz000159,0,0,0
sz002731,0,0,0
sz300184,0,2202,0
sz002295,0,0,0
sh600143,1882,0,0
sh603028,0,0,0
sh600525,4805,9393,0
sz002711,1033,5099,0
sh603726,0,0,0
sz002481,12105,2991,0
sz002653,0,0,0
sz300165,0,0,0
sz000709,71159,72235,0
sh600135,0,0,0
sz000670,6154,1770,0
sh600052,0,0,0
sz300645,500,0,0
sh600976,0,0,0
sz002074,1550,650,0
sz002225,0,0,0
sz002432,2654,11327,0
sz300017,107311,113785,8662
sh600637,1400,0,0
sh603869,500,502,0
sh601881,55782,17580,0
sh600828,5496,2953,0
sz002267,0,0,0
sh600131,0,0,0
sz002599,0,0,0
sh600748,0,2300,0
sz000708,0,0,0
sz300315,27537,79616,0
sz300031,1837,0,0
sz300126,0,0,0
sh600410,105216,146320,1774
sz000672,83931,70232,1003
sz000552,25639,9230,0
sz002636,0,0,0
sz000526,374,597,0
sz002352,1588,206,200
sz300481,0,0,0
sz000877,8911,7691,0
sz002172,2371,0,0
sh600422,22820,159669,8444
sh600389,678,0,0
sz300343,4548,8866,0
sz300200,0,0,0
sh600613,0,0,0
sz300303,3915,5951,0
sh600302,0,0,0
sz300395,0,0,0
sh600278,1000,0,0
sz002089,1953,3614,0
sz300190,0,0,0
sh601618,22197,7241,0
sz002456,85600,41583,4324
sz300584,0,377,0
sh600726,0,0,0
sz000761,0,4295,0
sz300737,3654,6740,0
sh603890,1301,0,0
sh600321,3000,0,0
sz002530,0,0,0
sz300014,10499,9135,863
sh603535,734,0,0
sh603015,0,1500,0
sh600505,0,0,0
sh600455,0,0,0
sh601208,0,0,0
sh600217,0,3844,0
sh600039,0,0,0
sh600698,0,0,0
sz000001,290868,218581,5837
sz300729,0,0,0
sh600121,0,0,0
sh600012,0,0,0
sh600680,1925,0,0
sh600743,5853,0,0
sh600403,0,0,0
sz002426,0,7431,0
sz300301,0,0,0
sz000806,0,14216,0
sh600168,0,0,0
sz300291,4717,5029,0
sz002533,0,0,0
sz300002,11099,28973,0
sz002628,0,5922,0
sz000839,21249,26892,0
sh603717,0,521,0
sz000058,4395,0,0
sh603559,17338,8217,313
sh603979,0,0,0
sh600892,0,0,0
sz300030,0,1320,0
sh600380,37958,27912,1123
sz300625,0,0,0
sh600215,0,0,0
sh603025,0,0,0
sh600348,83651,52180,0
sz002409,1547,2114,0
sh600970,21872,7516,1381
sh603339,0,0,0
sh600620,0,0,0
sh601999,0,0,0
sh603365,2050,0,458
sz300526,4281,6108,0
sz300707,0,352,226
sz300735,2033,1840,0
sz002155,0,1331,0
sh603011,0,1234,0
sh600149,0,0,0
sz002668,13639,29424,417
sz002725,0,0,0
sh600201,5429,2859,0
sh603128,4136,1439,0
sh603177,0,0,0
sz002522,2423,1022,0
sh603289,0,0,0
sz002549,8957,4322,0
sz002391,1348,3255,0
sh600801,20193,9373,0
sh601179,2907,0,0
sz000008,0,0,0
sz300650,0,1828,0
sz300243,0,0,0
sz002660,0,1004,0
sh600978,2000,2973,0
sz300583,0,0,0
sz000759,0,2540,0
sz000859,0,0,0
sz002625,0,0,0
sz300471,0,1671,0
sh600971,17772,8528,0
sz002229,12114,19533,0
sh603039,0,0,0
sz300443,0,0,0
sz300117,10120,0,0
sz002737,1915,1807,0
sz000421,0,0,0
sz002340,189972,273675,4212
sh600549,81531,53655,7451
sh600300,0,5377,0
sz300172,2508,0,0
sz002202,20638,12989,0
sz300350,0,0,0
sz300027,43494,36471,0
sh603615,0,0,0
sz300436,0,0,0
sz300041,19647,4073,1003
sh600780,0,0,0
sh603626,474,647,0
sh601890,0,0,0
sh600771,0,2375,0
sz000786,12915,16182,1058
sz000567,1733,690,0
sz300653,0,0,0
sz300289,0,0,0
sz300001,0,0,0
sh601088,71235,55709,2948
sh603879,0,0,0
sz002551,0,0,0
sz300562,2230,8329,0
sz002299,2044,0,0
sh600609,0,0,0
sz000919,0,0,0
sh600984,3500,0,0
sz000702,0,0,0
sz300413,6827,8841,1000
sz002505,0,0,0
sz000878,12885,8511,0
sz002469,0,0,0
sz002786,0,0,0
sh601211,23262,26333,0
sh603919,0,0,0
sz300642,0,243,0
sh600507,95181,82298,5142
sz002043,24935,7307,0
sh603506,728,362,0
sh601600,2617417,2125452,58501
sz002659,0,1080,0
sh603980,583,521,0
sz300473,0,333,0
sh600837,70407,37816,0
sz300423,0,0,0
sz000811,1560,0,0
sh600159,0,4155,0
sz002873,0,0,0
sh600826,0,817,0
sh601128,2745,3718,0
sz000816,83179,93011,0
sz000668,0,0,0
sz000088,6713,0,0
sh603086,0,0,0
sh600766,0,0,0
sz002909,746,0,0
sz002746,0,751,0
sh600295,13948,4376,0
sz000598,0,2023,0
sh603712,0,0,0
sz300221,1850,693,0
sz000539,0,0,0
sh600558,0,2494,0
sz002900,0,0,0
sz300611,0,0,0
sz300717,0,0,0
sh600738,0,0,0
sz000967,0,1703,0
sz300019,1660,0,0
sz300062,0,0,0
sz300500,734,354,0
sz300080,0,0,0
sz000656,7566,5633,0
sz002262,1856,0,0
sh601001,11706,6248,0
sz300199,0,0,0
sh600161,3665,387,0
sz002694,697963,102643,2277
sh603429,1100,0,0
sz002853,0,0,0
sz002642,4465,11798,0
sh603819,0,0,0
sh603677,0,0,0
sz000938,4788,7104,876
sh603883,0,0,0
sh600048,505150,459476,30311
sz300447,0,0,0
sz000926,6778,17531,0
sz002296,0,0,0
sh600593,0,0,0
sz300425,1001,1027,0
sh600218,0,0,0
sh600497,97620,114393,0
sz300119,0,1040,0
sz002920,9448,10455,583
sh600114,0,2394,0
sh600239,0,15472,0
sh600416,9625,18202,0
sz300224,6295,4645,0
sh603599,0,0,0
sz000989,18479,3549,0
sz002153,5003,9015,0
sh600702,4611,834,0
sz000589,0,0,0
sh600366,2171,1971,0
sh600611,92768,49618,0
sz002648,3548,630,0
sz002396,10276,18763,0
sz300687,690,0,0
sz000636,33708,31409,0
sh603963,0,0,0
sh601368,0,0,0
sz000582,2000,0,0
sz300123,1008,0,0
sz300148,27860,8589,0
sh600624,0,0,0
sz300106,0,0,0
sh600460,200261,228549,10195
sh600456,1894,0,0
sz300248,0,900,0
sz002690,0,712,0
sz002192,1724,6868,0
sh600545,0,0,0
sh603083,4761,1411,0
sz000151,3592,0,0
sh603069,1815,0,0
sz002111,0,0,0
sz002889,0,0,0
sz300270,0,0,0
sh601518,0,0,0
sz002863,903,2641,650
sz002882,0,0,0
sh600857,1664,0,0
sh600298,5863,11430,0
sz300628,3842,5477,201
sz000968,1005,901,0
sh600279,0,0,0
sh600268,0,0,0
sz300427,0,0,0
sz002617,4775,841,0
sh600331,2606,0,0
sz002303,0,0,0
sz300157,3038,8088,0
sh603987,0,0,0
sz300632,2604,510,0
sz002474,0,0,0
sz002683,1681,3300,0
sh601558,0,0,0
sz300274,5115,8596,0
sz300364,22972,20437,1076
sz300185,39617,14948,0
sh600167,0,0,0
sh601005,15447,12745,0
sh603586,0,0,0
sz002435,0,0,0
sh600481,0,2728,0
sz002414,3707,0,0
sz002570,0,0,0
sz300448,0,0,0
sh600782,96674,64736,0
sz000790,5037,12918,0
sh600439,42968,21404,0
sz002521,1247,0,0
sh600308,5382,0,0
sh603030,0,0,0
sz002292,0,1134,0
sh600684,6718,0,2034
sz002123,0,0,0
sz300218,0,0,0
sz300549,0,0,0
sz002535,0,0,0
sh603895,3783,3574,964
sz300422,888,677,0
sh600031,342913,184761,2830
sz000032,0,2468,0
sh600861,0,0,0
sz300700,2806,7529,711
sz000738,57098,49087,4714
sh600392,139216,85204,6625
sz300217,0,0,0
sh600980,0,0,0
sz300251,36275,65594,5883
sz002606,11339,7451,0
sh603679,0,0,0
sz002755,0,0,0
sz300722,0,0,0
sh600289,0,3871,0
sh603333,0,8704,0
sz000768,52426,19294,0
sh600961,0,0,0
sz002842,1781,279,0
sh600459,791,0,0
sh600705,13912,9219,0
sz002289,0,0,0
sz300250,0,721,0
sh603517,0,0,0
sh600212,5312,0,0
sz000553,4788,695,0
sz300536,0,0,0
sz000607,0,0,0
sz000953,1879,0,0
sh600595,23126,14085,0
sz000557,0,0,0
sz000537,11595,6849,904
sz002185,86508,72660,1314
sh603861,0,0,0
sh600516,221600,230163,17276
sz002328,2600,6038,0
sz000600,8715,4840,0
sh601599,0,1808,0
sz300021,5203,3774,2002
sz002798,272,0,0
sz000752,1000,0,0
sz002674,0,0,0
sh601500,0,0,0
sh600487,50154,40416,1661
sz300494,0,0,0
sz002243,0,0,0
sz000818,1234,841,0
sz000732,80473,83132,12526
sh601390,35055,19681,0
sh600136,1179,718,0
sz300419,0,0,0
sz300633,0,0,0
sz002422,16076,7580,1554
sz000726,6550,1113,0
sh603505,465,6329,0
sz000923,1345,0,0
sh603076,0,0,0
sh600480,0,0,0
sz002350,11196,0,0
sh600085,1594,1726,0
sz002684,0,0,0
sh600785,0,0,0
sz002686,0,0,0
sz002700,0,4953,0
sz002330,0,0,0
sz300472,0,0,0
sz000755,0,0,0
sh600368,14304,3468,0
sh600722,0,0,0
sz002823,0,0,0
sh601886,0,3453,0
sh601616,0,0,0
sz300668,0,0,0
sz300521,0,0,0
sz002665,0,0,0
sz000655,2200,2002,0
sz300685,351,634,0
sh601997,19491,21545,0
sz000719,0,0,0
sz002542,0,2105,0
sh603288,405,689,0
sz000908,0,2217,0
sz300110,140689,76185,0
sh600988,2752,6109,0
sz002846,0,0,0
sz002462,0,0,0
sh600811,10000,11492,0
sz300469,0,0,0
sh600359,0,0,0
sh603519,0,0,0
sh601666,33414,28998,0
sh600370,0,6561,0
sz002603,1326,0,0
sz002921,338,0,0
sh603606,0,0,0
sz300314,0,0,0
sz000973,2185,2050,0
sz002531,0,0,0
sh600767,0,0,0
sh603568,0,0,0
sh600939,0,0,0
sh600199,0,0,0
sz300523,0,0,0
sh601288,5102144,4010272,33647
sz002344,9839,0,0
sz002446,1258,0,0
sz000861,10796,0,0
sh603199,0,0,0
sz300078,0,1595,0
sz300732,0,0,0
sz000012,7386,0,0
sz000039,9938,2599,0
sh600511,1544,531,0
sh600661,600,0,0
sz300529,0,0,0
sh600198,14024,4289,1267
sz002265,0,0,0
sz002787,0,0,0
sh603229,0,0,0
sh600028,258212,414181,0
sz002080,6647,3122,0
sz002191,0,1715,0
sh601003,10893,6696,0
sh600345,5978,1696,1008
sh600192,0,0,0
sz002379,0,2312,0
sz002151,1886,3168,0
sz300506,0,0,0
sh601901,11018,0,0
sz300537,684,0,0
sz300568,0,409,0
sz002106,1316,5324,0
sh603639,0,0,0
sz002558,1512,437,601
sz300219,0,0,0
sz000882,26568,62967,3230
sh603383,0,0,0
sh600312,2012,0,0
sz002495,0,0,0
sh600789,103336,97437,2834
sh603701,0,0,0
sz002493,685,2398,0
sz000909,0,0,0
sh603203,0,0,0
sz000722,0,1596,0
sz000727,86911,174889,0
sh600567,161670,188048,0
sz002703,0,0,0
sz002527,0,0,0
sz002404,0,0,0
sz300043,0,1876,0
sz000062,2194,0,0
sz002455,0,0,0
sz300597,941,0,0
sh603721,0,0,0
sz300480,0,0,0
sz300097,1845,2352,0
sz002540,0,0,0
sh600671,0,0,500
sz000611,0,0,0
sz002912,558,765,0
sh600475,0,0,0
sz000720,0,0,0
sz300326,2881,0,0
sz000767,17588,0,0
sz002400,8435,2060,0
sh603960,0,0,0
sz000066,50863,60636,0
sz300339,1048,0,0
sh603088,0,1024,0
sh600835,1478,1070,0
sz300169,0,0,0
sz002856,0,0,0
sz300505,618,1151,0
sz300468,0,630,0
sz300347,3139,526,0
sh603637,0,0,0
sz300399,0,0,0
sz300081,0,1588,0
sz300467,254,0,0
sh600642,0,18908,0
sz300143,3018,25517,0
sz000993,0,0,0
sh600227,5303,11488,0
sz002220,4500,3322,0
sz002915,5944,4590,535
sh600758,0,0,0
sh601588,0,3333,0
sh603286,505,0,0
sh600316,1259,1005,0
sz002023,1155,0,0
sz000920,0,0,0
sz002626,9260,18302,0
sz000608,4204,0,0
sh600250,0,0,0
sh601628,12616,4222,413
sz300321,0,0,0
sz300678,3067,1960,464
sz000807,243897,297104,29811
sz300213,5159,7771,0
sz002838,0,0,0
sz300462,5867,12978,4067
sz002452,7036,10295,0
sh600391,2389,3070,0
sz002577,712,0,0
sh600000,36845,8673,960
sz002490,0,0,0
sh603089,0,0,0
sz002279,12446,33562,1395
sz002069,0,0,0
sz002583,0,789,0
sh600080,0,0,0
sz300034,953,0,0
sz000011,7746,1023,0
sz300665,831,3749,0
sz300696,187,0,0
sz002025,3093,5428,0
sh603009,0,0,0
sz300705,0,0,0
sh600382,800,2000,0
sz000631,0,3557,0
sh603161,0,0,0
sz002646,0,0,0
sz300431,26194,42649,6614
sz300458,9672,17354,1916
sh600871,21640,23135,0
sh603855,0,0,0
sz300079,12643,12121,0
sh603678,647,0,0
sz300541,0,0,0
sz002385,0,15449,0
sh603955,0,0,0
sh600163,0,0,0
sz000885,2580,754,0
sh601058,8051,4085,0
sz002820,0,0,0
sz300040,0,0,0
sz002306,0,0,0
sz002061,4609,1520,0
sz300479,12309,20539,0
sz000505,2000,1818,0
sz300703,395,0,0
sz000572,17347,3300,0
sz002858,0,1633,0
sz300334,0,0,0
sh600426,9263,6824,0
sh603239,0,0,0
sz002743,0,0,0
sh603558,0,0,0
sz002880,0,216,0
sz300616,440,0,104
sz000010,0,0,0
sz002824,0,0,0
sz000501,829,0,0
sz300538,0,0,0
sz000502,4147,0,0
sh600986,7663,2963,0
sh600021,1259,0,0
sz002233,4280,0,0
sh600900,4425,8983,0
sh600363,0,1000,0
sz300620,0,0,0
sh601222,2509,0,0
sz002109,0,0,0
sh603711,0,0,0
sz002695,8660,1201,0
sz300405,0,0,0
sz002116,0,0,0
sh600594,0,3240,0
sh600446,0,11033,0
sz002371,27170,19166,4183
sh600652,8008,0,0
sz300695,0,0,0
sz300635,0,0,0
sh600176,23957,10797,0
sz002224,0,0,0
sh603416,326,0,0
sz300346,500,0,0
sz002845,0,1234,0
sz000633,0,0,0
sh603116,0,0,0
sh600332,5640,1624,0
sh600066,16525,6680,0
sh601326,2548,3010,0
sz000009,31048,16044,0
sz300351,0,0,0
sz300570,553,0,0
sh603444,398,81,0
sz000723,15957,15117,0
sz002705,0,0,0
sz002886,0,0,0
sz300510,0,0,0
sh600109,4138,4931,0
sh600889,0,1896,0
sz000707,0,0,0
sh601968,2388,0,0
sz002801,1262,3515,0
sz002761,0,0,0
sh600415,6876,0,0
sh603099,0,0,0
sh600897,0,0,0
sh603389,0,0,0
sh600615,0,0,0
sh600830,9197,3414,0
sz300369,1014,10027,0
sz300252,5796,1050,0
sh600120,4656,4376,0
sz000852,0,0,0
sh603488,0,0,0
sz002517,237104,273135,10645
sh600098,0,0,0
sh600029,145880,96163,1003
sz300287,31656,29883,0
sh600186,0,8071,0
sz300712,0,0,0
sz002087,1875,0,0
sz300331,5830,1784,0
sh600740,130130,74634,6931
sz002158,6633,4157,0
sz002574,0,0,0
sz002222,1494,10855,0
sz000043,0,1230,0
sz300638,2402,1148,0
sz002164,0,1499,0
sz300319,0,0,0
sh601113,3508,859,0
sz002466,30553,33146,2365
sz002745,4943,2046,0
sh603709,1739,1020,0
sh603533,4094,5790,823
sh600675,0,0,0
sz002818,0,0,0
sz002173,0,0,0
sh601311,0,1000,0
sz002751,0,0,0
sz300108,0,0,0
sz300490,0,0,0
sz002762,0,0,0
sh600816,842,0,0
sz300155,0,0,0
sz300082,0,0,0
sh600301,0,0,0
sh603779,0,0,0
sh603181,0,0,0
sh600358,2300,5225,0
sh600055,3228,2002,0
sz002380,0,0,0
sh600037,3138,4333,0
sh600027,102464,30491,0
sh600185,29494,4121,0
sh601899,968543,1098853,7306
sh600689,0,0,0
sh601689,2487,1822,0
sh603663,619,1205,0
sz002101,610,0,0
sh603515,987,620,0
sz000100,784505,584820,0
sh603500,0,0,0
sz000638,0,1505,0
sz300267,14432,2530,0
sh600869,17522,16275,0
sz002249,9726,3534,0
sh601595,0,0,0
sz002184,0,2532,0
sz300105,0,1972,0
sz002685,0,0,0
sz300070,18823,24314,0
sz000685,3210,1573,0
sz000753,0,0,0
sz002269,0,0,0
sh601158,0,0,0
sz300627,2987,1766,0
sz300595,0,0,0
sz002238,0,0,0
sz300297,1500,0,0
sh600035,2500,0,0
sz002593,0,0,0
sz000005,0,0,0
sh600887,117659,182258,11049
sh601020,0,0,0
sh600664,5561,40869,0
sz000561,0,0,0
sh600011,26234,15899,0
sz002390,42646,24908,0
sh603388,0,0,0
sh603319,559,0,0
sz002369,13713,23928,0
sz000002,175541,113507,6744
sh603005,493,446,0
sz300408,608,2457,0
sz300137,2673,4781,1382
sz000716,2000,0,0
sh600311,5492,17630,0
sh600082,0,0,0
sh603358,0,0,0
sz002491,9473,6732,0
sz300268,0,0,0
sz300381,0,0,0
sh600909,15541,5435,0
sz300318,0,0,0
sz300141,0,1411,0
sh600222,0,0,0
sz300306,0,694,0
sh600320,2033,2040,0
sh600061,0,0,0
sz002498,0,0,0
sh603813,362,0,0
sz002115,0,0,0
sh600281,0,0,0
sh600207,87482,86591,7038
sz002906,743,0,0
sz000792,45121,31537,0
sh600495,2031,0,0
sz002573,7730,8983,0
sz002253,0,0,0
sh600732,0,0,0
sh600470,2189,2000,0
sz300296,15529,16090,0
sz002793,0,0,0
sz300247,4323,0,0
sh603016,506,0,0
sh600744,4100,0,0
sz002588,1500,3256,0
sz002205,0,0,0
sh600736,0,2504,0
sz000681,4676,17476,812
sh603233,0,0,0
sz000523,0,0,0
sz300015,8844,3738,0
sz300189,3544,0,0
sh600038,14043,11005,580
sh600499,37018,15940,1437
sh600562,1500,1066,0
sz000958,0,0,0
sz002855,0,0,0
sh600338,2600,596,0
sh600079,6554,3380,0
sh603738,0,0,0
sz000925,0,1040,0
sh600626,0,0,0
sh601878,9490,5567,0
sh600395,16814,2516,0
sz300585,786,0,0
sz002076,5076,1920,0
sh603006,0,0,0
sz300295,0,0,0
sz002120,0,0,0
sh600196,70874,27374,3933
sz002424,3539,1826,0
sz002670,2446,738,0
sh603180,160,0,0
sz002518,0,0,0
sz000715,0,0,0
sz002347,0,0,0
sh603477,811,0,0
sh601998,70984,74294,0
sh600876,1421,0,0
sh603335,0,0,0
sz002411,27366,8235,0
sh600763,10913,4865,337
sh603690,600,0,0
sz002226,0,2028,0
sh600373,1585,1247,0
sh600518,5704,4570,0
sh600731,0,3563,0
sh600230,4660,3800,0
sz002271,7545,2491,0
sz300547,0,0,0
sz002016,43393,10741,3165
sz002029,0,5095,0
sh600759,3852,0,0
sh603345,0,606,0
sz002355,0,3303,0
sh600429,0,0,0
sh603330,0,0,0
sz002315,0,0,0
sz300433,4262,3641,0
sz002305,3247,0,0
sz000718,31795,0,0
sz300307,0,0,0
sh600990,690,0,0
sz000892,0,1300,0
sh603031,0,0,0
sh603993,941198,1035437,17717
sz002412,0,0,0
sz300370,0,0,0
sz002641,0,0,0
sh600520,3472,1502,0
sh600903,34442,44289,5256
sz002791,0,0,0
sh600718,2748,9598,0
sz000518,0,0,0
sz000990,0,0,0
sh603311,0,0,0
sh600841,0,0,0
sz300412,0,5218,0
sh600548,0,0,0
sz000587,34212,11039,0
sh600836,0,0,0
sh600346,12466,807,2392
sh601958,2154,5819,0
sz002843,0,0,0
sz300205,0,0,0
sz000688,1139,8424,0
sz000028,205,0,0
sz300057,0,0,0
sh600827,3156,4319,0
sz002546,0,0,0
sz002367,0,1400,0
sz300590,458,397,0
sz002067,41248,16085,0
sz300692,0,0,0
sz000996,3624,4982,0
sz300122,9218,1241,0
sh603385,0,1481,0
sh600020,2183,0,0
sz300294,2717,0,0
sz002325,4514,0,0
sh603800,0,0,0
sh601108,36727,21400,0
sh600062,2465,1220,0
sz002891,0,0,0
sz300311,751,0,0
sh603898,0,1413,0
sz300404,0,0,0
sh603617,0,1197,0
sh600695,0,0,0
sz300323,10834,3410,0
sh600486,212,200,0
sz002195,49664,58095,0
sz300285,700,0,0
sh600477,5126,7786,0
sz300348,0,0,0
sh601808,0,0,0
sh600773,0,0,0
sz300246,0,0,0
sz002639,0,0,0
sz002138,700,602,0
sz000627,19922,8088,0
sh600547,11207,12502,0
sh600779,4696,2219,0
sh603269,298,0,0
sh603918,0,0,0
sz002108,2398,4464,0
sz002822,0,1510,0
sz000612,3758,0,0
sz300151,0,0,0
sh603300,1545,0,0
sz000683,12923,33409,0
sz002672,805,4891,0
sh603023,0,0,0
sh600153,8611,2806,882
sz002174,4891,1994,0
sh600510,0,0,0
sz002300,0,0,0
sz000862,0,0,0
sh600572,10743,7105,0
sh603777,0,0,0
sh600658,0,0,0
sz300613,1437,465,0
sh601199,0,2733,0
sz000563,4479,3014,0
sz002091,0,0,0
sh603858,395,1620,0
sz300475,0,0,0
sz002693,2717,0,0
sz000917,31567,6255,0
sz000025,7819,15545,0
sz300293,0,0,0
sh603518,0,0,0
sz002110,32617,23767,5373
sh603909,0,0,0
sh603038,0,0,0
sz300088,40235,41222,0
sz000036,18628,8250,4007
sz000875,5441,0,0
sh603996,0,0,0
sz000150,0,0,0
sz002790,0,0,0
sz300676,3824,2217,129
sh600106,0,0,0
sz000666,1083,795,0
sz000548,0,0,0
sh600668,1000,0,0
sz300617,0,0,0
sz000997,14412,11286,0
sz300466,0,0,0
sh603198,4332,1415,0
sz000881,910,2715,0
sz300612,11743,20232,4389
sz300626,0,0,0
sz002691,0,0,0
sh603367,0,0,0
sz000623,3873,1687,0
sz002925,37677,31021,6702
sz002081,10861,14206,0
sz002378,1500,1193,0
sz300245,743,3863,0
sz000050,18245,15083,0
sh603331,0,0,0
sz002589,4920,925,0
sz002735,300,830,0
sz002643,0,0,0
sz002917,1297,10374,0
sz300214,2783,5913,0
sz002610,4630,14493,0
sh601021,368,0,0
sz002649,0,2068,0
sh600322,0,0,0
sh600619,0,0,0
sz300099,0,0,0
sz002537,12221,2333,0
sh600551,1000,0,0
sz000687,1296,1149,0
sz002929,0,24680,0
sh600621,7027,4119,0
sz300488,0,0,0
sz002415,21061,26839,1500
sz300566,0,0,0
sh601880,0,8756,0
sz002458,10763,3099,2138
sz000425,144130,79594,0
sz002112,0,0,0
sz002612,0,0,0
sh603316,0,0,0
sz000536,3633,2867,0
sz300003,19135,14079,1219
sz300022,10000,0,0
sz002316,0,1038,0
sz300437,0,1649,0
sz002094,521,1487,0
sz000426,18627,33532,0
sz002849,0,0,0
sz002364,0,0,0
sz002769,48153,49288,4792
sz300418,111569,66538,7496
sz300132,0,0,0
