sz300113,19245,20487,0
sh600237,0,2811,0
sz000685,1050,2932,0
sz000416,0,3206,0
sz000673,9816,1000,0
sh601965,0,0,0
sz300192,0,2000,0
sz300584,2219,3914,0
sz300345,0,0,0
sz300301,1700,0,0
sz300007,4867,9451,0
sh600831,0,0,0
sz300507,12851,28304,1382
sz002095,2729,1643,0
sz002089,0,3706,0
sz000952,768,0,0
sh603385,0,0,0
sz002768,0,0,0
sz000410,8906,13059,3195
sz002816,0,1041,0
sz002112,0,0,0
sh600218,0,0,0
sh600371,1341,0,1229
sh600552,0,0,0
sh603178,0,0,0
sh603628,2377,2227,0
sh603559,6451,7225,0
sh600714,0,1500,0
sz300667,0,614,0
sh600000,31944,16085,0
sh603817,0,0,0
sh603111,1502,0,0
sz002396,69519,60577,5126
sz300398,1314,2409,0
sz002574,1826,0,0
sh600337,0,0,0
sz300693,0,0,0
sh600131,0,0,0
sz300006,0,0,0
sz002475,28103,21905,0
sz000729,2401,11915,0
sz300082,0,0,0
sz000400,1322,8250,0
sz300603,2987,16092,416
sz002078,20203,82962,0
sh603315,0,0,0
sz000901,2092,7815,510
sh600635,55704,97145,0
sh603429,0,0,0
sz002223,14237,22344,493
sz002643,4703,0,0
sh603329,8377,2118,0
sz002167,0,1431,0
sz300195,0,0,0
sz002777,1085,275,0
sh601900,3210,0,0
sz300604,234,1160,0
sz002039,850,0,0
sh603138,1480,2364,0
sh600278,0,0,0
sh600597,4348,6446,0
sh601866,15162,0,0
sz002248,0,2103,0
sz300077,43301,56342,4688
sz002494,0,0,0
sh601012,8597,8205,0
sz300248,788,0,0
sh600867,27026,12901,501
sh600171,86949,72568,2865
sh603081,23119,9337,597
sz300690,0,0,0
sh603633,0,0,0
sh601002,0,2614,0
sz300332,0,0,0
sz300382,0,0,0
sz300021,4897,1614,0
sz002010,0,757,0
sz300440,0,2755,0
sh600353,0,0,0
sz300055,615,2528,1628
sh600675,1903,0,0
sz002332,8092,7781,0
sz000710,9694,613,0
sz000529,0,0,0
sz002903,7019,3102,0
sz000715,0,0,0
sz000014,12307,10089,4611
sh600550,0,5483,0
sh600743,0,0,0
sh600033,0,15353,0
sz002631,0,0,0
sz300543,0,758,0
sz002389,13336,6263,0
sz002572,786,933,0
sz002723,0,0,0
sh600015,2703,19761,0
sh600249,0,0,0
sh603766,0,1984,0
sz300298,6063,3843,0
sz000782,0,0,0
sz002471,0,0,0
sz002547,0,6331,0
sz000669,850,999,0
sh600975,22124,6391,2109
sh600783,0,0,0
sz300481,565,0,0
sz300251,33386,33386,0
sz300595,1306,2666,217
sh600333,0,0,0
sz300282,0,822,1420
sz000716,1887,0,0
sz002896,1528,968,0
sz300267,6478,36635,0
sh600358,0,6256,0
sz002484,2844,1563,0
sh600149,0,0,0
sz000651,109779,118761,9018
sz002738,0,4053,0
sz300606,0,0,0
sh600291,523,930,0
sz300478,0,0,0
sz002237,25138,6749,0
sz000881,0,2998,0
sh600228,0,0,0
sz300608,436,0,0
sh601238,1772,3815,0
sz002083,0,0,0
sz002678,0,0,0
sh600516,107280,88536,11726
sh603637,0,0,0
sz002776,0,0,0
sz000899,0,0,0
sh603399,2101,1180,0
sh600421,0,0,0
sh600470,1964,0,0
sz002421,10240,7779,0
sh600596,6497,8027,0
sz000078,3746,0,0
sz002642,16956,9914,0
sz300443,0,0,0
sh601006,16738,15794,0
sz300003,12651,17746,709
sz300617,0,0,0
sz002568,1084,927,0
sh603859,0,1510,0
sz300439,0,1390,0
sz300661,3857,1994,101
sh601991,0,8353,0
sh601992,40448,81852,0
sh601808,0,0,0
sh603939,1626,534,0
sz002393,0,0,0
sh600969,0,3268,0
sh601168,0,7602,0
sh603505,0,600,0
sz300357,382,0,0
sh600993,7819,2263,0
sh603725,0,0,949
sz002049,151945,143959,16119
sz000670,167624,116341,5896
sz300668,150,0,0
sz002793,800,0,0
sh603328,0,0,0
sz300374,0,0,0
sh600694,606,0,0
sh600997,0,0,0
sz300397,0,0,0
sz002610,15840,11670,0
sz002149,0,3444,0
sz300605,351,400,0
sh600684,17427,8732,0
sh601858,0,0,0
sz300567,120,487,0
sz000825,63988,92229,0
sz000538,4544,9314,0
sh600064,8700,2033,0
sz002319,0,0,0
sh600261,0,2585,0
sz300580,0,0,0
sz002615,0,0,0
sz002208,59471,41027,3109
sz300220,0,0,0
sh600571,15164,7157,0
sz000690,7205,7848,0
sh600098,0,0,0
sz000913,720,0,0
sz000605,45401,30696,7247
sz300362,0,0,0
sh600232,0,0,0
sh600209,23744,21494,915
sh600723,0,0,0
sz300213,7452,7050,0
sh600495,2000,0,0
sz000961,48330,68190,0
sz000421,0,0,0
sz300453,1000,0,0
sz002204,8795,0,0
sh600637,5563,4261,0
sz002597,1917,10307,0
sz300335,671,2937,0
sz300525,3828,3908,265
sz002490,10898,0,0
sh600293,0,5785,0
sz002349,0,0,0
sz002646,1757,0,0
sz000401,30716,36037,737
sz300256,6258,8037,0
sh603886,0,0,0
sh603518,0,0,0
sz002763,0,0,0
sh600311,12087,2850,0
sz002837,0,1111,0
sz002820,0,0,0
sz300047,20238,7701,0
sh601007,0,0,0
sz000859,0,2679,0
sz300043,3333,13329,7010
sh603099,918,0,0
sz300285,1932,1500,0
sz002845,7577,13530,0
sh600742,791,3844,0
sh600387,3315,2550,0
sh600992,0,0,0
sz002238,1136,1179,0
sh600804,6113,10170,0
sz300451,4048,6553,0
sh600854,0,0,0
sh603050,0,0,0
sz300401,3207,5873,222
sz002376,9367,5802,0
sh600933,0,0,0
sz300297,7732,988,0
sh603368,0,207,0
sh600693,1735,0,0
sz000059,3760,7915,0
sh600313,3328,4378,0
sz300655,9444,4351,0
sz002468,600,0,0
sz002275,0,0,0
sz300039,0,2620,0
sh601908,0,0,0
sz002375,0,1797,0
sh600717,0,2849,0
sh600837,99266,77338,0
sh603679,0,0,0
sz002175,4623,18346,0
sz300262,0,0,0
sz000532,12839,13263,0
sh600530,2500,0,0
sz300249,6844,21608,3758
sh603598,0,815,0
sz300503,2677,8365,0
sz002902,3174,1482,303
sz002125,1182,0,0
sz002333,0,0,0
sh601628,796,2592,0
sz000043,0,0,0
sz002868,0,0,0
sz002276,0,0,0
sz300405,0,0,0
sz300165,0,0,0
sh600665,0,0,0
sh600125,8848,18061,0
sz002397,6082,11459,0
sz300725,3678,2205,188
sz002213,7476,15652,0
sh601127,13127,40738,1133
sh600199,1623,0,0
sz002491,26312,29401,1547
sz300174,0,0,0
sh601198,5180,4303,0
sh600699,5194,845,0
sh600977,2600,11886,0
sh600592,0,7275,0
sz000419,0,6318,0
sh603021,1611,0,0
sz002593,0,0,0
sz002910,4045,2271,0
sz002636,0,842,0
sz002346,1191,0,0
sh603098,0,0,0
sh603299,0,0,0
sz002677,719,788,0
sh603101,0,0,0
sh601016,0,0,0
sh600628,0,0,0
sz002140,0,0,0
sz300571,1083,2946,151
sz002659,0,1602,0
sh603800,0,0,0
sh600860,0,0,0
sz300561,0,0,0
sh603556,0,0,0
sh600612,0,1606,0
sz002383,18366,12951,501
sz002141,24566,5381,0
sz002733,0,750,0
sz002270,0,0,0
sz002762,0,0,0
sh603906,0,0,0
sz300635,0,0,0
sh600372,27112,11913,0
sz000016,32878,25110,0
sz002453,2940,1907,0
sz000998,8587,14263,0
sz000973,0,0,0
sz002187,0,0,0
sz000048,0,0,0
sz002126,1221,4695,0
sz002094,4176,2617,0
sh601086,17824,2921,0
sz300295,915,0,0
sz002051,1035,3504,0
sz300685,208,496,0
sh600301,0,0,0
sh600202,0,8105,0
sz300711,3187,3742,959
sh601818,81952,68892,0
sz002337,0,0,0
sh601958,0,0,0
sz002155,16465,9794,0
sh600967,33850,14431,0
sz000576,893,0,0
sz300516,0,0,0
sz002159,0,0,0
sh600350,14843,12295,0
sh600173,0,0,0
sh603819,0,1772,0
sz002546,0,5409,0
sz000760,0,3087,0
sz002758,13231,12660,0
sz000972,0,0,0
sz000761,2591,4905,0
sz000838,2000,0,0
sh600213,1007,1113,0
sz000557,0,0,0
sh600886,1600,0,0
sh601500,0,0,0
sz300322,1051,1432,0
sz002056,6402,2584,0
sz002331,0,0,0
sz300255,0,13213,0
sh601113,0,0,0
sh603369,0,642,0
sz300093,1296,0,0
sz002327,8058,9908,0
sz000610,0,0,0
sh601128,0,2092,0
sh603717,0,0,0
sz300701,0,466,0
sh600458,2377,6982,0
sz000678,0,0,0
sh600502,6000,2000,0
sz300657,591,1694,0
sz002713,0,2217,0
sz002536,0,0,0
sh600894,0,0,0
sz002644,901,0,0
sz000151,57708,38526,3051
sh600982,0,0,0
sz002810,0,0,0
sh601005,5189,14995,0
sz000935,2807,5067,1669
sz002735,0,0,0
sz300037,948,470,0
sh600006,0,0,0
sz300647,0,1618,0
sz000657,0,0,0
sz002850,5765,1055,539
sh600560,10867,4073,0
sh603768,0,0,0
sh600518,24441,20249,1007
sz300143,0,0,0
sz300112,2033,3000,0
sh600736,0,0,0
sz002824,0,0,0
sh600138,11024,17729,0
sh600818,0,0,0
sz300365,0,2222,0
sh600136,6928,2009,0
sh600155,1115,0,0
sz002916,64303,89528,12671
sz002443,1312,0,0
sz002200,0,0,0
sh600610,0,0,0
sz002628,0,0,0
sz300135,0,10171,0
sz002457,1107,8732,0
sz300643,0,1733,0
sz300626,0,499,0
sh600540,0,4030,0
sz002181,0,0,0
sz002405,165507,131590,12540
sh601998,10674,15377,0
sz000425,171734,68640,0
sz002385,17951,4243,0
sh600838,0,15658,0
sz300449,512,0,0
sh600108,23964,4003,0
sh603496,0,0,0
sz002579,0,0,0
sz300591,2000,0,0
sz002923,316,1605,0
sh600192,4580,0,0
sz002046,0,0,0
sh603678,8934,6428,0
sz300088,19264,40826,0
sz002693,31944,80292,0
sz300115,20409,20578,1023
sh600970,2483,20705,0
sh600327,0,0,0
sz000722,0,0,0
sz000677,0,0,0
sz002067,2016,10838,0
sh603730,0,0,0
sh603197,270,0,0
sz002323,0,6465,0
sz300688,2872,3423,966
sz002534,0,0,0
sz300677,2136,8013,0
sz300577,153,0,0
sh600897,0,0,0
sh603569,572,0,0
sz000617,0,0,0
sz002530,1858,1229,0
sz300207,5145,3657,0
sz300679,215,0,0
sz300415,0,0,0
sz300723,0,0,0
sh600990,5691,4363,0
sz300154,0,0,0
sh600132,608,0,0
sz000591,0,0,0
sz002050,16770,30343,0
sz300519,0,456,0
sh600269,3001,12634,0
sh603380,1115,0,0
sh600050,139737,202080,0
sh600755,10811,21047,0
sz300222,21112,7259,0
sh600425,0,7000,0
sz002883,477,0,0
sz300681,0,0,0
sh603345,0,0,0
sh600589,1837,0,0
sh603676,2218,2533,0
sh600523,1005,1857,0
sh600887,80309,135557,10216
sz002831,318,200,0
sz002587,0,1493,0
sz002564,1684,1456,0
sz002727,7292,2915,0
sh600496,0,0,0
sh603023,0,0,0
sz002521,4500,2970,0
sh600348,32914,32868,0
sz300057,0,0,0
sz000625,12488,8792,0
sh600747,0,10000,0
sh603577,0,0,0
sh600785,0,0,0
sh600580,0,4381,0
sh600857,1292,0,0
sz002522,2260,1271,0
sz300585,2943,13054,0
sz001965,0,0,0
sh600020,2348,0,0
sz300084,2206,0,0
sh600139,0,1644,0
sz300083,12371,36280,0
sh600780,3000,0,0
sh600436,4709,5613,473
sz000570,0,0,0
sh600420,0,0,0
sz002630,25704,16843,0
sz002612,0,0,0
sh603028,1015,0,0
sh603198,0,0,0
sz002708,0,0,0
sz002554,0,0,0
sh603933,814,511,243
sz300582,0,20431,0
sz002289,0,16669,0
sz300555,0,0,0
sz300515,1064,0,0
sh601199,0,0,0
sh600604,1801,0,0
sz000665,1067,1128,0
sh600621,10816,18069,871
sz002285,6055,15504,1096
sh601117,7139,6259,0
sz002611,25744,12740,921
sz000783,10178,8767,0
sh600633,0,1608,0
sz000799,931,639,0
sh601588,3047,2871,0
sz002577,773,3385,0
sz000026,2007,0,0
sh600820,0,0,0
sz002295,0,0,0
sz002264,68929,61636,1936
sh603612,0,1058,0
sz300421,0,0,0
sh600532,0,0,0
sz000554,0,0,0
sh603605,0,393,0
sh601326,4889,0,0
sz000852,0,0,0
sh603076,0,0,0
sz300733,5979,3761,0
sh603181,1140,0,0
sz000567,5162,2384,0
sz002848,0,1138,0
sz002179,12751,15248,5397
sz002180,1000,1225,0
sz000571,0,0,0
sz002086,0,5780,0
sh600295,0,1313,0
sh600600,2005,1823,0
sh603527,948,424,0
sh600690,58475,54134,4974
sh603528,5277,5874,8422
sh601126,0,0,0
sz300669,0,0,0
sh600093,7403,3894,0
sh603458,0,449,0
sz002182,0,1359,0
sz300110,12950,19827,0
sz300226,11452,14239,652
sz000007,0,0,0
sz002529,6389,3979,0
sz300442,0,0,0
sz002696,963,506,0
sz000923,0,997,0
sz300358,1382,3660,0
sz300445,1471,0,0
sz300066,0,0,0
sz300176,157,306,0
sz300019,0,5211,0
sh600497,20845,26358,0
sh600391,6063,3370,0
sh601838,0,9024,0
sh600265,0,0,0
sz300433,4765,14971,0
sz000009,22110,12601,0
sz002544,3086,3502,0
sz002465,100526,45217,2576
sh601677,0,0,0
sz002718,0,0,0
sz002506,67489,29953,0
sz002746,0,0,0
sz002139,39348,45841,5309
sh603991,0,0,0
sh600152,0,0,0
sz300552,0,0,0
sh603517,298,0,0
sz300394,0,0,0
sh603378,600,0,0
sh600790,0,0,0
sz300185,0,23340,0
sz300305,0,0,0
sh600636,0,0,0
sz300058,28627,30608,0
sz300150,0,5665,0
sh600239,0,5831,0
sh600151,9488,7148,0
sz002645,0,0,0
sz000426,1174,8561,0
sz300124,17216,10640,522
sz000553,0,0,0
sz000792,102455,88356,13856
sz002388,0,1502,0
sh600329,0,800,0
sz300713,0,157,0
sz002725,0,0,0
sh603133,1552,9356,0
sz300620,0,603,0
sz002785,0,1486,0
sh600691,3849,29931,0
sz300265,0,0,0
sh600397,0,0,0
sz300031,0,717,0
sz000695,0,0,0
sz300406,629,745,0
sz002502,4542,1562,0
sh600855,3985,1488,0
sh600599,0,0,0
sz002907,335,1045,539
sh603789,0,0,0
sh600107,0,0,0
sz000797,0,4923,0
sh600879,50884,44467,0
sz002247,11054,3100,0
sz002569,1694,1008,0
sz000791,1560,0,0
sh600680,0,0,0
sh600581,18334,20439,1552
sh603669,600,0,0
sz002472,9513,4751,0
sz002193,717,5000,0
sz300221,792,6485,0
sh600827,2944,1000,0
sh600229,0,0,0
sz000622,0,0,0
sz000586,0,0,0
sz300073,3281,7562,368
sh600996,0,0,0
sz002660,0,0,0
sh603129,399,1018,0
sz300422,6802,1802,0
sh601886,0,0,0
sz000955,86735,50116,1616
sh600663,0,538,0
sh600898,0,0,0
sh603036,0,866,0
sz002511,0,0,0
sz002197,1020,1123,0
sz002463,7003,0,0
sz300436,17734,34384,2347
sh600781,0,0,0
sz002001,27485,49711,1364
sz002563,0,0,0
sz000633,0,0,0
sh600330,22398,4860,0
sz300539,0,0,0
sz002695,0,892,0
sh601188,0,0,0
sz002020,5977,4389,0
sh603617,500,0,0
sz000982,0,0,0
sz002573,3156,3536,0
sz000682,0,0,0
sz002166,0,0,0
sh600323,1660,961,0
sz000573,0,0,0
sh600222,0,3000,0
sz002778,0,0,0
sz002618,21254,28742,0
sh600467,0,0,0
sh603239,0,0,0
sz002091,4615,3299,0
sz002342,2316,4251,0
sh601718,12238,0,0
sz300062,3000,0,0
sh600200,0,0,0
sh600679,0,0,0
sh600531,15783,1500,0
sh603131,0,0,0
sh600168,0,1300,0
sz300200,0,0,0
sh600475,0,0,0
sz300286,0,0,0
sh603000,0,7037,0
sz002543,700,0,0
sz002829,1842,436,0
sz002481,3796,0,0
sz000882,155208,251757,29702
sh600128,0,0,0
sz002444,4405,2369,0
sz000404,0,0,0
sz300494,1819,5533,0
sz002012,0,6609,0
sh600939,0,0,0
sz000611,3682,0,0
sz002921,2688,665,993
sz000932,79199,116689,0
sz000823,14566,6819,0
sh603188,0,0,0
sz002306,0,0,0
sz000753,0,0,0
sz002185,186525,127367,0
sh600926,3321,1910,0
sh603808,0,0,0
sh603180,0,491,0
sh600242,0,1700,0
sz300730,19262,20676,740
sz000818,4527,5687,1035
sz300648,0,622,0
sh600287,0,0,0
sz002296,1952,0,0
sh601601,54380,71947,6422
sh600117,2605,3000,0
sz300560,490,328,0
sz300434,497,0,0
sz300708,18865,23633,1883
sz300485,691,0,0
sz300147,2043,0,0
sz000672,16039,23034,0
sz300229,10322,19106,941
sz000032,0,1080,0
sz000877,5910,12784,0
sz002864,0,21326,0
sz002912,1169,3171,110
sh603958,6674,0,0
sz300623,1969,503,0
sz300413,12166,6414,719
sz002759,0,0,0
sz000736,0,0,0
sh603985,0,0,0
sh603966,0,0,0
sz002422,22369,23364,0
sz002737,2656,4954,0
sz002425,0,1359,0
sz000402,2394,2514,0
sz300683,0,0,0
sh603027,0,550,0
sh600841,0,0,0
sz002137,108478,296502,7327
sz300160,0,0,0
sz000600,3864,7241,0
sh601968,0,0,0
sh600844,0,0,0
sz002751,1477,0,0
sz300181,53209,84135,6791
sz002833,408,646,0
sz300630,662,0,0
sh600702,3756,1755,0
sz000155,3049,13187,0
sz000709,20868,66919,0
sh600576,5023,5000,0
sh600561,9670,6800,0
sz002570,0,2020,0
sh600850,4797,1209,0
sh600500,0,0,0
sh600715,2899,5897,0
sh600363,3759,2000,0
sh600277,0,0,0
sh600862,0,0,0
sh600526,0,1811,0
sz300139,0,0,0
sz000820,87563,65477,10279
sz300502,7753,1777,0
sh600809,5327,7640,0
sh603030,10000,24872,0
sz300621,0,900,538
sh600613,0,0,0
sh603026,1009,0,0
sz300536,0,0,0
sh601369,19630,8353,0
sz000732,41985,49949,8477
sh603008,6167,0,0
sz300707,486,911,0
sh600438,3097,0,0
sh600551,0,0,0
sz002265,4857,6414,719
sz300216,43210,65621,5785
sz300344,3244,11736,1058
sh603688,1160,0,0
sh600833,928,0,0
sz300483,0,0,0
sh600505,0,0,0
sz300431,18216,11868,1326
sz002791,0,0,0
sh601377,68946,23733,0
sh603963,501,743,0
sh600685,9984,8410,1006
sz002058,0,0,0
sh600721,7170,5935,2292
sh601857,37750,22386,0
sz000837,10566,0,0
sz000888,0,0,0
sh601595,0,0,0
sz002590,5642,1916,872
sz002867,432,600,0
sh603168,768,4452,0
sz000917,0,5005,0
sz300367,44822,59952,4676
sh600288,2148,0,0
sh601010,0,0,0
sz300145,5079,6329,0
sz000726,0,0,0
sh600206,286930,359022,25620
sz300596,0,0,0
sh600115,37671,24321,1607
sz000958,3018,3062,0
sz300563,0,0,0
sz002841,321,0,0
sz002340,172828,249260,0
sz002670,4322,3565,1012
sz300517,2968,483,0
sz000601,2312,0,0
sh600696,0,0,0
sh603086,0,0,0
sz002473,0,0,0
sz002501,0,3875,0
sh600058,0,1820,0
sh603123,0,0,0
sz002244,29218,15303,5010
sh600031,140125,109370,0
sh603889,0,0,0
sh600481,0,0,0
sh600096,7538,0,0
sz300068,731,1546,1792
sz002145,3883,11610,0
sh601798,0,0,0
sz000012,0,1356,0
sh600477,37244,6296,0
sz002308,1933,2160,0
sh603366,0,0,0
sh600667,83088,39425,0
sh600207,89087,116573,4098
sh603535,0,0,0
sh603323,1305,1400,0
sh603660,1802,1134,0
sz300237,0,0,0
sz300109,1327,2242,0
sz002221,1965,5998,0
sh600797,87214,64566,3678
sh600555,38924,34497,0
sh600300,0,0,0
sz300719,2919,4693,442
sh600004,806,2503,0
sz002648,6932,12086,0
sz300029,0,0,0
sz000099,0,3051,0
sz002839,2155,23018,0
sz000058,0,0,0
sh600166,34083,67148,0
sh603737,0,0,0
sh600606,56539,136915,0
sz002920,40894,42027,2714
sh600177,0,0,0
sz002133,31440,31026,0
sz002040,0,0,0
sz002355,3945,11486,1640
sz300097,3291,2345,0
sz300741,0,897,0
sz300506,1490,474,0
sz002368,88113,87592,3011
sz002798,0,0,0
sz002061,1100,0,0
sh600271,324400,295557,35448
sz300331,4421,1293,0
sz000430,1293,0,0
sh600017,3336,6438,0
sh603600,0,0,0
sh600528,2630,1001,0
sh603996,1633,1201,0
sz300651,0,328,0
sz000803,0,1900,0
sz000733,27790,17259,2765
sz002015,0,0,0
sz300133,7774,7636,0
sz300234,0,0,0
sh600745,4248,6201,504
sz002409,5756,6951,1526
sh603040,0,0,0
sz000967,2000,3185,0
sz002541,0,0,0
sz002752,0,0,0
sh600623,1550,3006,0
sz300188,17512,22906,2713
sh600630,2960,0,0
sz002712,9174,23236,0
sh603611,0,0,0
sh603883,2222,1206,0
sz000785,0,1607,0
sz300300,17767,12565,2242
sz002344,2248,0,0
sh601890,1665,2244,0
sz300151,0,0,0
sz002557,1597,0,0
sz000546,0,0,0
sh603656,0,0,0
sz300142,50380,28929,1349
sh600698,1581,1500,0
sz000544,0,0,0
sz300472,0,0,0
sz300214,2000,0,0
sz300468,1124,310,0
sz000100,162335,95803,0
sz000806,1322,9604,0
sh600566,1443,466,0
sh601899,605177,413358,0
sh600511,4105,1440,0
sh603158,0,737,0
sz000565,0,0,0
sz002011,0,11874,0
sh600345,924,1559,0
sh601222,3534,9302,0
sz000688,0,3701,0
sz000858,72787,83003,7310
sz300336,3403,2001,0
sh600767,1594,0,0
sh600787,6318,3244,0
sz300064,10068,14528,2007
sh600409,28254,13483,0
sz000045,0,0,0
sz000686,2753,10559,0
sh600405,0,0,0
sz002700,0,0,0
sh600720,11913,15581,1343
sh603229,3269,1493,0
sh603937,824,0,0
sz002640,2029,2579,0
sz002004,0,10986,0
sh600210,8497,0,0
sz002887,807,351,0
sz002548,0,0,0
sz002241,115885,80673,932
sz300141,0,0,0
sh603988,0,0,0
sz300316,27583,20022,502
sz002561,933,0,0
sz000088,0,1515,0
sz002625,9128,99963,0
sh601567,0,0,0
sz000701,8963,31285,2124
sz000780,0,0,0
sz300676,3267,1649,551
sz002629,2080,0,0
sh603855,0,0,0
sz000778,19012,78760,0
sz000965,10525,1816,0
sh600824,0,0,0
sz002088,2012,1182,0
sz000519,12210,2333,0
sz002123,2001,4905,0
sh600883,0,0,0
sz002222,8475,3014,648
sz000978,0,0,0
sz000528,37332,41441,0
sh600268,3259,2922,0
sz000811,0,0,0
sz300259,6059,220097,0
sz002800,0,0,0
sh603698,0,0,0
sh603019,64577,78553,14669
sh603938,446,1427,0
sh603826,0,0,0
sz300739,6125,1748,0
sh600078,0,0,0
sh600847,0,0,0
sh600533,0,3200,0
sh600801,32759,29251,2440
sz000758,16389,4010,0
sz002585,1724,0,0
sz002014,0,3038,0
sh600260,3510,8044,322
sz002889,0,400,0
sh600590,0,0,0
sh600803,0,6257,0
sh601668,90107,96424,0
sh600826,0,0,0
sh603885,0,1687,0
sh600716,0,5120,0
sh603685,0,0,0
sz002623,2436,2106,0
sz300193,0,0,0
sz002274,0,0,0
sz002245,10087,5259,0
sz002196,0,0,0
sz300476,29034,20723,0
sz002806,0,0,0
sz002893,1082,1559,0
sz000619,2101,2704,0
sh600360,158213,152139,6341
sh600572,6022,3648,0
sz000768,117041,104023,9252
sz002797,50255,45238,0
sz300511,536,500,0
sh600368,0,6471,0
sh600281,0,0,0
sh600150,92214,67929,7466
sh600009,1934,873,0
sz002201,0,0,0
sz300540,0,0,0
sz002288,7547,0,0
sz300625,0,0,0
sz300320,0,0,0
sh603977,0,0,0
sz002142,8441,10498,690
sz300072,2733,10074,0
sh600448,0,0,0
sh600048,424204,384861,22228
sz300326,6498,6155,0
sh603728,0,497,0
sh603825,492,0,0
sh601607,17977,17615,1365
sz300627,206,0,0
sz002549,1566,0,0
sh603321,0,0,0
sz002417,1416,0,0
sz002364,1097,0,0
sz000976,0,6569,0
sz000550,0,1458,0
sz300041,0,1010,0
sz300497,0,0,0
sh603383,1543,3563,0
sz300640,0,459,0
sh601200,0,2350,0
sh600172,42635,37816,0
sh603606,0,0,0
sh600998,7593,4198,0
sz002855,0,0,0
sz002780,2305,2167,0
sh603595,91,493,0
sz002749,0,206,0
sh603227,2671,2256,0
sz002138,88715,67581,920
sh600617,0,0,0
sz300096,810,1050,1106
sz300190,4145,959,0
sh601019,0,0,0
sz002045,24338,17167,0
sz300505,0,0,0
sz300074,4822,0,0
sh600601,6282,0,0
sz300489,0,0,0
sh601088,12640,17867,1368
sz000429,1254,0,0
sz000037,0,0,0
sz300153,0,0,0
sz300438,507,964,850
sz002391,0,0,0
sz002613,0,13120,0
sz300152,3675,11225,0
sz300639,2057,1580,1060
sh600455,0,0,0
sh600388,3545,3201,0
sh601137,958,0,0
sz002928,1224,3487,921
sh600018,18317,12712,0
sz000790,5791,4523,0
sh603686,2641,0,0
sh600188,34843,29968,1984
sh600319,0,0,0
sz300334,840,6708,0
sz300689,0,0,387
sh603025,0,0,0
sz002390,7241,8313,0
sz300284,0,0,0
sh603009,0,2561,0
sz300118,1666,887,0
sz300310,21159,4120,0
sz002347,0,0,0
sz300209,0,0,0
sh600243,1600,0,0
sz000739,3797,1737,0
sz300177,1002,0,0
sh603010,2353,2995,0
sz001896,0,0,0
sz300658,0,0,0
sz300391,0,0,0
sz002367,9959,8571,0
sh603179,0,0,0
sz002500,58256,34243,0
sz002272,0,0,0
sh603038,0,0,0
sh603037,0,0,0
sh600429,0,6438,0
sh603806,0,668,0
sz300735,8822,9577,1490
sh603648,758,0,0
sz002680,36385,12749,1014
sz300356,2330,14658,0
sz300473,291,0,0
sz300002,12482,6875,0
sz000809,0,0,0
sz300649,0,490,0
sz300129,1858,0,0
sz002202,66317,132600,2754
sz300379,4307,4890,0
sh600105,3002,0,0
sz300119,0,0,0
sz002099,2326,4720,0
sh600036,104075,89505,3517
sz300660,0,0,0
sz002369,27378,5482,1739
sh603165,302,0,0
sh600179,2046,25624,0
sz300618,3753,8006,803
sh600456,0,510,0
sh603636,11034,40079,0
sh600303,0,0,0
sz000552,2873,3000,0
sz000971,2505,724,1494
sz300270,3600,1056,0
sz002441,0,0,0
sz300727,1747,2129,499
sz300642,338,201,0
sz000921,0,3339,0
sh600884,23334,25487,2814
sh600273,0,4785,0
sz300475,0,0,0
sz300716,388,886,0
sh600320,0,0,0
sh603069,6599,9715,0
sz002476,0,0,0
sh603177,0,900,0
sh600325,5346,18367,0
sh600718,143562,242151,6687
sz300499,0,0,0
sz000560,0,0,0
sh600962,786,2974,0
sz002428,16966,50540,0
sz002911,0,0,0
sh600710,0,2600,0
sz002009,3358,6043,0
sh603959,0,606,0
sh600848,2301,3672,0
sz300554,181,0,0
sz000063,162238,134287,9116
sh600616,0,0,0
sh603103,421,353,0
sz300132,0,0,0
sh600629,0,0,0
sz002299,791,6313,0
sh600428,0,0,0
sz300509,0,487,0
sh603882,0,355,0
sh600573,0,0,0
sz300026,5870,5049,0
sz002669,0,0,1330
sz000011,0,2746,0
sz300514,0,2806,0
sz002287,0,1881,0
sz300573,0,0,0
sz000819,1274,0,0
sh600111,86604,85637,0
sh603703,0,0,0
sz000863,0,0,0
sz300671,257,644,0
sz002783,0,0,0
sh601777,0,0,0
sz300121,3735,1610,0
sh603477,4249,926,0
sz002822,3077,5750,0
sz002877,8007,3654,1192
sh600620,0,0,0
sh600585,46335,63226,4854
sz002317,11854,5750,1007
sz000869,0,272,0
sh600678,0,0,0
sh600704,3892,16325,0
sh600061,3912,940,0
sh603877,0,0,0
sz002350,0,0,0
sh600527,0,3986,0
sz000801,8241,6084,0
sh603848,0,0,0
sh600097,0,0,0
sz000830,129412,113500,7787
sh600519,7466,8320,1050
sz002128,5339,39841,1228
sh600035,0,0,0
sz002102,0,35004,0
sh600057,3325,1990,0
sz002560,0,0,0
sz300636,0,0,0
sz002827,0,631,0
sz300319,0,0,0
sz300736,232,226,0
sh603006,0,0,0
sz300633,2046,814,0
sz300104,665143,607205,6805
sh601877,15400,16520,0
sz002381,0,0,0
sz300549,0,0,0
sh600686,0,0,0
sh600369,2678,5945,0
sz000878,3634,2909,0
sh603499,698,0,0
sz002013,20587,4413,1494
sz002879,0,0,0
sh600754,3956,1238,0
sz300204,0,0,0
sz300457,1498,7425,0
sz300025,0,0,0
sh600744,3800,0,0
sh601599,14445,6203,0
sz002292,0,0,0
sz000023,0,0,0
sh600252,16881,16126,0
sz002131,24146,42878,0
sh600459,0,0,0
sh603976,1439,8229,1272
sz000158,6380,4326,0
sh600750,0,910,0
sh601211,19795,9314,0
sz002756,3223,2022,0
sz002315,0,700,0
sh601398,714174,808471,6047
sh600593,0,0,0
sh600885,446,1266,0
sz000970,8185,23695,0
sh601888,19542,10680,737
sz002705,0,4608,0
sz000951,0,818,0
sz002024,341907,335697,13353
sz002251,7273,3223,0
sh600965,0,0,0
sz002594,3185,9699,953
sz300205,21890,39155,1353
sh600543,1180,0,0
sz002022,3489,4734,0
sz300277,0,0,0
sh600361,2026,0,0
sz000607,0,11330,0
sz002361,0,0,0
sh603186,0,0,0
sz300702,0,0,0
sh601116,12887,7221,682
sh601518,0,0,0
sh600770,11253,2867,0
sz300550,1222,2000,0
sh600766,0,0,0
sz300720,2945,1385,0
sh600986,0,5425,0
sh603320,0,0,0
sh601515,0,0,0
sh601666,24000,47784,0
sh601008,0,0,0
sz300197,2716,9798,1118
sh603909,0,0,0
sz002562,3380,10061,0
sz002892,0,0,0
sz002606,3507,3432,0
sz000936,113257,147241,1260
sz300611,0,0,0
sh603880,1000,1615,0
sz000153,1288,2500,0
sh603218,592,731,0
sz300122,6332,7244,368
sh603916,826,1452,0
sz300692,696,303,0
sh601229,5391,25361,1157
sh600499,31209,17726,1076
sh600712,0,0,0
sz300493,0,23170,0
sh600598,102360,61597,1228
sz000417,0,0,0
sh600127,0,0,0
sz000911,0,0,0
sh600536,64307,30055,1291
sh601226,0,0,0
sh603619,616,379,0
sh600322,0,0,0
sz300242,1706,3738,0
sz000635,0,0,0
sh600888,4367,0,0
sh603861,2359,688,0
sz000150,0,0,0
sz002697,6789,0,0
sh603160,3561,2795,562
sh603903,0,3051,0
sz300323,16943,10825,0
sz002087,0,0,0
sh600392,74296,66042,4281
sz002426,3050,14204,0
sz002406,0,0,0
sz002394,0,0,0
sz002528,0,0,0
sh603829,585,681,0
sh603895,3039,1367,0
sz300111,0,0,0
sh600198,7963,4155,0
sh600386,0,0,0
sh603269,620,0,0
sh600548,0,1288,0
sh600246,0,0,0
sh603444,0,342,73
sh600075,0,0,0
sz300526,0,0,0
sh600106,0,0,0
sz300419,0,1600,0
sh603203,0,0,0
sz000010,0,2340,0
sh600444,4462,0,0
sz000599,0,0,0
sz300381,0,900,0
sh600469,0,2296,0
sh600258,2315,6347,0
sz000756,815,809,0
sz300587,0,0,0
sz000159,0,0,0
sz000895,3897,9329,540
sz300169,0,0,0
sz300015,3999,5837,0
sh600567,57912,62636,0
sz300583,0,0,0
sh603126,0,2469,0
sh601231,15021,9562,0
sz002042,0,0,0
sh600170,5006,13741,0
sh601636,94353,50180,0
sz002469,0,0,0
sz000536,0,0,0
sh600240,1795,2325,0
sz000561,0,0,0
sz300196,0,0,0
sh601318,274864,290182,36756
sz300144,5081,3229,0
sz002057,0,0,0
sz300339,11818,17920,0
sh603729,501,0,0
sh600825,1878,3870,0
sz002119,2000,0,0
sz000501,0,860,0
sh600219,31100,9269,0
sh603018,2001,572,0
sh600321,0,0,0
sz300315,83624,88345,0
sz300327,23134,22847,551
sh600882,0,0,0
sh600071,0,0,0
sh600162,5243,0,0
sz300020,4779,17172,0
sz000510,0,0,0
sz000520,3551,3375,0
sh603305,0,0,0
sz002150,0,0,0
sz002374,0,0,0
sh603456,4225,1720,0
sh600063,3050,0,0
sz002173,0,0,0
sz002716,5941,4673,0
sz002403,0,0,0
sh600510,0,0,0
sz300686,3018,718,1132
sh603161,0,0,0
sh603416,0,0,0
sh600775,13572,0,0
sz000922,0,0,0
sz002668,14571,5672,0
sz300684,2297,23180,508
sz000608,0,0,0
sh603363,46028,12157,645
sz300721,0,544,0
sh600655,0,0,0
sh600861,3012,0,0
sz300533,0,0,0
sh600917,0,0,0
sz002535,0,3403,0
sh600732,0,0,0
sh600662,0,0,0
sz300500,23526,15737,7662
sz000595,0,0,0
sz002687,0,0,0
sh603357,0,1201,0
sh600175,15004,6579,0
sz002365,6730,13845,1081
sz002351,0,1242,0
sz300065,12357,7975,1050
sz300260,0,0,0
sh603989,595,0,0
sz002132,3000,0,0
sz002084,0,0,0
sh600379,0,0,0
sh600978,0,0,0
sh600983,0,0,0
sh600800,0,0,0
sz002028,1437,0,0
sz002792,754,1082,0
sz300612,1366,1117,366
sz002836,0,0,0
sz300102,28796,7131,0
sz300373,13188,9758,0
sh600083,0,0,0
sz300588,2578,740,0
sh600843,0,991,0
sh603020,0,0,0
sz002686,0,1000,0
sz002811,0,0,0
sh600737,2709,3537,0
sh600981,0,0,0
sz002434,0,3171,0
sz002479,2392,7881,0
sh600999,20270,11635,0
sz002156,34566,36436,829
sz002707,877,877,0
sz002809,0,0,0
sh600578,0,0,0
sz300463,2028,1500,0
sz002307,0,998,0
sz300565,9171,4835,0
sh600025,14754,69584,0
sh601339,0,0,0
sz002617,1201,0,0
sz002653,0,0,0
sh600280,5741,0,0
sh603500,0,0,0
sh601949,0,0,0
sh600689,5144,10717,1153
sh600123,0,14328,0
sh603022,0,0,0
sh600095,51820,20721,1802
sz000898,14535,38352,0
sz002518,1737,858,0
sh603900,716,0,0
sz002582,0,3497,1479
sh600070,0,0,0
sz002565,0,0,0
sh600187,52612,43820,16716
sh600859,2861,0,0
sz300254,0,1093,0
sh600259,392,0,0
sz002567,0,3850,3447
sh600988,91973,63311,3190
sz300092,0,0,0
sh600466,10577,21367,0
sz000687,0,4167,0
sz002861,375,846,0
sz000065,0,1242,0
sz000521,0,2396,0
sz002736,4034,9867,0
sh600595,2579,0,0
sh600376,1300,0,0
sz300136,4111,11451,1045
sz002170,0,0,0
sh600823,12226,10001,0
sz002282,0,0,0
sz002651,1300,0,0
sz002897,269,265,0
sz002808,0,0,0
sh600626,0,0,0
sz002358,0,0,0
sh600089,4668,19298,0
sh603277,663,1336,0
sz002843,0,0,0
sz000518,0,0,0
sz002226,12481,3639,0
sh600029,137731,182760,8384
sh600647,0,0,0
sz300427,1697,0,0
sz002671,49817,0,0
sz000737,0,0,0
sh603289,5206,1200,0
sz002053,0,0,0
sh603396,0,0,0
sz002109,1434,9606,0
sz002790,0,0,0
sz002666,1513,5748,0
sz000918,1491,1501,0
sh601929,0,0,0
sz002106,1321,3483,0
sz300432,960,5354,0
sz000697,9181,589,0
sz002334,38804,35229,2037
sh603868,307,281,0
sz002266,0,32255,0
sz002742,16825,4531,0
sz300137,3322,7845,0
sz300027,72672,67585,0
sh603709,0,319,0
sz300167,0,1974,0
sz300589,0,0,0
sz300414,0,0,0
sh603618,0,0,0
sh601555,6517,3903,0
sz002107,0,0,0
sz000525,2126,2202,0
sz300380,1086,0,0
sz300307,2212,0,0
sz300293,11522,8318,0
sz002025,16184,9978,3877
sh600186,0,10000,0
sh600508,0,1400,0
sz300388,0,0,0
sz002895,9115,36819,1676
sh603007,0,0,0
sz002335,361,1651,0
sz002055,3184,582,0
sz300495,0,2484,0
sh600340,36821,32129,3213
sh600984,20898,12217,0
sh600683,0,0,0
sh600648,0,0,0
sh603928,0,0,0
sz300227,1142,529,0
sz002136,0,2000,0
sh603367,5354,7053,1519
sz002681,0,1341,0
sz002633,0,0,0
sz000957,0,1376,0
sz002341,0,902,1166
sz300641,0,0,0
sz300622,0,0,0
sh600687,4013,0,0
sh603260,2110,3246,0
sz002316,0,0,0
sh601311,0,791,0
sz300351,0,831,0
sz002189,0,0,0
sh603922,0,0,0
sz002325,7473,0,0
sh603085,0,0,0
sz000530,2034,0,0
sz002284,4313,0,0
sz002074,4076,9596,0
sz300171,11851,3357,0
sz000628,0,0,0
sh601258,36811,65130,0
sh601616,0,0,0
sh600570,152525,131326,23751
sh603579,148,0,0
sh600156,0,0,0
sz000815,889,0,0
sz300166,65647,51228,2533
sh603699,7189,0,0
sz002215,22024,15514,0
sh601001,0,2178,0
sh600584,108748,107587,5069
sh603308,900,2077,0
sh600517,0,5543,0
sh600201,24390,23811,0
sh600275,0,0,0
sz002224,0,6010,0
sh600726,0,0,0
sz002279,33588,26098,1008
sh603031,0,0,0
sz002230,101569,92500,12359
sh600605,0,0,0
sz300123,6455,930,0
sz002007,3170,6252,0
sz002283,3772,0,0
sh601028,0,0,0
sz000839,34829,19645,0
sz002665,46428,9049,0
sh600225,0,0,0
sh600007,0,0,0
sz002588,0,0,0
sz300134,4402,1885,0
sz002599,0,1200,0
sz002734,0,0,0
sz002281,34760,31730,1924
sz002655,39588,29080,987
sh600869,0,0,0
sz000413,21508,14005,0
sz002318,5893,1803,0
sh600815,0,0,0
sz300011,2300,0,0
sz002620,0,0,0
sh600719,0,0,0
sz300729,0,0,0
sh600558,0,0,0
sz000036,0,0,0
sh601928,0,0,0
sz300299,2947,2100,0
sz300512,0,0,0
sz002407,2500,2147,0
sz002766,877,1646,0
sz002440,7965,8889,0
sz300028,0,0,0
sz002353,890,680,0
sh600586,0,0,0
sh603225,0,525,0
sh600758,0,0,0
sh600828,0,2000,0
sh600298,4172,6352,0
sz300488,0,0,0
sz300292,2041,0,0
sh600403,0,2996,0
sz300149,0,1400,0
sz300079,8937,19478,0
sz300170,39673,43410,2360
sz002505,122566,39426,0
sz300460,0,0,0
sz002589,12741,1441,0
sz300710,424,0,0
sz000937,0,0,0
sh603232,577,250,0
sh603089,0,0,0
sh603881,6941,2299,0
sh603929,11987,35505,1066
sh600066,14276,22556,1712
sz000713,1624,5269,2050
sh600283,0,0,0
sz000524,0,0,0
sh600381,0,0,0
sz002243,0,0,0
sz000663,1144,822,0
sz000541,0,0,0
sz300001,0,947,0
sh600695,0,0,0
sh601218,0,0,0
sh600068,14471,25710,0
sz002400,0,0,0
sz300375,1064,0,0
sz002745,6780,1727,272
sz002927,2681,6110,1222
sh603059,1598,419,0
sz002399,0,0,0
sz300014,1755,10493,0
sh601336,28196,34650,1092
sz000925,0,3300,0
sz000582,0,0,0
sz002558,0,737,0
sz300408,4853,7244,0
sz300034,9827,13430,0
sz002470,12788,0,0
sz002329,8949,12676,0
sh600122,22212,9177,0
sh600056,15002,3500,0
sh603421,0,0,0
sh600640,3020,0,0
sz002507,46553,48302,1384
sh603387,1787,0,0
sz300208,952,1958,0
sz002026,0,1977,0
sh601233,19128,12842,1096
sz002258,511,0,0
sh600276,9590,13870,820
sh601388,11416,11011,0
sh600416,14245,22201,0
sz300099,2847,0,0
sz000751,0,0,0
sz002419,3871,4486,1045
sz002740,0,0,0
sz000568,6874,7392,597
sz300211,0,0,0
sh600435,22784,26140,0
sz002206,0,2480,0
sz000598,0,6414,0
sz300537,0,0,0
sz002679,0,0,0
sh600383,22905,51400,0
sh603533,2270,2392,286
sh600773,1232,1054,0
sz000563,2527,6941,0
sz000883,4020,3500,0
sh601519,0,0,0
sz002387,1214,700,0
sh600789,13894,5628,1008
sz002684,0,2683,0
sh600235,0,0,0
sh600067,0,0,0
sz300579,1171,1178,0
sz002627,0,0,0
sh600650,0,0,0
sz000822,0,0,0
sh601789,0,0,0
sz300527,2273,0,0
sh603680,0,379,0
sz300263,42213,51275,5109
sh603979,0,0,0
sh603738,0,371,0
sz002068,0,0,0
sz002828,438,0,0
sh603557,6500,2668,1551
sz300183,12116,8595,722
sh600556,0,0,0
sh600654,0,0,0
sz000886,22280,71631,0
sh600085,3756,5900,0
sz300666,19824,18986,4466
sz002293,0,0,0
sz300435,0,0,0
sh603356,427,0,0
sz002271,312,1964,0
sz300546,0,1157,0
sz000926,1300,8362,0
sz000050,4863,10100,0
sh601939,323112,425551,11687
sh600377,0,0,0
sz000537,21545,44347,835
sh600077,0,0,0
sz300022,0,0,0
sh600238,1385,0,0
sz002917,7193,691,0
sh600622,822,2000,0
sz300535,0,0,0
sh601766,26209,58084,0
sh603090,0,0,0
sh601901,0,0,0
sh600697,0,0,0
sh600836,0,0,0
sh600651,0,7629,0
sh600234,0,0,0
sz000755,0,0,0
sz002267,0,0,0
sz300287,33339,17336,0
sh603017,0,872,0
sh600863,0,6270,0
sh600522,37508,57368,0
sh600779,2972,801,0
sz300538,0,0,0
sh600776,0,0,0
sh603169,0,0,0
sz002054,0,1627,0
sz300138,882,0,0
sz002101,701,2722,0
sz000987,5820,11522,0
sz002211,0,0,0
sz000762,5217,732,0
sz002398,779,0,0
sz300665,400,460,0
sh603878,1655,1623,0
sz002431,3696,10426,0
sz000613,40816,16260,2116
sz300045,4060,1056,0
sh603096,622,1262,0
sz300046,587,0,0
sz300638,1192,950,0
sh603055,0,3055,1022
sz000836,9956,2139,0
sz000008,1802,2148,0
sh601177,0,0,0
sh603167,0,0,0
sz300402,5005,3740,1819
sh600185,0,6605,0
sz000409,0,0,0
sz000813,1600,0,0
sz300201,8833,3360,0
sz002614,0,487,0
sh600308,2049,12047,0
sh600080,0,0,0
sz300423,0,927,0
sz002821,964,2105,555
sz002038,40879,47429,1069
sh603797,0,0,0
sz300061,1650,0,0
sz300609,1833,950,0
sz002386,3208,1536,0
sz002420,0,0,0
sz002363,0,0,0
sz002120,220,820,0
sz300324,9506,24524,0
sh600634,11396,7755,0
sz002174,1655,2991,0
sh600876,0,800,0
sz000498,0,0,0
sh601011,21537,17122,1578
sh603708,0,514,0
sh600028,205467,311931,2080
sh603035,0,0,0
sz000996,0,6951,0
sh601288,667925,1164790,0
sh600749,4119,1000,0
sh603466,1964,1470,0
sz002162,0,0,0
sh603041,0,0,0
sz000061,3666,0,0
sh600262,1000,983,0
sh600247,0,0,0
sz300288,1447,985,663
sz002516,2040,7303,0
sh600073,2619,3247,0
sz000408,4529,7402,0
sz002036,12250,4669,1039
sz300678,1635,1346,534
sh600091,0,0,0
sz002194,6459,1140,0
sz300429,0,0,0
sh600153,6840,11708,0
sh603712,116256,175568,33499
sz000738,22673,20762,1096
sh603677,0,0,0
sz002183,11363,15920,0
sh601997,10692,9709,0
sz000066,535363,424308,23195
sz002856,0,0,0
sh600366,5762,5897,0
sz002178,13416,8339,0
sz002925,9784,14697,1851
sz002071,0,8582,0
sz002698,1386,1951,0
sh600980,0,0,0
sh601333,0,8478,0
sz002190,2108,961,0
sh600119,0,831,0
sh601579,0,0,0
sh600390,0,2004,0
sh600658,0,0,0
sz000988,12293,6359,0
sh603811,0,0,0
sh601375,17009,3824,0
sh603337,4667,1343,0
sh601811,0,0,0
sz300107,21187,38317,0
sh603896,0,0,0
sh601996,3434,0,0
sz002757,0,0,0
sz002373,10240,21264,0
sz000712,653,3778,0
sz300680,749,2436,0
sz002576,0,783,0
sh600961,1205,8133,0
sh600419,0,0,0
sh603067,27399,33830,5697
sz002555,4366,7087,0
sz300261,0,0,0
sz002823,0,0,0
sh603228,1027,705,0
sz002207,0,0,0
sh603118,3077,0,0
sz002151,17109,18849,1369
sz002714,4601,1625,505
sh600191,0,0,0
sz002724,0,0,0
sz002908,2398,1586,0
sz000989,3992,927,506
sz002673,22026,12146,0
sz300396,0,0,0
sz300731,4557,0,0
sh603722,14761,15070,525
sh600795,40604,86942,0
sh600575,0,0,0
sh600895,10763,6090,0
sz002291,0,0,0
sh600563,330,855,0
sz002676,1972,5767,0
sz300333,3722,1219,0
sh600463,0,0,0
sz000060,15572,16069,0
sz000630,36775,22918,0
sz000908,0,0,0
sh600681,0,0,0
sh600282,76376,111201,0
sz000963,5013,3898,0
sz002728,0,0,0
sh603166,0,0,0
sz300017,299104,330595,29424
sh600370,0,0,0
sh600812,0,0,0
sz002297,7632,6620,0
sz300162,10449,5316,0
sz300194,7317,0,0
sz300182,40973,40022,0
sz002504,0,0,0
sz300569,550,600,0
sz002217,44122,20115,0
sh601155,17047,17421,2947
sz300637,1022,515,0
sz300215,0,0,0
sz000543,7984,2200,0
sz002550,0,0,0
sz300602,2231,1094,175
sz002512,4693,5571,0
sh600741,6822,6581,552
sz002487,0,0,0
sh603798,0,0,0
sz002073,1535,4508,0
sz000919,0,0,0
sz002492,0,2000,0
sz300306,1328,1227,0
sh603113,0,1308,0
sz300349,4076,2186,0
sz002336,0,0,0
sz002638,7532,0,0
sh603108,0,0,0
sh603969,0,3713,1577
sh600822,1167,0,0
sz002510,0,4024,0
sh600161,4591,5734,935
sh603377,576,0,0
sz002432,2694,2500,0
sz300140,1465,3370,0
sh600299,0,0,0
sz000589,0,0,0
sz002321,11198,22095,0
sz000423,1503,3731,206
sh600549,27389,42243,906
sz002900,856,472,0
sz000620,3849,0,0
sh600284,0,0,0
sz002466,22275,34725,1177
sh600559,0,0,0
sz002097,0,0,0
sz002595,0,0,0
sz002858,328,1952,0
sh600865,6999,0,0
sz000977,161277,201647,10908
sh600707,1509,0,0
sz300697,0,509,0
sz300532,2332,2278,701
sz002675,22097,3868,2115
sh600406,7148,9242,0
sz002493,6582,8436,0
sh600270,8492,4088,0
sh600190,0,0,0
sh603970,5864,4937,879
sz000960,15057,15399,0
sz300126,0,0,0
sz300412,19522,12980,4107
sz300480,0,724,0
sh600449,0,0,0
sz000637,0,0,0
sz300385,0,0,0
sh600908,2102,5279,0
sz300572,115,319,0
sh600845,9580,7207,0
sh601018,0,7987,0
sh603001,0,0,0
sz002702,0,2481,0
sz002105,0,0,0
sz002311,7016,4797,0
sz300447,0,0,0
sh603100,0,0,0
sz300355,8800,17124,0
sz002310,9788,5949,700
sz300510,0,0,0
sh603580,0,407,0
sz002456,41119,65594,614
sz002404,0,0,0
sz002269,4212,0,0
sz002436,17013,4871,0
sh600771,2467,1817,0
sh600488,0,0,0
sz000861,0,0,0
sz000407,0,0,0
sh603898,885,735,0
sz300695,0,0,0
sz300230,0,2834,0
sz300050,6782,2902,1121
sh600487,29551,23038,376
sh603936,500,0,0
sh603326,0,0,0
sh603183,274,0,0
sh603015,0,0,0
sh603601,0,0,0
sz002273,31087,38963,1273
sh603333,0,0,0
sz300645,262,298,0
sz300218,0,0,0
sz002278,4840,3353,0
sz300715,452,1654,0
sh600109,126933,78315,0
sz002847,0,0,0
sz002849,1740,0,0
sz000927,0,0,0
sh600054,0,3653,0
sz000993,5616,1587,0
sh600426,46214,20130,1029
sz300304,3409,1671,0
sh603871,536,421,0
sz002152,21669,12954,0
sz000096,0,0,0
sh603663,0,0,0
sh600963,0,5276,0
sz002100,0,0,0
sh600705,18551,11740,0
sh603286,2081,0,0
sz002842,326,256,0
sz300634,0,0,0
sz002290,0,0,0
sh600760,92328,47294,4536
sh600583,2525,12857,0
sz300219,0,844,0
sz300081,0,0,0
sz000671,51114,21314,0
sz000893,1755,3029,0
sz000707,0,0,0
sh600418,2048,1392,0
sz300521,0,0,0
sz002438,0,0,0
sz300212,37803,32956,1591
sh603223,0,0,0
sz002743,9624,0,0
sz002624,4133,6427,0
sh603077,0,11825,0
sz000929,0,0,0
sh601969,0,0,0
sz002871,0,0,0
sh600306,3260,3113,0
sz002408,15941,7860,0
sz300653,0,12489,0
sz000585,0,0,0
sh600159,0,0,0
sh600230,6106,2877,0
sz000028,3380,1258,503
sh600608,0,0,0
sz002080,605,2875,0
sz002401,3373,894,0
sh603997,1004,7281,0
sz000420,0,4500,0
sz300231,16745,17163,0
sh600493,0,0,0
sz002789,0,0,0
sh603609,1088,2254,0
sz002922,1689,1430,0
sz300012,9170,10052,0
sz300386,6481,4024,0
sz002508,4102,11487,958
sh600208,33142,98864,0
sz002760,0,0,0
sz000661,3568,5688,135
sz000507,0,17083,0
sh600619,0,0,0
sz002499,0,0,0
sz000039,2062,10080,0
sz002489,0,0,0
sh600846,16450,9195,1479
sh600315,2532,4044,0
sz002690,533,2450,0
sh600385,0,0,0
sh603567,0,0,0
sh603311,0,0,0
sz000979,53188,81187,0
sh600513,0,0,0
sz000603,0,0,0
sz300024,205300,132066,10496
sh600328,0,0,0
sz300187,0,1345,0
sz000411,439,0,0
sz300157,5410,0,0
sz002674,0,0,0
sh600037,804,0,0
sz000558,0,5395,0
sz000638,0,0,0
sz300125,0,0,0
sh601069,69249,50406,9336
sz002462,0,0,0
sz300523,194,0,0
sh600839,0,8446,0
sh600756,46690,31602,2783
sh600641,27603,8346,0
sz002717,5084,3214,0
sh603788,0,1675,0
sh603558,0,0,0
sz300347,3913,7593,270
sz000892,0,0,0
sz002616,0,0,0
sh600135,18936,6507,1119
sh600090,1503,0,0
sh603689,0,0,0
sz000049,0,0,0
sz300632,0,482,0
sz300340,280,1085,254
sh600352,46074,21027,0
sh600112,0,0,0
sz002240,0,1000,0
sh603879,0,708,0
sz000786,20935,16668,929
sz300529,3179,4005,0
sz002033,0,0,0
sh600317,0,4017,0
sh600722,0,0,0
sh600248,0,0,0
sz000851,5626,3235,0
sh600027,0,21217,0
sz300250,0,832,0
sh601919,3000,1992,0
sh601107,0,0,0
sz300341,0,0,0
sz000708,0,0,0
sh600203,0,1212,0
sz300366,6160,3814,0
sh600452,0,0,0
sz002537,10172,4176,0
sh600774,0,0,0
sh603899,0,0,0
sz000826,1204,5199,0
sz002062,0,0,0
sh601212,22844,18965,0
sh600802,0,3039,0
sh603608,0,0,0
sz300531,2354,0,0
sz002418,1225,0,0
sz000504,3071,1824,0
sz002043,0,1461,0
sh600400,0,0,0
sz002066,0,1500,0
sh600062,3792,3322,0
sh603818,0,0,0
sh601000,0,30002,0
sz300581,0,0,0
sz002286,0,1039,0
sz002065,144215,72252,0
sh603117,0,0,0
sz000698,5000,10350,0
sh600195,2891,1802,0
sh600339,2514,3791,0
sz000676,0,0,0
sz300275,0,0,0
sz002435,0,0,0
sz000727,13821,16887,0
sz300610,0,0,0
sz002452,2680,1977,0
sh603758,0,0,0
sz002533,0,0,0
sz300030,1200,0,0
sh600509,0,0,0
sz002485,0,0,0
sz300575,0,877,0
sz002030,1381,0,0
sh601918,7867,11857,0
sz002130,0,0,0
sh600851,0,0,0
sz002891,0,0,0
sh600900,3165,6456,843
sz300466,0,2125,0
sh603336,28333,16590,1352
sh603566,0,0,0
sz002164,0,0,0
sh600903,9970,13588,338
sz300191,0,0,0
sh601688,156664,132587,9791
sz002658,0,0,0
sz002482,0,0,0
sz002540,0,0,0
sz300239,0,0,0
sh603809,0,0,0
sz300479,1165,1592,0
sz002782,2680,1630,0
sz002338,0,0,0
sz002478,0,0,0
sz000862,0,0,0
sz000006,1398,9913,0
sh600706,0,0,0
sz002815,17633,21418,2317
sh603200,0,0,0
sh600184,0,0,0
sh600038,25144,12164,696
sh603919,0,1056,0
sz300568,387,0,0
sh603888,568,0,0
sz300399,1208,4581,0
sz002709,2085,713,0
sz300403,3070,4240,0
sh600873,2013,16672,0
sh603801,296,0,0
sz000933,78275,63814,2322
sh601611,1421,2411,0
sh601108,14409,11098,0
sh600811,0,6928,0
sh603586,0,0,0
sz002460,88921,126208,20821
sz000920,0,1577,0
sh600545,2948,2953,0
sz002092,2029,14873,0
sz300619,0,2551,0
sh601139,0,0,0
sh600708,2503,0,0
sz002755,0,0,0
sz000514,26182,7730,0
sh601366,0,0,0
sz002885,0,1177,0
sz300131,21452,13669,0
sh600692,1470,1392,0
sh603838,0,0,0
sz300562,0,698,0
sz002566,0,0,0
sh600976,0,0,0
sz300644,842,2333,0
sh603638,1191,908,0
sh600611,36786,8965,0
sh603630,0,0,0
sh603365,0,0,0
sz002488,9767,2799,769
sh600375,0,0,0
sz300696,4129,4279,209
sh600446,38891,20776,4518
sz000897,0,0,0
sz002359,1208,656,0
sh600829,0,0,0
sh603960,0,0,0
sz300253,77306,114299,7849
sz300364,27561,34243,0
sh601618,9392,0,0
sz002803,0,0,0
sh603536,0,0,0
sh600958,7665,6767,0
sz002483,0,2490,0
sz002192,13395,14039,1633
sh600415,0,2549,0
sz000691,0,0,0
sh603258,0,0,0
sz300592,0,0,0
sh603303,0,0,0
sz002324,0,0,0
sh601600,322145,299192,0
sz000997,83600,74763,2227
sz000004,0,0,0
sz002027,155975,155851,11933
sz300018,0,0,0
sz000503,124195,61250,5716
sz002689,5661,0,0
sz002474,28192,16980,0
sz002314,0,0,0
sz002114,0,1000,0
sh603388,0,0,0
sz002379,0,0,0
sz002603,0,1000,0
sh603978,0,121,0
sz002906,7767,5957,2102
sz002298,0,1600,0
sh601966,828,2898,0
sz002154,0,6040,0
sh601158,0,0,0
sz000030,0,1511,0
sz000720,0,36950,0
sh600966,5680,17931,0
sh601038,0,1622,0
sz000833,0,0,0
sh600501,0,0,0
sz002234,0,3362,0
sz300492,0,0,0
sz002772,6901,2066,0
sz300368,1253,0,0
sh600649,0,0,0
sz002913,530,1156,0
sz300698,1722,347,0
sz300059,475655,569606,36140
sh603588,5416,3784,0
sz002377,1398,0,0
sz002769,11006,6961,1361
sz000609,0,0,1230
sz000902,0,0,0
sz002830,0,0,0
sz002531,1700,9081,0
sz002701,0,1831,0
sz002380,0,987,0
sz002786,0,1866,0
sz002571,0,0,0
sz300430,0,0,0
sz002882,0,0,0
sz002609,718,0,0
sz002542,0,0,0
sh603616,7493,6360,0
sz002069,0,0,0
sz000513,8271,5317,537
sh601788,6692,2269,0
sz002416,0,0,0
sh603860,437,300,0
sz002872,0,1085,0
sz002498,0,0,0
sz002817,0,0,0
sh603839,0,0,0
sz300631,9167,28759,0
sz300520,12136,39904,0
sz002446,7194,2327,0
sz000903,0,3361,0
sz300389,645,0,0
sz300471,0,0,0
sz300274,19685,20617,641
sz300168,66851,112134,5197
sh603196,1927,1301,0
sh600143,0,6717,0
sz002439,73973,58422,6796
sh603516,2031,2259,969
sz002551,0,0,0
sh601186,17635,6686,1085
sh603721,395,0,0
sh600169,0,4407,0
sh603156,1667,532,336
sh600433,0,2618,0
sh603816,414,1927,0
sz000868,7801,6624,0
sz002869,480,855,0
sh603779,0,0,0
sh603639,0,657,0
sh603908,0,0,0
sz002017,2810,1786,0
sz002433,0,5414,0
sz002600,32870,59383,0
sh600326,8147,7668,0
sz300484,0,543,0
sh601828,1860,3605,0
sh600748,0,0,0
sh603313,0,0,492
sz300163,2666,0,0
sz002732,0,0,0
sz300613,2176,1773,329
sh601801,0,1582,0
sh600351,2614,0,0
sz002232,1074,0,0
sh601633,0,0,0
sz002682,0,0,0
sz300158,664,5611,0
sz002750,0,0,0
sz300247,2291,9075,0
sh600763,1040,3750,0
sz002527,0,0,0
sh600587,9543,5359,0
sz002031,29976,0,0
sz300508,0,143,0
sh601390,3330,3549,0
sz300189,5547,2848,0
sh601699,93586,60474,0
sh600012,0,3167,0
sh600521,15381,11798,644
sz300518,0,0,0
sz002859,829,396,0
sz000502,0,0,0
sz002862,0,0,0
sh600079,5999,23178,0
sz002430,15879,8674,2319
sh603003,0,0,0
sh600120,0,1804,0
sh600547,145701,85286,6249
sh603585,0,0,0
sz300233,569,0,0
sh600289,0,0,0
sz300258,0,0,0
sz002280,11595,5983,0
sh600728,198068,145299,11080
sz300098,50040,37250,6270
sz300597,627,0,0
sz300127,0,0,0
sz002023,19127,27414,0
sz300615,0,0,0
sz300172,0,0,0
sz002779,0,0,0
sz300448,0,777,0
sh600094,0,0,0
sz000572,2627,4018,0
sz300458,12063,7020,0
sz002188,0,0,0
sh603856,0,0,0
sh600129,0,0,0
sh600367,1736,11127,0
sz300156,60101,66951,5683
sz300418,24006,35951,0
sh603918,17226,22009,1829
sh601100,1906,2013,0
sh600642,0,0,0
sz300314,0,0,0
sz300682,22737,59058,4020
sh600380,16339,10322,933
sz002519,0,0,0
sz002218,0,0,0
sh603139,866,399,0
sz300296,26556,35226,2019
sh600395,0,1645,0
sz002294,3923,10115,0
sh600871,5000,0,0
sz000731,0,6349,0
sh600408,0,0,0
sz300009,37504,37338,1924
sh603330,0,0,0
sz002888,13316,17228,0
sh600178,0,0,0
sh600059,0,1700,0
sh600422,5998,12425,0
sh601098,3602,0,0
sh603063,5894,8674,0
sz002006,0,0,0
sz300308,791,290,0
sz002253,5697,8023,0
sz002110,5627,25718,588
sh600971,5540,14277,0
sz002246,1626,4230,0
sz000835,0,0,0
sz300461,444,220,0
sz002442,0,0,0
sh603060,0,0,0
sz000590,0,2630,0
sh600021,0,3346,0
sz002108,0,4824,0
sz002761,973,0,613
sh600858,0,0,0
sh600030,621339,687707,39393
sz300075,58864,31634,9517
sh600060,8988,1670,0
sz002873,614,1343,0
sh603777,0,0,0
sz300545,178,1058,0
sh603912,671,1425,0
sz002459,0,0,0
sz300303,0,0,0
sz300629,0,1262,0
sz000928,5640,0,0
sz002886,1704,0,0
sz300278,117701,80645,3137
sz002455,2803,22377,0
sz002160,0,0,0
sz000070,0,0,0
sh600645,5941,12689,0
sz002412,0,0,0
sz000948,2004,922,0
sh603701,0,0,0
sz002029,0,0,0
sh600644,0,0,0
sh600297,5979,1463,0
sz300547,864,626,0
sz300465,32253,8382,0
sz000668,0,0,0
sz300650,599,3509,0
sh603799,70455,85326,13153
sz300328,1613,1995,0
sh600618,1121,0,0
sz300576,2472,8896,0
sz002846,758,830,0
sh600805,0,0,0
sz002250,0,1154,0
sh603665,0,0,0
sz300740,6379,6511,0
sh601003,0,0,0
sz002467,0,18919,0
sz300420,8057,0,0
sh600539,0,0,0
sz002878,0,285,0
sh603858,2213,1939,0
sz002787,0,0,0
sz002328,0,0,0
sz002796,0,0,0
sz000623,6497,4281,0
sh601952,6475,1710,0
sz000632,5332,0,0
sz000681,8580,13546,0
sz300446,0,423,0
sz000959,0,0,0
sz000906,1722,0,0
sz300717,0,1015,0
sz000880,0,0,0
sh600476,0,0,0
sz300051,4848,10341,0
sh600396,0,0,0
sh603288,300,1838,241
sh600479,1658,2455,0
sz000018,0,0,0
sh601328,174388,168674,0
sz002801,0,0,0
sz300052,0,2812,0
sh600365,0,1912,0
sz300311,4236,1597,0
sh600671,0,538,0
sz002657,13901,12064,0
sz000999,3792,1903,0
sh600594,7541,9982,0
sz300487,0,2990,0
sz300407,0,2194,0
sh600267,8188,14713,0
sz300241,3906,1670,0
sz300130,0,2919,400
sz300542,607,383,273
sz000856,10671,11319,0
sz300348,3717,1682,2158
sz300217,0,0,0
sh600302,0,0,0
sz300395,0,0,0
sh600490,9799,26180,0
sh600223,0,0,0
sh601999,0,0,0
sz300291,1004,5415,0
sz000752,6239,1970,0
sz002715,0,0,0
sz002881,9325,16830,716
sh601700,2032,5000,0
sh600163,0,0,0
sz300426,7179,5560,0
sh603266,2943,3782,407
sz002117,7863,2080,0
sz002360,0,0,0
sz002304,2217,5207,307
sz002523,8744,5155,0
sh603043,0,0,0
sh600507,25064,41549,3438
sz002233,4526,8529,0
sh603555,842,0,0
sh600638,0,0,0
sz002255,0,0,0
sz002392,0,0,0
sh603757,0,0,0
sh600819,0,0,0
sh600305,0,1609,0
sh600279,0,0,0
sz300236,15136,19040,1037
sz300504,0,0,0
sz002445,3157,7891,0
sz300607,251,800,0
sz300387,0,0,0
sz000040,1730,4046,0
sz002019,14242,17188,461
sz000533,396827,5006,0
sh600332,3248,8343,0
sz002863,1086,2308,0
sz002773,3339,947,0
sh603039,771,240,145
sh600874,30102,25710,848
sz002905,669,2897,0
sh603890,503,0,298
sz000062,1142,0,0
sz300329,0,0,0
sh600316,3313,6290,0
sz002410,34894,14819,2295
sz300244,9694,14640,0
sh603787,0,0,0
sh600373,14500,6538,0
sz002495,0,0,0
sh603233,1351,262,0
sh600310,0,4222,0
sz000795,2168,6702,0
sh603322,0,0,0
sz300616,316,50,0
sz300313,0,0,0
sz002303,4971,0,0
sz002081,10833,1619,819
sz002063,12765,9165,0
sz300268,0,0,0
sz002003,0,0,0
sz002129,202224,274028,2401
sz002919,727,0,0
sh601163,1410,0,0
sz300108,0,0,0
sz000915,444,1457,0
sh600889,0,0,0
sz300404,1000,1092,0
sz300691,364,149,286
sz000980,3267,0,0
sz300235,967,1789,0
sz002918,0,0,0
sh600973,0,5147,0
sz300566,472,0,0
sh600336,0,0,0
sh600588,77474,87541,9991
sh601717,0,9007,0
sh600099,0,0,0
sz300033,19661,10269,0
sh600141,1411,5220,0
sh600439,5985,10325,0
sh600810,0,7666,0
sh603767,5149,0,0
sh600338,0,0,0
sz002203,0,0,0
sh603389,0,0,0
sh603359,0,408,0
sh601678,6653,14990,0
sz000042,0,0,0
sz002236,153505,210199,15993
sz002581,676,648,0
sz000848,0,6568,0
sz002268,16338,12509,1349
sz002852,340,0,0
sz000975,4571,1443,0
sz300155,0,0,0
sh603011,0,0,0
sh600130,0,2171,0
sz300424,4542,1401,0
sh600335,49046,92490,12866
sh600782,44985,33802,0
sh600793,0,0,0
sz300377,51822,55479,6142
sz002165,0,0,0
sz000005,0,11651,0
sh600220,7756,11356,0
sz002807,0,2880,0
sz300346,6534,426,0
sh603776,757,3089,0
sh600676,0,2016,0
sz300272,0,0,0
sh600738,0,0,0
sz000725,1175759,1060419,0
sh600901,12366,41058,0
sz002429,13440,0,0
sz002664,0,1260,0
sz300095,0,0,0
sz300726,29765,45108,6186
sz300369,18650,7940,0
sz300087,2993,0,0
sz300148,7327,9918,0
sh600603,0,0,0
sh600489,166401,103450,1926
sz300114,0,3725,0
sh603626,1159,0,0
sh603813,2271,0,0
sh600355,7071,0,0
sh603716,1788,427,0
sz002356,0,0,0
sz300330,1900,0,0
sz300179,0,0,0
sz002277,0,4801,0
sz000821,1118,2508,0
sz002634,9726,35507,0
sh603116,0,0,0
sz300116,4863,0,0
sz002354,4421,9212,891
sh600250,0,0,0
sh603711,0,0,0
sz300654,1300,0,1311
sz002835,0,0,0
sz000798,0,0,0
sz002242,0,0,0
sh601799,448,0,0
sh600740,45374,32255,0
sh600834,0,0,0
sz300672,2753,2982,298
sh603980,0,0,0
sz300737,1868,2080,0
sz002115,0,0,0
sz000931,0,0,0
sz002214,0,3813,0
sz300106,0,0,0
sz300302,8106,6288,0
sh600853,0,0,0
sh600792,0,3134,0
sh600746,0,0,0
sz000788,0,0,0
sh603128,7230,9243,0
sh600039,0,0,0
sz002621,0,0,0
sz002372,1317,0,0
sz300383,127146,135642,5010
sh603136,0,0,0
sz300321,0,0,0
sz002449,8154,2067,0
sz000639,1001,1670,0
sz000069,24443,68362,0
sh601111,80799,82853,6367
sh603032,0,0,0
sh600359,10175,5902,0
sh601228,0,5039,0
sz002171,4784,0,0
sz002641,0,0,0
sh603833,208,158,0
sh603078,355,713,0
sz002553,0,0,0
sz300117,0,0,0
sh600113,5393,13132,0
sz000636,86921,59584,830
sz300452,0,0,0
sz300700,1007,864,0
sh600529,8662,1130,0
sz300437,2596,5324,0
sh603189,661,773,0
sz000850,0,0,0
sh600121,0,12213,0
sz002378,0,0,0
sz000545,0,6883,0
sz002703,9187,7427,0
sh600491,45000,10247,0
sz000885,0,0,0
sz002602,2085,1260,0
sz300559,400,858,0
sh600236,0,0,0
sz000659,0,3428,0
sh600892,0,0,0
sh600757,1603,2471,0
sh603199,0,0,0
sz000548,0,0,0
sz300425,0,0,0
sz002127,16301,4495,0
sh603589,817,2790,0
sz000728,7764,10404,1426
sz300675,3592,8751,2596
sz002227,0,0,0
sh603058,4133,5215,0
sz002044,8409,5640,615
sz002731,0,0,0
sh600582,4923,14303,0
sz000667,0,6934,0
sz000509,0,0,0
sh603214,0,0,0
sh600624,2207,4112,0
sz002195,38694,17263,0
sz300164,0,0,0
sh600266,0,8439,0
sh600233,0,899,0
sz300273,26593,11796,0
sh600378,0,833,0
sz002774,0,0,0
sz300203,4555,1000,0
sz300105,0,2449,0
sz300042,754,0,0
sz300663,2910,1693,0
sz000068,0,0,0
sz000693,0,0,0
sz300456,1453,4147,0
sz002825,0,0,0
sh603080,664,0,0
sh600019,162953,138950,6315
sh601179,0,0,0
sh603501,3664,6201,0
sz002124,0,0,0
sz002153,44722,19751,0
sh601360,9096,17107,1817
sh600643,0,2894,0
sz300069,0,0,0
sz300232,6347,7699,0
sz300477,18110,35528,3186
sh600872,5705,5819,0
sz000702,0,4114,0
sh600196,44283,34291,4335
sz300553,379,0,0
sh603920,9123,30511,0
sz300490,3856,3517,0
sh603568,0,0,0
sz000631,0,0,0
sz300353,24655,27792,3465
sz000021,44604,2648,0
sz000655,0,0,0
sz000718,0,0,0
sh600609,0,0,0
sh603005,3317,7997,323
sz000889,1000,0,0
sh600008,37852,72099,0
sz002220,0,3568,0
sh601101,0,2685,0
sz300360,0,0,0
sz300474,3591,1927,0
sz300551,0,0,0
sh603088,0,0,0
sz300601,4767,3454,368
sh600227,0,11621,0
sh601800,2635,2653,0
sh600520,992,2305,567
sz002320,29520,33248,2562
sh600193,0,2699,0
sz300363,920,0,0
sz002771,598,0,697
sz002186,0,0,0
sz002352,895,0,0
sh601009,58196,79013,0
sz002688,0,0,0
sh601208,0,0,0
sz000020,0,0,0
sz300005,0,4725,0
sz300570,0,0,0
sz000949,0,0,0
sh601015,0,0,0
sh603335,1401,0,0
sh600673,47946,46839,993
sh601558,53377,38763,0
sz002414,0,0,0
sh600292,0,0,0
sz002176,50846,68005,0
sz002711,42868,9497,6536
sh600765,0,1166,0
sz300252,4907,6249,0
sh600182,0,0,0
sz300528,974,853,0
sz002157,20451,45638,0
sz002706,0,0,0
sh603157,0,0,0
sz000985,0,0,0
sh601988,448031,597788,0
sh601166,96293,118824,0
sz300556,0,2721,0
sz000627,0,6332,0
sh600936,0,0,0
sz300228,3205,0,0
sh603999,0,0,0
sz002795,1000,0,0
sz002608,0,0,0
sh603012,0,0,0
sz000612,0,0,0
sz300101,96984,125235,5512
sz300013,0,0,0
sh600764,0,0,0
sz300469,204,1556,0
sz300712,0,1034,0
sh603986,24394,19916,4177
sh600331,0,0,0
sh600482,32144,15631,0
sz300718,0,0,0
sh600821,0,0,0
sz300044,99360,92311,3104
sh600118,19196,17404,0
sz002635,9473,4813,682
sz000876,10965,11695,0
sz300269,1662,3068,0
sh600769,1742,15426,0
sh603506,3188,2704,0
sh600653,0,0,0
sh603778,0,0,0
sz002767,0,0,0
sz300264,0,0,0
sz002826,0,0,0
sz000002,104190,125787,10826
sh600146,826,1009,0
sz002685,0,1080,0
sh600212,21951,0,0
sz300342,0,0,0
sz000027,3253,3627,0
sh600160,25291,58019,0
sz000422,0,0,0
sz002177,14518,0,0
sz000887,7531,9540,0
sz000615,9405,22305,1192
sz002632,10428,9608,0
sh603029,5235,5248,490
sz300370,7713,0,0
sh600791,0,0,0
sh603599,0,0,0
sz002079,34752,21700,1568
sz300094,1702,2000,0
sh600197,0,578,0
sh600995,0,2691,0
sz002605,0,0,0
sz002184,14278,14058,922
sz002812,100,354,110
sz002663,2500,0,0
sz002517,11375,15728,0
sh600796,0,0,0
sz002880,0,461,0
sz000531,0,0,0
sh600183,11158,23185,1033
sh600739,8991,9421,918
sz000555,94555,63242,11441
sh600835,15499,14439,0
sh600864,0,0,0
sz002090,0,0,0
sz300428,1422,0,0
sz002672,1394,1448,0
sz002035,1487,2496,0
sh600661,392,0,0
sh603726,0,0,0
sz300548,9852,17488,835
sh600055,4419,1916,0
sz300534,0,0,0
sh603298,0,0,0
sz300664,4868,485,0
sh601021,0,1070,0
sz000981,1500,0,0
sh603519,0,700,0
sz300120,0,0,0
sh601608,3454,0,0
sh603668,1005,0,0
sh600537,2690,0,0
sz002853,0,0,0
sh600890,3565,980,0
sh603283,12760,19617,7951
sz300459,3764,1796,0
sh600498,11231,8947,0
sh600817,0,0,0
sh600893,74371,52312,2280
sz300558,3819,1433,746
sh603602,1679,349,0
sz300063,4232,3275,0
sh600639,0,0,0
sh600959,2000,0,0
sz002231,0,0,0
sz002343,5915,9300,0
sh603828,0,0,0
sh600525,30651,58276,0
sz300687,385,234,0
sh603917,901,0,0
sz002805,0,0,0
sz300070,50873,40619,4208
sz000828,2044,1105,0
sh600703,157317,120379,5607
sz002148,2589,15863,0
sz000592,5642,3000,0
sz002722,0,500,0
sz300530,0,0,0
sz300076,0,0,0
sh600410,104514,89221,8718
sh600652,1876,0,0
sz000910,4996,3109,0
sz300352,354280,343111,8237
sz000418,0,776,0
sh600909,0,5503,0
sz002748,0,0,0
sz300371,0,0,0
sh603226,0,0,0
sz300289,0,0,0
sz002741,1158,5174,0
sz300699,2655,1983,0
sz000705,0,0,0
sz002915,7571,3413,1931
sz300175,8328,0,0
sz300513,0,0,0
sh603079,870,343,0
sz002339,1156,1623,0
sz300467,2471,743,345
sz002371,46840,48064,4924
sz002747,8399,6457,0
sh603339,0,0,0
sh603355,392,0,0
sz000539,0,0,0
sz000403,0,0,0
sh600081,0,0,0
sh603268,0,0,0
sz000626,0,1772,0
sz002158,916,2832,0
sz000025,0,1815,0
sz000759,3166,0,0
sz300393,0,0,0
sz002093,7215,6801,0
sz002899,0,488,0
sz000055,0,4213,0
sz002870,388,0,0
sh600346,17682,3622,1004
sz002929,6730,11155,2530
sh600074,0,0,0
sz000721,0,0,0
sz002021,0,0,0
sz002591,0,0,0
sz002860,469,301,0
sh603803,0,6632,0
sz000001,132380,276131,0
sz002302,0,2207,0
sz002583,7554,0,0
sh601689,0,0,0
sz300078,21042,13827,0
sz002348,0,0,0
sz000831,43105,28103,0
sz000735,129293,141344,8038
sh600114,0,1352,0
sh600814,0,0,0
sh601989,230249,201948,0
sh603056,6020,1303,0
sh600023,0,0,0
sh603515,1158,0,0
sz300501,0,0,0
sz002649,12642,17658,0
sz002654,8437,3491,0
sz002730,0,0,0
sz002229,16524,10798,2248
sz000800,2082,9245,0
sz000807,65349,52955,0
sz002652,0,1916,0
sz300199,2611,1671,0
sh603042,2372,1386,0
sz300378,11525,6268,674
sz002134,0,0,0
sz300738,1166,2890,216
sz002415,32466,40599,1673
sz002048,7007,6286,0
sz000559,14847,1585,0
sz300281,0,1700,0
sz002261,3881,9025,0
sh603658,1776,2309,207
sz000816,11576,15569,0
sh603238,0,0,0
sz000767,0,0,0
sh603987,4130,1000,0
sz002395,0,0,0
sz002096,0,0,0
sh600072,20883,19754,1095
sh603110,8998,5863,770
sh600816,0,2468,0
sh600016,53629,45948,0
sh600985,1057,0,0
sz002477,52614,17642,0
sh603727,2000,994,0
sz002802,0,0,0
sz002032,3937,2961,0
sh600285,2534,5488,0
sz300498,19308,16794,2543
sz300486,2593,10499,0
sz002496,2427,13311,0
sz002424,2330,3870,779
sz002411,413,496,0
sz002370,4541,7027,1783
sh603127,1951,2282,0
sz300359,7081,7534,0
sz002172,0,2818,0
sh603316,0,0,0
sz002037,0,0,0
sz000650,2307,18044,0
sz300522,0,0,0
sz000719,0,0,0
sz300338,0,0,0
sz002169,0,2310,0
sh603300,0,0,0
sh603358,0,0,0
sz000953,0,0,0
sz300276,9917,31590,1927
sz300178,0,819,0
sz002104,3213,6657,0
sz300703,0,0,0
sz002060,0,0,0
sz002832,0,0,0
sz300390,52819,79456,0
sz002865,5493,0,0
sz000581,1525,9767,0
sz002111,0,0,0
sz000995,0,0,0
sz300354,1243,0,0
sz000875,0,7230,0
sh600478,0,0,0
sh600602,31998,31069,0
sh601099,61700,33663,0
sz002876,388,176,0
sz002461,1000,3294,0
sz000938,38091,70183,6073
sh600116,14444,10015,0
sz002503,3053,3501,0
sh600506,0,0,0
sz000777,0,1176,0
sz000597,1003,2148,0
sz000810,8215,2148,0
sz300224,0,0,0
sz002930,0,0,0
sh600674,2793,13566,0
sh600272,0,0,0
sz000692,5999,31922,0
sh600731,0,0,0
sz300450,3766,4468,907
sz000166,10296,27727,0
sh600176,8057,27705,0
sz000829,0,0,0
sz002875,450,0,0
sz002753,0,0,0
sz000017,0,0,0
sz000990,0,0,0
sh600354,32780,38578,3859
sz300210,0,13585,0
sh600126,8578,11169,0
sz000587,53995,32993,0
sh603901,1173,0,0
sz002191,19685,21857,0
sh600088,0,14604,0
sz300010,49785,61730,6455
sz002458,740,3983,0
sz002077,2639,1578,0
sz300628,221,719,0
sh601878,835,4236,0
sh600830,0,0,0
sz002637,0,0,0
sz002788,0,0,0
sz300091,2719,0,0
sz300496,87101,93309,15868
sz002216,4848,0,0
sz002382,10158,4687,925
sh603869,0,1001,0
sh603683,2734,1085,0
sz000909,1517,0,0
sh600362,27720,16448,0
sh600569,32486,30272,0
sz002454,800,2858,0
sz300202,0,0,0
sh600011,3720,8190,1512
sz300159,14178,23250,1576
sz000505,0,0,0
sz000089,0,6268,0
sh603016,0,0,0
sh600713,0,0,0
sh600211,2861,1494,0
sh600053,898,1909,0
sh601898,0,0,0
sh603106,2163,2359,0
sz002819,493,0,0
sh600312,2260,4791,0
sz001979,37176,32986,1053
sz300600,1395,4037,0
sh600688,0,27095,0
sz002448,0,0,0
sz300318,0,0,0
sz300243,0,0,0
sz000679,0,0,0
sz300590,1093,2950,0
sh601882,0,3621,0
sz002064,3026,0,0
sz000656,108810,137405,2148
sh600725,0,0,0
sz300350,0,0,0
sh603615,1962,0,0
sz000968,0,0,0
sh600724,0,0,0
sz000802,2300,0,0
sz300246,4359,677,0
sh603319,0,0,0
sz002052,0,2500,0
sz000700,2055,0,0
sh600110,24062,24731,0
sh600101,0,0,0
sz002480,0,0,0
sh600891,0,0,0
sz000157,12307,6433,0
sh600100,218464,84895,5402
sz300673,0,0,0
sz002305,0,0,0
sz001696,0,1719,0
sz002683,0,1275,0
sh603159,0,0,0
sz002884,0,0,0
sz002326,0,0,0
sz002909,1522,2037,0
sz002898,1078,1729,0
sz300085,16997,37805,1655
sz300206,1500,27626,0
sz002235,3889,1247,0
sz002362,3831,4190,0
sh600761,0,2200,0
sz002497,33426,52741,0
sh600562,13228,7779,0
sh603990,1088,642,0
sz300100,1534,10959,0
sz002639,3670,0,0
sh600664,0,13631,0
sh603823,0,0,0
sz002135,0,0,0
sz002538,0,0,0
sh600768,0,0,0
sz002205,0,0,0
sh600668,0,1446,0
sz002818,894,0,0
sz000523,0,0,0
sz300245,0,1000,0
sz300599,1374,0,0
sz000905,1266,0,0
sz002262,11832,12623,1762
sh603208,0,0,0
sz300709,407,0,0
sh600231,0,0,0
sh601985,6203,17830,0
sz000547,66540,201739,2282
sz300053,29642,17227,3908
sh601118,39329,59556,0
sh603968,1121,0,0
sh603338,0,0,0
sz300023,0,0,0
sh600677,3607,0,0
sh600460,257466,255637,4475
sh600026,0,0,0
sh600875,1818,5457,0
sz002901,916,0,0
sh600919,7413,18538,0
sz002890,0,650,0
sh600577,21048,30702,0
sz300400,916,0,0
sz002813,10169,8945,507
sz002254,15254,8665,0
sz002781,0,0,0
sh600389,0,1912,0
sz002539,4393,0,0
sz002008,11772,6928,509
sz002552,0,0,0
sh600557,801,1838,0
sz002667,2726,2401,0
sz002840,251,0,0
sz000776,52441,46622,2371
sz300008,1714,0,0
sz002118,33675,55186,1134
sz300040,0,0,0
sz002228,0,0,0
sh600468,0,0,0
sz002598,0,0,0
sh600868,77209,53498,0
sh603661,0,0,0
sz300706,1605,905,419
sh600356,0,0,0
sh600103,2806,0,0
sh600307,7392,23077,0
sz000789,47714,54649,3033
sz300048,3000,4804,0
sz002041,2536,3566,0
sz000596,0,0,0
sh600215,2931,0,0
sz002300,0,1715,0
sz000860,38415,15774,1783
sz002146,27185,31634,0
sh600483,0,0,0
sh600615,0,0,0
sh603002,0,0,0
sz002313,12950,7433,501
sz000969,2540,0,0
sz300732,0,0,0
sz300417,800,0,0
sz002249,1800,11770,0
sz002330,0,0,0
sz002514,0,0,0
sh601225,126852,122890,3069
sh600398,3424,8180,1638
sh600778,0,2198,0
sh601058,0,0,0
sh603866,0,0,0
sz002694,6362,18285,0
sh600657,0,1941,0
sh601669,0,0,0
sz000338,100873,55461,0
sz300184,0,7443,0
sh601169,7057,6234,0
sh601872,0,14736,0
sz002016,16779,17775,971
sz300652,0,0,0
sh601727,2465,2118,0
sz300283,0,0,0
sz300722,0,656,0
sz300376,5154,8719,0
sh601881,22165,17858,3123
sh600979,0,0,0
sh603926,0,0,0
sz000966,4122,0,0
sh600503,3909,1779,0
sz300343,0,3400,0
sz300557,2002,16969,418
sh603707,4584,4722,0
sh600010,121462,40360,0
sh600082,0,0,0
sz002586,0,3269,0
sz000428,0,0,0
sz002209,0,0,0
sh603578,321,839,0
sz300309,0,0,0
sz000090,2074,0,0
sz000983,29843,17275,0
sz300035,12809,0,0
sz002144,0,0,0
sz000517,23215,18654,0
sz300384,0,0,0
sh603083,3482,1030,235
sz002559,0,0,0
sz300054,10958,14190,0
sh600137,0,0,0
sz300036,125775,105977,7961
sh603331,0,0,0
sh600462,4238,7120,0
sh603607,0,278,0
sh600565,4166,35649,0
sz300223,0,24129,0
sh600896,0,0,0
sz300257,0,660,0
sz300705,7586,8052,261
sh600929,0,0,0
sz300470,0,0,0
sh601368,0,0,0
sz300271,20635,19431,521
sh600104,16225,16692,1768
sh603278,0,0,0
sz002526,0,0,0
sh601880,0,13978,0
sh600251,1492,0,0
sz000717,10770,19520,0
sz002486,0,4590,0
sh601933,126273,46728,1455
sz000488,25234,66396,1892
sh600216,16679,28409,2369
sh600343,16855,10034,0
sz300180,0,0,0
sh600660,553,5559,0
sh603488,625,2164,0
sz002402,24587,2144,0
sz002926,27419,44851,0
sh603993,340783,471114,4010
sz002116,1200,0,0
sh600480,715,5256,0
sz002719,502,0,0
sz002626,1368,2274,0
sh601566,0,0,0
sz300593,1682,2629,0
sh600382,823,4759,0
sz002199,0,755,0
sh600881,0,0,0
sz300416,0,900,0
sh600461,0,0,0
sz002322,1300,0,0
sh601106,0,0,0
sh600180,0,0,0
sz002076,31023,49779,0
sh603507,0,0,0
sz000662,2207,10775,0
sh600535,21232,24814,508
sz000551,0,0,0
sz000652,2275,0,0
sh600579,0,1000,0
sz300541,485,0,0
sh600486,442,297,0
sh603655,2458,428,0
sz000683,10450,10080,0
sh603360,0,0,0
sz002070,0,0,0
sz300161,32398,61385,4340
sz002596,41974,39422,2051
sz000333,91554,96712,20754
sz300670,1901,3811,0
sz000680,0,0,0
sz002691,500,0,0
sz002427,0,0,0
sz000750,0,20260,0
sz002556,5122,1799,0
sh603306,0,0,0
sh600730,7349,1620,0
sh600538,0,0,0
sh603386,1977,14167,0
sz000301,0,13854,0
sh600808,47334,47246,0
sz002838,0,0,0
