sz300044,1528,0,0
sz000722,0,0,0
sh600096,0,0,0
sh603227,0,0,0
sz002091,1205,5648,0
sz002239,3498,5388,0
sz300668,0,0,0
sz300054,18074,12749,0
sz300215,0,2320,0
sh601929,10636,21402,0
sz300008,0,4026,0
sz300702,0,0,0
sh600626,0,0,0
sh600622,805,3473,0
sh600783,708,1242,0
sh603599,0,0,0
sh600207,0,0,0
sz002506,7227,11463,0
sz000635,0,0,0
sh600571,18171,4497,0
sz002129,116856,275759,5414
sz000581,12544,10603,0
sh600478,6901,2383,0
sh603848,627,925,897
sz000403,400,344,0
sz300736,0,0,0
sz002077,0,700,0
sz300554,0,0,0
sh601989,113758,195303,0
sz002643,21075,16804,0
sz000068,1885,0,0
sz300394,0,0,0
sh600697,0,0,0
sh600763,2080,0,0
sz000965,0,1769,0
sz002174,543,1694,0
sh600297,3161,1250,0
sh603339,0,0,0
sz000823,5517,6402,0
sh600169,0,3600,0
sh600676,0,6764,0
sz000573,18754,30424,0
sz300311,0,0,0
sz002298,0,0,0
sz002392,0,2930,0
sh600616,0,0,0
sz000880,0,1203,0
sz002256,0,0,0
sz002008,67003,51357,2717
sz002026,0,0,0
sh600863,0,0,0
sh603311,0,665,0
sh600755,15574,27955,0
sz002204,0,0,0
sz002375,0,0,0
sh600266,2610,9184,0
sh600615,0,0,0
sz000960,13738,12890,0
sh603129,0,0,0
sz300209,0,0,0
sz000531,0,0,0
sz002897,0,0,0
sz300476,1457,2142,0
sh600036,234578,203190,9968
sz000987,0,0,0
sz002227,0,656,0
sz300662,0,0,0
sz000983,47216,53219,0
sz002020,19464,24972,0
sz000100,341569,350554,0
sz300607,0,0,0
sh600777,85376,71925,0
sz002656,0,0,0
sz300520,0,0,0
sz002383,2606,4948,646
sh601515,0,0,0
sh603678,0,0,0
sz300234,0,0,0
sz300302,0,0,0
sz002317,2557,3799,0
sh600074,0,0,0
sz002266,0,9987,0
sz300651,300,0,0
sz000905,0,1000,0
sz002309,0,0,0
sh600188,87489,78053,1347
sh600568,7649,3000,0
sz300075,0,742,0
sh603380,0,0,0
sz300474,538,951,0
sh600389,1513,800,0
sh600887,121227,89449,3843
sh603319,0,0,0
sh600723,0,0,0
sz002599,0,0,0
sh600277,3000,0,0
sh603500,905,0,0
sh600590,0,975,0
sh601021,1835,6975,0
sh600782,214584,117141,0
sz300432,0,1779,0
sz300160,0,1616,0
sz000676,0,1530,0
sz000858,94904,82739,11085
sz002282,0,1428,0
sz002531,7592,14954,0
sh600811,0,7427,0
sz000922,1763,0,0
sz300050,0,0,0
sz300223,7053,2874,603
sz002519,0,0,0
sh600466,333720,334385,20515
sz002180,0,481,0
sz000582,0,0,0
sh600869,0,0,0
sh600826,857,0,0
sh600019,79540,107280,0
sz000061,0,0,0
sh601601,83314,87185,5424
sh600636,781,1785,0
sh603496,0,0,0
sh600835,7807,21663,446
sz300388,560,1802,0
sz000010,2277,3000,0
sh600422,8293,14289,0
sz002422,3379,4210,589
sh600838,0,1003,0
sh600809,7851,9577,174
sh603589,16945,8205,1163
sh600872,983,679,0
sz000420,9442,0,0
sz300464,0,0,0
sz000933,160160,139825,2260
sz002508,9236,7197,648
sz002528,0,0,0
sz300478,1477,2163,0
sz300700,668,1387,0
sz000571,0,0,0
sz002518,0,0,0
sz300661,0,488,0
sz002149,0,0,0
sh600290,0,3046,0
sz000928,1491,8789,0
sh600170,5794,42419,0
sh600119,2538,0,0
sh601208,0,0,0
sz000755,0,0,0
sh601179,4521,6535,0
sh600055,1172,4192,0
sh603536,0,0,0
sz002457,948,7105,0
sz002845,869,0,0
sz300158,0,1736,0
sz002025,6479,1638,0
sh601933,270169,250789,12675
sz002716,1703,4191,0
sh603906,0,0,0
sh603050,0,0,0
sz300707,0,0,0
sz000568,16193,21307,3784
sz000835,0,0,0
sh603716,0,0,0
sz002490,0,0,0
sz002365,300,2136,0
sz002610,383196,62824,0
sh600707,0,0,0
sh600395,2000,7130,0
sz002863,0,1202,0
sh600098,0,10693,0
sh600895,1500,3028,1709
sh603612,2139,6850,206
sh600589,0,0,0
sh600094,0,1571,0
sz300380,0,0,0
sz002893,12274,11348,2309
sz000768,12175,13921,0
sz300284,0,0,0
sh600876,0,888,0
sz002362,1812,2271,0
sh603806,0,0,0
sh600106,0,0,0
sz300496,1425,5006,0
sz002582,0,2280,0
sz002902,0,615,0
sz002140,1667,7212,0
sh600789,3235,3151,0
sh603808,0,5037,0
sz002529,0,670,0
sh600502,8059,39922,0
sz002084,0,0,0
sz300542,11735,17139,0
sh600444,922,0,0
sh600677,0,900,0
sz002735,0,0,0
sh600022,117673,84742,0
sh600495,4795,3360,0
sh601668,1234806,880511,0
sz002400,2918,10904,0
sz002511,3600,5671,0
sh601188,0,0,0
sz002496,13598,14916,0
sz300236,312,988,0
sz002859,0,0,0
sh603898,0,0,0
sz002113,1849,0,0
sh603399,665,0,0
sh603393,1159,906,0
sh603421,2024,3508,0
sz002444,3387,1744,0
sz300208,2014,1867,0
sz300404,0,0,0
sh601898,9798,24623,0
sh600756,21586,2973,0
sz000636,123742,103644,2896
sz002158,39715,63358,5044
sz300633,0,0,0
sh600858,0,0,0
sz300559,0,0,0
sz002467,1500,1400,0
sh600996,0,0,0
sz002534,0,1000,0
sh603679,0,0,0
sz300295,0,0,0
sh603990,0,0,0
sh603999,0,0,0
sz300595,0,0,0
sz002480,0,6549,0
sh600721,0,0,0
sz300271,1476,1712,0
sh600390,933,9536,0
sz300453,0,0,0
sz000417,0,0,0
sz300429,490,0,0
sh600071,0,0,0
sz300658,0,0,0
sz000610,0,0,0
sh600095,0,2679,0
sh603758,0,0,0
sz002879,4224,1663,0
sh603611,0,0,0
sz002491,4293,839,0
sh600011,0,10725,0
sh600448,0,2000,0
sh600008,14481,79246,0
sz002200,0,1941,0
sz002673,6683,15567,0
sz002286,0,0,0
sh600773,5756,12455,0
sz000878,48634,33208,0
sh601966,0,0,0
sh600006,2218,15848,0
sz002683,0,0,0
sz300022,0,3607,0
sh600175,16831,6179,0
sz002709,1095,2182,0
sz000421,0,0,0
sz000400,2788,17360,0
sh603882,773,1866,0
sz002429,14132,62639,0
sz000011,0,828,0
sh600228,0,805,0
sz002636,2407,639,0
sh600289,0,0,0
sz300506,1911,453,0
sh600647,0,0,0
sh600643,0,7788,0
sh603668,0,0,0
sz002244,18888,57133,0
sh600540,0,0,0
sh601258,9372,49850,0
sh600894,0,3064,0
sh600183,38461,62545,2740
sz002399,0,0,0
sh601969,0,0,0
sh600653,0,0,0
sh601238,2603,4887,0
sz300019,0,0,0
sz002812,172,893,0
sh600602,0,0,0
sz002276,0,2000,0
sz002086,8055,7357,0
sz000789,129113,143711,3559
sz002325,2812,5364,0
sz300673,0,0,0
sz300246,0,0,0
sh600865,0,0,0
sz000691,0,0,0
sz000625,15724,32046,0
sz300600,0,0,0
sz300636,0,0,0
sh600285,0,3193,0
sz300576,0,0,0
sz000523,0,0,0
sh603316,0,0,0
sz002123,7473,1000,0
sh600082,4089,2091,0
sz002742,4519,2188,0
sz002124,0,0,0
sz000876,7468,43500,0
sz300403,0,0,0
sh603189,0,0,0
sh600132,6396,3887,0
sz002419,3038,10522,0
sh600529,2000,4007,0
sz300062,0,0,0
sz300549,0,0,0
sh600587,0,601,0
sz300631,0,0,0
sh603286,0,0,0
sz300457,0,1453,0
sz002476,0,0,0
sh600604,0,10218,0
sh601011,25117,34112,1168
sz002860,0,0,0
sh603029,0,0,0
sz300117,0,0,0
sz300439,0,0,0
sh603926,0,0,0
sz000078,2807,19141,0
sz002285,42535,64418,0
sz000875,0,9104,0
sz300456,0,0,0
sz000551,0,1933,0
sz300665,0,0,0
sz002763,0,0,0
sh600166,74893,46638,0
sz002674,0,0,0
sh600597,1609,11740,0
sz300530,0,0,0
sz002328,0,0,0
sh603683,0,0,0
sz002878,0,0,0
sh600500,0,14705,0
sz002612,0,0,0
sz002521,0,0,0
sh603303,0,0,0
sh603177,0,0,0
sz000971,12143,12720,0
sh603444,76,70,0
sz300512,0,0,0
sh600191,0,3661,0
sz002128,6994,46835,0
sz002381,0,1727,0
sh600385,0,0,0
sh600072,1334,3572,0
sh603558,860,0,0
sh603787,0,0,0
sz300341,0,0,0
sh600499,26392,28969,1932
sz002477,19322,44231,0
sz002263,0,4768,0
sz002313,1278,6745,0
sz300538,0,0,0
sz300407,3774,3965,946
sz300571,0,0,0
sh600648,970,0,0
sh600975,0,0,0
sz000539,0,0,0
sz000783,24533,24929,0
sh600903,192303,124875,12720
sh600976,962,453,0
sh600237,0,0,0
sz300306,0,0,0
sz300499,767,0,0
sz002209,0,0,0
sh600715,80516,69912,7219
sz300723,41105,24181,5522
sh601766,411043,298734,912
sh601718,0,13780,0
sh600516,527173,653939,76881
sz002284,0,2617,0
sh603908,0,0,0
sz300463,0,1265,0
sh603198,0,595,0
sz002060,0,7021,0
sz300183,0,1549,0
sz002157,5789,29300,0
sz000026,0,936,0
sh603633,0,0,0
sz300405,0,0,0
sz002290,0,0,0
sh600847,0,0,0
sz300655,0,0,0
sh603398,0,620,0
sz000777,929,8497,0
sz002254,11774,5726,0
sz002847,0,0,0
sz300711,0,481,0
sh603085,8055,0,0
sz002921,327,12531,0
sz000593,5179,0,0
sz300566,670,644,299
sz002808,0,0,0
sh603896,245,512,0
sz300399,0,0,0
sz300428,0,1041,0
sh600255,3100,7138,0
sh600122,12992,4227,0
sh600778,0,0,0
sz002337,0,3119,0
sz002693,0,0,0
sz300712,0,0,0
sz000534,0,0,0
sz002262,1808,0,0
sz300536,0,2352,0
sz300332,3112,2119,0
sz002295,1653,0,0
sh600731,0,1523,0
sh600981,0,0,0
sz000065,600,1848,0
sz002478,0,0,0
sh600701,2353,3575,0
sh600035,9421,0,0
sh603116,0,0,0
sz000887,0,3154,0
sh600396,0,0,0
sz002090,0,0,0
sz300083,22191,17887,0
sz002220,0,0,0
sh600028,1953183,1466433,100958
sz002065,136957,93426,0
sz300619,0,0,0
sh600405,0,1874,0
sh600588,23142,10001,0
sh600367,0,1173,0
sz300103,0,0,0
sz300211,0,0,0
sz002665,4750,7332,0
sh600850,0,0,0
sh600103,0,0,0
sh600100,9380,22982,0
sh600815,0,0,0
sh600198,0,16880,0
sz300027,43745,95165,0
sh603569,0,0,0
sz000576,0,0,2860
sh603036,0,0,0
sz002166,2021,3175,0
sh600223,3127,3673,0
sh601168,25005,24266,0
sz300621,11527,3760,954
sh601798,0,0,0
sz002706,0,0,0
sz002552,0,0,0
sz000502,0,0,0
sz000048,0,0,0
sz000917,0,10610,0
sz300447,0,0,0
sz300262,1530,3733,0
sz300350,0,0,0
sh600873,7402,5234,0
sz002314,0,0,0
sh603226,426,0,0
sh600323,1000,5790,0
sz002380,0,0,0
sh603603,0,0,0
sz002597,4659,19517,0
sz300142,30469,8491,2321
sz000652,0,2479,0
sz300657,267,1469,0
sh603337,0,0,0
sh600718,2354,13127,0
sz002877,0,0,0
sz002722,0,0,0
sz300150,0,0,0
sh603269,589,0,0
sz000981,0,0,0
sz002769,0,0,0
sh603776,229,0,0
sz000785,1940,1000,0
sz002509,5546,9854,0
sz300323,3918,5618,0
sz002177,47776,9943,0
sz002044,5233,9872,1002
sz002740,0,0,0
sz000803,0,0,0
sz300067,0,0,0
sh600555,0,0,0
sz002717,0,600,0
sz002645,1000,552,0
sz002420,0,0,0
sz000895,32167,12445,0
sh600202,0,0,0
sh601100,654,4590,315
sz300210,0,0,0
sz002165,0,0,0
sz300192,2100,0,0
sz300217,0,0,0
sz000726,0,1938,0
sz300006,0,1709,0
sz001696,0,1783,0
sh600238,1462,0,0
sh600017,0,8011,0
sz300697,0,496,0
sz300088,24829,60713,0
sh600795,37692,88441,0
sz300408,9290,11282,0
sz002765,0,0,0
sh601607,7666,23943,569
sz000505,0,1514,0
sz000949,0,4000,0
sz300660,0,0,0
sh600152,0,0,0
sz000419,0,0,0
sh603883,0,160,0
sh603955,0,0,0
sh600375,0,0,0
sz300233,623,0,0
sz002441,0,0,0
sh600853,0,0,0
sh601688,178121,195447,7759
sz300114,0,0,0
sh600693,5599,3817,4053
sh600961,0,1869,0
sh600586,0,10625,0
sz002586,0,2472,0
sz002401,964,0,0
sh603063,0,1206,0
sz300387,6723,3774,0
sh600425,12415,20862,0
sz000673,17149,1968,0
sh601233,37112,63700,3232
sz002640,2337,12148,0
sh603183,0,0,0
sh600196,11348,31541,2260
sh600359,1986,0,0
sz000825,52929,92654,0
sz000023,0,0,0
sz300281,0,0,0
sz002143,17470,8015,0
sz300638,0,0,0
sz300725,3486,3317,509
sz002587,7696,2005,0
sh603330,0,0,0
sz000852,2120,2536,0
sz002487,0,0,0
sz002515,0,0,0
sz300319,6540,5202,0
sh601958,28242,10546,0
sh603699,987,0,0
sz300349,265,272,0
sz002885,0,0,0
sz002379,15296,24964,0
sz002179,5793,7486,0
sh601038,0,2875,0
sz300573,0,0,0
sz000628,0,2676,0
sz002564,0,0,0
sh600236,0,0,0
sz000967,0,1100,0
sz300495,0,0,0
sh600897,0,531,0
sz002850,0,403,0
sz002343,5354,5104,0
sz002687,0,0,0
sh600679,0,0,0
sz300193,0,0,0
sh600635,16281,11400,0
sh600843,0,2967,0
sh600293,2625,7864,1985
sz002715,0,0,0
sz300318,0,0,0
sz002601,26862,13132,685
sz002106,1132,13276,1242
sz002648,16479,25053,646
sh603568,0,0,0
sh600217,12505,3001,0
sz300064,19806,4809,0
sh600605,0,0,0
sz300238,504,927,0
sh600936,1596,0,0
sz300679,112,898,0
sz002647,0,0,0
sh603829,0,0,0
sz300436,0,0,0
sh600073,1326,10561,0
sz002920,12686,39806,3621
sh600965,0,0,0
sh600971,7022,14316,0
sh600193,34236,64582,0
sz300119,0,0,0
sh600581,45201,40634,1947
sh603136,0,0,0
sh600318,2030,0,0
sz300052,3547,0,0
sh603239,1224,6489,0
sz002413,3000,6005,0
sh600714,0,0,0
sz002237,2121,3146,0
sz002194,17379,25630,2382
sh603803,0,0,0
sh600753,0,0,0
sh603128,0,2755,0
sz002797,123157,112196,0
sz000752,0,0,0
sh600354,0,2390,0
sh603799,23872,22763,1888
sz300539,0,1500,0
sh600476,0,0,0
sz002890,398,0,0
sz300590,1388,0,0
sz002701,10405,21085,0
sz000510,0,0,0
sz300461,0,0,0
sz002758,0,0,0
sz002541,0,1805,0
sz300371,0,0,0
sz300343,1845,0,0
sz000553,0,0,0
sz002815,0,0,0
sh600909,7290,15051,0
sh600369,18119,27798,0
sz000617,0,0,0
sh603809,661,421,0
sh603345,0,0,0
sz002602,624,648,0
sz300342,0,2265,0
sz000797,962,4565,0
sz002342,0,9293,0
sz000721,0,0,0
sz002767,0,0,0
sz300307,0,0,0
sh603026,0,0,0
sh601177,0,0,0
sh600606,752792,678470,13605
sz300118,0,0,0
sz002736,0,1000,0
sz300406,1549,0,0
sz300396,0,496,0
sh601015,7116,19125,1083
sh603178,0,0,0
sz002114,8069,1108,880
sz002608,0,0,0
sh603538,0,0,0
sz002799,538,0,0
sz002603,11983,9509,0
sh600503,5584,12718,0
sh600391,1306,3552,563
sh601899,1261943,1122951,2904
sz300601,0,0,0
sz002721,3955,9796,0
sz000025,0,600,0
sh600225,2248,0,0
sz002466,26983,50343,2175
sh600250,0,0,0
sh603127,0,493,0
sh603515,0,0,0
sh603110,2693,2070,0
sz000931,0,0,0
sz300391,0,0,0
sh600215,0,0,0
sz002882,0,918,0
sz300411,1096,300,0
sz002785,0,0,0
sh603985,0,0,0
sz000821,7739,15049,0
sz300138,0,907,0
sz300096,0,2285,0
sz300255,0,0,0
sh603722,0,0,0
sh600694,0,404,0
sz300722,0,549,0
sh601519,2015,4447,0
sz000799,2098,5400,0
sh600824,0,0,0
sh603856,1466,0,0
sz002095,0,293,0
sz000066,22721,65822,0
sz000050,7664,29032,0
sz002212,7207,0,0
sz002789,579,300,0
sz000977,23039,16599,1430
sz300364,1319,9430,0
sz000428,0,0,0
sz300182,2650,5382,0
sz002221,30071,21367,1352
sz002319,0,0,0
sh600871,115519,63591,0
sh603389,0,0,0
sh600758,1846,4921,0
sh603323,3302,5981,0
sz000603,0,4663,0
sz300195,0,0,0
sh600652,61577,299483,1491
sz002756,2645,500,0
sh600496,0,10692,0
sz002475,34905,51868,441
sz000993,0,1300,0
sz300176,9178,7356,848
sh600509,2648,1615,0
sz000667,45296,107563,0
sz002192,1344,4840,0
sh603477,13136,14023,603
sz300731,305,1149,517
sz300378,857,0,0
sz300339,7190,1011,0
sz002347,0,0,0
sh603233,0,0,0
sz002618,0,1000,0
sz002864,4863,10757,562
sz002922,23442,19400,8455
sz000822,5190,13250,0
sh600012,0,0,0
sh600637,0,2000,0
sz002386,12428,1690,0
sh600983,0,0,0
sh603655,0,0,0
sh603488,6100,9232,4000
sz000862,0,0,0
sh603919,0,2595,0
sz002791,600,0,0
sh603843,6624,916,0
sh600070,0,0,0
sz000761,8056,23650,0
sz002203,0,0,0
sh601872,0,2627,0
sz002839,6841,4567,2468
sh600477,9367,3742,0
sh600851,0,1769,0
sz300551,0,0,0
sz002555,521,4523,0
sz002351,0,1500,0
sh603106,4791,1673,400
sz300055,24266,58539,2191
sh603811,0,0,0
sz000838,0,7172,0
sh600760,66237,49030,6129
sz000561,0,0,0
sh600557,0,2741,0
sh600479,0,0,0
sh600295,5791,3587,0
sz000923,5347,2157,2436
sz300016,830,1000,0
sz300421,0,0,0
sz002322,914,600,0
sz002846,0,0,0
sz000976,0,12096,0
sh600208,50997,165585,0
sz002690,0,1401,0
sh603108,0,0,0
sh603996,0,0,0
sz300112,0,0,0
sz002016,6991,2982,879
sz002838,0,0,0
sz300514,0,0,0
sh603158,0,0,0
sh601566,0,735,0
sz300400,0,1000,0
sz000058,0,0,0
sz002058,468,500,0
sz300648,0,0,0
sz000882,0,16215,0
sh603535,0,0,0
sz300701,0,382,0
sz002198,0,0,0
sz000570,0,0,0
sh600678,0,0,0
sh600680,1240,0,0
sh600780,0,0,0
sz300297,0,0,0
sh603708,5323,988,0
sz002415,105374,75977,8803
sz300561,0,0,0
sh600519,15262,16087,2169
sh600875,4343,33163,0
sz300393,0,0,0
sz002805,415,0,0
sz300128,10080,7295,0
sz000955,1631,0,0
sz300591,0,0,0
sh601996,0,0,0
sz002142,25201,12579,0
sz002326,1001,2896,0
sz002277,15291,3755,0
sh601225,113325,166297,0
sh603789,0,0,0
sz300689,0,0,0
sz300430,0,0,0
sh600185,0,6155,0
sh603881,8949,5229,1499
sh603099,0,0,0
sz000952,0,908,0
sh600010,40785,58887,0
sz000597,3139,8611,0
sh600279,7419,1936,0
sz002856,487,1597,0
sh603517,250,1066,0
sz000712,0,1483,0
sz000548,1910,0,0
sh603126,0,0,0
sh603288,4535,663,0
sz002233,9445,11165,0
sz300608,0,0,0
sz002729,0,0,0
sz002185,29205,17317,1612
sh603383,0,0,0
sz002708,0,0,0
sz300213,0,1803,0
sh600327,0,0,0
sh600804,1791,10493,0
sh600337,5910,18336,0
sz002331,0,0,0
sh603067,0,0,0
sh603825,0,0,0
sh600326,67528,47787,8162
sh603089,0,0,0
sz000679,0,0,0
sz000716,0,39014,0
sz300309,0,487,0
sz300261,0,0,0
sh603858,251,1083,0
sh603685,310,807,0
sz300470,3754,0,0
sz002231,0,0,0
sz000626,0,760,0
sh603667,0,0,0
sh600703,24074,38931,1423
sz000668,0,0,0
sz300681,0,0,0
sz000937,30709,8679,0
sz002908,2507,2587,0
sh601328,718490,912098,1725
sz300250,0,0,0
sz002323,2069,10000,0
sh600570,107280,74994,12059
sh601999,1529,2468,0
sz000046,0,0,0
sh600801,45116,64574,1719
sz000948,0,0,0
sz300205,2417,0,0
sz002073,1718,0,0
sz000429,0,0,0
sh600233,0,0,0
sz002213,0,0,0
sz300345,0,1598,0
sz300604,0,0,0
sh600312,4518,2885,0
sh600386,0,0,0
sz002858,0,0,0
sz002249,0,2106,0
sz300132,0,0,0
sz000762,10073,7219,755
sz300426,0,601,0
sz000863,2000,0,0
sz300582,0,690,0
sz000671,76384,65707,0
sz300555,0,0,0
sz002745,0,985,0
sz300147,0,0,0
sh601788,804,6984,0
sh600740,20949,39238,3240
sz300443,0,0,0
sz300020,37248,15309,4398
sh600798,0,0,0
sz300451,0,0,0
sh600580,0,3269,0
sz300603,352,0,0
sz002088,0,0,0
sh600291,2904,6497,0
sz300137,2689,4777,0
sz300567,88,343,0
sz000685,1001,2865,0
sh600302,0,0,0
sz300386,59873,26994,3878
sz300692,839,1533,0
sh603987,0,1004,0
sz002175,1500,1256,0
sz002917,475,9044,0
sh600481,0,0,0
sz002067,3164,11315,0
sz002269,0,5000,0
sz000738,0,7516,0
sh603556,0,0,0
sz002001,21865,45672,3188
sh600992,0,0,0
sz002581,0,0,0
sz000001,880736,611047,3610
sz000601,4331,1569,0
sz000600,0,18284,0
sh600091,0,0,0
sz002321,0,2886,0
sh600416,14874,18539,882
sz002340,61551,141258,0
sz300637,0,0,0
sz300100,0,0,0
sh600322,0,3491,0
sh600663,0,1128,0
sh600039,0,0,0
sh601633,18831,29407,0
sz002224,0,2917,0
sz002474,4754,0,0
sz000418,2637,3355,411
sz002452,0,0,0
sh600757,5000,6815,0
sz300243,0,0,0
sz300252,0,0,0
sh603028,0,0,0
sz002554,4148,0,0
sz300695,0,279,0
sz002696,0,0,0
sh600638,0,679,0
sz002215,1449,3511,0
sz002577,0,0,0
sh600259,9745,7141,253
sh600379,0,0,0
sz000099,0,0,0
sh600180,0,0,0
sh603103,0,423,0
sz002373,1884,11905,0
sz002411,860,6293,3000
sz002567,0,8291,0
sh603619,31751,35979,8463
sz002316,0,0,0
sh603889,2000,3971,0
sz000707,0,0,0
sz002923,0,0,0
sz002450,65875,150646,3925
sz000686,32132,64655,0
sh603159,0,0,0
sz002498,0,0,0
sz000705,0,0,0
sh600313,0,0,0
sh600410,30677,14060,0
sh601880,28709,0,0
sz000666,9961,8750,0
sz000595,0,0,0
sz300709,473,479,0
sz002259,0,0,0
sh600990,3171,6082,0
sz002104,39685,21871,0
sz002145,0,23213,0
sz300106,0,0,0
sz002197,0,0,0
sh603368,0,0,0
sh600118,1061,2561,0
sz002007,5698,3103,0
sz002151,42256,26352,4621
sh600099,0,0,0
sh603726,0,0,0
sz300249,0,0,0
sh600249,3662,2125,0
sz002085,800,2537,0
sz002170,0,0,0
sz002782,0,0,0
sz002570,4618,4164,0
sz000037,0,0,0
sh600007,0,687,0
sz002624,357,2052,0
sz300025,0,3230,0
sz300265,0,0,0
sz000990,0,1083,0
sh603066,0,1320,0
sh603366,0,0,0
sz002655,81904,38140,4227
sh601666,30471,28725,0
sz002802,0,0,0
sz000881,0,3893,0
sh600308,2068,4546,0
sh600609,4962,0,0
sz002572,1197,2183,0
sz002862,0,0,0
sh600401,33922,77615,0
sh600117,4075,8372,0
sz002159,0,0,0
sz002671,0,0,0
sh600746,0,0,0
sh603181,0,0,0
sz002497,18039,47507,0
sh600486,2535,6544,0
sz002293,0,4759,0
sh600340,215826,152871,22803
sh603378,556,498,0
sz300194,0,2048,0
sz300273,1185,1192,0
sz000926,0,237305,0
sz000670,2704,7646,0
sz002155,1276,10276,0
sz300346,0,0,0
sz300684,0,0,0
sh600021,1220,2014,0
sh600418,1170,14136,0
sh600470,0,0,0
sz300505,0,0,0
sz300374,0,0,0
sz002268,8203,5756,670
sh601128,4174,22352,0
sh603160,226,566,0
sz300069,5984,0,551
sh600592,0,10021,0
sz300005,0,0,0
sz002195,132996,36416,0
sz002691,2160,0,0
sz002913,0,737,0
sh603648,4752,2869,0
sz300322,4254,9070,0
sz300048,0,0,0
sh600149,0,1000,0
sh603711,21884,20417,488
sz300381,0,0,0
sh601919,62883,73541,0
sz002042,0,2197,0
sz300074,1440,0,0
sz002030,0,1190,0
sz300465,56644,32164,1724
sh600805,0,0,0
sz002686,0,826,0
sz002111,0,0,0
sz000886,3000,6528,0
sz002405,26551,39034,1942
sz002428,26085,6604,0
sh600508,4563,2026,0
sz002733,0,704,0
sz300730,14223,20785,1619
sh600392,202172,207314,27255
sz300253,5442,0,0
sz300310,0,5565,0
sz000719,0,0,0
sh600114,0,5623,0
sz000998,7293,6781,0
sz002614,3454,504,0
sh600262,0,0,0
sz002522,6511,16711,0
sh603518,0,0,0
sz000970,16861,27693,762
sh600080,0,1625,0
sh600771,4270,2548,0
sh600785,0,0,0
sz300531,0,0,0
sh600546,8867,15198,0
sz000039,9657,20137,0
sz002054,9266,830,0
sh603977,0,0,0
sz000700,0,2782,0
sz002907,33871,24946,7361
sh601375,1671,11576,0
sz000902,0,3441,0
sh600511,0,432,0
sh600195,1969,0,0
sz300200,0,0,0
sz300126,0,0,0
sh600639,0,2713,0
sh601877,1633,8628,0
sz002455,1077,2873,0
sz002225,0,0,0
sz002549,0,0,0
sh603578,600,303,0
sh603901,0,0,0
sz300473,270,0,0
sz300632,0,1300,0
sh603595,153,125,0
sz002680,0,0,0
sz000751,11369,25391,0
sz300151,0,0,0
sh600222,0,0,0
sz300639,1363,1028,239
sh600776,0,3880,0
sz002135,0,0,0
sz300363,0,4705,0
sz002376,1166,1096,0
sh600729,0,0,0
sh600628,0,0,0
sh600104,140210,82255,3698
sh600420,979,8038,0
sh600770,0,4881,0
sz300316,37692,41937,559
sz300698,0,443,0
sz300051,27568,3007,0
sh601288,1815392,1002014,0
sz000089,2671,0,0
sz300146,52826,41381,1781
sz000701,1000,0,0
sh600480,0,5347,0
sh600812,0,0,0
sh600355,1614,1358,0
sh600056,10307,21741,601
sz000860,814,2711,0
sz300517,0,0,0
sz002354,2611,2707,0
sz002193,2034,0,0
sh603727,917,528,0
sh603306,0,0,0
sh600329,1434,1000,0
sz002781,0,985,0
sh601866,3038,14027,0
sh603218,0,0,0
sh600393,2771,19978,0
sz300437,0,800,0
sh600675,0,4834,0
sz002116,0,0,0
sh603001,0,0,0
sz002408,0,2249,0
sh600489,33058,58024,0
sh603533,0,934,0
sh603717,0,1668,0
sz300222,1502,2600,0
sh600831,0,0,0
sz002273,34846,74107,2063
sz000587,29179,31037,0
sz002861,0,0,0
sh600439,1843,6004,0
sz000795,4874,10720,0
sz002034,0,0,0
sh600246,0,0,0
sz000779,0,0,0
sz300148,8251,3597,0
sh603180,170,1624,393
sh600792,0,0,0
sz300264,0,0,0
sz002454,6992,2383,0
sz000538,4289,6730,740
sh600744,0,0,0
sh600113,0,0,0
sz000040,2000,800,0
sh601339,2629,2020,0
sh601108,142498,108223,18694
sh600594,1990,13689,0
sz002661,0,0,0
sh603936,0,0,0
sz000953,1346,0,0
sh603203,0,300,0
sz002071,0,0,0
sh603989,3978,21126,0
sz002544,0,0,0
sz002873,267,350,0
sh603022,0,959,0
sz002433,0,0,0
sz002089,0,9601,0
sh601636,103953,97461,1477
sh603111,1628,6209,0
sz000630,190668,298825,0
sh600919,69928,39673,0
sh600368,0,0,0
sh600507,50423,49535,879
sh603012,0,0,0
sz002752,2629,0,0
sz300413,409,1507,0
sh600067,2073,10076,0
sh600724,0,0,0
sh600332,11277,17437,1110
sh600176,42352,63346,1616
sh600808,117177,98056,0
sh600791,0,2970,0
sh600523,0,0,0
sz000839,59846,74150,0
sz002047,0,8158,0
sz002097,8238,1512,0
sh600283,0,2859,0
sz002181,0,0,0
sh600366,8538,3951,0
sh600834,0,0,0
sh603266,0,0,0
sz300541,2381,6578,0
sz002281,12082,17961,856
sz300480,0,0,0
sz002361,0,1884,0
sh600190,0,0,0
sz300720,0,0,0
sh600861,0,0,0
sh600004,4813,8760,0
sz300592,0,0,0
sz300487,942,592,0
sh600387,1000,0,0
sz000520,0,0,0
sz002261,0,7227,0
sh600458,0,0,0
sz002895,0,591,0
sz002906,45344,48844,19215
sz002303,0,2207,0
sh603988,0,646,0
sz002187,0,0,0
sz000005,0,0,0
sz002892,2923,0,280
sh600848,434,2212,0
sh600569,140693,89961,0
sz002565,0,0,0
sh601908,2775,2197,0
sh600537,2374,7592,0
sz000868,44471,77535,2690
sz002274,0,0,0
sh603696,0,0,0
sh600475,0,0,0
sz300678,217,1138,206
sz300018,0,0,0
sh603991,0,0,0
sh600210,0,11906,0
sz000869,1254,2167,0
sz002153,6895,5037,0
sz002492,0,1555,0
sz002370,0,0,0
sz002251,4922,3604,1004
sh600696,0,0,0
sz300107,1690,7814,0
sh603879,0,0,0
sz002404,0,0,0
sz300338,0,0,0
sz002750,0,0,0
sz000090,9018,3698,0
sh601988,1305929,922553,0
sz300331,701,2457,0
sh600868,40467,37079,0
sz002332,0,1232,0
sz300427,0,0,0
sh600363,0,978,0
sz300179,0,0,0
sz300635,0,0,0
sz300703,0,0,0
sh600613,0,0,0
sh600767,0,0,0
sh600802,10303,5659,0
sh603823,0,0,0
sz300301,0,0,0
sz002382,0,15271,0
sz002253,0,0,0
sz000711,0,1518,0
sz000899,0,0,0
sh601139,13446,4480,0
sh603020,0,1508,0
sh600671,0,0,0
sz002639,8767,0,0
sh603922,0,1014,0
sz300435,0,0,0
sz300327,706,452,0
sh603637,1100,0,0
sz300534,2507,0,0
sz300230,0,1500,0
sz000608,0,0,0
sh600836,0,0,0
sz300161,0,950,0
sz002217,19083,67861,0
sh601727,7584,3500,2666
sz300568,1527,0,0
sz002623,0,648,0
sz300065,674,950,0
sz002431,4581,5615,0
sh600093,0,67693,0
sh603081,0,495,0
sz002240,1202,4617,0
sh600738,0,0,0
sz002886,0,0,0
sz000682,0,0,0
sz000920,0,0,0
sh603040,151,0,0
sz002338,0,0,0
sh603096,194,0,0
sz300605,0,0,0
sz002746,0,0,0
sh600490,10722,22234,0
sz002364,0,0,0
sh600493,0,0,0
sz000727,19541,19416,0
sz002247,0,0,0
sz002681,0,6610,0
sz002787,0,0,0
sz002307,30494,13335,3204
sh603636,0,0,0
sz002598,0,0,0
sz002161,0,4355,0
sz300409,869,2298,0
sh603833,98,296,0
sz300507,0,450,0
sz002110,34314,45783,2270
sz002306,0,0,0
sh600184,0,0,0
sh600399,0,3124,0
sz300034,2874,836,0
sh600997,0,28952,0
sh600159,0,0,0
sz002809,0,423,0
sh600271,38473,25201,3098
sz000912,3876,13964,0
sz002036,701,1743,0
sz002734,2461,510,0
sz300082,0,0,0
sh600966,3000,25924,0
sz002912,3583,4697,237
sh600201,5002,7116,0
sh600790,0,1700,0
sz000883,3142,5672,0
sz002557,0,2430,0
sz000036,36392,70824,5096
sz002504,0,10080,0
sz300642,0,0,0
sh603839,0,0,0
sz300127,0,965,0
sh601808,48042,36953,11647
sz300288,440,1420,0
sz300241,577,1889,0
sh600009,750,1904,0
sz002829,0,0,0
sh603278,0,1931,0
sz002196,0,0,2982
sh600307,39249,40983,0
sh600426,36930,79226,1981
sz300015,8620,7756,371
sz300344,0,5094,0
sh600088,1174,984,0
sh603268,0,0,0
sz002788,0,0,0
sh603277,0,0,0
sh603360,0,0,0
sz000633,0,0,0
sh603035,0,1793,0
sz002469,0,0,0
sz300110,16929,0,0
sz000014,1163,2969,0
sh603617,460,0,0
sz300296,2042,6516,0
sz300263,0,1736,0
sz300157,6439,15395,0
sz002279,0,1128,0
sz300037,0,0,0
sz002241,13269,40931,1923
sz000800,6606,18261,0
sz002137,6827,0,0
sz300153,0,894,0
sh600133,0,4802,0
sh600258,16385,11301,563
sz002339,5284,8200,1535
sz002499,0,546,0
sz300003,7422,3881,1005
sh603023,0,0,0
sh603608,0,0,0
sz300448,0,0,0
sz002719,0,0,0
sh600837,34389,65807,0
sz000545,0,6246,0
sz002766,3493,14810,0
sh600383,148490,110581,3196
sh600506,0,0,0
sz000591,0,16256,0
sh600562,1433,3299,0
sh600446,66035,25096,1469
sh600893,1829,8045,0
sh600650,0,900,0
sz300675,12725,6671,0
sz300687,0,0,0
sz300510,0,0,552
sh600532,11377,4727,0
sh600248,1894,11419,0
sh601020,502,0,0
sz000402,34751,37551,0
sz300248,0,0,0
sh600880,0,20602,0
sh600148,0,415,0
sz002514,0,0,0
sh600488,0,0,0
sz000802,736,1091,0
sz300061,700,1485,0
sh600110,0,2053,0
sz000988,7891,6890,0
sz300123,0,0,0
sz002363,0,0,0
sh600751,2461,0,0
sz300004,1001,1000,0
sz002651,0,0,0
sz300410,0,417,0
sh600320,1896,30388,0
sh600732,0,0,0
sz002367,0,0,0
sh603998,0,0,0
sh600681,0,0,0
sh603816,1140,818,0
sh600018,38505,72210,0
sh600219,86805,192685,0
sz002663,35797,5736,0
sz000157,13669,45389,0
sz002032,300,304,0
sh600491,3908,12121,0
sz002206,0,0,0
sh600702,12682,8550,419
sz002668,5215,1336,564
sh600528,5688,8223,0
sh601952,1312,1506,0
sz002818,0,0,0
sh600699,3517,20438,309
sz002759,0,701,0
sz000760,2278,2506,0
sz300415,0,0,0
sh600231,13996,47084,0
sz002817,0,0,0
sz002670,1064,2024,0
sz300166,2866,4146,0
sh603300,0,0,0
sh600086,44526,7330,0
sz000513,5735,8048,0
sz002909,0,506,0
sh600031,247325,270095,10908
sh600660,16839,2838,0
sz000815,0,0,0
sh600566,0,0,0
sz300434,0,0,0
sz300672,0,0,0
sz300602,742,0,0
sz002810,500,429,0
sz300170,16992,3829,0
sh603005,2925,317,0
sh603359,0,0,0
sh601997,11858,14137,0
sh603031,0,0,0
sz000408,10087,12446,552
sh600261,0,2000,0
sz000533,5038,0,0
sh603168,678,682,0
sz300459,4942,6278,0
sh600633,0,8429,0
sh603161,0,0,0
sz002119,0,0,0
sh603601,0,0,0
sh603929,0,1340,0
sz002076,0,0,0
sz002283,2100,0,0
sh603659,815,964,0
sh600668,1680,3264,0
sh600642,15962,10611,0
sh600979,0,2000,0
sz002772,0,0,0
sz002006,0,4115,0
sz300422,600,1727,0
sz000811,0,0,0
sz300540,0,0,0
sh600000,223293,190259,2307
sh600722,0,1434,0
sz002440,3040,5414,755
sz300180,0,0,0
sh600268,0,0,0
sz002426,8027,5216,0
sz002334,0,6080,0
sz300221,1407,700,0
sh603167,2365,2653,0
sz002558,3994,2967,0
sz002078,12962,28763,1222
sz000503,26423,25205,574
sz002664,0,0,0
sz002678,0,1000,0
sz002852,0,0,0
sz300425,0,0,0
sh600512,8000,0,0
sh600536,3999,0,0
sz002045,3570,629,0
sz300304,0,0,0
sh603338,0,386,0
sh603960,0,0,0
sh603083,265,1007,0
sh600064,0,0,0
sz002653,0,0,0
sh600754,2469,333,0
sh600168,0,1204,0
sh603179,0,0,0
sh603909,0,0,0
sz002562,1637,1987,800
sh600517,2005,10972,0
sz002898,0,1255,0
sh600406,5437,12202,0
sh601200,0,2310,0
sz002229,0,0,0
sz002011,0,6719,0
sh600143,10335,13276,0
sh600120,1113,1340,0
sz300562,0,582,0
sz002403,0,0,0
sz300569,0,0,0
sh600158,1015,3902,0
sz002588,0,1786,0
sz002115,0,0,0
sz002387,0,0,0
sz002349,0,0,0
sh600857,0,0,0
sz002252,0,0,0
sz002205,0,0,0
sz300245,0,0,0
sh601118,4626,15088,0
sz300279,0,0,0
sh600288,0,2356,0
sz300669,0,0,0
sz000782,0,0,0
sh600551,0,0,0
sz300315,8979,22543,0
sz002915,14651,13986,2656
sh603701,0,0,0
sh601500,0,0,0
sz002311,1046,0,0
sz300024,1113,4862,0
sz002329,0,3157,0
sz002559,0,0,0
sz300373,4220,7040,0
sh601717,0,4476,0
sz002190,0,500,0
sz300713,0,383,0
sz002770,0,0,0
sz002146,239176,141823,0
sz002649,23353,7413,0
sh600683,12340,0,0
sh601000,41890,106579,0
sh600917,13489,11946,1006
sz300630,0,147,0
sh600459,927,2879,0
sh600768,0,0,0
sz300606,0,0,0
sz002027,83028,93726,5905
sz300098,8034,6799,0
sz000908,1598,0,0
sz000996,42200,20273,0
sh603638,0,355,0
sz002390,0,2000,0
sh600467,0,3457,0
sh600816,793,6243,0
sh600076,2000,1441,0
sz000151,0,1200,0
sz300558,198,697,0
sz000004,490,0,500
sz002038,2269,5837,0
sh600611,0,0,0
sz300312,13598,789,1244
sh600705,4009,24258,0
sh600123,10952,18561,0
sz002066,0,0,0
sz300389,0,0,0
sh603007,0,0,0
sh600796,0,0,0
sz300308,2086,2600,0
sz002330,1800,0,0
sh600573,1802,1807,0
sz300597,543,543,0
sz002513,0,0,0
sh603813,0,0,0
sh601881,13117,14202,0
sz000543,2000,2370,0
sh603963,753,1012,0
sz002900,0,1020,0
sh600712,0,0,0
sz300527,0,615,0
sz300063,0,0,0
sz002270,0,1600,0
sh600999,18651,27896,0
sz002800,0,0,0
sz002208,5153,1148,0
sh601888,3116,6845,993
sh600281,0,0,0
sz000620,0,0,0
sh603060,0,0,0
sz000631,73641,132015,2447
sh603669,0,0,0
sz002672,5224,17490,0
sh600874,18386,34536,0
sz300676,1334,6116,254
sh603458,841,362,0
sz002632,0,1594,0
sz002353,20272,27149,1553
sh600052,0,4474,0
sz300553,0,0,0
sh600127,0,2576,0
sh600644,0,0,0
sz300087,12406,979,0
sh601985,6396,20289,0
sz000776,49023,59146,722
sh600025,317351,508865,0
sh600973,0,0,0
sh600400,3147,0,0
sh603358,337,0,0
sh601098,0,2031,0
sh600319,2588,1002,0
sz002372,0,5022,0
sh600741,17501,7738,0
sz300202,7002,0,0
sz300620,0,0,0
sz300721,0,0,0
sz300483,3091,9959,0
sh603335,0,0,0
sh603010,0,0,0
sh601377,48527,82843,0
sz000416,0,0,0
sz300543,0,0,0
sz002445,0,1134,0
sz300196,1319,1960,0
sz300300,0,0,0
sz002246,0,4352,0
sh600345,1852,3897,0
sz000059,37332,89052,1499
sz002486,15451,5837,0
sz000975,3701,2283,0
sh600141,4578,15331,0
sz002827,0,0,0
sz002550,0,0,0
sz300379,5658,1525,0
sh601002,61953,45631,2535
sz002201,1011,0,0
sz002280,45952,27603,1964
sz000020,0,0,0
sz000890,0,0,0
sz002310,27274,60679,801
sh603588,0,1111,0
sz000892,1300,0,0
sh603899,1014,1456,0
sz000404,0,2200,0
sz300716,0,871,0
sz000888,0,1906,0
sz300479,0,0,0
sz300729,429,1345,0
sh600527,4031,5278,0
sh600841,0,0,0
sz002024,86211,99184,844
sz001965,16342,45925,0
sz002702,17543,2230,0
sh601211,38947,60122,0
sh600665,0,0,0
sz002641,0,0,0
sz300640,0,0,0
sz002489,0,0,0
sh600596,70743,89377,2013
sh600881,2771,15608,0
sz000921,2190,1638,0
sz000544,0,716,0
sz300611,0,0,0
sz002803,0,0,0
sz000632,0,0,0
sh600883,0,0,0
sh600452,0,1850,0
sz002667,0,0,0
sz002638,17332,0,2389
sz002590,0,2484,0
sz300612,319,0,0
sz000790,16044,5222,0
sh603016,414,3623,0
sh600029,292966,393846,9104
sh600216,15393,27609,0
sz002278,0,2600,0
sz300431,99400,62940,6663
sz002449,2172,12998,0
sz000936,0,1575,0
sz002841,0,0,0
sz300277,0,0,0
sh600963,4023,6053,0
sh600620,1009,0,0
sh601800,8628,8916,0
sz002644,0,0,0
sh600839,16694,106737,0
sh600058,3059,0,0
sz300274,1997,15191,0
sz000736,0,0,0
sh600598,56932,35580,0
sz000710,456,1030,0
sz002881,0,0,0
sz002530,0,0,0
sz300163,0,1901,0
sh600212,0,0,0
sz002723,0,0,0
sz002583,12199,19302,0
sz002048,892,1667,0
sz300556,0,621,0
sz002214,1630,1531,0
sh600469,0,0,0
sz002127,10745,9201,0
sz300481,473,0,0
sz300625,0,0,0
sh603817,1218,0,0
sh603798,0,0,0
sh600131,0,0,0
sz002427,3902,829,0
sh600742,1369,3542,0
sh600287,0,0,0
sz002853,792,0,0
sh603229,0,0,0
sz000665,0,0,0
sh600050,385115,506197,0
sz000756,2778,1000,0
sh600781,0,1262,0
sz300683,0,193,0
sh600189,0,0,0
sz300169,0,0,0
sh603528,0,0,0
sz002703,0,0,0
sh603298,0,0,0
sh600048,401003,415093,28803
sz001896,0,0,0
sz300014,1777,9206,0
sz002031,0,0,0
sz002634,0,0,0
sz002162,0,0,0
sz000901,0,459,431
sz300102,4708,9456,0
sz000833,0,0,0
sz000060,70351,68942,0
sh603069,850,0,0
sh603690,0,581,0
sz002040,0,0,0
sz002299,3267,1473,0
sz002494,2651,1637,0
sz002105,0,0,0
sz002378,2825,1103,0
sh601186,52537,29013,0
sz000796,0,4154,0
sz000951,816,1071,0
sh600179,37077,7757,0
sz000411,518,0,0
sh603877,0,0,0
sh601857,313735,263395,4479
sh603878,0,0,0
sz002191,1983,31271,0
sh600460,234394,180782,17809
sh600408,0,0,0
sz000546,0,700,0
sz300287,1475,1999,0
sz002228,0,0,0
sh600121,0,0,0
sz300334,0,748,0
sz002548,0,1500,0
sh600115,197959,349852,5128
sh603859,0,0,0
sh600062,2339,5866,0
sh600846,0,6444,0
sz300269,0,0,0
sz002471,0,0,0
sz002697,9938,23252,0
sh600330,2604,19480,0
sh600351,0,2462,0
sz000829,0,0,0
sh603222,0,0,0
sz002093,0,6521,0
sz300033,3611,690,202
sh600061,0,1003,0
sh600063,0,0,0
sz300113,5301,1303,0
sh603416,0,0,0
sh600306,0,0,0
sz300489,0,0,0
sz000972,0,10423,0
sz300244,655,2371,0
sz300626,0,368,0
sz300641,0,0,0
sh600716,0,1849,0
sh601398,776886,816551,0
sz002304,14486,9389,1036
sh601928,0,1282,0
sz300325,10422,18145,0
sz002896,0,758,0
sz002055,735,1332,0
sh600787,6086,23769,0
sh600962,0,0,0
sz002438,0,0,0
sz002483,0,0,0
sz002688,0,0,0
sz002911,36299,43434,6028
sz300299,0,1417,0
sz002753,0,0,0
sz002542,13979,4451,0
sh600409,25748,38265,0
sz000613,0,0,0
sz300120,0,0,1600
sh600585,130079,111399,5309
sh603318,0,0,0
sz300036,831,1816,0
sz002094,1474,845,0
sz002777,0,0,0
sh603767,0,0,0
sz000598,7799,11769,0
sz300468,18997,7443,688
sz300089,8973,1928,0
sz000550,0,713,0
sh600346,52349,74315,3608
sz300133,0,3353,0
sz300057,0,0,0
sh601229,25407,18500,0
sz300370,2857,0,0
sz002831,0,1011,0
sh600578,0,0,0
sz002315,0,0,0
sz002120,0,0,0
sz000657,0,1114,0
sz000791,0,5572,0
sz002627,0,0,0
sz002727,3267,483,0
sh601333,71366,139948,0
sh601158,0,0,0
sz002002,0,10876,0
sh601366,0,0,0
sz000816,5007,33073,0
sz300079,26874,11114,0
sh600764,400,400,0
sz300125,0,0,0
sz002533,0,0,0
sh600456,3410,553,0
sz000677,5089,0,0
sh600220,0,0,0
sz000150,0,0,0
sz300177,0,0,0
sh603331,0,0,0
sh603507,0,383,0
sh603090,0,0,0
sh600415,0,10173,0
sz300026,0,22832,0
sz002250,0,2448,0
sz300508,0,641,0
sz002043,2045,23455,0
sz300219,0,0,0
sz002849,0,0,0
sh600737,4012,7447,0
sz300384,0,0,0
sh600977,0,1517,0
sz002041,0,6036,0
sh603698,0,0,0
sz002616,3834,24977,1090
sz002798,0,215,0
sh601965,0,0,0
sz002872,0,505,0
sz000514,1900,0,0
sz002611,0,2799,0
sz002666,4349,0,0
sh600800,0,0,0
sz002302,96501,56943,9279
sz000966,0,5901,0
sz000554,2714,3283,0
sh603076,3978,849,0
sz300578,0,0,0
sh600988,8775,2314,0
sh600600,3889,2758,0
sz002248,3335,0,0
sh601388,31365,76607,0
sh600321,0,0,0
sz000739,0,3332,0
sz300070,6002,23209,767
sz002730,0,0,0
sh600603,0,0,0
sz300690,0,0,0
sz002779,9804,11707,710
sh600276,28692,24434,2897
sz000062,500,2972,0
sz300705,467,0,0
sh603320,2073,447,0
sz300314,3005,6544,0
sz002823,0,0,0
sh600879,14716,31873,0
sh600388,12807,26912,0
sz002126,0,0,0
sh600501,0,0,0
sz002510,5457,13771,0
sz000681,6634,21440,0
sh603308,1000,0,0
sz300366,1640,0,0
sh600550,0,7288,0
sz002538,0,2644,0
sz300282,0,698,0
sz002762,0,0,0
sh603917,1025,1304,0
sh600661,894,0,0
sz002905,0,0,0
sz300021,2025,5647,0
sh600531,0,0,0
sh600859,493,5210,0
sh600828,2714,0,0
sh601811,0,0,0
sh600558,3000,2489,0
sz300017,58732,51690,0
sz300214,0,2120,0
sz300270,2904,0,0
sh600610,0,0,0
sh600461,0,0,0
sh603900,1782,391,0
sz000409,0,1994,0
sz300218,0,0,0
sz002068,1245,0,0
sz300502,0,0,0
sh603139,0,0,0
sh601088,112809,116589,4881
sh600674,14222,26441,0
sh600423,0,0,0
sz002446,0,1684,0
sh601326,1713,3922,0
sz000410,0,3174,0
sh600556,0,0,0
sh601127,2303,3860,0
sz002388,0,0,0
sh600284,0,6571,0
sz300610,0,0,0
sz300682,0,0,0
sz300076,0,0,0
sh603019,21170,35855,1705
sh603818,0,900,0
sh603800,0,0,0
sz300486,0,0,0
sz002121,0,7887,0
sh600711,82628,124347,1924
sh601311,0,801,0
sz002840,372,20032,0
sz002705,0,0,0
sz002820,0,0,0
sz002242,1720,4667,592
sh600311,2357,6485,0
sh600759,19237,7915,0
sz002009,650,0,0
sz300518,0,0,0
sz002563,0,0,0
sz002183,35385,19750,0
sz002793,643,0,0
sh600089,43362,116161,1104
sh600343,795,0,0
sz300696,176,460,0
sz002633,0,0,0
sh603958,0,0,0
sh600200,0,2727,0
sh600749,0,0,0
sh601918,3426,11387,0
sz002775,0,4580,0
sz300365,0,2244,0
sh600116,0,0,0
sh600362,130771,127599,7572
sh603725,0,690,0
sz300012,0,3490,0
sz002755,0,0,0
sz002107,0,0,0
sz002210,20746,0,870
sh600939,0,1672,0
sh601882,1066,2194,866
sh600165,21501,6648,0
sz300525,0,0,0
sz000929,0,0,0
sh600139,3944,8919,1604
sz002503,11369,13957,0
sh600814,0,0,0
sz002294,264,5867,0
sz300369,0,1482,0
sz300491,0,0,0
sz000016,8384,4681,0
sz300359,1592,0,0
sh600561,0,0,0
sz300719,0,522,0
sz002806,460,0,0
sz002617,0,1653,0
sz002109,0,0,0
sh600765,0,7265,0
sh603600,0,1000,0
sz002646,0,700,0
sz300650,0,0,0
sh600256,207193,197512,0
sh600775,0,4298,0
sh603738,0,0,0
sh603527,0,0,0
sz000788,0,0,0
sz000639,0,0,0
sh601007,0,0,0
sz002462,0,0,0
sh601199,0,2121,0
sh603037,0,0,0
sz000662,0,0,0
sz000407,6260,3000,0
sz002292,707,13202,0
sz300321,0,0,0
sz002384,4290,2948,0
sz300708,1241,9572,0
sz300691,0,302,0
sh600278,0,0,0
sh600560,0,0,0
sh600908,1575,0,0
sz002223,3130,5305,0
sz300101,1544,812,0
sh600717,6148,2011,0
sz000030,0,0,0
sz000488,19413,57616,672
sz002568,0,792,0
sz002786,4834,1247,0
sh600269,8278,13847,0
sz300115,7093,21033,0
sz002258,0,589,0
sz000055,0,1941,0
sh600510,0,0,0
sz002790,0,0,0
sz002443,34253,8348,5038
sh600353,0,0,0
sh601116,500,0,0
sh601628,8949,14432,1436
sz002468,4208,1105,0
sh603730,0,650,0
sz300613,75,455,0
sz300190,0,1942,0
sz002472,0,2006,0
sz002059,0,0,0
sz300077,13960,50567,0
sh600090,4639,0,0
sz002377,0,0,0
sz002807,1607,6758,0
sz002333,0,0,0
sz002606,3143,8248,3710
sh603499,0,0,0
sh601005,44978,113141,0
sh603309,0,0,0
sz000021,129426,67768,1222
sh601618,51245,58488,0
sz300663,3144,1984,571
sh600428,0,10347,0
sh600075,0,8646,0
sz000088,0,4088,0
sz002369,80915,210391,2710
sh600381,0,0,0
sh600525,55073,55309,7778
sh600886,62392,64456,0
sh601669,1942,25901,0
sh600575,4213,8992,0
sz002461,0,0,0
sz300710,0,0,0
sh603939,901,846,0
sz300699,2517,3341,0
sh600069,0,2701,0
sh603602,428,258,0
sz002585,0,1705,0
sz300011,0,0,0
sz300686,0,0,0
sz002264,2915,8066,0
sh600995,0,7116,0
sh600889,0,0,0
sh600657,6949,5829,0
sz300247,0,0,0
sh603038,0,0,0
sh601878,18555,8562,0
sz300347,0,0,0
sh600654,4823,25648,0
sh603966,0,0,0
sz300093,0,1030,0
sh600655,2402,1792,0
sh601991,3824,11032,0
sz002748,0,0,0
sz002619,7585,6588,0
sz002749,0,0,0
sh603131,0,0,0
sz300203,1220,1073,0
sz002265,0,955,0
sh603665,0,0,0
sz002355,3207,10344,0
sz300059,110126,102741,0
sz300009,9247,29959,635
sz300402,0,0,0
sz000426,13794,23870,0
sh601890,0,8426,0
sz000599,0,0,0
sh600030,473663,470031,21352
sz300289,0,0,0
sz002631,0,0,0
sh600689,0,0,0
sz300188,8269,0,0
sz002432,0,1425,0
sh600213,0,1923,0
sh603579,0,825,0
sh600855,0,0,0
sh603186,0,884,0
sz000584,4788,0,0
sz000959,0,14432,0
sz002360,0,0,0
sh600398,4609,9654,0
sz300256,3300,6045,0
sz002336,0,1407,0
sz000915,0,3093,0
sh603396,261,0,0
sz002679,0,0,0
sh603615,0,0,0
sz000925,1671,1498,0
sz002234,0,1175,0
sz002642,20276,6527,815
sh600662,0,0,0
sh603385,0,0,0
sz000809,0,0,0
sz002539,0,0,0
sz300324,0,750,0
sh600350,13572,8718,0
sh601998,277081,218442,0
sz000532,0,0,0
sz002015,0,15980,0
sh603607,285,1053,0
sz002916,54959,41190,10141
sh601689,409,2384,0
sz300467,0,0,0
sz300272,0,0,0
sz002516,3983,0,0
sh601111,72396,174263,0
sz002869,0,0,0
sh600243,0,0,0
sh603000,1004,1351,0
sh601992,87217,100668,0
sz002836,0,0,0
sz000096,0,0,0
sz000521,0,0,0
sz000517,371400,300298,7432
sz300294,342,0,0
sz300490,0,0,0
sz300155,0,0,0
sz002092,41333,45643,1343
sz002409,1594,4411,0
sz300717,0,0,0
sh600690,216077,149844,17610
sh603017,0,0,0
sh600692,0,0,0
sh600129,642,1410,0
sz300362,0,1062,0
sz300178,20966,2765,2040
sh600497,178837,172938,0
sz300121,1624,0,0
sz300043,0,2463,0
sz000877,282660,301870,9553
sh603718,3800,0,0
sz300268,667,1579,0
sz300414,0,0,0
sh601226,0,0,0
sz300352,57866,9345,3124
sz002543,0,2408,501
sh603011,0,0,0
sz000555,0,0,0
sh601567,0,2581,0
sz300685,0,137,0
sz000973,0,5554,0
sh600206,152833,62045,3089
sz300643,801,0,0
sz000559,7662,6440,0
sz300735,467,38705,1114
sh603707,1309,700,0
sz002052,0,7109,0
sz000612,0,0,0
sz300570,0,0,0
sz000038,0,565,0
sz002659,0,0,0
sz002625,961,508,0
sz002773,257,250,0
sz002053,0,1020,0
sz002692,2003,5425,0
sz002485,0,0,0
sz002501,1431,10062,0
sh600844,0,2600,0
sz000430,0,0,0
sh600719,0,0,0
sz002728,0,0,0
sh600109,1245,4847,0
sz300207,3453,1000,0
sh601155,26132,22560,2175
sz300420,0,0,0
sz300201,0,1750,0
sh603918,0,0,0
sh600726,0,0,0
sh600373,4867,10948,0
sh600027,5001,90023,0
sh600377,1800,2145,0
sh601599,9650,3216,0
sh600978,0,0,0
sz300023,0,0,0
sh600984,1658,1583,0
sh603118,0,0,0
sz002488,3535,0,0
sh600280,12000,4391,0
sh601777,0,4723,0
sh600167,0,0,0
sz300329,0,0,0
sz300031,0,0,0
sz300303,3000,0,0
sz300242,0,0,0
sz002456,44986,57917,0
sz002459,0,0,0
sh603299,0,0,0
sz300449,1952,0,0
sz300462,0,0,0
sh600673,73907,34201,0
sh600595,66863,56884,0
sh600522,142290,152499,12151
sh603777,0,0,0
sh600462,0,6003,0
sz000718,72675,45522,2805
sz002133,0,3000,0
sz300583,0,0,0
sz300235,0,1734,0
sh600299,4268,2697,2021
sz002743,1325,0,0
sz000605,0,0,0
sz300501,0,0,0
sh600530,119837,120727,34488
sz300111,0,0,0
sz002830,812,471,0
sz002108,7242,10157,0
sh603855,0,0,0
sz002236,22206,24018,2753
sh600526,0,0,0
sz000753,0,0,0
sh603605,785,1036,0
sh600686,6145,6178,0
sh600033,0,0,0
sz002771,0,0,0
sz002761,976,5560,0
sz002824,0,0,0
sz000897,0,0,0
sh603289,0,2694,0
sz000623,5406,18506,0
sh601801,3003,6215,0
sz300358,0,0,0
sz002430,10211,13443,2095
sz000759,2711,7981,0
sh600803,4422,29393,0
sz002021,0,0,0
sz000338,132654,123021,0
sh600688,92155,67519,14617
sh600892,0,0,0
sz002324,0,0,0
sh600725,0,0,0
sz002057,0,0,0
sh600967,0,9844,0
sz300092,0,0,0
sh600706,0,0,0
sz300688,0,0,0
sh603113,898,2242,0
sz002341,1856,1311,0
sh600186,54780,19768,0
sz300593,0,0,0
sz000807,304393,194731,1080
sh603559,33111,9519,2097
sz002883,168,174,732
sz002918,7351,3345,748
sh600081,2000,0,0
sz002662,1705,1897,0
sz002714,6352,11591,0
sz002385,33239,40311,0
sz300519,0,0,0
sz002022,0,0,0
sz000565,0,0,0
sh601126,0,0,0
sz000017,0,0,0
sh600016,312219,291457,1181
sz300354,0,0,0
sz300266,1050,1589,0
sz300584,400,0,0
sh600229,0,0,0
sh601949,1472,1554,0
sh600993,1197,1350,606
sh600272,0,0,0
sh600303,0,0,0
sz300328,0,0,0
sh600515,4638,1984,0
sz002308,1185,8825,0
sz002796,0,0,0
sz300550,0,0,0
sz002473,1469,0,0
sz002532,0,0,0
sh603887,0,0,0
sz000989,603,988,0
sz000537,12371,29334,0
sz002718,0,0,0
sz000611,0,0,0
sh603117,0,1098,0
sz002871,0,0,0
sh603228,0,0,0
sz300139,0,0,0
sz000831,10131,14766,976
sh600487,36005,79630,7134
sz000932,15699,32573,0
sz002296,0,0,0
sz002566,0,0,0
sz300073,5561,5504,1183
sh601137,0,0,0
sh601016,0,3815,0
sz300522,0,0,0
sh600436,18449,19208,1568
sh600429,0,0,0
sz002527,0,0,0
sz002751,0,668,0
sz300466,0,0,0
sz002725,0,0,0
sz300458,1484,540,0
sh600713,2139,15427,0
sz002154,0,0,0
sz002837,0,0,0
sz002010,618,0,0
sz002502,0,3268,0
sz002626,2347,6912,0
sz002402,9424,3660,0
sh600301,0,0,0
sz002305,2393,7954,0
sh600300,0,3813,0
sz002460,43331,62676,3883
sz000637,0,0,0
sz002130,3776,19855,2107
sz002780,0,0,0
sz300285,5144,2745,509
sh603766,0,9500,0
sz002792,0,500,0
sz002760,22865,8249,294
sh600866,0,0,0
sz300042,0,0,0
sh600739,2414,1783,0
sh600864,0,0,0
sh600761,1000,4105,0
sz002630,0,0,0
sz000919,0,0,0
sh601008,0,3119,0
sh603357,0,1146,0
sh603688,0,0,0
sh603025,0,0,0
sz000616,6253,3520,0
sz300469,0,0,0
sh603305,0,287,0
sz002416,0,0,0
sh600933,8274,8022,632
sz300585,0,0,0
sz300239,0,0,0
sh601939,422771,248950,1897
sz002747,0,0,0
sz002417,0,0,0
sh603779,642,603,0
sz002421,0,8765,0
sz002546,0,2000,0
sz002811,0,0,0
sz300251,2410,3655,0
sz300206,0,0,0
sh603968,0,0,0
sh600053,0,0,0
sz002023,0,17911,0
sh600748,0,0,0
sh600108,2615,39877,0
sh600520,5207,4436,0
sz300500,0,575,0
sz000301,7351,6412,0
sz002173,0,0,0
sh600860,0,0,0
sh600969,0,0,0
sz002394,0,1536,0
sh600885,2652,841,0
sz000786,28395,46079,0
sz002536,722,0,0
sz000659,0,0,2266
sh603238,0,0,0
sh600137,0,0,0
sh600583,111450,121009,3705
sz002051,2980,2972,0
sz300227,0,0,0
sh603868,0,0,0
sh603567,0,0,0
sz300652,0,0,0
sh603098,0,0,0
sh600900,5145,10607,0
sz002868,0,0,0
sz000828,0,0,0
sz300154,0,0,0
sz002699,2405,1099,0
sh603703,0,0,0
sz002451,0,867,0
sz300618,3236,1999,480
sz300367,0,3274,0
sh600684,62501,97190,0
sz000963,5707,2451,0
sh600599,0,0,0
sz000159,2000,0,0
sz002682,0,0,0
sz002350,0,3300,0
sz002178,0,0,0
sh603077,52723,44135,0
sh601818,1675293,2081308,0
sh603978,0,125,0
sz300438,1303,3927,0
sz300046,505,0,0
sz002288,0,0,0
sz000528,1577,9383,0
sz002899,450,0,0
sh600821,0,2151,0
sh600251,4575,8643,0
sh603555,0,1232,0
sz300204,0,0,0
sz002102,9297,39890,0
sz002816,0,0,0
sh600552,0,0,0
sh600513,0,0,0
sh600704,0,10310,0
sz300072,16003,6047,309
sz000541,4045,5818,0
sz002018,3148,47138,0
sz300385,0,0,0
sz002019,11846,33405,0
sz000793,26250,15524,0
sz300224,1055,5496,0
sz002202,21515,41782,2571
sz002835,0,0,0
sz002464,10419,5151,0
sz002255,0,1500,0
sz300198,0,0,0
sh600455,0,0,0
sz000615,0,2201,0
sz300572,1407,0,0
sz002100,0,0,0
sz300191,466,0,0
sz000525,885,2895,0
sz300141,0,972,0
sz002062,3008,0,0
sz002152,236946,147006,10946
sz002594,9102,7380,1567
sh601579,0,0,0
sz000980,885,1947,0
sh601163,0,0,0
sz300718,0,1123,0
sz002406,0,0,0
sz002571,0,0,0
sh600260,0,1820,0
sz300276,1847,3894,0
sz002848,725,0,0
sz300097,1330,2138,504
sz300136,37187,36030,5261
sz300471,2000,2594,0
sh603890,286,5341,0
sh600433,0,4397,0
sz300726,437,1822,0
sh603933,0,995,0
sz002547,39257,11165,0
sz000910,2260,3258,0
sz300528,0,0,0
sz300433,10426,11402,744
sh603778,0,1504,0
sh600403,0,4259,0
sz002164,0,0,0
sz300588,0,0,0
sz002346,0,0,0
sh600687,5102,6422,0
sh600275,0,0,0
sz000961,80611,91804,0
sz300503,0,0,0
sh600483,0,0,0
sz000913,1469,0,0
sh603628,0,765,0
sz300175,0,0,0
sh601901,0,11072,0
sz002287,0,0,0
sz300617,0,0,0
sh600135,0,1046,0
sz300516,0,0,0
sh601390,30848,33340,0
sh600601,0,2772,0
sh603501,2169,4622,0
sz300028,0,2541,0
sz002865,0,800,0
sh600691,47836,46457,0
sh603039,532,140,0
sh600884,5517,23204,1100
sz002080,400,1399,0
sz300609,0,0,0
sz300165,0,0,0
sz000733,0,2917,0
sh603456,0,0,0
sz002880,0,0,0
sh603088,0,0,0
sz002087,0,15618,0
sh601318,283605,326270,34608
sz002352,790,1084,0
sh600959,0,0,0
sz002118,0,12315,0
sz000708,2549,1323,0
sz000507,5557,29586,0
sz002424,0,7505,0
sz300382,4997,689,2625
sz000529,0,0,0
sh600305,2995,1505,0
sh600111,380225,466989,40557
sz000978,0,0,0
sh601198,1727,1685,0
sh601700,0,0,0
sz000731,1497,3075,0
sh600077,4009,0,0
sz300171,0,1701,0
sh600125,32403,96227,0
sz300557,0,0,0
sh603566,0,0,0
sz002356,355,2182,0
sz002685,0,0,0
sz300677,249,755,0
sz300081,0,1120,0
sz300257,820,0,0
sz300185,80878,9822,0
sz002391,942,0,0
sh601968,0,2504,0
sz002046,0,0,0
sh600178,0,0,0
sz002695,0,5505,0
sz300498,20457,21051,0
sz300144,5036,3230,0
sz000501,1332,2136,0
sh600151,3322,0,0
sh600435,1010,5423,0
sz002211,0,0,0
sz002629,0,0,0
sz000506,0,0,0
sh603586,0,0,0
sz002493,10181,17186,1740
sh600247,0,0,0
sz002275,0,1169,0
sh603333,1911,0,0
sz300390,0,0,0
sz300533,0,0,0
sz300596,0,0,0
sz300667,0,0,0
sz300649,0,0,0
sz002825,0,0,0
sh601677,834,0,0
sz000536,0,9442,0
sh603686,2805,913,0
sh600172,1663,14294,0
sz300039,0,0,0
sz300475,0,800,0
sz000851,9693,8109,0
sz002479,0,8173,0
sh600823,454379,294045,9909
sz000729,3664,10777,0
sh603838,0,0,0
sh600128,0,0,0
sz002359,0,900,0
sz002609,1200,0,0
sz300286,0,0,0
sz002199,2997,0,0
sh600593,450,0,0
sz002731,0,0,0
sz300477,0,479,0
sh603043,0,0,0
sh601678,7270,27089,0
sh600559,4555,5172,0
sh601107,0,0,0
sh603166,0,0,0
sh600747,0,8504,0
sz000002,117555,99140,6598
sz300220,0,0,0
sz300417,0,0,0
sz002774,0,0,0
sh601086,0,10528,0
sz002551,0,0,0
sz002556,0,8431,0
sz300229,1930,777,0
sh600209,5860,17132,0
sz300598,0,0,0
sz002150,0,0,0
sz002578,0,0,0
sh600891,0,0,0
sz300298,1089,1698,0
sh600097,0,0,0
sh600986,0,0,0
sz300577,450,150,0
sh603196,0,0,0
sz002396,2621,5374,0
sz002560,0,0,0
sh600397,0,0,0
sz300184,0,1479,0
sh600023,14380,10852,0
sh600059,0,0,0
sh601789,3001,4895,0
sh603801,201,689,0
sz002732,0,0,0
sh600547,14003,23845,967
sz000656,50518,78018,0
sz002822,0,0,0
sh600234,0,0,0
sz000609,0,0,0
sz000166,6523,7608,0
sh600833,0,0,0
sh600163,0,0,0
sh603041,0,0,0
sz000725,7889405,6906729,71873
sz002481,0,8468,0
sz300035,0,2000,0
sz002855,0,0,0
sz300040,0,0,0
sz002605,0,1961,0
sz002776,0,0,0
sh600252,0,5539,0
sh601106,6860,5595,0
sh600060,2419,2040,0
sh600958,2103,38371,0
sh603577,0,0,0
sh603225,1345,4751,0
sz000422,0,0,0
sh600292,0,1106,0
sz300515,0,0,0
sz002436,0,0,0
sz002167,2575,2710,0
sz002698,0,0,0
sz002238,0,0,0
sh600267,3381,3236,0
sz300579,1315,405,0
sz300340,574,448,0
sh603369,8743,6652,0
sh601099,41127,64759,0
sh603976,0,0,0
sz300099,0,0,0
sz002901,341,1254,0
sz300442,0,0,0
sz002050,13811,29263,512
sz300460,0,0,0
sz002465,20879,12097,0
sz300615,0,0,0
sz300628,184,259,0
sh603169,1630,0,0
sh603258,1420,521,0
sz002271,6854,8593,0
sz300645,0,0,0
sh600356,0,0,0
sz002418,0,0,0
sz002374,2041,8756,0
sz002083,0,0,0
sz002291,0,0,0
sh603365,0,467,0
sh603315,0,0,0
sh603157,0,0,0
sz000813,0,0,0
sh603101,0,0,0
sz000798,0,2076,0
sh600576,0,0,0
sz000698,0,2108,0
sz002182,1650,5577,0
sh600563,2985,2480,0
sz000070,0,1370,0
sz002857,0,0,0
sh600310,0,2442,0
sh600980,0,0,0
sz300545,0,0,0
sh600498,3489,12967,0
sh601231,13071,10955,0
sh600155,1967,10932,0
sz000903,13571,4299,0
sh603886,0,0,0
sh600845,0,565,0
sh600348,21563,45217,0
sh603188,0,0,0
sh603321,0,0,0
sh603505,582,505,0
sh603322,0,821,0
sz000572,0,2303,0
sh600862,0,0,0
sh603757,0,0,0
sh603616,2012,0,0
sh600982,0,0,0
sh603223,0,0,0
sz300355,18142,52236,1696
sz002677,2579,0,0
sh603015,0,0,0
sh600533,0,22615,0
sh600720,110654,82079,3442
sz300002,11815,3170,0
sz300181,1962,17566,0
sz300599,0,0,0
sz300529,0,816,0
sz002778,0,0,0
sh603329,0,5373,0
sh600543,0,2080,0
sh600820,2009,5172,0
sz300336,0,0,0
sz300727,1852,6178,0
sh600736,0,1918,0
sz002218,10720,14837,0
sh600882,0,0,0
sh603003,0,0,0
sh600817,0,0,0
sh603018,0,0,0
sz300398,0,1130,0
sh603880,0,461,0
sz300056,0,0,2914
sh600372,0,3820,0
sz000715,0,0,0
sz002620,0,0,0
sh603861,0,0,0
sz300546,0,0,0
sz002230,36152,75251,6225
sz300330,0,0,0
sh603980,0,1650,0
sh601858,0,0,0
sh600896,0,0,0
sh600298,32887,11537,2908
sz000530,0,1934,0
sz300452,479,0,0
sz300395,0,0,0
sz002442,0,0,0
sh600241,0,0,0
sz300622,0,0,0
sz000810,1492,0,0
sz002414,0,0,0
sz002448,0,1438,0
sz002660,0,0,0
sh600182,0,0,0
sz300237,0,0,0
sh600282,85579,115958,0
sz300091,0,701,0
sh603199,0,0,0
sh600463,0,1269,0
sz000958,0,6394,0
sh600107,0,3793,0
sz002335,0,0,0
sz000153,0,0,0
sz300423,500,0,0
sz300513,0,0,0
sz000767,0,3906,0
sz300671,310,0,0
sz000830,38282,62386,2195
sh600582,0,12835,0
sz300377,105694,80166,7378
sz000687,0,1403,0
sz002393,0,0,0
sh600822,3780,1113,0
sz002056,105909,53863,3747
sz300258,0,0,0
sz000709,76232,184377,0
sh600793,526,929,0
sz300493,0,739,0
sz002593,0,0,0
sz000552,0,20596,0
sz002891,0,0,0
sz300450,2599,3191,0
sz002658,0,1864,0
sz002074,0,3112,0
sz300085,0,813,0
sh603993,258107,318401,0
sh603078,0,392,0
sz000692,0,2232,0
sz002482,0,0,0
sz300581,0,0,0
sh600085,617,1386,0
sz300267,4178,8699,0
sz000898,40443,30246,0
sz002596,10571,11333,0
sz002171,2017,0,0
sz002061,20151,11354,0
sz002707,0,0,0
sz002819,0,0,0
sh600735,2281,1500,0
sz002139,1063,2723,0
sh603609,0,0,0
sz300666,1331,2886,0
sz000702,0,0,0
sz300401,251,227,0
sh603138,10012,6032,224
sz002435,0,1700,0
sh601113,0,0,0
sz002407,4342,8920,0
sz300616,0,0,0
sh600352,53222,64694,0
sz002368,829,4213,0
sz000622,0,0,0
sh600199,0,2801,0
sh603937,1530,3140,0
sh601588,22108,17014,0
sh600361,2023,21053,0
sh603677,0,1828,0
sh600419,0,272,0
sz300348,710,0,0
sz002172,0,0,0
sh600518,15232,12864,1020
sz000524,0,0,0
sh603030,0,0,0
sz300231,27660,25298,1834
sz002757,0,300,0
sz002463,8046,18734,0
sh600101,0,0,0
sz002439,4772,1543,545
sh603860,0,0,0
sh600126,0,0,0
sh600370,4104,0,0
sz000009,5343,13711,0
sz000750,6245,25790,0
sz002737,392,0,0
sz002081,12372,47449,657
sh600197,3926,4490,0
sh601886,0,0,0
sz300333,2000,0,0
sh600068,32058,52438,0
sz002389,610,2608,0
sz002535,2191,2200,0
sz002064,4851,7994,0
sz300145,2490,885,0
sz300560,0,0,0
sz300320,0,1100,0
sh603826,0,1620,0
sz000672,76464,71192,9624
sz002884,0,213,0
sz300078,2006,1119,0
sz300095,0,0,0
sz002207,0,0,0
sz000518,0,0,0
sh603086,0,0,0
sz002136,0,0,0
sh603006,0,0,0
sz000713,0,0,0
sh600854,6967,4105,0
sh600211,295,0,0
sh603819,673,0,0
sh600325,78377,117000,2136
sz300030,0,1812,0
sh600623,1201,1192,0
sz300521,0,0,0
sh600371,0,0,0
sh603260,19159,21362,4556
sz300162,0,0,0
sh600535,892,1593,0
sz300397,0,642,0
sz300653,0,0,0
sh600779,8430,4471,0
sh603663,0,0,0
sh601117,56076,50304,0
sz002505,5330,39509,0
sz300189,0,0,0
sh603920,0,0,0
sz002300,0,0,0
sz002657,22561,7770,1236
sh603042,0,0,0
sz300587,0,466,0
sh600130,10224,5274,0
sh601012,46423,25643,1669
sz002412,0,0,0
sh601009,71587,56155,0
sz300357,0,0,0
sh600078,0,0,0
sz002035,1428,2579,0
sz300047,1041,0,0
sh603002,58997,36282,0
sz002169,0,2589,0
sz300627,0,256,0
sz300351,0,1037,0
sh600682,12065,1823,0
sh600066,9320,17923,0
sh600629,0,0,0
sz300472,0,0,0
sh600380,42491,53478,1963
sh601222,1310,18810,0
sz300416,0,0,0
sz002741,0,0,0
sh603355,0,520,0
sz300693,0,0,0
sh601616,0,0,0
sz300375,605,4082,0
sh603728,0,1802,0
sz002134,0,0,0
sh601006,120639,170780,1592
sz300445,0,0,0
sz300326,0,0,0
sz002184,0,0,0
sh600468,0,1500,0
sz000720,0,0,0
sz300623,0,0,0
sz300446,0,0,0
sh600743,4503,8719,0
sh600619,1015,870,0
sz002117,4487,0,0
sh600577,0,2792,0
sz002232,0,0,0
sz002689,0,0,0
sh603737,0,0,0
sh600360,14730,12949,0
sh600136,0,0,0
sz002654,0,8105,0
sz002615,13118,1070,0
sh600612,0,1039,0
sz002320,538,552,0
sh600240,0,14833,0
sh600745,408,1522,0
sh601799,0,0,0
sz000780,0,0,0
sz002712,0,0,0
sz000792,278208,271186,20188
sh601555,3263,30677,0
sz300664,0,0,0
sh603557,0,0,0
sz002537,19518,7141,984
sz000723,2000,17201,0
sh600549,36321,51647,2049
sh601368,0,0,0
sh600728,0,1200,0
sz000043,1116,5768,0
sh600624,0,0,0
sz300419,0,0,0
sz300647,0,0,0
sh600766,0,0,0
sz000560,0,5390,0
sz000567,1600,900,0
sz002867,0,0,0
sz000818,9718,4748,0
sz002156,23597,21044,0
sz002635,12383,24288,1203
sz002713,2769,0,0
sz002910,3060,4072,2156
sh600339,0,0,0
sh603388,762,0,0
sh600449,16332,15589,2893
sh600328,17155,39836,0
sh603585,0,0,0
sz002500,7264,20876,0
sh601518,0,0,0
sz300715,0,0,0
sz300488,0,0,0
sh601166,1634360,1319543,60800
sz000680,2879,0,0
sz300129,0,7200,0
sz300212,513,3491,0
sz300511,0,0,0
sh603580,0,0,0
sz002828,735,413,0
sz000690,18328,11956,0
sz002447,332091,936715,48141
sz300535,0,0,0
sh601218,0,0,0
sz300485,0,0,0
sh600640,0,0,0
sz000049,1343,2448,0
sz000619,0,0,0
sz000909,0,0,0
sz002650,17422,6594,1816
sz002216,0,0,0
sh601101,1615,1788,1282
sz002724,0,0,0
sz300029,0,0,0
sh603133,0,672,0
sh600203,0,0,0
sz300135,0,0,0
sz002138,3570,6983,0
sh600890,3197,8440,0
sz002595,0,0,0
sz000627,0,6446,0
sh600810,0,0,0
sz002267,25060,17766,0
sh603639,0,0,0
sz000683,32381,59518,0
sz002589,976,4235,0
sh600584,22669,50737,0
sh603055,609,1768,0
sz000861,0,12770,0
sz000893,0,0,0
sz300509,0,0,654
sh603008,1882,600,0
sh600020,10746,17801,0
sh603387,0,202,0
sz002395,0,0,0
sh603197,0,0,0
sz002887,326,0,0
sz000850,0,0,0
sh603377,542,893,0
sz002574,0,0,0
sz002783,0,0,0
sz000413,15236,34075,0
sh600173,3009,9926,0
sh600482,1220,1638,0
sz300360,0,1087,0
sz300226,10485,1729,315
sz002795,0,0,0
sz002013,3935,3604,0
sz002101,630,0,0
sh603363,5927,8364,589
sh600567,37326,41296,0
sz000826,4896,4239,400
sh600750,0,1625,0
sz000586,0,0,580
sh600651,3000,3487,0
sz002801,0,1357,0
sz000969,1281,1202,0
sh600218,0,0,0
sz002318,0,3185,0
sh603033,0,0,0
sz002186,0,0,0
sh603058,0,0,0
sz000425,237834,267176,0
sz002039,0,0,0
sh603885,787,6841,0
sz300313,0,0,0
sz002875,582,0,0
sh603100,0,0,0
sz002540,0,1430,0
sz002014,0,0,0
sz300174,0,0,0
sh600438,44611,59845,1688
sz002600,11415,27204,0
sh603888,0,0,0
sz000018,0,3784,0
sz300293,0,0,0
sh600192,0,0,0
sh600769,0,2501,0
sz300317,820,1403,0
sz002573,11191,33972,0
sz300305,0,0,0
sz002176,14525,51275,862
sh600037,0,0,0
sz002049,13716,32430,2809
sh603658,201,0,0
sz002141,0,2618,0
sz300537,666,0,0
sh600819,0,0,0
sz300552,0,0,0
sh600856,77801,49023,847
sh600335,2227,3854,0
sh603367,1101,1533,0
sh603232,0,0,0
sz000333,128440,114395,11833
sh600888,21258,6996,0
sz002017,0,0,0
sz000962,0,1759,0
sz300586,0,0,0
sz300108,0,0,0
sz002652,0,0,0
sz002096,0,0,0
sz300007,0,802,0
sz002148,0,1800,0
sh600057,0,0,0
sh603979,0,0,0
sh603959,0,0,0
sz000985,0,0,0
sz000728,3669,22413,0
sz000957,0,1184,2700
sz300482,0,170,0
sh600331,6199,9604,0
sh600548,0,0,0
sz300532,0,0,0
sh600538,0,2168,0
sh600315,1169,2801,0
sh601169,80046,74370,0
sh603797,1991,0,0
sh601001,0,3421,0
sh600161,500,1309,0
sh600827,1485,0,0
sz002889,341,0,0
sh603328,0,0,0
sh603466,366,2125,0
sz300131,0,0,0
sz002003,0,2688,0
sz000758,37239,15148,0
sz300228,1471,0,0
sh600316,0,2926,0
sz300440,2044,0,0
sz300066,0,0,0
sh600784,0,0,0
sz000661,2111,1527,0
sz300254,0,0,0
sz002063,97908,168843,16592
sz000669,4066,1972,0
sz000968,0,2555,0
sh600985,762,3730,0
sz002144,0,0,0
sh600083,0,0,0
sz300058,0,9739,0
sz002669,0,0,0
sh603656,0,0,0
sz002069,0,1395,0
sz300275,0,764,0
sh600105,0,0,0
sz002029,0,0,0
sz300497,0,473,0
sh600156,0,0,0
sh603768,0,0,0
sh603729,0,0,0
sz300232,1004,1750,0
sz002327,0,2085,0
sz002243,0,0,0
sz000911,0,0,0
sh600317,0,29308,0
sh603938,447,282,0
sz000045,0,2108,0
sz300337,0,1483,0
sz002495,2606,0,0
sz000801,0,0,0
sz000028,1476,1509,0
sh600727,0,0,0
sh600579,0,6946,0
sz000650,0,3701,0
sh603313,0,0,0
sz300199,1626,2242,0
sh603208,0,0,0
sz002079,12560,1256,0
sz300197,8336,23083,0
sh603508,0,0,0
sh601018,15981,10049,0
sz000848,5720,2736,1563
sz000423,4512,4316,816
sz000859,0,3000,0
sh600708,4757,4770,0
sh600658,0,1000,0
sz000889,0,0,0
sh603721,0,0,0
sz002099,0,0,0
sz002028,1000,2747,0
sz300080,2700,5794,0
sz002826,4458,14666,2477
sz300259,0,0,0
sz300548,0,0,0
sz000606,0,0,0
sz000155,13089,44362,0
sz300589,0,0,0
sz300547,281,217,0
sz000837,0,0,0
sh600621,1317,5688,0
sz300353,0,0,0
sh600730,0,1470,0
sz000063,201447,227830,10071
sh600667,10707,16080,1591
sz000415,2401,2683,0
sz000885,6755,9169,0
sh600649,6734,6696,0
sz300168,5851,3762,0
sz300283,0,0,0
sz300105,0,0,0
sz002348,0,0,0
sh600630,0,1208,0
sz000856,6722,10141,1067
sz002843,0,0,0
sz002526,0,0,0
sz000997,17401,11228,0
sh603788,0,700,0
sz300565,0,0,0
sz300575,0,0,0
sh600698,0,1312,0
sh603676,5996,6718,0
sz000069,81949,116716,0
sz002147,1875,13710,0
sh603916,724,3725,0
sz002561,0,0,0
sz002301,13754,0,0
sh600336,0,0,0
sz300563,0,0,0
sz002484,2685,2673,0
sh603326,0,0,0
sh603689,10444,4509,1653
sh603283,0,0,0
sh600079,3318,10292,0
sh600230,12857,11000,830
sh601010,0,0,0
sz002821,0,0,0
sz000589,0,0,0
sh600376,3884,17134,0
sz002833,636,0,0
sz300654,0,0,0
sh600565,6693,47688,0
sh600153,6431,4925,915
sh600970,14339,44030,0
sh600015,122060,64440,0
sh600138,44600,23157,721
sh603519,0,0,0
sh600572,11402,7600,0
sz002437,0,8857,0
sh603866,2001,1583,0
sh600505,0,0,0
sz002235,42155,107918,0
sz002272,0,0,0
sh603027,0,0,0
sh601058,0,18660,0
sh600987,0,4473,0
sh603336,0,0,0
sh600177,1500,16373,0
sh603386,0,0,821
sz002700,0,0,0
sz000590,0,0,0
sz002876,1390,193,0
sh600521,2607,6410,0
sz002410,1515,4652,0
sz000558,0,3810,0
sz002768,1781,834,0
sz000735,5586,16346,0
sz000982,6763,27396,0
sz000563,6002,5606,0
sh600617,0,2737,0
sz300706,440,866,0
sz001979,46074,75051,4314
sz300053,7149,4170,0
sz002132,2000,6243,0
sz000906,0,0,0
sh603626,0,2295,0
sz002842,0,600,0
sh603661,0,0,0
sz002576,12644,20255,4218
sh600171,21738,22038,0
sz002584,7937,3176,0
sh603606,0,0,0
sz300164,16610,6831,0
sh600998,0,1603,0
sz300484,0,0,0
sh603165,0,0,0
sz000717,103496,90952,0
sh603869,0,0,0
sz300670,0,0,0
sz002675,0,975,0
sh600710,0,1500,0
sz002070,5123,35231,0
sz002245,0,12992,0
sz002813,311,3075,0
sz300041,0,0,0
sz000655,3864,12801,0
sz300376,0,5508,0
sz002553,0,0,0
sz002188,884,5609,717
sz000526,0,0,0
sz300084,0,0,0
sh600338,0,1666,0
sz000927,0,7965,0
sz000836,7204,18181,0
sh603660,316,2227,0
sz002637,0,0,0
sh603080,0,0,0
sz000596,1428,1948,0
sh603970,1781,3051,0
sh600232,0,0,0
sz000008,4263,19656,0
sz002131,342175,184566,0
sh600026,3822,19754,0
sz000819,0,0,0
sz000935,22109,9607,2288
sz300335,1100,2164,0
sz000663,2019,0,0
sh601212,9353,3609,0
sh600825,0,0,0
sh600054,1278,4967,0
sh601019,0,1978,0
sz002434,1357,0,0
sz002832,0,0,0
sh600867,7026,7790,588
sz000938,1951,2497,167
sz002371,6583,13708,288
sh600797,110117,42870,1994
sz000498,0,2254,0
sz002222,859,4677,0
sz000032,0,0,0
sh600235,0,0,0
sz300418,5641,4800,0
sh601336,35607,53988,3462
sh603997,0,0,0
sh600898,865,1570,0
sh601028,0,0,0
sz002226,0,0,0
sz002726,0,2118,0
sh600774,769,0,0
sz000519,1353,4805,0
sh601900,0,0,0
sh600333,86220,29545,6050
sz000999,0,1107,0
sh601595,0,0,0
sh601611,8676,14062,0
sz300732,3136,2713,1068
sz002866,0,0,0
sh601608,0,8045,0
sh603903,0,0,0
sh603618,0,0,0
sz002397,0,0,0
sh603969,3815,2407,0
sz002888,0,0,0
sh600382,0,0,0
sz000697,500,3159,0
sh600641,5497,11975,0
sz300130,11359,3762,0
sz000737,0,3261,0
sh600830,1128,11027,0
sh600926,20360,35833,919
sz300172,0,0,0
sz002613,0,7934,0
sh600608,0,0,0
sh600038,0,6730,0
sz000651,428225,320849,45387
sz300045,0,0,0
sh603912,0,2999,0
sh603928,0,0,0
sh603630,0,449,0
sz000607,0,0,0
sz000918,12479,25056,0
sz002919,5966,3759,608
sh600160,15797,21892,0
sz000778,19991,39474,2039
sz002903,0,337,271
sz300526,0,0,0
sz300001,0,800,0
sh600545,1195,0,0
sz300122,28971,17187,445
sz300494,999,1626,0
sh601699,89002,134527,3247
sz300094,3980,0,0
sh603200,0,0,0
sz000012,5369,51203,3107
sh601228,2500,5698,0
sz000027,3717,7372,0
sh603123,0,0,0
sz300124,2651,1990,0
sz300068,1950,3170,0
