sz300583,0,0,0
sh600763,518,568,359
sh600703,13726,34708,897
sz002285,7344,23701,0
sh603515,0,237,0
sz300282,0,0,0
sz002204,0,2964,0
sz300546,0,0,0
sz002330,1303,0,0
sz002135,0,0,0
sh603199,0,0,0
sh603848,937,605,579
sh600282,77957,120562,0
sz300487,5320,6499,0
sz002402,20777,57496,0
sh600521,5852,5096,369
sz000802,0,0,0
sh600421,0,0,0
sz300675,677,677,0
sh603698,0,0,0
sh600513,0,0,0
sh600970,6820,28114,0
sz002737,0,329,0
sz002087,0,0,0
sh603528,0,0,0
sh600000,96404,69663,0
sh600385,0,0,0
sz002528,0,2347,0
sz002126,0,0,0
sz002789,0,0,0
sh603389,0,0,0
sh600376,0,0,0
sh600299,3526,0,0
sz002358,62031,42456,3165
sh600893,9104,12414,476
sz300187,0,0,0
sh601515,0,0,0
sh603801,0,0,0
sz300145,5017,0,0
sz000585,6787,0,0
sz300302,1016,5330,0
sz002293,0,700,0
sz300739,4822,1538,419
sh601028,0,0,0
sh600128,0,0,0
sz000958,0,2224,0
sh603928,0,0,0
sz002031,0,7890,0
sh600602,0,1728,0
sh600693,0,7006,0
sz002514,0,0,0
sz002463,0,12103,0
sh603939,0,0,0
sh603656,0,0,0
sh600598,4059,3202,0
sz000593,0,0,0
sh603358,0,0,0
sz000166,0,25505,0
sz300463,0,449,0
sh600801,8973,7683,0
sh601333,0,11324,0
sh600266,2048,890,0
sz300683,0,0,0
sh601018,4179,10397,0
sh600612,0,236,0
sz002846,1182,0,0
sh600876,4965,800,0
sz300417,0,0,0
sh601877,3523,608,0
sz002750,0,0,0
sz002040,0,0,0
sz000568,5334,6341,0
sz300701,0,0,0
sh601858,0,0,0
sz000060,18109,78243,0
sz300710,0,0,0
sz300432,0,0,0
sh600452,393,437,0
sz300641,733,1179,0
sz002926,55145,141994,2500
sz000902,966,1021,0
sh600548,0,0,0
sz002640,3697,7426,0
sh600243,0,0,0
sh600936,0,0,0
sz000835,0,0,0
sh600596,64370,127024,2256
sh600868,276654,268682,22029
sz001696,0,0,0
sz002491,8022,7095,0
sz002902,0,375,0
sh601890,0,0,0
sz002118,8836,8680,0
sz000695,0,0,0
sz002462,0,0,0
sh600028,217087,261937,0
sz300649,3420,3283,1889
sz300735,529,461,0
sz300057,0,0,0
sz300471,0,1307,0
sh603131,0,0,0
sz002869,2525,5587,0
sz002374,0,5000,0
sz300172,1561,0,0
sz000729,2001,3101,0
sh603005,371,0,0
sh600523,0,0,0
sz300137,4280,4459,0
sh603303,0,0,0
sz002127,8730,12558,0
sz002748,0,0,0
sz000545,0,7241,0
sz002601,9348,16779,0
sh600063,8300,0,0
sh601718,12376,9911,0
sz300127,1490,1000,0
sh600391,0,665,0
sz000739,0,0,0
sz002680,19359,12751,1794
sz002249,0,0,0
sh600638,14278,3875,0
sz002183,5413,14529,0
sz002883,0,0,0
sh600760,5996,8762,840
sz000720,5319,0,0
sz300653,0,0,0
sz000423,2488,6220,201
sh603916,0,0,0
sz002752,0,0,0
sh600508,0,908,0
sh603669,0,0,0
sh603225,1582,1129,268
sz002079,0,2000,0
sz002741,800,800,0
sh600725,0,0,0
sh603345,0,0,0
sz300169,0,0,0
sh600619,0,0,0
sh603223,0,0,0
sz002090,0,0,0
sh600706,0,0,0
sh600851,0,0,0
sh600727,0,0,0
sh601939,890458,545673,10833
sz300154,0,0,0
sz300061,0,0,0
sh600172,30711,10296,0
sh600338,296,600,0
sz000018,0,0,0
sz000587,6942,1650,0
sz300420,0,0,0
sz000338,3642,26507,0
sz300618,2210,2308,88
sh603877,0,0,0
sh600120,4475,1230,0
sz002906,0,572,0
sh600191,0,0,0
sz300135,0,0,0
sh603909,0,0,0
sz000062,0,1460,0
sz000901,0,3354,0
sz002555,1519,5062,584
sz002815,1715,0,0
sz002188,0,2176,0
sz300236,12547,2484,1157
sh600695,13045,2564,0
sz000524,0,0,0
sz002880,0,0,0
sh600406,11597,12536,0
sz000023,1719,1650,0
sh600458,0,0,0
sh600635,14632,30697,5353
sh600857,0,0,0
sz300245,1005,0,0
sz002189,16401,10857,1688
sz300072,1497,12889,710
sh601009,246956,208066,0
sh600792,0,0,0
sh600279,0,0,0
sz300621,0,0,0
sz300265,0,0,0
sh600653,0,0,0
sz002825,0,0,0
sz002551,0,1685,0
sh600227,0,0,0
sz002042,0,3471,0
sh601258,11656,27295,0
sz300489,0,0,0
sz300221,801,2415,0
sh600138,3303,1619,634
sz002625,1705,0,0
sz000510,0,0,0
sz000016,9902,8230,0
sh603976,500,675,0
sz000860,3395,2927,0
sz002094,0,501,0
sz300630,0,0,0
sh600583,2662,14944,0
sz300021,4423,4317,0
sh603960,0,0,0
sz300348,1218,804,0
sz300102,1349,13048,0
sz300011,0,0,0
sh603179,0,327,0
sh600008,10646,37313,0
sh603727,0,0,0
sh600895,2334,6503,0
sh600189,0,0,0
sz300600,0,0,0
sz002360,0,0,0
sz300358,0,0,0
sz002268,6008,6992,0
sh601003,1367,10742,0
sz300672,0,0,0
sh603879,1815,3202,0
sh600740,33803,87505,1996
sz300592,0,0,0
sh600615,0,0,0
sz002408,19018,6854,0
sz000785,1973,0,0
sz000536,0,16172,0
sz000068,0,0,0
sz002670,2546,4368,0
sh601368,0,0,0
sh601069,19830,14524,5242
sh600875,7832,12143,0
sh601139,0,0,0
sz300639,1682,1151,0
sz300468,0,500,0
sh603908,0,0,0
sz300665,0,0,0
sh600392,37743,65442,570
sh603825,0,0,0
sz000783,1965,9525,0
sz300354,0,0,0
sh600460,638975,475457,51195
sz002537,3352,0,922
sh603080,8149,4241,296
sz300552,520,0,0
sz300589,0,0,0
sh603313,0,0,0
sh603955,0,0,0
sz300494,0,0,0
sz300024,2194,5235,636
sh601006,38423,77118,0
sh600560,1036,0,0
sz300632,1281,0,0
sz002648,1571,5486,625
sz000678,0,0,0
sz300545,0,190,0
sh600209,62547,59427,0
sz002819,0,0,0
sz000677,0,0,0
sz002466,44320,41412,4428
sh601558,0,0,0
sz002017,0,0,0
sz000301,1650,0,0
sz300294,1088,1381,0
sh603977,0,0,0
sh600026,1846,5073,0
sz002197,0,0,0
sh603001,0,0,0
sz300170,74143,48374,2747
sz002872,0,0,0
sh600820,0,0,0
sz002218,0,6859,0
sz002234,0,0,0
sh601666,5776,17653,0
sz300351,0,957,0
sz002424,0,1054,0
sz000856,1732,4137,0
sz002668,4070,1859,0
sz000910,1544,550,0
sz300480,0,1138,0
sz002927,13816,19524,6762
sz002348,0,2317,0
sh603660,303,1880,0
sz300730,1081,0,0
sz002180,575,3000,0
sh600455,0,0,0
sz002243,0,0,0
sz300624,11223,33882,3876
sz000613,0,0,0
sz002375,1756,9339,0
sh603037,0,0,0
sz300091,0,0,0
sh600064,0,0,0
sz300721,0,0,0
sh603618,1899,0,0
sh601020,0,587,0
sh600649,0,3628,0
sz000048,0,0,0
sh600200,2299,1923,0
sh600188,16022,45317,0
sz300084,0,0,0
sz002173,0,0,0
sh600540,0,0,0
sz002475,3389,18567,0
sz002587,0,1573,0
sz002824,0,0,0
sh600022,146025,109669,0
sh603922,0,0,0
sh603602,1832,2329,0
sh603056,13513,11467,987
sh600562,516,1415,0
sz000582,0,0,0
sz002809,0,669,0
sz002220,0,0,0
sz000682,0,0,0
sz000762,0,4513,1495
sz002890,0,0,0
sh600884,10431,9002,0
sz002048,2209,2888,0
sh600373,3042,1930,0
sz300609,0,0,0
sz300081,0,0,0
sh600988,21048,2936,0
sz002288,0,0,0
sh600198,3793,1474,0
sh600006,0,5974,0
sz300047,0,4040,0
sh600038,4415,3306,0
sh600825,0,2200,0
sh600234,0,0,0
sz000526,0,0,0
sz002117,1000,0,0
sz002115,0,0,0
sz300711,0,712,0
sz002071,0,18011,0
sh603127,0,216,0
sz000026,0,0,0
sh600999,2701,4331,0
sz000158,0,0,0
sh603708,3495,5922,0
sh600720,17281,30205,0
sh600488,0,0,0
sz000798,0,0,0
sz300203,1477,6908,683
sz002539,0,0,0
sh600059,1484,0,0
sz002697,0,3962,0
sh600258,2264,0,0
sz002917,11376,2734,4016
sh600177,0,2000,0
sz300716,0,0,0
sz300275,3342,0,0
sh603099,0,0,0
sh603919,0,0,0
sz300094,0,0,0
sz002084,0,0,0
sz300429,420,0,0
sz000513,1081,2228,584
sh603979,0,0,0
sh600170,14327,32308,0
sh601908,0,0,0
sh600133,0,3801,0
sh603026,0,570,0
sh603108,772,6252,0
sh600110,1287,27481,0
sz002485,0,0,0
sz002167,5623,3591,0
sh600977,5982,13025,0
sz002689,0,0,0
sz002432,28602,56797,0
sh601336,16999,18198,481
sz002505,63218,23580,0
sz300202,499,0,0
sz000498,0,1950,0
sz300396,0,0,0
sz000962,0,0,0
sh600537,0,0,0
sz000928,0,0,0
sz300519,0,0,0
sz300279,0,0,0
sz300412,0,0,0
sh601928,0,0,0
sz002581,0,1180,0
sh600744,0,0,0
sh601899,531594,489243,0
sh600962,0,0,0
sh601118,64497,32449,0
sh603980,1215,5192,0
sz002598,0,0,0
sh601788,10398,8623,0
sz002576,0,0,0
sz300570,820,0,0
sh603868,171,350,0
sh600379,0,0,0
sh600582,0,0,0
sh603926,0,0,0
sz002925,17995,21971,2543
sz002012,6263,33025,0
sz000920,0,0,0
sh600375,0,0,0
sh600156,0,0,0
sz000723,24968,5339,0
sh603958,0,0,0
sh600843,0,0,0
sz002718,0,0,0
sz002722,0,0,0
sh600272,0,0,0
sh603996,2881,0,0
sh603365,0,0,0
sh603871,148,186,0
sh600489,17293,22515,0
sz300573,0,0,0
sz300133,26725,19952,0
sh600251,0,0,0
sh603611,0,0,0
sh603598,8815,33625,0
sz300029,0,0,0
sz300606,0,0,0
sz300595,0,250,0
sh600482,2588,5362,0
sz300512,0,0,0
sh600836,10339,25378,0
sh603856,0,1212,0
sz000751,3188,4902,0
sz002591,0,0,0
sz300727,2292,3751,0
sz300113,24746,16726,0
sh600271,8361,8068,656
sz000953,0,0,0
sz300462,5569,5842,507
sz002282,0,0,0
sh603100,0,0,0
sz300310,2574,6491,0
sz002519,0,0,0
sz002095,2213,251,0
sz002590,0,2164,0
sh600885,0,1234,0
sh603828,0,0,0
sz002024,21996,54675,0
sz300292,0,11481,0
sz000090,16027,2262,0
sh600072,5391,17408,0
sz002383,0,0,0
sh600461,0,0,0
sz300395,0,0,0
sh600981,0,0,0
sz300427,815,1677,0
sz000893,4508,0,0
sh600184,0,0,0
sz300197,0,7652,0
sh600103,3124,5801,0
sh603331,0,0,0
sz002732,0,0,0
sz000880,0,0,0
sh603378,0,0,0
sz002420,0,0,0
sh601177,0,0,0
sz000688,0,5504,0
sz002638,11627,11015,0
sz300200,0,0,0
sz000727,628616,372715,113399
sh600323,0,894,0
sz000965,0,0,0
sz000895,7370,5506,613
sz000938,1236,4786,0
sh603883,0,201,0
sh600230,1411,5172,0
sh603937,10119,10126,574
sz002324,0,0,0
sz002456,16216,27369,1567
sh603987,0,0,0
sh600689,0,1525,0
sz300502,0,884,0
sz300264,0,0,0
sh603020,0,0,0
sh603970,0,528,0
sz002417,0,0,0
sh600497,19713,91502,0
sz300207,0,1949,0
sz002812,231,199,0
sz002733,0,2919,0
sz300421,0,0,0
sz300483,0,0,0
sh603017,0,0,0
sh600106,0,0,0
sz002236,16036,39155,1801
sz000666,0,1778,0
sz002886,0,0,0
sz000609,4516,0,0
sh600846,1219,7636,0
sh600426,23345,23070,0
sh600662,2092,4465,0
sz002439,7931,11179,0
sz000690,3549,11460,0
sh600501,2012,0,0
sz000428,0,0,0
sh600004,683,4951,0
sh600109,7117,11342,0
sh600651,2656,0,0
sz002206,1980,0,0
sh603813,0,0,0
sz300376,5326,10866,0
sh601886,0,0,0
sz002428,0,2992,0
sh601798,0,0,0
sz300529,0,0,0
sh603158,0,0,0
sh600642,7030,0,0
sz000661,1010,1651,0
sz002171,0,0,0
sz002776,0,0,0
sz300547,1075,187,0
sz002496,0,4688,0
sz000885,680,800,0
sz300177,0,0,0
sz300368,0,0,0
sh600486,441,559,0
sh600690,23111,18599,1039
sh603063,0,0,0
sz300234,0,0,0
sz300176,78,100,0
sz300158,4139,1403,0
sh600167,0,0,0
sh603777,0,0,0
sh600973,0,0,0
sz002558,0,0,0
sz000425,130465,136710,0
sz300273,0,8285,0
sz300738,1036,3741,0
sz300408,2257,1059,0
sh600033,0,0,0
sh603286,422,419,0
sz002793,0,0,0
sz300587,0,0,0
sh600491,1997,0,0
sz002172,0,0,0
sz300635,0,0,0
sz002469,0,0,0
sh601878,2870,4374,0
sh600355,10257,8000,0
sz000685,0,4045,0
sh600091,0,0,0
sz300306,0,0,0
sz002597,1718,12454,460
sh600647,1931,0,0
sh600113,4495,0,0
sh603963,612,0,0
sh600755,10055,5357,0
sh600487,31322,58064,2290
sh600215,0,2762,0
sz002162,0,0,0
sz002788,0,0,0
sh600787,1012,6737,0
sz002887,244,0,0
sh600067,0,1857,0
sh600909,2141,18504,0
sz300530,0,0,0
sz000021,4470,7416,0
sz300680,0,0,0
sh600730,0,0,0
sh603339,0,0,0
sh603076,0,0,0
sz300501,0,0,0
sz300697,0,1045,0
sh600359,0,0,0
sz300459,846,1037,0
sz300079,16151,20982,0
sh603860,0,0,0
sh600874,0,12840,857
sh600894,0,0,0
sz300645,0,0,328
sz300549,0,0,0
sz002841,0,0,0
sz002452,0,0,0
sz300569,0,0,0
sz002702,26483,12801,0
sh601318,181152,213955,24791
sz000972,0,0,0
sz000859,0,3000,0
sz000822,4468,7079,0
sz002430,0,958,0
sz300357,0,0,0
sh600557,0,0,0
sh600881,2661,0,0
sh600722,0,0,0
sz300414,0,0,0
sh603758,0,0,0
sz000852,1300,0,0
sz300581,0,0,0
sh600319,0,0,0
sh600838,2662,1632,0
sh600520,0,2008,0
sz002751,0,360,0
sz002362,1225,3275,0
sz002658,1020,0,0
sz002792,0,0,0
sz002151,1521,2096,0
sz002740,0,0,0
sz300503,0,0,0
sz000502,0,0,0
sz002473,0,0,0
sh603499,0,0,0
sh601233,4816,23169,904
sz000420,0,0,0
sh600831,0,0,0
sh600892,0,0,0
sz300250,0,813,0
sz002531,0,0,0
sz300567,114,0,0
sh600345,0,2970,0
sh600620,1485,7870,0
sz000012,6012,3514,0
sz000786,1886,8295,0
sz300175,0,2033,0
sh603166,0,0,0
sz002196,0,0,0
sz000611,0,0,0
sz002354,3763,11097,0
sz300012,3087,0,0
sh601566,0,0,0
sz300359,0,0,0
sh600525,862,4225,0
sh600741,10119,9548,0
sz002896,0,0,0
sz002504,0,0,0
sh600702,3139,5772,0
sh600890,0,0,0
sz000523,7838,4661,0
sz000713,2452,2000,0
sh600237,2307,0,0
sh600476,0,0,0
sz300533,0,0,0
sz300298,1935,0,459
sz002564,2830,0,0
sh600438,16977,6295,0
sz300223,4503,2384,0
sh603299,0,0,0
sz002054,4374,6577,0
sh601179,0,0,0
sh600644,0,0,0
sz000558,0,0,0
sz300051,1108,1207,0
sz002615,0,0,0
sh600597,0,1963,0
sz300009,15709,4774,0
sz002414,0,992,0
sz000669,0,0,0
sz000753,9310,0,0
sh603268,0,0,0
sz002238,0,0,0
sz002479,20178,11197,0
sz002828,0,0,0
sz000426,7687,21257,0
sh600869,24348,40312,3630
sz300723,0,350,0
sz300440,0,0,0
sz300239,0,0,0
sz300605,0,0,0
sz000821,0,5255,0
sz300374,0,0,0
sz002307,1371,1120,0
sh600858,0,0,0
sz002472,0,0,0
sz002131,4613,46427,0
sz000544,0,0,0
sh600010,19056,76778,0
sh600073,1550,1600,0
sh600173,0,2011,0
sz300163,0,0,0
sh600097,0,0,0
sz002339,0,0,0
sz002291,0,0,0
sz002635,11818,11207,494
sz002132,7264,0,0
sz002571,0,0,0
sz002201,0,0,0
sh600315,801,3756,0
sz002908,1811,853,0
sh600738,0,0,0
sh600589,0,0,0
sz002045,873,5831,0
sh600007,0,0,0
sz300677,0,959,0
sz002786,0,0,0
sh603912,506,0,0
sh603002,0,0,0
sh601107,0,0,0
sz002921,336,0,0
sz300700,769,1903,0
sh601198,2381,9573,0
sz300343,2238,4149,0
sz000788,0,0,0
sh600031,182527,167232,0
sz002313,2957,380,0
sh600749,5124,11346,0
sz300233,0,0,0
sz002669,0,0,0
sh603113,501,479,0
sh603817,0,969,0
sz300651,0,0,0
sz300499,0,0,0
sz300287,13783,21036,0
sz000819,0,0,0
sh600616,0,3133,0
sz002055,853,800,0
sz300230,8581,8479,0
sz000622,0,0,0
sz002713,0,837,0
sz002340,63515,138052,0
sz002237,6197,2213,0
sh600166,20990,85814,0
sh603633,0,0,0
sz300698,575,0,0
sz300603,0,0,0
sz002716,1806,1158,0
sz002287,0,0,0
sz002474,0,0,0
sh603668,2712,1435,0
sh600797,7210,7987,0
sh603885,2144,909,0
sz000959,0,0,0
sz300098,4893,7058,0
sz300652,0,0,0
sh603559,3427,2072,0
sh600418,0,0,0
sh603789,0,0,0
sz300218,0,0,0
sh603600,0,0,0
sh600555,9666,21384,0
sz002728,0,0,0
sh600158,9921,6999,0
sz002915,3099,1630,357
sz300008,0,4607,0
sz002773,1008,1209,0
sh600826,801,0,0
sz002250,0,0,0
sh600571,0,1190,0
sz002409,858,1006,0
sz002433,0,0,0
sz300550,0,0,0
sh600425,4317,0,0
sh601225,43226,80955,0
sz300422,0,697,0
sz002503,0,0,0
sz002041,0,0,0
sh603566,0,0,0
sh600119,0,2173,0
sz300373,821,0,0
sz002671,0,0,0
sz000919,0,0,0
sz002073,4320,10911,0
sz300099,3597,0,0
sz300537,0,0,0
sz002419,6032,13081,0
sz002209,0,0,0
sz002901,1123,1630,0
sz300393,0,0,0
sz300703,0,0,0
sh600811,11635,0,0
sz000503,62185,59419,7677
sz000626,0,0,0
sz000411,2017,0,0
sz300582,807,653,0
sz002157,0,18781,0
sh600939,0,0,0
sh600405,0,3937,0
sz300031,0,0,0
sh603260,1358,3086,0
sz002631,0,1350,0
sz002593,0,0,0
sz000782,0,0,0
sz300183,1709,2086,0
sz002853,0,0,0
sz000570,0,0,0
sh600278,0,0,0
sh600475,0,775,0
sh603338,230,0,0
sz000980,0,3874,0
sz000407,0,0,0
sh601038,1665,0,0
sz300500,0,0,0
sz000045,5377,15315,1553
sh600018,56513,43794,0
sh600057,1439,0,0
sz002582,0,0,0
sh600979,0,0,0
sz300660,0,0,0
sh603580,0,0,0
sh603022,0,0,0
sh603031,0,0,0
sz000790,19543,54057,0
sz300715,0,0,0
sh600139,0,3513,0
sh600383,21772,45098,0
sh600123,0,7353,0
sz300252,732,3729,0
sh603136,0,0,0
sh603677,0,0,0
sh600146,10539,4972,0
sz300131,1504,0,0
sz300058,150794,81146,7075
sh600663,550,502,0
sh600803,954,5751,0
sh603612,0,681,0
sz000890,0,0,0
sh600265,0,0,0
sh603030,0,0,0
sz300152,0,0,0
sz002367,0,0,0
sz001965,0,3964,0
sh600395,1812,9642,0
sz002404,0,0,0
sh600570,23545,39837,4066
sz002762,0,0,0
sh600317,0,0,0
sz300719,0,0,0
sh601727,2844,0,0
sh603819,0,0,0
sz000949,0,0,0
sh600814,0,0,0
sh600812,0,0,0
sz000779,0,0,0
sz002542,0,3069,0
sh600889,0,0,0
sz002753,6607,14111,684
sz002586,0,0,0
sh603555,1627,0,0
sz000572,3877,5601,0
sh603009,0,908,0
sz002536,0,0,0
sz000692,0,0,0
sz002315,0,0,0
sz002035,801,1356,0
sh600517,0,1927,0
sz300045,0,0,0
sz002867,0,0,0
sz002533,0,0,0
sz000760,0,0,0
sz002385,2612,17301,0
sz002866,10491,12793,1555
sz300344,0,1446,0
sh600793,0,0,0
sz000069,21590,51399,0
sz002745,4960,1733,394
sz002686,0,0,0
sz300516,0,0,0
sz002506,12565,9281,0
sz002521,2309,0,0
sh600770,94980,65167,8621
sh601328,373196,269794,0
sz300572,0,0,0
sz002044,8860,4952,408
sh601388,27354,83346,0
sz300249,0,1486,0
sz002262,2533,2679,0
sh600423,10289,5000,0
sz002493,2349,8014,0
sz002714,10400,3435,0
sh601086,7586,19156,0
sh600415,0,7361,0
sz300686,0,0,0
sz300323,2773,3085,0
sz002333,0,0,0
sh603890,0,0,0
sh601005,4126,20009,0
sh601985,11151,27007,0
sz002174,1796,1203,0
sz002781,0,0,0
sz002449,578,1397,0
sh603328,0,0,0
sz300334,2513,0,0
sh603895,1356,1352,0
sh603186,0,0,0
sh600694,300,0,0
sz002359,11930,16918,1043
sh603577,0,0,0
sz002761,0,0,327
sh600563,0,0,0
sz300338,0,0,0
sh603036,0,0,0
sz000908,0,0,0
sh600590,0,0,0
sz002431,0,9793,0
sh600436,9877,5333,514
sz300034,1000,1963,0
sz000679,0,0,0
sh600351,0,0,0
sh601881,8258,31316,0
sz300584,452,282,0
sz002777,0,0,0
sz002482,4172,0,0
sz002660,0,0,0
sz002281,4263,6404,0
sh600718,758,1550,0
sz000598,19441,2342,0
sh600152,0,0,0
sh601929,23868,6000,0
sz300416,0,0,0
sz300601,1615,550,0
sh603500,0,0,0
sh603377,0,0,0
sz300707,2178,3393,489
sz002380,0,0,0
sh600074,5000,9989,0
sh600312,1214,1249,0
sz300555,0,0,0
sh603016,0,2342,0
sz300435,0,0,0
sz300597,0,960,0
sh600422,14075,34160,0
sh603011,0,0,0
sh600313,0,13283,0
sh600250,0,0,0
sz300108,0,0,0
sz300007,0,0,0
sh603320,0,0,0
sh603086,0,0,0
sh600030,354771,332838,3870
sz002361,0,0,0
sh600071,0,0,0
sh600573,0,0,0
sz000519,3375,4191,0
sz002685,0,3599,0
sz002676,15805,5791,0
sh603506,0,1929,0
sh600630,2337,4283,0
sz000811,0,0,0
sh600576,0,0,0
sz300217,0,0,0
sz002529,9477,0,994
sz300705,0,0,0
sh600604,3778,6500,0
sz000758,0,16620,0
sh600608,0,0,0
sh600862,0,0,0
sz300182,19667,25587,0
sz002569,0,0,0
sh603999,0,0,0
sh603886,0,0,0
sh603330,0,0,0
sz300014,3759,6150,0
sh601158,0,0,0
sz300139,0,0,0
sz000560,3826,0,0
sh600613,0,0,0
sh603266,0,0,0
sz300350,0,0,0
sh600708,3000,1527,0
sz002683,0,0,0
sz002320,20778,9464,1159
sz000970,10817,39797,0
sh601958,3237,3575,0
sh601997,39079,46886,6339
sz300539,0,0,0
sh600463,0,0,0
sz300162,3071,6856,0
sh601228,26211,5883,0
sh603096,150,200,0
sz000620,0,0,0
sh600648,0,0,0
sh600883,0,0,0
sz002149,0,0,0
sz002069,0,4447,0
sh601128,34053,25844,0
sz300288,0,846,0
sh603985,0,0,0
sz002873,0,0,0
sh603929,0,450,0
sz002124,1400,7358,0
sz002332,5407,1323,0
sz002903,391,935,0
sz002001,27941,47203,2267
sz000581,1654,10177,0
sh600585,71554,74572,2042
sz002109,0,0,0
sh600207,40716,79200,7559
sz000638,1290,1165,0
sh600855,0,0,0
sh600493,0,0,0
sz002490,0,0,0
sz000030,0,0,0
sh603888,0,949,0
sh600808,47228,60762,0
sh600600,2764,3370,0
sz000711,0,1287,0
sz300360,0,3057,0
sh601231,2476,940,0
sz002349,0,0,0
sh600185,0,20888,0
sz000517,18214,40898,0
sz300083,11756,31489,0
sz002129,60029,87680,1450
sh603505,2380,1441,0
sh600736,0,0,0
sz300604,0,253,0
sz300204,0,0,0
sh603896,368,463,0
sh600917,2594,2786,0
sh600111,63611,114105,1291
sz002400,2057,25652,0
sz002036,0,1280,0
sh600767,0,0,0
sz002152,2230,20154,0
sh603326,0,0,0
sh600062,2724,490,0
sz002081,5232,17583,0
sz002476,0,0,0
sz002316,0,1421,0
sh600674,0,0,0
sh603903,0,0,0
sz000955,5000,1769,0
sz000826,2620,6688,0
sz002254,2565,2200,0
sz002235,1036,3972,0
sz000429,0,0,0
sz000768,5957,9736,0
sz000897,4869,0,0
sh603638,0,0,0
sz000671,63120,79183,3027
sh603329,2231,3065,392
sz002425,0,3432,0
sh600233,7615,1831,0
sh600721,0,0,0
sz002406,0,0,0
sh600796,0,0,0
sz000561,0,0,0
sh603991,0,410,0
sh600039,2698,6129,0
sz000995,0,0,0
sh600795,198969,95706,0
sz300541,0,0,0
sz300709,0,0,0
sz002566,0,0,0
sz002849,0,0,0
sz300702,0,0,0
sh600628,0,0,0
sh600575,0,0,0
sz002758,0,0,0
sh600724,0,0,0
sz002290,0,0,0
sh601966,1372,6118,0
sz000712,9298,2889,0
sh600112,17232,4396,0
sz002501,0,1200,0
sz000701,0,0,0
sz300365,549,0,0
sz002888,0,0,0
sz300511,0,0,0
sh601988,503857,476638,0
sz300295,0,645,0
sh603799,39528,38285,5556
sz002839,82504,100428,4304
sz002378,0,2130,0
sz000752,5506,0,0
sz002435,0,0,0
sz300553,0,0,0
sz000002,55484,69503,4081
sz002386,0,0,0
sh601126,0,0,0
sh603712,0,0,0
sz000551,0,0,0
sz002310,4024,1849,0
sh600337,0,2003,0
sh600247,0,2664,0
sz002210,5681,0,0
sh601169,25980,24462,0
sz002829,0,1072,0
sz002760,2077,1857,0
sh603208,0,0,0
sh600444,0,0,0
sh601208,0,0,0
sz300293,0,0,0
sh603519,0,0,0
sh603690,915,0,0
sz000810,0,0,0
sz000543,78808,229058,3104
sz300110,52975,64299,0
sz300215,0,0,0
sh600277,2545,4601,0
sh601117,5518,0,0
sh600498,2288,6254,0
sh603680,2555,6143,1091
sh601800,913,9375,0
sz000627,4222,1772,0
sh600677,0,0,0
sh600549,17442,42969,490
sz300731,369,0,0
sz300470,0,0,0
sh600742,779,1016,0
sz300224,1234,4663,0
sh600765,0,0,0
sh600433,4668,32152,0
sz300132,0,0,0
sh600984,4020,1762,0
sz002322,0,0,0
sh600810,14501,18453,2922
sh603116,0,0,0
sz300615,0,0,0
sz002076,0,0,0
sz002884,0,0,0
sz300075,0,0,0
sz000584,0,841,0
sh600785,0,0,0
sh600104,88811,41016,6971
sz300030,0,0,0
sz000795,4081,3962,0
sh600089,5462,30333,0
sh601311,5633,1122,0
sz001979,38574,40404,1631
sh600578,0,3005,0
sz002780,0,0,0
sh600478,3829,2641,0
sz002273,1051,13483,0
sz002623,0,0,0
sh600275,0,0,0
sh603456,1290,556,0
sh600333,9020,0,0
sz300390,42253,20542,17592
sh603444,0,146,0
sh600222,0,0,0
sh600235,0,0,0
sh600506,0,0,0
sz002329,0,6100,0
sz002258,2166,14095,609
sh603232,0,0,0
sz300538,0,0,0
sz000791,1468,5900,0
sh600332,405,1609,0
sh601012,26268,21155,2152
sz300346,0,0,0
sh600353,0,0,0
sz002208,17882,20229,0
sz002200,0,0,0
sh603085,0,0,0
sz300733,3933,5645,816
sh600409,7190,35263,0
sz002099,0,2000,0
sz000848,0,1518,0
sz002422,36802,30968,0
sh600873,0,10585,0
sz300473,0,0,0
sh600561,0,0,0
sh603615,0,0,0
sz002396,11711,6414,0
sz300389,0,0,0
sh600782,39281,89229,1864
sh603159,0,0,0
sz002682,0,0,0
sz000150,0,0,0
sh603588,0,5300,0
sz002478,0,0,0
sh600400,8625,4238,0
sz000514,57930,65178,1530
sz300066,0,0,0
sz002137,0,6034,0
sz300328,0,2416,0
sz002578,0,0,0
sh600933,0,1650,0
sz000877,1361,8561,0
sz000716,0,0,0
sh600716,0,0,0
sz300636,0,0,0
sz002145,12786,17994,0
sz300308,954,495,0
sz002355,0,1383,0
sz000589,0,0,0
sh600070,0,0,0
sz300269,10333,7480,0
sz002226,2344,0,0
sz002216,0,0,0
sz300508,0,0,0
sz002553,0,0,0
sz002253,0,0,0
sz002181,0,0,0
sh603488,0,1130,0
sh603069,0,0,0
sz300129,0,0,0
sh603557,0,0,0
sz002086,38817,10697,0
sz000607,0,2257,0
sz002016,12702,14893,0
sz002110,12114,24761,744
sh603315,0,0,0
sh600546,0,2413,0
sh600660,3764,1648,0
sz002562,1051,0,0
sz300123,0,1176,0
sz002300,0,0,0
sz000983,12431,30464,0
sz002387,1051,2609,0
sz300520,0,0,0
sz300506,0,0,0
sh603043,0,0,0
sh600220,0,5010,0
sz000717,15437,49310,0
sz002222,12523,7850,620
sz002255,0,0,0
sh600865,0,0,0
sh601588,0,0,0
sz300114,0,0,0
sh603717,0,0,0
sh603228,0,0,0
sz300611,0,0,0
sz002275,0,0,0
sz002920,1776,4889,0
sh601999,0,0,0
sz002128,10117,10864,4335
sz002142,71370,40479,3479
sh603685,0,0,0
sh600516,108968,131481,8257
sz002900,0,0,0
sz300025,0,0,0
sz002659,0,0,0
sh601949,0,8692,0
sz000697,0,0,0
sz000525,1042,6744,0
sz002695,4606,5407,0
sz002460,176368,105133,17391
sz002694,119936,175534,15027
sh600329,0,0,0
sz000680,5791,3006,0
sh600505,0,0,0
sz002830,0,610,0
sh603089,0,0,0
sz300474,942,427,0
sz300425,3247,2371,0
sz002742,7519,1920,0
sh600285,7158,1216,0
sz300019,0,0,0
sh600178,0,0,0
sz002436,0,4409,0
sh603728,0,0,0
sh600163,0,0,0
sz000020,4898,14140,0
sz002021,0,3000,0
sz002767,0,0,0
sz002289,0,1755,0
sh603986,12541,15221,1529
sh603059,0,987,0
sz002296,0,1624,0
sz300184,0,0,0
sz002862,3454,0,0
sz000829,0,0,0
sz300563,0,0,0
sh600967,3251,9867,0
sz002297,1461,2304,0
sz002641,0,0,0
sh600058,0,0,0
sz000155,4725,12655,0
sz300171,0,0,0
sz002802,0,0,0
sh600603,0,0,0
sz300228,0,1067,0
sh600728,274187,232339,22179
sz300505,1085,0,0
sz002013,6387,2020,0
sz002856,0,371,0
sh600848,0,580,0
sh603399,1530,0,0
sh603626,1008,3059,0
sz300140,0,0,0
sz300289,1180,0,0
sh600502,9344,4036,0
sz002559,0,0,0
sz002759,0,0,0
sh600743,0,4113,0
sh600624,1652,0,0
sz002616,0,0,0
sz002410,488,1152,710
sh600171,22176,21356,825
sh603558,0,0,0
sz000830,187107,370833,21487
sh603716,743,0,0
sz300620,727,0,0
sh603196,0,0,0
sh600588,116291,125046,24046
sz002637,0,0,0
sz002783,0,0,0
sz000911,0,0,0
sz002480,0,0,0
sh600845,2285,6366,0
sz002284,0,0,0
sz300525,0,0,0
sz000063,75631,142437,9800
sz002840,27259,12560,303
sz002626,546,9511,0
sz300439,0,0,0
sz300126,0,0,0
sh603920,0,0,0
sz300577,0,0,0
sz300212,2273,10043,0
sz002835,0,0,0
sz002015,9348,0,0
sh603178,0,0,0
sz002602,0,708,0
sz002822,0,0,0
sh600099,0,0,0
sz300020,1123,3970,0
sz300565,0,0,0
sz300220,0,0,0
sh603227,0,0,0
sz000040,0,0,0
sz002011,0,0,0
sh600231,4005,7941,0
sz002328,0,0,0
sz002020,0,0,0
sh603188,0,2459,0
sz300333,1352,3469,0
sz000709,43256,106545,0
sz002577,0,866,0
sz002156,9361,8061,0
sz300270,0,0,0
sh600863,23641,29662,0
sz300385,0,0,0
sz002331,0,0,0
sz000700,0,0,0
sz300401,5293,2603,0
sz002233,0,8133,0
sz002232,13731,7202,0
sz002407,0,4320,2362
sz002771,0,0,0
sz002401,13052,6772,0
sz300445,0,0,0
sh600886,10082,11949,0
sz002787,0,0,0
sz000552,3472,46972,0
sz000070,0,0,0
sz000898,20495,65226,0
sz300693,358,0,0
sz002280,2029,23501,0
sh600420,0,0,0
sh600035,0,0,0
sh600791,0,0,0
sh600068,90700,113939,0
sz002500,9811,26329,0
sh601608,0,13784,0
sh600764,1556,972,0
sh600817,0,0,0
sh600121,0,0,0
sz300585,0,1119,0
sh600211,0,0,0
sz002681,1728,10338,0
sh600629,0,0,0
sz002444,3192,0,0
sz300496,722,2353,0
sh600747,0,0,0
sh600586,26658,0,0
sz300115,1350,6170,0
sz300419,0,2074,0
sz000878,1951,14512,0
sz000681,3692,7392,0
sh603177,0,0,0
sz300380,0,0,0
sz300667,571,0,0
sz002155,4250,7114,0
sz300616,61,144,0
sh600193,0,0,0
sh600435,1118,4376,0
sh603269,0,0,0
sh603811,0,0,0
sz000676,0,0,0
sh603000,4133,1977,0
sz002499,1244,0,0
sh600483,0,0,0
sh603081,0,0,0
sh603568,0,865,0
sz300247,2597,10366,0
sh600686,0,0,0
sz000089,0,0,0
sz300690,0,0,0
sz002130,0,6340,0
sh601952,937,778,0
sz002446,0,0,0
sz300666,13007,7855,949
sh600246,0,0,0
sz000599,0,3554,0
sh600678,0,0,0
sh600331,0,3300,0
sz002089,0,11517,0
sh601880,10329,14100,0
sz002184,60612,23296,4331
sh603900,0,0,0
sz002639,8145,5085,0
sz000869,0,0,0
sz002323,0,1892,0
sz300166,25352,21713,3724
sz002116,0,0,0
sh603042,0,0,0
sz002810,0,0,0
sz002295,0,0,0
sh603035,1080,0,0
sh600861,0,0,0
sz300625,0,0,0
sh603355,0,0,0
sz300053,3334,2816,0
sz002191,0,0,0
sh600958,0,876,0
sh600075,0,3153,0
sz000833,0,0,0
sh600550,0,2289,0
sh603218,0,0,0
sh600823,0,39020,0
sz300092,0,0,0
sz002618,0,0,0
sh603239,0,650,0
sz000555,0,1515,0
sz002470,1205,2416,0
sz300165,0,0,0
sz002527,0,0,0
sz000422,0,3010,0
sz002108,1000,6192,0
sz002861,0,0,0
sz300718,0,0,0
sh600800,0,0,0
sz002543,0,1126,0
sz000673,25862,6936,1065
sz000967,0,2000,0
sz000913,573,700,0
sz300130,740,0,0
sz002292,5335,936,0
sh603258,0,845,0
sz300320,0,3225,0
sz000909,0,0,0
sz002276,1313,9574,0
sh600095,0,0,0
sz002373,10811,10801,0
sz002795,0,0,0
sh600330,2043,14236,0
sz300257,0,650,0
sz000906,0,1500,0
sz002621,0,0,0
sz300650,822,26506,0
sz300216,68068,105994,8024
sz000861,5000,0,0
sh600860,0,0,0
sz002344,0,6042,0
sz002561,0,0,0
sz300451,13962,12878,1565
sh600692,1237,1435,0
sz300138,0,0,0
sz300708,7190,2258,370
sz300291,0,0,1001
sh603699,10811,569,0
sz000571,0,0,0
sz300005,2144,11690,0
sh603322,0,0,0
sz300153,0,1170,0
sz300077,4447,16677,0
sz002043,0,0,0
sz000633,0,0,0
sz300041,0,0,0
sz002693,0,0,0
sz300023,0,0,0
sh600387,0,0,0
sh600361,0,0,0
sz002522,22685,1602,0
sh600830,2000,10551,0
sz002512,796,0,0
sh600853,0,0,0
sz300629,0,0,0
sz300712,500,0,0
sh603238,0,0,0
sh603606,0,0,0
sz000617,0,0,0
sz002910,0,0,0
sz002677,9945,0,0
sz002636,0,0,0
sz000759,0,1670,0
sh603683,489,974,0
sz000537,4307,7568,0
sz002909,0,553,0
sz000813,0,0,0
sh600990,298,952,0
sz300526,0,1846,0
sh600362,29106,77428,3950
sh600926,4212,20211,0
sh600459,779,562,0
sh600183,5909,21417,0
sz300631,0,0,0
sh603129,0,0,0
sz002351,0,0,0
sz300246,0,0,0
sh600833,0,0,0
sh603997,3233,1279,0
sh600009,2640,1728,0
sz002269,7066,0,0
sh603180,0,154,0
sz002735,0,0,0
sh600818,0,692,0
sz300669,0,0,0
sh603918,0,0,0
sz002644,835,2070,0
sz300407,0,0,0
sh600963,0,0,0
sz000652,0,0,0
sz000157,26518,13229,0
sh600160,170437,143335,5376
sh603226,0,0,0
sz002230,61155,60615,6342
sz002831,0,0,0
sz000531,0,0,0
sz000010,0,0,0
sz300095,0,0,0
sz300575,0,0,0
sh600335,4123,5120,0
sh600327,0,0,0
sh600737,9758,3740,0
sz300112,0,0,0
sz002028,3002,1000,0
sh600699,3923,9485,0
sz000631,0,0,0
sz300141,0,0,0
sh603088,0,0,0
sh603077,155560,77477,0
sh600528,2847,20084,0
sz002842,0,0,0
sz002620,0,1560,0
sh600114,0,0,0
sh600081,0,0,0
sz002405,35342,53180,4318
sz002498,0,0,0
sz002690,0,648,0
sz000818,874,1800,0
sh600815,0,4435,0
sz002843,0,0,0
sh600714,0,0,0
sz300617,0,0,0
sz002889,0,0,0
sh600829,0,1399,0
sz002674,0,0,0
sh600658,0,0,0
sz002010,0,0,0
sz000608,0,0,0
sh601500,0,0,0
sz002046,0,0,0
sh601555,4632,21476,0
sh603881,0,1195,0
sz300580,1969,0,0
sh601717,0,0,0
sh600029,100470,166017,882
sh600835,0,954,0
sh603607,614,0,0
sh603787,0,0,0
sz002916,19710,15156,1045
sz300118,0,0,0
sz300442,0,0,0
sz000800,3949,4729,0
sh603517,383,708,0
sz002897,727,720,272
sh601808,0,2025,0
sh600896,0,0,0
sz300378,6470,2791,0
sz300647,0,0,0
sz002459,0,1100,0
sh600269,4019,8300,0
sh601163,0,0,0
sh601991,11610,13372,0
sz000591,7798,4769,0
sh600761,0,0,0
sz002609,10595,993,0
sz002335,0,0,0
sz002311,1018,1293,0
sz002736,0,3936,0
sh600731,0,0,0
sz002438,0,0,0
sz002440,24004,38137,3035
sz300263,0,0,0
sz002078,10139,17311,0
sz002613,0,0,0
sh603183,0,0,0
sz002918,884,0,0
sz002278,6258,0,0
sz300684,1775,12800,724
sz002905,400,0,0
sh600151,0,2022,0
sz002827,0,0,0
sz002093,0,2201,0
sz300276,925,0,0
sh600410,212358,136043,11788
sz002657,0,1696,0
sz000736,0,0,0
sh600225,0,0,0
sz002245,0,2000,0
sz300720,450,0,0
sz000541,0,0,0
sz000957,0,0,0
sh601398,1588934,980730,28542
sh601678,28475,68703,0
sh603015,0,7658,0
sz000554,3241,0,0
sh600872,0,1691,0
sh603901,0,0,0
sh603726,0,0,0
sz002381,0,0,0
sh600480,0,0,0
sz002448,0,1474,0
sz300663,884,412,0
sz002418,1500,4140,0
sh603161,1001,394,0
sh603535,0,523,0
sh603637,0,0,0
sz300192,0,0,0
sz002629,0,0,0
sz002922,0,0,0
sz300588,0,0,0
sz000548,0,0,0
sh600118,1303,4680,0
sz000151,0,2147,0
sh601633,0,3368,0
sh600847,0,800,0
sh603609,0,0,0
sz002123,951,0,0
sz300479,2512,3492,0
sh600366,713,2303,0
sz000601,0,0,0
sh603707,2207,3509,718
sz002092,13534,6338,0
sz002133,0,0,0
sz002630,7183,3310,1236
sh600318,0,0,0
sh601100,1441,3257,0
sz300003,4815,10813,387
sh601799,0,0,0
sh601919,20115,24361,0
sh600681,0,0,0
sh603203,0,0,0
sh600322,0,0,0
sz002182,1386,7459,0
sh601789,0,0,0
sh601866,4415,10603,0
sz002599,0,0,0
sz002265,0,0,0
sz002066,1382,0,0
sz002080,1784,4415,1330
sz002314,0,6983,0
sh601211,12051,13961,0
sz300039,4654,0,0
sz000935,14992,17106,1445
sh600675,0,0,0
sz002567,0,0,0
sh603040,161,0,0
sz002821,710,0,0
sz002899,0,0,0
sz000037,0,7076,0
sh603416,0,0,0
sz000546,0,0,0
sz300643,0,0,0
sz002912,491,603,0
sh603721,0,0,0
sh600993,0,0,0
sz300050,0,1216,0
sz002549,0,0,0
sz000801,0,6556,0
sh603039,0,0,0
sh600325,20080,63336,3409
sz300206,0,0,0
sh600668,0,785,0
sz300461,219,901,440
sz002911,11420,3628,539
sz002816,0,0,0
sz300255,0,1791,0
sz300160,0,2900,0
sz002565,0,7109,0
sz300556,0,0,0
sz002727,0,1627,0
sz300497,525,0,0
sz300362,0,878,0
sh603029,0,0,0
sz000915,1237,2602,0
sz300491,0,0,0
sh603818,0,0,0
sh601518,0,0,0
sz300446,0,0,0
sh600841,0,0,0
sh603128,0,5938,1245
sz000058,0,3816,0
sz002552,0,0,0
sz000628,0,0,0
sz000665,0,0,0
sz002838,0,0,0
sz300377,11754,4960,0
sz300174,0,0,0
sh603703,0,0,0
sh600256,2959,23336,2311
sh600249,0,1920,0
sh600610,19558,1956,0
sz000968,0,0,0
sz300150,0,0,0
sh600789,40188,97074,2953
sz002266,0,0,0
sz002308,8809,13084,0
sz000851,1466,2556,2948
sh601857,21804,50874,0
sz002053,0,0,0
sz002790,0,0,0
sz002471,0,0,0
sz002364,0,0,0
sh603567,0,0,0
sh603880,0,0,0
sz300157,6715,2123,0
sh603067,0,0,0
sz002421,4104,0,0
sz000932,47060,112924,2088
sz300363,0,0,0
sz002318,0,0,0
sz002412,0,0,0
sh600077,0,0,0
sh600526,0,0,0
sz300329,0,0,0
sh603809,0,0,0
sz002306,0,0,0
sz000698,0,2120,0
sh600136,0,687,0
sz002158,2501,2273,0
sz300235,0,0,0
sz300256,1702,0,0
sh600448,0,0,0
sz002187,0,0,0
sz002454,801,4552,0
sh601116,798,1835,0
sh601668,229281,325699,0
sz300349,1771,0,0
sh600098,2069,2392,0
sh601377,13304,51972,0
sz002746,500,0,0
sz300268,0,0,0
sz000099,0,0,0
sz300664,536,2313,0
sz002215,8694,1748,0
sz300297,3083,0,0
sh600859,3855,2546,0
sz000969,0,7821,0
sz002101,0,0,0
sz002139,3435,0,0
sz002350,0,5563,0
sh600262,0,0,0
sz002022,0,969,0
sz300309,7022,0,0
sz000017,5329,20614,0
sh600569,8726,121470,0
sh600900,7408,3127,0
sz002611,0,0,0
sz300209,0,0,0
sh603050,0,0,0
sz300557,0,0,0
sz002096,0,0,0
sh600971,1210,7089,0
sh600192,0,0,0
sh600766,7109,0,0
sz300571,0,0,198
sz002393,1956,0,0
sz000931,0,1571,0
sz000732,163878,165622,26072
sz002102,66999,119567,0
sz000981,0,0,0
sh600774,0,0,0
sz002573,1001,5087,0
sz000927,0,0,0
sh600132,0,1202,0
sz300107,22962,34312,0
sh600754,0,0,0
sz000719,0,0,0
sz002755,0,0,0
sz300125,0,0,0
sz002568,0,0,0
sh600732,0,0,0
sz300397,0,0,0
sh601226,0,0,0
sh600780,10705,0,0
sh600135,0,0,0
sz300036,889,964,0
sz300055,664,2560,0
sz000886,34400,30900,0
sh603018,1095,376,0
sh600719,0,0,0
sz300190,0,0,0
sz002628,0,0,0
sz000721,0,0,0
sz300488,0,0,0
sh601113,0,0,0
sz300068,4387,2367,0
sh600592,0,1471,0
sz002008,13850,24544,1238
sz002875,0,0,0
sz300670,0,0,0
sz300671,0,0,0
sh603711,4346,556,443
sh600975,0,0,0
sz002633,0,0,0
sh600116,1243,0,0
sh600012,0,0,0
sz300673,0,0,0
sz002068,40736,198550,0
sh603167,0,0,0
sh603008,0,0,0
sz300522,0,0,0
sz000982,0,10606,0
sz002026,0,0,0
sz002326,1569,1325,0
sz002134,0,0,0
sh600822,810,2439,0
sh600641,0,804,0
sh600390,1995,0,0
sh600217,1747,2000,0
sz300518,0,0,0
sh600291,4697,17888,0
sz300619,0,0,0
sh603421,600,0,0
sh601828,1408,11058,0
sz002801,0,2756,0
sh603779,0,0,0
sz300477,84441,46673,6341
sz000004,0,0,0
sh603616,32471,15996,595
sh600611,42023,87189,5616
sz300027,22596,71389,0
sh600267,0,1584,0
sh603655,1122,502,0
sz300185,0,9764,0
sh600190,0,0,0
sz002548,2051,0,983
sz002070,0,0,0
sz000659,0,0,0
sz000780,11045,8102,0
sz000777,0,770,0
sz000590,3724,1005,0
sz002877,500,0,0
sh603387,0,0,0
sz300164,0,0,0
sh603678,405,947,0
sz300676,827,2264,109
sh600052,4841,0,0
sz002820,725,0,0
sh603079,312,0,0
sz002717,404,500,0
sz300527,808,2872,0
sz300492,0,0,0
sh603298,0,0,0
sh603168,0,0,0
sz300687,289,0,0
sz300436,3856,5995,370
sz002698,0,0,0
sz002336,0,0,0
sz300465,4389,20177,0
sh603658,0,200,0
sh600643,1864,12044,0
sz002019,7546,14525,0
sh603993,409987,527009,19244
sh600346,5627,21688,0
sz002502,0,0,0
sh601098,0,1005,0
sz002530,0,0,0
sz000538,2060,2564,0
sz000605,0,0,0
sh600210,0,2432,0
sz002516,1703,13660,0
sh600305,0,1210,0
sz002272,0,0,0
sz002612,0,0,0
sz000001,395816,423031,12653
sh600078,0,0,0
sz300507,0,0,0
sz300403,0,0,0
sz002029,0,2050,0
sz002083,0,0,0
sh600276,3456,4944,316
sz300352,0,20548,0
sz002091,3201,3084,0
sz300654,377,0,1288
sz300144,576,1233,0
sh600729,505,3609,0
sh600919,80089,94017,0
sh600175,25411,4318,0
sz300286,0,0,0
sz300241,0,2401,0
sz002299,800,0,0
sh600466,46753,73638,3505
sz300713,0,0,0
sh603118,0,0,0
sh600162,7547,0,0
sz002778,0,0,0
sz002489,0,2666,0
sz002164,0,0,0
sh600496,0,7165,0
sz002863,37381,52785,714
sh600093,13273,10250,2328
sh600636,0,1354,0
sz002160,9154,20180,1620
sz300531,0,0,0
sz002797,17396,35502,1469
sz300143,2101,6210,2419
sz002195,15022,42570,0
sz000615,0,3712,0
sz002060,0,0,0
sz300035,0,0,0
sz300638,0,0,0
sh600888,0,0,0
sh600219,41073,114107,0
sz300178,0,0,0
sz002150,0,0,0
sz000989,4899,3389,0
sh601019,0,1021,0
sz002594,10204,14842,256
sh600017,6348,13605,0
sh600202,0,1639,0
sz300259,0,0,0
sh603106,0,0,0
sz300381,0,0,0
sh600141,2208,8261,0
sz000960,24527,42932,0
sz000875,11640,5299,0
sz300335,0,780,0
sz002731,0,0,0
sh600705,6858,4031,0
sh603869,0,500,0
sz002239,0,6000,0
sh600408,4676,4717,0
sh600201,846,3138,0
sh601218,0,0,0
sz300180,0,6900,0
sh600377,2000,0,0
sh603798,0,0,0
sz002876,2110,0,0
sz002177,0,0,0
sz002687,0,0,0
sh600130,12284,3015,0
sz002898,0,0,0
sh600701,3612,8480,0
sz002356,0,1368,731
sh600429,0,0,0
sz300307,0,0,0
sz300253,8338,25441,0
sz000623,980,4906,0
sz300561,0,0,0
sz300386,0,0,0
sh603111,830,1000,0
sh603738,0,449,0
sz002855,0,0,0
sh603878,0,0,0
sz002544,1039,0,0
sz002105,0,0,0
sh600094,14842,3504,0
sh600511,500,1049,0
sz002494,0,0,0
sz300069,0,0,0
sz300717,0,0,0
sz002655,4835,5548,0
sz002510,10747,17323,0
sh600778,0,0,0
sz002049,86322,75899,9961
sz000778,6797,4217,0
sz000532,0,0,0
sh603386,0,2127,782
sz300093,0,0,0
sh600206,7653,22311,0
sh600108,0,2880,0
sh600594,1101,5005,0
sz002334,3003,2740,0
sz300691,793,184,0
sz000996,13472,10935,0
sh600168,0,0,0
sz300458,4092,5642,0
sh600367,0,0,0
sh601579,0,0,0
sz300648,710,313,0
sz300052,0,2185,0
sz300063,29171,114340,0
sh600704,2787,8488,0
sz002550,0,3872,0
sz002541,0,0,0
sh603368,0,0,0
sz002805,0,932,0
sh603138,300,0,0
sh601677,0,0,0
sz002175,0,2000,0
sz002169,0,0,0
sz002199,2404,0,0
sh600757,0,3561,0
sh600966,12867,88923,0
sz300219,1600,0,0
sz300447,0,0,0
sh600854,0,0,0
sz300521,779,1442,1007
sz300696,0,0,0
sz002372,0,0,0
sh603277,1368,1077,0
sz000636,20994,61966,0
sh603337,0,350,0
sz002818,0,375,0
sh600283,0,0,0
sz300495,7396,0,0
sh600238,0,6784,0
sz000858,73128,68835,7333
sh600621,2715,2691,0
sz002560,4500,1526,0
sh603181,1213,0,0
sh600577,142918,137345,0
sh603968,0,0,0
sz000559,3552,0,0
sz002800,0,0,0
sz300006,5713,0,0
sz300339,1316,0,0
sh601326,2600,2075,0
sz000803,0,0,0
sz300142,9311,14179,710
sz300628,595,1542,202
sz300002,26330,19501,0
sz000662,7939,4541,0
sz002027,27779,50555,0
sz002434,0,1240,0
sz300644,2675,2153,406
sh600469,0,2000,0
sz300509,0,0,0
sh600986,0,0,0
sz300201,2716,0,0
sh601229,33478,35674,0
sz300394,0,0,0
sz002467,0,0,0
sz002651,0,0,0
sh603010,893,1420,0
sh601002,0,1320,0
sz000586,0,0,0
sz300054,1007,4020,0
sz300237,7550,0,0
sz002610,64959,20049,0
sz002757,0,0,0
sz000403,0,0,0
sh603038,0,0,0
sz300305,0,0,0
sh601607,1548,7770,0
sz002711,15449,28494,0
sh601155,17658,24711,610
sz300369,15618,3576,0
sz000976,0,0,0
sh603578,0,0,0
sh603889,0,843,0
sz000990,0,0,0
sz300493,0,0,0
sh600268,0,0,0
sz002194,0,6543,0
sh600739,7748,2189,0
sz002492,0,0,0
sz002724,0,0,0
sz300188,3371,2030,0
sz002725,0,0,0
sh603816,1337,836,0
sz000988,5586,8364,0
sz300599,0,0,0
sz002353,0,0,0
sh603826,897,0,0
sh600726,0,0,0
sh600522,40374,37546,868
sz002779,0,0,0
sh603978,279,1012,0
sh600060,981,3343,0
sz002672,0,0,0
sh600756,750,1910,0
sh600819,0,0,0
sz002077,0,0,0
sh600579,15610,30224,4463
sz300015,1908,3037,0
sh600088,0,0,0
sz002125,0,0,0
sz002556,0,6640,0
sh600403,0,0,0
sh603586,0,0,0
sh603722,0,0,0
sz300303,4356,0,0
sz300400,0,0,0
sh600712,0,0,0
sh603663,0,0,0
sh603006,0,10365,0
sz300042,0,0,0
sh600096,0,7506,0
sh600543,0,0,0
sh600684,0,2364,0
sz000850,3065,0,0
sz002913,0,11369,0
sz002217,41670,20872,0
sh600768,3100,0,0
sz002014,0,0,0
sz300384,0,0,0
sh600439,3572,3431,0
sz002114,3279,1000,0
sz300074,0,0,0
sz000501,1468,3133,0
sz002796,0,0,0
sh600745,5145,858,0
sh601000,15487,50345,0
sz000923,0,0,0
sz300168,30594,20430,0
sz002190,1160,1348,0
sz002003,0,846,0
sh600260,9861,13185,450
sh600769,0,0,0
sz000066,3450,18395,0
sz300078,2289,0,0
sh603605,1687,1487,0
sh601872,0,0,0
sz000863,0,0,0
sh600691,8491,4636,0
sz300741,3599,2892,714
sz300332,0,0,0
sh601766,94718,93940,0
sz300277,1233,2530,0
sh603866,0,300,0
sh600467,5761,6000,0
sh603767,0,0,0
sh601016,0,0,0
sz000979,50282,189398,0
sh600149,0,1500,0
sz002547,125958,77213,5601
sz000728,4749,8373,0
sz002595,0,0,0
sz002806,579,0,0
sh600816,1010,2382,0
sh600261,0,3233,0
sh600532,9423,0,0
sz300010,0,1160,0
sh600456,0,610,0
sz000823,3239,10817,0
sz002517,87915,132487,6388
sz002277,0,6675,0
sz002836,0,0,0
sz300342,0,0,0
sz002207,0,0,0
sz300136,22868,32695,937
sz300311,0,0,0
sh600019,99313,184236,1585
sh600280,1339,5236,0
sz002461,0,0,0
sh600307,17911,14412,0
sz002850,0,0,0
sh600530,0,0,0
sz300637,0,0,0
sz300433,1721,493,602
sh603323,6890,14325,0
sz000061,6443,0,0
sz002065,9608,24358,0
sz000639,0,0,0
sz300088,32481,54590,0
sz000059,5629,31005,0
sh603839,0,0,0
sh601106,0,3451,0
sh601238,0,2025,0
sz002707,889,0,0
sz002186,0,0,0
sz000838,3026,0,0
sz000011,5293,911,0
sh600363,0,0,0
sz000797,0,0,0
sz300242,0,0,0
sh601636,36617,47851,0
sz300612,14413,27114,1668
sz002486,3375,0,0
sh601188,0,0,0
sz000836,57588,14792,0
sh600606,157383,256079,0
sz000009,11743,21160,0
sz000978,0,0,0
sz000733,0,2987,0
sz000761,0,8613,0
sz002574,0,0,0
sz002074,2648,1603,0
sz002317,6833,4740,0
sz300596,0,866,0
sh600500,0,3389,0
sh603429,0,0,0
sz002120,3893,400,0
sz300040,0,0,0
sz002696,0,0,0
sz002665,1716,7273,0
sz000917,51116,55165,3045
sz002705,1000,0,0
sz300304,0,0,0
sz002508,11381,12954,383
sh600350,2276,1709,0
sh601010,0,0,0
sh600556,0,0,0
sz002377,0,2556,0
sz002468,9328,747,0
sz000792,7684,54584,0
sh600529,0,0,0
sz300559,0,0,0
sh603800,0,0,0
sz000892,0,0,0
sh600633,719,6723,0
sh600538,0,0,0
sz000977,90353,63893,8647
sz300243,0,0,0
sz000756,0,0,0
sz300431,18370,23783,1817
sz000776,13135,28664,0
sz300100,0,0,0
sz300566,0,0,0
sh600827,1969,1362,0
sz300379,0,0,0
sh603123,0,0,0
sz300213,0,22135,3181
sz000400,0,1505,0
sz000718,0,17250,0
sh600289,0,0,0
sz002363,0,0,0
sh600696,0,0,0
sz002112,0,0,0
sh603829,1553,0,0
sh600011,9681,4573,0
sh601996,0,0,0
sz000521,0,0,0
sh603823,0,0,0
sz300478,0,0,0
sz000410,187455,124365,17015
sz300542,598,598,0
sh600821,2200,0,0
sz002642,2889,2818,0
sh600303,0,1336,0
sz300681,0,200,0
sz300388,0,0,0
sz300205,0,0,0
sz002803,0,349,0
sz300366,7207,1263,0
sz002858,339,0,0
sz002885,0,631,0
sh600197,1986,1782,0
sz000637,0,0,0
sh600388,1269,7127,0
sz300484,0,600,0
sz300251,27623,67715,0
sh603639,254,0,0
sz300065,3813,14624,2075
sz300610,0,0,0
sz002627,0,0,0
sz300111,0,0,0
sz300109,300,0,0
sh603608,0,0,0
sz300151,0,0,0
sh601777,0,0,0
sh601838,128404,200466,18079
sz300655,0,0,0
sz002488,0,0,0
sh603757,0,0,0
sz300466,1457,1167,0
sh603636,0,0,0
sz000049,332,987,0
sh603859,0,0,0
sz002572,350,1319,0
sh603367,0,0,0
sh603858,1320,2053,0
sz002879,0,689,0
sh603676,5642,0,718
sz300117,0,3286,0
sh600340,24778,33578,1671
sz000630,38337,37373,0
sh600687,1150,0,0
sz002588,0,4710,0
sh600997,0,1800,0
sh600027,50201,25923,0
sh601900,1013,3000,0
sz002165,0,4466,0
sz002871,0,0,0
sz000404,9817,24003,0
sh600297,0,0,0
sz002305,0,2873,0
sh601222,0,1817,0
sh600470,0,1935,0
sz000951,0,0,0
sz000899,0,2000,0
sh600618,1005,0,0
sh600903,161324,141886,18710
sz002294,617,3113,0
sh603516,5878,3923,1024
sz002064,4393,4000,0
sz000595,0,0,0
sz002388,0,0,0
sh600901,836972,950281,93227
sh600655,0,0,0
sz002061,5303,677,0
sz002193,4500,9617,0
sh600090,0,8292,0
sh600477,0,8282,0
sz300327,0,0,0
sh603133,0,0,0
sz300330,0,0,0
sh603058,1159,2603,0
sh600978,1238,2354,0
sh600196,10817,24905,1011
sh600358,22742,2165,0
sh601599,3765,2952,0
sz002715,0,0,0
sz300428,0,0,0
sh603025,0,0,0
sh603335,0,0,0
sz002772,0,0,0
sz002774,0,0,0
sh603103,3176,1177,302
sh601168,2793,17928,0
sz000530,0,0,0
sz002919,0,0,0
sh603569,0,0,0
sz300214,0,0,0
sz300685,254,141,0
sh600601,51004,55683,0
sz002811,0,0,0
sz000088,4635,0,0
sh600389,0,0,0
sz000419,0,0,0
sh603601,2846,1725,0
sh601519,0,0,0
sh603359,0,1251,0
sz002605,0,0,0
sz300375,0,0,0
sh603156,556,1195,0
sz002319,0,0,0
sz300226,1603,2423,209
sz300688,12046,10395,1153
sz002136,0,0,0
sz000573,0,0,0
sz300124,2501,6036,0
sz002343,461,1540,0
sz001896,3006,2710,0
sz002826,0,0,0
sz300626,0,0,0
sh600080,0,0,0
sz002279,4500,8899,0
sz002370,0,0,0
sh600559,0,402,0
sz000612,1485,0,0
sz002546,0,2394,0
sz300367,14587,18763,0
sz300315,7155,36040,1913
sz300046,0,0,0
sz000603,830,0,0
sh600352,67446,124371,1994
sh603788,3208,501,0
sz002039,0,0,0
sh601965,0,3352,0
sh600481,0,0,0
sh600837,32956,48198,0
sz300613,609,570,0
sz000159,0,0,0
sz300443,0,0,0
sh600518,1407,530,0
sz002038,1445,1758,0
sh600143,0,1892,0
sh600676,0,0,0
sh603385,0,0,0
sh600572,1628,0,0
sh600292,0,0,0
sz002768,0,0,0
sh600887,267872,331776,16892
sh600969,1385,995,0
sh603023,0,0,0
sz300457,384,844,364
sh601137,0,0,0
sz300607,500,170,0
sz300513,0,0,0
sh600381,8000,10794,1020
sz300668,623,487,115
sz000430,0,0,0
sz300037,0,0,0
sz300222,3282,4234,0
sz300321,0,0,0
sh600985,0,0,0
sh601689,1083,0,0
sh600533,0,0,0
sz002261,1500,5417,0
sz300591,0,0,0
sh603007,0,1508,0
sz300347,2343,4644,247
sz300740,12717,12212,3842
sh603311,0,0,0
sz300244,1042,4154,561
sz300261,0,1235,0
sh600212,0,3373,0
sz000707,0,0,0
sz300181,5523,3033,0
sh601992,47596,55091,0
sh600983,0,0,0
sz300706,696,1555,151
sz000488,19291,32703,2427
sh603589,891,0,0
sh600671,1000,0,0
sz000520,4328,9115,0
sz002878,7131,4662,255
sz000417,0,0,0
sh603709,659,618,0
sh601127,716,0,0
sh601011,8706,4224,0
sh601007,0,0,0
sh600637,4702,4757,0
sz000987,1540,7182,1136
sz300576,0,0,0
sz002119,0,0,0
sz002895,0,1359,0
sz300460,0,0,0
sz300285,5215,1719,0
sz300326,1976,0,0
sz002106,1212,3882,0
sz300689,0,0,0
sh601099,146737,178347,0
sz002791,0,0,0
sz002703,0,0,0
sh600750,0,500,0
sz002144,0,0,0
sz300551,602,460,0
sz002649,1096,924,0
sz300498,3905,4852,0
sz300262,0,0,0
sz002203,1163,1400,0
sz002596,28945,8783,0
sh600723,0,0,0
sz002178,3639,11018,0
sz300535,0,0,0
sz002808,0,0,0
sz002138,3493,1909,0
sz000936,3690,1886,2314
sh600605,0,0,0
sz002646,0,0,0
sz300301,0,0,0
sh603169,1809,0,0
sh603599,0,0,0
sh601015,1506,5065,0
sz002057,0,0,0
sz300189,0,0,0
sz300517,0,0,0
sz002891,0,0,0
sz300194,0,0,0
sz002700,0,0,0
sh603308,871,0,0
sz002632,0,0,0
sh600552,0,7189,2867
sz000705,0,0,0
sz300336,1330,2929,0
sh601968,0,0,0
sz002663,0,0,0
sh600100,2114,21221,0
sz000078,43859,10907,0
sz002666,10474,0,0
sh601969,0,0,0
sh603160,768,1450,0
sh600639,0,0,0
sh600758,0,0,0
sh600161,0,779,0
sz300450,4179,1157,0
sz300193,0,3000,0
sz002032,0,0,0
sz000036,9754,7308,0
sh600356,0,0,0
sz000738,18929,37397,2500
sz002346,0,0,641
sh603917,0,0,0
sz300579,0,0,0
sh600617,0,0,0
sz300418,24457,14468,929
sz002403,0,0,0
sz002411,3542,1122,0
sh601882,0,1753,0
sh601288,2369181,1644188,0
sh603319,0,0,0
sz002865,0,0,0
sh603737,0,0,0
sz300514,7190,9529,625
sz000839,26566,58542,0
sz300274,7685,13044,0
sh603806,0,0,0
sh603628,0,0,0
sh603289,0,1137,0
sh600284,0,1650,0
sh603661,0,0,0
sz000416,0,9854,0
sz002107,0,0,0
sz300314,0,0,0
sz300678,350,1207,210
sz300258,0,0,0
sz300364,8910,17918,839
sz002709,8080,4730,206
sh600223,0,0,0
sh601339,0,0,0
sh600790,0,0,0
sz000961,4015,23205,0
sh600360,13430,4015,0
sz002813,1491,736,0
sz000418,325,0,0
sh600295,1037,5180,0
sz002225,0,0,0
sz300120,0,0,0
sz000715,0,0,0
sz002050,7307,19365,3448
sz002487,0,0,0
sh603579,0,0,0
sh600216,23019,21555,663
sz002067,12421,54125,0
sh600707,0,0,0
sz002729,0,753,0
sz300515,0,0,0
sh600259,3116,2897,306
sz000539,2150,0,0
sz300232,2175,2107,0
sh603101,0,0,0
sz000735,114850,94459,3537
sz000027,0,17169,0
sh600775,0,10354,0
sz002390,4182,30519,0
sh600976,0,0,0
sz300016,0,1000,0
sz300449,0,0,0
sz002807,6844,5308,0
sh600159,0,0,0
sh600462,2896,0,0
sz002747,0,0,0
sz000888,0,0,0
sz000686,0,9069,0
sh601616,0,0,0
sz002645,0,964,0
sz300122,3547,7824,0
sh603139,0,0,0
sh600252,4718,11812,0
sh600759,5353,3000,0
sz002652,0,0,0
sz000929,0,0,0
sz000963,1078,1520,0
sh600320,0,11375,0
sh603078,0,250,0
sz002763,0,0,0
sh600131,0,0,0
sz000505,0,1183,0
sz002653,0,0,0
sh600640,0,889,0
sh603855,0,0,0
sh600839,6495,57067,0
sz002058,0,0,0
sz002274,0,0,0
sz300482,0,0,0
sh601166,318633,371955,3306
sh603165,1550,841,0
sz002327,0,1601,0
sh603477,2694,909,0
sh600565,11123,3125,0
sz300033,1790,3133,256
sz002298,0,0,0
sh600382,0,0,0
sz000528,70392,44738,4384
sz300119,0,1532,0
sz002176,60502,49089,3329
sz300059,131048,160301,3844
sh600370,0,0,0
sz002146,79469,97755,0
sz000731,1441,0,0
sh603336,0,0,0
sz000952,0,0,0
sh603527,0,0,0
sz000409,0,0,0
sh603356,6559,3375,438
sh601628,8532,8505,0
sz300426,0,833,0
sh600308,0,0,0
sh603861,0,0,0
sh600536,0,4311,0
sz000816,197362,132413,5183
sz002179,840,2885,0
sh601600,1150961,1121982,0
sz300191,728,502,0
sh600129,0,729,0
sz300121,0,0,0
sh603027,0,0,0
sh600828,0,5785,0
sz002002,1723,8064,0
sz000592,8907,7246,0
sz002325,0,0,0
sz002817,0,0,0
sz300536,0,0,0
sz000922,0,2187,0
sz000408,0,1427,0
sz002202,5860,27488,0
sz300467,0,725,0
sz300281,0,0,0
sh603189,0,1304,0
sh600326,3439,7156,0
sz002455,0,0,0
sz000651,59994,68438,7256
sh600584,32748,25160,629
sh601375,0,12224,0
sh600016,175775,136423,0
sz000402,2020,5794,0
sz002600,32689,20477,0
sz002650,5191,48572,0
sz002025,1644,4698,0
sz300729,0,0,0
sh601811,0,0,0
sz002691,0,0,0
sz300475,0,0,0
sh600302,0,0,0
sh600232,0,0,0
sh600527,11857,15139,0
sh600652,2679,6902,0
sh600824,2694,0,0
sz300523,0,0,0
sh603305,440,450,0
sz000635,0,0,0
sz002240,10470,8067,0
sz000737,0,0,0
sz002634,0,0,0
sh603083,4196,1238,221
sz000726,0,0,0
sz000507,12213,16323,0
sz002907,32490,14043,1802
sh600368,3500,5930,0
sz000153,0,0,0
sh601601,12953,21170,1433
sh600626,4642,1512,0
sz300452,0,0,0
sh601369,0,6367,0
sh600882,0,0,0
sz002415,38799,73784,4366
sh600879,8155,35931,0
sh603333,0,0,0
sz300076,0,0,0
sz300510,0,0,0
sh603360,0,0,0
sz002051,1859,0,0
sz300430,1015,0,0
sh600510,0,0,0
sh600336,0,0,0
sh603300,0,0,0
sh603288,1741,990,0
sz002785,0,0,0
sz300340,1551,369,0
sh603990,0,0,0
sh600871,12361,0,0
sz300387,0,0,0
sz300736,0,0,0
sh603933,0,280,0
sz002443,0,4012,0
sz002848,757,6802,0
sh600079,4616,11075,0
sh601801,0,2788,0
sz000691,0,3000,0
sh600229,0,1593,0
sz002893,2890,1836,0
sz002540,0,0,0
sz002589,10370,1000,0
sh603003,0,974,0
sz000750,5682,16336,0
sh600169,0,0,0
sh603906,0,0,0
sz300608,0,0,0
sz002868,583,0,0
sz002227,0,0,0
sz002270,0,0,0
sz300398,500,0,0
sz002286,1994,0,1000
sh600802,0,0,0
sz300402,0,0,0
sz000401,36640,43005,987
sz300602,0,0,0
sh603936,0,0,0
sh603396,0,0,0
sz300322,0,1327,0
sz002477,0,10000,0
sh600311,2300,0,0
sh601818,331252,353527,0
sz300227,0,885,0
sz300562,0,2925,0
sz300598,0,0,0
sh600316,2074,1000,0
sz000567,0,0,0
sh600776,0,0,0
sh600372,0,1065,0
sh600980,0,0,0
sh600898,0,0,0
sh600499,11681,55048,0
sz002379,0,0,0
sz000921,2748,1002,0
sz000421,0,0,0
sh600386,0,6641,0
sz300353,187971,304122,43010
sh600115,58210,114282,0
sz300167,0,1762,0
sz300087,0,0,0
sz000993,0,0,0
sz300026,9005,2870,0
sz002205,0,0,0
sh601101,0,11557,0
sh600992,0,0,0
sz002583,0,1959,0
sh600566,224,565,0
sz300062,0,0,0
sh601611,0,0,0
sh601186,4110,11405,0
sh603357,0,0,0
sh600809,6533,6718,417
sz300485,0,0,0
sh601699,71861,119905,2887
sh603688,0,0,0
sh603366,0,0,0
sz300481,0,0,0
sz002882,0,0,0
sz300097,3313,6142,0
sh600547,37184,30796,1445
sz002798,0,257,0
sz300104,305275,287584,0
sz002395,0,0,0
sh603617,0,0,0
sz300283,0,0,0
sh600083,0,0,0
sz000050,5833,27598,0
sh600428,0,2010,0
sz002283,0,0,0
sz300155,0,1854,0
sh601360,56868,77916,8999
sh603028,0,0,0
sh601212,0,7251,0
sz000100,246436,331428,0
sh600056,1808,3055,0
sh600101,0,0,0
sh600622,0,0,0
sh600667,13332,16312,0
sh601008,0,0,0
sz000767,49882,23662,0
sh603898,0,0,0
sh600015,20264,40977,0
sz002766,0,1400,0
sz000028,0,0,0
sz000413,90142,61803,0
sh600661,0,1835,0
sz300313,0,0,0
sh600321,0,0,0
sz300540,0,0,0
sz000600,8838,1674,0
sz002242,0,0,0
sh600567,131065,289038,0
sz002251,1355,7391,0
sz002228,0,0,0
sh600654,0,0,0
sz300476,13780,11972,3031
sh600468,0,0,0
sz002389,590,1672,0
sz000868,1703,5947,0
sz000807,324764,287462,10636
sh603098,0,0,0
sz002271,1014,1634,0
sz002392,0,0,0
sh603383,0,0,0
sz300413,1173,5564,253
sz000789,8581,35088,0
sz002264,0,8649,0
sz300254,0,0,0
sh600398,890,5608,0
sz002352,0,207,0
sz002397,0,0,0
sh600867,2740,3346,0
sh603283,1421,2210,0
sz002056,1234,5449,0
sh600996,0,0,0
sh603518,415,0,0
sz300284,0,0,0
sz002211,0,0,0
sh600208,14266,70065,0
sz300267,20611,3780,0
sh600717,13303,25530,0
sz002248,0,0,0
sh600844,0,0,0
sh600107,0,1059,0
sh600665,0,4239,0
sz000806,0,6241,0
sh601901,3432,2458,0
sz300148,37388,24175,0
sh603882,0,500,0
sz002229,62617,39600,4284
sh600479,0,0,0
sz002554,2956,0,0
sz300661,0,0,0
sh600710,0,3715,0
sh600748,0,0,0
sz300554,156,633,0
sh600127,0,0,0
sz002088,0,0,0
sz300149,0,0,0
sz000985,0,0,0
sz002864,490,0,0
sh603496,0,0,0
sz000597,1011,0,0
sz002231,0,0,0
sz002221,2005,2010,0
sh600182,0,0,0
sz002063,5762,23235,0
sh603766,20091,11105,0
sz300726,0,558,0
sz300331,1531,3523,0
sh603536,0,0,0
sz002643,0,1155,0
sh600348,29452,56879,0
sz002847,0,0,0
sz000862,2883,2780,0
sz000668,0,0,0
sz002534,0,0,0
sh600531,7153,14456,0
sh600581,5564,38894,1035
sh603501,279,0,0
sz300486,0,0,0
sz300370,0,0,0
sh603012,0,0,0
sh601567,0,0,0
sz000625,1796,13058,0
sz000815,984,0,0
sh600273,102254,52619,7978
sz300147,0,0,0
sz000005,13373,69843,0
sz300391,0,0,0
sh600779,741,333,0
sz002111,0,0,0
sz002730,1257,0,0
sh601200,661,0,0
sh603686,0,0,0
sz000837,0,0,0
sz300590,0,0,0
sz000553,0,815,0
sh600664,5011,8075,0
sz000025,20695,28842,6625
sz002141,0,0,0
sh603458,0,0,0
sh600396,3694,0,0
sz300679,0,197,0
sz300692,0,883,0
sh603316,0,0,0
sz002608,0,0,0
sz000655,0,0,0
sz000905,1017,0,0
sh600771,6083,1394,0
sh600053,0,0,0
sz300438,0,0,0
sz300642,303,0,0
sz002585,0,0,0
sh601595,0,0,0
sh600023,24582,10881,0
sh600509,0,0,0
sz000563,0,19590,0
sz002749,0,0,0
sh600850,0,0,0
sh600623,11814,8797,0
sh600897,0,0,0
sh600558,2000,4238,0
sh600908,5176,2842,0
sz300558,0,183,0
sz000975,7556,1204,1031
sz300623,350,208,0
sz002497,67851,62918,4343
sz002483,0,0,0
sh603363,0,2508,0
sz300105,0,0,0
sh603055,0,0,0
sz002719,0,0,0
sz000831,1200,7052,0
sz000557,0,0,0
sz300627,957,1532,0
sz002100,0,0,0
sh603019,42724,46289,5595
sz300490,0,0,0
sz002376,14401,12218,1608
sz300106,0,0,0
sh603041,0,1010,0
sz300434,0,0,0
sh600310,0,0,0
sh601618,12097,38153,0
sh600293,0,0,0
sz000828,0,2132,0
sz002394,0,0,0
sz000876,17210,23823,0
sz002481,0,0,0
sz000710,0,244,0
sh603803,0,0,0
sz002104,0,0,1822
sz002347,0,4335,0
sh600126,0,0,0
sh603388,0,0,0
sz300196,0,0,0
sh600698,0,0,0
sh600369,4330,14327,0
sz000014,4743,4134,0
sz000966,0,0,0
sz300300,5739,2257,0
sh601898,0,12585,0
sh600025,252489,208308,0
sz000725,1731961,2462538,1966
sz000504,0,685,0
sh600746,0,0,0
sz300543,0,0,0
sh601888,8614,4282,268
sz002852,0,0,0
sh600645,1530,924,1235
sh600339,0,13452,0
sh600343,0,0,0
sz002654,0,0,0
sz300658,0,0,0
sz300260,0,0,0
sz002153,10901,8291,0
sh600248,0,0,0
sz002302,15790,5327,0
sz000610,0,1500,0
sz300405,0,0,0
sh600683,0,0,0
sh600982,0,3330,0
sh601390,23241,44264,0
sz002859,1634,895,0
sz000918,6417,0,0
sz002429,61627,56619,0
sz002337,0,0,0
sz002018,0,23299,0
sz000550,0,0,0
sz000667,3379,0,0
sh600995,2311,3629,1164
sh600155,1440,2225,0
sz002928,0,0,0
sh600545,0,1300,0
sh600783,3029,9204,0
sh600697,0,0,0
sz300028,2320,0,0
sz002617,3616,4752,0
sh603808,601,0,0
sh603689,0,0,0
sz002154,0,0,0
sz300568,0,1405,663
sz002148,0,0,0
sz002140,1250,1286,0
sz002673,19873,20731,0
sz002769,46936,39128,4199
sz002009,667,1436,0
sh601998,123267,81518,0
sh603776,0,183,0
sh603630,0,0,0
sz300318,0,0,0
sz002782,0,0,0
sz002712,0,0,0
sz002535,0,0,3792
sh600137,0,0,0
sh600328,0,6266,0
sh601021,878,435,0
sz300013,2300,2344,0
sh600959,1382,0,0
sz300657,300,0,0
sh600650,0,0,0
sh600298,2740,5387,0
sz002743,0,0,0
sh600998,2269,1129,0
sh600834,0,0,0
sz002246,0,0,0
sh600125,7201,16137,0
sh600416,3300,32827,0
sz002426,0,16780,0
sh600773,2074,1000,0
sh600037,1902,6289,0
sz000656,12580,1989,0
sz002441,0,0,0
sz000887,1012,1592,0
sz002159,0,0,0
sz000619,0,0,0
sh600036,253374,213202,14140
sz300211,0,3000,0
sz002241,12018,38344,0
sz002526,0,0,0
sh603507,486,0,0
sz300272,0,0,0
sz002756,0,501,0
sz300423,0,0,0
sz300456,0,0,0
sz002929,90929,51254,12458
sz002303,0,0,0
sh603797,0,0,0
sh600288,2367,1320,0
sz002052,0,0,0
sz002170,0,0,0
sz300161,0,2975,0
sz300622,0,0,0
sh600054,1766,2660,0
sh600180,0,0,0
sz000687,0,0,0
sh600195,3401,0,0
sz002007,3100,7288,520
sz000065,0,685,0
sz300560,0,0,0
sh603969,1384,0,0
sh600864,0,2187,0
sh600240,0,0,0
sh601088,19096,31886,755
sz000889,0,0,0
sz300018,0,0,0
sz300096,2000,0,0
sz300415,0,0,0
sz002679,4888,0,0
sh603730,0,0,0
sh600535,2735,622,0
sz000999,0,883,0
sh603938,406,4533,0
sz000333,37053,32262,1290
sz002833,0,250,0
sz300382,0,0,0
sz002603,720,2420,0
sh601108,8705,17563,0
sh603838,0,0,0
sz000997,1968,9199,0
sz000650,0,0,0
sz002445,5928,12672,0
sh600688,8417,8682,0
sh603899,0,0,0
sz300532,0,0,0
sz000670,1908,5115,0
sh603369,0,1535,0
sh603380,0,0,0
sh600713,0,0,0
sh603648,2027,3563,0
sh600186,13870,0,0
sz300371,0,0,0
sz002247,0,1413,0
sh603665,0,0,0
sz300732,0,138,0
sz002734,0,0,0
sh600085,1576,856,0
sz300472,0,0,0
sh603321,2484,9804,0
sz300101,48369,10874,0
sh600449,0,2078,0
sh601918,3000,16587,0
sh603233,0,0,0
sz002845,0,1003,0
sz300044,3140,9540,0
sz002518,0,0,0
sh600587,0,0,0
sh600519,9080,9627,1202
sz300048,0,0,0
sz002706,0,0,0
sz300316,20942,9508,0
sz000576,17814,2934,1410
sz002341,1653,6157,0
sh603585,0,0,0
sz000529,0,0,0
sh600503,1943,5793,0
sz002224,0,0,0
sz300437,0,0,0
sh600213,0,0,0
sh603117,0,0,0
sz002447,35949,66706,0
sh600679,1628,829,0
sz002664,0,0,0
sh600236,0,0,0
sh600301,0,0,0
sz300043,0,2245,0
sz002214,0,1568,0
sz002365,378,370,0
sz300248,0,1000,0
sz000008,0,4003,0
sz300319,0,0,0
sz300195,0,0,0
sz300699,527,2073,0
sh600580,0,5787,2187
sz002244,22173,4896,0
sz000055,1227,23642,0
sh600371,0,0,0
sz002006,0,0,0
sz002416,0,0,0
sz002606,7678,12442,0
sz002399,0,0,0
sh600354,3259,6529,0
sz002701,0,0,0
sh603988,1027,2686,724
sz002614,0,1429,0
sh600961,0,0,0
sz002192,2705,6318,860
sh600105,2276,0,0
sh601001,2001,11616,0
sz002723,0,0,0
sz000032,1881,0,0
sz000825,249562,492264,0
sh603619,0,2122,0
sz002775,1009,0,0
sz300534,0,0,0
sh600242,617,0,0
sz300299,51192,43551,3573
sz002267,0,0,0
sz300355,5511,42229,0
sz300469,0,0,0
sz300633,0,500,0
sz000933,404586,460367,27237
sh603090,0,0,0
sz002304,1587,2763,102
sz000565,0,0,0
sz300737,4828,3959,0
sh603679,0,0,0
sh601058,10282,0,0
sz002881,359,0,963
sh603278,0,0,0
sh600609,0,0,0
sz300695,0,0,0
sh600050,197156,269441,0
sz300548,0,0,0
sh603729,361,0,0
sh603959,0,0,0
sz002097,0,0,0
sh601669,2200,0,0
sh603701,0,0,0
sh603126,0,1269,0
sz002684,822,0,0
sz002453,0,0,0
sz300404,0,1128,0
sh603466,9417,2870,572
sh603556,0,0,0
sh600199,4379,3245,0
sh600203,3893,0,0
sh600239,0,7344,0
sh600061,908,0,0
sz000973,4839,1930,0
sh600176,8295,2315,0
sz002465,0,15708,0
sz000672,34665,46299,0
sz000632,0,0,0
sz000926,19689,8300,0
sz002030,0,677,0
sz300017,84019,114396,3631
sz002570,2202,2273,0
sh603198,0,3330,0
sz300528,0,0,0
sz002391,0,0,0
sh603989,0,0,0
sh600021,0,3049,0
sz300001,806,5034,0
sh600595,2450,15668,0
sz002678,0,0,0
sh600300,0,5408,0
sh601989,84634,147557,0
sh600066,22902,11154,0
sz000809,0,0,0
sz300296,32292,25336,4101
sz300082,0,0,0
sz002484,0,0,0
sz002185,8060,25011,0
sz000039,649,8895,0
sz002338,0,894,0
sh600397,10492,3457,0
sh603060,0,0,0
sz002688,0,0,0
sz000043,0,0,0
sh600507,26021,65655,2779
sh600680,0,0,0
sh603966,0,0,0
sz000683,4000,18215,0
sh600380,19075,36097,1006
sz300085,31685,17977,629
sz000755,0,0,0
sh600287,0,0,0
sh600419,0,0,0
sh600082,10000,0,0
sz300399,0,0,0
sz000657,0,0,0
sz002860,0,0,0
sh603533,315,890,254
sz002579,0,0,0
sh603768,0,0,0
sz000096,0,0,0
sz300022,2108,0,0
sz002059,0,0,0
sz002457,10529,5293,0
sz002823,0,0,0
sz002371,12542,5910,374
sh603229,0,0,0
sz000883,16017,2500,0
sz002062,2148,0,0
sz002495,3162,0,0
sz300448,0,0,0
sz002892,600,0,0
sh600153,5954,4668,0
sz300179,0,0,0
sz000903,0,5521,0
sh603595,483,0,0
sh601199,0,0,0
sh603200,0,0,0
sz002511,673,0,0
sh600593,2672,305,0
sz300199,0,698,0
sz002382,8849,2982,676
sz300406,0,1370,0
sz002923,1404,961,0
sh600599,0,0,0
sh600891,0,0,0
sh603833,0,91,0
sz300324,840,4001,0
sz002513,2901,0,0
sz000881,0,3089,0
sz002166,0,0,0
sh600048,283964,280223,13732
sh600805,0,0,0
sz300722,0,0,0
sh603157,0,0,0
sh600781,0,0,0
sh603306,0,0,0
sz300725,3780,5077,417
sh600446,1576,2670,0
sz000042,0,0,0
sz000882,8841,97410,0
sz000708,0,0,0
sz300070,15062,33561,810
sh600495,0,0,0
sz002368,0,2347,0
sz000799,7480,2419,0
sz002223,2687,9424,0
sz300453,0,0,0
sh601933,21217,122710,0
sh600657,1786,0,0
sh603197,0,0,0
sh600281,0,0,0
sz002342,0,0,0
sz300210,0,0,0
sz002023,0,1298,0
sz000596,451,343,0
sh601688,55680,58233,3357
sz002708,0,0,0
sz002563,0,2500,0
sz000971,1072,0,0
sz300229,1068,0,0
sz000937,3586,19490,0
sh601111,61772,154444,0
sz002557,0,0,0
sh600218,0,0,0
sz002832,0,0,0
sh603110,0,0,473
sz002369,4802,2260,0
sz002667,0,0,0
sz300271,11033,7173,0
sh600055,0,0,0
sz000925,0,900,0
sz000702,0,0,0
sz002624,308,0,0
sh600965,0,0,0
sz300345,0,0,0
sz000518,1948,15261,0
sh600551,0,0,0
sz000722,0,0,0
sh600020,5599,2399,0
sz300080,0,3988,0
sz002458,2599,920,0
