sh601086,84411,55378,17969
sz002317,6409,4480,0
sz002058,500,0,0
sh600285,1367,2376,0
sz002543,0,1509,0
sh600618,0,0,0
sz002542,0,3657,0
sz000755,0,0,0
sz300171,0,0,0
sz000860,520,1592,0
sh603041,0,0,0
sh600370,0,0,0
sh600540,0,5000,0
sh600814,0,0,0
sz300108,1511,0,0
sz002166,7021,0,0
sh603616,0,1127,0
sh603333,15283,0,0
sh600094,0,0,0
sz000301,3339,0,0
sz000993,0,0,0
sz000166,12659,34025,0
sz002653,0,0,0
sh600573,0,0,0
sz002733,0,2611,0
sh600602,0,0,0
sz300532,0,697,0
sz300688,0,0,0
sh600215,0,0,0
sz300541,0,0,0
sz002024,30722,45761,0
sz300684,8285,6829,2774
sh603936,0,0,0
sh601211,17163,39488,0
sz002480,0,1769,0
sh603683,2581,0,0
sz002197,0,0,0
sz300510,0,0,0
sz002399,4237,0,0
sz300423,648,0,0
sh600583,164753,65969,2185
sz000058,0,0,0
sh600062,500,1015,0
sz000958,0,2382,0
sz002377,0,0,0
sz002709,1018,531,0
sh600810,9862,6767,0
sz300679,464,0,0
sz002177,0,0,0
sz300636,0,0,0
sh601158,0,1835,0
sh600665,0,2430,0
sh603063,0,0,0
sz002479,0,4952,0
sz002556,1782,2228,0
sz300716,0,0,0
sz000822,2997,9853,0
sz000027,0,0,0
sz300662,4317,4648,0
sz000010,0,0,0
sz300427,0,0,0
sh600805,0,0,0
sh600007,759,0,0
sz300512,0,0,0
sz002062,0,0,0
sz300651,646,0,0
sz002369,13031,6241,0
sz002445,55466,6803,1000
sz002179,675,951,0
sh603298,0,0,0
sz300054,0,1030,0
sz300420,2007,0,0
sz300249,3922,1991,0
sh600236,0,0,0
sz002333,0,648,0
sh603168,0,0,0
sz002109,0,0,0
sh600613,0,0,0
sz300119,0,0,0
sz002799,9527,0,0
sh600783,1009,3657,0
sz300221,10417,17802,1743
sz002280,3074,1925,0
sz300178,0,1637,0
sh600764,3617,693,0
sz002599,0,0,0
sh603200,0,0,0
sh600074,4990,0,0
sz002703,0,1712,0
sz300461,2223,218,1129
sz002876,821,1338,0
sh603055,805,0,1048
sh603778,0,0,0
sz002054,0,0,0
sz002921,682,0,0
sh600446,1003,4476,0
sz002810,589,0,0
sh601898,50494,21834,0
sz002648,896,6829,0
sh601811,0,0,0
sz300031,7839,7299,0
sh600381,0.0,0.0,0.0
sh600848,564,0,0
sh603722,450,0,0
sz002533,0,3432,0
sh603501,661,1015,0
sz002287,0,0,0
sz300160,0,0,0
sh603069,7731,9724,0
sh600466,31664,41165,1537
sh603129,0,0,0
sh600640,0,642,0
sz002420,0,0,0
sh600327,0,0,0
sh600780,9712,5000,0
sz000558,0,5859,0
sz300371,0,0,0
sz000850,0,0,0
sz002681,0,0,0
sz000828,0,2554,0
sz002052,0,2429,0
sh600761,1000,0,0
sz000576,2348,2229,0
sz300045,1320,0,0
sz300262,0,0,0
sh603589,4842,2274,0
sz300351,0,0,0
sz002380,4199,4489,653
sz300084,0,0,0
sh600793,0,1340,0
sz000020,0,0,0
sh600987,0,0,0
sz300622,0,0,0
sz300590,0,0,0
sh603895,5286,7986,231
sz002067,12008,6964,0
sz000607,0,0,0
sz300667,0,0,0
sh603918,0,0,0
sz002471,0,0,0
sz002636,1016,0,0
sz000630,461452,342682,0
sz300465,0,0,0
sz300553,0,0,0
sz002632,0,0,0
sh600688,41755,24725,0
sz000039,8575,6102,0
sz300174,400,0,0
sh603976,0,0,0
sz300648,1693,208,0
sz300027,153167,107940,1704
sh603337,0,0,0
sh600175,40583,2423,0
sh600105,0,4019,0
sh603318,800,0,0
sh600416,1395,2749,0
sh600776,3411,0,0
sz002881,0,1189,0
sz300382,5258,1139,785
sz300185,4660,6342,0
sz000626,0,0,0
sz000619,0,0,0
sz000665,0,5059,0
sh600981,0,0,0
sz002011,0,1604,0
sz002330,18264,0,2145
sz002461,1000,0,0
sz300272,0,0,0
sz300200,0,0,0
sh601899,2394690,1644733,13360
sh600883,0,0,0
sh601888,32575,22108,4567
sz002449,0,0,0
sh600816,14804,3553,0
sz300325,105377,14190,22104
sh600449,10348,13883,0
sh600322,0,10302,0
sh600475,0,0,0
sh603889,1000,798,0
sh600202,0,0,0
sz300011,0,0,0
sz002019,9908,13271,0
sh600030,698205,652433,74827
sz002460,18521,19620,5172
sz002705,0,0,0
sz300211,0,0,0
sh600588,23556,10494,0
sz002342,0,6444,0
sh600020,2547,3000,0
sz300499,0,0,0
sh603232,0,0,0
sz000833,0,0,0
sh601900,0,0,0
sh600855,3643,4315,0
sh603696,0,0,0
sh603569,513,0,0
sz002740,0,0,0
sh601818,343043,389401,3050
sz002772,0,0,0
sz300373,956,0,0
sz002100,1292,1494,0
sz300363,0,904,0
sz300566,0,0,0
sz000971,3728,4889,0
sh603665,0,0,0
sh600703,61671,40615,4839
sz300653,0,0,0
sh600052,0,0,0
sz002712,0,0,0
sz002610,12694,16355,0
sh600765,1150,4489,0
sh600009,4792,1580,553
sz000546,0,0,0
sz000158,0,13773,3289
sz002056,0,2035,0
sh600547,14568,22353,1455
sz300196,1102,0,0
sz000886,14374,29971,0
sz300158,0,1873,0
sz300545,0,0,0
sh600837,32108,36624,0
sh600506,0,830,0
sz300548,0,0,0
sh603602,0,0,0
sh600230,1858,7998,692
sh600858,1475,0,0
sh603228,0,0,0
sz002776,0,569,0
sz002657,67362,12441,3362
sh600211,0,0,0
sh600405,0,3000,0
sh603308,0,0,0
sz002639,9048,0,0
sh601800,1516,7685,0
sh603817,0,0,0
sz300028,0,4261,0
sz002018,2900,0,0
sz002114,617,945,0
sz000671,139364,210349,7436
sh601177,5310,2049,0
sh600207,0,0,0
sz002769,0,0,0
sh600190,0,0,0
sh601366,0,0,0
sz002547,71876,17094,0
sh600325,110988,129663,2690
sz000622,0,0,0
sh603043,6103,3208,0
sz300418,30248,31855,1681
sh603096,0,0,0
sh600026,3720,2092,0
sz300037,0,0,0
sh600111,57617,53478,2478
sh600152,0,0,0
sz002347,0,0,0
sz300304,0,0,0
sh603617,0,0,0
sz000998,9574,8447,0
sz000838,0,0,0
sh601228,0,3788,0
sz002105,0,0,0
sz002454,0,0,0
sz000830,140737,113675,10793
sh603727,471,0,0
sz000517,66468,65339,0
sz000682,2672,5437,0
sz002216,0,0,0
sz300732,1497,1187,0
sh600123,44934,12440,0
sh601500,0,0,0
sz300519,0,0,0
sh600099,0,0,0
sz300550,0,3473,0
sz002883,0,0,0
sz300005,2700,0,0
sh600740,223586,252521,8473
sz300673,0,0,0
sz002815,0,400,0
sz002594,4667,3093,0
sh600508,3109,2242,0
sh603586,0,0,0
sz000565,0,0,0
sz300222,0,630,0
sh600711,125425,97801,13851
sz000066,6327,16008,0
sh600908,1269,5242,0
sz002412,0,761,0
sz002550,0,0,0
sz300077,18094,19789,0
sh600080,22816,9774,0
sh600612,3570,2862,0
sh600684,8937,34521,0
sz300147,1259,0,0
sz002666,43008,16542,0
sz002748,0,0,0
sz300079,8485,0,0
sz002211,0,0,0
sh600995,0,0,0
sz300350,0,0,0
sz300727,9691,6180,297
sz000977,4552,3141,633
sh603896,0,0,0
sz000987,0,0,0
sz300609,0,0,0
sz002832,0,0,0
sz002700,0,0,0
sz300402,0,0,0
sz002091,0,0,0
sh603328,1968,877,0
sz002782,0,0,0
sh600851,24949,23005,830
sz000915,1317,1576,0
sz000887,1886,5388,606
sz000679,0,0,0
sz000686,2615,10297,0
sz300224,1469,1457,0
sz002439,0,4471,480
sz002107,0,0,0
sz002191,0,0,0
sh600759,6859,2737,0
sz300729,0,0,0
sz002186,0,0,0
sh601952,19025,18032,1998
sz002290,0,0,0
sz000837,0,0,0
sz002302,1812,724,0
sz300291,1000,1875,0
sz300335,0,0,0
sz300093,0,0,0
sz000836,47877,35837,0
sz002120,0,0,0
sz002843,0,0,0
sh600269,6106,0,0
sz300613,171,319,0
sz300111,0,0,0
sz300020,0,1655,0
sz000957,1225,1325,0
sh603558,0,818,0
sh601858,0,0,0
sh600496,0,2966,0
sz000068,0,0,0
sz300585,0,0,0
sh600841,6770,5441,0
sz000826,603,3182,0
sz300013,0,0,0
sh603323,9201,6064,0
sz000697,1551,3176,0
sz000717,81113,99626,7478
sz000016,4093,5670,0
sh603658,0,0,0
sz000970,9989,2180,0
sh601688,124398,113700,9234
sz002331,0,1110,0
sz002184,0,0,0
sz002406,0,0,0
sz300113,44263,59170,15987
sh600546,8223,5192,0
sz000598,10881,2268,0
sz300107,91839,281865,13703
sz002055,3792,0,1195
sz300268,0,0,0
sz002715,545,0,1111
sh600077,6295,0,0
sz002218,0,0,0
sz300425,0,0,0
sh603655,14613,7380,1466
sz000501,0,1638,0
sh603917,0,0,0
sz300485,0,0,0
sz300708,3776,8272,428
sz300670,0,0,0
sz300692,0,0,0
sz002176,1152,3693,0
sz000402,28972,41216,0
sz300345,0,0,0
sh600259,1039,714,0
sh600756,0,0,0
sh603320,0,0,0
sz002368,1568,0,0
sh600768,0,0,0
sh600081,0,0,0
sz002029,1516,0,0
sz300004,7185,1920,2244
sh601717,2228,9607,0
sz300710,0,0,0
sz300388,548,600,0
sz000926,6528,14641,0
sz300233,600,0,0
sz300299,0,0,0
sh603568,0,802,0
sh600018,66966,44467,0
sz002049,11705,10916,1870
sz300069,2669,0,0
sz002495,0,0,0
sz300181,0,0,0
sz002288,15565,9209,0
sz000536,0,0,0
sz002014,0,1100,0
sz002350,0,1220,0
sz002164,0,0,0
sz300462,0,0,0
sz300194,0,0,0
sh603040,0,0,0
sz002910,0,664,0
sz002065,25421,29587,0
sz002393,0,0,0
sh601968,0,0,0
sh603999,0,0,0
sz002591,0,0,0
sz002027,101943,58396,8131
sh600137,0,517,0
sz300128,6249,0,2757
sh603186,0,0,0
sz300172,0,0,0
sh600693,23205,11412,0
sz300568,655,500,0
sh600984,0,0,0
sz002064,0,0,0
sh600726,0,0,0
sh600825,0,0,0
sz300059,744098,666689,58272
sz300055,878,3303,0
sh600159,0,0,0
sh601038,0,0,0
sz000677,0,0,0
sh600601,8310,10875,0
sh601766,95466,122462,5237
sz300529,1544,0,0
sz002833,0,0,0
sz002365,516,2132,0
sz002434,1381,5169,0
sh603218,0,0,0
sz000002,159670,148605,12244
sh600452,643,0,0
sz300302,0,0,0
sz001965,1086,1949,0
sz002283,0,3038,0
sh600078,0,0,0
sh600671,0,2477,0
sz000715,0,0,0
sz300052,0,2195,0
sz002745,248,283,0
sz300058,251803,421369,29211
sz300205,0,0,0
sz002031,0,0,0
sh600059,0,6322,0
sz300002,2101,3700,0
sh600385,4200,0,0
sz300040,0,0,0
sz002475,85266,64542,5578
sz000988,693,1853,0
sz002068,1501,1312,0
sh603355,0,0,0
sh601113,1873,0,0
sh600213,0,0,0
sh600707,15620,1847,0
sz300421,0,0,0
sh600390,0,0,0
sh600556,2344,0,0
sz002777,0,0,0
sh601098,0,0,0
sz300641,0,0,0
sh603963,0,583,0
sh603377,2994,5147,0
sh600729,1026,1593,0
sz300698,452,898,0
sz300225,81909,11932,0
sh600197,833,2685,0
sh600128,0,0,0
sh601607,474,1370,0
sh601006,73775,60263,0
sh600369,5426,5177,0
sh600536,918,0,0
sz002457,0,1117,0
sz002092,16508,33926,0
sh603329,8329,11017,3866
sz300630,0,1749,0
sh600992,28066,2229,0
sz000767,0,0,0
sh601288,2000078,1369831,2451
sz002282,0,0,0
sh601328,443020,364826,0
sh600307,37395,94964,0
sh603289,4686,3708,2275
sz300700,1311,239,0
sz000429,0,0,0
sh600428,2001,8139,0
sz000525,2493,479,0
sz300595,0,665,0
sz300330,0,0,0
sz300334,8612,5554,0
sh600790,0,0,0
sh603960,0,0,0
sz300267,552933,23584,0
sh600616,0,0,0
sh600146,54122,13580,12311
sz002836,0,0,0
sz000685,2169,1008,0
sh603233,0,0,0
sh603196,948,3411,0
sz002530,0,0,0
sh600191,0,0,0
sh600654,44052,0,0
sz000906,0,0,0
sz002422,4830,9296,0
sh600617,0,0,0
sz300569,0,0,0
sh600308,15380,0,0
sh603980,667,0,0
sz002034,0,0,0
sh603020,0,0,0
sh600171,1809,3825,842
sz300208,0,0,0
sz300314,0,0,0
sz000980,2000,0,0
sz002760,0,0,0
sz002325,0,0,0
sz000732,139304,127636,14776
sh600630,0,0,0
sz300287,24098,25211,9885
sz000620,0,0,0
sz300087,2000,0,0
sh603378,518,0,0
sz000504,10356,5865,430
sz300611,0,0,0
sh600070,0,0,0
sz002490,0,0,0
sz002902,0,0,0
sh600093,18542,21858,0
sh603506,0,0,0
sz002424,0,2811,0
sh601939,464113,433516,14762
sz002152,1500,1593,0
sz000990,0,0,0
sz002032,0,0,0
sz002871,0,0,0
sz300406,1000,0,0
sh603809,0,0,0
sz300021,0,0,0
sz300637,0,0,0
sz000596,1421,2552,179
sz300448,0,0,0
sh600260,19979,18440,3249
sh603367,0,0,0
sz002036,0,1972,0
sz002505,52822,11643,0
sz000967,0,2902,0
sh600483,0,0,0
sh601069,0,0,0
sz300486,0,0,0
sz002375,0,0,0
sz002102,0,2870,0
sz002104,0,5498,0
sh600251,0,0,0
sh600356,0,0,0
sz300329,0,0,0
sh603955,0,0,0
sz000550,0,2170,0
sz300723,0,0,0
sh603678,0,500,0
sz000801,0,1902,0
sh600050,525574,498642,0
sz000960,140676,85733,2329
sh603721,0,0,0
sz002800,0,0,0
sh600237,2592,0,0
sz300253,90109,57064,2731
sz002110,53582,59663,5524
sz000863,0,0,0
sz300654,3690,0,0
sh600667,1580,0,0
sh600585,188202,114098,10773
sz002411,15718,2832,446
sz002203,0,0,0
sh600597,2596,770,0
sh603116,0,0,0
sz300050,0,0,0
sz300615,0,0,0
sz002905,0,356,0
sz002531,0,5500,0
sh600571,0,2038,0
sh601999,0,0,0
sh600543,0,0,0
sh600641,0,1024,0
sz002725,0,0,0
sz000972,0,3500,0
sz300062,0,0,0
sh603380,0,0,0
sh600565,10769,37029,0
sz000595,2849,0,0
sz300367,1452,0,0
sz002583,130313,61350,17888
sz002199,745,12681,0
sz002491,0,1001,0
sz002625,1505,566,0
sh600025,67869,63784,0
sh600335,0,1510,0
sz002611,1937,2680,0
sh600528,2591,945,0
sh600846,0,0,0
sh600731,1591,0,0
sz300140,7230,0,0
sh600886,32024,9913,0
sz300556,0,0,0
sz002020,0,0,0
sz300498,6340,8586,0
sh600530,0,0,0
sz002292,6836,2488,0
sh603189,0,0,0
sh600248,0,0,0
sh600698,1819,0,0
sh600203,2600,3681,0
sz300604,0,0,0
sz300400,2254,4143,761
sz002699,1902,800,0
sz002379,0,0,0
sz000735,41278,59114,6193
sh600249,0,0,0
sz300274,4392,18439,640
sz300248,0,0,0
sz300295,0,0,0
sh600265,0,0,0
sz300579,260,395,0
sz300247,5410,0,0
sh600503,2000,7039,0
sz002372,4015,1522,0
sz002142,21180,21356,3048
sh603633,0,0,0
sz300638,0,0,0
sz300353,0,0,0
sz002185,18967,16326,0
sz002159,0,1000,0
sh603007,0,0,0
sz002204,0,0,0
sh600345,444,897,0
sz002238,0,0,0
sz000639,860,1500,0
sz002907,2355,2196,423
sz002586,1341,0,0
sz000413,65218,44385,1522
sz000719,0,0,0
sz300735,2882,992,0
sh600139,4366,5585,0
sh600353,2647,2895,0
sz002793,0,0,0
sz000042,0,708,0
sz002766,8719,2218,0
sz300364,35805,51777,3322
sz000851,0,1355,0
sz000589,0,0,0
sh600720,125021,72070,1144
sh603689,0,1940,0
sh601611,7279,12046,0
sz002722,0,0,0
sz002724,0,0,0
sz002600,2534,3482,0
sh601200,0,0,0
sz300241,0,0,0
sh600330,0,0,0
sz300306,0,0,0
sz000636,36416,7850,0
sz002787,0,1044,0
sz002663,0,6900,0
sz002212,1200,0,0
sz000423,2113,2462,0
sh603012,0,0,0
sz300587,0,0,0
sz300739,0,0,0
sh600261,0,0,0
sh601789,0,2934,0
sz002150,0,0,0
sh600138,11662,5828,0
sh600611,0,0,0
sh600388,5631,5448,949
sz300097,0,0,0
sz002506,49774,10264,0
sh603085,10105,507,0
sz000922,0,3900,0
sh600109,12064,22724,0
sz002285,8597,5684,1020
sz002165,0,0,0
sh603260,4152,6488,512
sh600725,0,0,0
sz000403,0,0,0
sz002637,0,3969,0
sz300511,0,0,0
sz002554,0,0,0
sz002349,0,0,0
sz002181,0,0,0
sh603166,0,0,0
sz300057,0,0,0
sz002367,0,1431,0
sh600223,0,3000,0
sh600566,5795,4786,274
sz002642,4172,1001,1001
sz000017,0,0,0
sz000818,9159,3207,0
sh601188,0,0,0
sz000780,0,0,0
sh601579,0,0,0
sh600881,15635,25864,0
sz002536,0,2428,0
sh600714,0,0,0
sz300368,0,0,0
sz002304,3269,2000,237
sh603638,0,0,0
sz300501,0,0,0
sz002544,2274,3158,0
sz000659,0,7635,0
sz002220,7623,3442,0
sz002121,3114,2005,0
sh600103,0,0,0
sh603527,1110,0,0
sh600177,24765,13785,0
sz000963,2360,1138,0
sh601229,89061,49402,1686
sz000061,0,0,0
sz002182,0,0,0
sh600746,0,0,0
sh601101,19071,13042,0
sh600884,4408,7123,0
sz002341,1675,1420,0
sz002017,0,0,0
sz000523,0,0,0
sz300283,0,0,0
sh600710,0,0,0
sz300195,0,995,0
sz002222,1348,0,0
sz300658,0,0,0
sz002795,0,0,0
sh603103,3486,7644,1440
sz002326,0,1193,0
sz300691,0,201,0
sz002868,0,0,0
sh603988,4539,0,0
sz300029,0,6989,0
sh601882,1019,0,0
sz300043,0,0,0
sz002394,0,0,0
sz300478,693,1001,0
sz300516,0,0,0
sh601618,31349,30863,0
sh600339,3001,0,0
sz000716,0,0,0
sz300311,0,0,0
sh601985,27212,87101,0
sz300397,0,0,0
sz000982,70993,39212,0
sh600502,10120,8500,0
sz000949,0,0,0
sh600561,0,0,0
sz000633,19810,3271,0
sh603605,0,0,0
sz000702,0,0,0
sh600986,1035,0,0
sh603083,1172,295,0
sz300577,0,0,0
sz300056,0,0,0
sh600647,0,0,0
sz300554,165,0,0
sz000411,1500,600,0
sz002858,0,0,0
sh600172,0,13412,0
sz300678,0,0,0
sh600158,61451,29375,2636
sz300686,0,0,0
sz300264,0,0,0
sz002638,0,7610,0
sh603160,0,0,0
sz002846,0,865,0
sh600876,3063,627,0
sz300115,2924,5593,1007
sz002587,0,0,0
sz002381,0,0,0
sz002225,0,0,0
sh600821,0,0,0
sh603855,0,0,0
sz300008,0,0,0
sh600160,26985,30495,3124
sh603026,0,1000,0
sh600626,0,0,0
sz300484,847,0,0
sz002096,0,0,0
sh600578,0,0,0
sz002893,9043,5455,1165
sh600422,0,0,0
sh603505,2584,5004,631
sz002390,39558,11287,0
sz002361,0,0,0
sz002765,0,0,0
sh600036,104668,110820,8678
sz000909,0,0,0
sz300449,571,3379,0
sh600073,0,1506,0
sh603100,0,0,0
sz002416,0,0,0
sz002162,0,0,0
sh600592,0,0,0
sh601958,20035,13401,0
sz300163,0,0,0
sz002683,3474,2618,2315
sz300300,0,0,0
sz002546,0,0,0
sz300640,0,0,0
sh600993,0,1955,0
sh603880,0,0,0
sh600133,0,2796,0
sz002839,47735,100872,0
sh601019,0,2200,0
sz002174,2516,3977,0
sh600298,4786,5491,570
sz300095,0,0,0
sz002242,0,642,0
sh600998,0,1970,0
sh600590,0,1600,0
sh600702,3273,7693,0
sh603898,0,0,0
sz002577,0,0,0
sh600896,0,0,0
sz000582,1483,7715,0
sz002400,6795,3267,0
sz300683,0,0,0
sh600692,0,0,0
sz002688,0,0,0
sh600488,0,0,0
sz300360,0,0,0
sz002215,0,2600,0
sh603825,0,362,0
sz002909,672,0,0
sz300575,0,0,0
sz300206,0,0,0
sh603996,114035,5302,8957
sz300270,0,0,0
sh600127,0,0,0
sh600717,0,1200,0
sz300376,1786,1839,0
sz000750,21843,33007,0
sh600323,926,1257,0
sh600246,5934,12646,0
sh600218,0,0,0
sz000028,2248,1563,0
sz300601,1621,0,857
sh600033,17015,11588,0
sh603086,0,0,0
sz002920,1940,2121,0
sz002048,1078,0,0
sz002134,0,0,0
sh601186,13560,19831,0
sz300717,0,0,0
sh603339,0,0,0
sh600380,10048,8438,1373
sh603922,0,0,0
sz000591,0,3845,0
sh600272,0,0,0
sz300676,986,1687,0
sh601881,14426,24169,1140
sh603321,0,873,0
sz000408,3722,5585,0
sh600008,8489,8677,0
sh603108,9645,7102,0
sh600420,0,0,0
sh601003,51030,30916,0
sh600297,13461,11962,0
sz002674,0,0,0
sh600885,2005,4115,0
sz300487,45615,26225,9127
sh600555,21980,0,7017
sz000151,0,1079,0
sz002468,2834,500,0
sh600817,0,0,0
sz000615,5119,2574,0
sz002235,1100,6866,0
sh603882,0,0,0
sz300456,961,310,0
sh600699,4979,1438,0
sz000554,0,0,0
sz000681,15491,43608,1169
sh600228,0,0,0
sh603106,2394,1181,1495
sh603226,0,0,0
sz002261,4933,5157,0
sz300398,687,3408,0
sz002884,0,220,0
sz300379,0,0,0
sz002362,579,610,0
sh601088,254676,168913,18423
sz300432,0,2307,0
sh603386,2326,1448,0
sh603393,0,0,0
sh600903,48633,48966,17566
sh600311,5938,0,0
sz002155,1712,5302,0
sh603777,0,0,0
sz002906,0,0,0
sh603208,0,0,0
sh603612,281,0,0
sh600739,27648,1968,0
sz002360,0,0,0
sz000655,0,2479,0
sz000676,0,0,0
sh600480,0,800,0
sz300618,3382,4446,586
sh600600,8599,2971,0
sh600527,17656,5600,0
sh600970,94722,52254,0
sz002821,626,619,0
sz002299,829,4413,0
sh600620,0,2509,0
sh601929,8351,4702,0
sh600429,0,0,0
sh600507,98478,46632,5512
sz000933,162125,90484,1450
sz002708,0,0,0
sz300571,535,0,0
sh600186,675243,5046,0
sh600648,0,0,0
sz300109,1287,524,0
sz300705,0,0,0
sz000089,6226,1158,2133
sh600421,0,0,0
sz000687,1217,1079,0
sz000959,4062,0,0
sh603399,0,0,0
sh603387,0,0,0
sh601016,0,4019,0
sz002161,5119,2238,0
sz002405,6226,8340,493
sz000498,0,0,0
sh600512,8575,2596,0
sz300584,0,0,0
sz300318,0,0,0
sz300346,0,0,0
sh600019,1012358,746820,25920
sz300513,0,0,0
sh600655,1124,4106,0
sz002767,0,0,0
sz000036,33034,27326,1286
sz000333,43112,44987,3694
sz002521,8407,0,0
sz000656,14495,6535,0
sh600517,0,0,0
sh601588,14297,8474,0
sh603868,0,0,0
sh600977,7791,2476,0
sz002231,0,0,0
sz300316,3293,3528,0
sh600581,75721,37539,2787
sh600549,12296,14450,1655
sz002300,0,0,0
sz300105,0,0,0
sz002526,0,0,0
sz002258,7349,4163,0
sh603660,713,0,401
sz002532,0,0,0
sh600873,4000,7286,0
sz000416,4344,0,0
sh600015,42602,92049,0
sz300063,0,0,0
sz300347,3846,8057,808
sz000627,6032,0,0
sz002093,0,0,0
sz300285,5520,7331,0
sz000410,11620,7896,0
sh603278,0,0,0
sz002774,0,0,0
sz002318,0,0,0
sz300127,0,0,0
sz000707,47646,19148,0
sh603179,0,0,0
sz000821,0,0,0
sh603916,0,2551,935
sh600220,0,10500,0
sh601558,8805,12479,0
sz000529,0,0,0
sz002737,0,326,0
sh600316,2950,959,0
sz002320,9178,5197,0
sz000996,1883,5500,0
sz002230,50848,62191,6986
sz002101,5943,808,0
sh601700,41515,2700,5500
sh600887,70538,63170,5898
sz300508,0,0,0
sz002343,3096,3793,0
sh601608,0,28683,0
sh600608,0,0,0
sh603609,0,0,0
sh603222,0,672,0
sz000918,3946,0,0
sz000928,0,2693,0
sh600857,3199,0,0
sh603025,0,0,0
sz300226,20034,18135,2990
sz002829,0,0,0
sz002664,7037,5312,0
sz002522,1368,0,0
sz000722,0,0,0
sh600268,0,0,0
sz002138,3356,2433,0
sh600467,0,0,0
sz300463,0,0,0
sh600176,85063,40716,3889
sz002157,7070,16082,0
sh601601,85680,72039,2059
sz002227,900,0,0
sh603360,0,0,0
sz000426,139334,62224,4280
sz300018,0,0,0
sz002726,0,0,0
sz002601,85177,27971,637
sz000786,94193,67591,6386
sz300135,0,0,0
sz000931,0,0,0
sh600368,0,0,0
sh600686,0,0,0
sh603009,57655,39249,6314
sz002780,0,0,0
sz002431,0,4300,0
sz000667,0,17291,0
sz300073,0,0,0
sh600436,2759,1800,163
sz002823,0,0,0
sz300711,0,0,0
sh603319,507,623,0
sh603970,1265,1000,0
sz002878,0,0,0
sz002680,0,0,0
sz000551,0,0,0
sh601989,215306,190096,0
sz002486,0,0,0
sz000721,0,0,0
sh600358,16571,7985,0
sh600860,0,0,0
sz002128,140318,45094,1798
sh600229,0,0,0
sz300570,0,0,0
sz300493,1102,0,0
sh600067,0,0,0
sz000032,2558,0,0
sh600238,4537,2669,0
sh601928,0,1948,0
sh600458,0,0,0
sh603080,13340,17518,1362
sz000720,0,0,0
sz300509,0,0,0
sz000555,0,0,0
sh600605,0,0,0
sz300489,0,0,0
sh603036,0,0,0
sz002820,0,0,0
sz300387,0,0,0
sh600893,9349,3259,0
sz002374,0,0,0
sz000038,0,0,0
sz300275,0,0,0
sz002757,0,1715,0
sz300310,0,2426,0
sh600979,0,0,0
sh601155,62094,58239,4599
sz300394,0,0,0
sz002719,2068,0,0
sh600697,0,0,0
sz300251,263112,204076,20836
sh600582,10052,2121,0
sz002074,1592,4518,0
sz000880,0,0,0
sz000088,2228,3181,0
sh603516,0,0,0
sz002232,0,0,0
sz300263,3178,2000,0
sz002593,0,0,0
sh600509,0,2061,0
sh600170,52089,20387,0
sz300348,5341,12451,2260
sz300131,0,0,0
sz002262,1793,800,0
sz300675,0,0,0
sz300338,1013,0,0
sh601616,0,0,0
sh600132,4262,10308,0
sz300349,476,4851,0
sz000919,0,0,0
sz002172,0,0,0
sh603919,0,0,0
sz300446,961,0,0
sh603066,0,0,0
sh600774,0,0,0
sh600367,0,0,0
sh603268,907,1700,0
sz002119,0,600,0
sz300681,0,0,0
sz002557,804,2231,0
sz300537,0,0,0
sz002139,1261,1161,0
sz300179,0,0,0
sz300340,1053,579,276
sh601099,121702,201883,0
sh600826,0,0,0
sh600519,23369,31602,4401
sh601012,33626,25359,671
sz002896,0,0,0
sz002229,40542,16634,11773
sz002631,0,0,0
sh600180,1018,0,0
sh603985,0,0,0
sz300117,0,0,0
sh601258,19600,42270,0
sz300210,0,0,0
sh600535,4582,8324,0
sh600983,0,0,0
sz000005,0,0,0
sh603920,0,0,0
sz002778,0,0,0
sz000528,4707,6496,1247
sz002654,0,0,0
sh600872,1438,0,0
sz300358,0,0,0
sz300469,287,500,0
sh600520,0,0,0
sh603656,0,0,0
sh600336,0,0,0
sz002691,0,0,0
sh603398,0,0,0
sz002116,0,0,0
sz000831,3054,927,0
sz002791,0,0,0
sz000895,5937,3993,0
sz000888,0,1187,0
sh600155,61086,55101,5282
sz300531,0,0,0
sz002528,2958,0,0
sh600610,9362,3894,6239
sh600696,0,0,0
sh600299,0,0,0
sz300202,3729,0,0
sh600570,13494,16169,1634
sh600184,0,0,0
sz002847,3675,6127,0
sz002676,19963,2258,0
sz300068,5139,2848,0
sh603019,31082,21210,2258
sz300430,0,0,0
sz002202,32957,27202,2037
sh603030,0,0,0
sh603331,0,0,0
sz002667,0,0,0
sh600433,3063,5372,0
sh600791,0,0,0
sz002267,0,1675,0
sz002570,0,6577,0
sz002002,0,2933,0
sz000507,1805,4035,0
sz002001,33633,26239,1327
sh601000,20365,14881,0
sh600830,100331,32064,0
sz002859,0,0,0
sz300375,0,0,0
sz300439,0,0,0
sz300193,0,0,0
sz000905,1425,0,0
sz002266,3338,0,0
sz000632,0,0,0
sz300342,0,963,0
sh603676,24263,29899,6885
sh600125,5756,10584,0
sz002314,0,16678,0
sz300130,0,0,0
sz300266,0,0,0
sh600208,114778,213531,0
sz000965,0,0,0
sz002371,2689,4943,0
sh600185,4226,0,0
sz300603,2789,760,0
sz300034,0,0,0
sz300321,1497,0,0
sz300148,11584,1310,2260
sz000898,457802,165056,10423
sh601633,0,832,0
sz000810,0,0,0
sz300612,9630,217,503
sz300377,1141,3280,0
sz000911,0,0,0
sh600189,0,0,0
sh603365,2570,1860,0
sz002047,82653,23219,0
sz002641,0,0,0
sh603181,0,0,0
sz300155,0,0,0
sz002223,5642,9685,0
sz002086,390021,33759,0
sh600425,0,0,0
sz300276,0,0,0
sh600318,2052,1000,0
sz002307,1113,1021,0
sh603668,0,0,0
sz300589,0,0,0
sz300150,0,0,0
sz002718,0,0,0
sz000973,0,2000,0
sz300712,1065,1223,0
sz300409,1521,1197,0
sz000418,0,332,255
sz000932,79346,36871,7198
sh601949,3709,8098,0
sz000065,0,0,0
sz300540,0,0,0
sz000014,0,1288,0
sh603076,0,0,0
sh603819,0,0,0
sz000537,21021,33768,0
sz002059,2050,0,0
sh603677,0,0,0
sz000856,1020,2723,0
sh600779,4522,9338,439
sz002210,15327,66647,0
sz002736,5968,15788,0
sz000625,18702,6003,0
sz000605,0,0,0
sz002269,0,15315,0
sh603499,21635,21114,4241
sz002679,0,0,0
sz002061,2545,1503,0
sh600477,1187,3180,0
sz300534,0,0,0
sz000422,184311,4828,0
sh603685,0,551,0
sz300125,500,0,0
sh600126,0,0,0
sz300687,0,0,0
sh600773,1201,0,0
sh603806,0,366,0
sz002568,0,0,0
sh600372,0,0,0
sh600083,0,0,0
sh600156,0,0,0
sz002879,0,0,0
sh603199,0,0,0
sh600738,0,0,0
sz002869,0,0,0
sz002903,0,0,0
sh600243,0,0,0
sh600529,2419,0,0
sh603883,454,1402,0
sz300324,0,1502,0
sz300695,0,0,0
sz300281,0,0,0
sz002922,6288,2395,398
sh600072,1016,0,1019
sz000552,9945,5168,0
sz002066,0,0,0
sh600838,2719,7301,0
sh600499,17682,16881,0
sz002640,0,727,0
sz002855,0,0,0
sh600000,100628,148175,1069
sz002877,0,0,0
sh600889,0,0,0
sz002426,16767,10374,0
sz300141,0,0,0
sh600491,0,0,0
sh600623,6443,25767,0
sh603779,0,0,0
sz000695,0,0,0
sz000563,8001,0,0
sh603005,0,0,0
sh600362,261174,203194,12432
sh601799,0,500,0
sh600250,0,0,0
sz300319,0,0,0
sh600438,28766,15230,0
sh601636,227597,144661,2372
sz002376,3247,2749,0
sz002206,2185,0,0
sh600315,0,1248,0
sz300183,4792,3681,0
sh600199,0,0,0
sz002565,0,4933,0
sz002095,1610,1216,0
sz002440,11050,8084,597
sz002862,0,0,0
sz001979,187236,137813,15605
sz002589,0,2766,0
sh600354,0,0,0
sz300433,11377,4646,594
sh600129,0,0,0
sz000709,232900,179025,0
sh603600,0,0,0
sz002602,0,1731,0
sh603306,0,404,0
sh600022,326451,355222,0
sh600521,4638,5167,0
sz300030,0,0,0
sz300237,12480,2794,0
sz002850,0,0,0
sz000155,0,5283,0
sz002534,0,0,0
sh600482,459,0,0
sh600198,4107,0,0
sh603099,0,0,0
sz000951,776,681,0
sz000572,7486,0,0
sz000921,2622,1363,1102
sh600418,0,1345,0
sz002809,0,0,0
sz300298,0,700,0
sz000672,32300,52008,6209
sz002825,0,0,0
sh600859,1529,1355,0
sz002895,10895,6746,367
sz002671,0,0,0
sz300277,56268,47774,6852
sz002838,268,222,0
sz300431,5366,3770,0
sh600283,0,0,0
sz000752,792,0,0
sh603035,0,0,0
sz002356,5906,1665,0
sz300707,0,0,0
sh603888,0,0,0
sz000521,0,0,0
sz300502,0,0,0
sz002192,7231,13637,1132
sh600990,828,3422,0
sh603879,887,0,0
sh600637,1578,802,0
sz300701,0,0,0
sz002678,0,0,0
sz300001,0,0,0
sz000802,0,0,0
sh600650,0,0,0
sh600681,0,1179,0
sz002875,0,0,0
sz300244,1327,0,0
sz002363,0,0,0
sh600958,6362,8052,0
sz000935,5457,2437,0
sz002650,312956,9178,3969
sz002108,2577,7653,0
sz300702,0,0,0
sh601398,1041466,1001371,12154
sz002539,0,0,0
sh600098,0,0,0
sz300294,0,0,0
sz300607,0,0,0
sz000792,37699,36441,0
sz000789,60753,32752,1056
sz300322,0,0,0
sh600861,0,0,0
sh601991,17024,5587,0
sh603607,300,400,0
sh603338,520,1010,0
sh603535,0,0,0
sz002255,0,0,0
sz000969,1500,0,0
sh600997,16181,9678,0
sz000705,0,0,0
sh603536,0,0,0
sh600355,1502,0,0
sh600382,0.0,0.0,0.0
sz300417,0,0,0
sz000736,29987,11986,1825
sh600303,0,0,0
sz002148,0,0,0
sz002118,38763,14778,2845
sh601208,0,0,0
sz002567,0,0,0
sz300246,0,0,0
sz002504,0,0,0
sz002502,0,1369,0
sz300044,0,2420,0
sz300474,0,0,0
sh603615,0,0,0
sz000811,0,0,0
sh603718,1187,0,0
sz300184,0,1813,0
sz002170,25877,9155,0
sz300332,0,0,0
sz300301,0,0,0
sh603288,0,0,282
sz300016,0,0,0
sh600638,10135,1535,0
sh603326,911,0,0
sz000948,0,0,0
sz000008,12835,1955,0
sz300730,0,0,0
sz300144,4756,3157,0
sh600012,0,0,0
sh603823,0,0,0
sz000913,1350,0,0
sh600545,1231,0,0
sh600716,0,0,0
sh600149,2942,0,0
sz300533,0,0,0
sh600028,1730622,1272609,8355
sz300464,0,0,0
sh601179,0,5923,0
sz300437,0,800,0
sh600874,0,1219,0
sz002045,20143,10480,0
sh600096,0,0,0
sh600288,3180,0,0
sh603767,0,0,0
sz000768,1757,2392,0
sz002169,0,0,0
sh600165,9038,4753,0
sh601727,2187,12468,0
sh600351,0,0,0
sz002332,1763,6813,0
sh600333,0,0,0
sz300639,0,976,0
sz002827,0,0,0
sz300391,0,0,0
sz000561,0,0,0
sz300505,420,0,0
sz002493,12926,8727,0
sz002582,0,0,0
sz002537,1980,3589,0
sh600079,3246,10756,0
sz300535,0,0,0
sh600576,0,0,0
sh603861,0,0,0
sz300401,1867,3510,0
sh603669,0,0,0
sz000669,13641,10105,0
sz300685,0,0,0
sh600562,1434,0,0
sz300154,0,0,0
sz002585,0,0,0
sz002281,2942,3769,0
sh600724,0,0,0
sh600091,0,0,0
sh603515,0,0,0
sh600497,357835,344497,3528
sh601107,0,2507,0
sz000021,4069,9414,0
sh603113,0,0,0
sz002079,0,1453,0
sz000078,5146,4338,0
sh603566,0,0,0
sz000100,132789,124921,0
sz002697,0,0,0
sz300731,0,503,0
sz002696,0,0,0
sz300168,6118,3388,0
sz002812,842,298,0
sz000809,0,0,0
sz000610,0,0,0
sz300188,1558,1890,546
sh603679,0,0,0
sh601678,3675,6494,0
sh600423,2906,2898,0
sz300082,0,0,0
sz002892,1132,0,0
sz300697,9223,1478,0
sz002046,0,0,0
sh603899,0,0,0
sz002633,0,0,0
sz300145,18886,25933,0
sz000683,20661,5285,0
sz002576,1233,1360,0
sz002755,0,0,0
sz002419,5021,9917,0
sz002448,0,0,0
sh603018,1721,859,0
sz002727,3641,4975,0
sz002359,98137,56523,7802
sz300243,0,0,0
sh603180,0,100,0
sh601128,11539,15048,0
sz002035,713,4057,0
sz300065,0,1216,0
sh603385,0,0,0
sz000090,0,14920,0
sh603037,0,0,0
sz300738,0,209,0
sz000055,43712,93925,4039
sh600016,125257,156436,1557
sz300596,0,0,0
sh600166,0,35830,0
sh600785,0,0,0
sz002723,9690,0,0
sz300112,0,0,0
sh603885,647,0,0
sz300106,0,0,0
sh600971,52373,38249,0
sz300522,0,0,0
sh600106,0,0,0
sz000060,264443,126061,12165
sz300255,0,0,0
sz300482,1492,0,201
sh600161,2113,4559,0
sh600831,0,0,0
sz002773,0,787,0
sh600056,7493,26293,1167
sz300452,0,0,0
sh601199,0,0,0
sh600082,0,5625,0
sz000848,0,0,0
sh600490,24939,25113,0
sh600969,0,1505,0
sz300438,0,0,0
sh603738,0,0,0
sh603912,0,2123,1324
sz000538,5071,2597,146
sh600572,1500,2930,0
sz300259,0,0,0
sz300526,0,0,0
sz002428,16223,3770,1471
sh603959,0,0,0
sz000753,0,0,0
sz000043,0,0,0
sh600525,2477,787,0
sz002842,258,0,0
sh603557,999,1020,0
sz002469,0,3391,0
sz000502,0,0,0
sz002395,0,0,0
sz000030,0,5222,0
sz000890,3041,0,0
sh603800,0,0,0
sh601857,245901,150450,14259
sz002090,0,0,0
sh600302,0,0,0
sz002682,0,0,0
sz002644,976,0,0
sz300366,0,0,0
sz300483,0,0,0
sz002117,0,898,0
sh600379,5405,1600,0
sh600708,3379,20754,0
sz300280,2870,1232,0
sz300536,0,0,0
sz000726,1933,0,0
sz300378,0,0,0
sz002146,314664,244486,23435
sh601377,41286,40325,0
sz002133,0,0,0
sh600392,37122,37544,1366
sh600701,1545,0,0
sh600742,728,0,0
sz300664,3745,3747,0
sh600811,8530,12186,0
sh603997,0,0,0
sh603928,0,0,0
sh600121,62279,8490,0
sz300289,0,0,0
sh603906,0,0,0
sh603345,0,0,0
sh600075,0,3582,0
sz002437,14876,6149,1510
sz002758,0,2179,0
sz300719,0,0,0
sz300530,0,0,0
sz000819,0,0,0
sz002574,0,0,0
sz002335,0,0,0
sz000548,0,3520,0
sz002756,521,0,0
sz300415,0,2621,0
sh603606,0,0,0
sz002677,0,700,0
sz300660,0,0,0
sz300633,0,0,0
sz300619,0,0,0
sz002900,0,0,0
sz002891,0,0,0
sz300341,0,0,0
sh600241,0,0,0
sh601908,0,0,0
sh600677,0,0,0
sz000557,0,0,0
sh600796,0,0,0
sh600373,627,3953,0
sz002912,570,806,0
sz002233,4368,4125,0
sh600750,0,1196,0
sh603577,0,0,0
sz002455,0,0,0
sh600057,0,0,0
sz002023,1402,3389,0
sz300088,16920,16142,0
sz300390,0,0,0
sz300022,0,0,0
sz300652,0,0,0
sz002503,0,0,0
sz300393,600,0,0
sz002651,0,0,0
sh600575,4604,7007,0
sz300468,0,0,0
sz300476,5035,2036,0
sz002456,226501,157102,10284
sz002857,3211,501,0
sz300665,0,0,0
sz002695,0,0,0
sz300503,0,0,0
sh600880,4477,0,0
sz300072,10639,11929,364
sh600061,0,2166,0
sh600728,0,10669,0
sz000917,9145,2516,0
sz002781,0,0,0
sz300085,0,0,0
sz002408,22666,24704,2224
sz002226,0,1944,0
sh600242,30695,2882,0
sh603138,0,0,0
sh600275,0,0,0
sh600295,0,0,0
sh600054,1079,3504,0
sz000009,8467,6845,0
sh600723,0,0,0
sh600789,121624,62439,2560
sz000869,575,900,0
sz000593,0,0,0
sz300581,0,0,0
sh601137,0,0,0
sz300190,0,0,0
sh600498,13112,4960,0
sz002886,1885,1070,0
sz300565,0,0,0
sh601368,0,0,0
sz002415,27807,33687,263
sh600643,5820,30654,0
sz002923,5994,4056,523
sh601718,0,7824,0
sz002077,19549,0,0
sz000560,0,0,0
sh600891,0,0,0
sz002917,0,0,0
sz000612,0,0,0
sz000650,0,6732,0
sz002477,2862,12143,0
sz000785,0,2041,0
sh600755,11678,31780,0
sh603077,0,5441,0
sh600730,0,0,0
sh600114,0,0,0
sh600552,0,0,0
sz002466,24598,23925,1273
sz002619,4350,0,0
sz300625,0,0,0
sh603639,0,0,0
sz002813,0,0,0
sh603197,0,0,0
sh600338,4667,4401,1651
sz002775,0,0,0
sz002686,39617,8764,0
sz002156,2361,2419,0
sz002022,869,0,0
sh600206,9856,14907,0
sz002382,1953,1450,1145
sh600691,11513,10307,0
sz002441,0,0,0
sz300164,0,0,0
sh600815,3463,3000,0
sh600898,0,0,0
sz300434,0,0,0
sh600383,159081,148974,1815
sh603060,0,0,0
sz002841,0,200,0
sz000428,0,0,0
sz002097,0,0,0
sz002511,3019,2508,0
sz300207,3626,2857,0
sz002125,0,1388,0
sh600737,0,2247,0
sz300015,2113,1413,0
sz000816,0,10762,0
sz002707,1726,7098,0
sh603010,2104,1137,0
sz002605,2562,1000,0
sz300525,0,0,0
sz300666,1272,2009,451
sh600712,0,0,0
sz002735,0,0,0
sz002655,0,0,0
sh600219,77805,31075,0
sh600258,1309,3545,0
sz002885,0,0,0
sz000401,18423,17481,2215
sz000503,24461,46303,2017
sz002295,0,0,0
sz002728,0,997,0
sz000759,0,0,0
sh600537,0,0,0
sz002088,0,0,0
sz002248,6831,7423,0
sz002626,0,649,0
sz002319,0,625,0
sh603158,0,0,0
sz000701,0,0,0
sz300549,0,0,0
sz300024,15887,22634,0
sz000995,1364,0,0
sh603663,0,0,0
sh601988,610746,772537,0
sz002898,0,0,0
sh600097,0,0,0
sh600010,135904,98876,0
sz002151,1540,4379,0
sz000875,0,4011,0
sh603303,0,0,0
sz000778,21154,14033,0
sz300600,0,0,0
sh603856,7971,4575,0
sz002549,0,2400,0
sh600289,0,0,0
sz300075,712,0,0
sz002315,0,0,0
sz000510,2380,0,0
sh600397,0,0,0
sz002417,0,0,0
sh600795,40489,22192,0
sh600965,0,13971,0
sz002510,2096,2000,0
sz300152,0,0,0
sh601515,0,0,0
sz002190,7512,4867,492
sh603843,1500,1000,0
sz300435,0,0,0
sz002309,2887,1010,0
sh600875,0,0,0
sz000690,1284,8911,0
sh600386,0,2508,0
sz002432,0,0,0
sz002830,0,0,0
sh600518,0,3895,0
sh603000,6363,0,0
sh600868,91973,153166,0
sz300315,40742,17981,0
sz002247,926,0,0
sh600675,0,10619,0
sh603358,0,0,0
sz000790,0,0,0
sz002298,0,0,0
sz300282,7874,2666,0
sz002802,0,0,0
sz300500,0,0,0
sz300386,0,772,0
sh600961,0,0,0
sz000635,0,0,0
sh600173,0,3764,0
sz002665,56892,32796,0
sz002205,680,703,0
sz000670,0,3881,0
sz300527,0,0,0
sh603488,116456,24723,685
sz002721,306006,71960,0
sh600563,584,300,0
sz000700,2000,6065,0
sz300591,0,1360,0
sh600406,15165,9445,758
sh603826,0,0,0
sz002041,0,1050,0
sz000968,0,764,0
sh600719,0,0,0
sh600705,6533,18923,0
sz300642,350,227,0
sh600329,0,0,0
sz002849,0,0,0
sz002572,1142,3150,1402
sz300232,805,0,0
sz002149,0,0,0
sz300494,0,3533,0
sh600076,22262,62808,0
sh600526,0,0,0
sz000975,3419,9401,0
sz000862,0,0,0
sz300616,343,372,0
sz000657,0,0,0
sh603611,500,0,0
sz002785,0,920,0
sz000962,0,0,0
sh603939,0,0,0
sh603757,0,0,0
sz000539,0,0,0
sh600757,0,1600,0
sh601222,19531,56849,0
sh603716,2248,0,0
sh600201,2867,7718,1332
sz000791,0,0,0
sz000983,330520,175638,11080
sh600267,0,7023,0
sz300170,1044,5043,0
sz002753,0,0,0
sz002385,32147,38529,0
sz000718,2581,2685,0
sz300450,670,1340,0
sh603717,0,0,0
sz000897,0,0,0
sh600048,742049,648137,58930
sz002483,0,0,0
sh600210,6517,2840,0
sz000955,10040,15400,0
sh600801,73565,50582,2158
sh603958,0,0,0
sz002044,4023,1973,0
sz002806,0,0,0
sh603908,0,0,0
sz002327,1180,5311,0
sz300606,0,6283,0
sz002555,3965,1129,584
sh600890,0,0,0
sh603067,0,0,0
sz000045,0,0,0
sz300214,0,2920,0
sh603533,8774,1800,372
sz002404,0,0,0
sz002617,5547,7603,0
sz000037,0,0,0
sz002476,11747,0,0
sz300169,0,0,0
sh600401,0,0,0
sz000153,0,0,0
sh600593,2123,345,359
sz300137,2008,3392,0
sz002244,37484,110194,0
sh600781,800,1209,0
sh600319,9793,1480,0
sh603661,0,0,0
sz002501,0,0,0
sh600135,0,0,0
sz000698,0,0,0
sz002208,0,0,0
sh600278,0,0,0
sh600216,11960,7265,0
sz000889,1404,0,0
sz002866,0,899,413
sh600812,0,2661,0
sh600642,6500,6199,0
sh603316,0,0,0
sz000678,0,0,0
sh600662,2326,0,0
sh603848,528,596,0
sh603979,1000,2014,0
sz300496,1182,380,0
sz002458,0,0,0
sh603519,3157,0,0
sh600649,0,1588,0
sh600621,8795,22755,1030
sh600448,0,0,0
sz002467,2158,7746,0
sh600151,67199,33695,0
sh601028,3514,0,0
sz000666,0,687,0
sz300118,0,0,0
sz300227,0,681,0
sz300588,0,0,0
sz300023,8814,0,0
sz300419,0,0,0
sh603508,0,0,0
sz300078,5572,1705,0
sh600281,0,0,0
sh603628,0,0,0
sz300631,0,0,0
sh603567,0,0,0
sh603015,0,0,0
sz002500,8992,17583,0
sz000985,0,0,0
sz300632,0,0,0
sh603008,1637,0,0
sz002421,0,8451,0
sz002274,0,0,0
sz002178,6043,8173,0
sh600869,0,0,0
sh603089,0,0,0
sh600510,0,0,0
sz002808,936,0,0
sz002450,125084,159486,24118
sh600917,0,1491,0
sh601880,5100,32860,0
sh600775,0,0,0
sh603169,0,0,0
sh600188,159386,76375,4292
sz300258,0,0,0
sh603223,0,0,0
sz002770,0,0,0
sh600239,17282,30320,2373
sz300608,0,0,0
sz300709,840,0,0
sh601992,29310,15594,0
sh601318,410864,400932,39159
sh603601,0,0,0
sz000728,31389,11497,0
sz000048,1790,0,0
sh600276,4971,8399,657
sz002270,0,0,0
sz002015,0,0,0
sz300317,4494,5715,0
sz000937,21672,13579,0
sz000159,0,0,0
sz002291,2095,0,0
sh600031,107535,106850,2548
sz002042,5692,12220,0
sh600579,0,1231,0
sz002016,86006,64905,4975
sh600348,310916,260282,5705
sz300139,0,0,0
sh600476,0,0,0
sz300323,5715,0,0
sz002603,773,0,0
sh603022,0,0,0
sh601126,0,0,0
sz002852,0,0,0
sz000545,0,0,0
sz300592,0,0,0
sz002167,0,1370,0
sz002627,0,0,0
sh603517,339,0,0
sh600532,7757,5703,0
sh600023,26818,12544,1778
sh600676,2000,1848,0
sh600624,1752,4169,0
sz300610,0,0,0
sh600350,3630,7858,0
sh600400,0,0,0
sz300189,0,0,0
sz000407,5032,3875,0
sh600481,0,0,0
sz002389,1003,2621,0
sh603839,0,1617,0
sz300713,0,0,0
sz002284,0,0,0
sh600282,471702,312940,0
sz002214,0,0,0
sh600622,2335,1781,0
sh603776,0,180,0
sz002322,0,1901,0
sz300269,1203,1624,0
sh600900,44647,64128,0
sh601838,0,0,0
sz000883,0,0,0
sh600066,6103,4929,0
sz002559,0,0,0
sh600797,2472,5203,0
sz002329,11157,2229,0
sz002209,0,0,0
sh600395,40918,8706,0
sh600743,0,7412,0
sh600892,1000,0,0
sz002916,5012,4491,1310
sz002443,0,0,0
sz002296,0,0,0
sh603111,0,0,0
sh600167,0,0,0
sh600287,0,0,0
sz300136,92289,50718,3184
sz300080,0,0,0
sz300061,0,0,0
sh600531,94055,87978,0
sz300003,17154,14044,1621
sz000815,0,827,0
sh600148,0,608,0
sh600599,1978,0,0
sz002279,1087,1020,0
sh600850,706,0,0
sz002444,0,1745,0
sz000800,23924,38290,1914
sz000096,0,0,0
sh603860,0,0,0
sz002293,1444,732,0
sh603707,0,400,0
sz000680,0,2313,0
sz002634,0,0,0
sz002236,65269,40145,1056
sz000835,0,0,0
sh601225,392562,202935,14834
sh603528,0,0,0
sz002273,14915,12304,1004
sh600822,0,0,0
sh600444,0,0,0
sh600460,63634,54403,5232
sh603127,0,0,0
sh601595,0,0,0
sz300473,0,0,0
sz002387,1992,2367,0
sz300309,479,0,0
sh601628,88826,73308,4543
sz000966,3346,0,0
sz002487,0,0,0
sh601100,733,746,457
sh600820,1809,4039,0
sz002132,0,0,0
sz002612,0,0,0
sh600533,0,9295,0
sz002451,1121,0,0
sz000952,0,1866,1000
sz300559,0,0,0
sz300228,0,1052,0
sz300722,0,390,0
sh603368,0,0,0
sz000910,2001,2868,0
sz300260,0,0,0
sh600694,0,304,0
sh600110,12608,0,0
sh600409,41619,54020,0
sz002305,0,0,0
sh603703,845,0,0
sz002848,0,0,0
sz300333,0,0,0
sz002484,0,0,0
sh600495,0,6456,0
sz002414,0,0,0
sh601020,1422,0,0
sz002786,0,0,0
sh600011,0,17551,0
sz300621,0,0,0
sh600183,12225,15876,0
sz300385,0,0,0
sh600115,247035,248405,2871
sz000004,614,0,600
sz002254,3058,0,0
sh600366,0,0,0
sz300447,0,0,0
sz002310,5216,3789,0
sz002863,7569,9855,846
sh601866,3248,7234,0
sz000852,0,0,0
sz002008,24558,20156,1390
sz000733,0,1329,0
sz300017,103737,121290,6546
sh600736,0,0,0
sh603011,1324,973,0
sh603118,0,0,0
sh600633,1006,744,0
sz300661,0,191,0
sz002336,0,1009,0
sz002410,1489,0,0
sh603188,0,806,0
sh603838,0,0,0
sz002508,6221,3136,0
sh600240,0,0,0
sz300099,0,0,0
sh600169,0,4000,0
sz000599,0,2000,0
sz000858,81396,95377,7546
sh603938,3035,1094,0
sz300212,7664,4792,995
sz000727,0,0,0
sz300006,0,0,0
sz002043,1008,0,0
sh600029,238762,267425,6811
sh600391,0,0,0
sh600939,0,0,0
sz000631,0,5945,0
sz000425,168404,132473,0
sz002560,5277,10002,4700
sz300528,0,0,0
sh600027,2924,13151,0
sh601326,0,3083,0
sz300132,0,0,0
sz002339,0,0,0
sh600819,0,0,0
sz300076,0,0,0
sz000882,0,0,0
sz002060,0,0,0
sh603356,0,43357,0
sh603357,0,0,0
sz000923,510,0,0
sz002685,0,0,0
sh600629,0,0,0
sh600122,102331,22810,0
sz300374,0,0,0
sh600193,0,0,0
sh600376,0,1255,0
sz000859,0,0,0
sh601801,0,0,0
sz300414,0,0,0
sh601877,6635,5457,466
sz300583,0,0,0
sz002194,1390,0,0
sh603969,0,0,0
sh600516,340199,385108,79961
sh600470,0,0,2423
sh600727,9763,5295,1457
sh600095,0,0,0
sz000777,2846,7694,0
sz300124,4526,2375,0
sz300440,0,0,0
sz300623,0,0,0
sh600131,0,3000,0
sh603239,0,0,0
sz002840,4559,41718,4864
sz300628,97,397,0
sz000568,10458,13230,1362
sh600468,0,0,0
sz000488,45212,31619,2745
sh601798,0,0,0
sh600663,0,0,0
sz002435,0,0,0
sz002173,0,1525,0
sz300677,5998,9746,848
sz002237,1074,2673,0
sh601933,164816,180208,5799
sz000567,0,749,0
sh603686,0,467,0
sz002561,0,0,0
sh600337,0,0,0
sz300620,0,0,0
sh600609,0,4863,0
sh600926,9289,7849,0
sh600827,800,0,0
sz300331,0,0,0
sz300542,0,0,0
sh603039,0,178,0
sz000999,0,1405,0
sh603991,0,0,0
sh600463,1013,0,0
sh603388,0,0,0
sz002051,0,600,0
sh600721,2000,2316,0
sz300428,0,757,0
sh603101,0,0,0
sh600847,1087,0,0
sz000729,19016,17684,0
sz000783,0,7814,0
sz000708,0,1516,0
sz000531,0,0,0
sz000776,73912,88581,1282
sh600645,1944,0,0
sz000063,431377,417878,33050
sz000989,4855,0,0
sz002340,35039,47578,0
sh603416,0,0,0
sh601333,27236,17127,0
sh600839,0,52825,0
sz000723,39165,19963,0
sh601168,47010,41313,0
sz002337,0,0,0
sh600678,0,11173,0
sz300479,0,826,0
sh600619,0,0,0
sh600346,17210,31445,847
sz300182,14590,16448,0
sz300175,0,0,0
sz002057,0,0,0
sh603003,0,0,0
sz002144,0,0,0
sz002584,2697,0,0
sh600595,2557,2443,0
sh600293,0,0,0
sz002816,0,0,0
sh603699,1102,0,0
sz002352,308,0,0
sh601390,30005,19383,3853
sz002888,0,0,0
sh600844,24898,9011,0
sh603198,0,0,0
sz300703,0,0,0
sz001896,2230,0,0
sh603178,1019,4369,0
sz002588,0,0,0
sz000936,2030,6224,0
sh600493,0,0,0
sh601002,5709,15413,0
sh600235,0,0,0
sz300557,0,0,0
sz300520,0,0,0
sz300096,955,1054,0
sz002397,1700,0,0
sz002388,0,0,0
sz002433,2346,2658,0
sh600596,46674,34698,3835
sz300517,1116,0,0
sz000590,0,0,0
sz000711,0,0,0
sz002124,6724,3219,1238
sz000899,0,0,0
sz300012,10803,5888,0
sz300296,4285,1468,0
sz000519,0,2884,0
sh600569,134127,122659,0
sh600396,0,0,0
sh600408,0,0,0
sz002890,0,0,0
sh600360,0,0,0
sh600680,0,0,0
sz002702,0,0,0
sz300019,0,0,0
sz300223,0,1291,0
sh601233,26952,27887,4087
sz300007,0,1029,0
sz300219,6425,1015,0
sz002154,8240,0,0
sh601518,0,0,0
sh603335,0,0,1070
sh600107,1000,0,0
sh603159,0,0,0
sh600658,0,0,0
sz300672,521,0,0
sz002616,0,0,0
sz002324,0,0,0
sh600982,2500,0,0
sz300546,0,0,0
sz300165,0,2000,0
sz000731,23143,8935,0
sh600690,75414,63906,4918
sh600760,5897,2359,0
sz300151,0,0,0
sz002193,0,4652,0
sz300413,2243,2047,0
sh601669,0,8173,0
sz300142,2909,6612,0
sz002860,0,0,0
sh600375,0,3634,0
sh603648,0,0,0
sh600178,0,0,0
sz002716,25540,22671,2909
sh600845,0,1011,0
sz300655,0,0,0
sz002409,848,0,1058
sh600006,0,0,0
sh601519,11155,6846,0
sz300635,0,0,0
sh600978,1135,0,0
sz300236,500,0,0
sh603799,51435,50440,6052
sz002224,0,0,0
sh603659,541,892,0
sh603989,0,0,0
sh600744,0,0,0
sz300491,0,0,0
sh600606,402267,391422,27135
sz002076,0,0,0
sz300471,0,0,0
sh603238,0,0,0
sz002573,48597,119421,11447
sz300328,0,0,0
sz002180,843,0,0
sz300422,2884,0,0
sz300355,19216,20895,0
sh603165,0,0,0
sh600321,0,0,0
sz300690,0,0,0
sz300252,0,0,0
sh600410,0,0,0
sz002908,1723,2721,0
sh603585,0,0,0
sh600455,0,607,0
sh603768,0,0,0
sz002063,2340,2372,0
sz002595,0,0,0
sh601901,5437,11700,0
sz002245,0,1474,0
sz300271,15707,7982,0
sz002578,10000,16947,0
sz002675,1530,0,0
sz300161,0,1060,0
sh600168,0,0,0
sz300284,602,2494,0
sz002275,0,0,0
sz002494,0,0,0
sz002355,18324,4000,0
sz300395,0,0,0
sh601118,0,13721,0
sh600550,0,2744,0
sh603269,0,1157,0
sz300201,0,0,0
sz300327,0,0,0
sz000571,0,0,0
sz002201,0,0,0
sz000637,0,0,0
sz300308,0,635,0
sz300567,0,134,0
sh603595,0,0,0
sz002407,0,1154,0
sh600683,0,0,0
sz002746,0,0,0
sz000581,5319,6967,540
sz002819,572,0,0
sh603711,493,0,2169
sz000157,7454,30035,0
sz002234,13430,0,0
sz000062,0,0,0
sh601007,0,958,0
sz002137,0,0,0
sz000586,10307,0,0
sz000739,0,0,0
sz002918,251,1045,0
sh603126,0,0,0
sz002106,0,4051,0
sz000901,504,0,0
sh603619,2277,3336,585
sz002747,0,0,0
sz300475,0,0,0
sz002403,3636,0,0
sz002094,2510,1358,0
sz300507,0,0,0
sz300231,2064,1001,0
sh603538,0,0,0
sh601106,0,0,0
sh603901,0,0,0
sz000603,4347,1880,0
sh600919,89958,77479,3752
sh601918,7667,0,0
sh603157,27153,13906,4576
sz002401,0,0,0
sh603933,0,610,0
sh601997,75118,83989,1390
sz002701,3841,0,0
sh601231,1488,0,0
sh603966,0,0,0
sh601117,37563,12249,0
sh601919,44928,44784,0
sz300605,0,0,0
sh603878,0,0,0
sz000011,0,0,0
sh600802,0,0,0
sz002303,12469,1725,0
sz000026,1495,0,0
sz002797,141688,206113,13363
sh601808,2875,8970,0
sh600897,0,0,0
sz002598,0,2000,0
sh600118,2293,4203,0
sh600787,11273,24450,0
sz002383,0,0,0
sz000601,0,8761,0
sh603300,4180,1876,0
sz300039,0,0,0
sh603056,48094,172715,0
sz002873,0,0,0
sh603277,0,0,0
sh603161,0,472,0
sh600088,0,4656,0
sh603098,0,0,0
sh600973,0,0,0
sh601966,826,585,0
sh603729,205,447,0
sz002818,0,464,0
sh600277,0,1934,0
sh600652,0,0,0
sz300689,0,0,0
sz000788,0,0,0
sh603608,0,0,0
sz002689,0,0,0
sz002130,6097,0,0
sz000069,128591,130213,3333
sh600589,0,0,0
sh603031,0,0,0
sz300627,0,0,0
sh601311,4651,4091,0
sz002901,0,0,0
sz000806,7834,0,0
sz300293,0,0,0
sh603903,0,0,0
sh603708,609,3058,0
sz000799,3572,4534,0
sz002749,0,0,0
sh603227,0,0,0
sz000524,0,0,0
sh600863,3527,48515,0
sz002751,0,289,0
sz002087,21288,0,0
sh603937,0,0,0
sh603993,567938,390020,5049
sz002925,28130,42726,7853
sh600300,2586,0,0
sz002196,0,0,0
sh603556,0,284,0
sz002252,1581,2467,0
sh601339,2000,0,0
sz300290,0,0,0
sz002482,6535,12893,0
sh600741,1444,5373,0
sh600340,116195,98328,11109
sh600195,572,3302,0
sz300506,0,0,0
sh603726,880,929,0
sh603027,0,0,0
sh600586,2800,2589,0
sh600604,0,1958,0
sh603690,767,0,0
sz300101,11351,0,0
sz300047,3695,1975,0
sh600252,0,2900,0
sz300354,1616,0,0
sh600320,4330,11365,0
sz002488,0,0,0
sz300114,0,0,0
sz002040,0,0,0
sz300230,0,1082,0
sh601777,0,0,0
sz002459,0,1215,0
sh603811,0,0,0
sh600660,9378,5961,0
sz002498,0,18562,0
sh603886,0,678,0
sz002250,3767,4686,0
sz002915,2368,6542,0
sz300558,0,0,0
sz002882,0,0,0
sh603701,0,0,0
sz002364,0,0,0
sz000526,0,0,0
sh603266,0,0,0
sz300305,0,0,0
sz300192,33463,5576,0
sh603330,0,0,0
sh600679,0,0,0
sh600113,1169,0,0
sz300362,5287,1682,0
sz300352,27889,42573,0
sh601689,858,4571,0
sz300365,0,386,0
sz300009,3774,4381,683
sz300721,0,0,0
sz002153,5113,510,0
sh603869,0,0,0
sz002438,0,0,0
sh600435,0,0,0
sh601666,204164,99325,0
sh603818,0,0,0
sh603813,3749,1417,782
sh600209,1316,1433,0
sz000868,275936,27749,1945
sh603117,0,36504,0
sz002158,1344,0,0
sz300133,90716,41135,1849
sz000661,1880,1974,80
sh600523,0,0,0
sh600808,454182,340273,0
sz002195,13446,12892,1931
sh603167,0,6899,0
sz002919,732,0,0
sz002798,0,0,0
sz002392,0,0,0
sz000760,0,0,0
sh600864,0,0,0
sh600222,0,0,0
sh603458,148,329,0
sz002277,20755,52499,2004
sh600419,0,0,0
sz002518,0,0,0
sz300562,0,0,0
sz002228,0,0,0
sz000544,1909,0,0
sh603507,900,0,0
sz002316,0,0,0
sh601599,0,11286,0
sz000421,0,0,0
sz300256,97157,3122,0
sz002552,0,0,0
sz002672,11749,9887,0
sz002446,0,0,0
sz002750,0,0,0
sz300586,0,0,0
sh603421,0,0,0
sz002391,0,0,0
sh600985,14075,25223,0
sh600456,5262,2916,0
sz002535,0,0,0
sh600687,26808,9761,0
sz000608,21286,51021,3013
sz300102,4866,7922,0
sh603369,781,4829,0
sz300572,0,0,0
sz000903,0,24773,0
sz300104,0,0,0
sh600064,1148,0,0
sz300445,0,0,0
sz002581,12663,5036,0
sh603977,0,0,0
sz002538,65361,3260,0
sh600426,19232,30911,1201
sz002135,0,0,0
sz002658,0,0,0
sh603258,0,0,0
sh603359,0,638,0
sz000417,0,0,0
sh600856,280254,154627,5954
sz300443,0,0,0
sz000938,623,192,0
sz300070,31005,52068,0
sh603737,0,0,0
sh603305,0,400,0
sz002516,0,0,0
sh601969,0,0,0
sz002527,0,0,0
sz300404,0,0,0
sh603090,0,0,0
sz000725,2997043,2157663,0
sz002548,0,0,0
sz000338,192066,106350,0
sz002115,1635,0,0
sh600653,0,10000,0
sz000587,24426,14148,0
sz300490,0,0,0
sz002590,0,0,0
sz000651,138105,120319,10807
sh600284,0,6463,0
sz300177,0,0,0
sh600068,70244,45322,2808
sz002541,1977,0,0
sh600557,0,0,0
sh603229,0,0,0
sz002826,0,0,0
sz002249,0,7193,0
sh600317,0,0,0
sz002354,1618,5384,0
sz000099,0,0,0
sz300203,1480,6524,0
sz002078,26597,26300,0
sz000738,0,0,0
sz002111,0,0,0
sh600673,28708,9879,0
sh603002,0,1877,0
sz002887,0,600,0
sz300563,0,0,0
sz002515,0,4800,0
sz002240,7842,2257,0
sh601139,0,0,0
sh601108,28212,37417,4759
sz000976,0,0,0
sh600778,0,0,0
sz002867,0,0,0
sh603866,0,519,0
sz002308,0,0,0
sh600718,1000,5514,0
sz300053,2966,2868,0
sz300405,0,0,0
sz002540,76337,44687,0
sz002623,0,0,0
sh603042,0,0,0
sh600479,0,0,0
sz002200,0,0,0
sz300726,800,0,0
sh600271,5426,14860,524
sz002614,0,0,0
sz000920,0,0,0
sz000513,3929,2165,439
sh603133,0,0,0
sh603618,0,0,0
sz000040,6365,9408,1216
sh603131,0,0,0
sz300014,0,900,0
sz300560,0,0,0
sz300257,0,0,0
sh601169,61479,132993,0
sh600312,1343,2884,0
sz300576,0,0,0
sh603926,0,0,0
sz300229,0,0,0
sz002007,2754,13369,0
sz300036,0,2171,0
sz002030,2288,3196,0
sh603766,0,0,0
sh600963,12584,4306,0
sh603626,610,0,0
sz000623,2566,6884,0
sh603599,0,0,0
sz002856,3610,0,0
sz000050,9579,20616,0
sz300602,0,0,0
sh600862,0,0,0
sh601011,17336,8867,0
sh600513,0,0,0
sz000823,12707,40118,2076
sz300460,0,0,0
sh601677,824,3742,0
sh600754,4568,3139,0
sh601198,1121,1601,0
sz002597,5179,6559,0
sh603088,0,0,0
sh600713,0,0,0
sz002217,162773,88983,0
sz300669,0,0,0
sz002732,0,0,0
sz300547,0,0,0
sz300094,42475,16158,0
sh600500,1800,13717,0
sz000518,0,0,0
sz002038,0,1755,0
sh600361,0,2700,0
sh600389,1308,1123,0
sz300657,0,672,0
sh600060,8613,3339,0
sh600674,1418,1148,0
sz002006,0,0,0
sh603477,15671,43272,780
sz300239,0,0,0
sz300458,0,0,0
sz300129,0,5555,0
sz300320,0,1445,0
sh600635,0,6936,0
sz002790,0,0,0
sh600352,190496,130448,7616
sh600089,15724,27125,0
sz000025,0,0,0
sh600227,179979,0,0
sz002529,8958,1003,0
sz002025,545,509,0
sz000795,2332,0,0
sz300033,9041,11981,1031
sz300204,0,0,0
sz300629,0,278,0
sz002615,0,0,0
sz002620,0,0,0
sz002344,0,1941,0
sz300162,0,0,0
sz002864,0,0,0
sh603890,0,0,0
sh600895,0,2815,0
sh603909,0,0,0
sz300091,49255,3796,1200
sh603322,0,0,0
sh603123,0,0,0
sh603078,2300,261,0
sz300649,0,335,0
sz002630,5204,0,0
sh603801,0,248,0
sz000663,24135,4818,0
sh603859,0,0,0
sh600162,0,14360,0
sz000878,62649,46285,5267
sh600548,0,0,0
sz300370,0,97459,0
sz002729,0,508,0
sh600085,1933,1946,0
sh600988,4442,2538,0
sh600749,5945,0,0
sz002824,0,0,0
sz300573,0,0,0
sz002706,0,0,0
sz002880,0,0,0
sz300650,0,0,0
sz002771,0,0,0
sz000861,0,0,0
sz002328,0,0,0
sz002265,0,0,0
sh601668,989343,947162,21208
sh600551,0,0,0
sh600804,1574,15114,0
sh603389,0,0,0
sh601566,0,0,0
sh600343,0,0,0
sz002734,3022,0,0
sz300066,0,0,0
sz000505,3922,8816,0
sz300166,32064,11894,0
sh600771,4471,6632,0
sh600301,0,0,0
sz002553,0,0,0
sz300216,9065,14743,3605
sz002899,1563,1677,0
sz002080,501,485,0
sz002828,0,0,0
sz300180,0,0,0
sz002462,3190,622,500
sh600192,0,6000,0
sh600136,0,1057,0
sz300538,0,0,0
sh603001,0,0,0
sz002140,0,1600,0
sz000813,11851,0,0
sz002253,0,0,0
sz000001,271041,288381,8773
sh603828,15357,0,0
sh600377,2003,1348,0
sh603050,1396,0,546
sh603688,0,0,0
sh600615,0,0,0
sz300215,0,1400,0
sz300466,1266,0,0
sz000902,0,0,0
sh600108,2739,3727,0
sz002897,0,0,0
sh603203,461,0,0
sh603698,0,1400,0
sh600854,0,0,0
sz002418,2060,23487,0
sh600393,87908,36731,3846
sz300720,0,0,0
sh603797,0,0,0
sh600996,1280,7560,2865
sz300470,0,0,0
sh600559,7331,5832,0
sz000430,0,0,0
sh601872,0,0,0
sh603500,0,560,0
sz002243,0,0,0
sz002264,1246,0,0
sh600867,8412,3721,0
sz300288,4393,3210,443
sz002136,2714,1942,0
sh600584,20452,12783,0
sh603637,0,0,0
sz002717,0,524,0
sz300480,0,0,0
sz000751,37388,47121,0
sz002783,0,0,0
sz000961,26205,53053,0
sh603636,0,0,0
sz300467,6760,7362,1573
sh603808,741,500,0
sh600894,0,0,0
sh603444,0,0,0
sz002693,0,0,0
sh600196,31815,18188,0
sz002346,0,0,0
sz300297,0,0,0
sh600745,2353,7499,0
sh600359,0,0,0
sz002489,0,0,0
sz000570,0,0,0
sh601965,0,0,0
sz002889,0,0,0
sh600234,0,0,0
sh601166,510012,690522,12200
sz002396,1687,3254,1002
sh600967,0,7044,0
sh601005,0,0,0
sh600100,1286,2147,0
sh600035,12081,24884,0
sz000400,1020,5599,1001
sz002452,0,0,0
sz000761,33134,38458,0
sz002762,0,2015,0
sh603833,0,0,0
sz300403,0,0,0
sh600567,95641,94031,0
sz300235,0,0,0
sz300242,0,0,0
sz002268,1087,603,0
sh600017,5538,0,0
sh600487,32398,41147,5833
sh603363,5279,9643,2015
sh603081,2520,0,0
sh603968,0,0,0
sh603555,10222,55937,0
sz001696,0,0,0
sz300359,0,0,0
sh603728,0,1775,0
sz000628,0,0,0
sz002286,1800,0,0
sz000713,0,0,0
sh600824,0,0,0
sz300488,0,0,0
sz000881,0,1420,0
sz300472,1954,511,0
sz002338,0,2143,0
sz300153,0,0,0
sz000541,0,1570,0
sz300380,0,0,0
sh603383,0,0,0
sz300643,0,0,0
sh600722,0,0,0
sh601555,0,0,0
sh600936,0,0,0
sh600766,8257,0,0
sz000070,0,0,0
sh600511,387,756,0
sh603023,0,0,0
sh600039,0,0,0
sh600038,4057,8621,0
sh603998,8602,0,0
sz002050,20960,12277,1816
sh600130,25237,7329,0
sz002003,0,3536,0
sh600478,0,0,0
sh603559,1818,1349,0
sh600163,0,0,0
sh600603,4714,10383,0
sh600225,10190,0,0
sh601111,90306,87974,2328
sz300126,2000,0,0
sh600853,0,0,0
sh600262,0,0,0
sz002562,1445,672,0
sh601218,0,0,0
sz000758,34814,6676,0
sz002761,7289,2604,690
sz002351,0,0,0
sh600933,1519,0,0
sz000829,0,0,0
sz300617,0,0,0
sz000798,0,0,0
sz002123,2490,0,0
sh603798,0,0,0
sz002473,2630,0,0
sz002429,0,0,0
sz002796,0,0,0
sz002817,0,0,0
sz002698,0,0,0
sh601010,0,2734,0
sz300645,0,0,0
sz002571,3288,4500,0
sh600777,0,14526,0
sh603311,0,0,0
sh601375,2152,10138,0
sh603496,0,0,0
sz300098,0,0,0
sz300671,0,0,0
sh600116,1803,2774,0
sz002430,0,1131,0
sh600651,1903,5032,0
sh603315,0,0,0
sz300187,0,0,0
sh600279,0,0,0
sz000532,0,0,0
sh600792,0,0,0
sz002028,6037,9476,2000
sz300250,0,0,0
sh600255,3727,20265,0
sz300209,0,0,0
sz000150,485,0,0
sz300598,0,0,0
sz002348,0,0,0
sz002713,0,0,0
sh600976,483,650,0
sz002171,0,8153,0
sh600769,0,0,0
sz002687,1596,1437,0
sz002831,0,0,0
sh600661,1100,0,0
sz300552,0,0,0
sh600782,237666,210458,7348
sz300407,0,0,0
sh600834,0,0,0
sh603006,0,0,0
sz300120,0,0,0
sz002145,14661,22386,0
sz000978,0,0,0
sz002009,6747,1950,0
sz300426,0,0,0
sh600182,544,1998,0
sz300191,0,0,0
sh601238,51143,13522,806
sz002788,0,0,0
sh600101,0,0,0
sz002608,0,0,0
sz002551,0,0,0
sh600836,0,0,0
sz002643,0,3177,0
sz002334,0,0,0
sz300693,0,0,0
sh600758,0,0,0
sz300303,0,0,0
sz000592,13847,11909,7952
sz002731,0,0,0
sz300457,2299,1563,0
sz002768,0,0,0
sz300647,0,0,0
sz002485,460,1820,0
sz002645,0,0,0
sh601015,1497,1602,0
sh603725,0,596,0
sh601226,0,0,0
sz002628,0,0,0
sz000908,0,0,0
sh600313,0,0,0
sz000782,2275,0,0
sz002246,0,0,0
sz000652,0,2380,0
sz300234,0,0,0
sh600090,0,1575,0
sh603990,0,0,0
sh600266,11837,29901,2278
sh603789,0,0,0
sz000404,0,0,0
sz300518,0,0,0
sz002673,10029,7716,0
sz300074,0,4577,0
sz300451,0,2983,516
sz002872,0,0,0
sh600256,27153,36079,0
sh601788,0,715,0
sz300286,0,0,0
sz002323,3710,6918,0
sz002425,0,0,0
sh600823,37283,76940,0
sh600489,25654,44426,0
sz002276,0,1717,0
sh601021,3314,1691,0
sh600501,0,0,0
sz300668,0,367,141
sh603128,0,5763,0
sz300543,425,0,0
sh600735,11350,4252,0
sh600505,0,0,0
sh600871,13896,33358,0
sh603029,0,0,0
sh601212,16731,3636,0
sh600058,1000,1000,0
sz002272,0,0,0
sz002714,7773,9292,711
sh600331,0,2183,0
sh600037,0,0,0
sz000712,0,7332,1444
sz300725,111,746,0
sz002624,4596,2455,0
sh603929,0,0,0
sz300442,0,0,0
sz300718,938,601,0
sh600486,2670,0,0
sz000981,5500,4042,0
sz300343,24160,34142,2671
sz002313,2001,2917,0
sz002187,0,0,0
sz002126,0,0,0
sz000573,0,0,0
sz002436,0,0,0
sh603900,1763,0,0
sz002481,6031,13641,0
sh603299,0,0,0
sz300737,20203,33798,5624
sh600371,0,0,0
sh603283,1750,3019,627
sz002822,0,0,0
sz002789,0,0,0
sz002478,0,0,0
sh603829,0,915,0
sz002913,0,378,0
sh601127,49982,13565,847
sz002081,34788,34198,2337
sz002013,0,6001,0
sz000710,0,0,0
sz002911,3403,1363,0
sh600292,0,0,0
sh603578,0,0,0
sh600143,0,4010,0
sz300715,0,0,0
sz000638,1466,2851,0
sz002463,0,7181,0
sz300624,13053,6936,1072
sh600636,0,1679,0
sz000419,0,0,0
sz300344,0,0,0
sh600598,20331,34004,0
sz300122,1075,3371,0
sz300663,1900,2310,0
sh603177,0,3736,0
sz000559,0,0,0
sz002289,0,0,0
sh603038,0,0,0
sz002792,5740,915,0
sz300384,495,0,0
sz002807,5924,22981,0
sh601009,101833,140815,1082
sh600415,0,0,0
sz002743,0,0,0
sz000807,363345,288914,20671
sh603987,0,0,0
sh600657,2208,15941,2546
sz002221,4667,10259,0
sh600153,35602,9968,1002
sh600063,0,0,0
sz002613,0,0,0
sh600233,0,887,0
sh603456,2024,3482,987
sz000876,13946,9658,0
sh600522,47836,79843,2471
sz002763,0,0,0
sz000885,2233,1695,0
sz002618,0,0,0
sh600828,7639,4101,0
sh600966,20927,5698,0
sh600004,17315,25254,0
sz300599,0,0,0
sh600104,25863,23822,3317
sz000617,0,0,0
sh600962,0,0,0
sz000925,900,1847,0
sh600577,0,0,0
sz300597,0,0,0
sh601001,63736,40609,3507
sh603139,0,0,0
sz002670,0,735,0
sh603110,0,467,0
sh603136,278,300,0
sh603366,0,2171,0
sh600280,4450,0,0
sh603588,0,0,0
sz002099,0,2000,0
sz002447,25021,53166,0
sh601163,876,0,0
sh600879,5115,7421,0
sh603630,0,0,0
sh600141,0,1943,0
sh600310,0,0,0
sz002730,0,0,0
sz000691,0,0,0
sh600909,6327,3795,0
sz002514,0,0,0
sh601890,0,8008,0
sz000927,2417,0,0
sh600403,0,0,0
sz300046,0,0,0
sh600835,2039,4279,0
sh600231,6450,15936,0
sz300555,0,0,0
sh601008,0,0,0
sh601886,2275,4939,1600
sz002803,0,0,0
sz300176,2124,964,100
sz002853,0,536,0
sz002668,534,516,0
sz300436,0,0,0
sz002271,2415,4244,0
sh603396,0,0,0
sh600753,12045,0,0
sz300026,0,5585,0
sh601388,7918,4756,0
sz002635,7350,7506,0
sz002845,0,0,0
sh600704,6193,47767,0
sh600770,18667,1719,0
sz300396,0,580,0
sz000929,1604,0,0
sh600706,0,0,0
sz300313,1171,0,0
sz002496,9976,25248,0
sz002465,5633,3781,0
sz300254,0,0,0
sz002294,4304,6554,513
sh600332,8669,6757,0
sh603336,0,2058,0
sz300035,0,0,0
sh600328,2317,1288,0
sz002472,0,0,0
sz002558,404,418,0
sz002741,0,0,0
sz002026,0,0,0
sz000692,0,0,0
sh600461,0,0,0
sz300706,0,0,175
sz300399,0,0,0
sz000839,26142,49772,0
sh603978,0,0,0
sh600558,0,0,0
sh601336,50282,33113,2801
sz002835,0,0,0
sh600560,1398,0,0
sz300696,0,0,0
sz300307,0,0,0
sz300416,0,0,0
sh600882,0,0,0
sz000012,2642,9496,0
sz000585,0,0,0
sz300699,1395,1671,0
sz000049,719,801,0
sz300092,23551,26122,1200
sz002084,0,0,0
sz002378,0,0,0
sh603286,0,0,0
sh600071,0,0,0
sz300138,0,0,0
sz300213,0,0,0
sh600120,0,0,0
sz000597,1147,0,0
sz002596,10480,0,0
sz300217,0,9900,0
sz002083,1851,2000,0
sh600628,0,0,0
sz000893,15456,0,0
sz002492,0,0,0
sz002564,0,0,0
sh603579,187,176,0
sh600053,0,0,0
sz300025,3737,0,0
sh603881,296,0,0
sz002053,1314,0,0
sh603016,1275,1029,0
sz300429,0,0,0
sh601058,0,20994,0
sh600999,5369,19366,0
sz300336,2207,953,0
sz002629,0,0,0
sz300220,1500,0,0
sz300149,849,8766,0
sh600387,13191,0,0
sz002127,6289,2316,770
sh600459,1161,897,0
sz300497,0,0,0
sz300408,1838,4577,0
sz000543,0,0,0
sh600975,0,0,0
sh600639,0,0,0
sz002239,3026,0,0
sh600668,0,0,0
sz002865,0,0,0
sz000409,0,2000,0
sz002660,0,0,0
sz002386,0,0,0
sh603313,0,0,0
sz300459,6057,5130,0
sz000611,0,0,0
sz002837,0,716,0
sz300521,0,0,0
sh600462,0,0,0
sz300100,0,0,0
sz000779,0,0,0
sz002141,2041,1999,0
sh600021,0,1986,0
sz002010,7531,3108,0
sz300339,0,0,0
sz000520,0,0,0
sz300481,1124,0,0
sh600291,14189,19586,3780
sz300218,0,0,0
sz300357,0,0,0
sz300733,1675,1062,0
sz000584,700,1287,711
sz300626,0,0,0
sh600748,0,6852,0
sz300561,0,1203,0
sz002659,0,0,0
sz300539,0,0,0
sz002752,0,0,0
sz002241,80680,35927,840
sz000553,2545,1387,0
sh601828,43926,61369,14174
sz002474,0,0,0
sh600833,1019,0,0
sh601998,67589,71034,3643
sh603816,406,1392,0
sz300261,0,0,0
sz300051,20740,1385,4404
sz000023,0,0,0
sh600865,0,0,0
sz300736,0,0,0
sz002652,0,0,0
sh600594,0,4719,0
sh601878,4039,10068,702
sz000825,901317,541894,2148
sz000892,0,0,0
sh600980,0,0,0
sz000877,12770,2114,0
sh600843,0,0,0
sh600247,0,0,0
sh600326,2422,2560,0
sz002805,930,0,0
sz002183,1516,21401,0
sz000059,19256,9484,0
sz002646,0,972,0
sh600469,0,0,0
sh603580,0,0,0
sh600538,5307,2001,0
sz002311,484,0,0
sz002513,0,0,0
sh600767,0,0,0
sh601567,0,0,0
sh601996,2926,0,0
sz300453,0,1350,0
sh600232,0,0,0
sh600732,0,0,0
sh600119,0,0,0
sz000797,0,0,0
sz000530,0,2178,0
sh603183,0,0,0
sz000600,0,2100,0
sz000762,806,0,0
sz002759,0,1040,0
sz000609,3108,3255,0
sz002566,0,0,0
sz300514,0,0,0
sz000514,0,7057,0
sh600747,0,0,0
sh603225,2440,2723,0
sh600217,1926,1804,0
sz002649,0,2370,0
sz300048,0,7436,0
sh600439,19609,3040,0
sz300197,0,4777,0
sz300381,0,0,0
sh600800,0,2310,0
sh601018,5879,0,0
sz000668,0,1108,0
sz300245,1479,0,0
sh601699,456462,287869,21962
sz002563,0,0,0
sz002039,0,0,0
sz002779,0,667,0
sh600305,970,0,0
sz300515,0,0,0
sz002861,0,0,0
sz000506,0,1439,0
sz002811,0,0,0
sz300582,2874,0,773
sh603787,0,2497,0
sz002021,64175,0,0
sz000420,0,0,0
sh603788,0,0,0
sz300123,0,0,0
sh603518,0,0,0
sh600363,1934,0,0
sz002519,0,0,0
sz002497,16979,9845,1378
sh603877,448,0,0
sz300199,0,3237,0
sz002353,0,1101,0
sz002711,7281,18037,0
sh600689,0,0,0
sz002089,5356,6224,0
sz300389,0,0,0
sz000997,0,4334,0
sh600055,760,1000,0
sz300551,0,0,0
sz000803,0,0,0
sh600888,2500,0,0
sz300265,0,0,0
sh601116,0,591,0
sh603803,0,0,0
sz002690,1165,0,0
sz000953,0,0,0
sh600763,4195,1662,0
sh600587,2643,1585,0
sz002801,0,0,0
sh600644,0,2500,0
sh603017,0,0,0
sz002131,41042,15577,0
sh603858,0,0,0
sh600580,0,0,0
