sh603918,0,0,0
sz300400,0,1896,0
sh603797,647,0,0
sh600982,3184,4639,0
sz002158,2222,2276,0
sz000700,0,0,0
sz300465,0,0,0
sh600688,33142,24678,0
sz300058,424769,567309,52422
sh600936,0,0,0
sz002363,0,0,0
sz002202,29924,40121,1252
sz002342,0,0,0
sz300219,0,0,0
sz002897,0,0,0
sh600191,0,0,0
sz300036,793,800,0
sh600961,0,0,0
sz000400,1006,3930,0
sz300442,0,0,0
sh600020,0,2373,0
sz002177,0,2450,0
sh600724,0,0,0
sh603726,0,0,0
sh600983,0,0,0
sh600537,0,3488,0
sz000623,5405,3018,0
sh603900,500,1147,0
sh600758,0,0,0
sh601998,192003,221264,9139
sh601899,1788369,1850896,37395
sh600797,0,5360,0
sz300151,0,0,0
sz002909,0,616,0
sh600705,39049,39052,0
sh600183,17584,11546,0
sz300428,0,0,0
sh600062,2378,3057,472
sz300459,1000,0,0
sz000555,0,0,0
sz300718,857,297,0
sz300739,0,0,0
sh600744,0,0,0
sz300507,0,0,0
sh603025,0,0,0
sz002253,0,0,0
sh603628,0,0,0
sh603389,0,0,0
sz002553,0,0,0
sh603477,4846,7352,3220
sz002806,0,0,0
sz300549,0,0,0
sh601101,74809,164943,4564
sh600083,0,0,0
sz000420,0,0,0
sh603991,0,0,0
sh603612,1716,840,0
sh601179,0,0,0
sh600962,6243,0,0
sh600339,0,2641,0
sz000538,2192,4340,0
sh601677,0,957,0
sh600790,0,4880,0
sh603938,453,536,410
sh601601,115046,136414,15198
sz000905,1863,0,0
sh600792,0,0,0
sz002207,4782,10630,0
sz000829,14124,29745,0
sz002328,0,0,0
sh600385,0,0,0
sh600496,3000,11116,0
sh601669,12205,25524,0
sh603466,3876,12664,196
sz002593,0,0,0
sz000520,0,0,0
sz300601,36089,17396,0
sz300101,12482,2509,0
sh600721,0,0,0
sh600035,0,11895,0
sz300663,2063,543,0
sz000011,0,0,0
sz002262,9952,6406,0
sh600277,0,2005,0
sz002457,1153,1130,0
sh600730,0,0,0
sz300551,0,0,0
sz300037,1825,0,0
sh603939,0,500,0
sz002030,774,1108,0
sh603116,0,0,0
sh600452,0,0,0
sh600009,5248,13737,344
sz002191,0,0,0
sh603505,537,1488,0
sh603985,0,0,0
sz300618,4345,6658,205
sh600190,0,0,0
sz000630,178044,211636,0
sz002583,9629,18379,917
sz300178,0,0,0
sz002501,0,1545,0
sh600569,256028,152575,2607
sh600644,0,0,0
sh600616,0,0,0
sz002490,0,0,0
sz300172,0,0,0
sh600718,6318,8879,0
sh601999,0,0,0
sh600676,0,0,0
sz000050,7866,8423,0
sh601500,0,0,0
sh600747,0,0,0
sz300077,35904,57967,0
sz002706,0,1103,0
sh603898,0,0,0
sh600600,2761,3420,0
sz000977,5879,3530,0
sh600066,23237,17592,0
sz300579,0,0,0
sz002091,4891,0,0
sh600303,0,0,0
sz002695,0,0,0
sh600673,19997,19624,0
sh600188,74322,100284,10360
sh600319,8700,6500,0
sh600678,0,2864,0
sh600247,0,0,0
sz002452,0,0,0
sh603722,0,835,0
sh600586,2868,0,0
sh600507,106839,130072,7308
sh603661,0,0,0
sz002061,915,0,0
sh601015,3580,0,0
sz002101,0,0,0
sz002433,0,0,0
sz300374,0,827,0
sz300706,209,487,0
sz300437,0,0,0
sz300587,0,0,0
sh600549,14304,14627,0
sh600025,45244,67829,0
sz002723,0,0,0
sh600482,3661,1974,451
sz000679,0,0,0
sz002660,0,0,0
sz300197,1974,13061,0
sz000519,0,0,0
sh600605,0,0,0
sz300591,0,0,0
sz002888,0,0,0
sh600070,0,6951,0
sz000971,0,0,0
sz000025,0,0,0
sh600966,38256,53732,0
sz300359,0,0,0
sz000895,19948,44563,0
sz002753,0,0,0
sz000550,3780,0,0
sz300482,1183,535,400
sz000517,18806,9770,0
sh600388,5551,7074,0
sh601890,0,0,0
sz002685,2381,65258,0
sh603883,496,1087,0
sz002094,1199,906,0
sz002310,13659,12629,0
sz002015,2890,0,0
sh601177,2340,0,0
sh603181,0,0,654
sz002602,1115,2938,0
sh600368,3523,0,0
sz002717,432,511,0
sz300162,0,0,0
sh600233,0,0,0
sz002083,0,0,0
sz002903,0,0,0
sh600101,0,0,0
sz002633,0,0,0
sh600690,145620,201305,4808
sh600529,516,601,0
sz300217,0,0,0
sz000151,0,0,0
sz300234,0,0,0
sz300534,0,0,0
sz000921,2032,6358,0
sz000529,0,0,0
sz300150,0,0,0
sh601258,4542,24964,0
sz002338,0,0,0
sh603177,0,0,0
sz002533,0,6501,0
sz300402,0,0,0
sh603226,0,0,0
sz300525,0,0,0
sz300632,0,0,0
sh600635,3012,3848,0
sh603368,0,0,0
sh601019,0,0,0
sz300381,0,0,0
sz000409,0,0,0
sz300099,0,0,0
sz002686,0,0,0
sz002698,0,0,0
sh600310,0,0,0
sz000928,3505,3541,0
sh600738,1766,0,0
sz300628,294,100,0
sh603160,479,0,0
sh600011,4098,4156,0
sz002466,34875,43227,3002
sz300085,0,3908,0
sz002862,0,0,0
sz300647,0,0,0
sz002280,4032,7513,0
sz300687,0,0,0
sz000622,0,0,0
sz000715,0,0,0
sz002156,4199,3840,0
sz002116,0,0,0
sh603328,0,938,0
sh600393,29563,17054,0
sh600615,1048,0,0
sz002422,3431,2198,0
sh600561,0,3586,0
sz300223,800,0,0
sh603903,0,0,550
sh603555,4701,2980,0
sh600169,0,0,0
sh600677,0,0,0
sz002025,0,0,0
sh601727,2320,0,0
sh600835,4070,6258,0
sz300057,0,0,0
sh603315,0,0,0
sz300007,0,1216,0
sh601118,0,22036,0
sz300606,0,0,0
sz002196,0,0,0
sz002164,0,0,0
sh603188,0,0,0
sh601595,0,0,0
sz002918,2010,310,0
sz002546,0,0,0
sh600618,0,0,0
sh601699,390570,492065,42668
sz300654,0,0,0
sh603100,0,0,0
sh600096,0,0,0
sh603688,6050,0,0
sh600345,1538,470,623
sh601099,122746,158266,0
sh603568,0,0,0
sh600240,0,0,0
sz300231,0,1274,0
sz300569,0,0,0
sz000858,208169,269697,30856
sz002179,1553,4399,0
sz300517,0,0,0
sz300122,6372,5824,0
sz300136,18627,23227,1265
sh600093,19277,20412,3302
sz002878,0,5873,0
sh603588,0,933,0
sz002339,0,0,0
sz002002,0,3996,2010
sh603388,0,0,0
sh603617,0,0,0
sh600171,3630,8048,1648
sz300275,0,0,0
sz300458,0,0,0
sh600318,1156,0,0
sz002364,0,0,0
sh603778,1874,0,0
sz002841,0,0,0
sz000419,0,0,0
sh600665,0,2800,0
sz300287,94578,44440,7443
sz000688,39550,1484,0
sz000037,5600,0,0
sz002200,0,0,0
sz300635,0,0,0
sh603444,286,545,0
sz000667,3363,10342,0
sz300330,0,0,0
sz300725,676,1692,217
sz000576,3064,644,0
sh601117,19199,17952,0
sh600765,0,0,0
sh600200,10872,13813,0
sh601888,25423,33336,1933
sz002060,3000,0,0
sh600969,0,0,0
sz300512,0,0,0
sz002184,0,0,0
sh603345,0,0,0
sh603833,338,0,0
sz000687,1476,0,0
sh600091,0,0,0
sh600196,20055,54548,3647
sh600593,17787,2732,0
sz002092,28419,30294,1006
sz000882,4500,0,0
sz000792,26195,33522,3006
sz000633,0,0,0
sz002093,0,1425,0
sz300343,27575,45746,13528
sh601933,177000,217605,2976
sh601086,12824,8431,1178
sz002502,0,0,0
sh601901,1999,7040,0
sh600408,0,4384,0
sz000727,20662,25251,0
sz002038,842,3748,0
sz002079,6825,7255,0
sz300149,0,961,0
sz300114,0,0,0
sz002585,0,0,0
sz300563,0,0,0
sz000620,0,0,0
sz300063,0,0,0
sz002561,0,0,0
sz002314,0,3041,0
sz300157,0,0,0
sz002748,0,0,0
sz002775,798,0,0
sh600403,0,0,0
sz000927,0,3317,0
sh603203,0,0,0
sz002231,0,0,0
sz002665,1870,8271,0
sz002632,0,0,0
sz000553,0,0,0
sh600337,0,0,0
sz300499,0,0,0
sh600241,0,0,0
sz000953,0,0,0
sh600271,4392,5406,530
sh600684,6139,5391,0
sh603516,0,0,0
sh601996,0,0,0
sh600050,540353,677644,5144
sh600175,51226,39537,0
sh601018,3447,32806,0
sz002765,0,0,0
sz002489,2900,2794,0
sh600392,22314,31326,0
sh603139,0,0,0
sz300175,0,4620,0
sh603638,0,0,0
sz000510,0,0,0
sh600965,0,0,0
sh600498,11655,10659,0
sz002003,0,941,0
sz300019,0,0,0
sz300505,0,0,0
sh600819,0,3500,0
sz002920,6703,1211,623
sz000893,1995,0,0
sz300344,0,1353,0
sh603336,0,0,0
sz300662,0,581,0
sh600312,5203,0,0
sz000598,5671,0,0
sz000708,0,0,0
sz000678,0,0,0
sz000573,0,0,0
sh600182,0,0,0
sz002925,35963,41018,1910
sh600860,0,0,0
sh600831,0,0,0
sh600745,1023,499,0
sz002443,1252,0,0
sh600079,14521,6995,0
sz000722,0,0,0
sh600348,76040,69608,8812
sh600423,0,3050,0
sh600630,0,0,0
sz000883,0,3436,0
sz000970,3875,13385,1634
sz000938,1099,3079,0
sh600996,0,0,0
sz300443,0,0,0
sz002424,0,0,0
sh600269,11032,16829,0
sz300438,0,579,0
sz000430,0,0,0
sz002513,0,0,0
sh601838,0,217041,0
sh603683,925,0,0
sh600252,3228,6424,0
sh601186,90050,99682,2439
sh600532,18850,2656,0
sz000753,0,0,0
sz002789,0,0,0
sz000813,0,0,0
sh600081,0,0,0
sh603003,1054,0,0
sh600162,7996,4010,0
sh600822,990,0,0
sz000665,0,0,0
sz300493,0,0,0
sz002868,0,0,0
sz000799,1007,4184,0
sz002110,32519,69454,0
sz300168,28326,32434,0
sh600397,0,0,0
sz300012,0,12795,0
sz300111,0,0,0
sz002252,0,0,0
sz300109,3252,3770,300
sh600650,1000,0,0
sh601000,22965,14678,0
sz300660,0,0,0
sh603881,0,0,0
sz000498,0,0,0
sz002922,836,606,0
sh600816,2319,3390,0
sz000735,72468,41806,2228
sz000750,5000,23246,0
sz300488,0,0,0
sh600719,0,0,0
sz002634,1897,0,0
sz002809,0,0,0
sz002173,0,0,0
sz002205,0,0,0
sz002106,3142,0,0
sz000767,4076,0,0
sh603506,0,0,0
sh600389,0,0,0
sz002308,7066,3282,0
sh603727,0,0,0
sz000532,0,0,0
sh603017,846,2811,0
sz300265,2484,0,0
sh600585,159567,168350,19116
sh600726,0,0,0
sz000958,0,2677,0
sz002745,0,0,0
sh600896,0,0,0
sh600095,0,2903,0
sz000752,5777,0,0
sh600360,2007,0,0
sz000823,21052,17579,0
sz002578,3192,0,0
sh603183,0,305,0
sz300608,0,0,0
sh601808,1788,3683,0
sh603776,0,1130,0
sh603757,0,0,0
sh600493,20599,1825,0
sh601010,3285,0,0
sh601368,0,0,0
sz300705,0,0,0
sz002590,0,0,0
sz300650,0,0,0
sz000607,0,0,0
sz002128,60131,73175,2065
sz002319,10972,0,0
sz300681,0,0,0
sh600587,0,0,0
sh600855,3173,6828,0
sh603858,1596,574,0
sh601566,0,1388,0
sz300133,69377,33799,0
sz002746,0,0,0
sh601992,43822,54368,0
sz000723,0,3565,0
sh600377,0,9495,0
sh600704,4774,17902,0
sh603589,820,594,269
sh600503,0,0,0
sh603001,0,0,0
sz002239,4149,0,0
sh601326,0,0,0
sz002497,15994,18611,0
sz000505,1520,0,0
sh601668,1864011,2195214,22759
sz300626,0,0,0
sz300406,0,0,0
sh603969,0,0,0
sz002284,0,0,0
sh603728,0,0,0
sz002576,0,2310,1320
sz000088,0,0,0
sz300200,0,0,0
sz300014,7598,3466,0
sz002673,10431,18776,0
sh600584,25524,27676,0
sh600791,0,0,0
sz300709,400,0,0
sh600970,34306,63935,0
sh601958,0,4731,0
sz002181,0,0,0
sh600223,0,2841,0
sh600195,0,0,0
sz002625,0,0,0
sz300084,0,0,0
sz300251,310037,228789,21255
sz300130,705,0,0
sh601198,6822,3221,0
sz000726,0,0,0
sh603885,2147,2285,0
sz300511,0,0,0
sh600227,75802,61352,0
sh600828,2300,0,0
sz000801,0,4123,0
sh600466,24169,45589,1119
sh601212,5095,5932,0
sh600316,1100,2083,0
sz000066,6103,13825,0
sh600716,0,0,0
sh601688,111573,193682,8134
sh600973,0,0,0
sz300272,0,0,0
sh600185,12094,14990,0
sz000886,59645,58909,0
sh601519,0,0,0
sz002316,0,0,0
sz300332,0,0,0
sz002696,0,0,0
sz300617,0,0,0
sz002405,55437,78666,6040
sh603600,0,0,0
sz001965,1470,2188,0
sh600693,3890,6808,0
sz300651,0,0,0
sh600435,0,4076,0
sh600649,1205,0,0
sh600694,0,0,0
sz002214,0,0,0
sz300025,0,0,0
sz000988,4072,5519,0
sh603605,891,0,439
sh600060,1047,6637,0
sz000997,2212,2810,0
sz000839,43439,54098,0
sz002362,796,0,0
sh603936,4000,1813,2922
sz000016,19245,35445,2177
sz000012,7434,10532,0
sh600808,256037,372063,3093
sz300318,0,0,0
sz000048,0,0,0
sz300415,0,0,0
sh603067,1340,4149,0
sh601008,0,0,0
sh603197,0,0,0
sh600499,3063,11997,0
sh600369,0,10596,0
sz002697,0,1999,0
sz300719,0,615,0
sh603880,0,0,0
sz300233,0,0,0
sh603912,0,1156,0
sz300433,5197,5821,0
sh600783,0,0,0
sz300091,6001,840,0
sz000783,11055,12571,0
sh603496,0,0,0
sh600371,0,0,0
sz300220,0,0,0
sh600228,0,0,0
sh600841,9433,4622,0
sh603725,0,0,0
sz300206,0,0,0
sz300532,1002,0,1500
sh600291,2527,4856,831
sz000096,0,0,0
sh603527,0,0,0
sz002671,0,0,0
sh601949,0,0,0
sz002543,1679,2151,0
sz002479,4404,6093,0
sz000150,0,0,0
sz002672,0,0,0
sz000410,0,1400,0
sz000065,0,1764,0
sz002046,0,0,0
sh601169,282525,361800,0
sh603655,2070,2879,1651
sh600285,5292,0,1362
sh600812,0,0,0
sh600355,77339,9699,0
sz000901,0,0,0
sz300431,36643,19565,4340
sh603656,0,0,0
sz002643,2842,2059,0
sh600168,0,0,0
sh600017,0,4778,0
sz002774,0,0,0
sz002735,321,0,0
sh600104,70184,75847,1137
sh603023,0,0,0
sz300258,0,0,0
sz300518,0,0,0
sh600156,0,0,0
sz002536,0,973,0
sh603319,0,0,0
sh603959,0,0,0
sz000903,0,0,0
sh603113,0,0,0
sz000521,0,0,0
sz002554,0,2800,0
sz002172,0,0,0
sz000713,4071,33922,0
sh603803,0,0,0
sh600478,0,5457,0
sh601228,2104,0,0
sh601882,0,0,0
sh601881,25432,46442,0
sh603268,4038,0,0
sz002148,2187,2727,0
sz002055,0,3832,0
sh603717,0,1755,0
sh603586,0,0,0
sz000671,191059,324608,20218
sz002063,6064,3606,0
sh600558,2053,7510,0
sh600546,8038,0,0
sz300432,0,699,0
sz002645,0,0,0
sz002395,0,0,0
sh600373,5800,6284,0
sz300340,2220,1984,0
sh600283,1005,2383,0
sz000668,0,0,0
sz002221,0,9451,0
sz000597,2000,1328,0
sz002900,0,0,0
sz002111,0,0,0
sz002559,0,0,0
sh600995,0,0,0
sh600639,0,0,0
sz002407,0,0,0
sz002131,9158,12166,0
sh600919,279695,245836,0
sz000683,10076,14326,0
sh600416,5856,5928,0
sz300040,0,0,0
sz002126,1810,0,0
sz300222,4212,658,0
sz000888,1050,5045,0
sz300570,800,0,0
sz002011,0,0,0
sz002855,0,0,0
sh603167,2485,2220,0
sh600573,0,0,0
sh600804,70941,71580,11007
sz002324,0,0,0
sh603058,12916,20013,6466
sh600180,0,0,0
sz002381,0,0,0
sh600802,0,0,0
sz300227,603,0,0
sh603977,0,0,0
sh603161,481,0,0
sh600073,0,5207,0
sh603002,0,0,0
sz300726,1030,3781,0
sz002096,0,0,0
sz002568,0,0,0
sz002811,0,0,0
sh600863,0,6000,0
sz002787,0,0,0
sh600056,3809,9037,904
sh600311,0,0,0
sh600483,0,0,0
sh600108,3488,11996,0
sh600697,448,0,0
sz002269,0,0,0
sz002349,0,0,1682
sz000898,162997,171326,3080
sz000652,0,0,0
sh601339,0,0,0
sz300475,0,0,0
sz002265,0,0,0
sh601878,1712,5615,0
sz300284,0,0,0
sz002077,0,4641,0
sz002687,0,0,0
sh600588,55318,19269,496
sz000931,0,0,0
sh600097,0,0,0
sz300336,3561,6310,0
sz002041,989,0,0
sz000625,12088,26541,0
sh603166,0,0,0
sz002847,0,869,0
sh600298,11239,15547,1646
sz300308,418,2127,0
sz002236,29394,47856,2807
sh600737,15162,0,0
sz000798,0,0,0
sh601588,0,0,0
sh600333,0,1908,0
sh600773,0,0,0
sz002204,0,2501,0
sz000061,0,0,0
sz000537,57042,42433,2132
sz300018,0,0,0
sz002170,8456,8731,0
sz300621,0,0,0
sz300288,489,0,0
sz000875,0,3862,0
sz300313,2646,6581,0
sz000728,8546,13937,0
sh603611,0,0,0
sz300413,5263,2398,0
sz300653,0,0,0
sz300447,0,0,0
sh600891,0,0,0
sz002332,0,0,0
sh603768,0,0,0
sz002726,0,0,0
sz300160,0,0,0
sz300405,0,0,0
sz300642,200,128,0
sz002856,0,0,0
sh600987,0,0,0
sz000682,0,0,0
sz000589,0,0,0
sz300161,930,1800,0
sz300319,0,0,0
sz002410,10840,7298,0
sz002032,0,359,0
sz300257,0,770,0
sh600110,6194,8776,0
sz300732,619,143,0
sz002270,0,0,0
sh600698,0,0,0
sh600525,3349,0,0
sh600793,0,0,0
sz000711,0,0,0
sz002640,3767,5604,0
sz002145,7032,4904,0
sz300514,2540,1617,410
sz000425,138478,214667,2312
sh601311,1913,1985,0
sz300138,0,0,0
sz300096,1000,0,0
sh600160,24518,40524,1955
sz000040,1000,0,0
sh603127,0,0,0
sz002828,0,0,0
sz002701,0,4453,0
sz002781,0,0,0
sz002648,5777,10610,0
sh600367,0,0,0
sz002795,0,0,0
sh603456,6145,1014,0
sh600598,21392,20356,0
sh601558,19452,16023,0
sh600315,0,986,0
sz300236,0,0,0
sz000539,0,0,0
sz300097,0,0,0
sh601939,968925,1070823,50150
sz300675,0,0,0
sz300281,0,0,0
sh603357,0,0,0
sz300703,0,0,0
sh600197,49595,19861,0
sh603006,0,0,0
sh601011,13196,3691,0
sz300380,632,0,0
sh600746,0,0,0
sz300537,0,0,0
sz300039,0,0,0
sh603707,1600,2178,0
sz300297,0,0,0
sh600372,2704,0,0
sh600528,11480,13101,0
sz002871,0,0,0
sz000422,0,0,0
sz300630,0,0,0
sh603616,0,2673,0
sz300490,0,0,0
sz002144,0,0,0
sz300255,0,0,0
sz000608,4524,0,0
sh600302,0,0,0
sz000999,0,2359,0
sz000572,0,8016,0
sh601222,5446,3027,0
sz000541,1650,0,0
sz002562,0,4403,0
sz300531,883,0,0
sh600111,39760,53767,3963
sz002193,0,0,0
sz000672,87644,71155,5587
sh600063,0,0,0
sz002255,0,0,0
sz002430,0,1925,0
sh603009,8265,6575,0
sh603966,0,0,0
sz002691,0,0,0
sh601158,0,0,0
sh601689,1521,620,0
sz002201,0,0,0
sh603816,1790,1819,0
sh601388,0,3281,0
sh600409,76887,89482,4754
sz002125,0,0,0
sh603999,0,0,0
sz002832,379,0,0
sh601991,0,6729,0
sh600287,0,0,0
sz300640,0,0,0
sh601567,0,0,0
sh600663,0,3519,0
sz002641,0,0,0
sz300693,0,0,0
sz300270,0,803,0
sz000659,2835,22669,0
sz000937,47277,28773,0
sz300320,1646,9296,0
sz300368,0,0,0
sz300377,1575,2168,0
sz002378,0,2960,0
sh603042,0,0,0
sz300192,1406,0,0
sh601599,0,0,0
sh600516,150525,169256,15527
sz002274,0,0,0
sh603138,307,0,0
sh600126,0,7286,0
sz002441,0,0,0
sh601633,0,4026,0
sz000676,0,0,0
sz300199,0,806,0
sz002488,0,0,0
sz300120,0,0,0
sz002383,2909,805,0
sh601858,0,0,0
sz300664,3764,2954,0
sh601137,0,0,0
sz300048,0,0,0
sz002913,461,0,0
sz300729,1604,3064,0
sh600782,156292,211248,3430
sh600127,0,2902,0
sh601020,0,0,0
sz002016,35900,24796,1340
sh600383,319163,413346,10172
sz300125,0,0,0
sz000989,540,0,0
sh603029,0,0,0
sz300207,1396,1408,0
sz002820,0,0,0
sz002565,0,0,0
sz300631,0,0,0
sz300132,0,0,0
sz002620,0,0,0
sh600696,0,0,0
sz002313,8046,15335,0
sz002318,0,0,0
sh600230,1732,3596,273
sz000691,0,0,0
sz002337,0,0,0
sh603859,0,0,0
sh600121,0,2000,0
sh603878,0,0,0
sz002195,31320,41211,0
sh600176,34338,44154,1657
sz300026,13325,0,0
sh600327,0,0,0
sz002380,0,0,0
sh600321,0,7693,0
sz002572,307,2624,0
sz300375,0,0,0
sz000762,0,2105,0
sh600468,0,0,0
sh603338,535,1263,0
sh600707,12492,3706,0
sh600533,0,6957,0
sz002790,0,0,0
sz300056,0,0,0
sz000785,0,0,0
sh603331,0,0,0
sh603335,0,0,0
sz300600,0,0,0
sz300538,0,0,0
sh600894,0,1252,0
sh600350,12208,16994,0
sz002068,2788,0,0
sh603396,0,0,0
sh600810,7525,13189,0
sh603178,0,0,0
sz002514,10656,5419,0
sh600998,1580,0,0
sz300115,4555,3207,637
sz300189,0,0,0
sz000851,2006,1657,0
sz002029,0,0,0
sh601515,0,0,0
sz300387,0,0,0
sz002435,0,560,0
sz000862,0,0,0
sz300306,0,0,0
sh603679,498,0,0
sz000009,9466,14093,0
sz002114,0,2017,0
sh601377,58989,83593,0
sz000768,23280,20120,812
sz000906,0,0,0
sz002140,0,0,0
sh600903,30756,36642,9314
sz002529,0,1500,0
sz002273,3655,4876,1315
sz300282,0,0,0
sh600771,2120,1421,0
sh600620,0,0,0
sh600266,0,21795,0
sz300342,0,0,0
sz002785,1220,0,0
sz002412,1000,0,0
sz300119,0,0,0
sh600777,0,3709,0
sh601390,215899,237038,0
sz002574,0,0,0
sh603668,0,0,0
sz000559,1563,1805,0
sh600658,0,0,0
sz000069,335461,435925,16060
sh600218,0,0,0
sz002769,0,0,0
sh603968,0,0,0
sz000698,0,0,0
sz300334,0,1212,0
sz300003,12614,15709,0
sz300362,1100,0,0
sh600459,579,0,0
sz000548,0,0,0
sh600858,0,0,0
sh601211,38052,31148,4867
sh603020,0,1005,0
sh600900,65522,107756,0
sh603157,910,3985,0
sh600272,5177,2305,0
sz300516,0,0,0
sz002511,2354,3302,0
sz000650,0,0,0
sz300572,0,237,0
sh603789,1509,0,0
sz002601,51060,46910,2241
sz002018,7560,9780,0
sz300596,0,0,0
sh603288,258,2530,262
sz002276,0,0,0
sh603711,532,0,0
sh601801,2291,6930,0
sh600787,2051,3252,0
sz002718,0,0,0
sz002741,0,0,0
sh603031,0,0,0
sh600843,0,0,0
sh603829,0,0,0
sz002600,6452,5871,0
sz002843,0,0,0
sz002813,0,0,0
sh603738,0,0,0
sz002893,1443,733,0
sz300341,0,0,0
sz300527,480,926,0
sz300202,0,0,0
sz002028,12111,4359,0
sz000869,898,302,0
sh603990,0,0,0
sh600652,0,0,0
sh600720,77750,80106,7470
sh603311,0,0,0
sh603860,0,0,0
sz002487,0,0,0
sz002389,0,2370,0
sz000826,7870,6464,504
sz002421,0,0,0
sh601200,686,2292,0
sh600701,0,0,0
sh600565,2782,11415,0
sz300398,0,0,0
sh600859,2908,2513,0
sh600712,0,0,0
sz300692,721,0,0
sz000712,0,6037,0
sz002058,21557,0,0
sz002518,0,800,0
sz300286,0,0,0
sz002336,2936,1958,0
sz002107,0,0,0
sh603808,0,1363,0
sh603817,0,0,0
sz300347,0,907,0
sh600571,4000,1335,0
sz300190,0,0,0
sh603926,0,0,0
sz002891,0,0,0
sh603232,0,0,0
sh600755,18195,5938,0
sz002048,1509,0,0
sh603035,0,0,0
sh603877,0,1507,0
sz000863,0,0,0
sz000599,0,0,0
sz300436,0,0,0
sz300417,0,0,0
sz002613,0,0,0
sh603906,0,0,0
sh603993,198188,288956,0
sz000028,668,247,0
sz000567,6425,3433,0
sz000545,2440,3612,0
sz300153,0,0,0
sh601098,1097,2612,0
sz300354,0,0,0
sz002714,2629,6450,0
sz300268,0,0,0
sz002154,0,0,0
sh600626,0,0,0
sh603556,0,587,0
sz300291,2500,2627,0
sz300445,0,0,0
sz300652,0,0,0
sz300389,0,0,0
sh600857,0,0,0
sz002403,0,0,0
sh603011,4423,1000,0
sz000039,19115,31521,0
sz300568,1325,1687,0
sh603158,0,0,0
sz002857,0,0,0
sh600517,0,0,0
sh603798,855,0,0
sz002254,1100,0,0
sh600216,1047,2410,0
sh603289,1359,0,0
sh603007,0,0,0
sh603882,0,0,0
sz002910,554,0,0
sh601985,47569,63349,0
sz300676,1732,1130,228
sh603960,0,0,0
sz000591,0,4009,0
sz002447,12074,16050,0
sh603322,668,532,0
sz002767,0,1700,0
sz002400,10975,6447,0
sz002044,2392,6741,0
sz300426,4414,1613,0
sz300196,0,0,0
sz300468,0,0,0
sz300560,0,0,0
sz300677,11444,6018,242
sh603501,475,1472,0
sh600717,2395,2078,0
sh600621,6141,4977,0
sh600338,523,2215,0
sz002788,0,0,0
sh600057,0,0,0
sz000890,0,0,0
sz000716,0,0,0
sh603299,0,0,0
sz002887,0,0,0
sz300352,3823,0,0
sz002067,13162,4611,0
sz002449,11740,3511,0
sz002798,0,242,0
sh600136,1274,2000,0
sz300365,810,398,0
sh600130,11030,0,0
sh603123,0,0,0
sh600809,23993,33725,1224
sz002749,0,0,0
sz002824,0,3375,0
sz002066,0,0,0
sh603367,0,0,0
sz000702,5500,0,0
sz002394,0,0,0
sz002484,0,2100,0
sz300164,0,2151,0
sh600785,0,0,0
sz300070,21232,21933,0
sz002306,11247,0,0
sz002035,3783,12300,0
sz000759,0,0,0
sh600278,0,0,0
sh600276,17815,20671,2654
sz000089,10075,9171,0
sz002652,0,0,0
sh600128,0,0,0
sh600550,0,0,0
sh600382,800,990,0
sz002448,0,0,0
sz300076,0,0,0
sh603027,0,0,0
sh603626,1414,0,0
sz300473,0,0,0
sz300203,524,3010,1144
sh600651,0,0,0
sz002751,0,428,0
sz000611,0,0,0
sz002097,0,0,0
sh600192,0,0,0
sz002542,0,0,0
sh600510,0,0,0
sh603916,0,0,0
sz000809,0,0,0
sz300092,2263,1413,0
sh601226,0,0,0
sz300043,0,2021,0
sh600082,0,0,0
sz002771,0,0,0
sh603126,0,0,0
sz000982,5557,12197,0
sz002045,3668,9482,1001
sz002797,67053,52637,2079
sh600884,11120,20161,0
sh603303,0,0,0
sh603387,705,573,0
sz002588,7952,0,0
sz300689,0,0,0
sz000720,0,0,0
sh600909,5657,6979,0
sh600259,379,360,0
sz002757,4586,673,0
sh601789,0,0,0
sz002385,2224,13897,1615
sh600475,0,0,0
sh600313,10199,22754,0
sz002138,10210,7699,0
sz002351,0,0,0
sz002203,1468,7997,0
sz300174,0,0,0
sh600210,0,0,0
sh600237,0,0,0
sh601628,67094,79647,4804
sz300271,7048,7725,0
sz002392,0,0,0
sz002883,0,291,270
sz002505,20188,69555,0
sz300047,6868,4824,0
sh600074,0,0,0
sz002281,5625,3246,0
sz002444,4884,0,0
sh600490,1564,5072,0
sh600535,840,1416,0
sh600251,0,0,0
sz002431,6826,15792,0
sz002468,1102,1123,0
sz002117,2635,1133,0
sz000755,0,0,0
sz002570,2223,15511,0
sz002268,1179,2517,0
sz002522,0,1414,0
sz000421,0,0,0
sh600674,9742,13744,0
sz002133,0,0,0
sz002831,0,2388,260
sz300181,0,0,0
sh603283,1873,1265,0
sz300586,0,0,0
sh603099,0,980,0
sh603298,0,0,0
sh600723,0,0,0
sz002879,69722,2506,403
sz300446,0,0,0
sz002078,75179,77101,977
sz300501,0,0,0
sh600805,0,0,0
sz000685,1058,3225,0
sh600115,297994,441837,16255
sz002612,0,0,0
sh601718,0,5779,0
sz300029,0,0,0
sh600366,0,0,0
sz002627,0,0,0
sh603168,1193,0,0
sz002369,6818,1737,0
sh600220,0,0,0
sz002885,0,0,0
sh601678,42251,35567,0
sz300481,0,0,719
sh603081,0,0,0
sz300513,0,0,0
sh601318,652133,818982,117063
sz300100,0,0,0
sz300245,0,0,0
sz300723,862,500,0
sh603223,0,0,0
sh603416,0,0,0
sz300373,1210,0,0
sz300311,1795,1372,0
sh600817,0,0,0
sz300127,0,0,0
sz300695,0,0,0
sh600036,476748,603190,40240
sh600740,273277,254543,33167
sz300648,0,0,0
sz002853,0,0,0
sz300204,0,0,0
sz300547,0,0,0
sz002039,0,0,0
sz002226,0,0,0
sh600375,0,0,0
sz002220,0,0,0
sz300263,0,8536,0
sz000878,30663,34053,0
sz002283,2230,0,0
sz300126,0,0,0
sz002835,0,0,0
sh600258,6212,5015,1648
sz300095,0,0,0
sz002630,3482,6196,0
sz300720,0,0,0
sz002477,23879,7342,0
sh601800,34506,67011,3516
sh603701,0,0,0
sh601038,0,0,0
sh600351,0,0,0
sh600279,0,0,0
sz002882,0,0,0
sz000404,0,0,0
sz300078,10793,5165,0
sz002510,2132,8031,0
sh603363,4881,623,0
sz300166,17327,11864,0
sz000166,40825,99084,0
sz002638,0,6759,0
sz300022,0,0,0
sh603008,0,0,0
sz002185,33279,43362,0
sz000639,925,0,0
sz002737,2043,728,0
sh600767,2000,0,0
sz300611,0,0,0
sh600713,0,0,0
sh600236,7592,0,0
sz000680,0,0,0
sz300661,0,164,0
sz300113,97812,77576,9017
sh603698,0,0,0
sh603637,0,0,0
sh600122,39387,41443,0
sh603133,0,0,0
sz300460,0,0,0
sh600016,963809,1039590,18159
sh600211,0,0,0
sh603306,2662,1451,0
sz002802,0,0,0
sz002225,0,0,0
sh600323,0,4967,0
sz300033,9104,8323,1054
sz300418,26285,16590,1286
sz300539,0,0,0
sh600008,0,36441,0
sz300073,547,0,0
sz300002,12505,10356,0
sz002849,0,0,0
sz002390,81994,28075,0
sh600155,4420,5296,0
sz300545,0,0,0
sh603809,0,0,0
sz300422,0,0,0
sh600299,0,0,0
sz002850,0,361,0
sz300439,0,0,0
sz300733,1616,1310,0
sz002803,0,3307,272
sh600361,0,0,0
sz300478,496,347,459
sh600508,4532,1926,0
sz002475,27036,37066,0
sz002599,0,0,0
sz002406,0,0,0
sz300210,0,0,0
sz002778,0,0,0
sz000525,1080,3412,0
sh603890,0,0,0
sz300259,0,0,0
sh603856,1521,0,0
sz002722,0,0,0
sh600595,8229,0,0
sz002428,3737,900,1005
sh600206,0,5302,0
sz002664,9182,0,0
sh600820,3085,7703,0
sz000780,0,4036,0
sz000889,1000,0,0
sz002623,0,0,0
sh600419,0,0,0
sh603777,519,479,0
sz300030,0,0,0
sh600887,234475,312228,22461
sh600500,3116,12188,0
sz002417,0,0,0
sz002773,0,0,0
sh600898,0,0,0
sh603186,0,0,0
sz300324,3042,3661,0
sz000990,905,1939,0
sz002750,0,0,0
sz002285,31339,22907,0
sh603648,798,0,0
sh601128,16804,25436,0
sh601002,4506,14070,0
sh600362,249420,317657,28011
sh603660,444,0,0
sh603080,1690,0,455
sh600519,28759,34982,6776
sz002861,0,0,0
sz002192,545,738,545
sh603359,0,0,0
sh603599,0,0,0
sh600067,21243,7851,0
sh600379,0,0,0
sh600749,0,0,0
sz002608,0,2000,0
sh600879,12004,1478,0
sz002465,14077,10544,0
sh600010,104624,110772,0
sz000963,1420,2724,0
sh603895,7748,11320,0
sh600300,2821,0,0
sz000062,0,0,0
sz000721,0,0,0
sz300588,0,0,0
sz300163,7760,0,0
sh600438,11525,26919,1078
sz300013,3163,0,0
sz300737,29615,20748,3184
sh603198,0,0,0
sz000922,5329,0,0
sz000429,0,0,0
sz002549,0,0,0
sh603689,0,932,0
sh603729,362,1231,0
sh600053,0,2895,0
sh603767,0,0,0
sz000418,2079,853,0
sh600781,4518,0,0
sh600647,0,0,0
sh600243,0,0,0
sz000955,0,0,0
sz002708,2443,2150,0
sh600667,1539,12430,0
sz300300,13877,4589,0
sz000837,0,0,0
sh603690,0,0,0
sz300573,0,0,0
sz000587,84454,20601,0
sz000655,0,0,0
sh600633,0,2998,0
sh600380,4574,4720,985
sz002852,0,0,0
sz300708,15086,16361,3685
sz002069,3966,0,0
sz300349,2518,4967,0
sz002827,0,0,0
sz000686,1522,0,0
sz300193,0,0,0
sh603128,0,5097,0
sz002902,0,0,0
sz300702,0,0,0
sh603703,46679,1297,1032
sz300450,652,2841,0
sz300715,0,4004,0
sz002616,0,0,0
sh600325,151793,211174,8147
sh600836,0,0,0
sh600012,931,0,0
sh603286,0,0,0
sz000961,32714,40469,0
sz002353,2760,1903,0
sh601616,0,0,0
sz000902,0,3169,0
sh600265,0,0,0
sz002776,2473,0,0
sz002674,0,0,0
sh603238,0,0,0
sz002335,0,0,0
sz300503,0,0,0
sz300700,809,1006,267
sh603567,0,0,0
sz300717,0,0,0
sh600004,35019,29783,1508
sh600846,3003,4236,0
sz300323,3526,3240,0
sz300515,0,0,0
sz000701,0,0,0
sz000416,0,3306,0
sz002057,0,0,0
sz000338,95075,194779,1489
sz002021,6000,12035,0
sz300124,488,1267,611
sh603848,0,650,0
sz002233,4413,2093,0
sz002391,0,0,0
sz002020,0,0,0
sz000609,0,0,0
sz002458,263629,4651,2013
sh601336,29218,38941,704
sh600760,13146,10063,552
sh603326,0,0,0
sh603917,481,0,0
sz002027,64571,63858,831
sh603022,0,0,0
sz002244,42858,102045,0
sh601618,48691,34649,0
sh600099,0,0,0
sz000692,0,0,0
sh600203,0,3000,0
sz300123,3711,0,0
sh600926,55807,58702,0
sz300118,0,1000,0
sh601997,99519,151661,10736
sz300216,46089,51660,0
sz000546,0,1581,0
sh600019,1031033,1042942,53394
sz002230,74350,55524,10562
sz002491,0,1000,0
sz300557,0,0,0
sh600513,0,0,0
sh600611,0,0,0
sh601898,24842,13073,0
sz000993,0,0,0
sh600640,0,809,0
sz002595,0,2518,0
sz300462,0,3944,0
sh600606,640577,799940,24706
sz300229,0,0,0
sz002104,1508,0,0
sz300605,0,0,0
sz000560,0,0,0
sh601155,164125,78338,5876
sz002681,1623,0,0
sz300169,0,0,0
sz000980,0,0,0
sz002157,0,13950,0
sz002495,0,0,0
sz002736,9542,12284,0
sh603989,0,308,0
sz002142,82353,103480,1893
sz000563,5352,2920,0
sz300183,0,0,0
sz300721,0,602,0
sh600352,159570,300716,6693
sz002197,0,0,0
sz002241,51095,43957,2010
sz002818,0,0,0
sz300218,0,0,0
sh603012,0,0,0
sz002360,0,0,0
sh603515,0,0,0
sh603536,580,0,0
sz000628,0,0,0
sz000966,0,0,0
sz300494,0,0,0
sh600390,1724,4856,0
sz000868,7175,12566,0
sh600022,276230,301474,0
sh600725,0,0,0
sz300575,0,0,0
sz300533,0,0,0
sh600868,3218,10618,0
sz000975,12707,2261,0
sh603580,0,0,0
sh600980,950,0,0
sz002777,0,0,0
sz000996,2574,7310,0
sz002397,0,0,0
sz002001,18514,37119,2444
sh600420,4552,0,0
sh600796,0,0,0
sz300262,0,0,0
sz300731,544,0,0
sz000060,116490,114798,6538
sh600979,0,0,0
sh603997,979,0,0
sh600876,0,0,0
sh603228,0,0,0
sh600098,0,0,0
sh601966,0,0,0
sh601005,0,5125,0
sz002550,0,1992,0
sz002474,0,0,0
sz300584,0,300,0
sh600229,0,0,0
sz002869,0,0,0
sh601009,322662,413690,1431
sz000571,0,0,0
sz002705,0,1062,0
sh601208,0,0,0
sz002290,0,0,0
sh600531,12071,23403,0
sz000043,0,0,0
sz000795,0,0,0
sz300072,123666,79389,9339
sh600759,0,0,0
sh600429,0,0,0
sz000590,0,2500,0
sh601880,9849,20184,0
sh603165,0,748,0
sz002540,2937,0,0
sh603499,14033,9586,832
sz000976,0,3600,0
sh600137,788,834,0
sz000561,0,0,0
sz002483,0,0,0
sh603077,43831,60968,0
sh603766,9700,9072,0
sz300491,0,0,0
sh600208,84185,178154,0
sh603320,0,510,0
sz300044,12429,2083,845
sz002234,0,0,0
sz300023,0,1580,0
sz002040,0,0,0
sz002657,0,2175,0
sz000301,12072,0,0
sz300440,0,0,0
sz002348,0,0,0
sh600395,12936,12275,0
sh603136,0,0,0
sh600059,0,0,0
sh600641,0,4319,0
sh600007,0,0,0
sz300140,0,994,0
sz300502,0,0,0
sz002155,4316,13320,0
sz002547,48192,49024,0
sh603360,0,0,0
sh601366,0,0,0
sz002425,8048,2469,0
sz300244,574,616,0
sh600460,276548,199919,11330
sz000528,24401,16512,0
sz300182,22583,14162,0
sz000068,0,0,0
sh600346,23030,14835,0
sz300283,0,0,0
sz002895,4666,1013,0
sh600654,4258,0,0
sh600963,0,0,0
sz300051,3561,0,0
sz000822,1768,1276,0
sz000859,3187,9543,0
sz000617,0,0,0
sh603535,0,0,0
sz300419,0,2136,0
sh600428,0,0,0
sh600975,0,0,0
sz300641,2706,752,0
sh600107,1000,0,0
sz000063,151007,166499,6984
sz000797,0,0,0
sh603823,0,0,0
sh603899,788,1373,0
sh600521,3052,1403,0
sh600643,14288,40327,0
sh603056,38135,37573,5221
sh600048,1431831,895281,89274
sh603517,0,0,0
sz002597,9066,11060,394
sh600689,0,0,0
sh603329,8957,5005,610
sh600458,0,0,0
sz002052,0,0,0
sz300009,7395,11499,1614
sz000020,0,0,0
sh601126,0,0,0
sz002218,0,9959,0
sh601218,0,0,0
sh603538,0,0,0
sz002426,127171,18635,0
sz300309,0,0,0
sh600981,0,0,0
sh600522,82837,59406,1009
sz002890,0,0,0
sh603557,10130,1926,0
sh600892,2070,2631,0
sz300397,2401,0,0
sh600170,40714,59017,0
sz300068,6069,2650,0
sh600757,1488,4143,0
sh601929,7786,0,0
sz002755,0,0,0
sz300241,655,5505,0
sh603868,0,0,0
sh601107,7251,0,0
sh601518,0,0,0
sz000860,584,1819,0
sh603788,0,291,0
sh600163,0,0,0
sz002008,36753,44745,3412
sh603970,461,529,0
sz300615,0,0,0
sh603030,0,0,0
sz002819,0,0,0
sz000960,117202,93465,3074
sh603369,3045,4414,0
sh600026,0,0,0
sz300052,4576,0,0
sz300496,510,0,686
sz002264,1963,2000,0
sz002682,0,0,0
sz300489,0,0,0
sz300345,0,0,0
sz000760,0,0,0
sz000100,74800,87315,0
sz002614,564,0,0
sz300129,0,0,0
sz000852,0,0,0
sh603869,0,0,0
sh600988,24031,19012,0
sh600770,0,4278,0
sz002333,0,0,0
sh603277,0,0,0
sh600739,4512,17703,0
sh603078,1855,0,0
sz002865,8483,1672,0
sh600589,0,0,0
sz002132,126478,18839,4043
sh600623,13427,10734,1143
sh600850,766,825,0
sz002006,0,0,0
sh600897,0,0,0
sz002387,3391,0,0
sh600415,0,0,0
sz300221,0,0,0
sz002535,0,2524,0
sz002272,0,0,0
sh600120,1428,2137,0
sh600750,1448,3502,0
sh600680,0,0,0
sh603619,4319,2116,0
sz000848,0,3438,0
sh600845,514,532,0
sz002227,0,0,0
sh600469,0,0,0
sz300366,0,0,0
sz002901,0,780,0
sh603199,0,0,0
sz002124,0,0,1270
sh600642,8718,11319,0
sz300316,39704,82309,11220
sz000978,0,0,0
sz002151,2297,6242,0
sz002624,416,1532,0
sh603639,0,0,0
sz300461,0,0,0
sh603180,73,167,0
sz300053,6353,4725,0
sh600295,936,929,0
sh603196,0,0,0
sh600072,1010,2285,0
sz300243,0,0,0
sh603908,0,0,0
sz300158,0,4167,0
sz002115,0,0,0
sz000802,0,0,0
sh600536,3642,7503,0
sh600129,0,0,0
sh600520,0,636,0
sh600512,37632,15137,0
sz002508,6635,7983,245
sh603005,0,0,0
sz300024,10847,10066,1072
sz300609,0,0,0
sz300388,0,0,0
sh600340,166400,215078,17817
sz300170,23370,12403,0
sh603577,0,0,0
sz002315,0,0,0
sz002582,4198,0,0
sz002396,1460,5533,570
sz300546,0,0,0
sz300370,0,0,0
sz300028,0,0,0
sz002527,0,0,0
sz300645,489,0,0
sh600387,0,0,0
sh600336,0,0,0
sz300558,997,1383,0
sz000925,0,1053,0
sh603609,0,0,0
sz002579,0,3404,0
sh601555,10099,21441,0
sh603239,0,0,0
sh600249,0,0,0
sh600619,0,0,0
sz002409,10720,2552,0
sz000830,408063,347306,42660
sh600692,0,0,0
sz000776,97897,121026,1199
sh600800,0,0,0
sz300627,332,0,0
sz300105,0,0,0
sh603518,0,0,0
sh603117,0,1421,0
sh600890,1253,1197,0
sh600567,676477,473610,0
sh600862,0,0,0
sh601199,0,0,0
sh603528,0,0,0
sh603101,0,0,0
sh603507,503,1129,0
sz002043,0,930,0
sz002876,266,0,0
sh600986,0,3256,0
sz000153,0,0,0
sz300472,1300,0,0
sh600501,0,0,0
sz002247,11449,901,3954
sh601866,0,4168,0
sz002537,0,0,0
sz300691,649,326,0
sz300087,2020,0,0
sz000761,45571,19926,2699
sz002730,0,0,0
sz002386,1477,1707,0
sz300484,1743,674,0
sz000565,0,0,0
sz002139,5655,0,0
sh601818,1272848,1618123,47629
sh603569,0,0,0
sz300390,0,0,0
sz002347,0,0,0
sh600354,11486,10478,0
sz002772,0,0,0
sh600232,0,0,0
sz300565,0,0,0
sh600029,535526,687563,44790
sh603886,0,0,0
sz300360,0,0,0
sz002761,812,0,0
sh603800,0,0,0
sz300333,0,0,0
sz300657,0,327,0
sz002528,0,0,0
sz002740,0,0,0
sz002700,0,0,0
sz002135,0,2506,0
sh600848,609,451,0
sh603819,0,0,0
sz002434,0,2649,0
sz000831,2010,2486,1005
sz300371,0,0,0
sz300112,0,0,0
sh600888,2000,2380,0
sz002095,618,606,0
sh603106,500,0,0
sz002917,5600,4058,0
sz000918,1924,7679,0
sz002884,0,0,0
sh603323,37466,39216,2972
sz300713,0,0,0
sh603269,1596,0,0
sz002631,0,0,0
sh601016,0,0,0
sz300144,4580,631,0
sh600861,0,0,0
sh600058,0,0,0
sh600602,0,0,0
sh601788,7843,3038,1000
sz000705,0,0,0
sh600114,971,0,0
sh600601,3659,4562,0
sz002732,0,0,0
sz300396,0,481,0
sh603606,0,0,0
sz002905,365,0,618
sz300555,0,0,0
sz000554,0,0,0
sz300667,0,0,0
sz300498,15622,29420,1046
sz002617,669,0,2902
sh603663,0,0,0
sz000601,0,0,0
sz002356,0,0,0
sz000969,0,1472,0
sz001979,252386,269975,21628
sz300520,1698,0,0
sh600462,0,0,0
sz002926,0,0,0
sz300331,0,0,0
sz002618,0,0,0
sh600161,1023,3816,0
sz000725,3047392,2356201,2350
sz300027,176949,156084,1149
sh603779,0,0,0
sh600113,0,0,0
sz002049,20459,13284,650
sz300327,0,621,0
sz002821,0,495,0
sz000788,0,0,0
sz300021,7569,59650,0
sz000595,0,0,0
sh600743,0,0,0
sh600563,2024,1464,0
sh600774,0,0,0
sh600132,0,0,0
sz002305,0,0,0
sh600173,0,4189,0
sz002261,0,0,0
sz300711,0,0,0
sh600322,15612,18468,0
sz002105,0,0,0
sz300553,469,0,0
sh600530,0,0,0
sh601238,4692,13519,0
sh600386,0,0,0
sh600967,12795,16390,0
sz000815,0,0,0
sz002300,0,0,0
sh603159,0,0,0
sh601636,134376,173284,1407
sz000014,0,0,0
sz000973,2404,0,0
sz002912,1877,782,104
sh600763,1195,3243,0
sz000632,0,9910,0
sz000636,28225,6366,0
sz002102,6514,6540,0
sh600356,0,0,0
sz300643,0,0,0
sz002329,0,0,0
sh601106,0,0,0
sz300561,1147,0,0
sz000600,0,0,0
sh600543,0,0,0
sh600262,0,0,0
sz300082,0,0,0
sz300006,10300,3900,0
sz002493,11533,17384,0
sh600470,0,0,0
sh600282,276423,276335,9562
sz000592,27430,23734,0
sh603010,17586,2405,0
sz300559,0,0,0
sz002036,7082,849,0
sz000036,30808,21448,2117
sz000158,0,0,0
sz300510,0,0,0
sh601007,0,0,0
sz002558,324,0,0
sz000570,0,0,0
sz002724,0,0,0
sz000513,3029,5167,0
sz002279,0,1005,0
sz002611,3027,1002,0
sz300523,7372,488,0
sz002455,0,0,0
sz300686,0,0,0
sh600418,2922,1628,0
sh603393,0,0,0
sz002825,0,0,0
sz000543,0,2153,0
sz002007,0,1636,0
sh603595,0,300,0
sh600958,21241,21290,720
sz300393,0,310,0
sh600284,0,3105,0
sz300017,139266,141143,21229
sz300335,0,0,781
sz300139,0,0,0
sh600854,0,0,0
sz002371,10190,14902,1584
sz002506,2600,2929,0
sh600031,293589,370064,5149
sz300315,85183,51034,0
sz300638,0,0,0
sh603602,0,0,0
sz002302,7186,24165,0
sz300293,0,0,0
sh601111,125516,213006,20152
sh603339,0,0,0
sz002291,0,0,0
sh600486,2556,2125,0
sz000786,36309,68618,6797
sz002178,1000,0,0
sz300353,0,0,0
sz002530,0,0,0
sz300434,0,0,0
sz002182,0,0,0
sh603737,0,0,0
sz300576,0,0,0
sz002341,1358,1105,0
sz002911,0,0,0
sh600851,0,5282,0
sh600463,0,0,0
sz300479,0,0,0
sz000557,0,0,0
sh601188,0,0,0
sz300425,0,0,0
sz300665,0,0,0
sz002481,4401,0,0
sz002023,4826,0,0
sz000027,0,0,0
sz300683,0,0,0
sz002653,0,0,0
sh603321,0,0,0
sh600645,9599,4297,0
sz002186,0,937,0
sh601166,1873037,1986018,133097
sh601328,1838900,1960294,37793
sh600570,14973,22047,2129
sz300213,0,0,0
sz002090,0,0,0
sz300597,0,0,0
sh600748,0,0,0
sz002224,0,0,0
sh603958,0,0,0
sz002916,12666,11270,1658
sz000998,12799,12207,0
sh601877,630,0,0
sh600359,14171,16086,0
sh603026,0,973,0
sh603976,0,0,0
sz000758,15780,45076,0
sz002812,0,0,0
sz000949,3000,0,0
sz002282,0,0,0
sz300054,3818,11689,0
sz000030,0,0,0
sh600199,0,0,0
sh600396,0,0,0
sz002456,38802,59882,7648
sh603488,1281,0,0
sh600151,0,0,0
sz300065,5450,36112,4398
sh603801,200,0,0
sz002791,0,0,0
sh603266,0,0,0
sz000877,9930,8426,0
sh600576,0,1900,0
sh600018,102365,170942,3445
sh603996,24411,3787,0
sz000880,0,0,0
sz300684,3934,6129,576
sh600261,0,0,0
sh603069,3537,5453,0
sz002377,0,0,0
sz000965,0,0,0
sz000038,0,0,0
sh600883,0,0,0
sz000819,0,0,0
sh600021,0,0,0
sz002084,0,0,0
sz002323,3460,0,0
sz000010,0,0,0
sz300386,746,0,0
sz002176,18290,7822,0
sz002056,5085,7640,0
sz002810,593,1784,0
sz300235,0,0,0
sh601608,3400,0,0
sz002334,0,0,0
sz002908,549,0,0
sz002519,0,0,0
sh600497,320544,334739,1936
sh600977,23339,10541,0
sh600479,0,0,0
sh600526,0,0,0
sh600477,1324,2778,0
sh603987,0,0,0
sz002840,3408,1594,582
sz000836,4680,0,0
sz300476,9398,3824,0
sh603386,0,0,0
sz300582,0,0,0
sz002118,4116,6101,0
sz300487,18738,29779,1042
sh600882,0,0,0
sh600159,0,0,0
sh603533,3279,639,0
sz002344,2325,0,0
sz002729,0,0,0
sz300658,0,0,0
sz002307,0,5138,0
sz002051,1764,1892,0
sz002429,4136,3346,0
sh600105,0,0,0
sz002567,0,0,0
sz000637,0,0,0
sh600597,2897,3383,0
sz000897,0,0,0
sh600215,0,2692,0
sz002731,0,0,0
sh600248,0,0,0
sz002886,0,0,0
sh600675,0,2081,0
sh603601,0,0,0
sh600638,14903,9914,0
sh603305,0,0,0
sz300506,0,1977,0
sz002615,0,0,0
sz000501,877,1559,0
sz000651,274303,320727,26022
sh600795,24929,71377,0
sz300055,3986,10785,1905
sz300529,481,0,0
sh600869,0,0,0
sh603108,14778,7356,6301
sh600662,3001,0,0
sz300536,0,0,0
sz002137,0,0,0
sz002877,0,0,0
sz002293,5895,5219,0
sz000821,0,0,0
sz000972,0,0,0
sz002898,0,0,0
sz002368,0,0,0
sh600824,0,0,0
sz002350,0,0,0
sz002159,876,835,0
sz000861,0,0,0
sh600148,0,0,0
sh600292,0,0,0
sh603063,0,0,0
sh600826,0,0,0
sh600624,0,1950,0
sz002846,0,0,0
sh600267,3080,973,0
sh603000,0,0,0
sh601777,2149,7148,0
sz000681,35209,27287,8272
sz000695,0,0,0
sh600198,17611,18915,0
sz000800,10089,10636,0
sh603920,0,800,0
sz300016,0,1029,0
sz002266,0,0,0
sz002515,1500,0,0
sh600838,0,0,0
sh603016,585,0,0
sh600177,6723,15246,0
sz002404,0,1760,0
sz300148,9752,8121,7376
sz002498,0,0,0
sz002504,0,0,0
sz000619,0,0,0
sz000739,0,0,0
sh600184,0,0,0
sh600823,31691,104490,0
sh600506,0,1430,0
sz002610,27180,0,0
sz300448,0,0,0
sz300179,1867,20319,0
sz000026,0,973,0
sh600993,779,3425,0
sz002598,0,0,0
sh601108,40561,29974,1994
sh600246,0,0,0
sh603131,0,0,0
sz002839,110003,86462,3445
sh600305,3531,1000,0
sz002146,502737,457493,23156
sh601928,0,1670,0
sh600146,22374,11999,514
sh600864,0,0,0
sz002388,0,0,0
sh603708,509,1185,0
sh600729,500,426,0
sz002591,0,0,0
sz000544,820,0,0
sh600131,0,0,0
sz002064,0,7917,0
sh603330,0,0,0
sz002880,0,0,0
sz000677,0,5737,0
sz002581,10080,7761,0
sz300655,0,0,0
sh600895,905,4221,0
sz300106,0,0,0
sh600865,0,0,0
sh600172,0,3798,0
sz300679,0,136,0
sz300624,7985,11870,4517
sz300307,0,1530,0
sz300321,0,0,0
sh603355,1771,1891,0
sh603060,0,0,0
sz002889,0,0,470
sh600363,1085,1242,0
sh603566,0,0,0
sz000850,0,0,0
sz002654,0,0,0
sz002109,0,1900,0
sz000008,2569,0,0
sh601952,1772,2033,0
sz000948,0,0,0
sz300685,226,453,0
sz002594,5792,6474,423
sh600874,1132,1354,0
sz300187,0,0,0
sh600837,23391,51943,1006
sz000777,0,0,0
sz002586,2372,0,0
sz300639,0,0,0
sz300176,525,1842,113
sh603806,0,349,0
sh600714,0,0,0
sz300562,0,0,0
sz300194,0,0,0
sh600329,1000,1100,0
sh600353,0,0,0
sh600186,111948,381262,0
sz300385,0,0,0
sz000876,19320,29475,0
sh600281,0,2146,0
sh600552,0,0,0
sh600754,5748,5136,0
sz000791,0,0,0
sz002637,0,0,0
sz300225,19550,1004,0
sh603721,0,0,0
sh601398,2227841,2445498,47834
sz000936,0,0,0
sh600158,11455,24932,1052
sz002275,0,0,0
sz002232,0,0,0
sz000731,9958,0,0
sz002277,3200,0,0
sh600488,0,0,0
sz000778,8280,17928,0
sz000001,1014376,1248046,86999
sz002728,0,0,0
sz002346,0,0,0
sz300451,31511,29719,3460
sh600821,0,0,0
sz000059,21095,21298,1107
sz000021,7130,1429,0
sz002119,0,0,0
sz002837,1367,3044,0
sz002372,1649,2708,0
sz002418,11347,2072,0
sz300350,0,0,0
sz300269,0,1285,0
sh600827,0,10420,0
sz002248,0,0,0
sz300295,0,0,0
sh603421,0,0,0
sz300613,0,0,0
sz300540,0,0,0
sz002713,0,514,0
sh603608,0,0,0
sz000402,28693,44290,932
sz300735,1966,0,1327
sh600410,0,3270,0
sz300671,0,0,0
sz300430,0,0,0
sz002240,3184,0,0
sz002223,4190,4071,0
sz300669,0,0,0
sh603579,0,0,0
sz002763,0,0,0
sz000666,0,902,0
sh600538,0,0,0
sz300226,16471,16644,1630
sh600052,0,0,0
sh600103,0,0,0
sz300384,0,0,0
sz002461,0,0,0
sz300364,23643,24412,0
sz002325,38130,0,0
sh603500,0,0,0
sz002842,1166,0,0
sz000518,0,0,0
sh600225,0,0,0
sz300285,0,0,0
sh600078,0,0,0
sz002693,0,0,0
sz300165,0,0,0
sh601375,14845,19578,0
sh600582,0,14169,0
sz300034,0,1409,0
sh600398,175577,175812,18160
sh603787,0,0,0
sz000816,186906,125311,3750
sz002432,0,0,0
sz002237,4323,11809,0
sz300253,72966,51740,3404
sz002605,0,0,0
sh603019,23201,23988,654
sh603838,0,0,0
sh600178,0,0,0
sz002454,0,0,0
sz002187,0,0,0
sh603036,0,0,0
sh600421,0,0,0
sz002783,0,0,0
sz300730,1124,439,0
sh600064,3647,4662,0
sh600557,0,0,0
sz000910,505,3006,522
sh603955,0,0,0
sz002152,0,3139,0
sz002088,0,0,0
sh603633,0,0,0
sz300242,0,3090,0
sz300485,0,0,0
sh600778,0,0,0
sh601611,1230,1134,0
sz000002,251730,316041,37456
sz002322,0,1679,0
sz002415,76529,97825,7977
sz300104,411132,0,0
sz000951,0,2120,0
sz002153,2804,758,0
sh603200,0,0,0
sz300214,0,0,0
sh600736,0,1914,0
sh603508,0,0,0
sh603300,12004,10040,0
sh600990,0,1364,0
sz002343,3155,5360,0
sh600617,0,0,0
sz000838,0,0,0
sh600234,0,0,0
sh600655,0,3966,0
sz000005,0,0,0
sh601857,169170,262148,7937
sh603458,210,522,180
sz300585,0,0,0
sh600999,23666,33572,0
sz002521,16137,3135,0
sz002354,2419,4089,0
sh601069,22962,28971,1424
sz000825,381112,411248,1659
sz002830,0,0,0
sh601003,24889,56296,4225
sz002242,0,1709,0
sh603799,35800,45370,6760
sh603089,0,0,0
sz000929,1088,0,0
sh603636,0,0,0
sz300035,0,0,0
sz300264,0,0,0
sz000962,0,0,0
sz300673,0,0,0
sh603037,0,0,0
sz002120,675,2406,0
sz300154,0,0,0
sz300678,610,301,0
sz300672,0,289,0
sz000709,271533,301811,0
sz002022,3315,1047,0
sz300239,0,0,0
sz002923,2396,1357,0
sz000488,107443,102016,5000
sz002603,3928,3452,0
sh600653,5012,0,0
sh600250,0,0,0
sh600030,821607,1069780,94529
sh600238,7380,1454,0
sh600141,730,2360,0
sh600149,0,4822,0
sz002725,0,0,0
sh600391,0,0,0
sz002014,0,0,0
sz000157,24457,50108,0
sz000892,0,0,0
sz002486,0,0,0
sz002419,1656,4992,1354
sh603429,5190,1001,0
sz002866,1229,0,0
sh600668,1118,769,0
sh600789,90122,103056,3285
sz002024,61896,68510,1124
sz300483,0,0,0
sz000909,0,0,0
sh600613,0,0,0
sh600686,6055,2076,0
sh600116,0,1600,0
sz300277,6419,22941,0
sz002658,0,0,0
sz002667,0,0,0
sh600893,5869,8358,0
sz000811,0,1906,0
sh603607,333,0,0
sz002800,0,1000,0
sz002526,0,0,0
sz000514,0,0,0
sz002675,0,0,0
sz002401,0,0,0
sz002081,16452,13995,0
sh600293,0,0,0
sh600722,0,1945,0
sz002174,2484,5460,0
sz000078,2502,0,0
sh603558,0,2519,0
sz300610,0,0,0
sh600839,14916,15570,0
sz002793,0,0,0
sz002245,2792,1680,0
sz002299,3986,1942,0
sz002062,0,0,0
sh600847,0,0,0
sz002420,0,0,0
sz300059,774070,730953,62476
sh600307,38496,26197,5111
sz002123,0,0,0
sz002311,0,3079,769
sh603278,0,0,0
sh600006,0,0,0
sz300699,1550,1420,374
sh600628,1117,1082,0
sz300301,0,0,0
sh603083,0,318,0
sz002355,0,0,0
sz300595,0,457,0
sz300141,0,0,0
sz000155,4458,0,0
sz002544,5696,1128,0
sz002807,11457,7020,0
sh600622,0,2471,0
sz002317,0,8667,0
sh600732,0,0,0
sh600235,0,0,0
sh600505,0,0,0
sz300260,0,0,0
sz002183,0,11426,0
sz002327,0,2011,0
sz300421,0,0,0
sz002690,0,887,0
sz002573,5225,4346,0
sz300625,0,0,0
sz000582,0,0,0
sz002649,1533,0,0
sz000856,4509,2605,0
sz300604,0,0,0
sh603385,0,0,0
sh600917,0,0,0
sh603669,0,0,0
sh603630,0,0,0
sh600681,0,0,0
sh600075,0,1400,0
sz300211,0,0,0
sh600461,0,0,0
sz002712,0,0,0
sz300289,0,1510,0
sh601139,0,4581,0
sz002703,0,0,0
sz002162,0,0,0
sz002408,3894,1500,0
sz300108,1462,0,0
sz300670,0,0,0
sh603103,4100,1139,2302
sh603888,0,0,0
sz000417,0,0,0
sz000656,188920,149658,4120
sh601113,9506,6686,0
sh600015,254786,356435,0
sz300075,0,0,0
sh600308,1458,5070,0
sz002482,0,0,0
sh600594,0,26866,0
sh601006,144597,168808,3490
sz002141,0,0,0
sh603922,0,0,0
sz300589,0,0,0
sh603928,0,0,0
sz300508,0,185,0
sz002836,0,0,0
sz000413,12466,13121,2066
sh600872,5030,3847,550
sh603229,0,0,0
sh600761,0,1020,0
sh601012,47264,99667,6250
sh600217,0,10425,0
sz001696,0,0,0
sh603889,9303,4181,0
sz300637,0,0,0
sh603825,0,0,0
sz002485,0,0,0
sh600580,0,3273,0
sz300155,0,0,0
sh600834,0,0,0
sh600153,21872,31430,0
sh600971,60703,62905,880
sz300011,0,0,0
sz000605,0,0,0
sz000017,0,0,0
sh600775,0,0,0
sz002817,0,0,0
sz000782,0,0,0
sz002762,0,0,0
sh601579,0,0,0
sh600728,2001,4165,0
sz002756,0,0,0
sz002799,25016,5036,0
sz300276,0,0,0
sh600358,2000,0,0
sz000738,991,2600,0
sh603909,0,0,0
sz002719,3981,1054,0
sz002414,0,0,0
sz002670,6590,700,0
sz300005,0,0,0
sz002556,0,0,0
sz002587,1836,2915,0
sz300145,81987,22332,0
sh600833,0,0,0
sz300712,637,0,0
sz000933,44595,39276,0
sh603979,0,0,0
sh600426,56786,67006,3989
sz300500,0,0,0
sz002786,0,0,0
sz002365,870,1412,0
sh603676,2081,8849,0
sh600280,16471,13423,0
sz300463,603,2422,0
sh600487,65536,58647,7049
sh603929,0,0,0
sz300466,0,0,0
sz300583,0,0,0
sz000732,85996,96963,16707
sh600629,0,0,0
sz000697,5835,2495,0
sz300722,480,0,0
sh600702,9103,4525,460
sz002716,4145,3397,0
sz002042,6466,5055,0
sz300274,13789,13772,856
sh603686,1110,0,0
sh601088,224501,240243,13018
sz000530,0,0,0
sh603380,0,0,0
sh603041,0,0,0
sz002065,13453,17515,0
sz000401,34396,15903,0
sz002833,0,207,0
sz300215,1781,0,0
sh600330,3492,2500,0
sh600202,2288,6491,0
sh600260,20654,4995,0
sh601021,670,286,0
sz300246,0,0,0
sh600590,0,0,0
sz002635,3561,3161,1174
sh600776,0,0,0
sz002446,1705,4536,0
sz300299,1650,0,0
sh600801,33996,28799,2090
sh600976,0,4562,0
sh600207,0,0,0
sz002563,1122,3598,0
sh603716,0,0,0
sh600436,4350,2544,0
sz000661,1333,2675,101
sz002676,46723,23968,0
sz002298,0,0,0
sz002815,0,0,0
sz300232,0,873,0
sz000885,896,781,0
sh601766,231166,270006,6253
sz002655,0,0,0
sz002626,2163,12270,817
sh600405,0,0,0
sz002792,755,0,0
sz300464,0,0,0
sz002644,0,0,0
sh600139,0,5536,0
sh603233,242,260,0
sz002217,5383,13856,0
sh603337,389,210,0
sz300622,0,0,0
sh603937,656,608,0
sh600328,0,3506,0
sz002906,0,0,0
sz002551,0,0,0
sz002532,2055,13348,0
sz002534,0,0,0
sh600133,0,0,0
sz000736,2537,6118,0
sh600433,3000,0,0
sz000627,2783,0,0
sh600708,3381,15522,0
sz000408,2036,5020,0
sz000058,0,0,0
sz002099,0,0,0
sz002439,11685,4646,502
sz002440,34505,26484,2195
sh600731,0,0,0
sz000995,0,0,0
sz002668,0,0,0
sh600661,0,464,0
sh600612,0,0,0
sz300224,0,0,0
sz000610,0,0,0
sh603828,0,0,0
sh600370,0,0,0
sh600201,3259,9845,0
sh600222,0,0,0
sz002271,14596,16008,1012
sz300707,688,0,0
sz300020,11210,0,0
sz000719,0,1727,0
sz300633,0,0,0
sz002238,0,0,0
sh600825,2073,2000,0
sz300328,0,0,0
sh603811,0,0,0
sz300147,2969,1385,0
sh603333,0,0,0
sz000985,0,0,0
sh600814,0,0,0
sh601918,3429,6052,0
sz000733,0,0,0
sh600691,0,21487,0
sh600213,0,0,0
sz002628,0,0,0
sz300550,0,0,0
sz000407,0,3933,2191
sz300391,0,0,0
sh603615,0,0,0
sz002460,29625,35772,9718
sh603189,0,0,0
sz002480,0,0,0
sz300416,0,0,0
sz002166,0,0,0
sh603383,0,300,0
sh600687,4049,1000,0
sh600425,0,0,0
sz002190,4549,519,454
sz002074,18997,10206,1386
sh603919,0,0,0
sz300195,0,0,0
sz300668,134,0,0
sz300698,0,0,0
sz300727,2980,2032,0
sh600023,33447,46071,0
sz002059,0,0,0
sz002859,0,0,0
sh603813,610,455,0
sz000090,0,12111,0
sh601717,3695,4084,3279
sh600143,2502,4479,0
sz002921,418,0,0
sz002286,0,1123,0
sh600540,0,0,0
sh600548,1224,2297,0
sz300355,21980,18819,1416
sz002826,0,797,0
sz002165,0,0,0
sz300427,0,0,0
sz002816,0,0,0
sz300612,2011,1147,0
sz300407,0,0,0
sz002463,11092,4948,0
sh600448,0,0,0
sz300554,500,0,0
sz002796,0,0,0
sz000657,1002,0,0
sh600491,0,4753,0
sh601886,0,4229,0
sh600297,1810,3725,0
sh600061,0,5903,0
sh601988,1691763,2503767,23778
sz300378,0,0,0
sz000099,0,0,0
sz000523,0,0,0
sh600219,62463,73646,0
sz000526,0,0,0
sh600449,4327,3972,965
sz000603,0,2379,0
sz002054,0,0,0
sh603225,0,331,0
sz300152,30878,54124,4903
sh600756,2415,1885,0
sz002437,82310,15429,3000
sz002646,0,0,0
sh603076,0,0,0
sh600038,15606,16211,723
sh600489,13306,24531,5052
sz300736,0,808,297
sz002782,0,0,0
sz300592,0,0,0
sz300305,0,0,0
sh600439,17894,7000,0
sz000551,0,0,0
sz300061,0,0,0
sz000159,0,0,0
sz000917,13035,4646,0
sz002438,0,0,0
sh600885,0,1734,0
sh600741,22328,26773,430
sz300351,0,0,0
sh600562,0,0,0
sh600873,0,9298,0
sz300079,20663,3408,0
sz000536,0,3433,0
sh600579,0,0,0
sz002436,0,0,0
sz002747,1485,7071,0
sz300467,2188,5669,0
sh600071,0,0,0
sz002034,0,0,0
sz002666,35198,6418,5149
sh600566,4056,2265,0
sh600577,0,0,0
sh603658,0,0,0
sz000552,98461,62599,0
sz300552,0,0,0
sz300310,0,0,0
sh601908,0,0,0
sz300519,0,0,0
sh603040,0,0,0
sz300348,11088,23607,1743
sz002478,0,0,0
sh600039,6166,8044,0
sh601666,77403,108008,0
sz002330,34010,14919,0
sh600742,0,0,0
sz002393,0,0,0
sz300598,0,0,0
sz002768,0,0,0
sh600881,5771,37726,0
sh603677,0,0,0
sh603043,0,1500,0
sh603218,0,0,0
sz000967,0,4436,0
sz002331,0,0,0
sh600818,2796,0,0
sh603896,1164,806,0
sh603839,3762,2537,0
sh600189,0,0,0
sz002469,0,0,0
sz300480,0,0,1500
sh600608,0,0,0
sz300738,2625,15715,212
sz002759,0,0,0
sh600555,0,22268,0
sz000585,0,0,0
sz000935,2667,1582,0
sh603118,0,0,0
sh603308,0,1119,0
sz300252,4913,0,0
sz300404,864,0,0
sh603129,0,0,0
sh600320,2046,8430,0
sz300470,600,0,0
sz002564,0,0,0
sz002169,0,0,0
sz002864,0,0,0
sh601001,12488,14608,0
sz300142,16222,19673,1830
sz002848,7175,2324,0
sz000952,0,0,0
sh603585,0,0,0
sz000568,12510,16704,1687
sh600502,0,0,0
sh600871,0,12452,0
sh603050,0,0,0
sz300530,0,0,0
sh600844,2500,0,0
sz002915,3228,1501,334
sz000426,51696,76456,870
sz002382,1331,4286,0
sh600135,0,0,0
sh600027,12011,17408,0
sh603758,0,0,0
sz300603,1627,449,0
sz002304,6995,5922,295
sz300697,1772,521,0
sh600028,1635230,1834121,124201
sz000070,0,0,0
sz002642,2502,1540,0
sh600231,56502,45464,3043
sh600985,7344,3258,0
sh603377,600,0,0
sz300644,0,0,0
sh600455,0,0,0
sz002659,0,0,0
sz002243,0,0,0
sz002100,0,0,0
sh600637,6068,1607,0
sz002539,0,0,0
sz300701,0,0,0
sh600560,5469,4054,0
sz300066,0,0,0
sz000403,0,900,1890
sh600727,0,1781,0
sz000626,0,0,0
sz002416,0,0,0
sh601116,0,0,0
sz300535,0,0,0
sh600446,2536,3619,0
sz002881,0,928,0
sh600703,93574,92864,6526
sh603618,38541,0,0
sz300509,0,0,0
sh600603,0,0,0
sz002823,0,0,0
sz300298,0,0,0
sz000423,6761,11188,0
sz300521,0,0,0
sz002267,0,3122,0
sz300248,0,0,0
sz000789,113725,205933,5455
sz000411,0,0,0
sh601700,0,0,0
sh601233,30488,27260,510
sz300696,0,0,0
sz000531,0,0,0
sz000833,0,0,0
sh600242,0,0,0
sz002566,0,0,0
sz300191,0,0,0
sz002552,0,0,0
sz300453,0,0,0
sh600699,7229,15063,0
sh603826,0,0,0
sz300556,0,0,0
sh601965,0,0,0
sz002873,0,0,0
sz300367,3450,1000,0
sz002367,3434,3723,0
sh603685,0,0,0
sz300094,4000,4139,0
sh600599,4587,0,0
sz002650,37196,42630,1915
sz000612,0,1500,0
sz002743,0,1253,0
sz002399,870,0,0
sz001896,0,0,0
sz002892,613,0,0
sz002829,0,0,0
sh601900,0,0,0
sz002872,0,0,0
sz002770,0,5137,0
sz300230,0,77602,0
sh600933,0,0,0
sz000881,0,1100,0
sz300031,3731,2918,0
sz002688,3735,0,0
sh600527,0,0,0
sz002476,0,0,0
sz002127,4066,1742,0
sz002295,0,0,0
sz002136,17646,37318,690
sz000524,0,0,0
sz000959,0,0,0
sz002326,0,4944,0
sz002531,0,0,0
sz300401,9788,9606,1012
sh600880,0,2500,0
sz300620,0,0,0
sz300045,0,0,0
sz002376,5729,818,0
sz002858,0,0,0
sh603366,0,0,0
sz002734,3186,0,0
sz300171,0,0,0
sh600125,7141,24992,0
sh600381,0,0,0
sh600610,0,0,0
sz300102,11311,0,0
sh600301,0,0,0
sh600165,18053,7155,0
sh603111,1042,2434,0
sz300395,0,0,0
sz002557,0,1887,0
sh603356,14516,8401,1286
sz002258,4110,3404,0
sh601163,0,0,0
sh600583,20207,38257,3500
sz002709,624,304,0
sh600317,0,0,0
sz300690,0,0,0
sz000504,1600,500,0
sz300474,2514,2732,0
sh603879,5378,7113,0
sz002779,0,0,0
sh600376,0,1411,0
sz000635,0,0,0
sz000507,3278,0,0
sz002919,0,2756,0
sz002228,0,6002,0
sz300666,3019,2407,0
sh600000,563011,688415,13659
sz002752,3500,0,0
sh600710,0,0,0
sz000669,3884,0,0
sh600094,0,0,0
sh600331,0,0,0
sz300399,0,0,0
sz002009,0,7780,0
sz002541,0,0,0
sz002361,0,0,0
sz002167,0,0,0
sz002472,0,0,0
sh603861,0,0,0
sh601168,34822,37756,2001
sz002215,0,2074,0
sz002216,0,1307,0
sz002235,7189,7639,0
sz002211,0,0,0
sz002516,0,6253,0
sh600815,0,0,0
sz300486,0,0,0
sh600467,5000,0,0
sh600332,3248,9928,0
sz000690,1531,13545,0
sh601333,91702,138992,0
sh600167,0,0,0
sz000615,0,1928,0
sz300528,0,0,0
sz000718,0,7750,0
sh600089,14024,31315,0
sh601969,0,0,0
sz000887,18352,21836,0
sz002589,0,0,0
sz000923,0,0,0
sh600335,0,1302,0
sz002462,0,0,0
sz002707,1398,1499,0
sz000717,142431,131744,10389
sh600547,19446,31819,4099
sh600480,0,895,0
sh600575,0,5000,0
sz002379,0,2489,0
sh600138,9959,14374,0
sz000983,140077,119558,0
sz300408,5942,14884,0
sz300469,0,0,0
sh600077,0,3100,0
sz002801,0,0,0
sz000919,0,0,0
sh600406,9393,27250,0
sz002733,0,0,0
sh601828,26396,48886,3841
sz300543,0,0,0
sz300346,0,0,0
sz000004,0,552,0
sz300429,1740,0,0
sh603038,0,0,0
sz300619,0,0,0
sh603871,0,0,0
sz000810,0,0,0
sz300542,0,0,0
sz002875,0,0,0
sh601872,0,9209,0
sh603098,0,0,0
sz000707,0,0,0
sz002194,0,0,0
sh603696,0,0,0
sz002222,1534,8654,0
sz300098,4154,2353,0
sz300185,25172,11488,0
sz002287,0,0,0
sz300567,0,224,0
sz002026,0,0,0
sz000710,0,0,0
sz300201,0,0,0
sz300212,39497,15922,3387
sz002896,408,0,387
sz300303,0,0,0
sh600444,0,0,0
sh603227,0,0,0
sh600288,0,0,0
sz300015,6872,13274,0
sh600978,1315,2730,0
sz002467,0,0,0
sh601229,313613,262771,25828
sz300403,0,0,0
sz000581,7064,15493,1413
sz300548,0,0,0
sz002577,0,0,0
sh600572,2000,6662,0
sz002206,0,3000,0
sh600476,0,0,0
sz000055,13259,27326,0
sz002715,0,0,0
sz002199,0,0,0
sz002808,0,0,0
sh603866,0,0,0
sz002548,0,0,0
sz000631,3513,0,0
sh603978,156,433,0
sz002629,0,0,0
sh601919,21814,36428,2483
sz000790,0,3815,0
sh603096,0,227,0
sz000920,1562,0,0
sz000911,0,0,0
sz300046,0,0,0
sz300088,106892,67958,0
sz000670,16163,3670,0
sh603559,6776,507,0
sh600764,500,1833,0
sh600886,11244,16957,0
sh600559,0,585,0
sz000932,98644,161426,0
sh600343,0,2800,0
sh603039,0,0,0
sh600481,0,0,0
sh603678,1673,1347,0
sz300117,0,0,0
sz002246,0,0,1515
sz000926,10748,21771,0
sz002050,17697,38950,1228
sz300050,0,0,0
sz002500,8001,15017,0
sz000779,0,0,0
sz002678,0,0,0
sh603933,0,305,0
sz002805,0,0,0
sz002727,873,2754,0
sz300080,2000,0,0
sz300008,0,0,0
sh600400,1900,0,0
sz002503,0,0,0
sz002229,32953,18511,0
sz300577,0,1101,0
sh600209,26350,2818,0
sh600768,0,0,0
sz300357,0,1009,0
sz002560,0,0,0
sz000729,0,6279,0
sz000981,11649,0,0
sz002822,0,0,0
sh603258,0,0,0
sz300629,0,0,0
sz000506,0,0,0
sh600779,13868,12183,1231
sz002555,4161,4044,0
sh603313,0,0,0
sh600853,0,4807,0
sz300339,1293,0,0
sz300688,0,0,0
sh600551,0,0,0
sh600123,57033,21024,1410
sz300497,0,340,0
sz300267,46260,51440,0
sh603208,0,0,0
sh600596,59470,83167,5550
sz300261,0,0,0
sh600830,0,5308,0
sz002636,0,0,0
sz300435,3118,0,0
sh601811,0,0,0
sz002899,0,0,0
sz300456,27099,1435,0
sz300180,1960,600,0
sh603055,0,0,0
sh603578,804,399,0
sz002702,0,0,0
sz002250,0,1160,0
sh600867,11748,16105,0
sz300304,0,0,0
sh603399,809,0,0
sz300457,7542,1811,2298
sh600495,0,0,0
sz000908,0,0,0
sz300649,0,0,0
sh600581,92844,122812,12431
sh600648,0,575,0
sh601799,237,241,0
sh603086,0,0,0
sh603090,0,0,0
sz000828,0,0,0
sh603901,0,0,0
sh600119,0,0,0
sh600085,1099,5963,0
sh603316,0,0,0
sz300296,3459,14640,0
sz000751,5377,2492,0
sh603015,0,0,0
sh600326,0,0,0
sh603665,0,0,0
sh600604,0,2084,0
sz300716,1265,10644,0
sz000987,0,0,0
sz300074,0,0,0
sz002031,0,4034,0
sz000968,980,1193,0
sz002134,0,0,0
sh603963,0,0,0
sh601607,2913,9766,0
sz002149,0,0,0
sz000502,0,0,0
sz000596,1388,2294,346
sh603169,0,0,0
sz300382,5043,880,844
sh603358,0,0,0
sz002080,2783,0,0
sz002689,0,0,0
sz002680,1289,2582,0
sh601798,0,0,0
sz002766,0,0,0
sz002352,0,934,0
sh600939,0,0,0
sh600660,8288,12436,0
sh601127,0,0,0
sh600556,0,0,0
sz002340,30967,16693,0
sz002180,0,0,0
sh600706,0,0,0
sz300379,0,0,0
sh600992,0,0,0
sh600275,0,0,0
sh600090,24183,0,0
sh603980,0,0,0
sz002019,3053,6824,811
sz002492,0,0,2400
sh600068,155790,147840,1476
sz300302,0,0,0
sh600106,2700,0,0
sz300358,0,946,0
sz000915,634,7247,0
sz300228,0,0,0
sz300602,0,0,0
sz300322,2000,0,0
sz300571,1411,951,233
sz000957,0,0,0
sz002473,0,0,0
sh600518,18707,29626,0
sz002639,7674,0,0
sz002867,0,0,0
sz000049,1252,0,0
sz002294,3144,3965,0
sz300526,0,0,0
sz300338,0,0,0
sz002459,0,0,0
sh600289,5658,7658,0
sz002303,0,1949,0
sz300314,0,0,0
sh600100,1195,11148,0
sh601231,2343,833,809
sh600193,0,0,0
sh603260,16819,15198,2207
sz000818,0,3355,0
sz002494,0,0,0
sh603519,0,0,0
sz300452,0,1534,0
sh600523,0,814,0
sh601225,299077,360018,19196
sz002677,0,0,0
sh600780,0,0,0
sz002375,1825,0,0
sz300107,46494,27440,0
sh601989,164013,182988,0
sz002496,0,8526,0
sz002863,1856,2094,0
sh601968,0,2295,0
sz002907,4385,1665,0
sz300599,0,0,0
sz002289,0,0,0
sz002208,0,0,0
sz002838,0,0,0
sz000428,0,0,0
sh600679,0,0,0
sz002320,10583,13686,0
sz000803,0,0,0
sz000042,0,0,0
sh600055,0,1000,0
sz300423,0,0,0
sh600889,9904,0,0
sh600239,70903,55644,0
sz002150,0,0,0
sz300616,353,0,0
sh603855,0,0,0
sz300137,1432,711,0
sh600256,16918,18710,0
sz300590,0,0,0
sh603179,0,0,0
sz002860,0,0,0
sz300001,0,1162,0
sh603365,539,479,0
sz300710,0,488,0
sz300636,0,0,0
sh603818,0,0,0
sz300376,1495,1512,0
sz002780,1800,0,0
sh600908,18944,8964,1243
sz002013,8027,8317,0
sh601058,0,49321,0
sh600118,6555,4651,0
sz300541,0,0,0
sz000032,0,0,0
sh600609,0,0,0
sz002683,0,1572,0
sz000807,113254,83880,5774
sh603085,11794,1311,0
sz002374,0,0,0
sh600545,0,0,0
sz002845,0,0,0
sh600422,0,1931,0
sz300177,0,0,0
sh600592,0,3172,0
sh600683,0,0,0
sz300254,0,0,0
sh600456,14844,7588,0
sz300420,0,0,0
sz000333,123677,136474,11320
sh600811,27503,0,0
sh600769,0,0,0
sh600657,5268,3731,0
sh600636,1026,4057,0
sz000913,0,0,0
sh603018,0,0,0
sz300062,0,0,0
sz300188,1281,1232,0
sz300249,0,0,0
sh600268,0,0,0
sh600997,26041,32521,0
sh600109,6324,22117,0
sz300329,0,0,0
sz002758,0,0,0
sz300623,0,0,0
sz300205,0,0,0
sz002171,0,0,0
sz002411,1382,0,0
sz000899,0,0,0
sz002296,0,0,0
sh600578,0,0,0
sz300409,552,5531,0
sh600511,0,0,0
sz300135,0,0,0
sz000045,0,0,0
sz300131,0,0,0
sh600166,159365,44439,0
sh600033,0,14720,0
sh600054,2990,0,0
sz300184,0,0,0
sh603378,0,0,0
sh600088,0,980,0
sz300394,0,0,0
sz002651,0,0,0
sh600509,0,4588,0
sz002679,0,0,0
sz000023,0,0,0
sz002249,2049,0,0
sz300250,0,0,0
sh600152,0,0,0
sh600671,601,1751,0
sh603110,0,492,0
sz300414,0,0,0
sz002017,0,0,0
sh601288,4301748,4097590,113948
sz300581,0,0,0
sz002108,0,2769,0
sz002292,0,0,0
sh601028,0,0,0
sh601100,2239,2390,0
