sz000727,7447,0,0
sh601788,10679,12179,0
sz002309,0,725,0
sz300359,0,0,0
sh600642,0,3703,0
sz300600,0,530,0
sz300055,2457,13813,0
sh600815,0,0,0
sz002154,0,0,0
sh600641,11049,5026,0
sz300541,1625,1304,358
sz002262,0,1800,0
sh601789,0,2257,0
sh600496,0,0,0
sh603456,0,1771,0
sh600446,8240,18750,854
sz000166,13348,13338,0
sh600548,0,0,0
sh603113,0,0,0
sz002143,6801,17266,0
sh601669,2018,2117,0
sh600592,39528,22657,0
sz002683,0,0,0
sz002793,0,0,0
sh600761,0,1000,0
sz300103,0,0,0
sh600738,0,0,0
sh603169,0,0,0
sz300259,0,0,0
sh600648,1379,0,0
sh601678,31580,6367,0
sh600979,0,0,0
sz000755,0,0,0
sz002725,0,0,0
sh601158,0,0,0
sh601949,1643,3161,0
sh603879,0,0,0
sh603628,0,0,0
sh601225,58753,55549,0
sz000948,0,0,0
sh601127,0,0,0
sz300512,0,0,0
sh600653,0,8890,0
sz002156,16997,9286,0
sh600189,0,0,0
sz002128,13181,14929,0
sh600433,2881,2536,0
sz000078,15775,46848,0
sz000514,0,0,0
sz000585,36500,28263,0
sh600182,421,0,0
sz002597,6922,2902,505
sh603138,579,771,0
sh600839,32143,124910,0
sz300494,0,0,0
sz002505,4474,5100,0
sz300490,0,0,0
sz002456,171649,155533,10943
sz000626,0,0,0
sz300273,0,0,0
sz300567,656,539,0
sz300390,0,0,0
sh600618,0,0,0
sz002111,0,1146,0
sz300357,415,0,0
sz002556,11376,1387,0
sz002048,2241,1078,0
sz002093,0,6665,0
sh600523,0,0,0
sz002727,509,500,0
sh600458,0,1116,0
sh600064,1000,1800,0
sz300123,0,0,0
sz300054,5406,4268,0
sh600895,2055,0,0
sh601012,30435,36076,2970
sz002508,8686,10274,621
sz000795,2700,1688,0
sz300151,0,0,0
sz300415,0,2669,0
sz300326,0,1242,0
sh603721,0,0,0
sz002571,0,0,0
sh603042,0,0,0
sz300250,0,0,0
sz002056,6368,8782,0
sz002506,12249,32275,0
sz300025,0,0,0
sz300474,0,366,0
sz300407,0,1086,0
sz002126,0,1500,0
sh600075,0,0,0
sz002347,0,0,0
sz002011,0,1254,0
sh600081,0,0,0
sz300003,8683,3351,0
sh603688,0,0,0
sz002884,0,0,0
sz300388,0,618,0
sz002026,0,0,0
sz002059,0,0,0
sz000998,12437,15327,0
sz000333,58523,64518,3229
sh603015,0,0,0
sz300325,11134,5569,0
sh600629,0,0,0
sh600228,1012,0,0
sh600680,0,0,0
sz002766,1456,1956,0
sh600083,0,0,0
sz002261,0,2985,0
sh603326,0,0,0
sz000711,5430,4708,0
sz300489,0,0,0
sz002318,1460,0,0
sh603320,0,0,0
sh603110,2882,4462,1117
sz300067,2067,0,0
sh601899,773317,806742,4265
sz002608,0,0,0
sz002308,0,3157,0
sh600275,0,0,0
sz300035,0,1549,0
sh603101,0,0,0
sh600290,6358,0,0
sh603020,0,0,0
sh603937,2727,6483,669
sh600093,12212,284976,0
sh603517,0,1672,0
sz000858,89994,116495,9782
sz002559,0,0,0
sh600233,1781,800,0
sz002650,15341,14178,5207
sh600280,0,10821,0
sz000963,3931,4018,0
sz300509,0,0,0
sz000837,0,0,0
sz300358,0,0,0
sz002787,0,0,0
sz002139,8585,18541,0
sh600316,1902,4582,0
sz002214,0,0,0
sh600823,386284,405413,6611
sh600551,0,0,0
sh603022,0,0,0
sz002031,4123,0,0
sh603380,0,0,0
sz002355,2005,4472,0
sz002823,0,0,0
sz300369,0,0,0
sz300658,0,0,0
sz002589,1955,4710,0
sz300214,0,0,0
sh600605,0,0,0
sh601900,0,0,0
sh600760,24097,27984,1890
sz000731,1346,1646,0
sz000099,0,1409,0
sz300655,0,0,0
sh603648,15304,4048,0
sz300118,0,0,0
sz300601,2589,302,0
sz002806,0,0,0
sz000622,0,0,0
sh600779,10644,15446,240
sh600851,0,0,0
sz002268,2819,12247,0
sz300307,0,0,0
sz000965,2000,0,0
sz300654,0,0,0
sh600971,7802,16110,0
sz002632,0,0,0
sh600298,33723,18139,2497
sz002071,0,6363,0
sz002502,0,0,0
sh600717,1785,0,0
sh603801,0,0,0
sz002527,0,0,0
sz002275,1000,0,0
sh603906,1514,0,0
sz000966,0,0,0
sz300497,0,0,0
sz002865,986,0,0
sz000779,0,0,0
sh601519,0,4714,0
sz300124,1611,3082,949
sh600616,0,0,0
sz000023,0,0,0
sz000776,82997,73928,822
sh600230,4854,6404,263
sh600961,0,0,0
sz000972,0,0,0
sz002194,1040,1043,0
sz300377,14532,10299,0
sz300553,0,0,0
sh600827,2630,1670,0
sz002862,0,0,0
sz300645,0,0,0
sz002737,0,1047,0
sh600400,0,3050,0
sh600336,0,0,0
sh603330,0,0,0
sh603005,0,991,0
sz300111,0,0,0
sz300404,0,0,0
sh600248,0,0,0
sz300515,0,0,0
sz002370,1213,800,0
sz300419,0,0,0
sh600031,356615,206676,6260
sz000528,1865,2684,0
sh601818,655808,977037,0
sh600754,6642,4303,0
sz300692,0,534,0
sh603118,0,0,0
sh603278,1717,0,583
sz002670,2759,9265,1304
sh600756,4679,1888,0
sh600881,0,0,0
sz300538,0,0,0
sz002740,0,0,0
sh600350,19202,3775,0
sz000415,0,0,0
sz300723,5664,6274,265
sh600321,4765,0,0
sz002220,0,0,0
sz002513,0,1101,0
sz002574,0,0,0
sh600982,0,4335,0
sz002763,0,0,0
sh603399,1025,0,0
sh603038,0,0,0
sh603183,392,1187,0
sz300233,0,841,0
sh600285,5985,17067,0
sh600673,11436,19702,0
sz002583,13060,17219,0
sh603929,1529,0,0
sz000651,234399,274401,29442
sh603129,0,0,0
sz300505,0,0,0
sz000617,0,0,0
sz000548,0,2000,0
sz002287,0,0,0
sh600237,0,0,0
sz002883,889,0,384
sz300217,8955,7198,0
sh600351,0,3148,0
sz000042,1639,876,0
sz300296,1692,8341,803
sz002353,3255,14245,0
sh600550,0,0,0
sz002299,2416,3089,0
sz300129,0,3817,0
sz002213,0,0,0
sz002795,0,0,0
sz300005,2600,1992,0
sz300262,0,0,0
sz002166,0,4049,0
sh600684,33686,12573,0
sh600022,40442,64948,0
sz002876,200,434,0
sh603738,0,0,0
sh600359,0,1707,0
sz002009,0,2768,0
sz300476,3880,2608,0
sh600234,0,0,0
sz002329,0,0,0
sh603716,0,0,0
sz002677,1530,0,0
sz002271,3282,584,365
sz002288,3909,1782,0
sh600435,0,8074,0
sh603559,1676,1247,625
sz002469,0,0,0
sz002316,1000,0,0
sh603678,0,500,0
sz300068,32178,36622,841
sz300612,20816,33934,3942
sz000157,69798,68363,6356
sz002832,0,0,0
sh600077,10019,6769,0
sz002319,0,0,0
sh603860,0,309,0
sh600898,0,0,0
sz000005,0,0,0
sh601999,0,0,0
sz000055,0,0,0
sz002301,6623,0,0
sh603029,0,0,0
sh600547,26464,30574,3376
sz300097,0,2097,0
sz000856,2586,10930,1003
sz002152,104522,110537,0
sh600718,2159,6476,1007
sz002681,0,0,0
sz002474,4743,4713,0
sz300401,5562,5015,581
sz000720,0,2704,0
sh600223,6166,0,0
sh603816,1213,760,0
sz300627,0,0,0
sz300312,23564,4120,1476
sz002285,175050,104616,7487
sh603903,0,0,0
sh603096,0,220,0
sz002475,59118,103919,2044
sz300276,0,0,0
sz300154,0,0,0
sh600997,0,2530,0
sz300657,2937,1204,0
sh603238,0,0,0
sz000802,0,0,0
sz002578,0,0,0
sh600139,0,0,0
sz300194,0,0,0
sh601666,26307,19164,1628
sz000807,71505,129086,5674
sh603970,803,350,0
sz300373,643,2594,0
sh601958,27923,9799,0
sh603208,330,0,0
sh601058,0,0,0
sz002437,0,2195,0
sz000791,1368,0,0
sh600612,250,0,0
sh603909,0,0,0
sz300648,0,388,0
sz000570,0,0,0
sz002566,0,0,0
sz000777,680,0,0
sz002790,0,0,0
sh600310,2000,0,0
sz300215,0,0,0
sz002714,16775,9063,0
sh601018,5711,0,0
sh603919,0,535,0
sz002631,0,0,0
sh600258,19195,10523,0
sh600729,2642,1690,0
sz300119,0,0,0
sz300106,0,0,0
sh600178,0,0,0
sz000815,1653,798,0
sh600889,0,0,0
sz002452,0,0,0
sz002158,0,1092,0
sz000903,0,0,0
sz300052,18393,28227,3706
sz300324,0,3304,0
sz300293,0,0,0
sh600819,0,0,0
sz300022,1946,0,0
sh601336,63825,66734,4380
sh603699,0,2071,0
sz000529,0,0,0
sz300354,0,0,0
sz300423,0,0,0
sz002653,0,0,0
sz000901,0,3078,0
sz000838,12725,9803,0
sh600728,0,6830,0
sh600984,0,1748,0
sz300604,0,0,0
sh603500,1456,971,0
sz002541,0,0,0
sz300335,6364,2056,0
sz000610,996,994,0
sh603030,1483,1999,0
sz002792,0,661,0
sz002666,31011,20818,9009
sz002410,4677,18697,0
sh600797,19124,16877,0
sz000936,0,0,0
sz300063,0,2080,0
sz300364,1371,0,0
sz000411,0,0,0
sh600406,20805,20637,0
sz300540,0,0,0
sh600621,4137,3378,0
sz000698,0,0,0
sz300480,0,700,0
sz002555,6131,24390,0
sz300177,0,0,0
sh600281,0,0,0
sh603800,0,0,0
sh600809,22555,16040,3292
sh603938,0,1521,349
sz300070,6497,37389,698
sz300736,0,0,0
sz000502,0,0,0
sh603766,16016,3367,0
sh601727,0,7031,0
sh600532,0,935,0
sh603616,0,1140,0
sz002181,0,0,0
sz002408,16808,861,1010
sh600323,0,2454,0
sz300360,0,0,0
sh600755,40853,44635,0
sh600282,68193,125674,0
sz300582,0,0,0
sz002020,5320,12518,2322
sh600893,3171,5971,0
sh600879,19637,56258,0
sz300347,1727,0,0
sz002531,2177,2198,0
sz002348,0,1898,0
sz002044,4119,1408,0
sh601515,0,1311,0
sz002229,1100,1073,0
sh600730,0,0,0
sh603416,0,0,0
sz300663,20650,77059,1469
sz300502,0,422,0
sz000609,0,0,0
sh600723,0,0,0
sz002869,1021,2141,0
sh600061,1660,783,0
sz002365,1838,6217,0
sz300309,500,527,0
sh601618,36970,16722,0
sz002068,0,5782,0
sz300351,0,0,0
sz002286,0,0,0
sz300555,0,0,0
sh601717,3906,6820,0
sz300184,0,0,0
sz002848,1531,9665,649
sh601939,636148,751233,8773
sz002409,426,2308,976
sz002118,2943,12313,0
sh603228,0,0,0
sh600773,0,4929,0
sz000798,0,0,0
sh603477,16121,26861,0
sz300716,1650,826,0
sz300085,0,738,0
sz002773,330,0,0
sh600122,42321,9806,0
sz300453,0,1700,0
sz002899,0,4353,0
sh600611,3000,2897,0
sh603111,5903,1950,0
sz002746,500,0,0
sz002240,0,0,0
sz002002,1500,3553,0
sh600844,0,0,0
sz002151,1821,11380,0
sz300690,0,0,0
sz000982,0,0,0
sz000061,0,4086,0
sh600767,0,3558,0
sh601009,189370,124969,0
sz300081,0,0,0
sz300275,2574,0,0
sz300002,85145,126045,16199
sz300708,4033,2752,0
sh600869,1984,0,0
sz300691,0,658,0
sh600697,0,0,0
sz002432,0,0,0
sz300212,0,3966,1097
sz300218,0,0,0
sz002847,0,0,0
sz300529,0,1000,0
sh600320,13483,14814,0
sh600279,0,0,0
sz000539,0,4563,0
sz002173,0,0,0
sz002827,0,0,0
sh600637,0,3095,0
sh600486,5586,2590,0
sz300222,811,1338,0
sz300438,427,0,0
sh600322,1550,0,0
sz002733,0,0,0
sz002498,0,0,0
sh600201,19732,10345,552
sz300630,350,0,0
sz300551,0,0,0
sz000572,2601,4000,0
sh601028,0,3000,0
sz002311,478,668,0
sz000597,1002,6896,0
sz000723,7416,0,0
sz300057,0,1197,0
sh600975,0,0,0
sz002030,2038,1284,0
sz300109,6971,4767,0
sz300400,0,0,0
sz000933,84124,83858,3296
sz002439,9808,25028,0
sh601226,0,0,0
sh603665,0,0,0
sz300677,805,0,0
sz300447,0,0,0
sh603159,0,0,0
sz000545,0,14509,0
sh603703,0,0,0
sz002743,0,1090,0
sz000869,3341,1857,0
sh600062,1570,5219,0
sh600101,0,0,0
sh600470,0,2000,0
sz300287,3156,17200,2078
sz300175,0,0,0
sz300533,0,0,0
sh603035,0,0,0
sh603303,0,0,0
sh601137,0,0,0
sz000025,0,0,0
sh600267,11482,10286,0
sh603277,0,0,0
sh600452,0,0,0
sh600855,0,996,0
sz000587,122997,25873,4047
sh603636,0,1229,0
sh600556,0,0,0
sh600671,880,558,0
sz300516,0,0,0
sz002330,6638,1549,0
sh600636,0,0,0
sz300113,4985,21223,0
sz300046,0,0,0
sz300559,0,0,0
sz000650,0,6732,0
sz300363,0,0,0
sh600936,0,0,0
sz002444,2797,10714,0
sh603300,0,0,0
sz000790,0,0,0
sh603041,0,0,0
sz000613,0,1700,0
sz002298,0,0,0
sz000876,283789,90863,0
sz002159,0,0,0
sz002601,10314,2457,892
sh600337,0,3388,0
sz002279,0,3526,0
sz000906,0,0,0
sh601880,0,8146,0
sz300340,1447,1551,0
sh600993,535,2008,0
sz300014,3241,10679,0
sz300448,500,0,0
sz002170,0,0,0
sz000038,0,0,0
sz002375,1500,0,0
sz002722,0,0,0
sz300286,0,0,0
sh600996,0,0,0
sh601318,610052,662113,99539
sz300466,29445,59639,0
sh603679,0,0,0
sz002070,0,3023,0
sh600035,2010,2300,0
sh600998,0,2000,0
sz300477,0,0,0
sz000669,0,0,0
sh601555,8378,1376,0
sh603609,0,0,0
sz002327,4349,12220,0
sh603922,2385,335,507
sz002377,0,1437,0
sz000977,38326,88045,583
sh600368,0,0,0
sz002338,0,0,0
sz002678,0,0,0
sz002322,0,0,0
sh600318,0,955,0
sz300164,5861,2290,0
sh603066,3638,0,0
sz002035,5282,5064,0
sz000537,52904,37522,0
sh600933,8922,6285,1623
sh601179,2290,0,0
sh600793,500,0,0
sz002137,0,1535,0
sz002187,0,0,0
sh600528,9594,5473,0
sz002062,0,0,0
sz002752,11636,1119,0
sh601101,0,0,0
sz002178,1950,0,0
sz300093,4001,7371,0
sz002097,0,0,0
sz300079,6436,0,0
sz001696,0,0,0
sh600126,0,0,0
sz300019,1447,0,0
sh600438,17887,37170,0
sz300478,1278,329,0
sz002707,0,0,0
sz002510,0,5393,0
sz002540,0,0,0
sz000623,24106,21646,0
sh603337,215,1310,0
sh600748,30199,32954,0
sh600184,0,0,0
sz300332,0,1730,0
sh600563,1388,3215,0
sh603979,0,2057,0
sz002715,0,421,0
sh600917,1010,0,1070
sz002772,0,0,0
sz300435,0,0,0
sz000919,0,0,0
sz002232,0,0,0
sh600483,0,0,0
sz000895,56961,51130,2462
sh600834,0,0,0
sh603683,17457,14090,2676
sz300028,0,0,0
sz300371,0,0,0
sz000909,0,0,0
sz002283,0,0,0
sh603203,0,0,0
sh600111,59032,72462,1052
sh600501,0,0,0
sz300282,0,1732,0
sh603323,1500,3044,0
sz002391,900,822,0
sz000809,0,0,0
sz000068,0,0,0
sz300642,0,0,0
sh601016,0,0,0
sz000546,688,4451,0
sh600710,1702,2000,0
sh600775,0,0,0
sh601019,873,0,0
sz002652,0,1450,0
sh600216,5697,9630,0
sz002242,10767,2209,0
sz000719,0,0,0
sz300355,11414,12342,0
sz002300,0,0,0
sz002588,1916,0,0
sz300534,2470,2474,0
sh600510,0,0,0
sh600297,3318,10580,0
sz002073,3101,0,0
sh600689,0,0,0
sh601163,518,0,0
sz002612,0,0,0
sz002136,0,0,0
sz002385,42067,21472,0
sh603055,2315,3638,0
sz002641,0,0,0
sh600156,0,0,0
sz002133,13097,6843,0
sz300610,0,0,0
sz002180,0,0,0
sz002457,0,0,0
sz300127,0,700,0
sz002509,12844,4444,0
sh603998,0,0,0
sh600706,0,0,0
sh603920,0,0,0
sh600192,0,0,0
sz002039,0,1000,0
sh600039,0,2500,0
sh603579,920,1165,0
sz000701,0,0,0
sz002172,0,0,0
sz002751,800,300,0
sz002723,0,0,0
sz000888,1296,1996,0
sz000880,0,0,0
sz000526,757,368,0
sh603269,0,0,0
sz300249,0,1725,0
sh600152,1736,1513,0
sh600476,0,0,0
sz000158,16628,1359,0
sz300001,0,772,0
sh603158,0,775,0
sz002778,0,0,0
sz000960,11547,8431,0
sh600661,0,0,0
sh600208,172846,163402,2077
sh603586,0,0,0
sz002426,2000,14432,0
sz000661,2976,2088,0
sz002084,0,0,0
sh600428,3181,0,0
sz000536,0,0,0
sz300632,0,0,0
sz300261,0,0,0
sh603444,169,214,74
sz002282,0,0,0
sh601199,0,0,0
sh600875,21996,8026,0
sz300535,0,0,0
sz300289,5200,0,0
sh600688,94611,132781,0
sz300436,0,0,0
sz002395,0,0,0
sz300178,0,2473,0
sh603313,0,0,0
sh600777,3065,32594,0
sz002617,0,0,0
sz000598,19408,23875,0
sh600037,806,5934,1505
sz300705,559,492,0
sz000553,3710,3361,0
sz002916,25794,39862,7053
sh603607,2927,1905,250
sh600029,578596,681744,7403
sz001979,363245,257145,22768
sh600461,0,2510,0
sz000989,5034,2240,0
sz002413,1200,1250,0
sz002482,6417,4220,0
sz300301,0,0,0
sh603825,890,450,0
sz002363,0,0,0
sz300352,0,0,0
sz000976,0,0,0
sz000153,0,1388,0
sh600649,9960,3053,0
sh600308,0,0,0
sz002798,0,2789,0
sz300269,0,0,0
sh603838,0,0,0
sz000552,0,8000,0
sz002215,0,0,0
sz000603,0,0,0
sh600780,0,0,0
sz000952,1021,0,0
sh603877,0,446,0
sh603788,0,0,0
sz002117,2973,6689,0
sh603533,4251,1162,633
sh603600,750,0,0
sh600135,0,0,0
sz300617,0,0,0
sz002877,0,0,0
sh600655,3115,0,0
sz300306,0,0,0
sh603058,0,0,0
sh600362,56935,140628,2485
sh600499,15764,35229,1630
sz000628,0,0,0
sh600731,0,0,0
sh603595,0,754,0
sh600128,0,0,0
sh600179,14502,8997,0
sh601808,11387,6487,0
sz300518,0,0,0
sz002629,3572,11201,0
sz000151,0,0,0
sz002732,0,0,0
sh600497,121643,231071,1439
sz300279,0,0,0
sh603180,74,220,0
sh600713,0,1758,0
sh600720,18732,18288,0
sh600744,0,0,0
sz000419,0,0,0
sh603661,0,0,0
sz002132,2300,6159,0
sh600503,1959,7427,0
sz002822,1671,0,0
sz000636,33174,75400,3722
sz002473,0,0,0
sz300572,0,0,0
sh603299,47801,28550,4842
sh600356,0,0,0
sz002909,5956,3785,1459
sh603040,0,0,0
sh603056,0,0,0
sh600582,0,21457,0
sh601007,0,0,0
sz000090,49537,14158,6242
sz002461,3895,2400,0
sh600333,12704,12200,1336
sz300532,0,0,0
sz300442,0,0,0
sh603080,0,1457,0
sh600525,4802,8142,0
sz300536,1153,1122,0
sh603017,0,0,0
sz002205,0,0,0
sz002596,33171,13255,1072
sz002878,0,0,0
sz000803,0,0,0
sh603685,289,723,0
sz002492,0,0,0
sz002603,2524,9880,0
sz300421,0,0,0
sh600238,0,0,0
sh600009,6614,5351,0
sh600054,0,0,0
sz002440,5826,8435,1044
sh600455,0,0,0
sz002780,0,0,0
sz300174,0,0,0
sz002860,0,0,0
sz002494,0,0,0
sh600894,0,0,0
sz002910,1002,1110,2050
sz000898,25617,48036,10010
sh603888,0,0,0
sh600857,0,0,0
sz002278,0,1404,0
sh600939,0,0,0
sz002244,180917,67351,0
sz002380,0,0,0
sz300649,0,0,0
sh600529,607,4451,0
sh600180,1486,0,0
sz002303,0,1990,0
sz300620,0,0,0
sz000799,20649,7523,1862
sh600306,0,0,0
sh600271,10863,10898,608
sh603889,1653,0,0
sz300729,0,0,0
sz002497,12936,20272,0
sh603899,427,900,0
sz000975,4774,12437,0
sz300682,502,0,0
sz002625,828,0,0
sh600865,0,0,0
sz002830,0,0,506
sh600339,0,0,0
sz002361,0,1962,0
sz002246,0,882,0
sz002367,0,0,0
sh600169,0,0,0
sh600527,0,0,0
sh600739,8774,561,0
sh600654,2313,4482,0
sh600161,1029,7927,0
sz300319,0,1503,0
sh603656,0,0,0
sh600495,0,1616,0
sz002349,0,0,0
sz300712,1823,1976,0
sh600030,972413,779785,45100
sz000868,17310,49469,3473
sz300059,168194,203025,4414
sh600010,38830,52849,0
sz300662,0,900,0
sz002019,5253,9141,0
sh600853,0,0,0
sh603868,163,0,0
sh603633,0,0,0
sz002736,2005,991,0
sz002748,0,0,0
sz300291,21452,8791,0
sz300094,7880,0,0
sz300195,0,0,0
sz002295,0,0,0
sh603882,0,1538,0
sz300607,0,0,0
sh600057,4088,0,0
sz002441,0,0,0
sh603355,0,0,0
sh603660,326,515,0
sh601126,0,0,0
sh601965,0,0,0
sz002292,0,3741,0
sz000768,41282,71139,1021
sh600401,0,0,0
sh603637,0,826,0
sz300105,0,0,0
sz300491,0,0,0
sz300305,0,0,0
sz000584,2000,0,0
sh603388,737,0,0
sz000521,0,0,0
sz000752,0,0,0
sz002770,0,0,0
sz002542,0,4876,0
sz300722,344,0,444
sh603639,0,0,0
sz300295,0,0,0
sh603308,2434,0,0
sz002643,1038,7207,0
sh601118,58801,32085,2719
sh600367,0,0,0
sz000401,317434,206012,13767
sz002687,0,0,0
sz002742,6042,2178,0
sz000967,0,0,0
sh600397,0,0,0
sh603019,25456,30863,289
sh601718,0,4496,0
sz002387,800,2435,0
sh600380,8348,23715,0
sz000823,10560,14074,0
sh603335,3508,1079,0
sh600426,61552,37670,2723
sz000783,18559,4031,0
sz000762,1583,2878,0
sz002310,12317,23790,0
sh603023,0,0,0
sh600987,0,1000,0
sh600127,0,0,0
sz000831,0,5673,0
sz002182,0,1717,0
sz300209,0,0,0
sh600165,0,0,0
sz002352,0,1474,0
sz300510,0,0,0
sh601328,601876,690130,0
sh600218,0,1514,0
sh600110,6588,15974,0
sh600283,0,0,0
sz300547,0,0,0
sh600287,0,0,0
sh600211,0,0,0
sz000420,0,0,0
sh600977,0,5529,0
sz000027,1874,0,0
sz002648,6002,13356,0
sz000567,0,0,0
sz002325,0,0,0
sz002343,1101,4185,0
sz300661,130,192,0
sz002069,1471,0,0
sh601169,55587,45876,0
sz000530,0,2636,0
sh600838,0,0,0
sh600466,209198,164585,7694
sh600926,40919,25845,0
sh603189,0,0,0
sz002212,10045,7343,0
sh603826,0,0,0
sh603505,0,0,0
sz000885,0,633,0
sz002757,0,0,0
sh603725,5345,10050,0
sz300108,0,0,0
sh603496,0,0,0
sz300432,0,0,0
sz002761,618,0,0
sz300701,338,0,0
sh600016,204413,229133,0
sz002835,0,0,0
sz300687,0,0,0
sh601801,0,1567,0
sh600363,0,897,0
sz002911,54487,42659,9619
sz000555,0,965,0
sz002892,1154,307,0
sz002451,875,600,0
sz300602,0,0,0
sz002797,100345,58889,0
sz002905,0,0,0
sz000926,83807,73131,1333
sh601997,29956,25360,0
sh600138,1111,1530,0
sh603181,1978,5855,0
sz002565,0,0,0
sz002539,0,0,0
sz000980,1192,1000,0
sz300337,0,0,0
sz000978,0,2902,0
sh600123,1093,5632,0
sh600097,0,0,0
sz000612,0,1303,0
sh600590,0,1000,0
sh603078,435,160,0
sh600703,246283,281758,12069
sz002384,28667,32213,1648
sh600395,0,7691,0
sz000505,0,2444,0
sz300342,0,0,0
sz300531,2265,17208,0
sh600315,1119,3224,0
sz000069,514362,425848,15268
sz002438,0,0,0
sz002140,0,0,0
sh603358,0,0,0
sh601518,0,0,0
sh600746,0,0,0
sh600533,72730,43643,3002
sh603033,0,0,0
sz300182,5711,18670,0
sz300700,531,1401,0
sh600354,0,0,0
sh603288,3221,3318,0
sz002799,0,0,0
sz002841,0,0,0
sz300479,0,0,0
sh600108,45632,7128,0
sh600017,3445,0,0
sz002265,0,0,0
sh600990,469,472,0
sh600507,21277,32326,2278
sh600890,0,1162,0
sz002185,65921,74855,3027
sz000050,5436,9385,0
sz002233,2137,2616,0
sh600212,0,4713,0
sh600644,0,0,0
sz300011,1000,0,0
sh603123,0,0,0
sz002335,0,0,0
sz002593,0,0,0
sz000686,9440,3800,0
sz002307,5278,0,0
sh603866,359,1341,0
sh600608,0,0,0
sz000561,0,0,0
sh601872,3373,0,0
sz300189,0,0,0
sz300034,0,5178,0
sh603311,0,0,0
sz300201,0,2000,0
sz000150,356,0,0
sh603729,0,0,0
sz000036,73321,65621,997
sz002221,3087,5128,0
sh600246,17243,12354,4333
sz300026,9435,0,0
sh600769,0,0,0
sh603606,0,0,0
sz300395,0,0,0
sz000600,1560,6940,0
sz002594,8545,12851,616
sh603165,0,0,0
sz300576,0,0,0
sh601881,32378,14575,1363
sh600377,12557,4491,0
sz000665,0,0,0
sh600595,7216,22175,0
sz000663,540,0,0
sh601069,3897,10034,3221
sh600353,0,1880,0
sh601168,16089,6663,2422
sh600207,0,0,0
sz002662,0,1551,0
sz002811,0,0,0
sz300584,609,0,0
sh603227,0,0,0
sz300245,0,0,0
sh600183,17740,34436,0
sz002857,0,0,0
sz300727,17794,11279,889
sz002491,0,850,0
sh600657,32284,15341,4157
sz000928,0,0,0
sh600467,0,0,0
sh600732,0,0,0
sh603000,0,0,0
sz000681,1800,12420,727
sz002241,40486,92015,0
sh600726,0,0,0
sz300430,0,0,0
sz300418,18234,7470,0
sh603106,44197,29976,3654
sz002280,1505,30010,0
sz300045,0,0,0
sz300327,0,501,0
sh600295,0,1693,0
sh600578,0,0,0
sh600604,32834,16041,0
sz300183,0,1512,0
sh600835,3997,13264,0
sh600864,0,0,0
sh603139,0,0,0
sz002455,16267,0,0
sz002796,0,0,0
sh600600,9734,8244,720
sh600018,57528,60891,0
sh600667,7030,23512,0
sz002269,0,0,0
sh600776,0,0,0
sz300171,0,0,0
sz002296,0,0,0
sh603869,0,0,0
sh600583,10962,28086,1741
sz002615,2100,0,0
sz000670,0,10849,0
sh600821,0,0,0
sz002734,0,0,0
sz300608,0,0,0
sz002236,25585,24724,0
sz002706,0,0,0
sz000887,2458,2609,0
sz300573,0,0,0
sz300043,3366,5022,0
sh603083,5734,1801,0
sh601015,0,1427,0
sz002614,0,0,0
sz000627,0,21627,0
sz300145,16933,23575,0
sz000524,0,0,0
sh601099,99562,57217,0
sh603555,13032,9565,0
sh600168,0,0,0
sz002584,0,2231,0
sz002386,3284,0,0
sz300172,0,0,0
sz002698,0,0,0
sh601566,0,1030,0
sh600116,0,1823,0
sz000981,1502,2552,0
sz002250,1296,4588,0
sh601991,16193,25153,0
sz300020,2060,5261,0
sz300495,5866,0,0
sz000423,13698,8446,897
sz002585,0,0,0
sh600571,9780,8758,0
sz002922,5832,5181,2318
sz300626,0,0,0
sz000818,4658,5254,0
sh600785,0,0,0
sz002217,17757,33509,0
sz002598,0,0,0
sh603008,3521,614,0
sz300136,89177,80293,7386
sh600522,80820,67275,4693
sh603006,0,0,0
sz000825,4165,42850,0
sz000030,0,0,0
sz000968,3592,6037,0
sz300469,0,300,0
sh600099,0,0,0
sh603336,0,510,0
sz002829,0,0,0
sz300537,0,0,0
sh603421,532,0,0
sz002016,12329,15889,0
sh600095,1645,0,0
sz002667,0,0,0
sz002898,475,1051,0
sh601139,0,4140,0
sz002184,0,0,0
sz002489,0,4853,0
sz300710,0,0,0
sz000632,0,0,0
sz300219,6528,0,0
sh600209,85184,87231,890
sz300345,0,0,0
sh600619,0,1166,0
sh601628,27335,35202,2033
sz300456,0,500,0
sh603977,0,0,0
sz300616,197,170,0
sh600848,3183,1351,0
sh601339,0,0,0
sz300192,0,0,0
sz300403,0,0,0
sh601636,103750,80112,0
sz002449,7406,14719,0
sh600789,34267,94429,5016
sz002837,0,0,0
sz000416,0,0,0
sh603085,400,0,0
sz300211,0,0,0
sz300265,0,0,0
sz300726,1439,794,0
sz300721,0,0,0
sh600897,0,0,0
sh600405,0,0,0
sz000690,4297,4529,0
sz000717,158639,203629,0
sh601858,1967,0,0
sz300130,500,0,0
sz300470,0,675,0
sz002561,0,0,0
sz002824,0,0,0
sh601500,0,0,0
sz002237,5068,14400,0
sz002364,0,0,0
sz002107,0,0,0
sh603126,0,0,0
sh601699,169400,216625,2134
sz002534,997,1001,0
sz300023,1559,0,0
sh600740,22809,22040,0
sz002724,0,0,0
sz002570,0,3606,0
sz300204,0,0,0
sh603518,0,0,0
sz300568,0,0,0
sz002852,0,0,0
sz002238,0,0,0
sh603997,0,0,0
sz002638,0,0,0
sh603538,0,0,0
sh603289,20084,24528,3096
sz300036,1057,1726,0
sz300051,0,10861,0
sz002290,0,959,0
sz002750,0,0,0
sz300530,0,0,0
sz000988,0,23814,0
sh600565,22771,3787,0
sz000835,1400,1259,0
sh600683,7460,0,0
sz000951,730,1371,0
sz002010,1842,2122,0
sz002081,13674,17592,0
sh600965,0,0,0
sh603878,0,0,0
sz000656,180454,94817,0
sz002204,0,5034,0
sz300484,0,0,0
sz002647,3479,716,0
sz000014,6321,6296,0
sz002206,0,0,0
sz000063,940306,674294,62695
sh600908,0,1615,0
sz300148,15928,5502,0
sz002479,13590,2148,0
sz002108,1514,6628,0
sz300483,464,708,0
sz000630,108241,138115,0
sz002915,920,3854,0
sz002088,0,0,0
sh600094,5343,13750,0
sh600056,6982,5181,0
sz002249,1503,8984,0
sh600502,5444,1610,0
sh600004,14004,16892,1041
sh600692,4292,9217,0
sh600415,11341,13190,0
sh601558,0,0,0
sz300596,0,0,0
sz002293,809,0,0
sh600163,0,0,0
sz002255,0,0,0
sz002334,0,0,0
sz300463,2268,0,0
sh600763,821,2399,0
sz002769,0,0,0
sz300199,0,7029,0
sh600240,21386,1492,0
sh603011,5817,0,0
sh601238,7267,7105,0
sz300579,0,0,730
sh603939,246,0,0
sh603855,1000,0,0
sz300622,0,0,0
sz000554,0,0,0
sz300501,0,0,0
sz300243,0,0,0
sz300101,4768,1936,0
sz000619,0,0,0
sz300725,6951,12480,94
sz300413,1433,4514,0
sz000729,94987,134840,0
sh601021,2862,2363,322
sh603499,460,0,0
sh600079,4317,3609,0
sz000543,3050,6078,0
sz300018,0,2874,0
sh600293,0,1454,0
sz002693,0,0,0
sh600817,0,0,0
sz300439,0,0,0
sz002342,0,0,0
sz002186,0,0,0
sh603718,0,0,0
sz002668,0,0,0
sh603003,0,0,0
sh600088,0,0,0
sh603333,0,0,0
sz300613,83,207,0
sh601002,8248,5755,0
sh603568,460,1132,0
sz002902,1390,0,0
sz002192,4493,9257,505
sz000088,1399,1297,0
sh600012,0,0,0
sz000915,4823,9150,0
sz000301,2914,0,0
sz002216,1342,0,0
sh600125,10319,24102,1044
sh600284,0,0,0
sz300227,500,0,0
sz300556,5438,13707,0
sh600687,1004,0,0
sz002464,0,0,0
sz002399,16072,12945,0
sz000576,0,0,0
sh600790,0,0,0
sz300488,0,0,0
sh600962,0,0,0
sz002472,0,1177,0
sz002728,0,0,0
sz300498,74634,21365,1444
sh600681,0,911,0
sz002420,0,0,0
sh603016,0,0,0
sz300397,0,707,0
sh600711,31058,23194,0
sz002801,0,0,0
sz000767,0,0,0
sz002052,0,0,0
sh603669,0,0,0
sz300329,0,0,0
sz002096,0,0,0
sz300044,0,1723,0
sz300603,0,0,0
sz000716,2136,0,0
sz002356,0,0,0
sz002558,0,0,0
sh600300,23435,5655,0
sh600749,0,4032,0
sz300047,0,4537,0
sz002197,0,0,0
sh600419,0,267,0
sz002821,703,3129,0
sz300247,0,0,0
sh600958,8488,8339,0
sz002504,4183,0,0
sz002544,1516,0,0
sh600826,0,0,0
sh603515,300,1300,0
sh600096,0,0,0
sz300006,0,1772,0
sh600721,0,0,0
sh600059,7186,0,0
sz300563,0,0,0
sz000882,4000,0,0
sz002169,0,0,0
sz000611,0,0,0
sh601377,29770,26189,0
sh603186,0,0,0
sh603226,0,0,0
sz300527,0,0,0
sz000828,0,0,0
sh601233,22453,11556,432
sz002337,0,0,0
sz300619,0,0,0
sz000407,1316,0,0
sh603898,416,0,0
sz002901,0,805,0
sz300638,0,0,0
sz300733,0,0,0
sz000550,0,3368,0
sh603799,25756,20290,3403
sz300507,0,0,0
sh603359,0,400,0
sh600638,0,0,0
sz002671,0,0,0
sz000892,0,0,0
sh603566,0,0,0
sh600871,30094,26971,0
sz002550,0,0,0
sh603200,0,0,0
sz002252,1001,3001,0
sh601888,37479,31597,1019
sz300353,0,872,0
sh600261,0,0,0
sh600999,48155,47746,1690
sz000712,0,1820,0
sz002775,0,1500,0
sz002100,1298,0,0
sh600792,0,0,0
sz002500,12027,11721,0
sz000058,0,0,0
sh600120,942,3347,0
sh603197,0,0,0
sz000404,5289,14211,0
sh600173,6276,8795,0
sz002090,0,0,0
sh600862,0,0,0
sz300686,4323,4723,0
sz002209,0,0,0
sz300350,0,0,0
sz300242,0,0,0
sh600831,0,0,0
sz002810,0,0,0
sz300569,0,0,0
sz002435,8607,679,0
sh601186,23735,2003,0
sz002700,1024,5817,0
sz300288,0,0,0
sz002699,0,0,0
sh600694,0,336,0
sh600229,0,0,0
sh603218,0,0,0
sz000707,0,0,0
sz300675,2915,4384,0
sz300015,8569,8591,1136
sh603811,0,0,0
sh600106,0,0,0
sz002674,1020,3206,0
sh603612,1148,212,0
sh600236,0,4101,0
sz000983,20075,22437,0
sz300560,720,0,0
sz000565,0,0,0
sz000816,9155,5269,22561
sh600682,17613,1826,0
sz300669,0,0,0
sz300297,0,0,0
sh603161,700,361,0
sh600330,8711,8501,0
sz000848,8484,5170,0
sz300427,0,726,0
sh600048,1280534,1117775,102017
sz002254,23791,4590,0
sh603507,783,592,0
sh603136,0,0,0
sz300586,0,0,0
sz002412,6904,3420,8101
sz002243,0,0,0
sz300076,0,0,0
sz002468,0,0,0
sz000850,0,4000,0
sh603987,827,0,0
sz300526,0,0,0
sh600305,950,1012,0
sz300100,0,0,0
sz002447,326050,378024,13773
sz002688,0,0,0
sz002167,6041,4188,0
sz002403,0,0,0
sz000625,18292,6532,0
sz002478,0,2000,0
sh603722,7626,17115,544
sh603728,0,0,0
sz000559,0,0,0
sz300472,0,409,0
sz300300,900,0,0
sh600630,0,0,0
sz300299,0,0,0
sh603298,0,0,0
sh603177,2177,905,0
sz300713,0,160,0
sz300341,0,0,0
sz300396,0,0,0
sz000541,1209,0,0
sh600348,14919,10701,0
sz300376,0,8033,0
sz300241,1000,0,0
sz000568,17284,20638,1132
sh603528,0,0,0
sh600796,0,0,0
sh600185,169099,161563,1962
sh600493,4178,1500,0
sz002859,414,380,0
sh600130,0,1490,0
sh601800,4327,3059,0
sz002514,0,0,0
sz002018,0,19900,0
sz002546,0,0,0
sz300611,0,0,0
sz002708,0,0,0
sh600783,0,0,0
sz002686,0,2100,0
sh600675,10699,4907,0
sh603707,0,1068,0
sz000066,8523,13289,0
sh600742,6436,1441,0
sh600824,0,0,0
sh601128,5016,10006,0
sz000517,239919,205378,35961
sh600712,0,0,0
sz300110,28148,5966,7486
sh600567,77783,86828,0
sz002913,939,862,0
sh600171,2844,6953,1046
sz300735,14546,25510,6054
sz002573,3317,17411,0
sh603519,0,0,0
sh601633,5759,948,0
sz000917,0,1278,0
sh600561,0,0,0
sz300126,0,0,0
sz300683,0,0,0
sz300075,0,681,0
sh603157,2632,2595,0
sh600381,0,0,0
sz300636,0,0,0
sz000756,2051,7095,0
sh601882,1300,0,0
sz002085,903,0,0
sh603028,0,0,0
sz000789,66129,60904,1085
sz300410,500,0,0
sz300681,0,0,0
sh600292,0,3652,0
sh600117,2003,2001,0
sz002390,19557,12937,0
sz002602,1496,980,0
sz001965,82762,85278,3060
sz000993,0,0,0
sh603803,0,0,0
sz002273,8222,16221,0
sz000761,12805,2234,0
sz000886,65971,44559,0
sz002880,0,0,0
sz002121,0,2550,0
sh603601,1000,0,0
sz300274,1435,3107,0
sh600841,0,0,0
sz300693,447,300,0
sh600860,0,0,0
sh601992,189371,110916,0
sh600701,0,3047,0
sz300050,1798,0,0
sz002548,0,0,0
sh603690,0,0,0
sh601996,3198,5378,0
sh600686,1132,1007,0
sz000785,0,0,0
sz300348,0,0,0
sh600491,0,1593,0
sh600858,0,0,0
sz002315,0,0,0
sh600027,0,15515,0
sh600580,0,7094,0
sz002893,13693,16974,1236
sz300473,0,0,0
sh600585,113498,104989,7609
sz300585,0,0,0
sh601006,153209,184275,0
sz000918,3905,0,0
sh600660,4846,7224,0
sh600559,18343,10977,328
sh601689,0,0,0
sh600724,0,0,0
sz002161,0,8481,0
sz000839,40699,61995,0
sz002411,448,0,0
sz002537,1622,2373,0
sz002840,3814,709,0
sh603025,0,0,0
sz300475,0,1017,0
sh600158,0,0,0
sz002115,0,0,0
sh600558,3019,16169,0
sh603339,0,0,0
sz300698,1078,4045,604
sz300417,0,0,0
sz002259,0,0,0
sh603328,1000,0,0
sh600805,0,0,0
sz300581,0,0,0
sz300115,20401,45216,3416
sz002735,0,0,0
sz300336,0,1201,0
sz000987,0,0,0
sz002067,3888,0,0
sh600172,2180,10324,0
sh603369,45740,19848,628
sz002609,2000,0,0
sh603368,0,0,0
sh600498,9615,16826,528
sz300315,1908,2161,0
sh600118,0,6171,0
sh601117,90320,49023,0
sz300205,3897,0,0
sz002124,3320,0,0
sh603081,0,1757,0
sz000739,0,0,0
sh603619,27764,27655,9740
sz300387,0,0,0
sz000608,0,18115,0
sh600727,1234,0,0
sh603305,0,784,0
sh600690,351002,314554,23141
sh600262,0,0,0
sz002165,0,0,0
sz300374,0,0,0
sh600892,4463,18033,0
sz002396,15706,44394,0
sh600837,42535,19790,1310
sz002663,4543,1774,0
sz300193,2000,0,0
sz000633,0,0,0
sz000797,0,881,0
sz000959,0,0,0
sz000935,3098,7043,0
sh600247,0,0,0
sz300382,5212,700,1200
sz300238,1505,0,0
sh600967,10238,15818,0
sz300678,190,0,0
sz002089,0,2000,0
sh601333,125076,106093,0
sz002709,1316,1172,0
sh600058,1864,1922,0
sz300591,0,0,0
sz002083,1483,0,0
sh600546,0,9303,0
sz300409,3783,1438,0
sz300381,0,0,0
sz300077,20019,24923,0
sz002141,0,0,0
sh600778,0,0,0
sz002873,320,1555,0
sz300092,0,0,0
sz002256,0,2344,0
sz002872,0,333,0
sz300408,26921,47379,1846
sh600388,9565,11719,0
sz000606,0,0,0
sh600513,0,1534,0
sz300549,0,0,0
sz002450,192223,252813,12113
sz300545,272,393,0
sz300405,0,0,0
sh601611,1009,3282,0
sz002488,0,2226,0
sz002611,0,0,0
sh603968,0,0,0
sz300623,0,0,0
sz300270,0,0,0
sz300235,1903,13214,0
sh600652,91402,88179,9577
sz002881,0,0,0
sz300640,500,0,0
sh603086,0,0,0
sh600338,2225,1380,0
sz002203,0,0,0
sh600460,133183,89198,3011
sh601890,0,1610,0
sz000821,2123,9856,0
sh600260,1853,2504,0
sz300083,3838,12055,0
sz300344,0,0,0
sh600696,2944,1604,0
sh600766,0,1221,0
sz000060,27050,58451,904
sz000011,12589,4148,0
sh603808,0,0,0
sh600765,0,8590,0
sh603966,0,0,0
sz002490,0,0,0
sz002918,545,390,0
sz002198,0,0,0
sh603589,13608,5718,506
sh600358,15208,0,0
sh603819,0,0,0
sh600072,0,0,0
sh600021,4467,4910,0
sz000525,1207,3121,0
sz300384,0,0,0
sh601208,0,0,0
sz002624,808,2466,0
sz002190,1164,876,0
sh603918,0,0,0
sh603316,0,0,0
sz000737,0,0,0
sh601326,18370,4025,0
sz002208,0,0,0
sz002328,0,0,0
sh600340,272473,188002,22324
sh601579,0,0,0
sh600833,0,1082,0
sz002326,2572,0,0
sh603179,3190,17096,0
sh600903,66266,43359,4552
sh603225,1633,1058,529
sz002695,0,0,0
sz002779,0,800,0
sh600822,0,4435,0
sh600175,51625,11697,0
sh600662,0,0,0
sz002394,0,0,0
sz300102,0,12694,0
sz300664,35133,40278,25005
sz300503,0,0,0
sh600978,11230,9433,0
sh603618,0,0,0
sz002626,3806,7996,0
sz300084,2185,0,0
sz000018,0,0,0
sh600199,5754,0,0
sh603776,0,0,0
sh600515,7599,7317,0
sz300670,0,0,0
sh603833,1086,203,0
sz002373,0,6431,0
sh600449,2200,4091,0
sz002843,0,0,0
sz000672,34601,30254,1386
sz000905,0,0,0
sh600387,0,0,0
sz300571,0,0,0
sh600640,0,0,0
sz002577,0,0,0
sh603887,1039,1233,0
sz002066,0,0,0
sz002776,0,0,0
sh600702,28169,9098,727
sz002446,1237,4000,0
sz002845,0,0,0
sh600787,110514,26500,0
sz002568,2528,811,0
sz000851,0,5763,0
sh600373,7368,12109,0
sz300179,0,0,0
sz300266,10694,11668,0
sh600887,264318,233850,12951
sz002321,56606,28598,0
sz300625,0,0,0
sz002116,0,1000,0
sz300513,0,0,0
sh600418,0,4479,0
sz002758,0,0,0
sz002503,2000,1864,0
sh600078,0,0,0
sh600508,1000,0,0
sh600369,17419,0,0
sh600557,0,0,0
sz002586,1500,0,0
sz300087,0,0,0
sh603116,0,0,0
sh600883,0,1096,0
sh600439,0,0,0
sh603768,0,0,0
sh600149,4002,0,0
sz002051,587,5771,0
sh603880,0,538,0
sz300482,1319,0,0
sh603843,800,0,0
sz000039,35674,25545,0
sz300676,291,388,60
sz300519,0,0,0
sh600383,406164,388766,19179
sz002528,0,0,0
sz002050,32268,43256,1402
sh601177,0,0,0
sz002712,592,0,0
sh600736,4866,0,0
sh603377,0,0,0
sz002333,0,0,0
sz002906,2623,1875,0
sz002418,0,1306,0
sh600545,0,3455,0
sh600568,4033,0,0
sz002863,0,0,0
sh601985,60846,6906,0
sz002228,0,0,0
sz002616,0,0,0
sh600425,2734,0,0
sz002057,0,0,0
sh603969,0,769,0
sh600576,1382,7141,0
sz000429,0,1782,0
sz002404,0,0,0
sz300461,0,0,0
sz002401,2345,851,0
sh603588,0,0,0
sh600623,0,1210,0
sh600828,1651,0,0
sz300160,0,0,0
sz300578,0,0,0
sh600537,0,3232,0
sz002382,39660,80935,5616
sh600141,5774,6038,0
sz000957,0,2272,0
sz000695,0,0,0
sz300689,0,0,0
sz000738,1213,2552,0
sz000615,76022,55429,3394
sz300007,39452,37176,2066
sh603959,403,0,0
sz300346,789,0,0
sh600121,0,0,0
sh600589,0,0,0
sz000413,44841,40208,0
sz300459,0,0,0
sh603698,0,0,0
sz002277,5020,0,0
sz300213,0,0,0
sz002826,6318,3001,5540
sz000702,0,0,0
sz300252,774,0,0
sz000049,4482,11190,417
sz000861,0,0,0
sz000637,1760,2005,0
sz300639,819,461,0
sz002908,21833,21809,5079
sz300521,0,0,0
sz000760,0,0,0
sz000582,0,1288,0
sh601258,11393,0,0
sz300719,2528,1863,0
sh603458,0,235,0
sz000938,3866,3422,0
sh600352,104950,65848,0
sz000680,0,0,0
sz002023,0,2971,0
sh603002,16487,13720,0
sz002613,2863,3076,0
sh600036,149142,167835,12817
sh603043,1181,0,0
sh601198,3165,943,0
sh600325,424573,303843,15892
sh600063,0,4885,0
sh603229,0,766,0
sh603711,2998,3088,0
sz002679,0,0,0
sz002855,0,0,0
sz002499,0,0,0
sh603198,4884,0,0
sz002406,0,0,0
sz002389,607,2682,0
sz300380,707,0,0
sz300231,2326,2631,0
sz002645,1965,638,0
sz300331,0,0,0
sh600594,0,4761,0
sh603321,13378,7445,3121
sh603527,350,461,0
sz000488,67727,26241,0
sh601616,2733,0,0
sz002415,71183,60831,5841
sz002882,2652,3075,0
sz002077,0,1000,0
sz002065,67750,96205,2393
sz002142,28828,25018,528
sh600268,0,0,0
sz002200,0,1000,0
sh600812,0,0,0
sh600825,0,0,0
sh601998,93144,95959,0
sh601595,0,0,0
sz002521,0,0,0
sh600606,1725861,1400883,96473
sh603365,1076,1757,0
sh600969,1905,0,0
sz300431,11084,9462,476
sz300066,0,0,0
sz002378,0,0,0
sh601567,0,0,0
sz300462,500,572,0
sz002193,7884,0,0
sz300099,0,0,0
sh600332,8595,17252,384
sz000501,5218,0,0
sh603089,0,0,0
sh603488,4193,1235,673
sz300021,0,0,0
sz002808,0,0,0
sh600256,8980,22348,0
sz002462,403,975,0
sz000400,1002,13866,0
sz300157,9838,8944,0
sh603615,0,0,0
sz002448,0,0,0
sz300393,0,0,0
sz002227,0,0,0
sz300328,0,0,0
sz002813,0,0,0
sz300349,3942,1797,0
sz300267,20031,18836,0
sz300420,0,0,0
sz002599,2378,0,0
sh600505,0,0,0
sz300181,0,4558,0
sh601111,303052,334933,8589
sz002314,5294,1723,0
sh600203,2585,0,0
sz300264,0,0,0
sz300029,0,0,0
sz002313,1171,352,0
sh603127,0,0,0
sz300707,0,0,0
sz000911,0,1145,0
sz002890,0,0,0
sz300202,0,0,0
sz002422,3020,10924,393
sz002138,0,5001,0
sz002305,3443,0,0
sz300517,0,0,0
sz300198,0,0,0
sh601212,0,11960,0
sz002560,0,0,0
sz002495,0,0,0
sz002144,0,0,0
sh600624,0,0,0
sh600329,0,700,0
sh601008,0,0,0
sz300061,0,0,0
sh601766,568967,348381,0
sz300322,0,2181,0
sz000927,10101,5011,0
sh600584,25495,53744,1445
sh600836,0,0,0
sz300539,0,0,0
sh600436,12536,4542,166
sh600647,0,0,0
sz000718,77279,70171,0
sz300493,0,0,0
sz002726,0,0,0
sz002786,0,0,0
sz300668,0,0,0
sh600170,11910,5665,0
sz002104,8718,6813,0
sz000596,14893,5337,450
sz002781,0,0,0
sh601086,148668,95368,23537
sh600617,0,0,0
sh603757,0,0,0
sh603067,0,0,0
sh600639,611,0,0
sz000410,2634,2213,0
sz002284,0,3447,0
sz300142,98439,77461,7481
sh600676,0,0,0
sz002428,40008,8189,0
sh600506,0,0,0
sz002921,5876,1831,1447
sz000020,0,0,0
sh600678,959,0,0
sz002218,4646,4026,0
sz300552,0,0,0
sh600764,2067,500,0
sh600052,0,5770,0
sh603758,0,0,0
sz002263,5000,3500,0
sz002519,0,2000,0
sh600025,1457457,1320765,48446
sz300228,4396,0,0
sz002627,0,0,0
sh600966,16143,1927,0
sh600312,0,1046,0
sh600475,0,871,0
sh600517,0,2255,0
sh600725,0,0,0
sz002567,0,0,0
sz300665,0,0,0
sh600213,0,0,0
sh603319,0,0,0
sz000962,0,0,0
sz000534,1654,860,0
sz300378,0,0,0
sz002431,3613,7701,0
sh600241,0,0,0
sz300088,35616,48782,0
sh603806,0,386,0
sz300339,992,0,0
sh600876,0,0,0
sz002463,9198,26485,0
sh600076,12093,29131,0
sh600693,6695,15458,0
sz002076,0,0,0
sz000671,215824,139944,6438
sh600781,0,0,0
sh603077,5200,28155,0
sz300615,0,0,0
sh600091,0,0,0
sh600069,0,0,0
sz002842,288,0,0
sz300460,0,0,0
sh600959,0,2776,0
sz002511,3478,11434,0
sh600622,5646,4336,0
sh601375,61315,19337,5617
sz002825,0,0,0
sz300294,0,500,0
sh601218,0,0,0
sz002484,0,7198,0
sz002582,0,0,0
sz002099,0,0,0
sz300575,253,0,0
sz300144,1000,1956,0
sz300414,0,0,0
sz002055,1180,0,0
sz002419,3088,1607,0
sz002658,0,0,0
sh600313,0,0,0
sz002339,0,1256,0
sh603963,0,857,0
sh600579,2500,0,0
sz002896,0,0,0
sh603036,0,0,0
sz000971,12807,5848,0
sh601668,1149803,1370349,31779
sz002903,1110,1242,0
sz002789,0,0,0
sz002445,0,0,0
sh603010,0,0,0
sz000883,3128,0,0
sh603076,298,447,0
sh600133,7932,6512,0
sz300362,0,0,0
sz002600,28444,57422,0
sz300206,0,2362,0
sz002113,0,987,0
sz002191,0,0,0
sz002692,0,1100,0
sz300508,0,0,0
sz300224,1768,2619,0
sh603859,0,0,0
sz000544,1000,0,0
sz300012,26639,6274,0
sz000037,0,0,0
sh603817,0,0,0
sz000048,0,0,0
sz000595,0,0,0
sz002551,0,0,0
sz000728,6025,12554,0
sh600719,2042,2059,0
sh601166,614619,826305,12260
sz300660,0,0,0
sz000593,0,0,0
sh600478,1500,12150,0
sz002762,0,0,0
sz002379,0,0,0
sz000605,563,0,0
sh600668,0,0,0
sz300096,2501,1952,0
sh603508,0,0,0
sz000002,348995,258754,31104
sz300268,910,1375,0
sh600421,0,0,0
sh600535,1535,2590,0
sh600572,4313,11468,0
sz300590,0,500,0
sh600188,47309,38183,0
sz300467,0,0,0
sz300399,0,0,0
sh600722,0,0,0
sz002807,1680,4826,0
sz002875,0,0,0
sz000100,354748,365448,0
sh601288,3252739,3781785,4113
sz000692,0,0,0
sz002576,0,2617,0
sh603916,2380,4794,0
sz002148,0,2782,0
sh603133,0,0,0
sz002587,0,2531,0
sz002047,1461,1500,0
sh600540,0,4023,0
sh600202,3933,21596,0
sh600866,0,0,0
sz300402,0,0,0
sh600716,0,3240,0
sz002839,0,1346,0
sh600500,1532,5020,0
sz002850,0,0,0
sz000913,0,2401,0
sz000590,0,0,0
sz000897,3543,0,0
sh601098,0,2151,0
sh603166,0,0,0
sz000910,1468,0,0
sh603856,2580,570,0
sh600177,47461,18005,0
sz002812,2704,1654,0
sz300437,0,0,0
sz300197,4236,1027,0
sz002038,1331,1664,0
sh600674,15190,35160,0
sz002654,0,0,0
sh603928,0,0,0
sz002554,0,0,0
sh603890,916,0,0
sh600856,30292,19334,0
sz002889,768,15530,872
sz002421,12775,28738,0
sh603389,0,0,0
sz002049,20728,22156,559
sh600549,5824,20433,0
sz002430,3264,14872,0
sh600603,0,0,0
sh600160,6096,10756,0
sz002060,0,2769,0
sh600801,19748,4229,0
sz000801,0,0,0
sh600196,58102,43504,4966
sz002130,7282,2000,0
sz002105,0,0,0
sh600757,0,0,0
sh600651,0,1171,0
sz000860,14800,20254,518
sz002091,0,0,0
sz002685,10596,5612,0
sz000921,30377,9215,2158
sz300138,0,0,0
sz000726,4820,5177,0
sh600469,0,0,0
sz002383,4873,8019,1530
sz300471,0,0,0
sz300313,0,0,0
sh600620,0,0,0
sh600303,0,0,0
sh603611,0,0,0
sz002054,0,0,0
sz300732,399,512,0
sh600995,0,0,0
sh603767,0,0,0
sh600033,9532,14978,0
sz002640,6161,8842,0
sh600098,2000,2489,0
sz000958,0,2146,0
sz300311,0,0,0
sz300406,0,0,0
sh600370,0,0,0
sz300237,0,0,0
sh600038,6145,14583,0
sz002264,3445,0,0
sz002034,0,0,0
sh600416,0,3222,0
sh600560,0,0,0
sz300039,0,3686,0
sh600814,0,0,0
sz002886,0,300,0
sz000096,0,0,0
sz002317,11595,841,0
sh603386,16256,18319,0
sz000970,8064,21488,0
sh600220,0,0,0
sh603558,0,0,0
sz002177,7197,0,0
sz300592,3289,0,0
sh601106,0,0,0
sz000725,4696521,3956758,6182
sz002815,0,0,0
sh600372,0,944,0
sz002831,980,1686,0
sz300720,298,300,0
sz000782,0,0,0
sz002755,0,0,0
sz002644,0,0,0
sz002381,0,0,0
sh600530,0,2185,0
sz300065,0,762,0
sh603367,1575,485,617
sh601677,1923,1674,0
sh601211,51784,48920,620
sz300485,0,0,0
sh600086,4950,8450,0
sh600741,25824,34028,1605
sz002013,0,0,0
sz002777,0,0,0
sh600708,35385,27144,0
sh603823,0,0,0
sz000899,0,0,0
sz002022,0,1290,0
sz300153,0,0,0
sz300416,0,0,0
sh600398,51831,13429,0
sh601229,107673,44616,0
sz300641,0,0,0
sh600861,0,0,0
sz300343,0,0,0
sz300562,521,0,0
sz300598,0,0,0
sz300117,0,0,0
sz000004,0,0,0
sh601988,710241,699242,0
sh603233,0,0,0
sz002522,0,0,0
sz300711,2850,962,0
sz002207,7096,4709,2394
sh603090,0,0,0
sh603787,1917,0,0
sz300550,0,0,0
sz002673,8790,10390,0
sz000881,0,0,0
sh603809,856,535,305
sh603603,0,0,0
sz002691,0,0,0
sz002042,0,0,0
sh600665,2151,3414,0
sh600379,0,0,0
sz002274,0,0,0
sz300697,2075,1369,508
sz002628,7689,0,0
sh600255,0,2836,0
sh603737,0,183,0
sh600074,0,0,0
sh600526,0,3083,0
sh601155,69192,54286,3738
sz002129,66810,82755,1233
sz002199,0,0,0
sz300062,0,0,0
sz002417,0,0,0
sz002753,0,0,0
sh600872,1347,3335,0
sz002820,0,0,0
sh600050,215845,194586,0
sh601866,0,0,0
sh600023,28925,21430,0
sz002861,0,0,0
sh600235,0,0,0
sz002741,0,0,0
sh600512,18227,8291,0
sz300398,0,0,0
sz300027,7608,12321,1272
sh600053,462,0,0
sz002716,4846,3921,504
sz002003,0,2230,0
sz300210,0,0,0
sh601799,627,3341,0
sz300695,300,130,0
sh603026,0,614,0
sh603818,0,0,0
sz002368,1486,3695,1072
sz000639,3389,1234,0
sh600215,0,0,0
sz000793,60746,24233,2000
sh600317,0,0,0
sz002041,0,1170,0
sz000089,1206,5083,0
sz000810,0,0,0
sz002703,0,0,0
sz000008,0,24128,0
sh600886,19402,32827,1925
sh603322,0,0,0
sh600900,39566,77205,640
sz002675,0,3780,0
sh600055,709,3335,0
sz002713,0,0,0
sz000800,55474,45636,4887
sz300280,400,0,0
sz000538,10877,8634,1079
sz300132,0,0,0
sz002369,60043,137846,10402
sh600115,262683,313285,5987
sh601933,439790,281862,6217
sz002476,0,0,0
sh603338,0,1163,0
sh600463,0,9414,0
sh603976,1349,0,0
sz300468,2587,1214,1440
sz000409,4040,0,0
sz002123,9723,2809,0
sz000697,496,500,0
sh600771,2466,257,0
sz002919,2203,620,0
sz002595,0,0,0
sz002188,0,1507,0
sz002331,976,0,0
sz300565,0,0,0
sz300597,0,0,0
sh603813,1246,806,514
sz300643,0,0,0
sz002046,0,0,0
sh603306,0,0,0
sh600008,7893,30178,0
sz300506,559,470,0
sh600231,5022,7738,0
sz300451,443,0,0
sz002717,0,0,0
sz300651,0,0,0
sz002040,0,0,0
sz300561,0,267,900
sh603608,0,0,0
sh600015,28804,72792,0
sh600587,0,700,0
sh603980,5536,1013,0
sz002176,10383,27421,0
sz002526,0,0,0
sz000422,0,0,0
sz002731,0,0,0
sh600919,53868,46597,0
sz000682,0,0,0
sh600643,3158,0,0
sh601798,0,0,0
sz300170,0,5285,0
sh603886,0,0,0
sz000829,0,0,0
sz002094,12429,3584,0
sh600863,5030,18322,0
sh603778,0,0,0
sh603501,1250,819,0
sz002672,859,3713,0
sh600067,18710,0,0
sz002436,0,0,0
sz000062,442,607,0
sz000518,0,0,0
sz002120,0,604,0
sz002155,4764,2331,0
sz002486,0,9607,0
sh600391,0,1725,0
sh601777,0,0,0
sz300239,0,0,0
sz300449,539,0,0
sz300147,1773,0,0
sz000655,0,0,0
sz000016,1630,8250,0
sh603536,0,0,0
sh603798,0,0,0
sz002711,31732,38638,1684
sz300284,0,0,0
sh603108,0,6123,0
sh600355,0,0,0
sz002900,965,1808,511
sz002802,0,0,0
sh603223,0,711,0
sz300671,0,0,0
sz002248,2748,4573,0
sh603178,0,0,0
sz002376,2622,998,0
sz300428,0,0,0
sz002606,57993,24505,0
sh603989,0,1116,0
sz002605,0,0,0
sz002529,799,1802,0
sz002095,0,0,0
sz000417,0,0,0
sz002289,951,2953,0
sh600269,8587,12140,0
sh600335,0,1593,0
sz300434,0,0,0
sh600891,0,0,0
sh600536,0,2600,0
sz002803,0,0,0
sh603630,0,0,0
sh600759,0,8384,0
sz002234,0,0,0
sz300599,0,0,0
sz000659,0,9857,0
sh601886,2849,12362,0
sh603663,0,0,0
sz000558,2000,0,0
sz002466,27171,34129,4983
sz300633,0,0,0
sh600593,0,0,0
sz300030,0,0,0
sh603708,1400,499,0
sz300685,898,616,0
sh601107,0,0,0
sz300450,626,1725,0
sh603012,0,0,0
sz300120,1420,0,0
sh600146,3793,0,0
sz002543,6116,559,0
sh600456,2464,7784,0
sz000021,157712,261508,5982
sz002304,12194,9194,723
sz000059,17002,19645,0
sz300246,0,0,0
sz002354,23913,1440,0
sz000418,2363,439,0
sh600481,0,0,0
sz002661,776,0,0
sh600113,0,0,0
sz300114,0,0,0
sz300146,16848,10447,0
sh601929,9606,16933,0
sz002028,3627,4709,0
sh600750,5439,1661,0
sh600597,13029,8749,0
sz002272,0,0,0
sh600543,929,1004,0
sh603357,10755,3521,0
sz002483,3399,0,0
sz000159,0,0,0
sh600963,8045,4086,0
sz002591,0,0,0
sz002106,6029,1604,0
sz002434,0,3711,0
sz300078,4422,16375,0
sh600882,0,0,0
sh601001,0,1772,0
sz300365,5182,2702,0
sh603196,912,0,0
sz002535,0,0,0
sh603917,923,2941,0
sh600873,10856,1979,0
sh600596,33676,57174,4685
sz000009,1621,24082,0
sh600830,0,0,0
sz000735,130706,66032,0
sz002620,0,1734,0
sz002210,1803,7258,0
sz000750,28480,14400,0
sz000733,0,800,0
sz000792,172426,129274,2945
sh600896,0,0,0
sz002917,1367,0,0
sz002853,825,0,0
sz002346,0,1897,518
sh600479,0,0,0
sh603936,1400,0,0
sh601919,28120,40957,0
sh600983,0,3496,0
sz002211,0,0,0
sh603991,0,0,0
sh600581,17235,14658,0
sz300667,0,0,0
sh600278,0,0,0
sh603999,0,0,0
sz002729,0,0,0
sz002702,0,0,0
sz000751,24364,28050,0
sh601368,0,0,0
sz300281,0,0,0
sh600186,0,0,0
sz000875,0,0,0
sh603168,0,0,0
sz300731,1193,0,0
sh600737,0,2500,0
sh603103,0,0,0
sz002405,60798,84033,7910
sh600538,0,0,0
sz300298,1000,513,0
sz002175,4000,3377,0
sz002923,24068,19960,4274
sz000403,500,2915,0
sz002201,0,0,0
sh600615,0,0,0
sz002581,0,640,0
sh600577,0,0,0
sz002074,3260,7736,0
sz002012,40793,48113,4745
sz300112,0,0,0
sh603018,0,0,0
sh603638,0,400,0
sh600206,7409,12045,0
sh603098,0,826,0
sh601918,5000,3501,0
sh603659,2154,3063,1276
sz000923,0,464,0
sz300367,18986,5280,0
sh601388,7539,9467,0
sz002682,0,0,0
sz300220,0,0,0
sz002465,3012,0,0
sh600195,526,0,0
sh603848,2419,1981,0
sz300703,510,0,0
sz300082,0,0,0
sh603039,0,300,0
sz000657,0,0,0
sz002610,405993,434587,0
sz000953,0,0,0
sh600375,0,0,0
sz000519,0,4398,0
sz002771,0,0,0
sh601700,0,0,0
sz002332,0,10530,0
sz002253,0,510,0
sz000581,46700,24807,2196
sz300024,4086,10551,0
sz000813,1114,0,0
sz000877,28436,24406,864
sh600808,86163,33558,0
sz002481,6500,7707,0
sz000045,0,0,0
sh600291,13885,16475,0
sz002864,3065,2004,283
sz300542,16111,19176,3063
sz300040,0,1300,0
sz300139,1926,0,0
sz300221,1000,0,0
sz000601,0,2000,0
sz002665,43550,27328,0
sz000043,7697,1000,0
sh603717,0,400,0
sz002336,0,0,0
sh600602,0,0,0
sh600800,0,0,0
sz002267,1936,2001,0
sz000510,0,0,0
sz300321,0,0,0
sz000685,1001,1300,0
sh600988,1766,6251,3341
sz002501,1703,1640,0
sh603901,0,0,0
sz000589,0,0,0
sz002008,94264,57937,7916
sz002324,0,0,0
sz000668,0,0,0
sz002651,0,0,0
sz300162,0,0,0
sz300254,0,0,0
sz000679,0,1699,0
sz000430,6213,0,0
sz300666,4445,1437,510
sz300709,156,240,0
sh601011,11212,4749,1421
sh600299,5911,1213,0
sh601588,12007,10038,0
sz000922,0,0,0
sh603658,206,0,0
sz002817,0,0,0
sh600068,27201,38686,0
sz002515,0,3962,0
sz002630,0,0,0
sh600880,0,0,0
sz000786,35803,35180,529
sz002619,27104,3231,0
sz300009,1548,11313,0
sh601200,0,576,0
sh603990,0,0,0
sz002879,20058,31568,2827
sh600562,567,5028,0
sz002340,55192,28534,0
sh600420,915,3131,0
sz300056,6620,3227,0
sh600802,0,0,0
sh600970,22703,17460,0
sz002149,0,6075,0
sz300317,0,0,0
sz300098,946,11020,0
sz300546,0,0,0
sh600422,0,3440,0
sz000678,7480,3106,0
sz300411,0,0,0
sz002538,0,2716,0
sz300033,1301,2117,0
sz300208,0,0,0
sh600677,2528,4298,0
sh603777,0,0,0
sh600770,21970,6910,0
sz002145,21616,11368,0
sh600217,0,0,0
sz002266,0,5619,0
sh600028,1555430,1392845,25833
sz002025,5464,5594,0
sh600302,0,0,0
sz300037,0,705,0
sz300253,0,5984,0
sz000421,0,0,0
sz300673,0,0,0
sh600521,8475,5458,0
sh600986,0,0,0
sh603885,2690,6392,0
sh603345,985,0,0
sz002633,0,940,0
sh600006,2305,0,0
sz300251,8758,4372,0
sz000736,0,0,0
sh600376,28719,18359,0
sz300458,0,0,0
sz300557,0,0,0
sz300621,2408,0,0
sz300422,0,2481,0
sz002477,117081,53707,0
sz002783,0,0,0
sz002785,3507,0,0
sh600586,0,0,0
sz002634,39640,7481,0
sz000713,0,0,0
sh600071,0,0,0
sz300595,0,309,0
sh600874,1014,7084,0
sz002196,0,0,0
sz002134,0,0,0
sh600482,3522,1472,0
sh600396,0,0,0
sh603900,0,0,0
sz000533,0,0,1800
sh600698,1688,1451,0
sz300635,0,0,0
sh600976,1463,1494,0
sz002323,0,0,0
sz002747,0,0,0
sz000715,0,0,0
sz002765,0,0,0
sz300080,0,0,0
sz002856,21078,8722,818
sh600753,2077,0,0
sh603167,0,955,0
sz000586,0,4745,1100
sh601601,89714,103530,3897
sz000961,307787,272885,8701
sz002239,0,10403,0
sh600250,0,0,0
sz000667,150217,72180,0
sz300190,0,0,0
sz000852,0,0,0
sh603160,0,695,0
sz000635,0,0,0
sz000721,0,0,0
sh603580,0,0,0
sh600628,0,1436,0
sh600137,0,0,0
sz300486,0,0,0
sz300566,0,2078,0
sh600635,0,11822,0
sz002429,19372,11286,0
sh603955,0,0,0
sz000523,0,0,0
sh600193,0,0,0
sz000778,30945,39835,0
sz300514,0,0,0
sh600109,9769,21959,0
sz002164,0,0,0
sz000040,0,1518,0
sh600249,6573,15179,0
sh600843,0,0,0
sz002897,491,0,0
sz002639,0,0,0
sh603258,0,0,0
sh600343,0,945,0
sz300048,0,0,0
sz300445,0,0,0
sh601607,23451,21303,0
sh603912,5720,5077,1490
sh601908,0,14456,0
sz300593,0,0,0
sh600570,16671,20086,1594
sh603578,0,0,0
sz300122,5332,5779,0
sz000506,0,0,0
sh603009,0,0,0
sh600846,4380,10822,0
sz002467,0,4263,0
sz002147,2563,0,0
sz300394,0,0,0
sz300330,0,2000,0
sz002302,12427,7924,0
sz002222,0,3193,0
sh600276,32379,24308,1342
sz002153,2251,5668,0
sh600301,0,0,0
sh600985,5849,1515,0
sz300500,0,0,0
sz002530,2880,1001,0
sz002788,0,0,0
sh600361,0,0,0
sz002276,3652,0,0
sh603779,1565,0,0
sh603366,0,3000,0
sh601020,0,0,0
sz002114,2689,1797,0
sz300570,2000,0,0
sh600448,0,0,0
sz002485,0,0,0
sh603266,0,0,0
sz300234,0,0,0
sz300631,487,0,0
sz002350,0,4211,0
sh600327,0,0,0
sh600973,0,0,0
sz002258,1601,4969,0
sh603396,0,0,0
sh600371,0,0,0
sz002637,0,0,0
sz002110,23546,27407,2813
sh601100,3813,2835,401
sz002433,0,3077,0
sz002294,4125,3352,0
sh600409,7180,7284,0
sh603960,0,0,0
sh600114,912,4433,0
sh603222,0,0,0
sz000687,2313,0,0
sz002836,0,0,0
sh600782,40064,44440,0
sz000620,10405,1510,0
sh600198,0,0,0
sh600811,11400,0,0
sz300554,0,0,0
sz000599,0,0,0
sz000833,0,0,0
sz300004,0,2632,0
sz300196,743,737,0
sz300628,90,343,103
sh600288,0,2300,0
sh600980,0,0,0
sh603958,0,0,0
sz000591,0,12169,0
sz002427,7274,6010,0
sz300166,1037,5123,0
sh603881,0,0,0
sh600588,5128,6885,0
sz000560,3115,0,0
sh600307,19932,25462,0
sz300016,0,1400,0
sh600026,0,0,0
sz002659,0,0,0
sh600251,0,0,0
sz300333,0,0,0
sz002007,621,4863,0
sz000830,114949,53352,2282
sh603363,17687,3716,0
sz300606,0,0,0
sh603318,0,0,0
sz000937,0,6763,0
sh600311,0,0,0
sh603585,0,0,0
sh601898,5884,12096,0
sz002036,1548,10719,0
sz000662,2595,0,0
sh600385,0,0,0
sz300511,0,0,0
sz000028,193,702,0
sz300031,0,0,0
sh600691,27733,19438,0
sz000822,0,4293,0
sz000826,7201,11292,0
sh600555,0,0,0
sz300304,1631,2000,0
sz000338,358323,206903,1243
sz002195,7916,21362,0
sz300008,0,0,0
sz002362,0,1626,0
sh600816,3211,4011,0
sz300696,205,161,0
sh603100,0,0,0
sh601188,0,0,0
sz002888,0,0,0
sh603908,0,0,0
sz000677,0,0,0
sz002636,0,713,0
sz002079,1617,13128,0
sz002171,0,1533,0
sz002306,0,0,0
sh600328,8351,9464,1333
sz300053,0,8048,0
sz300702,0,0,0
sh601231,8195,7670,0
sh600798,0,0,0
sh600518,20538,15066,537
sh600820,0,11438,0
sz300058,0,3450,0
sz000758,1585,3912,0
sz002721,12152,825,0
sh600166,50138,35035,0
sz300256,0,0,0
sz300366,0,0,0
sz002768,0,6155,1847
sh601005,0,0,0
sz000666,6675,1821,0
sh603569,0,0,0
sz300226,2476,2171,0
sz000929,0,0,0
sh603260,4853,2565,192
sh600598,121911,198194,7846
sz300425,0,1692,0
sz300320,0,2447,0
sh600487,140371,86691,12120
sz300375,0,0,0
sz000862,0,0,0
sh600107,0,0,0
sh600868,8005,40917,0
sz002782,3155,1120,0
sz002245,15237,38206,2160
sh600259,1058,3082,324
sz000878,13418,46797,0
sz000503,5645,21348,0
sh600393,18169,1930,0
sz300389,0,0,0
sh600992,0,0,0
sz002223,0,1300,0
sh600859,14034,9698,0
sh601038,0,0,0
sz002760,14038,5244,1818
sh600791,2822,1441,0
sh600909,17813,5823,0
sh601878,11078,7523,0
sz300191,0,1184,0
sh603329,4601,2989,394
sh601952,13016,10172,965
sz300257,1921,1268,0
sz300285,4074,3962,0
sh600167,0,0,0
sh600531,0,2149,0
sh603727,424,445,0
sz000532,0,0,0
sz300314,0,1731,0
sz002109,0,3290,0
sz002493,18043,34636,0
sz002809,0,0,0
sz002656,1705,0,0
sz002021,0,0,0
sz002078,90299,36893,1018
sz002459,0,0,0
sh603599,600,0,0
sz002518,0,0,0
sz300688,0,0,0
sz300699,819,4035,0
sh601599,0,0,0
sh600119,1171,0,0
sz300316,8961,13113,0
sh600410,2419,4221,0
sz300185,10001,26000,0
sz300095,0,0,0
sh600066,17370,34004,2058
sz300230,0,0,0
sh600626,0,0,0
sz002017,0,0,0
sz300232,5804,6300,0
sz300715,0,593,0
sz002393,0,0,0
sz300653,0,0,0
sz002225,0,5848,0
sh600197,5692,5273,0
sz300318,0,0,0
sz002135,0,0,0
sz300223,1209,410,0
sz300672,236,353,0
sh600191,0,1277,0
sh603088,3837,1492,0
sh600252,3607,5740,0
sz300577,0,0,0
sh600319,0,0,0
sz000531,0,0,0
sh600366,0,0,0
sh603567,0,0,0
sz002320,17043,13923,0
sh603933,0,218,0
sh600758,0,0,0
sz300558,259,197,0
sz002553,0,0,0
sh603128,3045,0,0
sz300168,976,2538,0
sz002058,504,0,0
sz300091,3277,1527,700
sz000932,36879,20458,0
sh600462,0,9649,0
sz002549,0,0,0
sh603131,0,0,0
sh603605,1292,400,0
sz002496,8997,6692,0
sz000753,0,0,0
sz002557,1712,1000,0
sz000573,0,2998,0
sz300605,0,0,0
sh600082,0,0,0
sz002029,0,0,0
sz000001,667548,759371,37018
sz300074,0,1396,0
sz300370,0,9360,0
sz002536,0,2477,0
sz002087,0,2082,0
sz002925,0,0,0
sz300618,4549,2675,512
sh600386,0,0,0
sz000426,3073,1045,0
sz000859,0,0,0
sz002291,0,0,0
sh601608,2751,11186,0
sz300073,2041,11602,0
sz000631,17816,18784,3667
sh603686,502,6538,0
sh600981,0,0,0
sh601000,88119,62588,0
sz300303,0,4030,0
sz002572,6998,3339,0
sh600735,0,2000,0
sz000722,0,0,0
sz000425,378181,263995,3701
sh600136,1800,1921,0
sh603099,0,0,0
sz300446,0,0,0
sh603393,0,659,0
sz300258,0,863,0
sh600573,0,0,0
sz002131,127573,65188,0
sh600480,0,807,0
sh600519,20121,24632,4882
sh600403,0,0,0
sz300133,0,9590,0
sz002032,1818,540,0
sz002460,58945,57053,6224
sz000065,726,0,0
sz300443,0,0,0
sz002174,722,10106,0
sz300706,281,295,0
sh603117,0,0,0
sh600610,0,0,0
sz002127,3863,5341,0
sz002868,0,3362,0
sz000819,0,0,0
sh603829,3173,3824,0
sh600747,0,0,0
sz002730,0,0,0
sh603398,0,0,0
sh600272,0,0,0
sz000402,202497,125802,7058
sh600060,23324,9618,634
sz002696,0,1344,0
sz000652,0,0,0
sz000507,1024,6806,0
sz002718,0,0,0
sh600743,33350,24469,0
sh600176,137201,93425,11719
sz300290,0,0,0
sz002063,187310,332296,42248
sh600011,5654,15382,0
sh603676,2659,1296,0
sz000408,1441,3121,0
sh603385,0,0,0
sz300587,0,0,0
sz002179,7565,15584,0
sz002024,323762,200324,3040
sz002270,0,0,0
sh603668,0,0,0
sz000498,0,0,0
sh603232,0,260,0
sz300464,0,0,0
sz300637,0,0,0
sz002642,0,2029,0
sz002407,4743,4433,0
sz001896,0,2500,0
sz000571,0,0,0
sz300391,0,0,0
sz000985,0,0,0
sz002701,0,30039,0
sz300069,0,1364,0
sz000708,0,0,0
sh600266,24847,13406,0
sh600552,0,15221,0
sh600745,1928,6712,0
sz300158,0,0,0
sz002818,2919,0,0
sh600509,2000,1950,0
sz000908,0,0,0
sh603985,0,0,0
sh603861,0,0,0
sz000931,0,0,0
sz300730,1747,1475,0
sz002061,11327,10784,0
sh601928,0,1454,0
sz002690,0,0,0
sh601968,0,0,0
sz002920,3320,6733,467
sz300522,0,0,0
sh600854,5000,0,0
sh600768,0,0,0
sz002006,0,0,0
sh603268,0,0,0
sh600408,0,0,0
sz300426,0,0,0
sz000683,22853,39420,0
sz002157,42433,3633,0
sz002689,0,0,0
sz300650,0,0,0
sh601966,0,564,0
sh600850,0,600,0
sz300229,0,726,0
sz000925,0,0,0
sz002247,0,0,0
sh603602,0,0,0
sh603677,0,0,0
sz002402,1306,11660,0
sz002251,1072,720,0
sh601088,75298,100026,6079
sh600658,2136,0,0
sh603535,0,0,0
sz300263,0,0,0
sz300272,0,0,0
sz002756,0,0,0
sh603839,0,0,0
sh600000,93264,250559,1725
sz300520,0,0,0
sh603027,0,1121,0
sh600575,0,3166,0
sz002774,0,1969,0
sz002224,0,0,0
sz000616,7494,6825,0
sh603050,4601,5838,0
sh603060,0,0,0
sh603031,0,0,0
sh603730,0,0,0
sh600613,0,0,0
sz300338,0,0,0
sz002791,0,0,0
sz300271,3443,6646,0
sz000428,0,0,0
sz002819,0,0,0
sh603926,0,0,0
sz000710,273,448,0
sz300583,0,0,0
sh603466,1146,475,0
sh600085,8886,3932,0
sh603726,0,0,0
sz300386,2464,6175,0
sz300589,0,0,0
sz300496,1003,0,0
sz000563,8516,4300,0
sz000155,1793,6050,0
sz000520,0,0,0
sh600609,4013,0,0
sh600885,807,1343,0
sh600232,0,0,0
sz002183,5122,15168,0
sz300161,1324,794,0
sz002828,0,0,0
sz002866,0,299,0
sh603199,0,0,0
sh600490,14185,12330,0
sh603617,8449,10976,0
sz002388,0,0,0
sz000676,0,0,0
sh600162,395249,501986,19869
sz000920,0,1318,0
sz300155,0,0,0
sh600200,0,0,0
sz300072,2784,11629,0
sh601366,7637,5512,0
sh603996,0,700,0
sz000070,1066,1021,0
sz002563,6059,0,0
sz000836,10069,34279,0
sh600468,1604,1720,0
sz300499,0,0,0
sh600153,39488,21312,0
sh603286,0,0,0
sh600566,1621,5535,0
sz300647,0,0,0
sz002487,0,0,0
sz002697,7661,3937,0
sz002414,1000,681,0
sh600210,15448,10551,0
sz300385,0,0,0
sh600090,2810,6773,0
sz002846,0,0,0
sz300137,3129,13099,0
sh600704,0,1816,0
sh600289,0,0,0
sz000990,0,0,0
sz002392,0,0,0
sz300150,0,0,0
sz002424,0,4921,0
sz000759,0,0,0
sz300457,0,948,0
sz002150,0,0,0
sz002646,0,1500,0
sh600007,0,0,0
sz300684,0,0,0
sh600019,91481,106583,0
sz002202,23771,24240,0
sh603626,500,400,0
sh600804,1000,8749,0
sh603239,0,0,0
sh600569,65676,139518,0
sz002351,0,0,0
sh600070,0,0,0
sz300042,0,0,0
sz000732,202025,178973,35177
sh600159,8692,2865,0
sz002895,23398,10495,1163
sz000902,5208,2118,0
sh600699,16791,31311,0
sz300089,0,5492,0
sh600601,0,0,0
sh603331,1051,0,0
sz300236,0,1753,0
sh601010,0,0,0
sz000032,0,0,0
sz002885,0,0,0
sz002371,1834,5360,876
sz002816,2832,1645,0
sz300277,0,0,0
sz002360,0,0,0
sh603387,0,0,0
sh600795,30980,22758,0
sh600650,0,0,0
sh603001,0,0,0
sz002480,0,1513,0
sz300064,3762,803,0
sh600867,43461,29325,2405
sh601688,213453,173929,15681
sh600243,15140,0,0
sz300163,0,2020,0
sz300244,4668,7076,0
sz002080,1344,947,0
sh603378,10584,13020,567
sz002443,3294,1478,0
sz300180,867,1050,0
sz000700,0,0,0
sz002858,0,0,0
sh601969,0,0,0
sz000997,7919,6407,0
sz300203,719,4765,0
sz300718,1446,0,0
sz000691,0,0,0
sh600459,0,3900,0
sz000607,0,2165,0
sz300717,1174,0,0
sz002833,0,0,0
sh600219,59593,187709,0
sz002400,11200,291217,0
sz002001,47539,47247,1583
sz002891,0,0,0
sh601811,0,0,0
sz000949,0,0,0
sh603069,800,904,0
sz002649,6163,3238,0
sz000012,19565,7463,0
sh600100,15505,14023,0
sh600810,0,0,0
sz002397,1860,0,0
sh601222,1337,5952,0
sh600390,0,0,0
sh603883,1272,1580,0
sz300200,0,0,0
sh600346,32324,26749,0
sh600679,0,0,0
sz002053,0,0,0
sh603383,0,0,0
sz300107,1475,3700,1663
sh600845,4125,0,0
sz000026,1615,0,0
sz300440,0,0,0
sz002719,0,0,0
sh603689,760,2892,0
sz002086,3000,0,0
sz000969,1310,2425,0
sh603978,167,0,0
sz002657,8156,2570,0
sh600360,2118,0,0
sz002590,0,0,0
sz300310,2764,1137,0
sh601390,16611,14646,0
sh601857,91425,115175,0
sh603988,0,0,0
sh603283,33986,31017,2748
sz002655,0,7224,0
sz002015,15653,0,0
sz002552,0,0,0
sz300302,1337,2895,0
sh601108,215683,127912,12915
sz002416,0,0,0
sh600477,125013,183764,0
sz002119,0,0,0
sz000999,2924,917,0
sz002454,0,0,0
sh600633,842,9052,0
sz300308,1850,4695,0
sh600089,23165,49358,0
sh603696,0,0,0
sz002043,12584,885,919
sz002359,15486,27678,553
sh600423,0,0,0
sz002767,0,0,0
sz002664,0,1263,0
sh600715,7948,5463,0
sh600888,0,2000,0
sh600129,6698,2937,0
sh600707,0,0,0
sz002623,0,0,0
sh600520,2875,3878,4125
sh603789,0,0,0
sz300548,0,0,0
sh600103,0,0,0
sz002146,293462,325413,5643
sh600705,27109,26947,0
sh600345,5396,2723,338
sz002912,1643,783,422
sz002680,1169,5069,0
sz300187,1056,0,0
sz000863,0,7600,0
sz300283,0,0,0
sz002092,33031,47022,0
sh603993,1322519,769772,11959
sz300041,0,0,0
sz300588,0,0,0
sh601116,740,0,0
sh600429,0,6006,0
sh601228,23960,13705,0
sz002635,12571,25391,0
sz002226,0,0,0
sz300131,0,0,0
sz002669,1096,0,0
sh600151,0,2995,0
sz002341,1393,3230,0
sz002516,6013,6369,0
sz000890,0,0,0
sz002618,904,0,0
sh600326,8791,4068,0
sz300176,1506,1212,888
sz000709,75333,97929,0
sh603701,0,0,0
sz000017,0,0,0
sh601989,122814,157120,0
sz002101,572,0,0
sh600663,1500,600,0
sz002045,7240,12954,682
sz000780,0,0,0
sz000893,2628,0,0
sz002749,0,0,0
sz300128,4120,1000,0
sh603315,0,0,0
sz300429,0,0,0
sz300207,8120,1105,0
sh603037,500,0,0
sh600774,0,0,0
sh600488,0,3638,0
sh600444,0,0,0
sz300452,0,530,0
sh603007,0,0,0
sz300165,0,0,0
sh603188,1380,2134,0
sh600222,0,0,0
sz002838,0,0,0
sh603858,0,0,0
sh600714,0,0,0
sh603896,222,297,0
sz000955,0,6237,0
sh600511,396,0,379
sz002759,0,0,0
sh603557,1996,5971,0
sh600803,2783,16940,0
sh600392,51724,45079,2937
sz000973,0,1930,0
sh600516,340674,368292,32134
sz300609,0,0,0
sz000513,7199,8977,157
sh600104,103223,156610,7190
sz300433,28807,57177,1448
sz000788,0,0,0
sz300121,0,0,0
sh603063,0,0,0
sz000796,0,0,0
sh603360,1217,0,0
sz000996,15023,44368,1057
sz300528,0,962,0
sz300652,0,0,0
sz300465,7384,7210,0
sh600847,0,0,0
sz002102,14996,40534,0
sz002887,0,0,0
sz002564,0,0,0
sh600148,0,0,0
sz300188,4437,10636,0
sz002532,0,0,0
sz002705,0,940,0
sh603655,0,0,0
sh600489,57853,49695,0
sz002745,236,0,0
sz300125,0,437,0
sz300487,38653,23366,2583
sh600599,2354,0,0
sz002064,0,6473,0
sz002471,0,0,0
sz002676,14517,0,0
sh600399,0,4370,0
sz002014,0,0,0
sz300255,0,0,0
sz002533,0,0,0
sh600225,0,0,0
sz002374,3471,7700,2100
sh603577,0,0,0
sh603556,0,0,0
sh601877,1751,3436,0
sz002800,532,0,0
sz000889,1000,0,0
sh600389,0,589,0
sh600073,1544,1601,0
sz002660,0,0,0
sh600080,1320,0,0
sh600132,9552,2382,0
sz002235,199183,172597,30551
sz002871,368,0,0
sh601398,1601879,1170747,8467
sz000673,15105,2492,0
sz300248,0,0,0
sz300135,6000,0,0
sh600020,22328,9715,0
sh600382,893,0,0
sh601311,4671,0,0
sz002849,0,0,0
sz000010,0,14748,0
sh600331,2010,0,0
sz002805,0,0,0
sz000705,0,0,0
sh600105,0,0,0
sz002027,65210,73640,769
sh600190,0,0,0
sz300679,0,157,0
sz300525,0,0,0
sz002867,0,0,0
sz000551,0,0,0
sz300169,0,0,0
sz300141,0,0,0
sz002372,552,1360,0
sh600131,0,1552,0
sz000811,0,0,0
sh600143,0,0,0
sz002281,14207,22422,816
sz300323,9499,22281,904
sz002547,1312,4133,0
sh603797,9438,4459,0
sh600884,4107,15701,0
sz002230,139858,120485,19940
sz002562,745,2263,0
sz300017,80154,68416,0
sz002231,0,0,0
sh601901,14104,2038,0
