sz002628,0,0,0
sh603165,0,284,0
sz002793,0,0,0
sz000937,41140,41198,0
sz002909,534,0,0
sh600066,6907,25882,0
sz002016,102466,173613,3090
sh603326,0,0,0
sh600396,0,4548,0
sz000650,0,11647,0
sh600463,0,0,0
sh600827,0,1235,0
sz300721,0,0,0
sh601038,5205,0,0
sh600493,0,0,0
sz300579,0,0,0
sz000668,0,0,0
sz002132,7201,0,0
sh600725,0,0,0
sz002214,0,0,0
sz002164,0,0,0
sz002144,0,0,0
sz002817,0,0,0
sz300397,0,0,0
sh600750,0,3645,399
sz000068,0,0,0
sh600071,0,642,0
sz000700,0,11379,0
sz002672,2952,7111,0
sh603880,0,0,0
sh600039,2465,7517,0
sz002107,0,0,0
sh603577,0,0,0
sz002822,0,0,0
sz300655,0,0,0
sz002255,0,0,0
sz002180,2215,1077,0
sz300636,0,0,0
sz002522,0,0,0
sh600867,3667,5224,0
sz300297,1086,2128,0
sz300150,0,0,0
sz002431,2760,14232,0
sz000598,6036,25046,0
sz300096,5744,0,0
sh600520,0,5421,0
sz300606,0,0,0
sh600623,21352,54243,0
sh600720,25870,21692,0
sh600590,0,3029,0
sz002273,8531,13954,0
sh601969,0,0,0
sz300098,987,2008,1005
sh600864,0,0,0
sz000590,0,0,0
sz002207,0,3633,0
sz002351,0,1518,0
sz000938,904,5510,678
sh603538,376,0,0
sh603136,0,0,0
sz002881,0,0,0
sh601857,146831,171075,3283
sh601390,44044,80937,0
sz002100,0,0,0
sz002275,0,884,0
sz002010,0,0,0
sz002820,0,0,0
sh603890,540,0,0
sz002561,0,0,0
sh601198,9610,7211,0
sz002536,1535,0,0
sh600567,266831,221393,0
sh603227,0,0,0
sh603015,0,0,0
sh603616,0,0,0
sh600283,0,1914,0
sz002731,0,0,0
sz000687,1064,0,0
sz002487,0,0,0
sh601515,0,0,0
sh603041,0,535,0
sh600796,0,0,0
sz002640,2449,701,0
sh600007,0,0,0
sh603101,0,0,0
sz300665,0,0,0
sh601158,4479,6919,0
sz300586,0,0,0
sz002465,1128,17556,0
sh603881,810,276,0
sz002620,0,2316,0
sh600546,12543,7024,0
sz002823,0,784,0
sh600235,0,0,0
sz300212,1386,893,0
sz002642,960,2587,0
sh600848,1142,2572,0
sh600543,0,0,0
sz002483,0,0,0
sz300645,330,1673,0
sz300496,0,889,359
sz002873,0,0,0
sz002798,506,0,0
sz002727,500,500,0
sh600452,0,0,0
sh600209,42854,19793,954
sh600008,20211,54953,0
sz300030,0,0,0
sz300624,0,0,0
sh600602,0,0,0
sh600599,0,0,0
sz300031,0,700,0
sz002302,2666,7561,0
sz300256,2500,1307,0
sz300619,0,0,0
sz300642,0,129,0
sh603611,0,0,0
sh600313,0,0,0
sh603007,0,0,0
sz300729,0,662,0
sz300705,400,0,0
sh603286,262,0,0
sz002195,18367,13885,0
sh600528,0,6063,0
sh601881,36002,46832,0
sh600475,0,1629,0
sz300433,9907,21318,1005
sz002815,0,0,0
sz300271,6789,4538,0
sh600343,0,0,0
sz002223,11926,7335,0
sh600267,6768,5453,0
sz300064,12017,15313,0
sz002128,54904,23953,4500
sz002667,0,0,0
sh600178,0,0,0
sz000610,0,0,0
sz002569,4843,10346,0
sz002885,0,0,0
sz300253,19004,17491,0
sz000921,15050,14753,1150
sh601200,885,4883,0
sh600536,907,4314,0
sz002323,0,0,0
sh600548,0,0,0
sh603396,0,0,0
sz002605,0,0,0
sh603496,0,0,0
sh601028,0,0,0
sh600130,0,2096,0
sz002270,0,0,0
sh600292,0,4029,0
sz000002,134048,168672,7401
sz002519,0,0,0
sz002655,1078,4451,0
sh600513,0,0,0
sh603659,0,0,0
sz300493,0,0,0
sz002678,0,0,0
sz300230,0,0,0
sz002919,0,0,0
sz300259,0,0,0
sz002071,1400,5157,0
sz300652,0,0,0
sz300311,0,882,0
sh601099,34980,94404,0
sh600340,104335,101013,17496
sh603658,0,0,0
sh600735,1559,2830,0
sh600078,0,2221,0
sh600782,275203,202210,1700
sz300333,0,1514,0
sz300014,1867,578,0
sz300613,0,480,0
sz300265,1223,0,0
sz300450,1867,3898,0
sz002183,25006,9436,0
sz300561,1795,3849,254
sz300402,0,0,0
sh600897,0,470,0
sz002899,1962,0,0
sh600255,0,0,0
sh600285,0,3597,0
sz000665,0,0,0
sz300469,0,0,0
sz002006,0,5638,0
sz000710,0,623,0
sz000818,0,2251,0
sz300089,0,0,0
sz000850,0,0,0
sh603595,0,137,0
sz000028,1519,1791,0
sz000631,0,2883,0
sh600197,29151,28026,376
sh601878,9489,2929,882
sz300609,0,0,0
sz000798,0,0,0
sz000518,0,0,0
sh600551,0,0,0
sz002526,0,0,0
sz000806,100944,50431,0
sz300430,0,0,0
sh601992,85412,96314,0
sh600074,7586,0,0
sz300654,0,0,0
sh601918,9803,16393,0
sh603167,2914,6379,0
sh600198,0,13173,2320
sz002663,20141,0,0
sh600479,0,1695,0
sz300391,0,0,0
sz300306,0,0,0
sh603035,897,1156,0
sz002515,0,0,0
sz002167,0,0,0
sz300471,0,0,0
sh600747,0,4557,0
sh603811,0,0,0
sz002503,0,3902,0
sh600776,2096,12133,0
sz300365,0,1216,0
sh600218,0,1670,0
sz300628,100,281,0
sh601368,0,0,0
sh600555,0,7394,0
sz300435,0,0,0
sz002252,0,543,0
sz300124,9627,3979,0
sz002283,5688,0,0
sh603860,0,0,0
sz002142,27307,44616,694
sh603557,595,0,0
sz000732,72245,67761,8524
sh603859,0,0,0
sz300503,0,0,0
sz002210,14780,11899,0
sz300234,0,0,0
sz300291,0,3359,0
sh601018,0,24634,0
sz000800,16701,41224,1006
sz300616,103,164,0
sh600225,2771,8485,0
sz002824,0,0,0
sz002451,0,0,0
sh603603,392,0,350
sz000783,12420,39263,0
sh603558,920,0,0
sz002558,300,622,0
sz002290,0,0,0
sz002773,0,200,0
sh603499,6383,22599,4961
sh601233,43470,24138,1203
sh600801,26225,25445,1906
sh600629,0,0,0
sh603679,0,500,0
sz002635,6929,2829,0
sz002061,3619,829,0
sh603036,0,643,0
sh600027,70627,45650,0
sz300349,0,263,0
sh603886,1193,0,0
sh603855,0,0,0
sz300254,0,0,0
sz002513,0,0,0
sz300088,23712,26928,2047
sz300463,0,0,0
sh600850,0,1383,0
sz000983,168371,105701,1308
sz000998,12050,12189,0
sz000552,3030,0,0
sz000623,10206,13891,0
sh601001,56733,29033,2035
sz300495,667,2129,0
sz300019,0,0,0
sz002194,3426,2137,0
sh600894,2607,1267,0
sz300133,50407,26096,0
sz300028,0,0,0
sz000070,2478,2220,0
sz000592,53634,70305,2083
sz300513,0,0,0
sz002889,0,0,0
sz300453,0,0,0
sz000833,0,0,0
sz002227,0,0,0
sz300725,989,1706,214
sz000673,9223,3580,3088
sh600965,0,1229,0
sz002761,288,0,0
sz002242,631,1259,0
sz002697,3623,13899,0
sz300275,0,0,0
sz300472,0,0,0
sz000788,0,1700,0
sz002629,0,0,0
sz000404,0,0,0
sh600351,0,0,0
sh603806,0,0,0
sz300123,0,0,0
sz002370,0,0,0
sz300572,0,0,0
sz000011,0,2704,0
sz002743,0,0,0
sz002888,0,0,0
sh603225,0,308,0
sz002213,0,0,0
sz000058,0,3317,0
sz000837,0,0,0
sh600824,0,0,0
sh600891,0,0,0
sh603389,0,0,0
sh601199,0,0,0
sz002664,497,4786,0
sh603979,0,0,0
sh603058,17978,13406,1370
sz300485,0,0,0
sz002722,0,0,0
sh603968,0,0,0
sz300547,0,0,0
sz000973,0,4889,0
sz002654,0,0,0
sh600006,0,15538,0
sh600606,504419,322673,22270
sh600401,0,31624,0
sh603630,0,0,0
sz000608,154248,89998,9130
sh600611,0,15117,0
sh603993,358408,278294,3161
sh600055,2350,6217,0
sz002638,0,4000,0
sz002318,0,1567,0
sz300147,2010,3112,0
sh603676,1735,3180,1096
sz002803,0,0,0
sz300069,2640,0,500
sz002267,0,0,0
sh600021,3849,4411,0
sh600600,6620,11813,588
sh603098,0,0,0
sh600077,0,8519,0
sz002482,0,1504,0
sz000882,4003,34344,0
sz000713,0,0,0
sh600527,0,5000,0
sz000559,1838,12632,0
sz002811,0,0,0
sh600702,24474,26984,587
sz000799,1032,9091,0
sz300042,446,0,878
sz300465,2625,1502,0
sh600962,0,1600,0
sz002769,0,0,0
sh603519,0,0,0
sh603922,0,0,0
sz002911,832,974,462
sz300204,0,0,0
sh603022,0,0,0
sh600711,29520,47050,0
sz300449,0,0,0
sz000418,1591,1766,0
sz300425,0,0,0
sz002827,0,0,0
sz000603,5184,3053,0
sz300257,1407,693,0
sz300219,0,0,0
sh601288,4259196,3075236,0
sz002796,0,0,0
sh600215,0,1305,0
sh600518,15592,13703,0
sz300439,0,0,0
sh600871,71674,57510,0
sh603203,0,0,0
sh600310,0,0,0
sz000856,3667,5519,0
sz000883,3020,14514,0
sh601727,1968,6880,0
sh600284,0,0,0
sz000632,1825,0,0
sh601107,2340,0,0
sz002832,0,0,0
sz002376,1007,7693,0
sz000790,0,0,0
sz002448,0,0,0
sz300462,0,0,0
sz300447,0,0,0
sh603159,0,0,0
sz002747,0,1012,0
sz002424,0,6169,0
sz000158,22573,36610,0
sz000503,2183,6623,0
sz002224,0,0,0
sh600701,7039,16300,0
sz000949,0,0,0
sh600985,3417,2708,0
sz002695,0,0,0
sz002917,338,0,0
sh603181,0,0,0
sz002661,0,0,0
sz002278,11288,1569,0
sh600259,301,480,0
sh601069,718,787,0
sz300160,0,0,0
sz300024,5098,7661,0
sh600138,5906,5551,0
sz000611,0,0,0
sh600405,0,0,0
sh600202,5610,10802,0
sz300649,0,0,0
sh600678,0,0,0
sz002050,11556,36350,1087
sh600605,0,0,0
sh601058,12003,7045,0
sz002752,0,0,0
sz000505,4117,2900,0
sz002622,862,6382,0
sz002280,2738,22622,0
sh601137,0,0,0
sh600595,3050,9712,0
sz002631,905,1009,0
sz300276,0,0,0
sh603380,871,0,0
sz002879,3351,566,193
sz300695,0,218,0
sz002080,0,3782,0
sz000615,1377,8495,1221
sz002471,0,0,0
sh600467,0,4000,0
sz002337,0,0,0
sz002041,1130,0,0
sh600836,2450,4869,0
sz002444,1002,2810,0
sz300316,110292,53405,1409
sz300056,0,1572,0
sz000917,2181,7497,0
sz000528,19414,10976,0
sz300122,25810,25924,4327
sz002707,20943,3236,1026
sz002581,3770,1000,0
sz002422,3513,13713,413
sh600162,45452,28038,0
sh603586,0,0,0
sz000617,0,0,0
sz002456,68936,66792,3793
sz300287,18691,27477,3855
sz002206,0,0,0
sh600636,0,1990,0
sz000861,0,0,0
sz300712,441,0,0
sh601689,0,2144,0
sh603040,0,0,0
sz300387,0,0,0
sz002378,0,2921,0
sz000576,2340,0,0
sh600802,3188,0,0
sh601668,1428605,1572111,19407
sz002549,0,0,0
sz300720,0,0,0
sh601113,0,0,0
sz002741,0,0,0
sh601988,989967,1109038,5247
sz002361,0,0,0
sh600995,0,0,0
sh603959,0,800,0
sz002466,15270,14174,1418
sh600190,4200,0,0
sh603466,0,850,0
sz300507,0,0,0
sz002532,0,0,0
sh603579,0,192,0
sh603767,0,0,0
sh603883,3243,985,0
sz002175,0,9927,0
sz000531,0,0,0
sh603839,430,0,0
sz002842,0,0,0
sz002304,4041,8294,381
sh600511,803,3099,0
sh603978,152,135,0
sh600639,0,0,0
sz300556,0,0,0
sz300094,1827,0,0
sz002365,0,920,478
sh603535,0,901,0
sz000153,0,0,0
sz000725,6690892,4949027,67372
sz002396,0,8017,0
sz300416,0,0,0
sh603879,0,0,0
sh601088,230248,187544,13777
sz000776,127710,156638,2406
sh601919,113977,112049,3363
sh601118,170735,103838,0
sz002114,11273,1001,0
sz002238,0,0,0
sz300623,0,0,0
sh600293,0,3000,0
sh603335,0,0,0
sh603789,0,1000,0
sz300673,0,0,0
sz300612,17606,19762,3308
sz000825,0,146517,0
sz002300,0,0,0
sh600282,593125,310474,0
sz300399,0,0,0
sz002346,0,556,0
sz002445,11919,15267,0
sz300617,0,0,0
sz300203,2514,4136,0
sh601880,10033,4000,0
sz002500,11084,60056,0
sh600741,19386,20299,917
sz002475,46543,93159,1227
sh603103,10928,12700,3562
sh603336,0,0,0
sz002350,0,0,0
sz000679,0,0,0
sh600566,1703,1305,501
sh600238,8808,53702,0
sz002666,2322,2554,0
sh601567,0,0,0
sz002385,8915,16996,0
sz000862,0,5449,0
sz000541,4971,17296,0
sz002086,7300,2857,0
sz002572,1777,4293,0
sz300339,12819,10414,0
sz002065,81335,62347,0
sz002159,0,908,0
sz300548,0,0,0
sz002029,1713,0,0
sz300050,0,0,0
sz002745,0,1195,0
sz000409,0,0,0
sz000036,54424,69536,1298
sz000957,0,5901,0
sz002027,57420,100197,3325
sz000663,0,0,0
sh600306,0,0,0
sz300366,0,1495,0
sh600760,5177,21302,0
sh600240,3163,6452,0
sz300707,0,590,0
sz000659,6310,3000,0
sz300421,0,800,0
sz002292,0,4607,0
sz002659,0,0,0
sh600425,0,0,0
sh600308,16674,8057,0
sh603063,0,0,0
sh603001,0,0,0
sz002060,0,3406,0
sz300591,0,0,0
sz300102,1450,0,0
sh603050,9154,6412,921
sz300549,0,0,0
sz000099,0,0,0
sh601229,187882,100686,2572
sz000697,2449,1723,0
sz002021,0,2600,0
sz300696,0,0,0
sh600135,2458,0,0
sz300418,21760,14540,1337
sh600531,2239,1525,0
sz300638,0,300,0
sz300112,0,0,0
sh600537,0,6602,0
sz000667,4437,80818,0
sz300135,0,14290,0
sz000958,0,0,0
sz002518,727,0,0
sh600380,10135,25497,829
sz002859,0,0,0
sz002626,1000,1984,0
sz002249,0,9000,0
sz002056,2885,0,0
sz000758,13247,8216,0
sh603991,0,0,0
sz300727,4993,9578,808
sz002473,1800,0,0
sz002152,19190,46077,0
sz002104,0,1457,0
sz000017,0,0,0
sz300688,0,216,0
sz300109,2017,4015,291
sh600211,0,0,0
sh600148,0,0,0
sh600628,0,0,0
sh600170,42063,26861,0
sz000965,0,6423,0
sz000876,59597,63311,0
sz300001,0,0,0
sz002610,19529,55190,0
sz002333,791,0,0
sh600268,0,0,0
sz300036,0,0,0
sh600057,1354,3424,0
sz002170,0,0,0
sh600356,0,0,0
sz002051,1666,2213,1761
sh603912,1138,842,0
sz002846,0,0,0
sz000918,2937,16566,0
sz300398,0,0,0
sz002208,0,0,0
sz002094,1122.0,810.0,0.0
sz300427,0,0,0
sz002262,1758,6269,0
sz300545,0,270,0
sz000582,0,1027,0
sh603980,0,1103,0
sz300241,0,4999,0
sh603298,0,0,0
sh600620,0,2200,0
sz002430,7472,2104,0
sz000881,1846,1552,0
sz002892,290,0,0
sz300293,0,0,0
sz002382,4084,5927,0
sz002289,0,0,0
sz002169,0,0,0
sz002181,0,0,0
sz002584,723,1472,1034
sh603283,4840,1658,591
sz300320,182784,16000,0
sh603701,0,0,0
sh601601,75307,86458,3639
sz002501,0,6504,0
sh600212,0,0,0
sh600161,4266,2704,0
sh603233,0,0,0
sz002044,1099,2923,0
sz300562,500,0,0
sh603031,0,1560,0
sz002186,0,0,0
sz002636,1804,2216,0
sz002371,11992,16573,797
sz300076,0,2392,0
sh603488,765,917,525
sh600589,0,2002,0
sz300262,1296,0,0
sh600090,0,0,0
sz300345,0,1652,0
sz300013,0,0,743
sh600800,0,3661,0
sz002756,0,600,0
sh603090,0,0,0
sh600692,0,2605,0
sh600379,0,0,0
sh603926,471,0,0
sh600982,0,0,0
sh600571,3033,4598,0
sh603928,0,855,0
sz300182,15377,30287,1012
sh600615,3703,2973,0
sh600069,4097,23257,0
sz002509,5275,2700,2701
sh603131,0,0,0
sz000538,5322,13179,255
sz002492,0,0,0
sh600196,61326,80890,7173
sz300381,0,0,0
sh603829,2610,512,1036
sh603689,0,0,0
sh600060,15079,16998,1518
sz002602,0,392,0
sz002910,0,863,0
sz002791,0,0,0
sz002269,0,0,0
sh600448,3333,0,0
sh600816,10537,16957,0
sh601128,7912,24376,0
sh603018,920,1800,0
sz002324,623,2471,0
sh600287,0,0,0
sh600699,16355,5542,0
sh600981,0,0,0
sh603319,0,493,0
sz000733,0,843,0
sz002848,0,702,0
sh600345,1616,6436,982
sh601588,5280,15117,0
sz300046,0,632,0
sz002047,0,0,0
sh600010,113587,84016,0
sh603289,9851,17808,0
sz002648,7884,11359,0
sz300570,0,0,0
sh600141,6098,15539,0
sz300667,0,0,0
sz300585,0,0,0
sh600395,15421,26816,0
sh600064,836,1510,0
sh603997,0,0,0
sz300238,457,599,0
sh601218,0,0,0
sz002174,5248,5338,0
sz002023,0,4228,0
sz000422,0,2933,0
sz300214,0,8916,0
sh600082,0,0,0
sz002216,0,0,0
sz000338,177850,109501,0
sh600088,0,0,0
sz000620,1642,0,0
sz000889,2883,1500,0
sz300055,3562,5397,741
sz300250,0,0,0
sz000652,0,0,0
sh603813,922,498,0
sz002064,6005,5965,0
sz300103,0,0,0
sh600201,9360,16532,363
sh601579,0,0,0
sh603398,0,0,0
sh601328,841817,1178639,5336
sz002248,4076,6663,0
sz000778,38488,29210,0
sz000601,0,2470,0
sh600177,4279,18622,0
sz002405,27075,41026,1549
sz002818,0,463,0
sz300608,0,0,0
sz002084,0,0,0
sz002131,10780,36956,0
sz000571,2310,0,0
sz000828,0,1158,0
sh600803,14624,9475,0
sz002462,0,1432,0
sz002391,0,0,0
sz002617,0,1807,0
sz002464,0,0,0
sz300352,9000,0,0
sh600094,0,3704,0
sz300668,360,735,0
sz002316,0,0,0
sh603626,0,0,0
sh601949,6495,28319,0
sz300717,0,0,0
sz002203,0,0,0
sh600895,0,2249,0
sz002253,0,2322,0
sh600521,4647,18130,0
sz000565,0,0,0
sh603843,3731,0,0
sz000400,3519,7344,0
sz000811,1518,1575,0
sz002882,0,0,0
sz300531,1033,994,0
sh603856,0,0,0
sh603568,0,0,0
sz300526,872,624,0
sz000069,88178,164432,2129
sh600096,0,3875,0
sh600155,3222,2749,0
sh600358,0,0,0
sh600768,0,0,0
sz002698,0,0,0
sz002049,14299,21003,321
sh603797,0,817,0
sz002551,0,1110,0
sz300559,0,0,0
sz002317,1538,14851,1056
sh600183,44714,59468,1122
sh603628,0,984,0
sh603617,0,0,0
sz002683,0,0,0
sz002394,0,0,0
sz002777,0,0,0
sh603685,0,0,0
sh603288,433,2838,0
sh603505,0,0,0
sz002766,0,2620,0
sh600790,0,0,0
sz002157,2035,18158,0
sh600329,0,2244,0
sz002284,0,0,0
sz002613,0,0,0
sh600754,454,1443,0
sz000408,5555,16885,0
sh603727,0,0,0
sh600764,1180,4438,0
sh600665,0,0,0
sz000536,0,0,0
sz300371,0,0,0
sh600219,73201,100713,0
sz002421,5298,5000,0
sz002420,0,0,0
sz300161,1928,0,0
sz300736,249,0,0
sz000568,18423,43313,2431
sh601628,40048,51523,3372
sz002008,76107,114783,14573
sh603536,0,0,0
sz300437,0,0,0
sz002763,1910,2080,0
sz002291,0,0,0
sh600188,163934,134465,17489
sz300431,36850,21434,1191
sz300251,272375,206335,26846
sh601828,231414,166998,37498
sh600265,0,0,0
sz300247,0,1995,0
sh600036,190767,165450,11017
sz002048,1680,1607,0
sz300285,0,2949,0
sz002446,0,0,0
sh601139,5686,5552,0
sz300708,6450,10325,1134
sz000524,0,0,0
sh600690,121931,203065,7914
sh603637,487,0,0
sh601375,1780,7949,0
sh603606,0,0,0
sz000657,0,5354,0
sh603226,0,0,0
sh600426,27985,35632,1090
sz002452,0,0,0
sh600674,12001,42086,0
sz002353,7997,8778,0
sz002076,0,0,0
sz300225,7031,4479,0
sz002805,0,0,0
sh603703,0,1600,0
sh600152,17176,0,0
sh600860,0,0,0
sh600237,2176,1939,0
sz300022,0,0,0
sh600031,340620,444217,8100
sh600288,0,0,0
sz300497,278,243,0
sh601258,22768,31660,0
sz002708,0,0,0
sh600079,3636,24741,0
sh600058,5759,1230,0
sz000753,23575,2729,0
sz300630,0,541,0
sz000613,0,1600,0
sz002058,0,0,0
sz300196,0,0,0
sz002594,11639,28116,1634
sz300643,0,0,0
sz300596,0,0,0
sh600909,8696,9199,0
sh603589,5044,9645,896
sz300273,0,1415,0
sh600680,0,0,0
sz300354,0,0,0
sz300502,0,0,0
sz000715,0,0,0
sz300210,0,0,0
sh600759,12555,17817,0
sz300389,0,0,0
sh603078,0,0,0
sz002040,0,902,0
sh603779,0,0,0
sz300191,5971,3832,1589
sz300599,0,0,0
sz002277,0,3320,0
sz002871,0,0,0
sh600575,3016,13937,0
sh600048,495130,532658,28002
sz000880,0,0,0
sz002083,0,3653,0
sz002681,0,0,0
sz000666,504,3688,0
sz300511,473,0,0
sz300359,2669,1731,0
sz300351,0,0,0
sz002340,25190,100373,0
sh603816,0,4639,0
sz002030,0,0,0
sh603828,0,0,0
sz002571,8722,5006,0
sh601003,62822,49459,0
sz300518,0,0,0
sh601108,60113,70755,2169
sh601968,0,0,0
sz000402,14943,27959,0
sh600458,0,1431,0
sz000502,0,0,0
sz002718,0,0,0
sz002653,0,0,0
sz300489,0,0,0
sh600592,0,0,0
sh600618,0,0,0
sz000403,0,0,0
sh600507,58416,66463,3181
sh600491,0,1023,0
sz002835,0,0,0
sz000721,0,0,0
sh600385,0,0,0
sh600785,0,0,0
sh603033,0,0,0
sz300687,0,0,0
sz002699,0,0,0
sh600266,2018,6034,0
sz000506,0,0,0
sh600023,14669,71117,0
sh603527,1308,665,0
sz002417,0,0,0
sh603988,0,0,0
sz002413,0,0,0
sz002857,0,0,0
sh603929,1000,0,0
sz000759,0,5613,0
sz300324,6149,3608,0
sz002633,0,0,0
sz002287,0,0,0
sz002185,111217,179815,4002
sz000910,1432,0,0
sz300192,0,0,0
sz002327,3606,1000,0
sz300552,0,0,0
sz000913,0,0,0
sz000637,0,0,0
sz000996,6025,24219,831
sz300100,0,0,0
sz000651,220574,305214,35562
sz002645,600,0,0
sz002375,0,5663,0
sz002153,482,1295,0
sz300105,0,0,0
sh603721,0,400,0
sz300108,0,0,0
sz000952,0,0,0
sz300672,194,220,0
sh600307,217819,119575,0
sz002785,0,0,0
sz300101,71679,24242,828
sz002721,68271,28744,2651
sh601996,6692,3781,0
sz000037,0,1566,0
sz300185,0,10000,0
sh603977,0,800,0
sz300115,8135,18841,526
sz300261,0,0,0
sh600390,1000,1202,0
sz002321,70822,61225,3674
sh600035,0,7002,0
sz002209,0,0,0
sh601339,0,2098,0
sz002719,1634,0,0
sh600312,0,2037,0
sz000537,74260,72925,956
sz000702,6049,22559,1638
sh601002,8294,4565,1733
sz300174,956,2273,0
sz300476,590,1714,0
sz002110,19742,29132,0
sz002191,3453,3722,0
sz002537,0,7396,0
sz002539,0,4711,0
sz002215,0,3402,0
sh600819,0,0,0
sz002563,4892,5586,0
sz300409,1035,1493,290
sz000678,0,0,0
sz000027,1847,5668,0
sh603661,0,0,0
sz002093,0,2468,0
sz000802,0,4035,0
sz002922,2289,379,418
sz300542,296,875,650
sh601377,67068,103923,0
sh600736,0,4831,0
sh600975,0,0,0
sz002619,4000,0,0
sh600496,0,12113,0
sh600737,1285,3769,0
sz002363,0,0,0
sh601336,45503,59288,3474
sh601808,3585,9288,0
sh600393,0,0,0
sz002632,0,1389,0
sh603123,0,0,0
sz300658,0,0,0
sh600291,13610,21833,0
sh603826,0,0,0
sz002915,3509,1869,0
sh600898,0,1304,0
sh600826,0,0,0
sh600821,0,0,0
sz300091,0,0,0
sh603599,0,1342,0
sz002295,0,0,0
sh600073,0,0,0
sz002864,0,0,0
sz000698,1926,0,0
sz002546,0,0,0
sh600332,4013,10116,0
sz002007,11637,8709,490
sz300195,0,0,0
sz000032,0,0,0
sz300021,0,6682,0
sz000830,141604,123120,15800
sh603868,1006,1286,201
sz002331,0,0,0
sh600418,26873,36829,1600
sz300355,34747,24981,0
sz000619,0,0,0
sh600966,60927,27149,0
sz300685,480,2165,0
sh603367,1029,1738,0
sz000060,162467,137626,15265
sh603088,2780,0,0
sh600890,1923,4040,0
sh600228,1010,0,0
sh603618,0,0,0
sh600276,21728,32886,3299
sh600961,0,0,1499
sz002585,0,1512,0
sh600892,3012,0,0
sh600216,9483,27264,0
sz002627,0,0,0
sz300294,317,904,0
sh600745,1774,3463,526
sz002332,0,0,0
sh601555,4456,8568,0
sh600512,0,2942,0
sz300508,0,193,0
sh603939,0,282,0
sz002651,4974,1365,0
sz002374,0,0,0
sz000803,0,0,0
sz002412,808,0,0
sh600561,0,0,0
sz300341,0,0,0
sz002715,0,0,0
sz002090,0,0,0
sh603378,0,0,0
sh601965,0,0,0
sh600220,0,12966,0
sh600085,7556,13620,0
sh603356,0,0,0
sz002138,813,1805,0
sz002305,0,0,0
sz002544,0,0,0
sh600115,399064,359332,9554
sz000510,0,1928,0
sz002508,4398,5801,906
sz000911,0,0,0
sh601999,0,0,0
sh600369,0,47059,0
sz002425,0,4544,0
sh601177,3300,0,0
sz002177,0,4711,0
sz002468,900,0,0
sz002723,0,0,0
sz000890,11408,3060,0
sz002779,0,0,0
sz002360,0,0,0
sh600863,15920,19327,0
sz300731,780,0,0
sh603699,0,0,0
sz000786,37497,31364,3204
sz002768,883,0,0
sz000711,0,0,0
sh603197,224,0,0
sh600019,831248,784337,26378
sh603318,0,1156,0
sz000712,708,1706,0
sz000584,1532,711,0
sh600210,5001,27111,0
sh600686,0,0,0
sh600129,3892,1596,0
sh603877,902,456,0
sz300130,1913,1242,0
sz300737,0,0,0
sh603678,0,0,0
sz002038,3626,3642,0
sz000519,0,0,0
sh600149,0,2478,0
sh600054,0,0,0
sz300350,0,0,0
sz300169,0,0,0
sz000779,0,0,0
sz300501,0,0,0
sh601008,2265,42042,0
sh603725,0,0,0
sh600421,0,0,0
sh603303,0,0,0
sh603717,0,402,0
sz300568,0,875,0
sz002895,6670,4299,0
sz000920,0,0,0
sh600569,193469,124444,0
sz300657,0,337,0
sh600126,0,0,0
sz002118,1312,0,0
sh603817,0,814,0
sz002686,0,0,0
sh600353,0,0,0
sh600763,683,7149,0
sz000750,5772,42394,0
sz300671,0,352,0
sh601231,15458,16761,0
sz300039,0,2000,0
sz000150,424,415,0
sh600732,0,0,0
sh601882,0,0,0
sh600889,0,0,0
sz000722,0,1093,0
sh600822,0,4508,0
sh603528,0,1225,0
sh600556,0,0,0
sh601669,25638,28042,0
sh600645,3327,5118,0
sz002139,5638,7463,0
sz002066,0,0,0
sz300710,0,0,0
sh600662,0,1992,0
sz300035,0,2767,0
sz300384,0,0,0
sz300206,8211,2806,0
sz000905,1913,0,0
sh600808,462073,310529,3915
sz300342,0,0,0
sz002245,1298,11974,0
sh600845,1674,2755,0
sz300128,5562,3428,0
sz300730,1783,2807,0
sh600971,30882,33175,986
sz002268,480,2625,0
sz300525,0,0,0
sz300735,8838,3437,0
sz002845,0,0,0
sh600936,0,0,0
sh600363,0,0,0
sz300104,0,0,0
sh600682,3947,4900,0
sh600410,2077,10271,0
sz000607,0,0,0
sz002193,0,0,0
sz300500,0,0,0
sh600319,8231,0,0
sz002009,2261,728,0
sz300067,0,11796,0
sz002286,0,0,0
sh603908,0,0,0
sz002548,0,0,0
sz000561,0,0,0
sh601168,41468,31372,2014
sz300208,0,2128,0
sh600252,2417,33629,0
sh600980,0,0,0
sz002342,0,2083,0
sh603655,5841,7721,0
sz002220,0,0,0
sh603920,0,0,0
sh600327,0,2585,0
sz000546,999,838,0
sh600038,2696,4575,0
sz300338,0,0,0
sh600663,0,0,0
sh600499,4114,44285,0
sz300312,0,0,0
sz300020,0,6501,0
sz300662,0,400,0
sh603239,0,0,0
sz300597,0,0,0
sz300059,594979,681401,65271
sz002472,0,0,0
sh600706,0,1314,0
sz300567,0,453,0
sz000530,0,0,0
sh600675,0,5000,0
sz002373,0,3492,0
sz300280,300,0,0
sz002196,0,0,0
sz002352,200,2653,0
sz002850,2166,2714,0
sz002036,0,758,0
sh600116,0,3674,0
sh600714,0,0,0
sz000507,22215,17576,0
sh600328,4986,2878,0
sz002418,0,0,0
sh603096,0,0,0
sz300075,0,837,0
sz002813,0,423,0
sz300715,4102,7660,0
sz000951,8351,3971,0
sz002812,1312,200,0
sz002806,0,0,0
sh603069,4343,1527,0
sz300551,0,0,0
sz000923,934,2483,0
sz000063,833160,1031991,93395
sh600213,0,0,0
sz002559,0,1524,0
sh600100,8523,27408,0
sh603757,1100,300,0
sz000738,0,819,0
sh600562,0,560,0
sz000789,93286,102713,9573
sz300445,0,0,0
sz300044,0,0,669
sh601700,0,1500,0
sh600673,9279,26969,0
sh603345,0,400,0
sh600992,1080,2683,0
sh600715,3368,3447,0
sz002496,0,11544,0
sz002862,0,0,0
sz002158,0,1036,0
sz300318,0,0,0
sz002839,486237,584882,8211
sz002222,2313,5179,0
sh603330,0,0,0
sz002447,100785,89122,0
sz300532,0,0,0
sz002696,0,0,0
sz300396,0,0,0
sh603089,0,0,0
sz000875,0,4448,0
sz300132,0,0,0
sh601019,964,1990,0
sz002299,2807,5870,0
sz000707,0,0,0
sh600563,2273,1728,0
sz000078,4595,23732,0
sz002902,390,1660,0
sh603138,0,597,0
sz002454,0,1325,0
sz300334,2341,1597,1111
sh601866,0,6731,0
sh600693,0,4689,0
sz002861,574,0,0
sh601333,48063,104846,0
sz300395,0,0,0
sz002432,0,0,0
sz000785,0,0,0
sz300235,0,0,0
sz000723,0,1715,0
sh603730,0,320,0
sh600861,0,0,0
sz300442,0,0,0
sh600812,0,0,0
sh600053,0,0,0
sz000695,0,0,0
sz002310,6055,20007,0
sz002225,0,0,0
sz300480,0,0,0
sz300515,0,0,0
sh603179,0,0,0
sh600963,0,11230,0
sz002265,0,0,0
sz300246,0,0,0
sh603899,479,516,0
sh600641,0,5922,0
sz000025,302,0,0
sh603998,0,0,0
sz002091,12572,2917,0
sz002555,8256,13498,0
sh600987,0,1254,0
sh600568,4989,4583,0
sh603690,0,0,0
sz300669,0,0,0
sh603456,8593,7315,0
sh600581,44978,59601,4168
sz002485,0,0,0
sz002665,16952,4000,0
sz000977,6071,21812,0
sh600967,14225,5805,1015
sh601958,6651,6112,0
sz002886,0,0,0
sz002338,0,0,0
sz002096,0,0,0
sh600406,11622,6819,0
sh603861,0,0,0
sz002198,0,0,0
sh600015,80272,142388,0
sz300494,0,598,0
sz002783,0,1287,0
sz300509,0,0,0
sz300304,0,0,0
sz002778,0,0,0
sh600579,0,0,0
sz300411,5261,0,0
sz300641,0,0,0
sz300709,161,157,0
sh600419,321,0,0
sz002789,0,0,0
sz300027,172813,118509,2347
sz002070,8952,0,0
sz002878,0,0,0
sh603698,0,0,0
sh600106,0,2479,0
sz002716,1727,639,0
sh603157,0,0,0
sh600125,8667,32210,0
sh601111,169562,213472,12510
sz000428,0,2500,0
sh600766,0,0,0
sz002293,0,0,0
sz002039,2608,0,0
sz300065,0,758,0
sz300539,0,0,0
sz300288,989,1034,0
sz002701,0,2000,0
sz300684,7451,5974,640
sz300386,0,1504,0
sz300390,0,0,0
sz002116,0,0,0
sh600856,21022,11222,1378
sz002477,2520,53387,0
sz002869,0,0,0
sz002254,7920,2301,0
sh600067,2200,5882,0
sz000586,0,0,0
sh600099,0,0,0
sz000860,1334,14770,0
sz300517,4036,1452,0
sz000090,12568,16787,0
sz300284,0,897,0
sh600873,0,6379,0
sh600070,0,0,0
sh600869,1935,1875,0
sh600874,1769,20040,0
sh600158,0,9570,0
sz002643,0,1114,0
sh603688,0,0,0
sz300081,0,0,0
sz000926,22500,25515,0
sh601238,3599,1618,0
sz002367,0,0,0
sz000096,0,0,0
sz002786,0,0,0
sh603126,0,0,0
sh600103,4041,12929,0
sh603306,0,0,0
sz002729,0,0,0
sh603777,0,0,0
sz300393,645,1334,0
sz000655,0,4189,0
sz300317,0,2469,0
sz300516,5736,1247,0
sh600638,0,700,0
sh600621,8797,21298,1287
sz300176,1103,622,0
sh601678,20641,30345,2876
sh603916,0,0,0
sz300629,0,509,0
sz300162,0,0,0
sz300200,0,0,0
sh600572,0,5612,0
sh603896,0,602,0
sz300428,0,0,0
sz300344,0,0,0
sz000662,1000,0,0
sz300565,0,0,0
sh603037,0,0,0
sh600495,2107,0,0
sz002611,1618,5767,0
sh603329,22683,22951,3777
sh603311,0,0,0
sz300172,0,2947,0
sz300121,0,0,0
sz002197,0,0,0
sh603803,0,0,0
sh600624,5266,20371,0
sz300681,1472,1402,0
sh601211,43567,83238,510
sz000899,0,2200,0
sz300607,0,0,0
sz000413,48920,127447,0
sh600217,0,0,0
sz000670,0,0,0
sh600558,0,0,0
sz000892,0,0,0
sz300499,0,0,0
sh600756,0,3451,0
sh601890,0,1573,0
sh603003,0,0,0
sz002588,1426,0,0
sh600468,0,3103,0
sz002762,0,0,0
sz002399,1524,0,0
sh603567,0,0,0
sh600588,10357,10344,0
sz002393,0,0,0
sz002801,0,300,0
sh603683,2611,399,0
sh600052,0,0,0
sz300266,0,0,0
sh600604,0,14364,0
sh600098,0,1500,0
sz000558,0,8850,0
sz000004,0,0,0
sz300602,0,254,0
sh600012,0,0,0
sz002529,0,730,0
sz300237,0,0,0
sz002279,0,0,0
sz002543,0,1241,0
sh600578,0,8031,0
sh603766,0,7986,0
sh600403,0,0,0
sz300299,0,0,0
sh600498,21172,44588,2303
sz002347,0,0,0
sz300535,0,0,0
sz002587,0,0,0
sz002576,0,4271,0
sh600908,19907,41141,0
sz002624,9618,29750,341
sz000839,26516,30306,0
sz002230,52999,59651,4155
sh600626,0,1492,0
sh603776,0,0,0
sz300464,0,0,0
sh603716,0,0,0
sh600622,700,0,0
sz000020,0,0,0
sh603083,414,536,0
sh600533,0,5048,0
sz300571,937,0,0
sh601699,306589,205868,24484
sz300082,0,0,0
sz002776,1077,0,0
sz002150,0,0,0
sh600810,0,2261,0
sh600360,0,6193,0
sz002601,13958,7055,0
sz300305,0,0,0
sz300140,0,882,0
sh600694,270,364,0
sh601116,0,2384,0
sh603848,0,0,0
sh600616,0,0,0
sz002735,0,0,0
sz002781,0,0,0
sz000851,1178,4470,0
sz000793,22132,43699,0
sz002634,0,0,0
sz002896,0,0,0
sh600056,2938,8656,520
sh603663,0,0,0
sh600050,668023,858757,9249
sh600223,0,0,0
sh600280,1644,0,0
sz000423,2268,4547,365
sh601188,0,3265,0
sz300534,0,1200,0
sz002734,0,0,0
sz300601,1502,762,0
sz300239,0,0,0
sh600449,2961,2030,0
sz300138,0,0,0
sh600011,13995,5637,0
sz300595,600,0,0
sz000581,12626,30470,0
sh600489,33039,63831,0
sz300415,1296,0,0
sh603607,569,0,0
sh600231,49312,2745,0
sh600186,6800,14859,0
sz300633,0,0,0
sh603106,2778,4052,736
sh603901,0,0,0
sh600761,15101,1400,0
sz002120,0,228,0
sz000426,66667,36289,1056
sz000100,416543,565832,0
sz300400,0,2842,0
sz300114,1952,0,0
sh600400,0,2000,0
sz002369,1338,8334,0
sh603711,459,0,0
sz300183,0,4704,0
sz002246,0,0,0
sz300227,500,500,0
sh600983,0,0,0
sz300053,6958,5587,0
sh603608,1241,0,0
sz300377,0,19634,0
sz002726,0,1100,0
sh603008,0,3249,0
sz002115,0,3844,0
sz002389,620,666,0
sz000573,0,7312,0
sh600696,0,0,0
sz002612,0,0,0
sz300587,0,0,0
sh600508,2168,1703,0
sz300224,0,0,0
sz300215,0,0,0
sz002494,0,1470,0
sz002232,0,0,0
sh600004,28650,14417,640
sz002460,22606,23280,1534
sh600883,0,0,0
sz300198,0,7423,0
sh600719,1921,0,0
sz002244,22603,33633,2025
sh601607,3526,14103,0
sh600461,0,0,0
sz000718,5759,9137,0
sz000970,1898,8242,0
sz000967,0,0,0
sz000040,3500,0,0
sh603722,575,300,0
sz002916,11571,11488,2694
sz002830,0,0,0
sh600587,1986,0,0
sz300436,0,0,0
sz002201,0,0,0
sh600823,56930,69877,0
sh603383,0,0,0
sh600478,3322,0,0
sh603188,0,6069,0
sz300363,0,1050,0
sz300388,0,1237,0
sz300487,66443,58509,13484
sz002598,0,1194,0
sh603110,0,0,0
sh600650,0,0,0
sh600885,6036,13104,780
sz002554,2105,3000,0
sh603885,0,0,0
sz300637,0,0,0
sz300420,0,0,0
sh603386,0,0,0
sz300582,0,0,0
sz000982,6687,0,0
sh600633,3004,2484,0
sh603933,0,0,0
sz000708,6638,903,0
sz000030,0,0,0
sz000962,1917,0,0
sz300560,0,0,0
sz002479,5646,5279,0
sz001696,0,0,0
sz300738,0,0,0
sh600755,72156,69292,0
sz000919,0,0,0
sz000885,595,4378,0
sz002819,0,0,0
sh600900,12209,33889,1405
sz002372,0,0,0
sh600577,0,0,0
sz002742,0,0,0
sh600326,6347,5175,0
sh600271,17458,31578,0
sh601636,188045,125503,7923
sh600969,0,1000,0
sh600081,0,0,0
sh600321,0,0,0
sz000729,12195,54520,0
sz000062,1998,1001,0
sz000021,17774,17876,0
sz300309,0,519,0
sz300328,0,0,0
sz300528,0,826,0
sh600984,1874,0,0
sh600185,6976,27753,1655
sz002155,5388,5777,0
sz002788,0,0,0
sh600519,21497,31407,5279
sz300639,0,251,0
sz300300,0,0,0
sz300706,0,306,0
sz300546,0,0,0
sh601997,361454,373688,18341
sz000088,0,2566,0
sz000622,0,0,0
sh600517,0,3555,0
sh600505,0,0,0
sh600408,0,0,0
sz000908,0,0,0
sh600833,0,0,0
sh600540,0,0,0
sz300732,1034,1043,0
sz000685,2387,1501,0
sh600381,0,3309,0
sz300678,405,617,236
sz002233,5201,11857,0
sz300113,54950,60445,13958
sz002590,0,1010,0
sh600708,2760,9206,0
sz002322,0,0,0
sh600083,0,0,0
sh600635,8005,2240,0
sz000048,1528,1514,0
sh600503,6175,3607,0
sz002247,0,0,0
sh603801,639,334,0
sz002717,441,0,0
sz002062,0,0,0
sh603009,30581,25838,0
sz002087,0,4000,0
sz002775,0,0,0
sz300171,0,0,0
sz002836,0,0,0
sh603970,1834,1099,0
sh600114,0,988,0
sz300018,0,2034,0
sh601519,0,3500,0
sz002853,0,1604,0
sz300555,0,0,0
sz000975,4845,19456,0
sz000672,112709,86456,1874
sz000533,0,0,0
sh600887,134684,165479,14378
sh600724,0,0,0
sz002907,5439,4281,1138
sh600660,18824,51946,2183
sz000823,18490,36649,4421
sz002024,82072,88191,757
sh600275,0,0,1814
sh600667,9520,19379,0
sz000932,82649,55392,0
sz000809,0,0,0
sz300179,0,0,0
sz000520,9290,6857,0
sh600820,1197,0,0
sz002877,0,0,0
sz002165,0,0,0
sh600825,0,0,0
sz002436,0,0,0
sz300530,0,0,0
sh603580,0,0,0
sh600748,0,0,0
sh603186,0,0,0
sz002552,0,0,0
sh600323,3335,2704,0
sz002285,38744,86812,0
sz002434,0,0,0
sz002639,2920,0,0
sz300650,0,0,0
sz002105,0,0,0
sh600338,5246,4257,0
sh600133,0,2409,0
sh600679,0,0,0
sz000548,2807,5338,0
sz002649,0,9121,0
sz002893,3867,7914,339
sh603633,0,0,0
sh600731,2242,0,0
sh600644,0,0,0
sz300156,46416,77126,2537
sh603668,0,0,0
sz002771,0,0,724
sz002068,0,1410,0
sz002837,0,0,0
sh603321,1606,0,0
sz002172,0,3588,0
sz002675,0,7712,0
sz000166,79424,52215,0
sz000589,0,0,0
sh600716,0,5200,0
sz300301,0,0,0
sz002676,62461,106085,0
sz002489,31138,25264,0
sz000692,0,0,0
sh600814,0,0,0
sh603029,0,0,0
sh601677,0,0,0
sh600580,0,8052,0
sh600063,0,0,0
sh601908,2201,3000,0
sz300209,0,0,0
sh601608,7113,6369,0
sh600184,0,0,0
sh600199,0,6520,0
sh600570,14633,19334,859
sz002875,0,0,0
sz300163,0,0,0
sh603507,540,350,0
sz300118,3031,0,0
sz002441,0,0,0
sz002426,0,35722,0
sz002828,0,0,0
sh600375,0,0,0
sz002724,0,1240,0
sz000599,1800,0,0
sz300041,0,0,0
sz300323,1339,10557,0
sz002685,0,1059,0
sh600171,4311,16952,0
sz000430,0,1197,0
sz002821,1786,1152,0
sh603517,387,0,0
sz300248,0,0,0
sh601020,0,681,0
sz300522,0,0,0
sz300279,0,0,0
sz300653,0,0,0
sh600206,4327,6030,0
sz000819,0,0,0
sz002498,0,0,0
sh600028,1405007,1608037,42507
sz000429,2094,1316,0
sz002402,1512,0,0
sh600482,0,440,0
sh600613,0,0,0
sz002111,0,0,0
sh600302,0,0,0
sz002043,1955,5039,0
sz002595,601,0,0
sz000931,0,0,0
sh603677,0,407,0
sh600061,0,2383,0
sh600037,0,0,0
sz002625,586,506,0
sh600156,0,0,0
sh601933,152189,202320,4633
sh600175,0,2792,0
sz000038,0,0,0
sh600857,1711,0,0
sz002437,3154,1527,0
sz300145,4869,3231,0
sz002709,253,796,0
sh600771,2075,809,0
sh600753,0,0,0
sh600722,1606,0,0
sh603056,0,0,0
sz002020,0,3470,0
sz300047,0,0,0
sh600610,0,2135,0
sz000042,0,0,0
sh600415,1925,15627,0
sz002074,3107,11875,1278
sz002829,0,0,0
sz300218,0,0,0
sh600933,1614,0,0
sz000836,0,0,0
sz300347,1114,941,0
sz300177,3013,0,0
sh603320,0,0,0
sh600654,5003,22569,0
sh600976,0,0,0
sz002565,0,0,0
sz000816,0,10045,0
sz002121,0,1929,0
sz002505,0,5815,0
sh600072,4171,4160,0
sz300373,3525,7934,507
sz300187,0,0,0
sz002733,0,0,0
sz000978,0,0,0
sz002053,0,0,0
sz300533,0,0,0
sz300074,2200,0,0
sz000980,1010,918,0
sh600560,0,0,0
sz000410,5655,4530,0
sz002808,0,0,0
sz000626,0,0,0
sz300331,0,0,0
sz002140,0,0,0
sh603903,0,1881,0
sz300457,0,833,0
sh600256,149209,76595,0
sh600758,4992,1440,0
sz300632,0,0,0
sz002236,65560,116528,2218
sh600398,0,0,0
sz002455,1516,0,0
sz300012,9220,5652,0
sh601939,782258,848328,4687
sz002833,316,341,0
sz300175,0,2500,0
sz300647,0,0,0
sz002467,1786,3839,0
sh600740,154145,142443,7661
sh601016,2950,10275,0
sz002897,0,0,0
sz300423,0,0,0
sz000676,0,0,0
sz002535,3047,0,0
sz300063,0,2411,0
sh600509,1560,0,0
sz300576,0,0,0
sh603778,0,0,0
sz300283,0,0,0
sz002847,0,0,0
sz002790,0,0,0
sz000557,0,2474,0
sz000555,2275,0,0
sz300407,0,3138,0
sz002840,0,0,0
sz300079,2931,53435,0
sh600637,1302,638,0
sz002026,0,1300,0
sz000859,0,0,0
sz000959,5577,5686,0
sh600838,0,2532,0
sz300005,8631,30275,0
sz002154,0,0,0
sz300337,16547,0,1501
sh603178,0,0,0
sz002241,131224,143069,4317
sz300692,237,0,0
sh600091,0,0,0
sz000868,4349,11939,0
sz300640,0,0,0
sh600330,3961,15231,0
sz000595,0,0,0
sh600480,0,0,0
sz002356,3003,0,0
sh601800,21096,35480,0
sz300540,0,0,0
sh600530,0,2000,0
sh600233,0,0,0
sz002123,1000,1012,0
sh600388,946,7097,0
sh600093,88998,68265,3500
sz002550,0,5469,0
sh603556,0,361,0
sz002014,0,1923,0
sh600392,45596,52055,2025
sz002028,0,700,0
sh600462,0,0,0
sh603966,0,0,0
sh600020,14892,13105,0
sh600652,5297,11143,0
sh600525,1777,1383,0
sz300406,0,1583,0
sh603323,24637,40221,1744
sh600977,19002,10368,0
sh600846,4738,19009,0
sz002841,0,0,0
sh600350,8196,29082,0
sz002713,1383,1090,0
sh603866,0,807,0
sz000514,0,0,0
sh601998,48986,46519,0
sz300144,3999,8996,0
sz002326,0,0,0
sh600789,150804,103575,17626
sz000792,72108,125005,0
sh603788,0,0,0
sh603808,963,831,0
sz300141,0,1340,0
sh600549,21406,21782,413
sz002591,0,0,0
sz000852,3202,1162,0
sz300666,455,478,0
sz002740,0,0,0
sh600538,0,4634,0
sh600642,37888,5781,0
sh601599,4900,0,0
sz300426,2337,2777,0
sz000933,47845,62545,2371
sh603990,0,0,0
sh600305,1022,3579,909
sz002439,5014,18829,0
sz002883,0,0,0
sz000893,9000,0,0
sz002045,3362,19782,0
sz300620,0,0,0
sz000605,0,0,0
sz000701,0,0,0
sz300322,0,0,0
sz000969,0,4318,0
sz300061,0,0,0
sz300711,404,1011,0
sh600781,0,513,0
sh601311,0,949,0
sz002816,0,0,0
sz300491,0,0,0
sh600386,6018,22087,0
sz002562,4859,9173,0
sh601801,0,990,0
sh600122,6927,10082,0
sh601618,13987,43286,0
sz002218,4025,7812,0
sz000727,16474,26191,0
sz300095,13748,5523,0
sz002073,0,3454,0
sh603085,0,0,0
sh603999,1510,0,0
sh603578,0,0,0
sz300155,0,0,0
sh601500,0,0,0
sz002130,3300,3872,0
sz000936,0,0,0
sh600858,0,0,0
sz000593,0,6810,0
sz000630,133867,216836,0
sz000677,0,2637,0
sz300267,42576,26339,0
sz002746,0,0,0
sz000966,3639,24779,0
sh603039,0,0,0
sz000301,0,5885,0
sz300319,0,2029,0
sz002383,0,1742,0
sh603906,0,0,0
sz000739,5704,7807,0
sz300119,0,0,0
sh603316,0,0,0
sh603648,3029,0,0
sh600576,3000,0,0
sz300621,0,0,0
sz000420,0,9705,0
sz002018,0,17563,0
sh603900,0,1419,372
sh601518,0,0,0
sh600917,0,2514,0
sz000925,0,0,0
sz300084,4905,4696,0
sh601688,148956,223336,5088
sh603421,0,0,0
sz300066,0,2611,0
sz300554,401,217,0
sh600649,1181,28592,0
sz000333,114843,131791,5126
sz000596,4121,11291,157
sz002387,889,0,0
sz000567,7160,1303,0
sz002608,0,0,0
sh600303,2553,4692,0
sz002281,9579,21282,0
sz002136,0,0,0
sz002502,0,0,0
sh603958,0,0,0
sz300512,0,0,0
sz000488,133338,89602,747
sz300481,617,1749,0
sz300417,0,0,0
sh600107,0,938,0
sz002787,0,0,0
sz300252,0,1058,0
sh603960,0,0,0
sz300340,942,695,0
sh600191,0,3100,0
sh600025,197848,112613,0
sz300478,0,0,0
sz002328,0,0,0
sz002003,0,5707,0
sh603066,0,0,0
sh603996,1213,0,0
sz300689,0,0,0
sz002449,885,2840,0
sz300026,8127,2447,0
sh603798,0,0,0
sh603268,0,0,0
sz000065,612,4743,0
sh600080,0,13100,0
sh603038,0,0,0
sh601011,8705,4890,0
sh600999,28468,31409,950
sz002884,0,0,0
sh600805,0,1876,0
sz002034,0,0,0
sh600843,0,0,0
sz000627,1420,13997,0
sz300321,0,0,0
sh600744,0,0,0
sz300217,0,0,0
sh600354,0,4183,0
sz300085,1004,5371,0
sh603322,0,0,0
sz000690,9490,12622,0
sh603917,0,0,0
sh600717,4487,5066,0
sz000791,1379,4473,0
sz000498,0,1718,0
sh601966,0,925,0
sz300563,0,0,0
sz300221,5716,2217,0
sz300733,421,1937,0
sz000898,137973,102404,2272
sh600601,0,6014,0
sh603665,0,0,0
sz300702,0,304,0
sz002055,0,2168,0
sz000716,0,0,0
sz002415,62784,125709,9343
sh600101,0,0,0
sz002212,2600,586,0
sz002088,0,1712,0
sz000628,0,0,0
sz002650,33262,5283,0
sz002404,7642,15402,0
sh600757,1505,2046,0
sz002059,0,0,0
sz002531,8736,0,0
sz002860,0,0,0
sz300314,0,0,0
sz002682,0,0,0
sh600990,0,262,0
sh600728,1320,7484,0
sz000669,0,773,0
sh603196,0,0,0
sz300243,0,0,0
sh600455,0,0,0
sz300429,0,0,0
sz002015,0,1655,0
sz300201,0,0,0
sh600500,1177,7861,0
sz002141,0,0,0
sz002182,2003,1447,0
sz002809,3163,7502,0
sz300223,0,652,0
sh603183,0,0,0
sz000887,0,693,0
sz300233,0,0,0
sh600139,1454,0,0
sh600684,13856,27059,0
sh603987,0,0,0
sh603729,0,0,0
sz300303,3089,0,0
sz300635,0,0,0
sh600476,0,0,0
sh600853,0,0,0
sz300598,0,0,0
sz000810,0,0,0
sz002603,0,832,0
sz300529,0,500,0
sh600131,0,0,0
sh603393,0,333,0
sh603936,0,0,0
sh600146,3936,5924,0
sh600516,275765,193040,15388
sh600372,0,1020,0
sz002758,0,1094,0
sz000901,0,1187,0
sh600598,34040,16595,1863
sz000686,6576,17235,0
sz000612,0,2009,0
sz002691,0,0,0
sh600251,1596,1501,0
sz002578,0,0,0
sz002748,0,0,0
sh600159,0,7807,0
sz300370,0,0,0
sh601858,0,0,0
sz002714,945,3372,201
sh600348,95408,46478,0
sh603588,0,0,0
sz002234,0,1062,0
sz000683,16018,43447,0
sh600290,1604,0,0
sz002274,0,0,0
sh600232,0,0,0
sz002514,0,16411,0
sh600105,0,0,0
sh600436,7662,12534,0
sz002226,0,0,0
sz000591,1944,10866,0
sz002276,0,1458,0
sh603076,1310,0,0
sh603707,359,3447,0
sz300663,2786,2899,476
sh601179,3175,4989,0
sz300581,0,0,0
sz002553,0,0,0
sh600172,0,4283,0
sh601818,754005,825444,10396
sz000972,0,0,0
sh603100,0,0,0
sz000059,22904,34643,1097
sz002705,0,0,0
sh600317,0,0,0
sh603339,0,0,0
sz300348,5942,11329,0
sz002311,2141,536,0
sz000417,0,0,0
sz000897,0,0,0
sz002102,2353,5000,0
sz000835,0,0,0
sz002564,0,0,0
sz002865,3267,595,0
sh601388,9486,21394,0
sz300315,38614,34712,1953
sz300569,0,0,0
sz300072,29636,24012,1813
sh600657,14643,26122,0
sz300664,22085,23062,2712
sh600299,0,0,1532
sh600033,6690,12298,0
sh600739,10035,22696,0
sz000572,34444,40105,2685
sz002229,1000,0,0
sh603127,0,0,0
sz000544,0,0,0
sh600526,0,0,0
sz002732,0,0,0
sh600742,3563,922,0
sh603555,8820,5041,0
sz002490,0,0,0
sh601009,291157,309649,6052
sh600368,0,5700,0
sz002530,0,0,0
sz300142,8585,7784,0
sz002690,0,0,0
sz300180,3301,3977,0
sz002001,34683,47734,2777
sz300083,11595,16705,4104
sz300505,0,0,0
sz002774,0,0,0
sh603229,0,0,0
sz300213,0,0,0
sz002335,0,350,0
sh603160,0,4269,0
sh603177,0,0,0
sz002780,0,0,0
sh603080,3499,3433,0
sh600289,18440,31793,0
sh603388,0,0,0
sz002171,2898,12529,0
sz002416,0,1746,0
sz002137,0,0,0
sz002149,5721,5262,0
sz002772,0,0,0
sz300107,98483,117558,3418
sh600136,0,0,0
sh600229,0,0,0
sh603099,0,0,0
sh600792,0,2469,0
sh601788,9848,11176,0
sh600609,0,0,0
sh603355,0,0,0
sz000155,12511,12986,0
sz002410,0,1279,0
sh601226,0,0,0
sh600795,101180,65533,0
sz002852,0,0,0
sh600837,46504,58081,2924
sh600501,0,0,0
sh603222,0,0,0
sz300170,9996,13002,0
sz002560,0,0,0
sh603636,0,3020,0
sh600903,50864,57413,11293
sh600062,1959,4344,0
sh600811,0,0,0
sh600804,3011,19573,0
sz002379,0,0,0
sz000895,8353,18820,0
sz002765,0,0,0
sz300443,0,0,0
sh603985,0,0,0
sz002117,556,717,0
sh603278,601,0,0
sz000066,8075,23266,0
sh600880,0,1978,0
sh600173,19177,11562,0
sz300458,498,1410,0
sz300690,0,291,0
sh600076,23734,2866,0
sh603937,545,0,0
sh603133,0,687,0
sh600166,20115,67168,0
sz002017,0,0,0
sz300092,0,0,0
sz002538,0,0,0
sz002146,136011,131775,15115
sh603360,0,0,0
sz300611,0,0,0
sh600839,55674,36526,0
sz000948,0,0,0
sz000018,0,4512,0
sh603369,7414,14345,634
sh600998,1094,4024,0
sz002596,8016,6552,0
sz000625,13930,15706,0
sz300268,0,0,0
sh603787,0,0,0
sh601985,21319,45940,0
sz300139,0,0,0
sh600203,4176,10888,0
sh600488,0,0,0
sz002231,0,0,0
sz002032,289,1728,0
sz002641,0,0,0
sz002671,0,0,0
sh600582,7625,18731,0
sz300583,0,0,0
sh600879,12991,11534,0
sz002264,2822,2861,0
sz300054,1000,0,0
sz002012,38089,28732,0
sh603315,0,0,0
sz002063,15932,40033,0
sh600118,500,2910,0
sz300521,0,0,0
sz002677,0,1223,0
sz002099,2200,8188,0
sh600996,1300,0,0
sz300403,0,0,0
sh600926,42367,55006,3181
sz000014,0,1319,0
sh603385,0,0,0
sz300307,0,0,0
sz002135,0,0,0
sh600884,8650,19698,0
sz300263,5600,11459,0
sz002637,0,0,0
sz002770,0,2500,0
sz002511,2406,7738,0
sz002127,7697,3656,0
sh600815,0,2500,0
sh603963,0,437,0
sz300527,1642,0,0
sh600272,0,0,0
sh601718,3714,10718,0
sz002166,0,0,0
sh603477,3144,0,0
sz002831,0,0,0
sh600683,2382,0,0
sz002334,0,2038,0
sh603686,0,0,0
sh603639,0,1118,0
sz300615,0,0,0
sz002381,0,0,0
sz300137,4147,22340,1117
sh603615,0,0,0
sh600835,460,3895,0
sz300538,0,0,0
sz002089,0,0,0
sh603387,289,563,0
sh603365,0,0,0
sz002092,45260,47651,2984
sz002145,6594,9937,0
sz300110,67757,20729,690
sh600573,0,2000,0
sz002711,9783,7111,0
sz300111,0,0,0
sz000990,0,601,0
sh600382,0,0,0
sz300691,169,694,0
sh603638,501,1259,0
sh603718,1000,0,0
sz300364,16114,29489,1222
sz002057,0,0,0
sz002288,2050,0,0
sz300093,0,0,0
sz000681,2817,2098,0
sz002906,0,0,0
sz300360,0,0,0
sz002192,1431,645,0
sh600435,880,2354,0
sh601225,437910,287782,12529
sh603260,6629,5068,698
sz300106,0,0,0
sh600893,2084,2709,0
sh603269,0,407,0
sz002670,545,8251,773
sh600193,0,2410,0
sh600603,1542,0,0
sh600643,25207,17382,2049
sh603612,1916,693,0
sh601991,36384,8104,0
sh603010,0,0,0
sz300498,3941,13764,0
sz000829,0,0,0
sz300604,0,783,0
sz300264,0,0,0
sh603869,0,0,0
sz300558,0,0,0
sz002395,0,0,0
sz002349,0,1259,0
sz002749,0,0,0
sz300362,0,0,0
sz002108,2982,17641,0
sz300723,1939,0,0
sz000600,0,14136,0
sz002362,0,0,0
sh603200,0,0,0
sh600584,21507,33795,2191
sz300343,0,5334,0
sh600502,1787,38080,0
sz002577,0,0,0
sh600250,0,0,0
sh600677,0,1295,0
sz000953,0,0,0
sz002759,0,1601,0
sh600373,736,3863,0
sh600089,37256,104409,0
sz000820,3150,8063,674
sz300197,12263,25496,0
sz300543,0,0,0
sz002282,0,0,0
sh600222,0,4184,0
sz000560,1100,2554,0
sh600886,32138,48454,0
sh600241,0,0,0
sh603768,0,0,0
sh601318,560909,732645,91337
sz002658,0,0,0
sh600438,24524,26930,0
sz002589,4129,8127,0
sh603228,0,232,0
sz300157,13360,8530,0
sh601007,5038,4511,0
sh603888,769,977,0
sh603416,0,0,0
sz300670,0,562,0
sh600143,20631,41703,0
sh600828,0,0,0
sh600180,3815,2703,0
sz002486,5000,0,0
sz002599,0,873,0
sz002176,10645,60647,0
sh600439,13345,2300,0
sh600749,0,0,0
sh600387,0,0,0
sz000526,0,0,0
sz000043,0,1070,0
sh600979,0,0,0
sz002880,0,0,0
sz000089,4122,9950,0
sh600919,160606,134234,0
sz300701,0,0,0
sz300097,953,4204,0
sh603825,0,0,0
sz002807,19639,53342,0
sz000795,0,1900,0
sh600535,0,1283,0
sz000517,63998,47909,0
sh600367,0,978,0
sz002067,16819,33619,0
sz300451,0,509,0
sz000963,2266,4249,204
sz300686,0,0,0
sz300459,1000,1936,0
sh600355,2493,24665,0
sz002521,0,0,0
sh600681,0,6568,0
sz002081,23841,14449,0
sh600783,0,3459,0
sz000539,0,0,0
sh600189,0,0,0
sh600997,9316,8038,0
sz300242,0,0,0
sz002534,1241,1412,0
sz002392,0,0,0
sz000636,40100,82593,1727
sh601877,5037,14725,0
sh603299,7168,5242,0
sz002669,700,0,0
sh603605,1923,688,0
sh603909,0,0,0
sh600707,28351,10321,0
sz002556,9159,3802,0
sz300661,0,0,0
sz300189,0,0,0
sh603077,14724,65505,0
sz300573,0,0,0
sz000971,2713,758,1791
sh600281,0,0,0
sz000995,2007,0,0
sh603515,230,473,0
sh600557,0,0,0
sh600671,4312,4287,0
sz300009,8694,16243,0
sz300068,0,0,0
sz000869,609,1575,0
sh603128,1147,3469,0
sz300153,0,1865,0
sz300034,0,0,0
sh600780,0,0,0
sz002858,0,0,0
sz000752,0,0,0
sz000761,179299,112518,6980
sz300600,0,0,0
sh601086,14383,6952,2234
sh600596,65080,49732,0
sh600770,4822,14262,0
sz002042,1846,1201,993
sz000928,0,7137,0
sh600988,3962,6739,0
sz002450,26240,43459,0
sz300164,1457,1500,0
sz300718,1938,19446,0
sz300357,207,627,0
sz000055,28981,44625,0
sz000597,0,3202,0
sz300043,2005,0,0
sz002700,0,0,0
sh600192,0,0,0
sh600104,66444,60505,6879
sh600691,20709,37739,0
sh600661,900,898,0
sz002673,10520,33927,0
sz002397,0,0,0
sh600335,3068,13147,0
sz002887,0,435,0
sh601633,10134,8698,0
sz300260,1767,0,0
sz000755,0,2480,0
sh600239,60843,44210,0
sh600391,837,0,0
sz000736,0,0,0
sz300550,0,0,0
sz300422,0,0,0
sz300483,0,0,0
sz300080,0,0,0
sz002134,0,0,0
sz000425,315336,444643,0
sh600608,0,0,0
sh603017,0,0,0
sz002767,0,0,0
sz300553,0,0,0
sz002510,0,1700,0
sz300376,1603,3458,0
sh600169,4657,10457,0
sh600163,0,0,0
sz000157,20641,121691,0
sh600165,4615,0,0
sz000563,12233,15981,0
sh600377,0,0,0
sz300290,0,0,0
sz300358,0,0,0
sh603569,0,0,0
sz002330,9240,5687,1606
sh603023,0,0,0
sz002440,3990,13303,1301
sh600361,0,13128,0
sh600119,1394,1949,0
sz300146,16833,13899,0
sh600506,0,0,0
sz002013,0,3674,0
sh603955,0,300,0
sh603919,0,0,0
sz000955,12939,7464,0
sz002095,242,830,0
sz000606,0,1336,0
sz000993,0,0,0
sz300205,0,0,0
sz000838,0,5269,0
sz300025,0,0,0
sh601117,54106,72716,6593
sh600068,196687,138453,5090
sz002488,0,0,0
sz002343,2154,2783,0
sz300296,1702,4925,0
sz300336,0,1909,0
sh600337,3567,5063,0
sh600958,34370,54577,2571
sz002751,0,0,0
sz300461,0,0,0
sh600888,9036,4291,0
sz002600,0,6472,0
sz002240,0,831,0
sh603500,0,0,0
sz002161,1222,5538,0
sh600547,20479,35130,394
sh600973,0,0,0
sh600477,4870,7098,0
sz002315,0,1568,910
sh601366,0,0,0
sz000010,0,1900,0
sh603166,0,0,0
sz300382,3969,797,910
sh601798,0,0,0
sh601098,0,0,0
sz300603,2347,5522,712
sh600459,0,561,0
sz002856,747,663,0
sh600016,534642,614510,1210
sz002319,2468,1000,0
sz002668,0,1586,0
sz300719,1258,403,0
sz002266,0,0,0
sh603737,0,0,0
sh603656,0,0,0
sz002239,0,5000,0
sh601100,1341,5040,0
sz002124,3966,0,0
sh603026,0,0,0
sh603258,0,0,0
sh603030,2406,0,0
sh601166,1457172,1203835,46086
sh603878,0,600,0
sh603818,0,0,0
sz000922,0,0,0
sh603619,1957,4213,304
sh601558,0,0,0
sz002199,0,0,0
sh603458,329,297,0
sz000407,0,1700,0
sh600723,0,0,0
sz002542,0,4180,0
sz002298,0,0,0
sh601666,125637,69731,0
sh603938,0,310,0
sh603331,0,0,0
sh603559,403,2711,0
sz002760,0,230,0
sz002868,0,0,0
sz002187,0,1000,0
sz000935,12846,18577,0
sh600195,0,725,0
sh600743,6084,10244,0
sh600939,2890,9723,0
sh600108,0,16922,0
sz300452,0,0,0
sz001979,98868,128427,8432
sh601163,0,505,0
sh600160,10802,13921,0
sz002205,0,0,0
sz002891,0,0,0
sz300016,0,0,0
sh603728,0,0,0
sh601952,6688,6367,0
sz002106,0,7634,0
sz300295,0,0,0
sz000813,1810,32320,0
sz002443,0,2972,0
sh603313,0,0,0
sh603118,0,2853,0
sz002481,0,5092,0
sh600423,0,0,0
sh600151,2186,3624,0
sz002506,20730,22028,0
sz002497,11569,15432,0
sz000929,0,0,0
sz002359,23155,16556,0
sh603043,0,0,0
sh603277,0,0,0
sz000822,14459,58950,0
sh600872,5269,3958,0
sz002408,14803,8241,0
sh600333,0,2009,0
sz002582,0,0,0
sz000987,0,1323,0
sz002243,0,0,0
sz300003,8088,12841,0
sh603108,19885,5235,0
sz300625,0,0,0
sh600486,2784,2426,0
sh603377,0,0,0
sh600366,0,630,0
sz300125,0,0,0
sz300456,0,0,0
sz002200,1000,0,0
sz300120,0,0,0
sh603819,0,0,0
sh603809,483,0,0
sh601595,0,500,0
sz002712,0,0,0
sz002271,3694,4514,0
sz300129,0,2000,0
sh603601,0,801,0
sz002644,0,2924,0
sh603838,0,0,0
sz300211,0,0,0
sh603308,0,0,0
sh601101,14170,5546,0
sz002478,0,0,0
sz000543,0,4000,0
sz000821,0,0,983
sz300413,2881,4012,0
sz000656,5289,63420,0
sz000671,202889,149400,1010
sz300410,0,385,0
sz300631,0,519,0
sz000521,0,3008,0
sz000762,10587,9928,0
sz300404,0,0,0
sh600712,0,0,0
sh603042,0,0,0
sz300207,4426,3659,0
sz300188,0,1726,0
sh600738,0,0,0
sz002085,0,0,0
sz002597,4278,12232,0
sh600029,524676,571126,39766
sh601228,4708,17442,0
sz300698,561,990,0
sh600444,0,0,0
sh603368,0,0,0
sh600260,3910,11862,0
sz300216,111626,154218,41377
sh603113,0,0,0
sh600123,61857,26891,0
sh603305,0,0,0
sz000981,1186,0,0
sz300385,0,0,0
sh600594,0,13675,0
sz300468,0,1311,0
sz002435,0,0,0
sh601222,2765,17775,0
sz002339,0,1300,0
sz000550,0,3129,0
sz300202,8420,4607,0
sz002109,73204,68418,31395
sh600862,0,0,0
sh603116,0,997,0
sz002463,7170,28521,0
sh600774,0,0,0
sz300575,0,273,0
sh603161,1064,345,0
sz002079,0,16370,0
sz002052,0,0,0
sz000635,0,0,0
sh601127,2337,1541,0
sh603882,0,0,0
sz002011,0,0,0
sz002586,1307,0,0
sh603518,0,6450,2042
sh600000,432712,459047,12446
sz300011,0,2100,0
sz001965,1267,11229,0
sh600668,0,0,0
sh600261,0,0,0
sz300541,0,1042,0
sz300078,0,3330,0
sz002491,1810,6778,0
sh600729,386,4938,0
sz300190,0,0,0
sh600420,7112,15488,0
sz000609,0,0,0
sz000906,0,1648,0
sz300274,877,6695,0
sz002656,0,0,0
sz002900,0,0,0
sz000997,1672,10339,0
sz000960,223076,171509,17918
sh600713,0,0,0
sh600767,0,0,0
sh600529,581,0,0
sh603232,0,0,0
sh600262,700,0,0
sz300605,0,0,0
sz300222,0,0,0
sz002674,1507,0,0
sz300627,0,0,0
sz002890,0,0,0
sz000587,101375,38684,9881
sh601326,13388,7019,0
sh603117,0,0,0
sh603363,12665,16177,5927
sz000961,94547,82459,3079
sh600446,3020,10494,0
sz300477,2344,0,0
sz002390,5913,1500,0
sz300488,0,0,0
sz002341,1508,2861,0
sh600249,10586,19788,2003
sz002646,0,908,0
sz002221,24233,23000,0
sz300434,0,0,0
sz002002,0,12577,0
sz300470,0,865,0
sz300131,0,0,0
sz002202,64470,42513,1003
sz000532,1010,1272,0
sz300149,1820,21267,0
sz002567,0,0,0
sz002908,6757,1763,0
sz300514,0,0,0
sz002306,0,5900,0
sh600318,0,883,0
sz002301,889,590,0
sz002190,26867,13777,4076
sh603533,3193,3483,713
sz300557,0,0,0
sz002527,0,0,0
sh603738,0,0,0
sz002480,0,1584,0
sz002151,2683,13263,0
sh603006,0,0,0
sz000553,755,4417,0
sz002923,3914,5561,0
sh601212,7618,30710,0
sz300127,0,0,0
sz300004,952,4261,1017
sh600246,0,0,0
sh600383,116955,113567,2775
sz300380,0,0,0
sh601398,1306050,1025207,12175
sz002898,0,0,0
sz002250,1077,6486,0
sh600791,0,1450,0
sz002162,0,0,0
sz002802,0,0,0
sh603012,0,0,0
sh603086,280,0,0
sh600896,0,0,0
sz300610,0,0,0
sz002568,2181,1812,0
sh603002,6103,7382,0
sz002409,986,5989,0
sz000050,17677,54902,1002
sh601929,0,3431,0
sz300332,0,0,0
sh601012,42287,34667,2924
sz300367,3950,4485,0
sz300448,0,0,0
sz002679,0,0,0
sz300193,0,0,0
sz300486,2530,0,0
sh600730,0,1659,0
sz300249,0,5774,0
sh603758,0,0,0
sh603918,884,570,0
sh601126,0,0,0
sz000151,0,0,0
sz300346,0,0,0
sh600297,4575,18200,0
sz000985,0,0,0
sz300286,0,1178,0
sz002403,0,0,0
sz000976,4081,12141,0
sh600325,442713,331071,16448
sh603889,6853,0,0
sh600120,0,0,0
sz002913,601,0,0
sz002901,501,555,0
sz002126,0,0,0
sh600777,6127,23978,0
sz300588,1600,0,0
sz002799,0,0,0
sz300302,0,0,0
sh600727,1188,4626,0
sz300029,0,0,0
sz300432,0,1706,0
sh600236,4539,3923,0
sz000988,800,4109,0
sh603016,463,0,0
sh601989,272870,390847,2933
sz002606,0,13262,0
sz300660,0,190,0
sz002019,14540,9280,0
sz300618,2001,2740,162
sh603238,0,0,0
sz000726,1000,2955,0
sz002504,2972,2500,0
sh600234,0,0,0
sz002566,0,0,0
sh600585,176805,166814,15400
sz300220,0,1030,0
sz000551,0,2574,0
sz300374,0,0,0
sz300073,0,0,0
sz000401,35212,30307,1466
sz002308,0,2474,0
sh603600,884,0,0
sz002204,37748,10368,10037
sh600593,879,1552,0
sh603025,0,0,0
sz002614,0,1131,0
sz300099,0,0,0
sz000735,190741,124089,15002
sh603180,430,436,0
sz300394,0,0,0
sz002493,26813,9448,0
sh600993,1102,2859,0
sh603602,0,245,0
sh600352,141431,214380,4758
sz002753,0,0,0
sz300052,1732,4021,0
sh600769,0,0,0
sh603129,0,0,0
sz300178,0,0,0
sh600167,0,750,0
sz002630,5915,4781,0
sz300697,8559,2004,531
sz002797,105216,134514,7603
sz300353,0,870,0
sz300325,4937,1811,0
sz000061,1366,0,0
sh603609,0,0,0
sh600059,2318,8714,0
sh603989,0,0,0
sz300676,1014,1924,62
sz002484,0,0,0
sz002689,0,0,0
sz002583,5608,13148,0
sz300467,0,0,0
sh603067,0,0,0
sz002547,10669,5897,0
sh601169,118210,233825,2008
sz000709,501128,296607,0
sz000717,118973,91659,2174
sz002101,0,0,0
sz002728,0,0,0
sz002692,0,1000,0
sz002309,0,0,0
sz000691,0,0,0
sh600698,0,2360,0
sh600153,30332,21678,0
sz002826,580,0,0
sz002593,0,0,0
sz002433,1402,0,0
sz001896,14207,2000,0
sh600113,0,0,0
sh600854,0,0,0
sz300087,6154,0,0
sh600881,11405,14180,0
sz000501,2656,23672,0
sz002354,592,3265,0
sz002178,0,0,0
sz300566,4984,0,0
sz300700,928,1855,169
sz000927,5030,2403,0
sz002380,0,0,0
sh600428,6687,16642,0
sz002849,0,0,0
sh603011,3200,1546,0
sh600793,0,0,0
sh600208,44209,53393,0
sz002737,0,0,0
sz002876,733,171,0
sz000902,0,0,0
sz300151,0,0,0
sh603337,0,221,0
sz002078,25907,31004,0
sh600127,0,0,0
sh600545,1038,1515,0
sh600550,0,3020,0
sh600726,0,0,0
sh600376,3394,7035,0
sz002905,0,304,0
sz002388,0,0,0
sh603198,598,812,0
sz002069,0,0,0
sh600630,0,0,0
sz002459,0,0,0
sh600300,5346,0,0
sz002313,1817,1546,0
sz300245,0,0,0
sh601789,0,2257,0
sz300327,501,2112,0
sz300070,43799,34946,1718
sz002680,0,12312,0
sh601899,2418725,1808199,21995
sz002843,0,0,0
sz000728,22980,31447,0
sh603696,0,0,0
sh600651,5647,22293,0
sh601010,0,0,0
sz002476,0,0,0
sh600522,188026,266095,1215
sh600248,0,0,0
sh603111,0,4651,0
sz000023,0,0,0
sz000523,0,0,0
sh601015,4018,1009,0
sh600718,1101,5763,0
sz002217,0,8773,0
sh600703,175511,213353,12388
sh600359,0,0,0
sh603501,0,0,0
sh601901,7965,45429,0
sh600746,0,0,0
sh600128,0,1614,0
sz002119,0,0,0
sz300408,17900,13758,0
sh603660,0,500,0
sz300269,877,0,0
sh601186,32595,65622,0
sz000731,1390,0,0
sz002054,25828,3603,0
sh600775,0,0,0
sz000915,2131,14892,0
sh601777,0,14445,0
sh600510,0,0,0
sh600970,40147,37786,1087
sz000045,0,4222,0
sz300058,338713,378250,35562
sz300181,2054,7656,0
sz300051,38220,28181,4377
sz002792,886,1477,0
sh600721,1379,0,0
sz002457,865,7938,0
sh600269,2000,33096,0
sz002921,0,0,378
sh600619,1005,2096,0
sh603333,0,0,0
sz002355,5317,6291,0
sz000886,63395,55269,0
sh603585,529,0,0
sz000570,0,0,0
sz300282,0,785,0
sh600687,0,0,0
sz300231,1250,1006,0
sh601566,719,0,0
sz300037,0,3649,0
sz002528,0,2515,0
sh600017,0,4084,0
sh603833,81,100,0
sz002314,8272,50104,0
sh601155,57974,59494,5859
sh601717,3956,18134,0
sz000411,500,0,0
sz002920,596,4844,0
sz300440,0,0,0
sz000639,0,1206,0
sh603338,0,692,0
sz002872,0,0,0
sz002533,0,0,0
sh600647,0,0,0
sz300506,500,0,0
sh603005,0,955,0
sz300272,0,0,0
sz000009,11307,24297,0
sz300244,13755,20372,501
sh601106,0,12270,0
sz300446,0,0,0
sz300057,0,0,0
sh600847,0,0,0
sz300510,0,0,0
sh600851,0,1000,0
sz300048,0,3493,0
sh600705,9308,45426,0
sz300335,9980,9409,0
sh600797,2965,14076,0
sz002461,0,0,0
sz300713,0,186,0
sz002703,0,0,0
sz300519,0,0,0
sh600817,0,0,0
sh600648,1084,814,0
sz000751,69979,49876,2769
sh601900,0,0,0
sh600844,0,3923,0
sz000705,0,0,0
sh600490,4940,30806,0
sh603976,0,0,0
sh600097,0,0,0
sh600859,8986,4986,0
sz002320,5800,11175,406
sz002336,0,0,0
sh603000,0,0,0
sh603823,0,0,0
sz002113,0,3064,0
sh600137,0,0,0
sh600278,0,1470,0
sh603189,0,0,0
sz002179,6126,1671,0
sh600841,0,0,0
sh600416,0,1258,0
sh600331,2237,0,0
sz002303,1579,0,0
sh600075,1892,1658,0
sz000989,1850,657,0
sh600111,62642,44323,0
sz002077,0,0,0
sh600523,0,0,0
sh600831,0,0,0
sh600710,0,0,0
sz002407,3201,4987,616
sz300536,0,1126,0
sh600456,6888,4311,0
sh603081,495,1062,0
sz300722,0,0,0
sh603508,0,0,0
sz000768,3455,9576,0
sz000633,1537,0,0
sh603366,0,0,0
sh603060,0,0,0
sz002702,0,0,0
sz300232,0,6222,0
sh603358,0,0,0
sz002657,681,8991,0
sh600018,32527,78447,1964
sh603300,0,0,0
sh603669,0,0,0
sz002750,0,0,0
sh603898,0,0,0
sz002725,0,0,0
sz300310,0,8395,0
sz300258,0,0,0
sz300298,0,0,0
sh600022,474722,158895,0
sh600868,15057,37148,0
sz300330,0,0,0
sh601928,0,3071,0
sz002025,470,1953,499
sz000513,3263,8335,0
sz300006,7130,0,0
sh600688,67398,23710,0
sz300479,0,0,0
sh601006,106554,171042,2950
sz000049,1028,4423,0
sh603969,802,1915,0
sz000858,165697,218342,30602
sh600279,0,0,0
sz002652,0,0,0
sz002211,0,1559,0
sh600298,7818,12967,829
sh601811,0,0,0
sz002618,0,0,0
sz002272,0,0,0
sh600322,0,4077,0
sh600487,252803,258403,29302
sz300675,0,493,292
sz000720,29285,107075,0
sh600315,2217,8662,321
sz300194,0,0,0
sz000831,999,1178,0
sz300126,0,0,0
sz002348,2008,0,0
sz002736,18043,38073,0
sz300166,0,18366,0
sz002800,0,0,0
sz000638,0,1946,0
sz002148,0,0,0
sz002855,0,0,0
sh603158,0,0,0
sz002329,0,0,0
sz300482,155,202,0
sz300693,0,0,0
sz300154,0,0,0
sh601799,692,481,0
sh603218,0,0,0
sz002557,0,1000,0
sh601000,24537,57466,0
sz002364,0,0,0
sh600697,0,0,0
sz000877,8254,15078,0
sz000999,605,2352,0
sz300007,0,1000,0
sh603328,1201,9138,0
sz300375,0,766,0
sz002173,0,0,0
sz300716,0,0,0
sz002863,2914,2343,0
sz000661,4897,3564,234
sz300726,510,0,0
sz300466,3678,0,0
sh600460,75904,99400,1245
sz300008,0,1450,0
sz002687,7707,58952,0
sz300270,0,0,0
sz002325,2600,6960,0
sz300703,0,0,0
sz000848,0,5189,1005
sz300077,12634,11608,0
sh603019,29486,41229,4384
sz300040,0,0,0
sz002693,0,0,0
sz300490,0,0,0
sh600640,0,717,0
sz002810,0,0,0
sh600433,0,0,0
sz002570,0,5969,0
sz000001,626845,628862,13423
sz002609,0,0,0
sz000780,0,35915,0
sz000008,1273,0,0
sz002615,0,0,0
sh600978,0,5166,0
sz300683,0,0,0
sh600362,124307,107042,1155
sz300023,0,0,0
sh603055,0,0,0
sz002133,0,0,0
sz002516,0,6729,0
sh600316,0,0,0
sz002541,0,0,0
sz300679,200,124,0
sz002261,0,2196,0
sh600295,1000,753,0
sz300590,0,0,0
sz002156,10281,5499,0
sh600346,12403,3176,0
sz300184,0,2719,0
sh600409,46316,54569,3761
sh603858,203,1799,0
sh603223,0,0,0
sz002129,78743,121926,1577
sh600689,0,0,0
sh600336,0,0,0
sh603266,0,0,0
sh600466,51231,77964,0
sz002377,0,3057,0
sz000801,5254,14607,0
sz300589,0,0,0
sh600765,0,0,0
sz000545,2142,8266,0
sh600121,0,1707,0
sz000782,0,0,0
sh600399,0,0,0
sz002368,597,2352,0
sz000012,12343,33925,0
sz300475,0,0,0
sz300168,25894,14750,0
sh600597,0,14784,0
sz300484,0,0,0
sz300474,986,1850,0
sz000419,0,0,0
sh603199,0,0,0
sz002866,0,2993,0
sh600834,0,0,0
sz000863,0,5718,0
sz000760,0,0,0
sz000416,0,2115,0
sh600612,0,0,0
sh603020,0,0,0
sz000826,1113,604,0
sh603444,510,121,0
sh603359,0,420,0
sh600855,1400,10790,0
sh600586,0,8038,0
sh603399,0,1901,0
sh601766,420626,669699,4026
sz000554,0,0,0
sz300228,0,2150,0
sh600207,0,0,0
sz300419,0,0,0
sz000909,0,0,0
sz002296,0,1600,0
sh600882,0,0,0
sh600320,31562,41893,0
sh600258,6884,9565,0
sz300062,0,0,0
sh600704,10564,17201,0
sz300158,5066,1491,0
sh601611,2209,5442,0
sh600230,4965,8227,822
sz300368,0,5203,0
sh600875,4635,5453,0
sz300378,0,0,0
sz300289,0,0,0
sz000005,0,0,0
sz000504,0,0,0
sh600773,899,12740,0
sh600470,9854,0,0
sz300226,18235,16129,2897
sh601872,0,0,0
sz000815,0,667,0
sz300626,0,0,0
sh601005,0,0,0
sz002035,629,1715,0
sh600583,17155,26779,0
sh601208,0,0,0
sz300281,0,0,0
sh600481,0,0,0
sh600653,0,10524,0
sh600778,0,0,0
sh603708,0,620,0
sz000968,0,1000,0
sz300117,0,0,0
sz000767,0,3564,0
sh600168,0,0,0
sh600026,19389,46506,0
sh603566,0,0,0
sh600779,7530,12215,265
sz300229,0,1471,0
sh600009,2118,2742,0
sz300136,28315,33493,3178
sh600311,0,8933,0
sh603799,66486,56150,13348
sh603800,0,0,0
sz002867,422,906,0
sh603027,0,0,0
sh600371,0,0,0
sz002307,0,868,0
sz002474,0,0,0
sh600787,31013,50329,944
sh601616,0,2601,0
sz300379,961,2493,0
sz002616,2007,2323,0
sh603169,0,0,0
sz002469,0,0,0
sz002125,1901,0,1053
sz002406,0,0,0
sz002235,53129,24243,5904
sh600658,0,2100,0
sz300520,0,1855,0
sz300537,0,0,0
sz300460,0,0,0
sz002730,0,0,0
sh600865,0,0,0
sz300165,0,0,0
sh601886,0,6881,0
sh603139,0,0,0
sz002401,0,0,0
sz000585,13047,2885,0
sz300405,0,0,0
sz300677,0,435,0
sz002574,0,0,0
sh600429,0,0,0
sz002573,3546,9873,0
sz002097,0,1837,0
sh600179,10327,1413,0
sz300473,0,0,0
sh601888,8751,22177,342
sz002825,0,0,0
sz300313,0,0,0
sz000525,1652,1205,0
sh600370,0,0,0
sz000159,0,0,0
sh600483,0,0,0
sz300592,0,0,0
sz000797,0,32233,0
sz002660,0,0,0
sz002495,0,0,0
sh601898,52357,28680,0
sz002143,4625,10341,0
sz300584,214,564,0
sz002782,0,0,0
sz000888,0,3852,0
sz000026,0,1253,0
sh600552,1465,4000,0
sh600301,0,0,0
sz002912,3978,3367,286
sz300577,0,365,0
sz000680,0,2696,0
sh600422,3471,19071,0
sz002046,0,0,0
sz002400,36819,95874,0
sz300329,0,0,0
sh600397,0,0,0
sz300438,0,0,0
sh600132,0,5614,0
sz002838,0,0,0
sz000529,0,0,0
sz300648,2938,3795,0
sz002022,802,838,0
sz300651,0,0,0
sz002411,0,0,0
sz002294,6343,12846,308
sz000421,0,0,0
sz002903,0,262,0
sz300015,3035,8222,405
sh600830,0,2396,0
sz300699,0,621,0
sz002237,3162,12038,0
sh600182,2432,1556,0
sz300033,10123,10573,746
sz000777,614,3832,0
sh600565,11388,33266,0
sz002414,0,0,0
sz300401,1170,2868,0
sz300308,930,4622,256
sz002706,0,0,0
sz000039,10384,22551,0
sz300199,11892,12525,1864
sz300148,1485,8394,0
sz002228,0,0,0
sz002031,0,9259,0
sh600617,0,0,0
sz300017,641371,570141,146945
sh603895,0,0,0
sz002623,0,0,0
sz002429,6414,32181,0
sh600109,21528,36665,0
sh600339,2877,3436,0
sh600095,0,0,0
sh600030,982680,1018737,68005
sz000719,0,0,0
sz002688,2000,0,0
sz002386,1736,2689,0
sh601021,0,0,0
sz002184,0,0,0
sz000016,17392,25298,4843
sz002540,0,2495,0
sz002918,562,0,0
sh600247,0,0,0
sh603168,0,7153,0
sz300622,0,0,0
sh600176,92144,156580,10490
sz002795,0,0,0
sz300255,0,1528,0
sz002258,2482,5472,0
sz002419,7405,8469,0
sz000903,0,7100,0
sz002428,1021,6777,0
sh600243,0,0,0
sz002755,0,0,0
sh600676,0,3400,0
sz300236,0,1632,0
sh600469,4134,4898,0
sh600110,1227,33128,0
sh603357,0,0,0
sz300002,1764,5853,0
sz002662,0,2000,0
sh603208,0,0,0
