sz002362,2158,4235,0
sh603665,0,0,0
sz300449,2349,23338,0
sz000488,2836,6085,787
sh603100,0,0,0
sz002091,0,1738,0
sh600814,0,0,0
sz002534,0,0,0
sz000401,19763,36423,0
sz002618,0,6929,1000
sh600375,0,0,0
sz000792,300959,143340,18504
sz000958,0,3001,0
sh600363,0,1000,0
sz000829,0,0,0
sh601328,101340,123239,0
sz300560,0,0,0
sz300497,0,256,0
sz000037,0,0,0
sz000751,0,3284,0
sh600452,0,0,0
sz300085,13125,13826,1963
sh600500,0,12243,0
sz002771,606,0,0
sz002431,0,0,0
sh601116,2614,5923,1433
sh603722,5311,5769,849
sz300488,0,0,0
sz002783,0,0,0
sz300077,16389,23255,0
sh600110,13326,11132,0
sz002802,0,0,0
sh600019,71139,100807,0
sz300588,1249,303,0
sh601996,2563,0,0
sh603339,0,0,0
sz002388,0,0,0
sz300331,0,1392,0
sz002865,0,26669,0
sz002895,44642,23602,11685
sz300136,7464,11656,626
sz000537,0,3784,0
sh600540,2081,0,0
sz300582,8745,6512,4502
sh600684,14844,4940,0
sz002305,0,2699,0
sh600608,0,0,0
sz300627,0,301,0
sz300165,0,0,0
sz300058,9323,49612,0
sh600620,0,0,0
sz000996,0,4043,0
sh603041,0,0,0
sh603025,0,0,0
sh600681,0,0,0
sh603728,1156,494,0
sh600288,0,4151,0
sz002664,0,0,0
sh601003,0,5609,0
sh600547,121122,146054,22493
sh601208,0,0,0
sh600201,4863,5720,0
sz300616,317,154,0
sh600680,0,0,0
sh600227,0,0,0
sz000004,0,0,0
sz300194,0,0,0
sz300291,4500,1509,0
sz300532,0,2882,0
sh601098,0,0,0
sz002640,0,3507,0
sz002452,3929,0,0
sh600480,2842,1600,0
sz002253,549,2233,0
sh600135,3258,5390,1813
sh600517,0,0,0
sh600778,0,0,0
sz000701,16680,10841,3332
sh603616,3764,10670,617
sh603225,0,0,0
sz002830,0,0,0
sz000599,0,0,0
sz002050,11875,14636,0
sz002541,0,0,0
sz002264,17926,31385,0
sh603357,510,518,0
sh603345,0,0,0
sz002637,0,0,0
sz002750,0,0,0
sh600539,8135,0,0
sz002570,0,2568,0
sh603009,0,0,0
sz300354,951,2632,0
sh600750,991,3167,0
sh600053,0,861,0
sz002559,0,0,0
sh600248,0,0,0
sz000692,13368,4905,0
sh603619,3296,3380,290
sz002173,0,0,0
sz002575,66248,249548,5562
sz002303,0,0,0
sz000014,2797,1905,0
sh603929,3071,10271,444
sh600829,0,0,0
sz300349,1351,742,0
sz002849,442,0,0
sz300526,0,0,0
sh603928,1733,905,0
sz000063,96398,105980,3894
sz300133,8599,23017,2068
sz000661,4362,9334,241
sz300562,1966,500,876
sh603758,0,0,0
sh600281,0,0,0
sh603333,0,0,0
sz002490,3338,0,0
sh600838,0,3027,0
sh603721,391,0,0
sh600720,14560,30197,0
sz000403,0,0,0
sz002338,0,802,0
sh600883,0,0,0
sh600782,21678,20159,0
sz002349,1721,0,0
sh600686,0,1900,0
sh600169,0,0,0
sh603725,0,705,0
sh603183,280,655,0
sh600825,0,0,0
sz300633,367,355,0
sh600695,6725,2202,0
sz000560,0,0,0
sz300517,647,0,0
sz300213,24995,8173,0
sz300439,5272,2571,0
sz002182,9143,3024,0
sz002119,0,1225,0
sh600367,0,1797,0
sh600121,0,0,0
sz000721,0,0,0
sz300243,0,0,0
sz300523,0,203,0
sz002761,875,513,0
sh603226,0,0,0
sh600978,1501,1349,0
sz002510,0,17767,0
sz002007,14025,4197,442
sz300561,0,0,0
sz300167,0,0,0
sz000888,0,1052,0
sz002220,0,0,0
sh603648,27665,44268,786
sh603808,0,501,0
sz300260,709,0,0
sz000951,5822,905,0
sh600566,1456,386,0
sz000860,28094,15584,0
sz300386,2851,3080,0
sh601888,4811,15813,1214
sh600715,9981,8217,1158
sz002356,354,0,0
sz300719,6624,4369,1000
sh603606,0,0,0
sz002552,0,0,0
sz300342,0,0,0
sz002017,0,0,0
sh600652,6183,5847,0
sh600236,0,2429,0
sz000582,0,0,0
sz300119,0,0,0
sz000885,0,0,0
sz300202,504,0,0
sz002145,0,7576,0
sh600816,0,3707,0
sh600390,0,1836,0
sz300345,0,0,0
sh600267,3683,11760,0
sh600483,0,0,0
sz300033,1498,5725,721
sh600891,0,0,0
sz002832,0,0,0
sz000554,1558,0,0
sh600855,0,4078,0
sz002019,17674,29356,0
sz002337,0,0,0
sh600969,0,0,0
sz300473,253,0,0
sh603278,0,0,0
sh600857,0,0,0
sz300024,62665,89338,5636
sz002061,7348,0,0
sz000151,61327,55425,5313
sz002189,0,1503,0
sh600017,0,0,0
sh601000,0,2152,0
sz300286,0,0,0
sh600082,0,0,0
sz002318,0,2012,0
sh603300,0,2033,0
sh603043,0,0,0
sz300208,0,0,0
sh603993,229113,130905,1439
sz300576,0,801,0
sh600266,1041,2338,0
sh600795,13335,21943,0
sh603559,3184,3843,0
sz300227,500,1019,0
sz002912,1164,798,84
sz002555,7616,25706,0
sz300426,0,3814,0
sz002201,0,0,0
sz300101,142961,187893,26352
sz002709,0,1236,0
sh601519,0,0,0
sz000001,119971,172645,0
sz000025,446,295,0
sz000836,8261,4912,0
sh603607,703,321,0
sz002401,907,0,0
sz002214,0,2088,0
sz300188,15989,11841,850
sz002148,3420,11257,0
sz000581,11743,3517,0
sz300249,3246,14426,0
sh603813,1184,0,0
sz002156,12333,12182,0
sz000833,0,0,0
sh603968,0,0,0
sh603298,1027,0,0
sh603160,0,1998,252
sz300203,5040,3470,403
sz002489,0,0,0
sh600372,2418,8342,0
sz002465,36860,39023,2064
sh600193,0,0,0
sh601929,5050,0,0
sh601010,0,0,0
sz002572,0,0,0
sz000831,7266,13401,0
sz300061,760,1342,0
sh603595,96,92,0
sz300528,0,0,0
sh603895,559,1054,0
sh600761,0,1432,0
sz002385,12849,15234,0
sz002594,17101,23230,683
sz000553,0,786,0
sh601199,0,0,0
sh600104,7184,28315,0
sh600688,6748,27032,0
sh600220,0,0,0
sh603933,1615,786,0
sz300174,0,0,0
sz002833,203,0,0
sh601618,4332,7117,0
sh600577,4001,17509,0
sh600847,0,0,0
sz000532,1200,6650,0
sh600892,14017,0,0
sh600616,4152,0,0
sz000552,0,0,0
sh600675,0,0,0
sz300250,0,0,0
sz300460,0,0,0
sz300467,625,1906,0
sz002350,0,0,0
sz002553,0,0,0
sh600177,0,1518,0
sz000760,0,0,0
sz002114,0,0,0
sh600475,0,0,0
sh600579,0,0,0
sz002200,1480,0,0
sz002127,1833,1755,0
sz002262,10744,7896,0
sz002724,0,0,0
sz002825,0,0,0
sz002160,4400,0,0
sz000018,2955,0,0
sh603018,0,0,0
sh601699,14754,25478,2497
sz002266,0,9003,0
sh600315,4811,2083,0
sh603055,0,0,0
sh603601,0,0,0
sh600111,27642,49490,5729
sz002009,3024,9510,0
sh600756,8574,13076,0
sz000026,1356,0,0
sz002083,0,0,0
sz002364,1981,2091,0
sz002694,5800,27503,1054
sz000806,1298,1564,0
sh600704,13633,4143,0
sz300738,940,570,0
sz000911,0,0,0
sh603883,603,212,0
sz300740,1157,4567,548
sz300514,38043,14260,3592
sh600737,0,6718,0
sz000028,1814,2423,402
sh600262,1286,1201,0
sh600215,1124,1000,0
sh603917,652,0,0
sh603238,0,0,0
sh601939,143059,138521,0
sz002788,349,0,0
sh603986,10907,12688,877
sz002711,16012,0,5010
sh601727,0,9229,0
sh600491,2126,11918,0
sz002609,0,0,0
sz300568,363,0,0
sz300482,1019,746,0
sz002243,0,0,0
sh600558,2200,7025,0
sh603557,0,0,0
sh600435,7247,26007,0
sh603108,3044,0,0
sz000835,0,1503,0
sz000543,0,21264,0
sh600582,0,3269,0
sz300606,0,0,0
sz000595,0,0,0
sh600843,0,4823,0
sh603678,3423,1943,0
sz002673,2586,10079,0
sz002845,2051,1029,0
sh601966,0,0,0
sz000859,0,0,0
sh603789,0,0,0
sz002493,0,5310,0
sh600900,9846,5785,0
sz300301,0,0,0
sz002304,2002,2003,223
sh603002,0,0,0
sz002203,0,0,0
sz300251,25730,13735,3446
sz000032,0,1124,0
sz300684,11209,2381,1886
sz300404,1978,1059,0
sz300168,42710,40866,1367
sz300123,5375,2336,0
sh600595,2500,12032,0
sh600009,1909,5864,239
sz002696,950,630,0
sh603708,1618,0,0
sh600195,1083,504,0
sz300106,0,0,0
sz300045,0,1333,0
sz002827,0,0,0
sh600258,897,1986,0
sz002441,0,0,0
sz002485,0,0,0
sz002800,0,414,0
sz000158,0,4062,0
sz002285,3669,13994,0
sz002060,0,0,0
sh603113,0,0,0
sz002298,0,0,0
sz000639,4695,0,0
sh600537,0,0,0
sz300368,1482,0,0
sz000802,0,0,0
sz000069,13537,76383,0
sz002695,0,0,0
sz002881,6647,5480,0
sh600718,69147,116504,7881
sz002751,0,0,0
sh603089,0,0,0
sh603757,199,229,0
sz000605,6159,7856,3875
sh600889,0,0,0
sh601107,0,2821,0
sh603383,779,2821,520
sz002655,22385,21922,3776
sz000520,0,0,0
sh603466,977,1511,207
sz002245,1373,9618,0
sz300648,0,7275,0
sz300027,15331,53953,0
sh601689,500,0,522
sz300651,1595,0,0
sh603126,0,1415,0
sz300504,0,0,0
sz300534,0,1200,0
sz000096,0,0,0
sz000633,0,0,0
sz002004,0,0,0
sz000570,0,0,0
sz300721,3197,8752,0
sz002010,0,0,0
sz300672,1192,2358,0
sh603008,0,0,0
sh600039,0,0,0
sz000672,22781,14331,0
sh601009,22961,27683,0
sh600647,0,0,0
sz002418,0,6200,0
sh600651,0,4605,0
sz002360,0,0,0
sh600819,0,0,0
sh600302,0,0,0
sz002194,7253,3081,0
sh600580,2985,5056,0
sh603578,0,0,0
sz000058,0,0,0
sz300037,0,494,0
sh603918,8921,12250,0
sz002625,7630,13600,803
sz300070,93482,72149,4194
sh600990,3752,2432,0
sz002184,15572,18430,3575
sh600655,1632,0,0
sz300639,2613,1460,211
sh600792,0,0,0
sh601006,12770,15466,0
sh603816,0,0,0
sz300431,8409,11593,0
sz000301,2217,2000,0
sz300019,0,1190,0
sh603386,31230,30454,10371
sh601339,0,0,0
sh603636,4312,7839,0
sz002813,22928,23441,1052
sz300289,0,2000,0
sz002512,5194,6594,0
sz002610,0,5000,0
sz300739,1952,2578,253
sz300571,924,698,0
sz300542,549,338,0
sz002254,16462,4826,0
sz002368,36678,47063,3623
sz000997,40507,77618,3124
sz300369,7803,13756,2212
sz300304,0,3966,0
sz002439,18348,28713,1258
sz000635,0,0,0
sz002321,8008,14634,0
sh600356,0,0,0
sz300688,4187,2527,153
sz002688,0,0,0
sh600060,5210,5235,0
sz002680,7846,10032,632
sh600965,0,1127,0
sh600671,12365,0,0
sh601878,1775,2909,0
sh600410,30090,61133,922
sh600909,0,0,0
sh600519,10641,11611,1499
sh600346,5350,4207,1157
sh603806,477,0,0
sh600529,0,0,0
sh600011,13358,40429,0
sh600458,0,1262,0
sz300276,897,8429,2645
sh601858,0,0,0
sz000007,690,0,0
sz300156,6436,12459,0
sz300481,0,0,0
sz300034,1017,16209,0
sz300365,0,300,0
sh600653,0,7321,0
sz300400,0,787,0
sh601233,11116,9545,1513
sz002714,13897,9631,1130
sz002882,0,0,0
sh600719,0,0,0
sz300098,27886,13084,0
sh600787,5530,0,0
sz002076,120144,42752,0
sz000088,1488,1810,1644
sz300166,65138,59616,1671
sh601881,12862,11445,0
sz000710,9266,22253,1276
sh600239,18623,0,0
sz000659,0,6521,0
sh600833,0,854,0
sh600129,0,0,0
sz002339,0,0,0
sz002250,2200,0,0
sh603505,491,0,0
sh601969,4362,0,0
sz300127,0,0,0
sz002400,2339,8362,0
sh600287,0,0,0
sh600908,0,5191,0
sh600420,0,0,0
sz000428,0,0,0
sh600536,10843,17640,0
sh600382,3044,6266,0
sh600635,7710,27912,0
sz300130,1636,1315,0
sz300553,0,0,0
sz300686,416,1862,0
sh603938,9791,4373,0
sh600589,0,9856,0
sh600180,0,0,0
sz002292,855,1741,0
sz000966,0,0,0
sh603321,0,0,0
sh600163,0,0,0
sz002139,18907,14794,0
sz002929,5934,5095,744
sh600020,0,18366,0
sh603988,0,0,0
sh603919,0,0,0
sz002658,1000,0,0
sz002378,3635,1639,0
sz300733,0,1891,511
sz002702,0,0,0
sh600250,0,0,0
sz002416,0,0,0
sh603006,0,0,0
sz000668,0,0,0
sz000536,5701,0,0
sh600995,0,0,0
sh601028,0,0,0
sz002048,648,9665,0
sz000750,6586,7643,0
sh600665,0,0,0
sz300313,0,0,0
sh600118,3962,10221,2365
sh600095,4439,15801,0
sz002426,0,0,0
sz002398,17708,3508,1568
sz002533,0,0,0
sz002402,2435,7781,0
sz000404,0,0,0
sh603331,544,0,0
sz002417,0,0,0
sz300066,3527,8232,0
sh601989,134984,170678,0
sh600161,3808,884,0
sh603655,0,2545,0
sh600070,0,0,0
sz300205,4327,20867,0
sz000886,83482,110292,3371
sz300652,0,0,0
sh601019,0,0,0
sz300044,57547,75367,7324
sz002616,0,0,0
sh600276,19317,28172,1205
sz002227,0,0,0
sh601012,5562,11540,1474
sz002381,0,0,0
sz300712,1356,501,590
sz000505,25184,93380,3185
sz000656,41768,41023,0
sz300388,0,0,0
sz000839,9743,40105,0
sz002468,1026,500,0
sz300708,5623,8121,0
sh603080,7977,17513,577
sh600643,1300,4559,0
sz300385,0,0,0
sz002455,0,4011,0
sz300306,611,2827,0
sh603429,0,381,0
sz002868,665,0,0
sh603369,1555,0,0
sh600887,134767,102361,10872
sh600210,0,0,0
sz000607,9621,6480,0
sz000663,0,2169,0
sz300084,6508,24769,0
sz002736,0,1131,0
sz000797,0,0,0
sz300418,21367,48092,3354
sh601991,0,34371,0
sz002057,0,0,0
sz300556,0,1288,0
sh603969,0,0,0
sz300607,440,168,0
sz300192,0,0,0
sz002741,0,0,0
sh603885,0,0,0
sh603680,0,658,0
sz000679,0,0,0
sz002635,2054,5684,0
sh600282,23422,37833,0
sz300330,1103,3444,0
sh600804,7190,5859,0
sz000563,0,0,0
sh600313,37458,12324,0
sh600874,12365,26142,0
sh600012,0,0,0
sz000620,0,1799,0
sh600562,1943,1970,0
sz002462,500,0,0
sz300709,246,383,0
sz300138,890,2000,0
sz002497,24845,55046,1064
sz300393,0,0,0
sz000908,0,0,0
sz300195,0,0,0
sz002088,0,0,0
sz002743,0,0,0
sz002271,8629,8400,0
sz300088,43094,76598,0
sz000503,41707,59905,3638
sz300569,0,0,0
sz300118,3998,901,0
sh600802,0,0,0
sh603188,0,1115,0
sz000622,0,0,0
sh603111,0,1039,0
sz002036,4201,7019,0
sz002105,1648,0,0
sz000811,0,1840,0
sz002791,0,0,0
sh601002,0,0,0
sh600649,0,4562,0
sz300261,0,0,0
sh603050,0,0,0
sz300323,1084,5001,0
sz002506,10671,44099,0
sh600265,0,0,0
sz002674,0,0,0
sz002870,0,0,0
sh601717,0,0,0
sh601908,0,0,0
sh603679,500,0,0
sz000510,0,0,0
sz002495,0,0,0
sh603389,960,0,0
sh603305,4063,520,0
sh601718,0,11385,0
sz300207,3997,13608,0
sh600101,0,0,0
sh600368,0,0,0
sh600571,3391,11229,0
sh600676,0,0,0
sz300018,0,0,0
sz000045,1718,1554,0
sz000550,899,0,0
sh603829,2306,802,0
sh601231,3869,3773,0
sh600170,0,0,0
sz300001,0,922,0
sz300212,33849,29778,3492
sz002419,0,3450,0
sh603611,0,0,0
sh600730,0,6299,0
sz002149,0,1336,0
sh601326,6532,2110,0
sz002883,0,206,0
sz300450,1086,3327,0
sz000636,23548,36214,4449
sh600639,0,0,0
sz000982,0,0,0
sz002334,13209,18473,0
sz002090,0,0,0
sz000048,0,0,0
sh600387,0,1688,0
sh600397,0,0,0
sh600482,15534,28849,0
sh600556,0,0,0
sz300159,8476,15128,0
sz002324,0,0,0
sz300139,0,0,0
sz002448,0,0,0
sz002046,0,0,0
sh600725,0,0,0
sz300448,0,0,0
sz002597,4411,3869,0
sz002567,1590,3205,0
sh600237,0,0,0
sh603199,0,0,0
sz300540,0,3698,0
sh601880,0,0,0
sz300530,0,0,0
sh600004,3142,0,0
sz002390,0,6034,0
sz002167,1301,1500,0
sz002803,0,0,0
sz002839,5641,14843,0
sz300120,0,0,0
sz000830,81713,110300,4605
sz300525,529,3716,327
sh600268,0,3600,0
sz002511,0,2054,0
sh600425,2853,3000,0
sz002310,7813,15896,744
sz000587,22914,13821,0
sz300585,0,682,0
sz002603,0,0,0
sh601818,109364,119398,0
sh600726,0,4029,0
sz002877,1675,4348,0
sz002389,0,8861,0
sh603879,2371,0,0
sz300299,0,5620,0
sh600959,1800,0,0
sz002860,0,620,0
sz002850,0,351,0
sz300305,0,0,0
sh600717,0,0,0
sz000973,0,5882,0
sh603633,0,0,0
sh603766,0,0,0
sz002801,0,0,0
sz000800,1786,1014,0
sz300012,5716,14322,0
sz300322,0,2356,0
sz300396,0,320,0
sz300352,94254,159032,5430
sz000707,0,0,0
sz300009,15036,17860,787
sh600478,0,1902,0
sh601398,376399,551934,0
sz002407,0,2893,0
sz300014,2906,8339,0
sh600054,0,0,0
sz300181,10576,14839,2022
sz000538,2397,938,0
sz300485,0,0,0
sz002816,0,0,0
sz000700,0,7254,0
sh600929,0,0,0
sz000713,1443,3856,0
sz002322,0,0,0
sz000852,2818,31215,0
sz002652,1706,1569,0
sh603118,2023,5521,0
sh603866,619,1134,0
sz300021,9651,1680,0
sz002563,0,0,0
sz002030,7093,4130,0
sh603103,0,0,0
sz000502,0,0,0
sz300615,361,0,0
sh600018,155766,30405,11476
sz000727,17206,48250,0
sz002403,0,0,0
sh600790,0,0,0
sz002229,59004,26875,1697
sz000967,0,0,0
sh603937,6825,1861,519
sh600789,42795,16549,0
sz002140,0,0,0
sz002255,0,0,0
sh600343,6276,16057,0
sz002022,917,6116,0
sh603877,0,0,0
sz000848,8544,0,0
sh600162,0,0,0
sh600396,0,0,0
sz300110,5844,37713,2017
sz000571,23032,2004,0
sh600418,0,3930,0
sh603979,0,0,0
sz002267,0,0,0
sh600029,135829,118227,5099
sz300332,0,4164,0
sz000877,4810,14307,0
sh600461,0,0,0
sz002386,0,3171,0
sh600594,2400,20689,1131
sz000931,0,4428,0
sh603926,0,0,0
sh600801,23541,13623,0
sh600037,0,3828,0
sh600581,12160,28175,0
sh603533,1714,4530,0
sz000722,0,0,0
sz002781,0,0,0
sz000539,0,0,0
sz300100,0,1864,1715
sz300701,16884,12360,2144
sz300109,1571,1771,0
sh600073,0,0,0
sh603477,5255,1627,2334
sh600225,0,0,0
sh600890,1459,1512,0
sz002415,48170,19208,3049
sz002836,5966,701,608
sz000856,3690,6587,0
sh600093,2650,9681,0
sh600576,0,0,0
sz000801,7883,11568,1915
sz000712,3898,838,0
sh601058,0,8000,0
sz002536,0,0,0
sh600202,0,0,0
sz002903,1105,1436,0
sh603558,0,0,0
sz300253,44156,73808,3998
sz000523,0,0,0
sh600311,19328,28776,0
sz002165,0,0,0
sz300650,990,0,0
sh601369,2729,3670,0
sh600903,130105,133126,17935
sz000558,0,0,0
sz300521,0,0,0
sz002129,467647,564057,17385
sh601368,0,0,0
sz002365,563,2328,0
sz000561,0,1320,0
sh603577,0,0,814
sz000702,0,0,0
sh603223,0,0,0
sz000902,0,0,0
sz002773,672,286,0
sz300601,15739,2618,0
sz000921,3687,4674,0
sh601177,0,0,0
sh600650,0,893,0
sh601101,1902,2897,0
sh600699,1934,3688,0
sz300155,0,0,0
sh600109,118329,75888,0
sh603605,489,0,0
sz002519,0,0,0
sh600153,1001,6233,0
sh601838,2272,6028,2467
sh600779,678,544,0
sh600598,74017,54831,1282
sh600305,999,1843,0
sz002928,946,1768,0
sz300287,8615,37852,0
sz000413,25946,44348,0
sz002636,0,902,0
sz002690,0,0,0
sz300527,1847,0,0
sz002738,505,0,0
sz002444,988,6211,0
sh601238,4705,2039,0
sz300039,0,0,0
sz000788,0,5999,0
sh600611,2670,3009,0
sh600867,7355,14093,0
sz300270,0,2024,0
sz000910,1287,2281,712
sz000838,0,0,0
sz300370,0,0,0
sz002172,0,0,0
sh601375,0,0,0
sh600332,1204,1303,0
sh600392,13289,34931,827
sz300087,2000,1200,0
sz002482,1322,0,0
sh603936,519,1258,0
sz002351,5845,3587,0
sh603181,1919,1205,0
sz000731,0,3097,0
sz002251,1802,0,0
sz002880,226,0,0
sz002158,1444,2269,0
sz300177,0,0,0
sz000409,0,0,0
sh603138,239,0,0
sh603029,1242,2381,0
sz002055,8431,5627,0
sh601928,0,0,0
sz300347,7282,7583,254
sh603177,0,0,0
sz300558,1157,908,0
sz002086,0,15449,0
sz002909,0,0,581
sh600983,0,0,0
sh600481,0,0,0
sz002186,0,0,0
sh600242,0,0,0
sh600565,0,12613,0
sz002602,0,308,0
sh600826,0,0,0
sz300577,143,0,0
sz002654,0,2242,0
sz000507,7324,2797,0
sz000049,0,735,0
sh600353,0,1983,0
sh600376,0,0,0
sz300340,545,0,0
sz002543,800,548,0
sh600072,7182,5344,0
sh603096,0,131,0
sh603689,0,966,0
sz002535,0,3744,0
sz002199,0,0,0
sz002393,0,0,0
sh600768,900,0,0
sz002627,2164,1679,0
sz300002,7483,6552,0
sz002708,0,0,0
sh603269,0,0,0
sh600575,3000,3700,0
sh601949,0,0,0
sz002598,0,0,0
sz002787,0,0,0
sz300549,0,0,0
sh603838,11006,14460,0
sz300041,1000,0,0
sz300503,4387,8808,1086
sh600851,0,0,0
sh603685,0,0,0
sz000020,1024,0,0
sz002930,0,0,0
sz000928,0,7525,0
sz002063,19625,7439,2139
sh600167,0,0,0
sh603880,0,0,0
sz000803,0,0,0
sz002188,0,0,0
sz002767,1126,609,0
sz300200,0,0,0
sh600179,5727,4372,765
sz002595,0,0,0
sh600815,0,0,0
sh601633,1350,0,0
sh600405,2000,0,0
sh603991,0,0,0
sh600428,0,0,0
sz002649,2597,3768,0
sz002693,38879,31704,0
sz002039,0,0,0
sh601225,52937,114397,0
sz000780,0,2603,0
sh600549,17748,23681,786
sh600229,0,2935,0
sh600622,0,5607,0
sh600869,0,2239,0
sh603630,0,0,0
sz002111,0,0,0
sz002056,0,1307,0
sh600513,0,0,0
sz002517,3291,17025,803
sz300239,0,2560,0
sz000729,11967,1458,0
sh601952,1472,961,0
sz000786,9746,10383,0
sz000795,0,3828,0
sh603303,0,0,0
sz000837,0,0,0
sz300575,0,413,0
sz000626,0,0,0
sz000601,0,0,0
sz300006,0,0,0
sz002110,8757,11405,0
sz300731,742,1344,429
sh603380,510,0,0
sz300175,0,4035,0
sz000585,0,0,0
sh600172,28652,60413,3187
sh600613,0,0,0
sz002327,0,1184,0
sz000932,14595,16262,0
sh600763,2140,2696,0
sz002297,0,5846,0
sz002789,324,0,0
sz300074,0,0,0
sz300469,802,832,0
sz300423,0,0,0
sz002197,0,0,0
sz300350,1825,0,0
sh601857,60026,120671,0
sz002218,0,0,0
sz300048,0,0,0
sz002453,0,1966,0
sz002753,0,0,0
sz002617,1804,0,0
sh600713,0,2056,0
sz000416,0,1839,0
sh603156,243,644,0
sh600252,3391,43533,0
sz002562,0,1290,0
sz002546,10007,0,0
sh600980,0,0,0
sh603566,0,0,0
sh600511,3713,2290,0
sh600469,0,0,0
sz300357,1320,648,201
sh600415,0,4603,0
sh600736,0,3285,0
sz000822,0,5315,1399
sh603828,0,0,0
sh600123,0,1928,0
sz002087,0,3883,0
sh600059,1350,2040,0
sz002134,0,0,0
sz300630,0,200,0
sz002749,0,0,0
sh603159,0,0,0
sh600521,6851,8115,0
sh600875,0,0,0
sh603515,0,0,0
sz001979,14598,17307,0
sz000521,0,4018,0
sz002621,1337,0,0
sz000632,0,0,0
sh600821,1881,0,0
sh603568,0,0,0
sz300284,0,0,0
sh603081,3225,7428,0
sz300436,5885,8552,994
sz300512,0,0,0
sz300364,3766,33148,1005
sh600008,7466,57211,0
sz300063,0,8581,0
sh600933,0,3885,0
sh600449,0,0,0
sh600050,301383,192757,0
sh603976,0,517,0
sz002826,596,0,0
sz000691,0,0,0
sh603738,0,0,0
sz002818,0,0,0
sh600894,0,0,0
sh600667,11945,26069,0
sh603920,5263,8280,0
sh603036,3698,11172,0
sh600106,0,0,0
sh600371,1143,0,0
sh600697,0,0,0
sz300500,1640,1184,496
sz300358,0,0,0
sh600213,0,1086,0
sz002488,788,0,0
sh600470,0,0,0
sh600961,0,1805,0
sz300715,0,310,0
sh601333,17615,9136,0
sh603997,0,0,0
sz300421,800,0,0
sz300148,0,9614,0
sh600731,0,0,0
sh600858,0,0,0
sh600285,0,3430,0
sh600408,0,0,0
sh603488,0,1580,0
sz000825,42651,112543,0
sz000531,0,0,0
sh600439,67307,17716,3968
sh600426,12472,17506,832
sz300463,907,1751,0
sh600438,16344,12956,0
sh600297,1500,4657,0
sz002296,2511,1470,0
sh600284,0,0,0
sz300281,0,0,0
sz300241,0,840,0
sh600466,10947,4687,0
sh603101,0,0,0
sz002373,7212,15805,0
sh603881,326,2567,0
sz002568,0,0,0
sh600000,7090,21840,0
sh600400,0,3558,0
sz300142,20663,19654,1698
sh603585,0,0,0
sz002867,0,0,0
sz002128,9463,22862,0
sz002089,2200,5980,0
sh603360,0,0,0
sh603396,525,0,0
sz300687,0,251,0
sz300161,8912,11149,0
sz000869,622,340,0
sz000901,4544,3379,1010
sh600219,58049,27267,0
sz000889,0,0,0
sh600893,31446,33966,549
sz002190,441,2938,0
sz002886,0,719,0
sz300628,255,1975,0
sz000548,0,0,0
sh600038,14232,17695,669
sz000717,1768,19648,0
sz002494,0,0,0
sh600460,128486,150448,5595
sh600310,0,6450,0
sh600386,0,2846,0
sz002795,823,0,0
sz300367,17914,33340,3792
sz002846,0,642,0
sh600522,36158,62726,1237
sh600066,19691,12156,4580
sh600679,0,820,0
sh600307,14845,27697,0
sz002871,0,0,0
sh600584,41644,66161,0
sh601607,10623,6396,0
sh600156,0,0,0
sh600561,0,0,0
sz300143,998,0,0
sz000998,977,2807,459
sz002320,21903,28073,1010
sz300434,0,0,0
sh600723,0,0,0
sz300293,3944,4234,1215
sz000715,0,0,0
sz300621,0,0,0
sz002024,133469,184611,11209
sz300461,0,186,0
sh603378,0,0,0
sz300595,0,454,0
sh600323,0,0,0
sz002042,0,0,0
sh603855,0,0,0
sh600340,13902,13503,1184
sz002835,0,0,0
sh600692,3016,2404,0
sz300223,62339,44606,16027
sz300035,9045,12293,0
sz002585,0,0,0
sz300179,0,0,0
sz300247,8975,0,0
sh601828,1714,6282,660
sz300320,0,0,0
sz000669,0,0,0
sh600355,0,2200,0
sz002164,0,0,0
sz002175,8844,15512,0
sh603922,0,864,0
sz300406,0,616,0
sh600099,0,0,0
sz300479,0,1768,0
sz002150,0,0,0
sz002824,0,691,0
sz002624,396,756,0
sz002115,0,0,0
sh600538,0,0,0
sh603039,0,164,0
sh601212,24436,17962,2260
sh603588,1958,0,0
sh600300,0,0,0
sh600103,0,0,0
sz000419,0,0,0
sz002133,0,6018,0
sz002748,0,0,0
sz000938,30805,33070,4833
sz002412,0,0,0
sz000927,0,4143,0
sz002514,0,0,0
sz002265,6713,5253,0
sz002931,0,0,0
sz300047,0,2463,0
sh600366,0,1019,0
sh603166,0,0,0
sh600830,0,3272,0
sz300474,862,2540,0
sz002278,4094,2399,0
sz002551,1284,0,0
sh600774,0,0,0
sz002746,576,0,0
sz002807,0,10045,0
sz002006,1727,0,0
sz300381,0,962,0
sz300618,3930,3235,435
sz002561,1000,0,0
sh600403,0,0,0
sh600345,1658,11719,464
sz300642,100,371,0
sz002035,3329,0,0
sh600166,10179,26391,0
sz300726,23349,19099,2899
sh601919,4996,15888,0
sh601985,5409,4840,0
sz300516,0,0,0
sz300125,0,0,0
sz002831,0,687,0
sz002689,0,0,0
sz002642,5922,9370,0
sh600277,0,0,0
sz002126,3221,24010,0
sh601666,4328,16204,2184
sh600705,3140,14423,0
sz002434,0,0,0
sh600628,0,0,0
sz000590,3820,1643,0
sh600433,0,0,0
sz002446,0,1417,0
sz002330,0,0,0
sz002756,606,0,0
sz002896,2447,3014,315
sz002683,2542,0,0
sz300698,6783,16539,0
sh601898,0,4602,0
sz300438,0,0,0
sh600886,4521,8931,0
sz000862,19980,17796,5344
sh600149,2000,0,0
sz300258,1476,0,0
sz002516,0,2502,0
sz000544,0,0,0
sz300005,26240,10824,0
sh601933,51140,66471,0
sh600113,17020,15016,1969
sz300494,0,2248,0
sz002768,2681,401,0
sz002380,0,1000,0
sz002118,102363,43124,7289
sz300408,7395,12901,533
sz300043,7563,45632,0
sz000066,198190,386290,5253
sz002496,0,3139,0
sz300635,1000,0,0
sh600967,5286,8469,0
sz000961,40876,21609,0
sh600479,0,0,0
sz002015,0,0,0
sz300201,0,0,0
sz002797,32762,31642,0
sz300412,1544,2987,0
sz002858,0,347,0
sz002420,0,0,0
sz002411,0,0,0
sh603882,0,1301,0
sh603110,563,455,1232
sz000006,1456,11320,0
sz002223,5934,11505,0
sz000573,0,0,0
sh600184,0,0,0
sz002045,3866,5269,0
sh600278,0,0,0
sz002906,7825,7721,790
sz300465,2757,8622,0
sz300196,0,1128,0
sh600207,15188,64780,7541
sh600075,0,0,0
sz300420,0,0,0
sh600979,0,0,0
sz300717,350,400,0
sz300413,1552,4924,0
sh603069,2416,7943,0
sz300619,8987,10900,1523
sz300079,13815,38328,3323
sh600143,0,7218,0
sz000726,0,1000,0
sz000977,147282,165894,5893
sh600834,0,0,0
sh603038,0,0,0
sz002052,0,0,0
sz000017,0,0,0
sz002547,37975,11343,3262
sh600973,6256,0,0
sz002631,0,0,0
sh600448,0,2300,0
sz002286,0,0,0
sz300114,0,3246,0
sh600997,0,0,0
sz300189,41563,17153,0
sz300692,15588,30713,1673
sh603260,5360,1391,0
sz000040,1505,3571,0
sh600360,42171,81454,0
sh603016,0,540,0
sh600077,0,0,0
sz300498,48136,50965,1943
sh601021,0,0,0
sz000925,0,1357,0
sh600026,0,4011,0
sz000690,3428,5100,0
sz002137,175578,269586,19169
sz300707,201,300,0
sz002476,15232,0,0
sh600885,298,315,0
sz300424,0,913,0
sh600127,0,0,0
sz300327,3799,9239,0
sz002600,39940,51619,0
sh600247,0,5299,0
sz300430,0,0,0
sz300075,21737,27769,934
sh600754,700,761,0
sh603801,0,0,0
sh600112,0,0,0
sz300115,6444,10224,616
sh601011,4984,15147,2199
sz000100,36604,121101,5792
sz002676,2627,4293,0
sz300563,0,0,0
sh603985,0,668,0
sz002293,0,0,0
sh600436,5586,5087,0
sz002919,301,673,0
sz000541,0,4237,0
sh600846,2422,9251,0
sh603359,324,658,0
sz300275,0,788,0
sh601998,14799,34569,0
sz300096,0,2157,1348
sz300105,0,0,0
sh600328,0,0,0
sz300510,0,0,0
sh600365,2395,0,0
sz000768,88931,61607,3877
sz300660,0,0,0
sz002355,0,0,0
sz000755,0,0,0
sz002623,0,0,0
sh601139,0,0,0
sz300478,606,0,0
sh603258,0,435,0
sh600130,0,0,0
sz300490,12519,1490,2765
sz002208,10176,25737,934
sz300661,239,130,0
sz300700,391,0,0
sz002796,0,0,0
sz300567,0,234,0
sz000153,0,0,0
sh601700,2774,7089,2016
sz002560,0,0,0
sh600057,0,0,0
sz002289,7685,9007,0
sh603811,0,0,0
sz300315,38660,126790,0
sh600560,1842,2607,0
sh600080,0,0,0
sz002798,0,435,0
sz002878,0,1564,0
sz002469,0,0,0
sz300214,0,0,0
sz000981,3788,4785,0
sh600429,0,0,0
sh600501,1005,0,0
sz000518,0,0,0
sh600122,30432,38435,0
sh600477,1200,1137,0
sh603186,494,0,0
sz002458,6380,0,0
sz002396,23968,35251,1956
sz002657,1499,5719,0
sz300344,2105,10530,0
sh603688,0,0,0
sz002370,1206,0,0
sh603010,4217,3166,0
sh601360,9146,14130,0
sh600333,5477,1818,0
sz300699,2668,4440,457
sz300468,274,0,0
sz002898,4612,15360,0
sh600636,0,1000,0
sz300472,0,0,0
sz000863,0,0,0
sh601968,0,0,0
sz002323,10215,48745,0
sh603669,0,0,0
sz000882,446501,287191,0
sz002067,0,0,0
sh600796,0,0,0
sh601601,63292,57303,5935
sh600499,94932,46129,2561
sh600664,0,2271,0
sz300204,0,816,0
sz000546,0,0,0
sz002332,0,0,0
sh600836,0,0,0
sz000756,0,0,0
sz000528,2434,23966,0
sz000975,6335,1758,0
sz000333,50464,51620,2590
sh600859,0,0,0
sz300513,0,0,0
sh600530,0,0,0
sh603090,973,0,0
sh600027,13388,5456,0
sh600196,29490,23411,902
sz002054,0,1882,0
sz002217,34947,4187,0
sz002633,0,0,0
sh603960,0,0,0
sz002108,6639,3292,0
sz000030,0,0,0
sz002706,0,0,0
sh601366,0,1200,0
sh603335,0,0,0
sh603729,648,1124,308
sz000887,3984,6163,0
sh600644,0,0,0
sh603716,707,492,0
sz300366,871,4341,0
sh600817,0,0,0
sh600188,14499,16698,1613
sz300222,5450,10599,606
sh601258,0,35396,0
sh600116,4318,5006,0
sz002299,743,0,0
sh600708,1530,2567,0
sh603598,0,0,0
sh603356,0,655,0
sz002902,1644,901,312
sh600078,0,0,0
sz300076,0,0,0
sz300695,0,0,0
sz002456,15460,25162,2598
sh603299,0,1399,0
sh600626,0,1700,0
sz002460,67062,77509,7490
sh601188,0,0,0
sz000969,0,0,0
sh600696,2802,4744,0
sh603178,0,0,0
sh603661,0,0,0
sh601155,5782,11594,384
sz002887,1428,2308,153
sh600642,0,0,0
sz300078,5262,13987,0
sh600455,0,0,0
sh600381,3231,0,0
sz002404,0,0,0
sz300031,0,0,0
sz002582,738,823,0
sz002131,47409,59522,0
sz000671,8594,21248,0
sh600602,6091,15377,0
sz002513,18159,0,0
sh600191,0,0,0
sh603868,0,0,0
sh600379,0,0,0
sz002375,0,0,0
sh603388,0,0,0
sh603127,2102,989,130
sz300129,0,5004,0
sh603817,1017,0,0
sz002157,66351,36119,0
sz002630,3870,3901,0
sz002779,0,0,0
sz002347,0,0,0
sz000881,0,0,0
sz300321,0,0,0
sh603197,0,325,0
sh600871,0,36257,0
sh600583,18556,8515,0
sz002910,4519,2708,793
sz300380,0,613,0
sz000979,83086,136190,0
sz002586,2958,0,0
sh603599,0,0,0
sz000915,523,436,0
sz300425,0,0,0
sz000952,2782,0,0
sh603500,0,0,0
sz002166,3025,0,0
sh600853,0,0,0
sz000068,0,0,0
sh600728,43524,100749,6265
sh603683,774,0,0
sz300197,8678,9023,1026
sz002817,0,0,0
sz300339,2847,10859,0
sz300359,1590,1911,1368
sz002117,0,2250,0
sh600138,5542,6280,628
sh600006,0,0,0
sz300036,27976,44357,684
sh603060,0,0,0
sz002479,4879,1268,0
sz002500,39836,29543,1763
sz300231,3622,16693,0
sz300676,1740,1946,272
sh603908,0,0,0
sz300221,1370,9002,0
sz300589,0,0,0
sz002716,81611,30272,537
sz002897,0,404,0
sh603367,6351,5427,0
sh600506,0,0,0
sz000150,0,0,0
sz002374,0,0,0
sz300718,1192,1089,0
sz300363,0,0,0
sz002918,0,569,0
sh603169,0,0,0
sz002326,0,0,0
sh601566,0,0,0
sh600359,0,1500,0
sz300356,2021,0,0
sz300296,24430,29372,947
sh600712,0,0,0
sz000681,2218,5375,491
sh603377,424,0,0
sz002331,1502,1576,0
sz300158,4149,2520,0
sz002888,16339,16447,1708
sz300597,740,2959,0
sh603839,591,0,0
sz002414,0,718,0
sz300378,0,3315,0
sh603516,237,1761,1320
sh600275,0,0,0
sh601311,0,0,0
sz300341,0,7746,0
sh603963,3705,1906,0
sz000999,852,1853,0
sz002081,1931,1000,0
sz002246,0,0,0
sz300663,408,800,0
sz002336,0,0,0
sh600746,0,0,0
sh600808,16543,29493,0
sz300677,405,909,163
sh600380,16722,34352,1005
sz300055,1224,2782,0
sh600569,0,6480,0
sz300741,246,829,0
sz002885,0,322,0
sh603228,0,0,0
sz300722,1451,14018,0
sz300622,0,0,0
sz000665,2600,5130,0
sh600850,3907,2719,0
sz300471,984,13527,1098
sz002181,0,0,0
sh600212,0,0,0
sz002889,791,2395,0
sz300311,776,3738,0
sh603909,0,0,0
sz002475,3467,3342,0
sh603787,1893,0,0
sh603338,159,0,0
sz300307,0,0,0
sz300333,2582,0,0
sh600976,0,0,0
sz300160,0,0,0
sh603012,0,0,0
sz002211,0,0,0
sz002596,106906,69730,2247
sz000919,0,0,0
sz300011,1659,1595,0
sz002838,0,0,0
sz002346,0,573,0
sz300573,507,0,0
sh603609,1065,1508,0
sh600150,48905,51692,6778
sz002308,0,0,0
sz002792,400,700,0
sz002581,0,1432,0
sz002777,549,310,0
sz002769,1481,5357,0
sz000819,0,0,0
sz000429,0,0,0
sz002487,0,0,0
sh600063,0,7648,0
sz002471,0,0,0
sh603326,0,0,0
sz300051,1723,2995,0
sz002778,0,0,0
sz002276,0,2109,0
sh603527,0,0,0
sz300443,0,0,0
sz000036,1424,1328,0
sh603888,0,505,0
sh603506,609,972,0
sz002915,7452,2229,318
sz300623,177,811,0
sh600661,0,0,0
sz000411,0,464,0
sh601007,0,0,0
sh600094,0,0,0
sz002508,1025,3390,0
sz002359,844,3110,0
sz300180,0,0,0
sz002467,0,9573,0
sz002856,0,761,0
sz002428,60867,32245,6166
sh601811,0,0,0
sh600320,0,0,0
sz300451,2863,4639,0
sh600055,0,706,0
sz000905,0,1242,0
sh603709,0,309,0
sh600861,3895,0,0
sz002537,1251,8284,0
sh600984,4981,0,0
sh603232,0,223,0
sz002074,5972,3163,0
sh601100,0,0,0
sh600793,0,0,0
sz002141,24361,9036,3405
sz002474,1541,19867,1476
sz300689,417,0,0
sz002302,1451,7579,0
sz002645,0,0,0
sh603555,1526,434,0
sz000417,0,0,0
sz002016,21075,13285,0
sh600203,1300,0,0
sh600488,0,0,0
sh603218,0,0,0
sz300572,150,200,0
sz000638,0,1705,0
sh600755,49345,21846,9313
sz002842,0,0,0
sz300282,0,0,0
sz002648,0,1124,0
sz000545,0,0,0
sh600369,0,3942,0
sh603208,0,0,0
sz000720,0,5823,0
sz300641,0,0,0
sh603889,0,0,0
sz300248,0,877,0
sz002480,0,0,0
sz000851,2873,5949,0
sz000815,0,948,0
sh600963,4890,2590,0
sz000823,3628,12878,0
sh603730,0,0,0
sh600508,0,0,0
sz002279,7657,8602,0
sz000995,0,0,0
sh601099,26251,58533,0
sz300720,10341,15600,4655
sz002335,355,0,0
sh600398,0,1023,0
sz002483,0,0,0
sz000970,6385,22247,0
sz002317,2909,6629,0
sz002620,3355,0,0
sz000957,0,5098,0
sh601872,0,6001,0
sh601611,0,1194,0
sz002466,15333,22516,772
sh600228,0,0,0
sh603777,0,0,0
sh603556,0,0,0
sh603315,0,0,0
sz002344,2000,0,0
sh600243,0,0,0
sz000791,0,0,0
sz000716,0,0,0
sh603779,0,0,0
sh601117,0,13586,0
sh603030,3396,1261,0
sz300132,0,0,0
sz000060,33474,46900,0
sz300236,3174,8285,374
sz300226,1387,4508,0
sh600259,600,1638,0
sh603906,0,0,0
sz002681,2516,3647,0
sz000698,0,0,0
sh600527,0,0,4000
sz002247,2611,1763,0
sz300634,0,0,0
sz002589,0,723,0
sh603203,0,0,0
sz000504,0,0,0
sh600132,500,696,0
sz000530,0,5000,0
sh600117,0,8535,0
sh600056,3080,2446,0
sz002159,0,0,579
sh600998,1794,2686,0
sz300091,2208,2500,0
sz000736,0,0,0
sz300505,0,0,0
sh601988,473192,326737,0
sz000603,0,0,0
sh600722,0,0,0
sz300373,2646,1837,0
sz002084,0,0,0
sh600702,1721,1010,0
sz002333,0,0,0
sz000099,5591,2700,0
sz000042,0,0,0
sh601020,4224,3021,0
sh601588,0,2610,0
sh600467,0,0,0
sz300183,0,3820,0
sh603717,780,0,575
sz300170,21503,23332,3387
sz300625,620,495,0
sh600048,155166,157377,2326
sz300550,0,706,0
sz002241,41215,46119,776
sz002682,0,0,0
sz300082,0,0,0
sh603355,0,0,0
sz002003,0,0,0
sz002001,16339,10253,0
sz000090,2131,0,0
sz300283,0,0,0
sh600531,5951,15129,0
sz300477,5016,7116,0
sz300723,1626,858,0
sz300416,0,540,0
sz002566,0,0,0
sz002790,0,0,0
sh603871,0,155,0
sh600321,0,4110,0
sz002283,0,0,0
sh600031,65779,89903,0
sz000677,0,0,0
sz300522,0,0,0
sh600182,0,0,0
sz000408,39058,3044,603
sh600879,26634,18339,0
sz002599,0,0,0
sz002735,0,0,0
sz000159,0,0,0
sz300433,8291,17064,0
sz300255,3705,0,0
sz002574,0,0,0
sz300025,0,0,0
sz002193,2855,0,0
sz002873,215,1044,0
sz000680,0,0,0
sh603022,0,3586,0
sz002152,9148,13598,1782
sz002392,0,0,0
sz001696,0,2677,0
sz002232,0,1047,0
sh600293,3680,1553,0
sz002806,0,0,0
sz300348,0,1058,0
sh600021,0,0,0
sh600319,0,0,0
sz002772,0,2424,0
sz000062,0,0,0
sh600159,0,0,0
sz002615,0,0,0
sz002096,0,0,0
sz300690,0,0,0
sh600618,0,0,0
sz000703,0,0,0
sz002733,0,841,0
sh600061,827,1571,0
sh600503,0,4065,0
sh600337,4394,0,0
sz300030,1468,0,0
sh601118,83726,48731,1933
sz300319,1700,2457,0
sh600085,41166,15077,1644
sh600168,0,0,0
sh600361,11591,0,0
sh600690,29847,26196,3397
sz002900,5622,0,350
sz002544,4976,5928,0
sh600071,0,0,0
sz000762,12534,4370,805
sz000737,0,0,0
sz002307,1441,0,0
sh603896,7669,8584,636
sz000917,1803,9150,0
sz000761,3265,0,0
sh603165,0,0,0
sz300144,3649,2275,0
sh600767,0,0,0
sz000011,0,777,0
sz300602,239,0,0
sz000695,0,0,0
sz002927,6016,4476,1911
sz300681,0,0,0
sz002272,0,0,0
sh603337,1040,198,0
sz300163,0,0,0
sz300007,1941,4923,0
sz300003,3819,4278,0
sh603196,0,0,0
sz002486,0,0,0
sz300581,330,0,0
sh600638,0,0,0
sz300137,8389,3173,0
sz002028,0,976,0
sz000709,37276,38468,0
sz002651,1381,5604,0
sz300640,0,483,0
sz300636,399,0,0
sz002638,2000,2181,0
sh603161,0,0,0
sz300678,428,2096,0
sh600919,6933,15029,0
sz300052,0,1717,0
sh603158,0,0,0
sh603499,1091,779,0
sh600238,5702,3846,0
sz300355,4144,11217,0
sz300520,4123,8157,0
sz300518,0,0,0
sz300235,0,0,0
sh600308,0,0,0
sh600873,0,2000,0
sz000423,518,1952,0
sz002812,1004,340,0
sh600422,4576,10357,0
sh600707,1254,0,0
sz300265,0,0,0
sz002205,0,0,0
sh603017,0,0,0
sz300610,0,0,0
sz300095,0,0,0
sz300417,0,0,0
sz002020,7648,1161,0
sz000630,32418,55147,0
sh600572,6204,10848,0
sh603768,0,0,0
sh603899,1100,1208,0
sz300735,20358,6009,0
sz002670,1694,992,0
sz300187,0,1354,0
sh600136,0,0,0
sz300620,730,0,0
sz002066,0,0,0
sz002033,0,2683,0
sh600685,1284,2983,0
sz002925,6163,6423,708
sh601222,2913,1886,0
sh603501,1540,4432,0
sh601218,0,0,0
sz300537,0,0,0
sh600146,994,710,1007
sh601600,292236,351144,0
sh603027,4088,510,0
sz300538,0,0,0
sz000592,0,2449,0
sh603168,2319,1413,0
sz300116,0,0,0
sz300730,527,5081,416
sz300294,1725,1540,0
sh600234,0,0,0
sh600058,0,961,0
sh601579,0,0,0
sh603737,0,0,0
sz000065,697,1329,0
sh600803,0,981,0
sz300169,0,0,0
sz002049,65375,75907,7796
sz002815,6089,6121,0
sh601158,1568,2429,0
sz300351,0,0,0
sh601038,0,0,0
sh600322,0,0,0
sz300683,519,0,0
sz000061,0,1708,0
sz002916,58046,53746,10910
sh600839,0,6684,0
sz002687,0,0,0
sz002195,109780,59089,2594
sz002463,3027,6403,0
sz300081,983,0,0
sz002822,0,1430,0
sz002284,0,4036,0
sz300072,3731,16092,414
sh601595,0,0,0
sz002295,0,0,0
sz300604,0,250,218
sz000021,11788,19340,0
sz000987,9414,6505,0
sz300685,631,487,0
sh603579,0,0,0
sz002507,21533,61194,1079
sh603023,0,0,0
sz002399,0,0,0
sz002367,0,3655,0
sz002343,4799,5856,301
sz000883,0,0,0
sz002154,0,4029,0
sz300298,1746,1584,0
sz000089,3704,12237,0
sh601186,0,13034,0
sz002248,0,0,0
sz000686,5345,2259,0
sz002588,0,0,0
sh600176,36917,67118,2057
sh600766,1957,0,0
sz002666,17455,14779,0
sh600822,9318,2443,0
sh603860,0,0,0
sz300668,282,153,0
sz300257,0,0,0
sz300457,852,2976,0
sz000555,27647,40838,3938
sz002112,0,0,0
sz002478,0,0,0
sz002424,744,2884,837
sz002646,0,0,0
sz002484,0,0,0
sz300737,0,2105,0
sz300244,5158,6667,1020
sz300531,0,0,0
sz000752,1914,0,0
sz002142,6441,4699,0
sz000732,18102,17194,1683
sh600633,815,6850,0
sz002579,0,1263,0
sh600749,0,0,0
sh600897,0,0,0
sz002540,0,0,0
sz300501,0,0,0
sz300711,5503,2849,0
sz002291,0,0,0
sz002274,0,0,0
sz300452,0,0,0
sz300295,0,664,0
sz000600,3728,3111,0
sz000529,0,0,0
sz000514,35972,0,3960
sz000903,0,5275,0
sh603037,0,0,0
sz000778,0,14266,0
sz002391,0,0,0
sh600827,0,4646,0
sz300691,0,0,0
sz000960,8330,6401,0
sh600062,0,1115,0
sh603283,1757,5884,2606
sh603026,0,0,0
sh603711,0,518,0
sz300141,0,0,0
sz002728,0,0,0
sz300515,0,0,0
sz300111,0,0,0
sz000655,0,0,0
sz000422,0,4093,0
sz300374,0,0,0
sz300151,0,0,0
sh603088,0,0,0
sz000586,821,1027,0
sz002234,0,0,0
sh601318,188255,198918,19269
sh603167,0,0,0
sz000913,0,1295,1900
sz001896,0,0,0
sz002628,0,3000,0
sh600518,8925,5095,0
sh603618,0,0,0
sz002354,3014,9799,1039
sh600637,12124,4583,0
sh600171,43702,41379,4038
sh603496,0,0,0
sz000039,634,2943,0
sh601788,0,816,0
sz002461,0,0,0
sz000625,1090,1023,0
sz300259,69298,68201,0
sz300157,17157,16424,0
sh601567,0,0,0
sz002626,2512,1250,0
sz300608,0,0,0
sh600200,0,1519,0
sh603996,2423,1004,0
sh603797,0,0,0
sh600528,900,11217,0
sh600710,0,0,0
sh603833,0,176,0
sh600535,11240,5178,619
sh601388,4800,14856,0
sh603063,0,2128,0
sh600498,6847,8823,0
sh603308,739,664,0
sz002395,0,0,0
sh601169,0,7689,0
sz300428,0,0,0
sz000591,2526,0,0
sh600596,3121,8527,0
sz300362,0,0,0
sh600780,0,0,0
sh601616,0,0,0
sz300541,0,560,0
sh600526,0,0,0
sz002178,34889,16542,0
sh600812,0,0,0
sz000719,0,0,0
sh603083,3157,1689,0
sz002300,0,0,0
sz002848,0,0,0
sz002377,0,1659,0
sh601678,10627,22895,0
sh600881,3072,6280,0
sz300655,1869,905,0
sz000551,0,0,0
sh603878,0,0,0
sz300218,0,0,0
sz002146,15166,21787,0
sz002012,0,3638,0
sz300335,8744,3589,1002
sh601128,0,2601,0
sz300134,745,3681,940
sz300508,1264,1318,0
sz300596,0,569,0
sz300310,7519,20751,0
sz002315,0,0,0
sh601226,0,0,0
sh600351,0,0,0
sz300097,0,648,0
sh600592,0,0,0
sz000407,0,0,0
sh603536,0,0,0
sz002099,0,0,0
sh603823,0,703,0
sh600185,0,7608,0
sh603136,0,0,0
sz300727,10621,9913,484
sz002228,0,0,0
sz000070,1620,2241,0
sh603999,0,0,0
sh600648,0,0,0
sz002104,0,9657,0
sh601901,2215,0,0
sz002207,0,0,0
sh603517,1200,992,0
sz000920,8934,71010,0
sh600771,3056,2450,0
sh603289,0,0,744
sz002136,978,0,0
sh603612,0,266,0
sz000673,721,1084,0
sz300680,0,519,0
sz002383,5587,8269,0
sz300329,0,0,0
sz300272,0,0,0
sz000785,0,1203,0
sz002261,29502,34060,0
sz002371,12552,17182,1887
sz000050,9497,11837,0
sh600083,0,0,0
sz000959,0,0,0
sz000023,0,900,0
sz002703,32842,60017,0
sz300710,896,0,0
sz300453,0,0,0
sz000697,600,6149,0
sh603519,600,0,0
sz002040,0,0,0
sh600865,1238,0,0
sh603040,0,0,0
sz002864,17394,15226,3686
sh600868,5806,30443,0
sz000426,2323,3571,0
sh603003,0,0,0
sh603528,0,5047,0
sz300673,215,0,0
sz002593,0,0,0
sh601179,0,2500,0
sz002879,382,0,0
sz002394,0,0,0
sz000718,3436,3420,0
sz300506,1500,0,0
sz000628,3408,1142,0
sh601789,0,0,0
sh600235,0,0,0
sh600785,0,0,0
sz000430,0,0,0
sh603421,0,1368,0
sh600764,1740,1591,0
sz300643,0,0,0
sz300053,6363,30116,1446
sh603903,0,0,0
sh603707,1749,1369,0
sz300580,0,0,0
sh603900,954,822,0
sh603198,2624,807,0
sz300273,2038,14495,1817
sh600757,0,0,0
sz000875,0,0,0
sz000637,0,0,0
sz300705,9795,6867,2848
sz300546,0,500,0
sz000850,0,2591,0
sz002120,250,740,0
sz300502,413,3691,0
sz002505,25079,73409,0
sz300440,0,0,0
sh600487,34651,52943,1757
sz000576,6972,0,0
sh603058,621,643,0
sz002100,0,0,0
sz300645,257,0,0
sh600811,6430,13438,0
sh600740,7963,25125,0
sh600863,0,4349,0
sh600261,0,3200,0
sh603628,1507,1247,0
sh600691,0,0,0
sz300300,11441,13650,538
sh600406,21623,17614,680
sz002095,411,2126,0
sh600841,0,0,0
sz002712,0,1727,0
sh600125,32757,19904,1168
sh603007,0,0,0
sh601992,35551,47535,0
sh600098,0,0,0
sz300445,0,0,0
sh603123,0,0,0
sz002442,0,0,0
sz300309,3099,0,0
sh600758,0,0,0
sh603328,1000,0,0
sh603019,50104,85441,6923
sz000798,5043,0,0
sz002571,0,0,0
sz002422,8894,14761,502
sz300262,0,0,0
sz300131,0,11126,0
sz002427,0,0,0
sh601688,106420,82952,3217
sh603898,478,0,0
sh600962,4110,7282,0
sh600533,0,6000,0
sh600884,7908,11185,552
sz002747,2300,4157,0
sh600668,0,1040,0
sz002841,0,0,0
sh600559,0,0,0
sh600030,591250,484511,17244
sh603638,0,0,0
sz300122,1885,4283,0
sz002684,0,0,0
sz002093,3006,3197,0
sz002576,936,942,0
sh600823,6878,2105,0
sh603901,0,0,0
sz300015,3990,5013,401
sh600010,18786,31176,0
sh600409,11484,13610,0
sz300108,0,0,0
sz002587,0,2300,0
sz300539,0,0,0
sz002132,0,0,0
sz002917,1915,1938,0
sz002774,0,1481,0
sz002793,0,0,0
sh600837,81569,82570,0
sh600645,3870,940,892
sh600523,0,1062,0
sh600936,0,2507,0
sh603116,0,0,0
sz002504,0,0,0
sh601899,533133,348429,0
sz002101,0,1100,0
sz002169,0,0,0
sh600716,0,0,0
sz002094,3631,618,0
sh600898,0,0,0
sh603001,0,0,0
sz300318,0,3000,0
sh600079,8461,9084,0
sz002408,96063,50988,3046
sz002713,0,0,0
sz002249,0,9671,0
sh603912,11598,11838,1070
sh600555,52211,21781,0
sz002123,4469,9299,0
sz300042,0,0,0
sz300230,0,1360,0
sz002668,4547,1225,405
sz002202,29812,25972,0
sz002905,302,268,0
sz002634,0,2737,0
sz300292,0,3579,0
sz300459,7120,9653,0
sz002564,0,1500,0
sh603085,542,0,0
sh603580,0,0,0
sh603313,0,0,0
sz002725,0,0,0
sz000926,0,2651,0
sz002591,0,0,0
sh601766,63041,106202,0
sz000498,0,0,1918
sh603133,399,1291,0
sh600068,15252,27688,0
sz002021,0,0,0
sh600687,0,0,0
sh600588,96762,110265,9589
sh600970,8796,27871,0
sz002135,0,0,0
sz300092,0,0,0
sh603277,0,0,0
sz000509,9923,0,0
sz000589,0,0,0
sz000652,0,0,0
sh600741,4062,4986,0
sz002216,0,3263,0
sh600926,2605,6196,0
sz000816,0,27031,0
sz300397,1125,1396,0
sh601669,0,0,0
sz300583,0,0,0
sh603977,0,0,0
sh603306,0,500,0
sh600028,281981,251490,0
sz000949,0,0,0
sh603825,400,0,0
sz000878,1201,17588,0
sh600173,0,6501,0
sh603663,0,0,0
sz002041,0,2074,0
sz002406,0,0,0
sh600567,83625,42463,0
sz002632,0,0,0
sh600971,5315,39624,0
sz002542,0,0,0
sh600674,4365,4692,0
sz000948,1050,1910,0
sz002183,11071,17513,0
sz002569,1796,0,0
sh601008,0,2793,0
sz002757,0,0,0
sz002899,421,810,0
sh600550,0,1602,0
sz300657,458,352,0
sh603676,40710,10128,1085
sz000933,10083,14025,0
sz300346,0,2390,0
sh600035,0,0,0
sh600760,25627,19374,2836
sh600280,1606,1537,0
sz000790,2774,16964,0
sz002287,400,350,0
sz000976,0,1466,0
sh600260,3544,9435,0
sz002665,0,3849,0
sh601997,5023,6148,0
sz300600,270,584,0
sz002230,60053,67138,8153
sh601127,0,0,0
sz300475,1201,0,1211
sz000893,0,0,0
sz000968,998,0,0
sz000963,1923,2414,717
sh603869,1205,588,0
sh600421,0,0,0
sz300217,0,15938,0
sz300492,0,0,0
sz300487,114610,192248,18450
sz002530,0,476,0
sz300631,5736,9240,0
sz000525,642,3892,0
sz300486,1921,555,0
sz002436,0,7015,0
sz000598,2064,9419,0
sh603059,408,2915,456
sh600497,14840,30004,0
sz300360,0,0,0
sh600416,12573,4515,0
sz300254,0,0,0
sh600151,0,0,0
sh600327,0,0,0
sz000400,3013,6803,0
sz300113,15527,23729,485
sz300555,0,0,0
sh603677,0,0,0
sz300402,0,905,0
sz300285,2022,6091,0
sh600739,9725,1372,0
sh603031,1000,1274,0
sh600714,0,0,0
sh600828,0,0,0
sh600036,39437,60200,1915
sh600476,0,0,0
sh603028,0,1037,0
sh600509,2594,0,0
sz002659,0,0,0
sz002691,0,0,0
sz002328,0,0,0
sz000899,0,0,0
sz002613,5888,7242,0
sz002329,4201,6012,0
sz002745,378,1363,0
sz002080,3054,0,0
sz002606,0,2971,0
sh603076,0,0,0
sz002341,897,2336,0
sz000688,19834,3015,0
sz002557,0,820,0
sh600698,4156,8643,0
sz300314,0,0,0
sh600895,4731,1716,2105
sz002577,0,1931,0
sz300732,129,0,0
sz300511,0,0,0
sh601336,13827,15325,2326
sh603180,100,435,0
sz300228,6458,2410,0
sz000985,0,0,0
sz002697,0,0,0
sz300278,21475,48998,0
sh600663,0,597,0
sh600604,2172,4200,0
sz300224,0,2010,0
sz002306,0,0,0
sz000753,0,0,0
sz002643,1640,0,0
sz002470,18687,3325,0
sh600810,3029,0,0
sh600330,7556,3470,0
sz000609,0,0,0
sz002204,5270,3000,0
sh600610,0,0,0
sz002196,0,0,0
sh600901,14609,20677,1297
sh603608,0,0,0
sz002762,2000,0,0
sh603106,898,1835,0
sz300107,21597,24410,0
sz002235,0,2766,0
sh601390,0,3240,0
sh600662,5528,11750,0
sh603078,185,0,0
sh603330,0,415,0
sh600654,0,0,0
sz002221,1057,5081,0
sz002106,1706,1247,0
sh600358,17715,9842,0
sz000807,13749,36612,0
sz000809,0,0,0
sz002573,0,9070,0
sh600126,0,7973,0
sz002258,527,3977,0
sz002808,0,0,0
sz300405,691,0,0
sh600336,2293,0,0
sh600131,0,0,0
sz002780,0,0,0
sz002116,0,1562,0
sh603966,843,0,0
sh600208,12842,82316,0
sz002226,1657,6679,0
sz002819,0,0,0
sz002522,0,3670,0
sz300554,283,0,0
sh603266,404,4910,0
sz002473,0,0,0
sz002071,0,3938,0
sh600246,0,0,0
sz300229,0,1640,0
sz000010,0,0,0
sh603288,1521,1505,0
sz002445,1557,1039,0
sz002644,0,0,0
sz000990,0,0,0
sz300611,0,0,0
sh600496,0,0,0
sz000820,23448,36980,2082
sh600872,4848,7330,0
sz002244,9290,8330,0
sz300099,0,11958,0
sh601106,0,3658,0
sz002921,1092,524,0
sh603032,439,0,0
sz002531,1590,3315,0
sh601558,23208,24026,0
sz002786,0,1275,0
sz001965,0,1186,0
sh603518,0,1740,0
sh600769,43054,148157,0
sh600175,20800,0,0
sz300565,0,616,0
sz000759,0,0,0
sh600338,880,769,0
sh600585,146674,75105,10142
sz002911,3840,1474,0
sz002352,0,668,0
sh600776,2553,0,0
sh603458,0,0,0
sz002109,0,0,0
sz002294,3841,5962,0
sz300102,1719,3716,0
sz300220,0,0,0
sz300215,8460,0,0
sz000155,6967,10997,0
sh600985,0,0,0
sh603268,0,0,0
sz002759,0,0,0
sh600996,0,0,0
sh600139,1809,2502,0
sz002038,18292,15308,805
sh603323,0,1482,0
sz002209,0,0,0
sz300302,882,6785,0
sz300593,988,2205,0
sz002313,3005,6785,0
sh601636,19210,63426,0
sh600673,43487,21034,0
sz002629,3524,1701,0
sh603980,0,612,0
sz300557,698,2996,0
sz000828,0,0,0
sh600206,53845,142795,5004
sz300432,1345,1503,0
sh603233,0,388,0
sz300664,11620,17192,3335
sz300176,0,271,0
sz002847,0,0,0
sh603799,42854,29770,9091
sz300536,0,0,0
sh600835,3658,4815,0
sz002920,8649,15816,933
sz300277,0,0,0
sz002862,587,481,0
sz002523,5770,13652,0
sz000725,1897138,1673129,0
sh603535,0,0,0
sh601555,0,13677,0
sh600383,19896,68020,0
sh600557,2186,1696,0
sz000617,0,0,0
sz002922,987,2047,0
sz002213,9353,9632,0
sz300390,86752,88621,13727
sh600100,27987,82373,5600
sz002893,4072,486,0
sh600312,3806,1246,0
sz000016,19602,15862,0
sz002275,0,0,0
sh603311,0,0,0
sz300040,0,0,0
sh600160,24413,28211,1082
sh603035,0,0,0
sh600269,7576,9464,0
sz300669,0,0,0
sz002268,34268,10087,1669
sz002138,28586,18621,601
sh600738,0,0,0
sh600615,0,0,0
sz002528,0,0,0
sz000009,28322,12826,0
sz002438,0,0,0
sz002715,0,0,0
sh600211,4149,1788,0
sh601086,4198,10803,1021
sz300446,0,0,0
sz000776,22276,34820,0
sz002162,0,2867,0
sz002092,12684,25684,0
sz300736,1335,1779,0
sh603179,686,0,0
sz300696,5825,4807,1584
sz300414,0,0,0
sz300729,1163,825,0
sz300054,5966,6194,0
sz300023,0,0,0
sz002425,0,0,0
sz002775,10748,38977,0
sh600818,0,0,0
sz000955,23406,39346,0
sz300308,286,327,0
sh603416,0,0,0
sz002348,0,0,0
sz300269,0,0,0
sz300638,768,297,293
sz000799,0,1473,0
sh600456,1186,0,0
sz002185,28236,39992,0
sz300435,0,0,0
sz002233,4834,2127,0
sh600348,11688,8031,0
sz002176,29509,59336,0
sh600606,55502,32947,0
sh600120,1062,1549,0
sz300057,0,0,0
sh603586,0,0,0
sh600419,0,0,0
sh600190,0,0,0
sz000685,0,0,0
sz002810,0,0,0
sz300252,2933,1074,0
sz300605,368,0,0
sh600114,800,855,0
sz300570,550,0,654
sz000826,6844,4368,0
sh600600,7431,917,0
sz000929,0,0,0
sh600601,15552,3311,0
sz002177,0,5454,0
sh603859,0,0,0
sh600097,0,0,0
sh603011,0,0,0
sz000733,1803,6602,0
sz000559,0,7511,0
sz002608,0,0,0
sh600612,668,0,0
sh600105,6733,3783,0
sh603286,0,631,0
sh600975,9831,12102,0
sz000608,0,0,0
sh600385,0,0,0
sh600137,0,0,0
sz000988,658,6024,0
sz300725,1425,1255,0
sh603890,2006,632,0
sz002719,0,0,0
sh601515,0,0,0
sz000157,3700,3738,0
sz300653,0,1243,0
sz002669,1817,530,0
sz300046,0,1332,0
sh603776,332,736,0
sh603117,0,0,0
sz000821,0,0,0
sh603320,0,0,0
sz300415,0,0,0
sz002499,0,0,0
sz000989,1072,2706,591
sz300376,0,4996,0
sh601288,766726,1089701,0
sh603189,0,707,0
sz002492,2016,0,0
sz000923,0,493,0
sh600493,0,0,0
sz300216,37630,50918,878
sh600525,22282,35383,2001
sh600706,0,0,0
sz002554,15709,0,0
sh601108,1885,10688,892
sh603020,0,0,0
sz002734,417,1381,0
sz002727,4426,3715,0
sh603507,0,0,0
sz300147,0,0,0
sh600630,3105,0,0
sz300654,0,0,0
sz000667,0,0,0
sz300288,446,1604,0
sh600025,39112,41841,0
sh600578,3981,0,0
sz002809,0,0,0
sz300480,713,15847,0
sh600678,0,0,0
sz002740,0,0,0
sh601228,11349,1869,0
sh600800,0,0,0
sh603886,577,0,0
sz000670,17953,21493,0
sh600703,60677,62042,2767
sh600640,0,1097,0
sh600186,0,0,0
sz002701,0,5046,0
sh603363,41563,37470,4774
sz002926,16153,17892,0
sz002070,0,0,0
sz002353,6072,927,787
sz002672,4072,2762,0
sz002766,1328,0,0
sz002029,0,0,0
sz002685,0,1063,0
sh603399,3510,10058,0
sh600805,0,0,0
sz300496,21348,33425,3483
sz002130,0,2000,0
sh600119,3405,974,0
sz002840,0,0,0
sz300338,0,0,0
sz002863,1562,1126,0
sh603656,0,0,0
sh600860,0,0,0
sz000758,1911,4226,0
sz000728,4491,16695,0
sh600339,6910,3640,0
sz300493,28007,27543,2845
sh603589,1413,713,0
sz300507,9092,7678,1769
sz002319,800,0,0
sz300617,0,0,0
sh600977,0,1327,0
sz300671,0,0,304
sh600597,1004,5601,0
sz300326,0,2056,0
sh600809,7356,3529,0
sh601677,0,0,0
sz002853,0,0,0
sh601229,3930,19685,1169
sz300267,7332,1735,0
sz300566,0,391,0
sz000892,0,0,0
sh600605,0,0,0
sz002521,0,4125,0
sz000657,1099,0,0
sh600391,2231,8229,0
sz300073,7177,14474,0
sh601799,0,0,0
sz002763,0,0,0
sz002686,0,0,0
sh601877,8777,5955,0
sh600888,0,0,0
sz300191,0,11514,0
sz000937,0,6181,0
sz300626,0,0,0
sh600495,0,2236,0
sh601018,7641,0,0
sz002837,0,538,0
sz300083,15814,21681,0
sh603056,9580,9885,591
sh600270,11321,3607,0
sz002282,0,0,0
sh600619,0,1024,0
sh600797,20993,48211,1519
sh603819,0,0,0
sz002892,0,0,0
sz300093,0,0,0
sz002032,1093,2244,0
sz300324,1948,10449,1308
sz000861,0,0,0
sz002776,0,1683,0
sz002913,0,797,0
sh600335,0,0,0
sz300429,600,787,0
sz000420,0,4135,0
sz002281,26246,16909,4197
sz300020,7030,10433,0
sz300682,13442,22736,1483
sz000533,34003,92161,0
sz002755,0,0,0
sh600896,5811,8333,0
sz300017,378466,396928,24866
sh600551,0,0,0
sz300371,0,0,0
sh600033,0,2992,0
sz300245,0,1533,0
sz002605,0,2003,0
sz002527,0,0,0
sz002705,0,0,0
sz300384,0,0,0
sz300210,0,0,0
sh601886,0,0,0
sz300658,1000,0,0
sz002583,980,0,0
sz002379,0,0,0
sh600624,0,3842,0
sz002064,0,0,0
sh601668,103891,151177,2326
sh603939,409,0,0
sh600882,0,0,0
sz002342,2501,4073,0
sz300394,0,600,0
sz000597,0,0,0
sh600459,0,0,0
sz002498,0,0,0
sz002011,0,1648,0
sz300483,0,0,0
sz300693,1375,0,0
sz000906,0,8626,0
sz300375,0,0,0
sh603157,0,0,0
sh603086,0,0,0
sh603139,478,0,0
sz002174,4517,8520,0
sh600573,0,0,0
sz000002,71391,63967,6026
sz002153,7637,13735,1904
sz300442,0,0,0
sh600689,825,7787,0
sz002821,1420,320,0
sz002923,6098,1904,0
sh603818,0,0,0
sz000005,0,5781,0
sh601166,90502,134449,763
sh603978,0,716,0
sh600292,0,1527,0
sz002387,0,0,0
sh600389,0,4528,0
sz002053,0,0,0
sh601965,0,0,0
sh600064,733,2969,0
sz002429,3911,11192,0
sh600198,4126,9703,0
sz002829,0,721,0
sh603366,0,0,0
sh600240,0,2400,0
sh603668,0,0,0
sz002410,9625,9588,0
sh603637,0,1536,0
sz002718,0,0,0
sh600446,4161,10570,1048
sz002361,0,0,0
sz002869,0,754,0
sh600683,0,0,0
sh600917,0,0,0
sz002187,0,0,0
sh603767,10930,3494,0
sh603798,0,0,0
sz300559,0,0,0
sh600966,0,1996,0
sz000789,95838,54574,847
sh600520,2140,2441,0
sz300675,1862,2273,0
sh603987,0,0,0
sz300547,0,0,0
sh600599,0,0,0
sz000738,9378,20656,0
sz002405,76598,135622,4653
sz300064,8852,0,0
sz000708,0,0,0
sh600844,0,0,0
sz000650,0,5000,0
sh600306,0,4890,0
sz002820,0,0,0
sz300543,0,0,0
sz002671,14925,0,0
sh600273,3203,1482,0
sz002043,0,4105,0
sz300162,1751,7567,0
sh600552,0,0,0
sh601168,8913,15561,0
sz300447,0,0,0
sh600233,0,0,0
sh603128,51748,145090,0
sz300065,1802,5171,802
sh603615,0,0,0
sh600090,3075,0,0
sz300124,21839,23667,1525
sz000971,800,2231,0
sz000338,110916,88789,0
sz002454,0,2255,0
sh600939,0,0,0
sz300476,4249,8861,0
sh600617,0,0,0
sh601163,0,0,0
sz000897,0,0,0
sh600468,0,0,0
sh601866,0,8392,0
sz002051,1582,1001,0
sz300383,93281,114017,4262
sh601798,0,0,0
sz000421,0,0,0
sz002675,16516,13641,0
sh600218,0,0,0
sz002861,0,0,0
sz000868,3934,15179,0
sz300303,0,0,0
sh600981,0,2032,0
sz000810,2242,0,0
sz002722,0,2903,805
sh600658,0,0,0
sh600231,0,4000,0
sh603015,0,0,0
sz002316,0,1116,0
sh600623,1107,1007,0
sz002875,439,0,0
sh600745,1352,3095,0
sz002732,0,0,0
sz300590,469,1976,0
sh600187,0,34597,3307
sz300237,0,1000,0
sh603916,1513,1499,0
sz002449,570,1885,0
sh603131,0,0,0
sz002758,1000,2906,0
sh600325,8262,32470,0
sz300670,0,3287,0
sz002065,37503,64859,1528
sh600781,0,0,0
sh603456,1201,1313,0
sz300484,0,0,0
sz300274,17190,13418,2554
sz002102,0,15470,0
sh600629,0,0,0
sh600230,2624,2281,0
sz000678,0,0,0
sh603600,0,0,0
sz300013,0,1607,0
sz002037,0,845,0
sz002518,0,2389,0
sz002237,14265,21125,1075
sh600765,1987,10430,0
sz300489,0,0,0
sh600183,14124,34578,803
sz000978,0,1394,0
sz000517,15127,2832,0
sh603826,729,0,0
sz300716,0,1055,0
sh600115,5925,17843,0
sh600660,536,7569,0
sz000513,884,2325,357
sh600486,419,543,0
sz002290,0,0,0
sz000676,1221,1264,0
sh603803,31033,101357,871
sz002742,7064,13265,0
sh601198,2813,2276,963
sh600958,1277,5122,0
sz300068,1010,4020,0
sh603358,0,0,0
sz300545,0,0,172
sz300219,0,0,0
sz002025,8521,7064,0
sz300328,0,8554,0
sh603699,0,0,0
sh601599,0,0,0
sz000813,1200,0,0
sh601005,0,23940,0
sz002369,0,12483,0
sh600657,0,9169,0
sh600603,0,0,0
sh601890,3130,0,0
sh600548,0,2734,0
sz002501,0,0,0
sz002549,0,1543,0
sz002558,0,1262,0
sz000767,0,0,0
sz002027,232490,330425,9388
sh600489,152314,127978,18165
sz300584,3810,4189,0
sh600081,0,0,0
sz002811,0,0,0
sh603239,0,0,0
sz002325,0,0,0
sz300242,0,0,0
sz300069,1280,0,0
sz002723,0,0,0
sh600295,0,1248,0
sz002340,89884,134309,1657
sh601500,0,0,0
sz300499,0,0,0
sz000918,0,2298,0
sh600350,2210,12691,0
sz002459,0,888,0
sz002639,0,0,0
sz002641,0,0,0
sh600586,0,0,0
sz300533,0,0,0
sz300379,0,0,0
sz000965,0,2069,0
sz002502,0,0,0
sh600192,0,0,0
sh603099,0,0,0
sh600251,5074,1740,0
sz000547,232947,201387,24174
sz002828,1714,1726,0
sh600824,0,0,0
sz300171,0,0,0
sz000935,1251,5665,650
sh600744,0,0,0
sz300026,8266,0,0
sh603021,0,0,0
sh600298,2895,3438,0
sz002270,0,0,0
sz300152,0,5707,0
sh600677,0,2330,0
sz002876,0,0,0
sz002314,0,1758,0
sz002144,0,0,0
sh600152,0,0,0
sh603701,0,0,0
sz000693,0,0,0
sh600748,0,0,0
sz300140,2822,905,0
sz002678,0,0,0
sh600016,170763,135730,0
sz300579,470,2062,0
sz002852,0,0,0
sh600992,0,0,0
sz300591,2447,0,0
sh600988,186020,200688,14741
sh600222,17835,83082,0
sz002435,0,0,0
sh600362,6422,18599,0
sh600593,0,0,0
sh600502,0,0,0
sz002206,0,0,0
sh603098,0,0,0
sz000662,1726,1232,0
sh600331,2563,0,0
sz002653,0,0,0
sh601628,1833,1703,0
sh600743,0,0,0
sz002191,16056,12127,0
sz300637,0,3518,0
sz002097,0,0,0
sz300535,0,1553,0
sz300150,0,0,0
sz002529,1514,799,0
sh603989,0,301,0
sz002125,0,0,0
sz300552,0,0,0
sh600303,0,0,0
sh603042,0,1218,456
sh600641,0,5780,0
sz002044,1815,1230,0
sh603000,2287,3614,0
sh603365,0,491,0
sh600724,0,0,0
sz002556,0,3960,0
sh600570,85690,71639,9256
sh603658,1854,773,0
sz300316,22806,22375,599
sz300149,700,3860,0
sz002124,0,1159,0
sz000078,6399,16770,2066
sz002277,0,0,0
sz002698,0,0,0
sz000818,7722,3688,785
sh603569,0,0,0
sz300391,0,0,0
sz000524,0,0,0
sz002432,0,23707,0
sz000922,0,0,0
sz000501,0,2578,0
sz002843,0,787,0
sz000059,0,11555,0
sh601200,1657,0,0
sh601801,0,2318,0
sz000568,23464,13411,3269
sh603229,594,634,0
sz002491,4256,5591,0
sh603005,818,2332,648
sh603856,596,1508,0
sz000166,2285,8704,0
sh600128,0,0,0
sz300509,0,0,0
sh600007,0,0,0
sz300209,0,0,0
sz300234,0,0,0
sz300135,3967,0,0
sz002538,0,0,0
sh600141,1000,3313,0
sz002717,7312,4076,649
sz000972,0,0,0
sh600783,0,1776,0
sh601137,0,0,0
sz300153,0,0,0
sz000880,0,0,0
sz300193,0,0,0
sz300094,1620,2085,0
sz300665,0,562,0
sh601088,5860,17677,0
sz000425,35628,72602,0
sh603778,0,1796,0
sz002590,1806,2142,0
sz002273,6713,13331,657
sz002859,1257,819,0
sh600279,0,1919,0
sz002481,0,0,0
sz002614,0,0,0
sz300713,148,327,0
sz000012,1552,2888,0
sh600463,0,0,0
sh600271,190798,171720,15757
sh603567,0,0,0
sh603970,4387,3341,337
sh600986,0,3080,0
sz002171,0,1581,0
sz300271,8566,17067,0
sz002891,0,0,0
sz002155,29223,30753,0
sz300112,3220,1998,0
sh600223,0,6500,0
sh603639,0,0,0
sh600197,542,0,0
sz300233,1108,686,748
sz002170,0,0,0
sh603079,0,920,0
sz002215,3089,3548,0
sh600516,70391,103694,12231
sz000777,0,883,0
sh603959,500,0,0
sz300649,406,0,0
sh603385,1010,700,0
sh603626,0,0,0
sh600510,0,0,0
sh603686,0,0,0
sh603336,24380,73649,3301
sh601777,0,0,0
sz300256,1884,0,0
sz002240,677,730,0
sz300422,1000,0,0
sz300232,1024,2353,0
sz300403,0,2023,1005
sh600770,5685,2911,0
sz000735,105187,108374,11069
sh601882,960,1037,0
sh601126,0,0,0
sz300050,1186,4746,0
sh600590,0,0,0
sz002288,2980,5261,0
sh600249,0,2078,0
sz002760,0,549,0
sh601900,0,1177,0
sh600505,0,0,0
sz300178,0,0,0
sz000623,4088,5215,0
sz002107,0,0,0
sz000572,23214,0,0
sz000402,0,17813,0
sh603200,0,0,0
sz000983,0,9128,0
sh601069,131808,120015,20294
sz300246,3159,518,0
sh600108,10114,10986,0
sz300172,0,0,0
sh600854,0,0,0
sh603660,0,400,0
sh600831,0,0,0
sh601111,86986,70610,0
sh601518,0,0,0
sh600232,0,0,0
sz002730,0,0,0
sh601016,0,15069,0
sz002433,2397,2435,0
sz000936,63686,35148,4463
sz300456,405,300,490
sz300612,208,1587,279
sh600395,0,0,0
sz300398,0,3237,0
sz300603,15632,8358,324
sz300062,0,0,0
sz002907,34824,34448,2501
sz300519,0,0,0
sz002151,7585,23537,2654
sz300206,6381,10602,0
sh600732,0,0,0
sz002677,677,930,0
sh600543,0,0,0
sz300199,1539,2534,0
sh600775,1847,1397,0
sh600545,1903,0,0
sz002023,3861,14785,0
sh600742,0,0,0
sz300529,653,1734,0
sz002707,0,809,0
sh601001,0,2520,0
sz300548,8809,7920,6162
sz300599,0,0,0
sz300666,6568,15301,2137
sz002269,0,0,0
sh601015,0,1633,0
sh600693,0,0,0
sh603788,0,0,0
sh603861,0,0,0
sz002192,8448,5368,456
sh600388,1530,4516,0
sz002062,0,2327,0
sz002890,0,0,0
sz002663,0,2416,0
sz000980,0,2735,0
sz300336,13009,9816,0
sz000782,0,1534,0
sz002014,0,0,0
sz000651,82254,59462,8081
sh600999,1496,2729,0
sz002612,0,0,0
sz000895,4615,5697,0
sz000858,99509,99926,8269
sz002667,0,0,0
sz000619,6800,0,0
sz300211,0,0,0
sz000027,1721,2000,0
sz300343,1810,778,0
sh600023,2033,0,0
sz300334,1995,1654,0
sz002179,4010,3578,0
sz002477,23522,70668,0
sh600329,1723,0,0
sh603368,0,1244,0
sz000898,14479,19884,0
sh600634,9385,9555,0
sz300145,0,3704,0
sz002539,0,1829,0
sz000783,0,1585,0
sh600747,0,0,0
sz300399,0,3481,0
sz300182,15496,55593,0
sh601608,6000,0,0
sh600773,1301,2096,0
sz000739,5327,2089,0
sz300126,0,0,0
sh603316,0,0,0
sz000567,4326,4251,0
sz002238,0,0,0
sh600107,0,0,0
sz000043,0,0,0
sz300264,1800,0,0
sh603214,0,0,0
sz002073,0,3193,0
sh603698,0,0,0
sz000876,6776,19143,0
sz300387,0,0,0
sz300629,867,335,0
sh603329,7387,5429,0
sz000565,1510,0,0
sz300401,2406,3285,402
sz000631,0,5857,0
sh600299,1875,861,0
sz300377,24182,27549,769
sz002679,0,0,0
sh603848,792,0,0
sz002236,25179,18891,1328
sh600462,13702,10382,0
sz002013,10320,16283,0
sz002069,0,0,0
sz000953,0,2024,0
sh603858,1171,655,0
sh600532,6487,2075,0
sh603322,2582,4004,0
sh601918,7708,0,0
sh600876,0,0,0
sz300419,0,0,1603
sz300022,0,0,0
sz002503,0,4581,0
sz002526,1698,0,0
sz300644,864,507,0
sh600694,0,302,0
sz300028,0,2620,0
sh600563,1615,1965,0
sh600301,0,0,0
sz300382,0,0,0
sz300470,240,0,0
sh600864,0,3000,0
sz300427,1471,0,0
sz300268,0,0,0
sz002242,0,0,0
sz002008,8086,11049,600
sz002908,0,945,0
sh601999,0,0,0
sh600993,1000,1358,0
sz300184,3120,0,0
sz300495,9477,710,0
sh600283,0,0,0
sz000683,0,16974,0
sz300297,2492,1234,0
sz002611,0,2323,0
sz002068,0,6911,0
sz300407,0,0,0
sh601377,8280,10133,0
sh600862,0,0,0
sh600216,4608,7679,0
sz000909,0,0,0
sz002358,700,900,0
sz002382,4021,10786,0
sz300117,0,4780,0
sh600089,9541,29627,0
sz002457,3157,8907,0
sz300592,0,0,0
sh603958,0,846,1002
sz002363,0,0,0
sh603800,2561,0,0
sh600444,1327,812,0
sz002884,700,0,0
sh603319,0,0,0
sz002026,0,0,0
sz002224,0,0,0
sz000682,12691,2587,0
sh600370,0,0,0
sz002421,0,17391,0
sh603809,481,0,0
sz002548,0,0,0
sh600289,0,0,0
sz300121,0,0,0
sh603990,0,0,0
sh603444,457,873,152
sz002058,0,0,0
sh600317,5869,0,0
sz300437,0,0,0
sh600096,0,8171,0
sz002472,1173,2719,0
sz002550,0,3796,0
sh600609,0,0,0
sz300104,255789,339793,0
sh600820,3363,12372,0
sz002031,0,7055,0
sz002077,0,0,0
sh600155,0,2001,0
sz000687,1003,2254,0
sh600272,0,0,0
sz002231,0,0,0
sh603726,0,0,0
sh600621,56927,11431,4292
sh601800,8821,7903,0
sz002376,4639,637,0
sz002752,0,1500,0
sh600291,3538,3991,0
sz002280,1482,12331,0
sz002222,1510,4465,0
sh600848,29502,14110,1074
sz002443,0,0,0
sh603387,901,638,0
sh600074,0,0,0
sh600377,0,0,0
sh601958,1540,0,0
sh600587,23916,4036,0
sh600199,0,1864,0
sz300706,1219,1582,0
sz002079,14610,18111,0
sz000055,6066,15406,0
sz300702,606,0,0
sh603129,412,0,0
sz300632,4990,11197,0
sh603617,0,0,0
sh600791,0,0,0
sz000993,1595,0,0
sz300466,5407,2063,0
sz300008,4955,3080,0
sz000557,0,0,0
sz300395,0,0,0
sh600982,0,0,0
sh600845,5545,5949,0
sh603077,26249,10001,0
sh600354,25435,26244,0
sz002660,0,0,0
sh600088,0,814,0
sh600373,2404,2552,1009
sz002409,5213,3081,0
sz300059,314430,398891,32892
sz002565,0,0,0
sz300703,437,0,0
sz000596,280,199,0
sz300697,915,0,0
sh603602,0,1719,0
sz300587,0,0,0
sz300190,0,1000,0
sz300647,550,1935,0
sz300164,1700,6072,0
sh600721,1334,1269,0
sh603227,0,0,0
sh603718,0,97161,0
sz002440,5470,8948,0
sz002311,2593,1356,593
sz300609,332,310,0
sz002180,501,435,0
sz002782,1641,1823,0
sz300458,425,2827,0
sz002901,1056,0,0
sz000705,0,0,0
sz002823,0,0,0
sz300029,0,0,0
sz300551,0,0,0
sz000418,317,0,0
sh600067,0,1910,0
sz300185,7599,0,0
sh601211,3597,10849,0
sz002430,3181,4076,1049
sz000519,1154,7995,0
sh600490,1483,6912,0
sz002700,1731,0,0
sh600378,0,900,0
sh600352,22955,28077,1004
sh600507,27273,37110,4065
sh600209,24791,23777,0
sz300010,20551,17941,0
sh600316,1380,3610,0
sh600178,0,0,0
sz300154,0,0,0
sz002805,0,0,0
sz300679,277,353,154
sh600091,0,0,0
sh600015,7898,11972,2731
sz002078,2007,3212,0
sz300353,94642,104893,17980
sz000410,7625,14458,930
sz000008,1778,9977,0
sh601113,8337,2056,0
sz002731,0,0,0
sh601808,1968,1138,0
sz002785,0,1470,0
sz002372,490,2523,0
sh603703,0,0,0
sz300263,3403,10407,0
sz300389,0,0,0
sz000627,0,0,0
sh603727,4667,42698,0
sz002397,4676,3946,0
sh600326,0,0,0
sz300613,1022,491,0
sz002855,0,0,0
