sh600482,512,0,0
sz002478,0,0,0
sz002301,1200,0,0
sz002623,0,0,0
sh600405,0,3352,0
sz002539,0,0,0
sz300460,0,0,0
sz000828,5691,3047,0
sh600343,958,0,0
sz002434,0,0,0
sh601700,0,0,0
sz300302,0,1983,0
sh601991,35191,35438,0
sh600243,0,0,0
sh600717,2004,4796,0
sz000712,19068,6237,0
sz300498,13710,32095,548
sh600846,23039,11431,1024
sz000982,0,0,0
sh600802,1829,3828,0
sz002560,0,0,0
sz002407,639,0,546
sh601208,0,0,0
sz002394,0,1194,0
sz000400,0,826,0
sh601231,0,0,0
sh600718,1576,5560,0
sh600235,0,0,0
sh603117,0,0,0
sz002696,0,0,0
sz300197,0,1799,0
sz002239,0,3809,0
sz000587,28210,31364,6108
sh600748,2091,5682,0
sz002447,160879,155211,2009
sh600476,0,678,0
sz300156,878527,242117,10493
sh600246,0,0,0
sz000890,0,0,0
sh601000,57211,75864,0
sz002105,0,0,0
sz000861,0,3960,0
sz000581,21613,21953,1116
sh600088,0,0,0
sz002321,186629,32899,843
sh600715,42782,7788,0
sh600897,0,1895,0
sz300736,0,8176,0
sz300211,0,0,0
sz002086,0,0,0
sz300231,0,0,0
sz000999,2087,423,0
sz002641,0,0,0
sh603609,0,0,0
sh600595,4003,5789,0
sz002542,19178,1754,0
sz300113,659,2132,0
sh600096,1371,3826,0
sz002202,25176,31863,1139
sh600648,1000,680,0
sz002687,5538,2100,0
sz002662,0,0,0
sh601678,28802,31491,0
sh601808,10868,19587,0
sh600857,0,0,0
sh601818,2439932,2026078,35725
sh603617,0,476,0
sh600369,59247,29445,0
sz300433,4091,3089,0
sz002698,0,1272,0
sz002433,0,2000,0
sh603903,0,0,0
sz002328,0,0,0
sh600367,0,1174,0
sh601111,240671,147411,5265
sz000639,0,0,0
sh600053,0,496,0
sz300039,0,6500,0
sh601211,162192,117803,2202
sz300256,0,0,0
sz300005,0,0,0
sh600975,0,0,0
sz000936,3253,0,0
sz002224,1315,0,0
sz002595,572,0,0
sz002235,63895,85779,2687
sh600069,3482,3547,0
sz300600,0,0,0
sz300539,1013,0,0
sz002267,0,1550,0
sz300342,0,0,0
sh603766,0,9367,0
sz000830,38696,64790,6219
sz002300,8441,2670,0
sz300282,0,0,0
sh603165,1407,745,0
sh600605,0,0,0
sz300011,0,0,0
sz002841,0,0,0
sz002101,0,0,0
sz002236,128373,62772,4270
sz000977,10136,7641,0
sz002548,0,0,0
sh601318,654800,691052,73362
sh600721,0,0,0
sz000736,0,0,0
sh600110,20849,53663,0
sz002787,0,0,0
sz300335,0,1505,0
sz300381,921,1500,0
sz002561,0,1433,0
sh600293,0,0,0
sh603208,0,0,0
sz000783,184982,96595,1540
sz002843,0,573,0
sz002822,10549,6902,10373
sh603456,1828,0,0
sz002014,0,0,0
sz002404,0,0,0
sz002251,21097,2793,0
sh600686,0,13374,0
sz002412,0,0,0
sz300415,0,771,0
sz002877,0,0,0
sz300236,3094,1177,900
sz300519,0,0,0
sz000875,0,4000,0
sh603919,751,0,0
sh600287,0,0,0
sh600793,0,0,0
sh600747,0,0,0
sz300148,0,1707,0
sz000709,252507,265390,0
sz300296,0,4224,0
sh600973,0,0,0
sz300716,413,768,0
sh603083,1077,2295,0
sz002022,782,0,0
sh600010,57745,97440,0
sz300414,0,0,0
sh600699,2814,10035,0
sh600015,381160,190760,0
sz002322,0,1743,0
sz300679,118,107,131
sz002577,0,0,0
sh600469,0,0,0
sz300141,0,0,0
sh600527,0,0,0
sh603367,1498,2103,0
sz000791,0,0,0
sz300106,0,0,0
sz300713,120,193,0
sz002624,2447,896,0
sh601992,126219,75619,0
sh600350,43398,31633,0
sz002443,7000,0,0
sz300248,0,0,0
sh600526,0,1611,0
sz300003,5893,5379,0
sz300265,0,0,0
sh600603,0,0,0
sh603866,0,0,0
sz000899,0,0,0
sh603500,0,0,0
sh600231,23856,18261,0
sz002177,3563,2552,0
sz002820,0,0,0
sz002925,0,0,0
sz002198,870,0,0
sz000159,0,0,0
sz000088,0,7915,0
sz300026,14745,0,0
sh600055,0,3540,0
sh600701,2745,4321,0
sz300180,850,0,0
sh600894,0,1181,0
sh603396,275,226,0
sz000078,4521,30105,0
sz002677,0,0,0
sz002227,0,0,0
sz000683,17172,92598,0
sh600662,0,0,0
sh600860,0,0,0
sh600387,0,3499,0
sh600307,27309,75945,0
sh600770,0,10468,0
sz000786,16762,56445,514
sh600926,192248,175112,11625
sh600790,0,0,0
sz300108,0,0,0
sz300530,0,0,0
sh603602,0,0,0
sz300463,0,0,0
sh601858,0,0,0
sh600879,77876,34267,0
sz000818,1950,3687,0
sh601375,258064,151802,8091
sh603806,400,0,0
sz002576,1463,2313,0
sz300188,2153,0,0
sh603030,0,0,0
sz002538,6342,0,0
sh600252,10000,20030,0
sz000525,0,7434,0
sh600278,0,0,0
sz002248,0,16385,0
sz002206,0,0,0
sh600433,2240,11285,0
sh600546,27395,25001,0
sz300344,1179,1069,0
sz000410,2063,1147,0
sz300420,0,0,0
sz300579,0,0,0
sz300610,0,0,0
sh600115,186306,206920,0
sz000811,2000,2000,0
sh600190,0,4202,0
sz300608,0,0,0
sz002629,0,1824,0
sz002278,17168,0,3020
sz300635,2328,636,0
sz002293,1152,718,0
sz300279,0,0,0
sh601258,13751,20565,0
sz000797,0,0,0
sz000554,1707,6201,0
sh600301,0,0,0
sz002685,0,0,0
sz002668,7709,12738,0
sh603606,0,0,0
sz300563,0,0,0
sz002253,0,651,0
sz002079,1779,7306,0
sz000955,1700,0,0
sh601218,8840,0,0
sh600396,0,0,0
sh600383,151595,208962,12259
sh603908,0,0,0
sz300015,3476,6420,0
sh600839,37245,17942,0
sz000632,0,0,0
sh600050,898913,778722,5726
sz300494,0,0,0
sh603258,0,0,0
sz000892,0,0,0
sh600228,3325,885,0
sz002451,0,0,0
sz002464,2218,0,0
sh600868,0,27801,0
sz002361,0,0,0
sz002324,11292,532,0
sz300330,0,0,0
sz002194,0,1275,0
sz300640,0,0,0
sz002134,0,0,0
sh600288,0,1675,0
sh600083,550,537,0
sh603161,4490,1809,482
sz300388,0,0,0
sz002530,0,466,0
sz000721,0,2264,0
sz300348,0,1669,0
sz000937,5749,17451,0
sz300527,0,511,0
sh600007,0,0,0
sz300562,0,0,0
sz002367,1456,3550,0
sh603838,0,0,0
sz000738,850,0,0
sz300318,0,0,1792
sz000975,695,755,0
sh600004,9727,9262,0
sh600822,18426,6882,0
sz002587,2069,5728,0
sz002228,0,2558,0
sz002755,0,0,0
sh600575,3017,0,0
sh603233,0,0,0
sz000723,9840,4885,0
sh600674,23395,17246,0
sz000789,69696,79294,7867
sh603178,0,0,0
sh603778,0,0,0
sz002436,0,0,0
sz000338,75238,84154,1254
sz300662,0,0,0
sz002130,0,0,0
sz002099,0,0,0
sh600258,2012,5229,0
sh603686,0,0,0
sz000925,0,0,0
sz000911,1242,0,0
sh600886,27677,44328,0
sz002679,0,0,0
sz002373,1011,761,0
sz300258,0,0,0
sz000096,0,0,0
sz300158,1349,0,0
sz300243,0,0,0
sz300238,0,458,0
sz300667,329,0,0
sz300029,0,0,0
sz002645,0,0,0
sh603378,0,2672,0
sh600705,141359,60792,0
sh600766,0,0,0
sz002501,3004,2400,0
sh603898,333,378,0
sz000661,566,709,145
sz002806,0,0,0
sz002142,92362,76003,4302
sz300685,173,179,0
sh603536,0,0,0
sh603123,0,0,0
sh600724,2798,0,0
sz002663,22468,2066,0
sh601968,0,0,0
sz002121,2749,14640,0
sh603557,0,0,0
sh603160,200,647,0
sz300007,0,0,0
sz300678,523,0,0
sz002772,0,0,0
sz000856,3158,1205,0
sz002790,0,0,0
sz300505,0,0,0
sh603515,1009,0,0
sz300025,0,0,0
sz300120,0,0,0
sh600120,0,945,0
sh601126,0,0,0
sz000597,1503,6176,0
sh600098,2000,0,0
sz000545,0,2729,0
sh601558,0,8289,0
sz300430,0,0,0
sh603501,936,1142,0
sh601288,2166693,1993651,0
sh600023,2470,36219,0
sh600990,257,2308,0
sh600268,0,0,0
sz000869,713,527,0
sz300535,0,0,0
sz000877,54627,39678,6314
sh600528,4453,8587,1698
sh600510,0,0,0
sz300436,0,0,0
sz002675,0,3117,0
sh600169,0,17951,0
sz002242,723,697,0
sz002187,0,1061,0
sz002104,6940,4334,0
sz300121,700,0,0
sh601233,12605,11639,0
sz000686,59968,37339,0
sh600022,312927,123104,0
sz002700,0,0,0
sz300512,0,0,0
sz000677,0,0,0
sh600679,0,0,0
sz002835,0,0,0
sh601518,0,0,0
sz000523,0,0,0
sh601398,1366629,1561504,20487
sz002879,13030,9359,6224
sh603055,615,1485,0
sz002188,0,2936,0
sz002132,0,0,0
sz002296,14830,5536,0
sz002161,1705,1211,0
sz000551,0,0,0
sz002090,0,0,0
sz002555,0,0,0
sz300558,433,400,0
sz300717,0,0,0
sz000038,0,0,0
sh603659,0,770,248
sh600505,7104,1783,0
sh603959,0,416,0
sz002016,7084,13602,0
sz002003,1000,4550,0
sz002178,0,678,0
sh603283,6422,6066,333
sz002729,0,352,0
sz300663,22513,54260,1958
sz002036,0,5795,0
sh601588,1905,12309,0
sh601618,11136,47824,0
sh603318,0,895,0
sh603223,0,0,0
sz002633,0,0,0
sh603758,1600,0,0
sz002191,2419,1525,0
sh603507,0,528,0
sh603369,2628,10610,3754
sz300073,0,1986,0
sz002671,0,0,0
sz300222,0,730,0
sh600823,120834,108962,0
sz000735,15546,32191,0
sz002445,900,1500,0
sz000065,0,3776,0
sz000868,21260,52084,2565
sz000404,0,0,0
sh600704,5260,7168,0
sz300157,18141,7621,0
sz300605,0,0,0
sz000698,0,0,0
sz300419,0,0,0
sh600312,3486,2817,0
sz002429,7855,32174,0
sz002096,0,0,0
sz002304,6394,3611,332
sz300477,0,1023,0
sh601666,75135,66516,2242
sz000893,2525,0,0
sz002611,0,917,0
sz300553,0,0,0
sz300638,0,0,0
sz002289,1271,3815,0
sz300556,811,0,0
sh600052,0,5000,0
sz000993,0,0,0
sh600710,0,0,0
sz002208,0,0,0
sz002830,0,0,0
sz300409,1399,2159,0
sh603158,0,753,0
sz002234,1000,0,0
sz002846,1130,0,0
sz002901,1318,572,0
sz002918,436,646,183
sz300631,940,594,406
sz002813,0,0,0
sh603488,2107,0,0
sz002917,16461,9896,515
sh600282,248043,164408,4790
sh603069,2844,1086,0
sh600066,13540,20921,0
sh600697,0,0,0
sz300088,26939,55582,0
sh603316,0,0,0
sz002833,200,0,0
sz000504,923,0,0
sh600900,25659,45444,0
sz002060,0,0,0
sz000926,23969,30150,0
sz300203,0,541,0
sz000622,10499,24134,0
sh600260,5439,2145,0
sz002241,18370,58107,0
sz300085,1044,0,0
sz002749,0,0,0
sz000963,1969,1379,0
sz300725,661,1767,0
sz000150,0,0,0
sz002093,1904,0,0
sz000061,0,0,0
sz000968,0,0,0
sh600127,0,0,0
sh600835,1281,8497,0
sh601919,47984,38623,0
sz000826,3837,4299,0
sh601128,285895,148938,7816
sz002162,0,0,0
sh600667,1240,18339,0
sh600416,0,3000,0
sz002661,0,0,0
sz002054,2000,3316,0
sz002829,0,0,0
sz300304,0,3276,0
sh601616,0,2628,0
sz002599,0,0,0
sz002570,2000,3899,0
sz000958,4679,0,0
sz300068,1043,11128,0
sz300118,0,1082,0
sz002823,0,700,0
sh603808,2155,0,0
sz000897,0,12780,0
sz000951,589,1218,0
sz300179,0,0,0
sz300396,0,0,0
sz300488,0,0,0
sz000521,0,0,0
sh600720,18806,17377,0
sh603729,0,194,0
sz300133,0,2184,0
sz002009,5200,1771,0
sh603003,0,0,0
sz002309,0,3786,0
sz000670,2191,0,0
sh601238,5518,441,0
sz300305,0,0,0
sz002585,0,0,0
sz300658,0,0,0
sh603380,0,0,0
sh600654,0,7229,0
sz300336,950,0,0
sz300044,1321,0,0
sz002727,2528,10069,0
sh600732,0,0,0
sh600997,3850,3000,0
sz000584,1000,753,0
sz002745,0,0,0
sz002839,83699,213429,30143
sz300639,608,0,205
sz002292,0,0,0
sz300653,0,0,0
sz000042,0,0,0
sh601018,1857,4914,0
sh603108,0,5080,0
sz300586,400,0,0
sz300536,6953,2714,0
sh600525,1666,713,0
sz002807,195395,258073,15849
sh603996,0,0,0
sz002220,0,0,0
sz000333,63793,91886,4084
sz000505,0,1456,0
sh600768,0,0,0
sh600255,0,0,0
sz002038,367,3307,0
sh603339,0,0,0
sh600033,5752,21893,0
sh600702,5226,2084,272
sz300105,0,0,0
sz000957,1028,1447,0
sh600186,0,26000,0
sh603335,864,3090,0
sz002881,0,0,0
sh603607,346,648,0
sz000153,0,0,0
sh600085,5094,2847,0
sh603311,0,0,0
sh600455,0,329,0
sh603386,2152,3247,0
sz002337,0,0,0
sz002441,0,0,0
sz002670,22111,16314,1186
sh600382,0,0,0
sh601117,11954,30330,0
sz300407,1111,843,0
sz002496,20811,6931,0
sh603789,0,0,0
sz300065,1953,0,0
sh603955,0,0,0
sh603825,0,0,0
sh603527,0,471,0
sh603889,800,0,0
sz002693,0,0,0
sz000089,4012,14205,0
sh600754,635,2146,0
sh603180,183,136,0
sz300612,22167,47655,8736
sz000613,0,0,0
sh603668,0,0,0
sz002614,0,0,0
sh601966,0,1500,0
sz300023,0,0,0
sz002615,2935,0,0
sz002766,0,3127,0
sh603331,0,0,0
sz000619,3000,0,0
sh600558,0,2224,0
sz002027,61193,80460,2289
sz002354,2544,6214,0
sz000536,2216,2163,0
sz300575,0,0,0
sz300472,380,0,0
sh600650,0,0,0
sh600390,7880,1879,0
sh603319,0,0,0
sz002125,0,1509,0
sz300387,0,0,0
sz002310,17451,21291,0
sz002286,2149,0,0
sz002880,0,0,0
sh600713,0,0,0
sh600212,6597,1430,0
sh603787,0,0,0
sz300043,0,1739,0
sz300131,0,0,0
sh603678,0,0,0
sz000918,0,4865,0
sz002667,0,0,0
sz002183,0,11759,0
sz300453,0,0,0
sz000016,19659,1551,0
sh603260,3707,4681,0
sz002866,723,985,0
sh600203,1000,0,0
sz000600,10124,1610,0
sz002737,354,315,0
sh600256,54969,35039,0
sz002537,1000,1000,0
sh603011,0,0,0
sh600967,36646,7234,1013
sz000426,8665,5507,0
sh600487,26182,19687,1021
sz300275,0,0,0
sz300474,2059,1237,0
sz000626,0,0,0
sh600075,1508,3583,0
sz002454,2429,0,0
sz002781,0,0,0
sz002533,1515,0,0
sz300276,0,0,0
sz002551,1528,0,0
sz000778,75997,29748,0
sh600054,0,1718,0
sz002503,13672,4708,0
sz300277,0,1377,0
sh600723,0,0,0
sh600776,1334,0,0
sz300620,0,0,0
sz002340,49085,60528,0
sz000952,0,2840,0
sz002049,10595,14559,343
sh600362,51558,59983,0
sh603636,0,0,0
sh603928,737,0,0
sh603559,311,1290,0
sh600460,97746,156382,5657
sh600716,6844,9033,0
sh600122,21403,14963,0
sh603229,0,0,0
sz300320,0,0,0
sz002581,0,898,0
sz000030,0,0,0
sh600502,0,0,0
sh600577,0,0,0
sz000625,23182,23135,0
sh601163,0,0,0
sz002527,0,0,0
sh600308,4545,6448,0
sz002002,1777,2983,0
sz000656,43382,58231,3010
sz300554,2200,1425,1065
sh600195,0,500,0
sh600113,0,0,0
sh601226,0,0,0
sz300699,2643,1448,286
sh603101,0,0,0
sz002605,0,990,0
sh601579,0,0,0
sz300353,0,0,0
sz000777,2740,2134,0
sh600439,4005,10239,0
sz300147,0,1283,0
sz002885,0,0,0
sh600808,240258,233727,0
sh601158,0,0,0
sh600386,0,0,0
sz002085,27135,1982,0
sz002836,0,0,0
sh600810,0,0,0
sz300502,0,0,0
sz300171,0,0,0
sh600640,0,0,0
sh601137,0,0,0
sh603323,125217,64842,12785
sz002155,1592,0,0
sh603968,0,0,0
sh600280,2003,6085,0
sh600408,0,7000,0
sz300442,0,0,0
sz300429,0,0,0
sh600311,0,2660,0
sh601088,218379,169543,5543
sz002474,6486,0,0
sz000568,43696,36660,2313
sh601599,1800,0,2030
sh600215,2590,1192,0
sh600108,11528,20922,0
sh600100,3359,8863,0
sz000043,0,1050,0
sz000776,238148,181561,3096
sz002173,0,0,0
sh603887,0,0,0
sz002691,0,0,0
sh600138,8078,8212,1126
sh603133,0,0,0
sz002448,0,0,0
sh603882,0,0,0
sh600123,12512,10994,0
sz300371,0,0,0
sz002259,14859,4009,0
sh600336,0,0,0
sh600977,930,969,0
sh600626,0,0,0
sz300164,1500,0,0
sh603788,0,0,0
sz000593,0,0,0
sz002543,0,2700,0
sz002139,3068,4822,0
sh600559,4010,8571,618
sh603727,0,0,0
sz002594,4682,2746,0
sz300632,0,0,0
sz300176,1140,768,186
sh603322,0,0,0
sh603879,0,0,0
sh600423,2000,0,0
sh603127,0,0,0
sz002319,3014,1054,800
sh601727,0,5121,0
sh600689,0,0,0
sz000059,24364,71135,0
sz002045,0,1000,0
sz300377,5293,1005,0
sh603066,0,0,0
sz002034,0,0,0
sz002531,2867,0,0
sh600522,63221,70221,1122
sz300626,0,0,0
sh603128,6884,1205,0
sz300399,0,0,0
sh600272,0,0,0
sz300037,1004,1309,0
sz002725,0,0,0
sz002717,4727,716,0
sz300297,0,0,0
sz002465,25436,20088,0
sz300475,0,0,0
sz300019,12849,10727,0
sz002778,0,562,0
sz000717,60371,76701,0
sh600676,0,0,0
sz300402,0,0,0
sz002338,0,0,0
sh601328,2490954,2621688,11482
sh600675,0,5016,0
sz300229,0,0,0
sz000532,2872,0,0
sz002788,0,0,0
sz300220,0,0,0
sh600094,0,1603,0
sz002855,0,0,0
sz300247,0,0,0
sz002547,20656,4617,0
sz002048,0,450,0
sz002799,0,0,0
sh600410,0,0,0
sz000567,0,1024,0
sh600757,0,0,0
sz000561,0,3261,0
sz002793,0,0,0
sh600468,0,0,0
sh600093,259035,125638,11487
sz300020,1992,0,0
sz002534,0,0,0
sz002342,13240,0,0
sz300255,4300,5868,0
sz002707,0,0,0
sz300450,1231,816,0
sh603106,7741,14193,1871
sz000833,0,0,0
sh600172,1308,0,0
sh600211,0,0,0
sz002903,1361,3201,0
sz300269,2014,2449,0
sz002008,49222,35808,4313
sh600269,39462,8916,0
sh603039,296,0,0
sh603877,0,0,0
sh600580,1696,7106,0
sz002898,513,2542,0
sz300208,0,0,0
sh603833,1092,912,0
sh600035,4000,2523,0
sh600064,5291,1591,0
sh600739,15917,3113,0
sh600267,7317,12955,662
sz300135,0,0,0
sz002064,11819,6041,0
sh600530,0,0,0
sz000068,0,0,0
sz002265,0,0,0
sz002695,0,0,0
sh600303,1784,0,0
sh600817,0,0,0
sz300629,827,3650,0
sz002786,0,0,0
sz002415,34055,49670,1980
sz300367,0,2500,0
sz000037,0,0,0
sh600220,0,12167,0
sz002018,2525,7788,1772
sh601139,1314,1421,0
sz002333,0,809,0
sh600180,0,0,0
sz000985,0,0,0
sh600615,0,0,0
sz000004,0,0,0
sh600340,93167,115587,11433
sz300369,0,0,0
sh601900,0,0,0
sh601611,3977,31209,0
sh600230,4051,4304,275
sz002651,3933,0,0
sz002291,0,0,0
sh603099,0,0,0
sz002143,10436,16771,0
sz002031,0,0,0
sz300643,0,0,0
sh603008,1028,1577,0
sz300202,0,0,0
sz300573,0,0,0
sh600743,7513,26378,0
sz300394,0,0,0
sh603648,19244,9622,2541
sh603313,0,0,0
sh603938,0,0,0
sz000719,0,0,0
sh601005,16947,26991,0
sh603305,0,0,0
sh603665,305,0,0
sz300560,0,0,0
sz002422,3970,2551,0
sh600864,3075,1500,0
sz002050,37918,15185,667
sh603009,3968,8611,0
sz000980,996,5547,0
sz002889,1030,675,0
sh600074,0,0,0
sh600059,0,1424,0
sz300031,0,0,0
sh600111,47437,47875,0
sz002211,0,0,0
sh600556,0,0,0
sz300622,0,0,0
sz002872,0,320,0
sh600707,11288,0,0
sh601339,0,0,0
sz300215,0,2011,0
sz300166,0,0,0
sz300268,0,0,0
sh603086,0,0,0
sz300611,0,0,0
sh600872,1001,1676,0
sh600796,0,0,0
sz002911,10457,8688,1829
sh600183,8412,13793,0
sz002137,0,0,0
sz002334,0,3111,0
sz002135,0,0,0
sz300052,3593,1875,0
sz300246,0,0,0
sz000659,0,0,0
sh600233,0,0,0
sh601519,0,0,0
sh601086,82766,68618,0
sz002124,1348,2743,0
sz002315,0,0,0
sz002109,0,0,0
sz002390,0,0,0
sh600388,3270,10457,0
sz300503,0,0,0
sh600737,0,13195,0
sz002779,808,0,0
sh600503,0,5950,0
sz002283,0,2000,0
sz002756,0,0,0
sh600578,2736,0,0
sz300128,2298,8106,0
sz300094,0,0,0
sz000932,44074,40604,1442
sh600210,4354,9202,0
sz000518,0,0,0
sz300478,277,400,0
sz000953,0,0,0
sz000753,0,0,0
sz300095,0,0,0
sz300217,0,3600,0
sh600458,0,0,0
sh600993,1000,1206,0
sh600769,0,0,0
sz000920,0,0,0
sh600238,0,0,0
sz002817,340,0,0
sz002773,0,0,0
sz300526,0,0,0
sz002055,0,1309,0
sz000498,0,1592,0
sz000910,3140,1985,0
sh600535,2913,6224,0
sz000838,2792,1800,0
sh600815,0,0,0
sz300509,0,0,0
sz002897,0,931,0
sz000519,17428,1235,1156
sz002529,6754,860,0
sh600279,0,0,0
sz000546,922,4735,0
sz002642,0,1800,0
sz002215,0,0,0
sh600756,0,0,0
sz300721,0,0,303
sz300417,0,0,0
sh600523,3340,4124,0
sz300184,0,1125,0
sh600376,0,10124,0
sh603306,0,400,0
sz000045,0,0,0
sz300132,0,0,0
sz002181,0,0,0
sh603517,0,1120,0
sz000681,6606,639,0
sh600824,0,0,0
sh600250,3810,0,0
sz002369,20287,78573,0
sz002386,0,0,0
sh601567,0,0,0
sz300058,0,1838,0
sz002279,0,0,0
sz300707,256,229,0
sz000502,1030,2103,0
sh600583,11168,40842,0
sh600081,0,996,0
sz002803,405,0,0
sz300340,18000,16556,2616
sh601118,2505,27942,0
sz002154,0,13962,0
sz002270,0,0,0
sh601015,1065,1292,0
sh600682,1616,900,0
sh601566,5010,1000,0
sh600606,751689,794439,33152
sh600259,430,3000,0
sz002078,161706,86943,4307
sz002522,7101,11464,0
sz000430,0,0,0
sz002676,0,0,0
sz300457,0,771,0
sz002546,0,0,0
sz002902,8541,3398,363
sh600436,1683,1853,229
sz002435,0,0,0
sh600498,5687,434,0
sh603528,1143,0,0
sh603320,0,783,0
sz002550,0,2000,0
sh603078,1823,1152,0
sz300521,0,0,0
sh600321,10002,6192,0
sz002457,0,0,0
sz300054,1000,4550,0
sh600848,8661,2288,416
sh603767,0,0,0
sh600422,0,0,0
sz000983,37473,95432,0
sh600760,20594,27156,2196
sz300177,1036,0,0
sh600463,3244,965,0
sz002418,0,0,0
sh603508,0,0,0
sz000798,0,1337,0
sh600581,27905,20836,0
sh603663,0,0,0
sh603990,0,0,0
sz002683,0,0,0
sz002065,521806,463869,8912
sh603658,0,291,0
sz300347,0,0,0
sz000815,0,0,0
sz300506,0,1083,0
sh600435,11894,21169,0
sz300290,0,0,0
sh600359,0,1526,0
sh603129,0,0,0
sz300028,0,0,0
sh600889,0,0,0
sh600129,0,1255,0
sz002455,0,0,0
sz002462,1500,0,0
sz002205,0,0,0
sh603196,0,0,0
sz000601,0,0,0
sz002680,0,0,0
sh601106,0,10686,0
sz000802,0,3997,0
sz000040,1500,791,0
sz300346,360,0,0
sz002226,0,0,0
sz002673,171605,91893,3365
sh600998,0,0,0
sh600677,0,3275,0
sh600601,0,3121,0
sh600310,0,0,0
sz000596,2508,4800,0
sh600495,0,0,0
sh600584,22393,21384,0
sz002371,6685,12615,488
sh600982,0,24324,0
sz002144,0,0,0
sh600400,0,0,0
sh600961,0,0,0
sz300325,20462,10445,0
sh603383,0,0,0
sz300568,0,0,0
sz300378,0,0,0
sh600456,475,673,0
sz000859,0,0,0
sz300390,0,0,0
sh600644,0,0,0
sh603056,0,0,0
sh601929,0,23673,0
sz300218,0,0,0
sz002108,2736,0,0
sz300391,0,3400,0
sz300552,0,0,0
sh600537,0,2620,0
sz300645,1427,332,0
sh600056,22524,35110,4929
sz300630,0,0,0
sz002387,1788,2202,0
sz000785,0,0,0
sh601127,1332,0,0
sz002107,0,0,0
sh600874,3933,6346,0
sz002776,0,0,660
sz300382,5200,1700,1700
sh603167,0,892,0
sh603519,0,0,0
sz000036,10860,57191,0
sz000682,3754,0,0
sz002197,1084,1042,0
sh600141,2708,13277,0
sz002240,0,981,0
sh600196,19032,34632,714
sh600795,133798,98077,0
sz300169,0,0,0
sz300050,0,0,0
sz002777,0,0,0
sz300321,513,0,0
sh603829,587,4785,0
sz002271,2367,5613,0
sh603881,759,736,0
sz002067,59903,25135,0
sz300024,617,7233,0
sh603909,0,0,0
sz002733,0,0,0
sz001979,150526,136849,4502
sz300551,0,0,0
sz300107,16463,6584,0
sz000668,0,0,0
sz300461,238,1465,0
sz002831,353,380,0
sh600838,0,0,0
sz000100,333472,381408,0
sz002263,0,5000,0
sz300364,23208,19525,0
sz000576,0,0,0
sz002186,0,0,0
sh600358,23674,6230,0
sh600499,20988,44548,0
sz002306,0,0,0
sh603600,0,0,0
sh603368,750,0,0
sh603966,0,0,0
sh603085,0,0,0
sz002269,0,3784,0
sh601377,286009,174059,3520
sh600029,1033554,818238,26071
sz002706,0,0,0
sh600284,0,1115,0
sz300599,0,0,0
sz000901,917,481,0
sz002395,0,0,0
sh600862,0,1430,0
sh600016,916870,867757,2647
sz000913,0,0,0
sz002094,1501,1260,0
sh601098,4248,740,0
sh600148,0,0,0
sh600475,0,0,0
sz000635,675,1000,0
sz002001,14871,15980,1074
sz300507,0,0,0
sz300410,3871,0,0
sh600665,0,0,0
sh600331,0,0,0
sh603036,0,0,0
sz002225,0,0,0
sz002268,2735,939,909
sz300491,0,0,0
sz300578,0,0,0
sz002640,0,0,0
sz300729,663,7246,1236
sh600898,0,0,0
sz002631,0,0,0
sh603801,0,0,0
sz000960,18359,11845,0
sz300727,7849,5275,1303
sz002703,0,0,0
sh600480,0,0,0
sh601949,0,4127,0
sz300312,49067,12482,0
sz300242,0,0,0
sh600727,0,0,0
sz300650,0,0,0
sz300421,0,0,0
sz000835,0,1508,0
sh600106,2225,0,0
sz002440,45649,24361,758
sh600895,0,0,0
sh600419,0,0,0
sh600890,0,0,0
sh603058,12198,66403,0
sz300333,0,2000,0
sz300538,0,0,0
sh603031,0,0,0
sh600130,2585,0,0
sh600571,3000,0,0
sz002644,7181,1974,0
sh600397,0,0,0
sh600179,4162,2711,0
sz002487,0,0,0
sz000553,5473,2245,0
sh600785,0,0,0
sz002393,0,0,0
sh600642,16728,8018,0
sh600275,0,0,0
sz300520,568,426,0
sh600249,0,0,0
sz002639,3101,18372,0
sh600619,0,2140,0
sz000166,122016,50773,0
sz300731,1144,520,0
sh603228,0,5198,0
sh603777,0,0,0
sz002635,9791,11108,0
sz300205,0,0,0
sh603269,396,3719,0
sz300365,1160,0,0
sh603809,0,321,0
sz300048,0,0,0
sz002650,1446,0,0
sh600370,36357,6435,10029
sh600636,0,0,0
sz002712,0,0,0
sz300621,3383,510,0
sz000852,0,3569,0
sh603169,0,0,0
sh600819,0,0,0
sh600613,0,0,0
sz000673,5880,17136,1534
sz002428,5009,6892,0
sz002313,1294,5147,0
sh603016,560,0,1636
sh603917,1329,2055,0
sh601113,4225,0,0
sz002176,6499,11311,0
sz002828,0,590,0
sz002515,0,0,0
sz300661,343,200,0
sz300464,0,0,0
sh600137,0,0,0
sh601996,2372,7292,0
sh600696,0,0,0
sz000737,0,0,0
sh600448,0,0,0
sh600753,0,0,0
sz002637,0,0,0
sh600694,401,1620,0
sh603798,0,0,0
sh601928,0,0,0
sh600105,0,0,0
sz002509,14384,7202,0
sh600021,4827,0,0
sh600936,0,0,0
sh603868,0,171,0
sh603677,3470,4648,0
sz000829,0,0,0
sh603708,501,489,0
sh603089,0,0,0
sh600073,0,0,0
sh603885,0,0,0
sz000825,172660,131552,2511
sh600019,1756681,1366171,34345
sz002532,0,0,0
sh600363,0,1093,0
sz300004,0,1000,0
sz300345,0,0,0
sz300313,0,0,0
sh601628,23374,46284,823
sz300343,0,0,0
sz002887,460,512,0
sz000631,8307,4718,0
sh603358,0,0,0
sh600612,0,602,0
sz002062,11856,21397,0
sh601969,0,0,0
sz300459,0,993,0
sz002767,2550,2043,0
sz002732,0,0,0
sh600025,179781,278069,0
sh600201,5069,10395,0
sz002469,0,0,0
sz002446,1655,3012,0
sz002346,0,0,0
sz300480,1420,1266,0
sh600415,1704,11581,0
sz300017,120002,151877,1798
sz002303,0,0,0
sh603444,0,96,0
sz300299,3100,0,0
sz002023,0,1270,0
sh601989,611105,450078,0
sz002878,0,0,0
sh603937,1842,2391,1852
sz000679,0,0,0
sz002299,1935,5828,0
sh600866,0,0,0
sh600318,0,0,0
sz002153,458,12551,0
sz002359,17775,52974,2007
sh600519,15061,18447,1903
sz002380,0,0,0
sz300660,219,200,0
sh600225,0,0,0
sz002811,0,0,0
sz002571,0,0,0
sz002859,0,0,0
sh603300,4724,10714,0
sz000021,49137,40181,0
sh600202,1313,0,0
sz300327,400,505,0
sz300262,0,1495,0
sz002430,2370,6123,0
sz002888,0,0,0
sh600706,0,0,0
sz002285,38344,86821,0
sh603855,0,0,0
sz002249,0,0,0
sz002815,0,0,0
sh603227,0,0,0
sz002865,1036,0,0
sh603880,0,0,0
sh603816,310,1746,0
sh600888,2005,8566,0
sh600028,1576080,1344353,8611
sz002606,2838,3047,0
sz300079,10000,17900,0
sz000862,0,3100,0
sh603103,3904,1004,0
sz002053,0,1000,0
sh600058,940,0,0
sh603333,0,0,0
sh600637,590,12360,0
sz002730,0,0,0
sh603918,0,0,0
sh601019,0,1721,0
sh600671,579,0,0
sh603278,710,587,0
sz300479,0,0,0
sh603389,0,0,0
sh600540,0,0,0
sz000731,0,10573,0
sz002410,0,5336,0
sz300315,9736,8203,0
sh603660,0,0,0
sh600009,1720,4520,313
sz000970,3001,2124,0
sz000751,9661,6609,0
sz300328,11256,1973,0
sz300283,0,0,0
sz002326,0,0,0
sz000413,16216,14668,0
sh600097,1086,0,0
sz002461,0,3886,0
sz002449,12916,4107,883
sz300445,0,0,0
sh600722,0,2129,0
sh601008,0,2629,0
sh600589,5540,0,0
sz000403,400,0,0
sh603595,0,0,0
sh603819,0,0,0
sh600206,3922,11093,0
sz300403,0,0,0
sh600678,0,4291,0
sh600729,4116,0,0
sh603826,711,1725,0
sh600418,1243,0,0
sh600854,4757,3174,0
sz300306,0,0,0
sh600421,0,0,0
sh600863,4990,22577,0
sh600981,0,0,0
sz002272,0,0,0
sz000895,8638,20871,0
sz002229,0,2598,0
sz300053,5066,2320,0
sz002748,715,0,0
sh600688,87762,102871,0
sh600200,0,0,0
sz002848,0,2250,0
sh600971,7444,9092,0
sh600880,0,0,0
sh600531,0,7193,0
sh600983,0,0,0
sh600135,0,0,0
sz002886,0,0,0
sz002391,0,644,0
sz002409,983,1104,0
sh603012,0,0,0
sh603022,0,0,0
sz300081,0,0,0
sz002100,0,1441,0
sz000710,0,0,0
sh603936,0,0,0
sz300651,0,0,0
sz002582,0,1319,0
sh600008,68761,24443,0
sz300362,0,0,0
sh600588,5016,1167,0
sz300440,0,0,0
sh601007,0,0,0
sh600208,371540,248198,4679
sz000402,21786,40526,3900
sz002915,25361,12881,1581
sz300555,0,0,0
sz002634,43965,11149,1517
sh600398,0,4506,0
sz000429,2310,3060,0
sz300549,0,623,0
sh600782,151731,124834,1717
sh600218,0,0,0
sz300293,0,0,0
sz300284,754,0,0
sh600731,0,0,0
sz300056,0,0,0
sz300583,0,0,0
sz002175,2000,3076,0
sh603985,1663,0,0
sz002468,994,0,0
sz300280,0,0,0
sz002824,0,734,0
sh600965,0,0,0
sz002025,4180,9109,0
sz002213,0,0,0
sz002715,0,0,0
sz300703,1232,455,0
sz300628,0,100,0
sz002535,0,0,0
sz300525,0,0,0
sz002081,5636,6620,0
sz002856,34284,26980,980
sz300642,0,0,0
sz300582,0,0,0
sz000529,1608,0,0
sz002471,5000,0,0
sz300710,571,228,0
sh600616,0,2742,0
sh600985,0,0,0
sh600958,124324,65567,6191
sz002405,13131,20839,0
sz000520,0,3000,0
sz300616,75,68,0
sh603200,0,0,0
sz000780,0,0,0
sz300428,0,0,0
sz000531,0,0,0
sz000729,12020,31652,2009
sh600305,0,906,0
sh600057,2901,2505,0
sz002275,0,0,0
sz000571,0,0,0
sz002030,644,727,0
sz002740,0,0,0
sh600777,0,10051,0
sz002491,0,1653,0
sz000793,18156,10461,0
sz002513,0,0,0
sz300084,0,0,0
sz002891,0,0,0
sz002218,8971,0,0
sh600745,2047,1969,0
sz300422,0,0,0
sz000931,0,0,0
sz002482,0,0,0
sh600163,0,0,0
sz300529,0,0,0
sz000591,2312,3924,0
sh600079,0,22687,0
sz300393,0,331,0
sz002705,0,0,0
sh601633,2396,1077,0
sz002867,0,0,0
sz000917,1330,11537,0
sz002728,0,0,0
sz300331,0,0,0
sh600229,0,0,0
sz300146,12003,14272,0
sh603939,712,0,0
sh600346,20757,29657,682
sh601997,110520,82768,10206
sh600462,0,0,0
sz300263,0,0,0
sz002908,4781,4753,1573
sz000585,0,9670,0
sz000752,0,0,0
sz002853,23124,17445,1597
sh601003,40392,71979,3511
sz001965,3119,10530,0
sz002502,0,0,0
sh600198,1500,1764,0
sh601877,1383,426,0
sz000157,94065,73473,0
sz300585,0,0,0
sz002516,6447,0,0
sh603090,0,0,0
sz002364,0,1561,0
sz300266,0,0,0
sh600599,0,1002,0
sz300448,0,0,0
sz002010,0,1514,0
sz002106,0,7274,0
sz002753,0,600,0
sz002480,0,0,0
sh600031,227950,397745,9901
sh600518,30572,22632,1594
sh603421,0,0,0
sz002495,0,0,0
sz002488,6983,1039,0
sz300370,0,0,0
sz000011,0,1692,0
sh603633,0,0,0
sz002376,0,887,0
sh603000,0,0,0
sh600399,1847,3789,0
sh600234,0,0,0
sz002216,0,3881,0
sz000998,2147,8901,884
sz300083,38823,12036,0
sz300577,152,0,0
sh603616,744,0,0
sz002467,0,3358,0
sz300123,0,0,0
sz002406,0,0,0
sh600251,0,4855,0
sz300045,1000,0,0
sh600189,0,0,0
sz000759,2518,0,0
sh600778,0,0,0
sh603360,0,0,0
sh601878,122928,77530,10457
sz000886,1820,16249,0
sh603618,0,0,0
sz000672,24320,30158,0
sh601798,0,0,0
sz002762,1300,0,0
sz000555,0,0,0
sz000002,152584,125724,18224
sh603619,6314,3675,1334
sh600767,0,0,0
sh600820,7731,43111,0
sz000638,6512,15608,0
sz300406,3296,0,0
sh603388,13200,7059,0
sh600118,4744,7246,0
sh600302,0,0,0
sz002808,0,0,0
sz300201,0,2993,0
sz300384,0,0,0
sz300216,0,0,0
sz000565,0,0,0
sz300613,132,61,0
sh601908,0,0,0
sz002221,8967,12557,0
sz300206,0,0,0
sh600693,18214,4069,0
sz300214,0,0,0
sz000976,0,6196,0
sz300355,16232,40310,0
sz002492,0,0,0
sh603958,0,0,0
sz002039,0,895,0
sz300408,1050,4612,0
sz300411,0,0,0
sz300124,1354,0,0
sz002378,0,1172,0
sh600291,38620,35803,4661
sz000025,360,0,0
sz000962,0,0,0
sh603126,1325,0,0
sh600219,118246,77724,0
sh600545,0,1068,0
sh600551,0,0,0
sz300295,0,0,0
sz002598,0,0,0
sh603980,3395,11840,471
sh603630,0,0,0
sz002726,0,0,0
sz000701,0,0,0
sz300324,0,1909,0
sh603118,2167,0,0
sz300221,0,1266,0
sh600276,11266,10630,234
sz002245,0,6737,0
sh600783,795,11999,0
sz002562,0,0,0
sh600026,0,4269,0
sh600429,0,0,0
sz300493,0,0,0
sz002553,1450,0,0
sh600622,4057,3510,0
sz300253,1895,0,0
sh601200,585,2802,0
sz300223,6212,2113,0
sh603076,0,791,0
sz300540,0,0,0
sz300671,0,0,0
sz002273,5643,7328,0
sz000422,0,0,0
sh600508,0,3577,0
sh601857,374109,270729,31009
sh601933,236662,184296,3814
sz002750,0,0,0
sh603567,0,0,0
sz002164,0,0,0
sh600327,0,0,0
sh603698,0,0,0
sz300195,0,790,0
sz002058,0,0,0
sh603131,892,0,0
sz002374,0,0,0
sz002741,0,0,0
sz002073,0,0,0
sh600385,0,0,0
sh600828,0,0,0
sz002819,0,0,0
sh600892,3025,6944,0
sh603359,0,290,0
sz300702,0,0,0
sz000630,57242,54531,0
sz002669,461,1406,0
sh601866,3063,6699,0
sh600071,0,0,0
sz300473,0,0,0
sh600361,0,0,0
sh603177,0,606,0
sh601028,0,0,0
sz000550,2292,6921,1846
sz002554,2494,0,0
sh600566,594,810,0
sz002521,11458,0,0
sz300352,0,0,0
sz000416,0,0,0
sh603656,0,0,0
sz300204,0,0,0
sh600428,1746,0,0
sz300125,0,0,0
sh603690,0,0,0
sz002363,0,0,0
sz002431,2013,15861,0
sz002026,0,0,0
sh600804,2773,3938,0
sz000790,4051,0,0
sz000090,6264,28003,0
sh603203,0,0,0
sz002136,0,0,0
sz300194,0,0,0
sz300209,0,0,0
sz002477,20932,31287,0
sh600738,0,0,0
sh601886,10605,15037,0
sz002485,0,0,0
sh600641,4218,7811,0
sh600062,439,1574,0
sh600146,20877,22683,0
sh600859,4928,5808,0
sz002578,0,0,0
sz002895,8728,7932,2242
sz300452,0,0,0
sz000012,102116,60514,7365
sz300080,0,0,0
sz300513,0,0,0
sz002379,0,0,0
sz300647,0,0,0
sz300677,809,0,0
sz300405,0,0,0
sz002388,0,0,0
sz002347,1655,0,0
sz300338,0,0,0
sz300607,0,367,0
sz300738,0,0,0
sz000800,2009,12007,0
sz300273,0,1802,0
sh600477,1120,9877,0
sh600060,8768,19878,0
sh603007,0,0,0
sz002494,0,0,0
sz000538,1980,6908,102
sz300733,0,0,0
sz300531,10168,18942,1128
sh600507,116958,91642,4842
sz300099,3000,0,0
sz000595,0,0,0
sz002372,2078,4424,0
sz002751,0,0,1100
sh600337,0,6366,0
sz000809,0,0,0
sz002305,0,2145,0
sz300087,5273,0,0
sh600076,21547,33858,0
sz000927,0,2810,0
sh600969,959,0,0
sz300676,495,214,69
sz000708,878,0,0
sz002111,0,0,0
sz300139,0,0,0
sh603901,0,0,0
sz002017,0,0,0
sz300250,0,0,0
sh601699,180615,130568,12422
sz002713,0,0,0
sh600152,0,0,0
sz002325,3003,5694,0
sh600966,20816,7769,0
sz002552,0,1000,0
sh600393,0,3488,0
sh600711,59072,90685,0
sz000506,0,0,0
sh603963,0,0,0
sh600151,0,0,0
sh601898,0,14236,0
sh600082,0,0,0
sz000822,2487,9534,0
sh600063,0,0,0
sh600232,0,0,0
sz000652,24987,0,0
sh600323,3828,3909,0
sz002007,374,700,0
sz002167,29317,5207,0
sz300681,0,0,0
sz002472,0,0,0
sz300571,0,2625,0
sz300425,0,0,0
sz300572,0,0,0
sz002396,1235,1000,0
sh601788,74820,28866,0
sz000669,0,958,0
sh600420,1367,9181,0
sz300358,0,0,0
sz000795,0,3842,0
sh603197,0,315,0
sz300122,7277,3866,0
sh603848,34438,34188,2125
sh600132,616,800,0
sz002092,30991,66466,1616
sh600173,1741,0,0
sz000713,0,0,0
sz000544,0,0,0
sh600657,1922,4480,0
sz002769,0,0,0
sh600791,0,0,0
sh600826,1559,0,0
sz300230,0,0,0
sh603799,27714,20954,1999
sz002718,0,0,0
sh601601,64173,74292,2160
sz002500,120188,82676,1230
sh603181,1133,0,0
sh600986,2460,1462,0
sz002518,0,0,0
sh600750,911,1266,0
sh600165,0,0,0
sh600517,0,1900,0
sh601985,45453,70597,0
sh600332,3528,7801,509
sz000718,25709,19454,0
sz300701,331,0,0
sh601166,2731527,2742176,119314
sz002602,5912,3753,0
sh600289,19580,12407,0
sh603999,0,0,0
sh603738,0,0,0
sz000863,0,0,0
sz300675,1102,537,0
sz002923,6412,6299,249
sh601099,453861,129198,0
sh603922,0,491,0
sz300190,0,900,0
sz002330,2674,0,0
sz000685,7867,4607,0
sh603100,0,0,0
sh603116,0,0,0
sz300664,4980,11011,0
sz002770,0,0,0
sh603018,0,0,0
sz002013,1844,11733,0
sh600271,10237,15966,535
sz002184,0,0,0
sh601958,8902,16355,0
sh600352,304622,299679,10259
sz002765,0,0,0
sz002051,2933,4091,0
sz300508,0,0,0
sz000732,188316,277170,32846
sz000062,0,512,0
sz300016,0,0,0
sh600851,0,1348,0
sz300271,1148,0,0
sh600775,0,1865,0
sz002169,0,0,0
sz000063,210606,202282,9329
sh600491,1381,5117,0
sz300316,19281,22822,4480
sh600610,0,2047,0
sz300092,0,0,0
sz002432,0,0,0
sh603823,0,0,0
sz300309,500,590,0
sz300641,0,0,0
sz002809,0,0,0
sz300354,0,0,0
sz000488,145309,153320,10412
sh603043,0,0,0
sz002042,1013,3702,0
sz002905,0,0,0
sz000760,0,0,0
sh600761,0,0,0
sz002724,0,0,0
sz300604,0,0,0
sh603023,0,0,0
sz002921,1050,1701,320
sh600292,0,0,0
sz300286,0,0,0
sz000782,0,0,0
sh601069,1527,0,0
sz300687,0,0,0
sz300288,2929,1581,0
sz300398,676,0,0
sh603139,0,0,0
sh600979,0,0,0
sh600628,0,0,0
sh601225,151008,141417,0
sz000837,0,0,0
sz002287,0,0,0
sz002493,6279,22995,0
sz300466,14103,10958,755
sz300618,3651,3197,63
sz300235,919,1392,0
sz000423,6766,7948,790
sh600511,2097,9049,0
sz300145,5741,3570,0
sh600381,27796,33046,11062
sz300374,896,0,0
sz300112,0,0,0
sh601880,8147,4028,0
sh600078,0,0,0
sz000726,1965,1024,0
sz300386,2454,2825,0
sh601168,10755,17240,0
sh601965,0,0,0
sz300385,0,0,0
sh603585,0,0,0
sz002761,0,2352,996
sz300541,0,0,0
sz000997,5096,19340,0
sz300357,0,0,0
sh603577,3835,1154,0
sz300228,0,1098,0
sz300715,0,0,0
sz300672,0,200,0
sz300375,0,1045,0
sz002701,0,0,0
sz300432,0,0,0
sh600570,19848,9504,1564
sh600919,493641,319575,3488
sz000418,860,2734,0
sh600844,0,0,0
sz002230,38417,34966,3567
sh600489,30042,48831,0
sh600543,0,0,0
sz000938,2111,416,251
sz300648,0,441,0
sz000417,0,0,0
sz300581,656,500,0
sz300693,0,0,0
sh601881,221653,177183,17334
sz300137,564,3131,736
sz300109,507,1402,0
sh601038,0,0,0
sh600893,5857,7741,0
sz300163,0,0,0
sh600461,0,1862,0
sh600978,1397,0,0
sh603655,18341,12236,1766
sz002906,604,3413,0
sh601766,316918,365046,15810
sz002262,0,6492,0
sz300514,0,0,0
sh601636,32647,25455,0
sh600375,0,0,0
sh600855,0,0,0
sz000005,0,0,0
sh603912,5044,5887,869
sh603499,0,0,0
sz002084,0,1684,0
sz002619,16008,6637,0
sz300021,0,0,0
sz300548,0,0,0
sz300534,1010,1272,0
sz002384,6037,2120,0
sz002626,917,534,0
sz000419,0,0,0
sz002020,1000,0,0
sh600153,32355,26307,0
sz300490,0,0,0
sz002597,6481,12335,0
sh600391,842,0,0
sz002466,12453,16648,663
sh600869,0,0,0
sz300014,1409,2755,0
sh603843,1308,788,0
sz300082,0,0,0
sz000055,0,0,0
sh600611,4476,20234,0
sh603976,0,0,0
sz002381,0,0,0
sz300458,554,5211,0
sz000762,1014,2289,0
sz002922,1087,2299,0
sz000623,26936,13271,548
sh603538,0,912,0
sz300055,785,6626,0
sh603040,0,0,0
sz300698,20787,26968,2267
sz000628,0,0,0
sz002774,0,1864,0
sz002452,0,0,0
sz000836,9036,18657,0
sh603225,0,1425,0
sz000612,0,0,0
sh600409,38318,63664,0
sh603718,1003,1000,0
sh600714,0,0,0
sh600371,0,0,0
sh603998,0,0,0
sz300567,115,128,0
sz002290,0,0,0
sh600568,7300,6863,0
sh603797,0,1237,0
sz000687,1024,984,0
sh600356,0,0,0
sh600984,3049,0,0
sh601718,3655,4799,0
sh600598,22910,51118,0
sz300500,0,0,0
sz300591,0,0,0
sh603377,262,0,0
sh603578,0,0,0
sz000603,0,0,0
sz002274,0,0,0
sh600161,2109,3178,0
sz300602,0,0,0
sh603303,0,0,0
sh600175,16486,3030,0
sh603615,0,0,0
sz000858,95927,113573,14173
sh600585,149329,118346,11923
sh600261,0,0,0
sz002277,1738,8106,0
sz300601,0,0,0
sz000552,11029,3043,0
sz000590,0,0,0
sz002298,0,0,0
sz300443,0,0,0
sz300308,0,0,0
sz002028,0,3119,0
sh600506,1524,2692,2316
sh603699,0,0,0
sh600329,800,0,0
sh603588,0,1000,0
sh601918,3737,10621,0
sh603266,0,0,0
sh603157,538,573,0
sh603286,254,0,0
sh603477,2136,0,1673
sh600155,44778,47707,0
sz002196,0,0,0
sh601717,0,1995,0
sz000801,0,49088,0
sh600565,2691,15583,0
sz000662,0,0,0
sh600573,0,0,0
sz002858,0,0,0
sh603896,7012,4403,871
sh603226,0,0,0
sz300051,3924,7384,0
sz300307,0,0,0
sz002864,328,3117,0
sh600178,0,0,0
sh600038,10091,15633,340
sz300665,0,0,0
sh600131,0,8581,0
sh600999,94420,59630,4630
sz002652,0,0,0
sh600980,735,0,0
sh601107,0,5928,0
sz300623,0,0,0
sz002102,23121,6717,0
sh603505,0,576,0
sh600555,0,7199,0
sz300588,0,0,0
sh603601,0,0,0
sz300329,0,0,0
sz000928,5341,5876,0
sz300249,0,0,0
sh603218,481,468,0
sz300518,0,0,0
sz300160,0,0,0
sz002735,0,0,0
sz300722,7760,16200,395
sz002832,0,0,0
sh600281,0,0,0
sz002195,5954,18196,0
sz002408,2579,3374,0
sh600882,0,0,0
sh600039,21218,6965,0
sz000510,0,0,0
sz000151,0,0,0
sz000722,0,0,0
sz002783,5390,8356,0
sh600608,0,0,0
sh603385,0,494,0
sh601901,87105,49879,0
sz002035,3741,5914,0
sz300732,1488,1150,0
sz002212,37215,19878,9107
sz300289,0,0,0
sh600744,0,0,0
sz300570,0,0,0
sz002723,0,0,0
sh600444,0,0,0
sz002217,0,1334,0
sz000573,0,0,0
sh600687,900,4000,0
sz300150,0,0,0
sz000507,997,10329,0
sz002233,2103,15592,0
sz002207,0,0,0
sz002840,555,689,0
sh601058,0,13000,0
sz002791,560,0,0
sz002590,0,0,0
sh603330,0,0,0
sh603416,0,0,0
sh600241,0,0,0
sz300603,0,0,0
sz002056,6352,28402,2338
sh600299,0,0,0
sz002140,0,0,0
sz002896,0,0,0
sz000517,388323,429098,13651
sz000690,3638,24810,0
sz002716,3234,3346,1657
sz300245,0,0,0
sz300066,0,0,0
sh600871,50123,101442,0
sh601669,20049,59711,0
sh600639,0,0,0
sz300063,6773,0,0
sz002697,1884,8616,0
sh600797,3770,6681,0
sz002149,0,0,0
sz002182,0,2380,0
sz000066,6168,18068,0
sz300719,3292,10776,0
sz002417,0,0,0
sz002199,0,0,0
sz002383,0,0,0
sh600283,800,0,0
sh600917,0,3229,0
sh603025,0,0,0
sh603555,8780,58053,0
sz300496,388,0,0
sz002795,698,0,0
sz000408,1005,15058,0
sh600335,0,7848,0
sh603299,0,2795,0
sz300093,0,0,0
sh600262,0,1902,0
sh601500,0,0,0
sz300735,5502,4650,0
sz300576,0,0,0
sz000009,1539,12301,0
sz000616,3208,18210,0
sz002586,0,0,0
sh600703,78419,84249,2248
sh603398,0,0,0
sz300274,8383,11494,0
sz000697,1228,1161,0
sh601952,0,4698,0
sz002686,0,1200,0
sz300431,4826,14643,0
sz000850,0,0,0
sz002459,0,0,0
sz000948,0,1953,0
sz000707,0,2000,0
sh600837,134378,100568,0
sz300267,0,12878,0
sh600395,10826,13326,0
sz002802,0,0,0
sh603005,0,443,0
sh603839,0,0,0
sh600884,4094,4399,0
sh600067,5260,6593,0
sz300619,0,0,0
sh600891,0,0,0
sh603041,0,0,0
sh600236,0,0,0
sz000606,0,0,0
sz002352,213,1994,0
sz002484,0,0,0
sz002627,0,0,0
sh600939,25680,53222,0
sz000988,1452,3656,0
sz300666,416,424,0
sz300471,0,0,0
sh600861,0,1225,0
sz000598,6166,12287,0
sh603970,3426,1345,512
sz002504,0,0,0
sh600746,0,0,0
sh600099,0,0,0
sh600787,6084,26394,0
sz000831,0,2106,0
sh603566,0,0,0
sh600596,57263,60493,7423
sh603096,0,0,0
sh600587,0,0,0
sh603038,0,0,0
sz002021,0,2675,0
sz300617,0,0,0
sz300700,5605,3371,451
sz300072,21841,21217,283
sh600896,0,1500,0
sz002088,0,0,0
sz300165,0,0,0
sz002699,0,0,0
sh603189,0,0,0
sz300532,0,0,0
sz300170,1890,5825,0
sz000014,0,804,0
sz002565,0,0,0
sz002596,9404,5725,0
sh600466,57024,48374,3280
sh603979,12474,3496,0
sz300224,0,1200,0
sh603960,432,0,0
sz002692,0,1301,1015
sh603933,0,0,0
sz000803,0,0,0
sz300154,0,0,0
sz002362,0,493,0
sz300376,0,0,0
sz300115,5810,22954,0
sz002071,2800,0,0
sz300303,12840,0,0
sz300061,0,0,0
sz300182,18552,6809,0
sh600197,12930,18974,0
sz002792,0,0,0
sh600995,0,0,0
sz300484,0,0,0
sh600803,10664,5886,0
sz002574,0,1737,0
sz002308,0,0,0
sh603063,0,0,0
sh600185,7497,22068,0
sz002066,0,0,0
sh603728,518,0,0
sz002508,1627,6235,0
sz000969,0,1712,0
sz002489,0,0,0
sz300013,8657,23555,0
sz002244,6159,17051,0
sh601828,0,0,0
sh603315,0,0,0
sz002628,4235,6996,0
sh600563,787,830,583
sh601169,345015,260797,5407
sz002882,1789,885,0
sh600467,5000,17356,0
sh600103,0,4100,0
sh600216,5722,14125,0
sz002660,0,0,0
sz002336,0,0,0
sz002294,2923,3890,0
sz000023,0,0,0
sh600217,0,2000,0
sh603067,0,0,0
sh600649,1577,0,0
sz002568,0,0,0
sz002780,0,0,0
sh600101,0,1500,0
sz300127,0,718,0
sz300456,1165,870,0
sh601006,339058,298818,25134
sh600317,8238,8213,0
sh603626,0,925,0
sz000792,175373,261386,9154
sz002689,0,0,0
sz300533,0,0,0
sz002061,7911,4809,0
sz300547,323,0,0
sh600593,0,0,0
sz002288,0,0,0
sz002798,0,378,0
sh600438,60022,38353,952
sh600620,0,0,0
sh600479,0,0,0
sh603363,30571,32557,7815
sh600908,215021,278524,12229
sz300317,1002,3249,0
sh600191,1307,5002,0
sh603920,1025,0,0
sh600159,3158,0,0
sh600326,3507,15265,0
sz000767,9126,0,0
sz300708,20269,16139,6745
sz002618,0,0,0
sz002400,6495,25146,0
sz002131,23577,49986,0
sh600470,0,0,0
sh600070,0,0,0
sz000715,1092,0,0
sz300314,0,1949,0
sz300467,0,269,0
sh600635,0,0,0
sz002403,0,913,0
sz300213,0,0,0
sh600036,250623,261094,21171
sz000755,0,0,0
sh600548,0,0,0
sz300624,0,0,0
sz300606,0,0,0
sz300359,1500,0,0
sz002871,0,0,0
sz000001,859148,860070,40553
sh603533,1465,3374,1137
sh600090,1701,1476,0
sz000906,0,0,0
sh603612,0,1513,0
sh603326,0,0,0
sz300008,11576,3497,0
sz002399,0,0,0
sh600516,258746,311007,32943
sz002460,18796,14822,1808
sh600089,259648,137943,1348
sz300272,0,0,0
sz002246,6237,923,0
sh600547,23406,31443,805
sh603308,0,0,0
sz300254,0,0,0
sh600167,0,0,0
sh600297,11982,0,0
sz300511,0,0,0
sz002128,9055,11789,0
sz300035,0,0,0
sh600366,32740,25485,2069
sh600077,0,3000,0
sz000967,0,5633,0
sh603080,23656,24190,7447
sh601608,12444,26810,0
sh600779,8063,7890,0
sz002414,0,0,0
sh603722,300,1408,0
sh600830,1526,6905,0
sz300233,0,0,0
sz000008,0,3170,0
sz002165,0,0,0
sh600658,990,1905,0
sz300726,11898,59347,0
sh600562,0,0,0
sz000537,19785,32549,0
sh601001,12208,4917,0
sz000973,1851,0,0
sz002392,0,0,0
sz000560,14164,3802,0
sh600168,0,0,0
sz000017,0,0,0
sz300244,516,0,0
sh603387,0,0,0
sh603017,0,0,0
sz000680,5996,7197,0
sh601333,80155,63821,0
sz002659,0,1381,0
sh603399,0,1062,0
sz000996,19192,11578,0
sh601222,12038,7968,0
sz000799,3815,5509,0
sz300561,0,0,0
sz002719,0,0,0
sh603329,10401,37431,3745
sh603929,0,0,0
sz000898,214359,160348,12425
sz300089,0,1100,0
sh600624,0,0,0
sz002473,0,0,0
sh600143,15738,3040,0
sz002837,0,0,0
sh600513,0,0,0
sh600515,3279,7839,0
sh600248,0,0,0
sh600600,17381,21002,638
sh600816,31581,6886,1127
sh603869,0,0,0
sz000586,0,0,0
sz002540,0,0,0
sh603900,0,0,0
sz300251,5566,10974,0
sz002759,0,0,0
sz002801,0,327,0
sh600207,0,0,0
sz000049,0,3071,0
sh600184,0,600,0
sz002752,4520,3522,0
sh603183,339,849,0
sh601155,51481,33126,2414
sz300030,0,0,0
sh600188,53034,43717,2863
sz000069,470389,356999,15103
sh603586,0,0,0
sz300234,0,0,0
sh603717,1257,0,0
sz002919,297,0,0
sz000501,2164,1446,0
sz300657,4808,2198,0
sh600295,0,1097,0
sz000032,0,0,0
sz002544,0,701,0
sh600529,0,671,0
sz002439,7870,2657,0
sh600533,6010,11015,0
sz002892,0,0,0
sz000887,0,1265,0
sz000971,0,994,0
sz000978,2834,0,0
sh600821,0,0,0
sz000692,0,0,0
sz000572,8526,2448,0
sh603288,0,282,0
sz000010,2108,0,0
sz300151,0,0,0
sh603336,521,0,0
sh603878,0,748,0
sh600850,0,0,0
sz300126,0,0,0
sh600742,734,0,0
sh600681,0,0,0
sh603222,0,928,0
sh600239,65532,143790,1752
sz002876,168,483,0
sz002231,0,0,0
sz000158,0,0,0
sz002080,879,1810,0
sh601010,0,0,0
sz002603,0,4267,0
sz002046,0,0,0
sz300413,400,1463,0
sz300565,0,0,0
sz000651,161411,188553,18562
sz300077,17125,22864,0
sh603238,0,0,0
sz300075,0,0,0
sz000739,2104,4938,0
sz002353,0,2572,0
sz000543,14721,6464,0
sh603858,9464,7753,2389
sh603186,0,0,0
sz000420,0,0,0
sh603859,522,0,0
sz300198,56713,9644,0
sz002682,0,0,0
sz300697,0,2580,0
sz002916,17871,14235,1459
sh600072,0,1071,0
sz002657,2496,2181,0
sz300239,0,0,0
sz300517,0,0,0
sz002318,0,0,0
sz300360,0,0,0
sz000761,37010,94888,0
sz002768,0,0,0
sz002549,0,0,0
sz300036,2443,710,0
sz002247,2186,0,0
sz002860,0,0,0
sz300668,8831,9927,4979
sz300418,10417,6367,0
sz300670,0,0,0
sh600725,0,0,0
sz002411,1616,0,0
sh600446,11899,8970,0
sz002341,0,0,0
sz002204,0,0,0
sh600792,0,2814,0
sz000627,11737,5053,0
sz300423,0,0,0
sz000411,0,521,0
sz300281,0,0,0
sz002757,683,2763,0
sz300438,0,0,0
sh600355,0,1723,0
sz002655,0,3125,0
sh600765,0,0,0
sh600749,0,0,0
sh600655,0,2066,0
sz002479,7955,2122,0
sh603002,0,2348,0
sz000881,0,1000,0
sz300041,0,1107,0
sh601020,0,0,0
sz000609,0,0,0
sz000720,0,2913,0
sh600373,0,656,0
sh600426,11547,13858,1480
sz002845,0,648,0
sh600691,7614,73788,0
sh603355,401,692,0
sz002413,0,0,0
sz300102,0,4628,0
sz300633,0,0,0
sz002426,9389,12325,0
sh603569,0,0,0
sh600867,3004,12231,0
sz002382,19642,17328,862
sz002444,1072,10792,0
sh603232,0,0,0
sz002862,0,0,0
sz002747,0,0,0
sz300470,2137,1198,0
sz002514,0,1500,0
sz002566,0,0,0
sz002146,317742,340803,21369
sh600182,0,0,0
sh600328,11807,9152,0
sh603637,0,0,0
sz002654,0,0,0
sh600126,1505,0,0
sh600569,78740,81048,0
sz002499,0,600,0
sz000657,0,0,0
sz002498,0,0,0
sh600177,21486,10186,0
sz002280,10141,4776,0
sz000610,0,0,0
sz002869,346,0,0
sz002261,0,0,0
sz002722,0,582,0
sh603676,19864,21767,6769
sh601899,860643,880793,0
sh601229,283048,173579,2481
sh600536,0,0,0
sz300706,286,727,0
sz300499,0,0,0
sz300684,0,5829,0
sh600117,0,2148,0
sz002564,0,0,0
sz002674,0,0,0
sh600320,5422,54841,0
sz300291,28781,13877,0
sz300426,782,0,0
sz002708,0,0,0
sz002583,2971,691,0
sz300655,0,0,0
sh600651,0,0,0
sh603159,0,0,0
sh603239,0,0,0
sh600080,5159,0,0
sz002307,100798,41465,3376
sz002593,0,0,0
sz000563,39812,39591,0
sz002351,0,0,0
sz002709,0,275,0
sz002763,0,0,0
sh600377,15936,3273,0
sh601777,0,1875,0
sz002868,0,0,0
sh600728,0,3000,0
sz000633,4400,0,0
sz002731,0,0,0
sz002646,0,0,0
sz002743,48387,28699,2673
sh603611,0,0,0
sh603969,2777,0,0
sh600520,557,979,0
sz000990,0,936,0
sz300705,355,373,0
sz300264,0,0,0
sh603890,2126,2799,0
sh601872,0,0,0
sh600119,1030,0,0
sh601677,0,3081,0
sz002311,504,0,0
sz002222,1000,2955,0
sz002110,32674,27753,4419
sz002145,0,4732,0
sz000848,12643,4098,0
sz002302,10760,7526,1782
sz002091,0,1201,0
sz300009,2669,3579,0
sh601012,88226,56553,6137
sz000885,0,1374,0
sz000823,775,5142,0
sh600560,0,0,0
sz002174,983,1687,0
sz000671,158068,90516,2125
sz300692,1036,462,0
sz002899,0,0,0
sz002254,21857,1950,0
sh600663,638,0,0
sz002074,1037,6988,0
sz000611,0,0,0
sz300615,0,0,0
sh600538,1860,0,0
sh600617,0,0,0
sz300439,0,0,0
sz002237,4269,5246,0
sz000902,1300,3494,0
sh600020,5436,23487,0
sh603081,800,0,0
sz300261,0,0,0
sh603721,0,927,0
sh600586,0,4929,0
sz002556,4604,19594,0
sz300022,0,0,0
sz002180,3958,29906,0
sh600726,0,0,0
sz300034,0,0,0
sh601311,0,5728,0
sz000503,10781,13480,1272
sh600582,10993,7108,0
sh603817,0,0,0
sz300322,0,3854,0
sz300174,0,0,0
sh603628,0,0,0
sh600330,5717,3137,0
sh603589,1723,4776,0
sz000615,6387,4554,0
sh600319,0,0,0
sz002510,1795,5328,0
sh601811,0,0,0
sh603580,0,0,0
sh603466,0,251,0
sh603683,37207,44849,9364
sh600316,1898,1946,0
sz000070,0,0,0
sh603179,0,608,0
sz000851,0,6759,3256
sh603776,235,190,0
sh600392,34195,41356,1742
sh603138,267,800,0
sh600193,0,0,0
sz300709,186,150,0
sh603077,31967,12170,0
sz000923,0,0,0
sz000733,0,0,0
sz001696,0,0,0
sz300210,0,0,0
sz002126,0,2693,0
sz002123,0,1500,0
sh603906,0,0,0
sz002193,6559,647,0
sh600240,3961,4200,0
sh600552,0,4941,0
sh601186,48100,93055,3099
sh603558,0,0,0
sh600831,0,0,0
sh603088,0,0,0
sz300510,0,0,0
sz300187,1257,1651,0
sz300002,29586,35223,1704
sh603337,0,0,0
sh603098,2041,9673,0
sz002600,4992,18489,0
sz300111,0,0,0
sz300545,202,0,0
sz000026,0,0,0
sh603603,0,354,0
sz002742,1622,0,0
sz000750,107169,30809,0
sh600856,18398,30195,0
sz002875,0,0,0
sz002721,48189,11068,4245
sh600680,0,1372,0
sz000048,0,0,0
sz300040,0,0,0
sh601799,0,1004,0
sz002349,0,0,0
sz000533,0,3200,0
sz002339,0,0,0
sh603289,3833,4286,541
sh600300,0,0,0
sh601998,402391,468907,26121
sh603977,0,0,0
sz002190,0,625,0
sz002714,2342,6020,0
sz002681,1000,0,0
sz002800,0,0,0
sz300489,0,0,0
sz300427,0,0,0
sh600061,5280,1942,0
sh600876,0,0,0
sz002179,6822,9080,0
sz002789,0,0,0
sh600018,125943,56194,0
sh600372,745,0,0
sh603988,0,386,0
sh603813,0,0,0
sh603703,0,0,0
sh600730,0,4367,0
sz002331,0,0,0
sz000526,396,450,0
sz002569,0,0,0
sz000407,9928,0,0
sh603856,1021,1125,0
sz002368,1454,0,0
sh603029,0,552,0
sz002559,2842,0,1146
sz000636,22431,43945,0
sz300654,0,0,580
sz002536,2171,1033,0
sh600759,0,16477,0
sz002401,0,0,0
sh600490,3791,23517,0
sh603669,0,0,0
sh600597,1533,6554,0
sz000425,276821,237832,0
sh603716,0,223,0
sz000691,0,0,0
sz002223,1632,2735,0
sz000908,0,2084,0
sz300720,467,0,0
sh600881,6942,14491,0
sz000607,0,0,0
sh600171,10963,19126,0
sz300584,0,0,0
sh601999,0,1446,0
sz002528,0,2865,0
sz300175,0,0,0
sh600199,1979,1538,0
sz002152,17489,31531,0
sz002375,0,2952,0
sh603689,0,3745,0
sz002850,0,0,0
sz000816,0,0,0
sh603198,561,601,0
sz002893,1473,1806,0
sh603393,0,649,0
sz000666,0,4166,0
sz000779,0,0,0
sh600557,0,0,0
sz002810,0,0,0
sz300097,0,1000,0
sz002043,0,1861,0
sh600139,0,0,0
sh600987,0,1000,0
sz002913,479,273,0
sz002282,0,0,0
sz002329,0,0,0
sz002059,0,0,0
sz300067,0,9512,0
sz000758,2017,4072,0
sz002573,3222,12848,0
sz002377,0,0,0
sz002567,0,1849,0
sz000528,8249,8937,0
sz300682,0,0,0
sh600037,823,0,0
sz000589,0,0,0
sh600781,0,0,0
sh603818,0,0,0
sh603033,0,0,0
sz300596,0,0,0
sz002610,93890,83642,0
sz300153,0,0,0
sz002370,0,0,1121
sz000716,0,0,0
sz002541,0,0,0
sh600459,0,0,0
sh600011,53308,3090,0
sz300395,0,0,0
sz002243,0,0,0
sz002171,0,0,0
sz002089,0,2175,0
sz002497,8762,31154,0
sh600222,0,0,0
sh600223,6337,0,0
sh601688,308160,293194,18963
sh603365,0,0,0
sh600712,0,0,0
sh600353,2959,4175,0
sz300598,0,0,0
sz300027,19732,31561,0
sz300101,776,0,0
sz300110,12110,1680,800
sz002057,0,2700,0
sh600351,0,0,0
sz300001,0,0,0
sz300366,0,0,0
sz002584,579,2013,0
sz002360,0,0,0
sh600389,0,0,0
sh600708,12446,10150,0
sz300178,0,0,0
sz300237,1050,0,0
sh600488,0,2100,0
sh600805,0,2395,0
sz000514,6316,0,0
sz002632,0,0,0
sz000705,0,0,0
sz002040,0,0,0
sh601177,1516,0,0
sz002117,1610,0,0
sz000821,1477,0,0
sh603136,1975,800,0
sz002320,2569,2415,0
sh603050,0,646,0
sz000921,1990,5057,1480
sh603188,0,1937,0
sz300006,0,3972,0
sh600403,0,0,0
sz000665,0,3380,0
sz300285,901,1100,0
sh600452,400,0,0
sz002316,0,0,0
sz002816,0,0,0
sh603113,0,1253,0
sh603757,0,0,0
sz300227,0,0,0
sh603811,361,0,0
sz000987,11397,0,0
sz002636,0,2688,0
sz000935,697,2012,0
sh600000,494851,552216,17570
sz300189,10000,0,0
sz000728,106149,63901,1420
sz300695,139,123,0
sz002150,0,0,0
sz002114,1560,1755,0
sz002192,3985,0,0
sh600322,0,0,0
sz002133,0,3787,0
sh600690,122965,139938,8122
sh600698,2913,0,0
sz002884,0,201,0
sz002166,1242,3393,0
sz300191,0,1271,0
sz300451,700,0,0
sz000880,2700,0,0
sz000620,0,0,0
sz002909,0,631,0
sh600996,0,9543,0
sh603556,0,0,0
sz000599,0,4700,0
sz300609,0,0,0
sz002711,19116,4682,0
sz002617,0,700,0
sz002421,0,15672,0
sh600176,39962,52352,2025
sh601228,2535,5085,0
sz002006,0,0,0
sz300074,1312,3757,0
sh601882,0,0,0
sh603020,0,0,0
sh600630,0,0,0
sz000018,0,1725,0
sh600116,3100,1745,0
sz300515,0,0,0
sz002348,0,2000,0
sz000524,0,0,0
sh600604,3429,3048,0
sz002486,11631,0,0
sh601515,0,0,0
sh601198,54330,75026,0
sh600496,2544,5526,0
sz002047,0,3300,0
sh600847,0,0,0
sz300497,290,300,0
sh600237,0,6959,0
sz002771,0,0,0
sh601988,2100728,2281217,21730
sz002238,0,0,0
sz002420,0,0,0
sz002690,0,909,0
sz300130,0,862,0
sh600379,0,0,0
sz002511,4469,10855,0
sz300301,5898,0,0
sz002476,0,0,0
sz002883,316,450,0
sz300688,201,0,0
sh603026,0,439,0
sz002281,7547,21619,0
sh600136,0,1010,0
sz002861,0,0,0
sh600493,3500,7209,0
sz002758,0,0,0
sh603991,0,0,0
sz300259,0,0,0
sh603860,1007,0,469
sh600380,4584,18968,0
sz000839,19351,61471,0
sh600486,856,928,0
sz002424,0,0,0
sh603037,0,406,0
sh600621,44907,17871,3120
sz300483,0,0,0
sz300546,0,0,0
sh601116,513,570,0
sh600572,0,3149,0
sz300294,351,719,0
sz002172,2863,0,0
sh603899,1452,2402,0
sh600521,424,3053,531
sh600266,56705,22128,2928
sh600764,0,0,0
sz300341,0,0,0
sh603019,11608,10886,312
sh601009,505999,516241,35156
sz002052,0,0,0
sh600875,10604,12179,0
sh600976,1940,1527,0
sh600736,0,0,0
sz300637,0,0,0
sz000020,0,0,0
sh603886,0,0,0
sz000028,0,3251,1689
sh600592,0,1000,0
sz002588,3507,0,0
sz000922,0,0,0
sh600609,1613,0,0
sh600885,613,594,0
sh600673,10196,16584,0
sh603110,0,354,0
sh600873,21587,9613,0
sz300462,0,0,0
sh600360,0,5220,0
sz002589,2000,2409,0
sz000608,0,0,0
sz000933,75166,116774,9193
sz300689,0,237,0
sz000909,0,0,0
sz300192,0,0,0
sh601595,0,500,0
sz000301,0,8256,0
sz300351,0,0,0
sz300537,0,0,0
sz300404,0,661,0
sz300114,0,0,0
sh600192,0,0,0
sh603579,0,0,0
sz000961,50122,124539,0
sz002649,1957,1000,0
sz300070,6319,9192,0
sz002120,0,313,0
sz002159,0,0,0
sh600988,0,0,0
sz002019,3875,14626,1006
sh600509,0,1949,0
sz002920,1880,2988,805
sz002258,19882,29394,1289
sh600755,175527,84777,3539
sz300300,0,0,0
sz300310,1400,3966,0
sh601108,362346,336273,45004
sz002332,1362,2018,0
sh603989,0,685,0
sz300469,0,312,0
sh603035,0,640,0
sz000058,8348,10532,13213
sh601021,0,0,0
sz002873,0,0,0
sz300550,0,0,0
sh600858,0,0,0
sh600401,0,0,0
sz000700,0,0,0
sz300319,0,0,0
sz002672,0,6490,0
sz300482,352,1289,0
sz002506,12482,39284,0
sh600812,0,0,0
sz002083,4500,0,0
sh600643,42954,12472,3208
sz000663,0,0,0
sh601607,41605,50046,3251
sh603199,0,3523,0
sz300212,1361,2307,0
sh603711,6975,4559,491
sh600345,977,341,0
sh600315,1838,1127,0
sh600883,0,0,0
sz002250,2285,16608,0
sh600017,17947,2909,0
sh600449,2279,3190,0
sz002151,24363,14232,2587
sh603357,529,4043,0
sz300350,0,0,0
sz000539,2304,6966,0
sz002015,0,5000,0
sh600963,0,0,0
sz000637,0,0,0
sz002185,15951,13573,0
sh600213,0,0,0
sz300226,9905,8444,994
sz002526,0,0,0
sz002625,0,0,0
sz300129,0,0,0
sz300076,0,0,0
sh603608,0,0,0
sh600800,0,0,0
sz300686,0,0,0
sh603027,801,0,0
sz000570,0,0,0
sz000711,7553,3036,0
sh600594,2685,6048,0
sh603366,0,0,0
sh600774,0,929,0
sz000541,12831,0,0
sz300091,2326,0,0
sh600478,0,0,0
sz002200,0,0,0
sh600809,8369,8798,377
sz300117,0,0,0
sz000903,0,3472,0
sz002437,8177,10666,0
sz002317,6906,10522,2517
sz300380,0,1007,0
sz300590,0,0,0
sz300162,0,1305,0
sz300047,0,1000,0
sh603679,410,0,0
sh603701,0,0,0
sh603535,442,503,0
sz002012,40465,24082,0
sh603015,0,0,0
sh603803,0,0,0
sh603828,0,0,0
sh600549,8666,11193,602
sh600629,0,0,0
sh600012,0,0,0
sh600348,15077,26487,0
sh600771,1034,0,0
sz000039,4357,17550,469
sz300516,0,0,0
sh603605,0,0,0
sz300476,1357,532,0
sz002847,0,0,0
sh600483,0,0,0
sz000409,0,1590,0
sz300098,1400,0,0
sz000883,0,6174,0
sz000401,14686,36460,0
sh603298,0,0,0
sh600247,0,0,0
sz002616,0,2456,0
sz002702,11856,4693,0
sh603599,0,0,0
sz000678,0,0,0
sz300069,0,0,0
sz002097,0,0,0
sz300042,1003,0,2209
sh600719,0,0,0
sh603768,0,0,0
sz002825,0,0,0
sh600333,1417,0,0
sh603737,0,237,0
sz002591,0,0,0
sh600048,609586,657997,46560
sh600290,0,0,0
sz002068,1000,1287,0
sh600325,71290,140067,0
sz300593,0,0,0
sz002910,2652,469,0
sz000989,1000,0,0
sz002656,0,0,0
sh600500,0,3383,0
sh603496,0,0,0
sz002826,2396,1891,0
sh600645,34303,14551,895
sz000050,6910,10610,0
sh600158,1000,1273,0
sh601002,0,14826,0
sz002812,513,0,0
sz002201,1000,0,0
sz002838,0,0,0
sz300559,0,0,0
sz300232,969,1003,0
sh600992,9265,24472,1101
sz000530,0,2560,0
sz300636,0,0,0
sh600121,0,0,0
sz000617,847,717,0
sh600406,99834,44555,690
sh603861,0,0,0
sz002389,3198,1357,0
sh603696,0,0,0
sz000965,0,0,0
sh601789,4745,0,0
sz300557,0,0,0
sh601016,0,0,0
sh600789,9687,13083,0
sh603111,2948,1860,0
sz002821,0,0,0
sz002255,0,0,0
sh600845,0,0,0
sz000949,0,0,0
sz002355,3013,1893,0
sh600298,4743,10467,401
sz002863,30148,57161,2008
sh600095,8003,0,0
sh603688,0,0,0
sz300155,0,0,0
sz300062,0,0,0
sh601388,27984,14552,0
sh600109,126657,64747,0
sz300196,0,0,0
sh600853,0,0,0
sh600618,0,0,0
sz000915,2837,3660,377
sz300449,0,0,0
sz002483,0,0,0
sh600833,0,0,0
sz002256,29230,16682,2663
sz300349,277,946,0
sh600602,0,0,0
sz000929,0,0,0
sz002069,0,0,0
sh600114,7162,4064,0
sh603168,0,0,0
sh600773,4093,9972,0
sz300136,35884,43421,4351
sz000882,0,3651,0
sz002608,1000,0,0
sz002076,0,0,0
sz002252,0,1653,0
sh600576,0,0,0
sh603568,0,809,0
sz002456,43400,52396,2059
sz300730,1877,567,497
sz300138,1000,0,0
sh600425,2616,3033,0
sz002029,1879,0,0
sz000981,2953,1579,0
sh600160,7087,7001,0
sz000919,0,0,0
sz000655,0,0,0
sz000421,0,0,0
sh603987,0,0,0
sz000959,4175,9559,0
sz300683,0,0,0
sz002063,123230,97623,2939
sz002284,0,1228,0
sz300100,785,0,0
sh601101,2753,3654,0
sh603725,0,2640,0
sz000725,7884714,6088659,16255
sz300691,0,0,0
sz300185,35750,0,0
sz002070,6990,0,0
sz300465,1328,1158,0
sh600780,0,0,0
sh600338,300,1097,0
sz300669,0,0,0
sz002041,2014,5892,0
sz300627,306,225,0
sz002266,0,0,0
sz002648,16170,14079,1103
sz002630,0,0,0
sz300252,0,0,0
sz000559,5341,1500,0
sh600027,59789,41673,0
sz000905,1822,1385,0
sz300326,0,0,0
sz300181,0,2504,0
sh600834,0,0,0
sh603726,0,0,0
sz300587,0,0,0
sz002797,1189362,676677,47850
sz300389,5523,5562,854
sh601890,8838,4013,0
sh600354,0,2919,0
sz002775,516,0,0
sh600811,6200,6085,0
sh603638,0,0,0
sh603458,2981,615,213
sz002356,1027,0,0
sz002365,708,300,0
sh600068,144467,136469,1362
sz002643,975,1668,0
sh600623,19887,22971,5924
sh603268,0,0,0
sh600758,0,0,0
sh603993,384920,487324,11782
sz300057,0,0,0
sh600590,1332,0,0
sz002505,4374,15560,0
sz002350,0,0,0
sz001896,0,0,0
sz000788,0,0,0
sz300119,0,0,0
sz300435,0,0,0
sz000548,0,0,0
sh601336,60907,68176,5703
sz002857,0,0,0
sh603639,0,0,0
sz300401,1193,2550,0
sz002209,0,3670,0
sz002419,7834,2096,0
sz300522,0,0,0
sz300711,4122,2271,0
sz002734,0,0,0
sz300696,250,365,0
sz002827,0,0,0
sz300712,494,0,0
sz300437,0,0,0
sh600661,1785,490,0
sz000768,6828,20435,0
sz300397,0,0,0
sz000972,0,3199,0
sz002113,0,0,0
sz002664,517,603,0
sz002024,60094,120107,6339
sz300103,0,0,0
sz002563,1500,1218,0
sh600827,1930,0,0
sz002900,0,0,0
sz300569,0,499,0
sz002044,866,1592,0
sz002519,0,0,0
sz300468,0,1541,479
sz002796,0,0,0
sh603006,0,905,0
sh601390,42196,100885,0
sh600970,2171,38780,0
sz002638,0,3270,0
sz300046,0,0,0
sz300447,0,0,0
sh600887,188072,226674,11580
sh600306,0,0,0
sz300064,6536,2703,0
sz300193,0,0,0
sz300142,12493,11969,726
sz300172,0,0,0
sz002852,0,0,0
sz000582,0,2171,0
sh600006,3936,3000,0
sz000027,0,5101,0
sh601800,30364,52704,0
sz300168,0,999,0
sz300332,0,0,0
sz000860,5311,4007,0
sz002295,2301,0,0
sh600836,0,0,0
sz002335,0,0,0
sz002463,3004,31068,0
sz300501,0,0,0
sh600865,0,0,0
sz000605,0,0,0
sz002119,0,0,0
sz002148,18359,13684,0
sz002490,0,0,0
sz002170,0,0,0
sz002343,583,1062,0
sh600125,4368,12283,0
sz300400,0,0,0
sh600763,2945,1597,375
sz300528,0,0,0
sz300673,0,0,0
sh603661,0,582,0
sz002157,0,33711,0
sz000820,260898,36396,1737
sh603166,0,0,0
sh600128,0,2847,0
sh600285,3405,0,0
sh600368,4199,0,0
sh603010,0,0,0
sz300595,269,0,0
sz000558,8301,0,0
sz000513,599,2309,0
sz300652,0,0,0
sh603328,0,804,0
sz002402,2371,1515,0
sz002095,2851,477,0
sh601689,0,3195,900
sh603685,0,292,0
sh603001,0,800,0
sz300311,0,0,0
sh601326,3387,4493,0
sz002760,8619,11273,0
sh600501,0,0,0
sz300033,16795,5323,231
sh600209,18912,12225,0
sh601555,61628,37651,0
sz300059,681262,452429,34157
sh600933,5342,2868,0
sh600133,1109,3878,0
sh603800,0,0,0
sz002276,0,0,0
sz002087,0,5600,0
sh601212,10160,7009,0
sz300625,0,0,0
sz002450,31834,37472,1122
sz002665,7810,40200,0
sh600962,0,0,0
sh603042,0,0,0
sh600550,7990,0,0
sh601011,10864,32601,0
sz000810,0,0,0
sz000889,0,0,0
sz300183,0,1371,0
sz002397,23099,21507,1605
sz002232,0,0,0
sz300287,0,0,0
sh601366,0,951,0
sz002849,0,0,0
sz002653,0,0,0
sz002127,2986,14432,0
sh603730,0,0,0
sh600825,0,0,0
sh600647,0,0,0
sz002558,0,0,0
sh603277,517,0,0
sh600735,0,1003,0
sz000099,0,0,0
sz002609,0,0,0
sz300718,680,297,0
sh601199,0,0,0
sh600149,0,1830,0
sz000650,0,4695,0
sz300495,5135,2378,0
sh600104,70187,64859,669
sh600107,892,0,0
sz000060,45856,32503,0
sz000667,52596,85504,0
sh603916,1888,2908,0
sh600091,0,0,0
sz300199,1742,3337,0
sz002481,4192,13306,0
sz000756,931,6060,0
sz002912,6382,5754,0
sz300270,0,0,0
sz300339,0,0,0
sh600339,13429,30186,0
sh603978,0,281,0
sh600660,5035,5351,0
sz300373,937,1458,0
sz002785,0,0,0
sz300416,0,0,0
sz002118,14648,11499,0
sz002141,3780,1610,0
sh600561,0,1550,0
sz002032,515,526,0
sz002620,0,0,0
sz300144,6309,4347,0
sh600313,0,0,0
sz300589,0,0,0
sz000966,0,2957,0
sz002572,2984,4805,507
sh600652,4940,23524,0
sh601100,1520,0,0
sz002805,0,0,0
sz000702,0,0,0
sz002210,22816,3165,0
sz002601,4364,20614,0
sz002203,0,0,0
sz002116,0,0,0
sz300690,0,238,0
sz002557,0,1225,0
sz002688,0,0,0
sh600170,21258,77694,0
sz000888,1382,0,0
sz300161,0,0,0
sh601801,0,3000,0
sh600156,0,0,0
sh600741,31168,32047,0
sz300434,0,0,0
sh600909,187000,48421,1240
sz000876,27797,57859,0
sh600162,32704,52899,0
sh603518,0,0,0
sz002818,0,0,0
sh603707,774,0,0
sz300487,49549,70945,4786
sz300257,944,816,0
sz002658,0,0,0
sh600692,4679,7269,0
sz300219,0,1537,0
sz300078,3667,3806,0
sh603345,0,0,0
sh600841,0,0,0
sz000819,0,900,0
sh601179,2662,9776,0
sz300012,9652,0,0
sz002890,0,0,0
sz300337,0,0,0
sh603338,0,168,0
sz002612,0,0,0
sz002666,45618,4484,4733
sh603321,5748,9944,0
sh603997,0,0,0
sz002746,0,0,0
sh600481,0,0,0
sz000695,0,0,0
sh600683,0,0,0
sh603926,0,0,0
sz300649,4203,0,0
sz300096,0,1905,0
sh600653,0,0,0
sz300542,2977,4783,0
sz002264,1986,5311,0
sh600684,4703,39246,0
sz002323,0,0,0
sh603888,0,0,0
sz000155,0,5955,0
sh603779,0,0,0
sh600668,1371,800,0
sz002736,203135,158967,11084
sz002907,38638,69038,10575
sz002613,0,0,0
sz000676,0,0,0
sh601368,0,0,0
sz000534,7692,0,0
sz300241,3154,1804,0
sh601939,701706,761650,22107
sz002327,3518,4540,0
sh600166,45040,68649,0
sh600512,0,0,0
sh600843,0,0,0
sz002416,0,4573,0
sz002158,1181,3953,0
sz002678,0,0,0
sz300566,0,529,0
sz300200,1076,0,0
sz000806,38064,72896,0
sh601668,2294273,2552180,66686
sh601888,3605,4245,0
sz002077,0,0,0
sz300592,0,0,0
sh600814,0,0,0
sh600633,733,2890,0
sz002156,7859,9409,1032
sz002115,0,0,0
sz300363,0,1600,0
sz000428,0,0,0
sz300207,3169,11215,0
sh600030,1526564,1451370,154014
sz300723,630,4607,268
sz002475,41456,24733,0
sz002385,10858,37890,0
sh600801,8215,23760,0
sz002138,3550,12363,831
sh601188,0,0,0
sh603883,271,0,0
sz300446,0,0,0
sh600638,700,0,0
sz300485,370,0,0
sz000813,0,0,0
sz002782,0,0,0
sz000727,6687,10726,0
sh600567,130424,182833,0
sz002129,33243,88920,0
sz002842,0,0,0
sz002011,0,0,0
sh600579,0,0,0
sh603060,0,0,0
sz002214,0,3699,0
sz300597,0,563,0
