sz001965,38361,39625,0
sh600649,0,22973,0
sh600114,0,0,0
sz002258,468,3657,0
sz002370,0,0,0
sz002906,860,0,0
sh603166,0,0,0
sz300056,0,0,0
sz002643,0,0,0
sh600503,2333,0,0
sz300542,1192,1094,1571
sh600426,14037,20988,1382
sz300710,0,0,0
sh603305,494,2178,0
sh600874,23272,12210,0
sh600812,0,0,0
sh600597,0,2568,0
sz300456,0,0,0
sz300516,0,0,0
sz002759,0,0,0
sz300540,0,0,0
sz002400,3771,2813,0
sz002553,0,0,0
sz300581,0,0,0
sz000889,1427,0,0
sz002008,6930,6456,0
sz002349,0,0,0
sh600595,0,0,0
sh601088,53509,60114,2267
sh603678,0,0,0
sh600354,20337,36958,11665
sz300031,2000,0,0
sz300437,0,0,0
sh600115,54825,115125,0
sz002634,0,0,0
sz300600,0,0,0
sz002875,950,0,0
sh600021,0,0,0
sz002344,0,0,0
sh600387,0,0,0
sz002367,0,0,0
sz300700,0,178,0
sh601238,568,484,0
sh603218,0,0,0
sz002211,2015,15530,0
sz300729,0,0,0
sz002748,0,0,0
sh603536,0,0,0
sh600343,0,1238,0
sz300450,862,530,0
sh600975,0,0,0
sz300541,0,0,0
sz002519,0,0,0
sz300703,0,0,0
sz000968,3787,7070,0
sz300641,0,0,0
sh603701,0,0,0
sh601288,1099321,1109746,0
sz002627,0,0,0
sz002891,0,0,0
sz300567,0,0,0
sz002073,11401,128311,1478
sz300561,0,0,0
sz002773,0,0,0
sz002571,0,0,0
sz002020,2330,0,0
sz002783,0,0,0
sz000701,0,0,0
sh600875,22467,37871,0
sz000028,0,0,0
sz300478,0,0,0
sz002155,1494,2243,0
sz300736,0,0,0
sh603336,0,0,0
sz000536,0,0,0
sz002420,0,0,0
sz002052,0,0,0
sz000538,2134,3362,0
sh603377,0,494,0
sh601608,3146,10564,0
sz000998,9943,4150,0
sz002846,0,0,0
sz002513,0,0,0
sz000506,0,0,0
sh600744,6786,0,0
sz002378,0,0,0
sh600422,3706,56446,0
sh603855,0,0,0
sz000301,2813,1755,0
sz000898,47861,41391,0
sz300359,2339,0,0
sz000967,0,1666,0
sz002843,0,0,0
sh600496,0,0,0
sh600038,1703,901,0
sh603535,0,0,0
sz300349,0,0,0
sz000089,0,1508,0
sz002821,0,0,0
sh603167,0,0,0
sh600435,5175,0,0
sz002180,0,404,0
sh603337,0,0,0
sz002144,0,0,0
sz300178,0,0,0
sh600295,816,0,0
sz300059,150640,240844,1261
sh600790,0,0,0
sh603389,0,0,0
sz002078,25797,19408,822
sz000687,1435,0,0
sz300498,1608,3079,0
sz300617,0,0,0
sz002534,0,0,0
sh601012,56215,63557,4873
sz300461,0,0,0
sz002081,2580,16677,1517
sh600610,0,2400,0
sz002712,0,0,0
sz300112,0,0,0
sz300545,0,0,0
sh603633,0,0,0
sz300685,0,0,0
sh600779,6111,1444,525
sh600985,8919,3085,0
sz300653,0,0,0
sh603578,647,613,0
sz300088,17845,21296,0
sz002424,0,1057,0
sh603012,0,0,0
sz300315,21300,28154,0
sh603298,0,0,0
sz002495,0,0,0
sz300009,1612,5214,0
sz300397,0,0,0
sz002019,0,0,0
sz300343,710,5055,0
sh600054,0,0,0
sh601198,0,3524,0
sz002845,0,0,0
sh603989,0,0,0
sz002797,35077,13684,0
sh603269,682,0,400
sz002094,2014,561,0
sh603258,0,0,0
sz000498,0,0,0
sh603566,0,0,0
sz300153,0,0,0
sz002371,1997,2523,496
sh600575,0,0,0
sz002415,35595,28290,3521
sz300204,0,0,0
sh600297,3576,0,0
sh600888,0,0,0
sz300613,0,0,0
sz002579,0,0,0
sz002406,0,0,0
sz002197,0,0,0
sz300127,0,0,0
sh603848,0,0,0
sh600827,0,0,0
sz300442,0,0,0
sz300382,3131,0,0
sz300637,0,0,0
sz002589,16274,0,0
sz000025,0,446,0
sz300319,0,0,0
sh600077,0,0,0
sz002835,0,0,0
sh600592,1243,1606,0
sz300663,0,0,0
sz002137,0,0,0
sz000736,0,0,0
sh600655,1390,1402,0
sz300552,0,0,0
sh601777,0,0,0
sh600139,0,3246,0
sh600501,1300,0,0
sh600089,12162,13282,0
sh600897,0,0,0
sz300407,0,2756,0
sh603922,0,0,0
sz002355,0,0,0
sz300327,0,700,0
sh603888,0,694,0
sh603306,0,2565,0
sz002282,0,0,0
sz300467,0,316,0
sz002209,0,0,0
sz002042,0,0,1501
sz300129,0,5347,0
sh603380,0,0,0
sz002283,0,0,0
sh600004,2430,1349,0
sz002007,415,641,0
sz002820,0,0,0
sz002062,0,0,0
sh603595,0,0,0
sz002583,12292,1046,0
sz002715,0,0,0
sz000716,0,0,0
sh600823,20529,26787,0
sz002027,81241,131708,1471
sh603518,0,0,0
sz000790,0,0,0
sz002119,0,0,0
sz002543,0,0,0
sz002265,0,0,0
sz000012,0,1699,0
sz300389,0,0,0
sz000726,0,0,0
sz300330,0,0,0
sh600018,120409,89370,4286
sz300226,1958,6843,229
sz300261,0,0,0
sz300586,4980,18467,0
sh600369,0,0,0
sz300174,0,0,0
sh600720,43512,22077,0
sz002330,14968,0,0
sh600015,79564,33321,0
sh603063,0,0,0
sh603637,0,0,0
sh601882,0,0,0
sh603978,0,0,0
sz300678,1559,227,0
sh600284,1713,0,0
sz002841,0,0,0
sz000837,0,0,0
sz300707,413,1251,0
sh600876,700,0,0
sz300017,30793,54880,0
sz300345,0,0,0
sh601258,109761,21659,0
sh601333,149444,63927,0
sz300262,0,0,0
sz002138,0,0,0
sh603838,0,0,0
sh600166,5000,5737,0
sz300723,0,0,0
sz000591,4199,0,0
sh600739,1610,1461,0
sh603101,0,0,0
sz000935,675,699,0
sh600391,0,1546,0
sz002733,0,0,0
sz300265,0,0,0
sz002500,19543,10594,0
sh603006,0,0,0
sh603996,663,0,0
sh600961,0,0,0
sz002097,2000,2711,0
sz000023,0,0,0
sz002612,1500,0,0
sz002602,721,1648,0
sh603208,0,0,0
sh600498,2275,3191,0
sh600585,52833,52697,2159
sz002387,0,2229,0
sh600305,0,1177,0
sz300306,0,0,0
sz300062,1735,0,0
sz002470,0,9640,0
sh600322,0,2000,0
sz300468,0,413,0
sh600055,0,2000,0
sz002594,2906,4499,0
sh603859,0,0,0
sh600530,0,17694,0
sz002624,0,0,0
sz002494,0,0,0
sh600408,0,0,0
sh603868,0,0,0
sz002169,0,0,0
sh600590,0,0,0
sz002719,0,0,0
sh603127,0,0,0
sz002912,460,209,0
sz000993,0,0,0
sh603607,0,0,0
sz300068,0,800,0
sz000672,15602,16205,1055
sz002539,0,0,0
sh601058,4444,0,0
sz002030,790,0,0
sz000026,0,0,0
sh600371,0,0,0
sz000985,0,0,0
sz300425,1423,1198,0
sh600694,0,600,0
sh600570,2570,4787,0
sh600318,0,0,0
sz002775,0,0,0
sh600027,7492,34917,0
sz300285,0,0,0
sz002093,0,0,0
sz002322,675,1402,0
sh603860,0,0,0
sz300664,554,734,0
sz300138,0,0,0
sz002339,0,0,0
sh600155,6681,3902,0
sz300484,0,0,0
sh603685,0,0,0
sh600393,0,10743,0
sh603039,0,0,0
sh600628,0,0,0
sz300194,0,0,0
sh603665,0,0,0
sh603656,0,0,0
sh603178,0,0,0
sz002630,0,0,0
sh600143,0,0,0
sh600095,7109,0,0
sh600367,0,0,0
sh600333,2340,0,0
sh600460,98464,111942,2158
sz300046,0,0,0
sz300304,1665,0,0
sh600110,1572,4562,0
sz002919,400,400,0
sz002528,0,0,0
sz300250,0,0,0
sz002813,0,0,0
sz000401,253730,246062,25420
sh603226,0,0,0
sz000756,0,896,0
sz000567,1067,2480,0
sh603612,0,343,0
sh603933,0,0,0
sz000662,20505,7233,0
sz002167,2248,1449,0
sz002899,0,0,0
sh600149,3610,0,0
sh601567,0,0,0
sz002186,0,0,0
sz300284,0,0,0
sz000791,0,0,0
sz002373,2641,2864,904
sz002156,1110,5173,0
sz000823,0,1468,0
sz300549,0,0,0
sh600547,7970,13103,0
sh600686,893,0,0
sz002021,9501,0,0
sz002228,0,0,0
sz002555,541,1175,0
sz000917,3000,5542,0
sz300114,0,0,0
sz300628,105,115,108
sz002681,0,0,0
sz002123,0,0,0
sz002574,0,0,0
sz002314,0,0,0
sz002614,0,0,0
sh600096,4264,2201,0
sz000407,0,0,0
sh601969,0,1508,0
sz002353,0,794,0
sh601229,40381,25568,0
sh603458,0,0,0
sh600362,45770,59670,0
sz300737,0,0,0
sh600346,10676,9185,0
sz000544,0,0,0
sz002819,0,0,0
sh600727,0,0,0
sh600862,0,0,0
sh600475,0,0,0
sz000897,0,0,0
sh600647,1000,0,0
sz300052,0,0,0
sh600406,5123,1420,0
sz300040,0,0,0
sz000951,0,0,0
sz000759,0,0,0
sh600748,0,0,0
sh600979,0,0,0
sz300604,0,0,0
sh600523,0,0,0
sh600350,0,0,0
sz300113,17018,20811,1307
sh600070,0,0,0
sh601799,203,0,0
sz002254,5653,880,0
sh603858,1071,1444,0
sz300727,0,0,0
sz000430,0,0,0
sz002723,0,0,0
sz000590,0,0,0
sh603616,0,1297,0
sh600081,0,0,0
sz002847,0,0,0
sz002586,0,6708,0
sh600153,6847,0,0
sz002511,2944,1810,0
sh600276,12595,9352,931
sh603056,2411,2682,0
sh603160,0,372,0
sz002044,2608,1179,0
sz300466,0,0,0
sz300321,0,0,0
sz002100,0,0,0
sz000659,0,0,0
sz300023,0,0,0
sz000686,7587,0,0
sz002840,4697,934,0
sz002430,0,0,0
sz002295,1389,0,0
sh600850,0,0,0
sh600249,0,0,0
sz002223,0,513,0
sh603077,0,18318,0
sh600884,16934,13825,566
sh603133,0,0,0
sz002157,6958,18908,0
sh603129,0,0,0
sz300553,0,0,0
sh603630,0,0,0
sz300416,0,0,0
sz000729,1531,6011,0
sh603601,0,0,0
sz300243,0,0,0
sh603999,0,0,0
sz000910,0,0,0
sh601616,0,0,0
sz002800,0,0,0
sh600782,93725,100267,0
sh603828,0,0,0
sz002188,0,0,0
sz002077,0,0,0
sh600160,43859,39169,0
sh601878,1567,3515,0
sz300440,0,0,0
sz002713,400,0,0
sz000878,9212,3450,0
sz002241,5824,22691,727
sz000584,0,786,0
sh600882,0,0,0
sz000795,0,0,0
sh603358,0,0,0
sz000656,18855,15309,0
sz002588,2036,2000,0
sz002751,0,0,0
sh600853,0,0,0
sz000521,0,0,0
sh600962,0,0,0
sh600815,0,0,0
sh603239,0,0,0
sh600232,0,0,0
sh600690,50615,52013,3381
sh603126,3810,13848,0
sz300291,4114,0,0
sh600576,0,0,0
sh600560,0,0,0
sh600173,0,0,0
sh600259,0,0,0
sz000920,0,0,0
sz300636,0,0,0
sz300196,0,0,0
sz002862,0,0,0
sz000546,0,0,0
sz300139,0,0,0
sz300163,0,0,0
sz000078,2389,0,0
sz300303,0,0,0
sz300336,1381,2222,0
sh603028,0,0,0
sz000830,176878,182155,21194
sh600714,0,0,0
sh603266,0,0,0
sz000603,1600,0,0
sh600470,3000,0,0
sz002050,1302,4532,0
sh600767,0,0,0
sz300183,0,0,0
sh600238,1403,0,0
sz002481,0,2868,0
sh603393,0,0,0
sh603188,883,0,0
sz002086,4010,0,0
sz300608,0,0,0
sh600810,43099,38143,5555
sz002408,1000,3129,0
sh600588,37834,40159,2949
sh603901,0,0,0
sh603199,0,0,0
sz002372,0,640,0
sh603816,0,301,0
sz300401,0,0,0
sh601186,20727,20776,0
sz300583,0,0,0
sz002531,0,1612,0
sh600338,853,355,0
sz300459,0,1000,0
sz002722,0,0,0
sz002826,0,0,0
sh600697,0,816,0
sz002182,1405,0,0
sh600215,0,6363,0
sh600743,2754,0,0
sz002676,4857,7692,0
sz002013,2438,2062,0
sh600540,0,0,0
sz002522,0,2888,0
sz000418,397,1204,0
sz300271,6882,12182,0
sz300328,0,0,0
sz002407,2085,1994,0
sh601226,0,0,0
sz000488,72575,41365,2001
sh600822,5937,7176,0
sz000043,0,0,0
sz300532,0,0,0
sz002489,0,0,0
sz000661,193,282,0
sh601117,6744,1570,0
sh603110,0,0,0
sz002253,0,0,0
sz002795,0,0,0
sz000758,6378,1942,0
sh603313,0,0,0
sh601900,0,1000,0
sh600468,0,0,0
sh601866,0,3495,0
sh603588,0,0,0
sz000681,4176,6406,0
sh600838,0,0,0
sz300378,0,962,0
sz002566,0,0,0
sh603089,0,0,0
sh603668,0,0,0
sz002394,0,0,0
sz300660,0,0,0
sz002746,0,0,0
sh601231,794,3964,0
sh600190,0,0,0
sz000568,800,4014,237
sh600598,16776,11972,0
sh600063,0,4454,0
sh600315,0,0,0
sh601886,0,0,0
sh600326,4392,2394,0
sh601928,0,1494,0
sz002505,11725,5000,0
sz000404,0,0,0
sz300195,0,0,0
sh600551,0,0,0
sz000657,0,0,0
sh600710,0,0,0
sz002527,0,0,0
sh603779,0,0,0
sh600665,0,0,0
sh600846,10430,2472,0
sh600519,9036,12826,2496
sh601872,0,0,0
sz000882,0,0,0
sz300351,0,0,0
sz002080,3342,0,0
sz000712,910,832,0
sz000541,0,0,0
sh600219,46232,54654,0
sh600761,0,0,0
sh603557,0,0,0
sz000004,0,0,0
sh600213,0,0,0
sz000973,0,0,0
sh603709,4699,7166,2996
sh603396,0,0,0
sz300563,0,0,0
sh600688,22150,27098,0
sz300520,0,0,0
sz000065,0,0,0
sz300668,0,0,0
sz000892,0,2522,0
sz300712,0,0,0
sh600780,0,0,0
sh603181,0,0,0
sz002680,0,0,0
sz002396,5553,4036,0
sh601601,17661,12257,284
sh603003,0,0,0
sh601899,599137,539978,7700
sz300479,0,0,0
sz300043,0,0,0
sz300496,3027,6645,0
sh601988,366827,282020,0
sz300595,0,0,0
sz000707,0,0,0
sh600246,0,11696,0
sh600511,875,748,0
sh600963,2455,10480,0
sh600796,0,0,0
sz002537,7532,0,0
sh603225,0,0,0
sh603367,0,2230,0
sh600578,0,0,0
sh600151,0,0,0
sz002492,0,0,0
sh600563,0,0,0
sz300201,0,0,0
sz002860,0,0,0
sz002308,2833,0,0
sh600765,0,0,0
sh601595,0,0,0
sh600624,0,0,0
sz300469,0,0,0
sh603655,0,1153,0
sh601999,0,0,0
sz000996,3300,10281,0
sz002864,0,0,0
sh600757,0,0,0
sz000529,0,0,0
sh603725,0,0,0
sz002276,0,1606,0
sz300034,0,0,0
sh600706,0,0,0
sz300076,0,0,0
sh603519,0,0,0
sz300427,0,0,0
sh603716,492,194,0
sh600867,3274,4605,0
sh603776,0,874,0
sz002743,2458,3131,0
sz300203,4147,3295,0
sh600839,35842,12596,0
sz000807,161041,123477,0
sh600969,0,0,0
sh603277,0,0,0
sz002025,576,0,0
sz000066,2579,8241,0
sh600683,0,0,0
sz002779,0,0,0
sz300074,0,0,0
sh603368,0,0,0
sz300164,0,2413,0
sz002706,0,0,0
sh600803,1708,1350,0
sz300124,3342,3225,601
sz300097,0,1487,0
sh600548,3118,0,0
sz000733,0,0,0
sz300462,0,0,0
sh600618,4032,0,0
sz002828,0,0,0
sz002770,0,0,0
sz300277,0,2152,1588
sz000605,0,27447,0
sh600619,0,0,0
sz002346,0,0,0
sz002221,3265,5953,0
sh600725,0,0,0
sh603806,0,0,0
sh603615,0,0,0
sh603958,0,0,0
sz300719,524,0,0
sz300191,0,0,0
sh600462,0,0,0
sh603228,949,1633,0
sh600482,0,1006,0
sh603758,0,0,0
sz000655,0,0,0
sz000630,31456,19930,0
sz002572,713,0,0
sh600596,42818,37094,4325
sh600240,0,0,0
sh600724,0,0,0
sz300507,0,0,0
sz002184,0,0,0
sh601888,11922,9709,465
sz002803,0,0,0
sh603038,0,0,0
sz002028,0,3480,0
sz300133,5259,26919,882
sz002878,0,0,0
sz300188,978,4771,0
sz002677,3629,2296,0
sh603326,0,0,0
sz300598,0,0,0
sh603156,4795,5377,1215
sz300042,0,0,0
sz000587,6522,7360,0
sh600073,0,0,0
sh601989,93090,143492,0
sh600845,0,1452,0
sz300486,0,0,0
sh603300,0,0,0
sz300081,1262,4415,0
sz002326,0,0,0
sz300463,0,0,0
sh603797,0,0,0
sz300272,0,0,0
sz002544,0,0,0
sz300352,3639,3563,0
sz300251,43094,99250,878
sh600630,0,0,0
sz300066,0,0,0
sh600090,0,2996,0
sz002824,0,0,0
sh600651,0,2317,0
sz002679,0,0,0
sh600415,0,2153,0
sh601952,1922,5117,0
sh600107,0,0,0
sz300154,0,0,0
sh600896,0,0,0
sh603098,1303,1621,0
sz000530,0,0,0
sh600730,0,0,0
sh600579,18610,9174,1471
sz300342,0,0,0
sz000600,16041,3590,0
sz300430,0,0,0
sz000761,17811,8859,0
sz300111,0,0,0
sz300472,0,0,0
sh600193,7592,4459,0
sz300099,0,0,0
sh600689,0,0,0
sh603338,0,321,0
sh600536,0,1002,0
sh603609,0,0,0
sh600620,0,0,0
sz300021,7961,2078,0
sz300648,0,0,0
sz000333,17027,25728,1142
sh600381,0,0,0
sz300202,0,0,0
sh603825,0,0,0
sz300299,0,0,0
sz002702,0,0,0
sh600891,0,0,0
sh600332,3225,3295,0
sz300476,1006,2064,0
sz002320,51377,30791,1194
sh600816,0,854,0
sz002145,0,0,0
sz300513,0,0,0
sh600802,0,0,0
sh600851,0,0,0
sz002896,0,0,0
sz300176,0,270,0
sh600067,0,0,0
sz300135,0,0,0
sz002884,0,0,0
sz300228,0,0,0
sz300144,2006,1824,0
sz002046,0,0,0
sh603886,0,1771,0
sz000576,10766,0,0
sz300281,0,0,0
sh600137,0,0,0
sz002351,0,0,0
sz000858,27174,36999,3193
sz002504,4037,0,0
sh600439,12212,0,0
sz000918,0,0,0
sh603722,783,0,0
sh603698,0,0,0
sz001696,2902,0,0
sh601199,0,0,0
sh600797,1066,3132,0
sh600936,0,0,0
sz300206,0,0,0
sz300264,0,0,0
sz000518,0,0,0
sz002487,0,0,0
sz002338,0,0,0
sz002263,35352,6858,0
sh600657,0,0,0
sh600353,0,0,0
sh600673,37673,59858,0
sh600377,4282,0,0
sh600863,0,0,0
sz002029,0,0,0
sz300631,0,0,0
sh603918,0,3948,0
sh603826,0,0,0
sh600197,7537,15683,0
sz000002,75164,69845,7956
sz002207,0,0,0
sz000554,0,0,0
sz002436,0,0,0
sz300673,0,0,0
sz002772,0,1017,0
sh600229,0,1231,0
sz300683,0,0,0
sh600513,0,0,0
sz000677,0,0,0
sz300039,0,4300,0
sh603658,0,0,0
sh600389,0,0,0
sz002422,846,7679,0
sh603025,601,0,0
sh601398,523217,622175,4856
sh600136,0,0,0
sh600636,0,0,0
sz002040,0,0,0
sh600301,0,0,0
sh600589,0,0,0
sh600645,3028,4268,0
sz300329,0,0,0
sz000550,0,0,0
sh600247,0,0,0
sz000937,24265,13220,0
sh600793,0,0,0
sh603283,1201,1010,0
sz000613,0,0,0
sz000409,0,0,0
sz300078,0,0,0
sz002336,0,0,0
sz300570,0,0,0
sh603676,0,0,0
sz300050,0,2773,0
sz002079,0,0,0
sz002088,0,0,0
sh601139,0,2200,0
sh600986,0,0,0
sh600736,0,0,0
sz002256,0,0,0
sz300180,1573,2000,934
sh600116,0,2918,0
sh601169,77121,23711,0
sz002117,0,0,0
sz300219,0,0,0
sz002629,0,0,0
sh600458,0,0,0
sz300421,0,0,0
sz300087,0,0,0
sz300499,0,0,0
sz300024,0,1343,0
sz002812,247,1056,101
sz300364,1516,4329,0
sz002287,0,0,0
sz300182,17818,18010,4012
sz002474,0,0,0
sz002625,0,0,0
sh600872,0,0,0
sz000813,0,0,0
sh601339,0,0,0
sz000593,0,0,0
sz000563,0,0,0
sz000553,0,0,0
sz000836,0,5328,0
sz300233,666,0,0
sz000665,0,0,0
sz000420,0,0,0
sh603600,0,0,0
sh601390,27185,28599,0
sz002102,2050,15593,0
sh600857,1127,0,0
sh600237,0,0,0
sz000921,0,1242,0
sh600861,0,0,0
sh600565,6464,0,0
sh601311,0,1154,0
sh601166,168834,166588,3565
sh603227,0,2800,0
sh603636,0,0,0
sh603648,1391,2409,0
sh600127,0,0,0
sz000009,5051,0,0
sh600099,0,0,0
sh600459,651,1412,0
sz000949,0,0,0
sh600171,5283,2333,0
sz002892,605,722,0
sh600281,0,0,0
sz002294,300,416,0
sz300675,7182,3174,397
sz000831,0,2084,0
sz002468,0,0,0
sz002255,0,0,0
sz300652,0,0,0
sz000158,0,0,0
sh601086,16074,2924,0
sz300715,423,692,0
sh603103,1268,5572,0
sz002279,1539,1321,0
sz000570,0,0,0
sh600584,6928,4821,722
sz002285,7546,14056,0
sz000708,2934,0,0
sz300276,0,0,0
sh600191,0,0,0
sz300082,0,0,0
sh600082,0,0,0
sz002194,0,2284,0
sz000826,1850,4859,810
sz002665,4435,3640,0
sz002418,7289,4302,0
sz300555,0,0,0
sz002231,0,0,0
sh603197,0,0,0
sz002275,0,0,0
sz002901,0,0,0
sh600317,4777,0,0
sz300179,0,0,0
sz000885,2663,0,0
sh600883,0,0,0
sz002872,0,0,0
sz002356,0,0,0
sh601368,0,0,0
sz300624,0,1156,0
sz002805,0,0,0
sz000520,0,0,0
sz002277,2446,2083,0
sh601678,8583,9026,0
sz300577,0,0,0
sz300494,0,0,0
sh601939,381298,330551,5333
sz300602,0,755,0
sz300489,0,0,0
sh600731,0,0,0
sz002280,5587,3935,0
sh603466,208,225,0
sz002446,0,0,0
sz002718,0,0,0
sz002499,0,0,0
sh600287,0,0,0
sz002761,0,0,0
sz002063,0,4975,0
sz002175,0,1406,0
sz300311,0,0,0
sh603311,0,0,0
sz002403,0,0,0
sz002768,438,1558,0
sz300213,14187,2514,0
sh603186,2057,6036,0
sz000919,0,0,0
sz000838,0,0,0
sz002623,0,0,0
sh600640,0,0,0
sh600623,81806,40645,2343
sz002618,0,0,0
sh603200,0,0,0
sz000881,0,1000,0
sz002111,0,0,0
sz002833,0,0,0
sz002224,2000,0,0
sz002488,0,4259,0
sh600056,866,0,0
sz002343,804,347,0
sz300638,0,0,0
sz000802,0,0,0
sh600438,20886,75036,1104
sz002363,0,0,0
sz300453,0,900,0
sh600386,0,0,0
sh600982,0,0,0
sz000908,0,0,0
sz300177,0,0,0
sz300406,0,0,0
sz300518,0,0,0
sz002328,0,0,0
sz002651,1912,0,0
sz002237,0,8304,0
sh600531,0,8630,0
sh600216,4842,6477,0
sz000800,0,3481,0
sh600919,56969,45359,0
sz000650,0,0,0
sh603885,0,0,0
sz002557,0,0,0
sz002174,0,581,0
sz002267,0,0,0
sz002374,0,0,0
sz000933,59448,40209,0
sz300318,0,0,0
sh603626,0,1488,0
sh600561,0,0,0
sh600260,0,1000,0
sh603661,0,0,0
sh600030,488280,492905,12484
sz300686,0,0,0
sh603517,0,0,0
sh600749,0,0,0
sh603976,0,0,0
sh600200,0,1250,0
sh603869,0,0,0
sh600375,0,0,0
sh603767,0,0,0
sz002485,0,0,0
sh600267,0,1224,0
sz300398,0,0,0
sz002230,33695,44632,3519
sz002732,0,0,0
sz002381,0,0,0
sz000815,872,963,0
sh600792,5283,0,0
sh601519,0,0,0
sz002916,19848,14536,2858
sh600035,0,0,0
sz300374,0,0,0
sh603456,0,0,0
sz300079,0,17243,0
sz300106,0,0,0
sz300008,1670,0,0
sz002640,2243,1021,1029
sh600379,0,0,0
sh603801,0,0,0
sh600557,0,1029,0
sh600233,0,0,0
sh603321,0,0,0
sh603233,0,0,0
sh600279,0,0,0
sz300688,0,0,0
sh603669,0,0,0
sz002206,0,0,0
sz000573,0,0,0
sz002763,0,0,0
sh600050,278450,252699,0
sh600844,0,0,0
sz300307,0,0,0
sh600745,0,1287,0
sz300390,0,0,0
sz002411,13905,3876,0
sz300576,0,0,0
sz002809,1011,0,0
sh601688,123346,142349,5209
sh600398,35101,45453,1011
sz300094,0,0,0
sz000423,4452,6470,586
sz002799,0,0,0
sh600252,0,5000,0
sh601666,36760,13292,0
sz002645,3100,1630,0
sh600764,0,0,0
sz300297,0,0,0
sh603165,302,0,0
sh601717,8279,0,0
sz300582,0,0,0
sz002269,0,0,0
sh601016,0,4000,0
sh603320,947,0,0
sh600313,47382,63251,0
sz300263,3000,0,0
sz300259,1360,0,0
sz000502,0,0,0
sz002639,0,1350,0
sz300633,0,0,0
sz002293,0,1116,0
sz002225,0,0,0
sh603308,0,0,0
sh601003,30008,32475,0
sh600307,33199,22478,0
sh603076,0,0,0
sz300447,0,0,0
sh600158,10136,10221,0
sz000893,15721,4196,0
sh600967,6597,13087,0
sz002760,11212,13633,0
sh600275,0,0,0
sh600423,0,0,0
sh600978,0,3680,0
sz002354,0,1021,0
sh600403,0,0,0
sh600777,0,11000,0
sz300192,0,0,0
sz300502,0,0,0
sz002390,12284,1546,0
sz002311,0,0,0
sh601668,660497,693434,2703
sz002472,0,0,0
sh601021,299,296,0
sz002043,0,953,0
sh603323,1685,4015,0
sz000810,0,0,0
sh600716,0,0,0
sz000623,494,555,0
sh603080,454,556,0
sh603800,0,0,0
sh600571,6024,6053,0
sh601901,0,3835,0
sh600768,0,0,0
sh600231,19320,11280,0
sz300010,38891,4311,0
sh600635,3365,4072,0
sz002457,30767,21019,0
sh600352,81711,112404,1815
sz300301,0,0,0
sz002154,4421,0,0
sz300287,2597,20592,0
sh603499,0,0,0
sh600185,6444,3102,0
sz002565,0,0,0
sz002925,18075,21754,3309
sh601558,0,0,0
sz002142,11958,14317,1041
sz002382,0,0,0
sh600997,1829,2000,0
sh601677,0,0,0
sh603579,0,0,0
sz000905,5552,2308,4472
sh603060,0,0,0
sz002695,0,0,0
sz002090,0,0,0
sz300282,0,0,0
sz300611,0,0,0
sz002792,0,0,0
sz000426,7413,11847,0
sz300296,0,2549,0
sz300403,0,0,0
sz000037,0,0,0
sz002006,0,0,0
sh600052,0,0,0
sh600000,71184,62837,812
sh600262,0,0,0
sh603679,0,0,0
sh600023,12139,3053,0
sz000673,68776,11485,0
sh603020,0,0,0
sh600500,1500,0,0
sz002671,0,0,0
sh600836,0,0,0
sh600455,0,0,0
sh600820,3374,1813,0
sz300515,0,0,0
sh603877,0,0,0
sh600660,5570,7318,0
sz000705,0,0,0
sz002171,0,0,0
sh603903,1182,1148,0
sz300475,0,0,0
sz002823,0,0,0
sh603388,0,0,0
sz300599,0,0,0
sz002452,0,2004,0
sh600789,90927,88064,1961
sh600881,0,0,0
sz000513,1820,3456,0
sz300041,0,13945,0
sz300083,10387,14801,0
sz002454,0,0,0
sz300523,0,0,0
sh600356,0,0,0
sh600770,0,0,0
sz300732,0,406,0
sz300669,0,0,0
sh600376,2564,0,0
sz300381,0,0,0
sh603030,0,0,0
sh600126,0,0,0
sz300230,0,851,0
sz002674,0,0,0
sh601228,16755,0,0
sz300531,0,0,0
sz002632,0,0,0
sh600676,0,0,0
sz300693,2011,2585,0
sz300605,0,0,0
sz300003,4118,862,684
sh601007,0,0,0
sz002375,0,0,0
sh603569,0,0,0
sz300257,0,0,0
sh600321,0,0,0
sz300157,4330,10842,0
sh600466,40659,26592,0
sz000543,3434,7234,0
sz000070,0,0,0
sz002530,0,0,0
sz002199,0,0,0
sz002410,0,776,0
sz002633,0,0,0
sh600135,0,0,0
sz000612,0,0,0
sh600269,0,2002,0
sh600696,0,0,0
sh603900,0,0,0
sh600742,0,917,0
sh603707,500,0,0
sz300452,0,0,0
sz002626,521,575,0
sh600617,0,0,0
sz300517,0,0,0
sh603960,0,0,0
sz002502,0,0,0
sz000738,2055,0,0
sh601020,0,0,0
sh600719,0,0,0
sz002261,0,1606,0
sz002913,0,0,0
sz002610,0,0,0
sz002298,0,0,0
sh600078,3057,2289,0
sz000978,0,0,0
sh603009,0,1234,0
sz002532,0,0,0
sh600510,0,0,0
sz300254,0,0,0
sh600162,5838,0,0
sh601028,0,0,0
sh601336,10206,11987,1337
sz300534,0,0,0
sh600300,0,2473,0
sz002811,0,0,0
sh600633,0,0,0
sz300316,3738,16553,0
sz002114,1101,1663,0
sz300117,4895,1913,0
sz300528,0,0,0
sz002166,988,0,0
sh603086,0,0,0
sz000425,51853,92304,0
sh603260,2091,1521,0
sz000042,0,0,0
sz002673,3602,4212,0
sz000561,0,0,0
sz000818,3884,1327,0
sh603315,0,0,0
sh600652,0,1915,0
sz300591,0,0,0
sz002922,500,0,0
sh603359,0,0,0
sh603980,0,0,0
sh603011,0,1431,0
sh600993,0,600,0
sh603319,0,0,0
sz002070,0,0,0
sh601700,0,0,0
sz000585,5870,7849,0
sh601212,0,3202,0
sh600497,69668,42895,0
sz002318,0,0,0
sh600109,1870,3716,0
sh601233,4985,8107,512
sh600505,0,0,0
sh600843,0,0,0
sz002151,452,359,0
sz002066,0,0,0
sz300036,800,0,0
sh600573,3549,0,0
sh600488,0,0,0
sh603123,0,0,0
sz002083,0,0,0
sh600791,0,0,0
sz002429,0,9535,0
sz002337,0,0,0
sz300434,0,0,0
sh603366,0,0,0
sz002496,0,0,0
sz300533,0,0,0
sz002644,1119,1096,0
sz002646,0,0,0
sz300027,27746,23108,0
sh600880,0,0,0
sz002239,0,0,0
sz300019,0,0,0
sh600639,0,0,0
sh600218,3800,0,0
sz002700,0,0,0
sh600186,5419,19869,0
sh600699,16083,5991,0
sh600428,0,0,0
sz300155,0,0,0
sh603833,609,263,0
sz002412,0,0,0
sh600138,2368,3001,0
sh603639,0,274,0
sh600654,0,3760,0
sh600996,0,0,0
sh603882,421,0,0
sz002777,0,0,0
sh600058,0,0,0
sz300096,0,0,0
sz300565,0,0,0
sh600606,299352,296302,0
sz002286,0,0,0
sh601838,23432,51643,0
sz300536,854,0,0
sz002011,0,0,0
sz002556,2000,2075,0
sh600848,3027,573,0
sz000628,0,0,0
sz002638,0,0,0
sz300207,1306,4813,0
sz300601,1083,929,0
sh600990,244,0,0
sz300616,0,0,0
sz002855,0,0,0
sh603799,92728,78081,17624
sz000582,0,1607,0
sh601579,0,0,0
sz000975,0,0,0
sh603577,0,0,0
sz300244,0,0,0
sz000632,0,0,0
sz300556,0,0,0
sh603040,0,180,0
sh603421,0,0,0
sh600130,0,0,0
sh603180,97,0,0
sh600746,0,0,0
sh600587,0,0,0
sh603555,3355,3555,0
sz300236,0,0,0
sz000060,31943,31592,0
sh603686,0,0,0
sh601766,91377,109435,0
sh603035,0,0,0
sz002149,0,1728,0
sh603987,0,0,0
sh603041,0,0,0
sz002084,0,0,0
sh603365,0,0,0
sz002417,0,0,0
sh601108,4445,8736,1627
sz300122,0,1637,0
sz300045,0,0,0
sh603079,0,458,0
sh603861,0,0,0
sh600409,12764,24587,0
sh603628,0,0,0
sz300711,474,0,0
sz002404,0,0,0
sh601099,30451,30053,0
sh600429,0,0,0
sz002664,1163,0,0
sh601000,64103,39515,2080
sz000017,0,0,0
sz002888,0,541,0
sz002048,495,1399,0
sh601958,7808,6488,0
sz000711,839,0,0
sh603556,0,0,0
sh600363,0,0,0
sz002438,0,0,0
sh600111,30245,49326,0
sz300151,0,0,0
sh600926,5863,7897,0
sh600629,0,0,0
sz000503,32036,64449,1888
sz300493,0,0,0
sh600203,0,0,0
sh601010,0,0,0
sh600795,30647,43631,0
sh600593,0,0,0
sh601011,15656,5296,0
sz002782,0,0,0
sh600638,0,0,0
sh600609,0,5868,0
sz002861,0,0,0
sz002873,0,0,0
sh601101,0,2924,0
sz002397,0,0,0
sz300429,0,0,0
sh600755,5727,4633,0
sh600037,0,975,0
sz300597,0,0,0
sh603506,1077,0,0
sh601788,0,1152,0
sz002364,0,0,0
sz300184,0,0,0
sh603268,993,500,1504
sz300110,0,0,0
sz002140,0,0,0
sh600599,0,0,0
sz300011,7015,1591,0
sh603708,0,0,0
sz300436,0,0,0
sh600400,0,0,0
sh603198,0,741,0
sh600491,1176,4399,0
sz002653,0,0,0
sz002342,38021,23844,0
sz002889,0,0,0
sz002701,0,0,0
sz300720,0,0,0
sh603015,0,0,0
sz000050,0,3641,0
sh600080,1926,0,0
sz000963,2032,1206,0
sz300047,0,2537,0
sz300125,0,0,0
sh600819,0,0,0
sh600679,0,0,0
sz002778,0,0,0
sz000989,9427,0,0
sh600750,490,0,0
sz002725,0,0,0
sz002335,478,0,0
sh603444,194,74,0
sh601008,0,0,0
sh600449,1665,2925,0
sz002514,0,0,0
sz002536,0,0,0
sz000062,719,0,0
sz000863,0,0,0
sz300568,458,0,0
sh603106,0,1055,0
sz300621,743,9110,0
sh600016,516629,294212,8204
sz002853,0,0,0
sh601177,0,0,0
sz000971,0,0,0
sz300722,0,0,0
sz000155,7022,21597,0
sh603139,0,0,0
sh601128,1454,0,0
sz000720,0,0,0
sh600007,0,0,0
sz002900,0,0,0
sh603357,0,0,0
sh600118,619,1716,0
sz300726,0,1000,0
sz002303,0,0,0
sh600550,2791,0,0
sz002493,11666,10035,0
sz002781,0,0,0
sz300022,3113,0,0
sz000877,0,2943,0
sz002264,4571,1758,0
sh600718,1037,3214,0
sh600894,0,0,0
sh603789,0,0,0
sh601857,50680,78269,0
sh601001,0,5395,0
sz300353,0,0,0
sh600272,0,0,0
sz002831,0,0,0
sz300557,0,0,0
sh601908,0,0,0
sz000510,0,0,0
sz002434,2444,0,0
sz000615,43985,28329,1509
sz002921,0,0,0
sz002657,0,0,0
sz002484,0,0,0
sz002628,0,0,0
sz002668,568,501,0
sz002120,0,0,0
sh603136,0,0,0
sz002178,36476,50521,0
sz300508,0,0,0
sz002697,1987,0,0
sz002317,0,2000,0
sh600562,1505,0,0
sz002791,0,0,0
sh603818,0,0,0
sz002300,0,0,0
sz300642,0,0,0
sz002022,0,1953,0
sz002245,0,0,0
sh600858,0,0,0
sz000816,259755,273982,0
sh601326,8962,1955,0
sz300385,0,0,0
sz002907,6257,2802,0
sz300126,0,0,0
sz002769,1158,0,0
sh600072,1000,1154,0
sh600167,0,0,0
sz000811,0,0,0
sh600637,0,4537,0
sz002061,662,0,0
sz000691,0,1931,0
sz002416,0,0,0
sh603111,0,6961,0
sh601800,43530,17325,0
sz002780,0,0,0
sh600738,0,0,0
sz000723,15925,5686,0
sz300104,1724202,2200706,83120
sz002491,1955,0,0
sz300323,8064,9795,0
sz002798,0,0,0
sz000408,0,0,0
sz000537,16340,20171,1139
sz002316,0,0,0
sz300365,0,0,0
sz002693,0,0,0
sh601949,0,0,0
sz300379,0,0,0
sh603896,0,0,0
sh600889,0,0,0
sz300639,0,0,0
sh600966,37335,5030,0
sz000670,4669,2431,0
sz002752,0,0,0
sz002109,0,0,0
sz300445,0,0,0
sh601116,1971,1778,0
sz000715,0,0,0
sh600958,8871,4495,0
sz002886,0,0,0
sh601111,93204,112218,7804
sz000915,0,645,0
sh600898,1221,0,0
sz300077,4008,3919,0
sh603416,0,0,0
sz300511,0,0,0
sz300212,3485,7442,501
sz002409,0,560,0
sz300269,1300,903,0
sh603128,2256,4185,0
sz300294,0,0,0
sz300286,0,0,0
sh603533,0,0,0
sz000552,0,0,0
sz000005,0,0,0
sz000018,4417,0,0
sz000931,0,0,0
sz002159,0,0,0
sz000966,0,0,0
sh600582,2567,0,0
sh600310,0,0,0
sh603829,0,0,0
sz002755,0,0,0
sh603878,0,0,0
sz300105,0,0,0
sz002815,0,0,0
sz002327,0,0,0
sh603369,700,3360,0
sh600320,2182,3600,0
sz300572,0,200,0
sz300535,0,0,0
sh603505,498,2034,0
sh603299,0,0,0
sz300239,0,0,0
sz000400,0,0,0
sz000868,21392,9109,0
sz300699,267,510,310
sh600418,5322,1323,0
sh600841,0,0,0
sz002461,0,0,0
sz300268,0,0,0
sz000995,0,0,0
sh600758,0,0,0
sh603880,0,0,0
sz002829,466,0,0
sh600088,1895,0,0
sz002466,97550,61229,7322
sh603683,1180,1379,0
sz000413,25661,10062,0
sz002101,0,1420,0
sz002201,0,0,0
sh601555,1659,1540,0
sh600998,0,0,0
sz002064,0,0,0
sz002617,0,0,0
sh603871,1842,670,0
sh600036,115606,107908,4528
sh603099,0,0,0
sz300185,0,6821,0
sz000685,0,0,0
sz002786,0,0,0
sh600555,3805,16605,0
sh603737,0,0,0
sz002740,3568,0,0
sh603385,0,0,0
sz002839,39369,18295,0
sz002785,0,0,0
sh600988,0,14499,0
sz000058,0,0,0
sz002165,0,0,0
sz002685,0,0,0
sh603963,0,0,0
sh600177,1380,12559,0
sz300298,0,0,0
sz300500,0,0,1026
sh603158,0,0,0
sz001896,0,0,0
sz000861,0,0,0
sh603890,0,0,0
sh603016,0,0,0
sz300331,0,0,0
sz002215,0,0,0
sh603008,0,0,0
sz300326,0,0,0
sz300037,0,0,0
sz000100,160010,167551,0
sh600775,0,0,0
sz300107,23047,28208,3314
sh600773,1068,0,0
sz300093,0,0,0
sz002601,5553,14838,0
sz002369,0,0,0
sz002432,0,1774,0
sz002591,0,0,0
sh600532,0,0,0
sz300667,0,0,0
sh600879,10757,7183,0
sz000692,0,3333,0
sz000609,0,0,0
sz002362,0,0,0
sz002243,0,0,0
sz000020,0,0,0
sz002125,0,0,0
sh600759,5035,3909,0
sz300137,12118,18163,1118
sh600546,0,0,0
sz002620,0,0,0
sz000856,28504,28433,2428
sz300333,4500,0,0
sh600319,0,0,0
sz002238,0,0,0
sz300189,0,0,0
sz002560,0,0,0
sz002247,0,2274,0
sh600903,55098,112464,23896
sz002672,698,0,0
sz002716,3706,13217,0
sz300362,0,0,0
sz002918,0,0,0
sh600303,0,4071,0
sh600959,0,0,0
sz300579,0,0,0
sh601811,0,0,0
sh603619,1064,1924,0
sz000157,6177,10615,0
sh600800,0,2585,0
sh603383,0,0,0
sh601002,0,2048,0
sh603043,0,808,0
sz002214,0,0,0
sh603018,0,0,0
sh600983,0,0,0
sz002548,0,0,0
sh600769,0,0,0
sz000586,0,3000,0
sh601188,0,0,0
sz002431,1550,6096,0
sz002310,8776,12409,0
sh603968,0,0,0
sh600602,0,0,0
sz002717,0,0,0
sz300152,0,6865,0
sz000063,189034,187140,18189
sz300080,0,0,0
sz000965,5966,0,0
sz300512,0,0,0
sz300347,0,0,0
sz300169,0,0,0
sz000792,33438,33622,0
sz002104,0,0,0
sz300221,0,1000,0
sz300145,1300,3270,0
sh600163,2579,0,0
sh601500,0,0,0
sz300141,5952,6362,0
sz000014,0,0,0
sz300175,0,0,0
sz002391,1285,0,0
sz002031,0,0,0
sh603908,0,0,0
sz300432,0,0,0
sh600495,0,6756,0
sh603113,0,0,0
sz000779,0,0,0
sz002642,19700,10027,0
sz002858,0,0,0
sh601998,66851,34681,0
sz300725,1584,133,0
sz300320,0,3320,0
sz002793,0,0,0
sz002859,0,0,0
sh601789,0,2717,0
sh600175,7988,17837,0
sz000869,286,0,0
sz300612,5314,7946,0
sz300061,0,0,0
sz000153,0,0,0
sh603399,0,916,0
sz002742,38369,15362,1546
sz002876,248,0,0
sh600538,0,0,0
sh603000,0,0,0
sz300288,0,0,0
sh600663,0,0,0
sh600235,0,0,0
sh603703,3115,0,0
sh600580,0,0,0
sz002284,0,0,0
sz300371,0,0,0
sz300067,0,2305,0
sh603058,674,4039,0
sz002099,0,0,0
sz002482,0,0,0
sz002816,0,0,0
sh600586,4328,0,0
sz300384,0,0,0
sz002134,0,0,0
sh603501,0,0,0
sz300701,0,0,0
sz002756,0,0,0
sz300721,0,0,0
sz002641,0,0,0
sz300657,0,0,0
sz000528,11657,22830,0
sz002866,500,0,0
sz000027,0,0,0
sz002926,84504,77439,3537
sz002670,711,0,0
sz000957,1186,1177,0
sz300690,0,0,0
sz300559,0,0,0
sh600053,0,0,0
sz300358,0,0,0
sh603977,0,0,0
sz002616,0,0,0
sh600261,0,2689,0
sz000901,1868,0,0
sz002898,0,0,0
sh600518,20364,13460,0
sh600805,0,0,0
sz002546,0,0,0
sz300661,0,0,0
sh603507,0,0,0
sh601636,24383,15431,3017
sh600702,4291,916,0
sz002598,0,0,0
sz002762,0,0,0
sz300587,0,0,0
sz300662,0,2333,0
sh603568,0,0,0
sz300573,0,0,0
sz000598,0,2200,0
sh600787,1123,1151,0
sh600278,0,0,0
sz002236,28153,52914,1059
sz002917,0,0,0
sz300368,0,0,0
sz300085,5425,30920,1121
sz002014,0,0,0
sz300485,0,0,0
sz000504,0,0,0
sz000639,0,0,0
sz002867,0,0,0
sh600316,0,0,0
sz300199,0,935,0
sz002480,0,0,0
sh600298,2649,4158,0
sz300395,0,0,0
sz300405,0,0,0
sh600075,0,0,0
sz002307,0,0,0
sz000637,0,0,0
sh603203,0,0,0
sh600499,32455,30576,0
sz300739,702,2410,384
sh600098,0,0,0
sz000678,0,0,0
sz300629,0,0,0
sz300309,0,0,0
sh603766,0,2763,0
sz000860,1210,0,0
sh600196,4189,8852,0
sz300013,1428,1614,0
sz002691,0,0,0
sh603721,0,0,0
sh600583,6779,10979,0
sh600821,0,0,0
sh601518,0,0,0
sh600480,757,0,0
sz000859,0,0,0
sz002678,0,0,0
sh600864,0,0,0
sz300510,816,0,0
sz002268,1015,4743,614
sz300449,0,0,0
sz300671,0,0,0
sz300554,0,0,0
sz002026,0,0,0
sh603007,4415,7608,0
sz000558,0,6588,0
sz300708,4003,925,0
sz002296,0,0,0
sz300025,0,0,0
sh600741,7039,9006,507
sh603508,0,0,0
sz002428,0,0,0
sz300123,0,0,0
sz000979,183133,289856,0
sh600533,0,0,0
sz002667,0,0,0
sz300181,0,0,0
sz000988,735,2522,0
sz000718,6505,2550,0
sz002441,0,0,0
sh600479,689,0,0
sh601019,0,0,0
sz300670,0,0,0
sz000833,0,0,0
sh603690,0,0,0
sz300412,0,0,0
sh600325,37378,37991,0
sz300702,0,0,0
sh600691,0,5000,0
sz000913,0,0,0
sh600701,0,0,0
sh600461,2587,0,0
sh600420,1397,1000,0
sz002518,0,0,0
sz002234,0,0,0
sz000638,0,0,0
sh603969,4657,977,0
sz002863,2614,2654,0
sz002385,11948,6204,0
sh600103,9333,3000,0
sh600728,0,2590,0
sz300209,0,784,0
sz002112,0,0,0
sz002041,1650,0,0
sz002146,280927,313016,9193
sh600425,0,0,0
sz002561,0,0,0
sh600653,10000,0,0
sh600360,0,2427,0
sz300118,1229,0,0
sz002001,24373,14650,967
sz002734,0,0,0
sz002660,0,0,0
sz002049,101861,97163,8987
sz000819,0,0,0
sz000030,0,0,0
sh600785,0,0,0
sh600818,0,0,0
sz002273,1725,9238,0
sh601137,0,0,0
sz002240,6257,2869,0
sz300064,514732,135481,0
sz002915,1318,884,0
sh601828,13447,14811,0
sz300029,0,0,0
sz002352,1245,0,0
sh603289,0,0,0
sh603138,366,379,0
sh603378,0,0,0
sz300713,0,0,0
sz002774,0,0,0
sz000099,0,0,0
sz002595,0,0,0
sz000532,0,0,0
sz002542,3888,5123,0
sz002272,0,0,0
sh603567,0,0,0
sz002923,0,342,0
sz002348,0,0,0
sh600345,491,1687,0
sz000011,0,1337,0
sz002017,0,0,0
sz000960,11800,15601,0
sz300223,0,1287,0
sz002208,0,0,0
sh600522,36725,32032,0
sz002333,0,0,0
sz002331,0,0,0
sz300388,982,0,0
sz300148,0,0,0
sz002654,0,0,0
sh603618,0,0,0
sz002222,2000,1870,0
sz300623,0,0,0
sh600999,2391,2471,859
sz300543,0,0,0
sz300630,0,0,0
sh600358,0,0,0
sz300695,0,0,0
sz002139,0,1099,0
sz000001,196490,225409,0
sh600156,0,0,0
sz300658,0,0,0
sz002401,0,1192,0
sh603183,0,0,0
sh603345,0,0,0
sh603029,0,0,0
sz002170,0,0,0
sh600556,2069,0,0
sh603131,0,0,0
sh601877,1467,4354,0
sz002573,14942,23091,769
sh600801,6380,5793,0
sz000850,0,0,0
sh600368,0,2020,0
sh600809,2652,5055,0
sz300242,0,0,0
sz002360,0,0,0
sz300448,0,0,0
sz000688,1585,17304,0
sh600476,0,0,0
sz002848,0,0,0
sz000610,0,0,0
sz002533,0,0,0
sz002609,26772,4449,0
sz300607,192,0,0
sh603161,1216,0,0
sz000762,933,2987,0
sz300373,0,0,0
sh600776,0,0,0
sz000739,0,0,0
sh600605,0,0,0
sz002158,7813,5164,0
sh600452,0,0,0
sz000410,0,0,0
sh600372,0,0,0
sz300168,3773,17537,0
sh601985,4687,6867,0
sz300672,601,0,0
sz300649,0,0,0
sz002503,8499,2481,0
sh603711,0,0,0
sh601858,0,0,0
sz000928,1751,0,0
sz000422,3340,3386,0
sz002455,0,0,0
sz000607,0,0,0
sz000788,0,0,0
sh603928,0,0,0
sz002235,1349,4078,0
sz000962,0,0,0
sz300377,915,8153,0
sz002882,0,0,0
sz300400,0,0,0
sz300162,0,0,0
sz000700,0,0,0
sz300560,0,0,0
sz000411,0,0,0
sh601006,39306,31895,0
sh601727,0,3447,0
sh601992,397958,334802,14203
sh600029,154983,158511,2591
sz300640,0,0,0
sh603100,0,0,0
sh603355,0,0,0
sz300218,0,0,0
sh600256,54381,10340,0
sz002659,0,1000,0
sz000938,969,1137,0
sz002703,0,0,0
sz000652,0,0,0
sh600133,0,0,0
sh600616,0,0,0
sz002462,0,0,0
sh600419,0,0,0
sz300115,4385,4236,0
sh600184,0,0,0
sh603959,0,0,0
sz300709,0,0,0
sz000525,2680,2021,624
sh601607,6487,7534,0
sz002541,0,0,0
sz002741,0,0,0
sz300073,1215,6174,0
sh600674,24250,17179,0
sh600446,0,0,0
sz002825,0,0,0
sz000798,0,0,0
sh600847,0,0,0
sz000783,7998,1505,0
sz300172,0,0,0
sh600502,2200,0,0
sz000016,9358,0,0
sh600707,0,0,0
sz300402,0,0,0
sz000785,0,0,0
sz300458,0,1678,0
sz000501,1331,4102,1217
sz300619,0,0,0
sh600613,0,0,0
sh600328,0,2016,0
sz300360,0,0,0
sz300375,0,0,0
sz002689,0,0,0
sh600569,78265,86486,0
sz002389,700,0,0
sz300018,0,0,0
sh603909,0,0,0
sh600508,0,0,0
sz300428,0,0,0
sh600285,0,0,0
sh600641,0,1012,0
sz300248,2332,0,0
sz300216,10852,7473,0
sz300521,0,0,0
sh600970,25586,20328,0
sh600282,463744,300006,3355
sz002405,11517,12460,0
sz300253,22081,50779,2684
sz002737,8256,3198,0
sz300655,0,0,0
sz002248,0,2171,0
sz300651,0,0,0
sz000997,1732,0,0
sz002771,0,0,0
sh600885,1693,555,0
sh600331,3327,0,0
sh603118,0,0,0
sh600217,0,0,0
sz300283,0,0,0
sz300414,0,0,0
sh603738,0,0,0
sh601997,31199,36142,0
sh600567,888140,416226,0
sz300369,44106,25307,0
sz300214,0,2289,0
sz002058,0,0,0
sh600121,0,0,0
sz002516,0,2009,0
sz002767,0,0,0
sh603339,0,0,0
sh603179,0,0,0
sz002456,19426,51268,3208
sz300677,5424,1017,314
sz002271,6827,2722,0
sh603078,387,0,0
sh603929,0,0,0
sz300446,0,0,0
sh600223,0,0,0
sz000906,0,0,0
sh600236,3552,0,0
sz002051,0,0,0
sz002818,0,502,0
sz002714,6361,1690,297
sh600280,4235,0,0
sz002508,695,1401,0
sz002045,0,2645,0
sh601015,0,0,0
sh600900,19538,15360,0
sz300717,0,0,0
sz300001,784,1001,0
sz002585,0,0,0
sz002266,0,0,0
sz002096,0,0,0
sz002185,5731,18326,0
sh600009,2359,1459,0
sz002475,4306,18523,907
sz002708,0,0,0
sz000069,56231,79485,0
sh600722,0,1750,0
sz300731,0,480,0
sz300474,0,0,0
sz002128,40859,24192,0
sh600094,0,0,0
sz002827,0,0,0
sh600713,0,0,0
sz300460,0,0,0
sz002515,5129,12230,0
sz300348,0,611,0
sh600064,0,0,0
sz002857,0,0,0
sz300415,982,0,0
sh600648,0,0,0
sz002465,18894,9538,1202
sz002807,0,2000,0
sh600601,5067,0,0
sh600057,2000,0,0
sh603926,0,0,0
sh603527,0,576,0
sh600486,772,0,0
sz300020,2287,4138,0
sz300028,0,6810,0
sz002233,0,1296,0
sz300596,0,0,0
sz300136,46631,37980,6228
sz000721,3018,0,0
sz000829,0,0,0
sz300119,0,0,0
sh600382,1641,0,0
sz000545,0,2820,0
sz000668,0,0,0
sz002590,0,0,0
sh600101,0,0,0
sz002765,0,0,0
sz300404,0,0,0
sh601375,0,2130,0
sz300048,0,6439,0
sh600059,0,0,0
sh600723,0,0,0
sh600141,1698,856,0
sz300495,4789,5081,0
sh600871,37162,0,0
sz000679,0,0,0
sh603528,0,0,0
sh601618,15649,5468,0
sh603663,0,0,0
sz000777,0,997,0
sz300519,0,0,0
sh603026,0,0,0
sh600388,1665,0,0
sh600783,0,0,0
sh600299,0,0,0
sh600416,5132,3994,0
sz000601,0,0,0
sh600895,2358,996,0
sz002790,0,0,0
sz300681,0,0,0
sz002291,0,0,0
sh600467,4912,0,0
sz002204,0,0,0
sz002802,0,0,0
sh600210,5996,4583,0
sh603515,1566,0,0
sh600549,6467,7173,1687
sz000633,0,0,0
sz000548,0,0,0
sz000890,0,0,0
sz000565,0,0,0
sz300417,0,0,0
sz002727,1773,2736,0
sh600120,2147,0,0
sh600093,8474,18558,0
sh603689,0,0,0
sz002730,0,0,0
sz300588,0,0,0
sh601801,1561,0,0
sz000755,0,2000,0
sh600289,2998,14832,0
sh603027,0,716,0
sz002581,0,0,0
sh601107,0,0,0
sh603496,0,0,0
sz000059,5862,3910,0
sh600747,9965,5000,0
sh600658,0,0,0
sh603387,0,367,0
sz000926,1047,3011,0
sh600572,0,0,0
sh600824,0,0,0
sh600022,238278,131500,0
sh600020,0,4575,0
sh600650,0,0,0
sh603017,0,0,0
sh600308,19952,8101,0
sz000952,0,0,0
sh601038,0,0,0
sz300408,1105,8908,0
sz002731,0,0,0
sh600662,0,0,0
sz002069,6205,8922,0
sh600463,0,0,0
sz002766,0,0,0
sz002226,0,0,0
sz000727,18683,34910,0
sh600626,0,0,0
sh600125,7319,3607,0
sz300220,0,0,0
sz002341,2918,0,0
sz000776,43852,48916,0
sh600865,0,0,0
sh601798,0,0,0
sz002869,0,0,0
sz300033,420,1395,0
sh600183,5853,25454,0
sz002380,0,0,0
sz300422,0,0,0
sz000592,9626,5084,0
sh603085,963,0,0
sh600675,0,0,0
sz002467,0,1905,0
sz300387,0,0,0
sz000523,0,0,0
sh600487,30462,28484,1680
sh600283,0,0,0
sz300585,0,0,0
sh600826,0,0,0
sh600330,3851,3760,0
sz000709,260844,260003,0
sz300332,0,0,0
sz300355,24792,13316,0
sz300509,0,0,0
sh600444,0,0,0
sz000636,47286,32230,0
sh600890,1600,0,0
sz300610,0,0,0
sz002637,0,0,0
sz002092,27781,11820,0
sh601208,0,0,0
sz300205,0,0,0
sz002615,0,0,0
sz000797,0,0,0
sz002038,384,1710,0
sz002463,2965,4389,0
sz300197,3475,1378,0
sh603363,1449,0,0
sz002707,4835,0,0
sz000728,6803,11124,0
sh600828,0,0,0
sh601808,1108,1043,0
sh600939,0,0,0
sz300537,0,0,0
sh600189,0,0,0
sz300160,0,0,0
sh600113,0,0,0
sz300505,0,0,0
sz002444,1000,0,0
sh600594,0,4090,0
sh600225,0,7169,0
sz002443,0,0,0
sh601222,1548,8818,0
sz002903,0,0,0
sh600188,29511,36140,590
sz002549,0,0,0
sz300366,0,0,0
sz000581,4445,3264,0
sz002126,0,0,0
sh603360,0,0,0
sz000803,0,502,0
sz300310,1187,0,0
sh601218,0,0,0
sh600760,6812,4387,691
sz300538,0,0,0
sh600097,0,0,0
sh603589,300,472,0
sz002435,0,0,0
sh603005,0,1264,0
sz000909,0,0,0
sz002810,0,0,0
sz002497,217109,119505,11160
sz300215,0,0,0
sz002060,0,0,0
sz300072,2256,1508,0
sh603002,0,0,0
sz300234,0,0,0
sz002115,0,0,0
sz000627,2239,19569,0
sz002108,3979,2462,1558
sz002131,0,0,0
sh600973,0,0,0
sz002034,0,0,0
sz300166,8088,9080,797
sh600277,0,0,0
sz002414,910,988,0
sz002305,0,3000,0
sz000526,0,0,0
sz002324,0,0,0
sz000572,0,0,0
sz002473,5276,0,0
sh600712,0,0,0
sh603729,0,0,0
sh600302,0,0,0
sz002893,1830,0,568
sh601933,66902,80600,3004
sz300193,0,0,0
sz002559,0,0,0
sz002850,0,0,0
sz001979,46777,59898,3664
sh600123,16737,5885,0
sh600528,0,0,0
sz002905,6995,12798,0
sz000519,1706,1400,1780
sz000049,0,0,0
sh603608,0,0,0
sz002478,0,0,0
sh603116,0,0,0
sh600207,3189,0,0
sz002426,0,7304,0
sz000789,20964,12160,1660
sh603879,0,0,0
sh600612,0,0,0
sh600060,2938,3470,0
sh603322,0,0,0
sz002521,0,0,0
sz002849,0,0,0
sz000848,0,0,0
sz002460,170753,114196,19797
sz300270,1005,0,0
sh600201,1455,913,0
sz002249,0,0,0
sz000972,7117,0,0
sh601669,9304,2031,0
sh600182,0,0,0
sh600516,127661,164913,15972
sz300140,12521,36634,7641
sh600893,1142,1467,0
sh601179,0,0,0
sz300057,0,0,0
sz300470,0,0,0
sz002164,0,0,0
sh603990,0,0,0
sz000990,0,0,0
sh600366,0,1392,0
sh601113,0,1161,0
sh600405,0,4415,0
sz300058,42592,107692,0
sz002150,0,0,0
sh600062,1885,0,0
sz300187,1000,0,0
sz000419,0,0,0
sh600243,0,0,0
sh601069,1382,1593,0
sz300480,0,0,0
sz300418,5527,13387,0
sz002469,0,0,0
sz000903,0,0,0
sz300344,12135,2422,0
sh603757,400,0,0
sh600248,0,0,0
sz300161,0,0,0
sz000839,6579,36190,0
sh600506,3000,0,0
sz002195,0,10300,0
sz300603,0,0,0
sz002187,0,0,0
sh603157,0,0,0
sz002340,227044,337248,4973
sh603229,0,0,0
sh600392,13493,29873,2353
sz002425,0,0,0
sh600992,0,0,0
sh600558,0,0,0
sh603031,0,0,0
sz002057,0,0,0
sz300491,0,0,0
sz000713,0,1857,0
sz300609,0,0,0
sz000888,1000,0,0
sh603238,0,0,0
sz002879,470,378,0
sz000589,0,0,0
sh601996,0,7828,0
sz002582,0,0,0
sh600886,2472,4819,0
sz000417,0,0,0
sz002749,0,0,0
sh600615,0,1372,0
sh600206,1434,10651,0
sz002728,0,0,0
sz002459,0,2210,0
sz300654,1646,0,0
sh600933,1011,0,0
sh600687,2832,938,0
sh600410,0,1592,0
sz002200,0,0,0
sz000599,1615,3529,0
sz002690,0,642,0
sh600119,3378,1878,0
sh600995,0,0,0
sz000702,0,11346,0
sz002666,27331,15221,0
sz002152,2007,3386,0
sz002392,2301,0,0
sz002736,2902,6205,0
sz000886,19602,30939,0
sh600526,0,0,0
sz300229,0,0,0
sz300016,0,0,0
sh600726,0,0,0
sz300044,0,4174,0
sh600337,3963,0,0
sz002433,0,0,0
sh600705,11764,13528,0
sz300165,0,0,0
sh600521,500,911,0
sz002009,4603,7768,0
sz300158,0,0,0
sz002483,0,0,0
sz002105,0,0,0
sh600604,1747,1866,0
sh603817,0,0,0
sz002564,0,0,0
sz002836,0,0,0
sz300689,0,0,0
sz300584,0,0,0
sh600817,0,0,0
sz002569,592,0,0
sz000096,0,0,0
sz300691,0,614,0
sz300473,0,0,0
sh600208,12275,23994,4161
sz002306,0,0,0
sz002067,26770,6000,1895
sz000982,0,11800,0
sz000801,2093,1874,0
sz002750,0,0,0
sz002365,0,0,0
sz002334,0,0,0
sz300692,0,0,0
sz002776,0,0,0
sh603912,1421,0,0
sh600265,0,0,0
sh600397,0,0,0
sh600692,0,0,0
sh603916,0,0,0
sz000560,0,0,0
sh603022,0,0,0
sh600527,3066,12148,0
sz300095,0,0,0
sh600917,0,0,0
sh600456,0,2528,0
sz002817,0,0,0
sh600266,8096,4720,0
sh603717,479,702,0
sz300357,0,0,0
sh600131,0,0,0
sz000669,0,0,0
sz002203,6702,7817,0
sh600396,0,0,0
sz000671,28540,15725,2665
sh600327,1823,0,0
sz000036,5074,9882,0
sz002486,2533,7800,0
sh600781,0,0,0
sz002018,16819,9000,0
sz000597,0,1362,0
sh600361,0,0,0
sz000617,0,765,0
sh601100,0,1219,0
sz300526,0,0,0
sh600106,0,0,0
sz000970,0,2544,0
sz000936,0,0,0
sh600507,95758,105797,9197
sz300735,1457,605,0
sz002118,0,0,0
sz300503,0,0,0
sz300302,0,0,0
sz300738,460,814,0
sz002386,0,0,0
sz300341,0,0,0
sh600608,0,0,0
sz000524,0,0,0
sz000731,0,0,0
sz002319,0,0,0
sz000695,0,0,0
sh600268,0,0,0
sh600211,0,0,0
sz002332,0,0,0
sh600600,673,300,0
sh600493,3674,0,0
sz300527,0,0,0
sh603036,889,0,0
sz002133,0,0,0
sz002127,11599,3889,0
sz000983,51957,41694,0
sz300232,0,0,0
sh603335,0,0,0
sz002895,0,0,0
sz002393,0,0,0
sz300258,0,0,0
sz000676,0,0,0
sz000690,0,10956,0
sh600199,0,0,0
sh600976,0,1070,0
sz002448,0,0,0
sz002789,0,345,0
sh603611,0,0,0
sh600091,0,0,0
sz300005,0,0,0
sh600220,0,0,0
sz300529,0,897,0
sh603330,433,499,0
sz000809,0,0,0
sz002035,339,0,0
sh600830,0,0,0
sz000090,0,1068,0
sz000620,0,0,0
sz300575,0,0,0
sz300171,0,2521,0
sh600291,6630,4612,0
sz300346,0,0,0
sz000088,0,0,0
sh600132,0,0,0
sz300109,0,1182,0
sh600100,1816,4757,0
sh600684,5647,0,0
sh600509,0,0,0
sh600180,0,0,0
sh601881,9964,9980,0
sh603055,0,0,0
sh600258,3411,2060,0
sh603303,0,0,0
sh600611,3810,0,0
sh600335,0,1210,0
sz300439,0,0,0
sh600642,5001,0,0
sz000887,1790,691,0
sh603117,1210,1600,0
sh600825,0,0,0
sh601098,0,0,0
sh600448,0,0,0
sz000778,56306,31916,0
sh603037,0,0,0
sz002753,1000,0,0
sz000625,2517,13496,0
sh603895,4494,4906,246
sz000737,0,3319,0
sz300706,1887,2877,0
sz300014,7608,4685,0
sh600678,0,0,0
sz002192,8684,6786,0
sz300569,0,0,0
sz000403,0,0,0
sz000911,0,0,0
sh603605,0,0,0
sz300396,0,0,0
sz002837,0,0,0
sz000719,0,0,0
sz002270,0,0,0
sh600661,0,0,0
sz000923,3617,493,0
sz300246,0,0,0
sz002304,3972,4073,468
sh603042,0,0,0
sz002490,0,0,0
sz300497,486,0,0
sz300666,290,245,0
sh601611,1321,0,0
sz002193,0,0,0
sz300339,0,0,0
sh600028,512305,551505,0
sh603168,0,0,0
sz002196,2489,0,0
sh603223,0,0,0
sz300409,3409,3040,0
sh601633,2049,2272,0
sz002832,0,0,0
sh600340,94666,100228,7110
sz300289,0,1530,0
sz300092,0,0,0
sz002172,0,0,0
sh603108,1000,0,0
sh600668,0,0,0
sz000722,0,1800,0
sz002550,0,0,0
sz300260,0,0,0
sh600311,0,0,0
sz300635,0,0,0
sz300522,0,0,0
sz300705,0,0,0
sz300098,0,4873,0
sz002655,0,0,0
sz000626,0,0,0
sh600170,12358,22836,0
sz002597,6715,3549,0
sz000883,0,0,0
sh600681,928,0,0
sz002281,2539,5916,0
sh600520,2264,3422,732
sz000428,0,0,0
sz000551,0,0,0
sh600108,12191,2914,0
sz000828,0,0,0
sh600017,14415,0,0
sz002577,0,0,0
sz002299,0,800,0
sz002176,110265,59008,3229
sh601588,3003,0,0
sz000608,3568,0,0
sz002608,0,0,0
sz002376,1966,7169,0
sz300525,0,0,0
sz000929,0,0,0
sz002477,2725,3163,0
sh603286,0,0,0
sh600288,0,0,0
sz300546,0,0,0
sh600033,0,0,0
sz002724,0,0,0
sz002032,0,480,0
sz002698,0,1100,0
sh601628,9730,12777,1426
sz300501,0,0,0
sz000038,0,6473,0
sz300482,0,190,0
sz002842,500,0,0
sz000821,0,0,0
sh600680,0,0,0
sh603991,0,0,0
sz002395,0,0,0
sz002453,0,2067,0
sz002801,0,0,0
sz000421,0,0,0
sh600603,0,1998,0
sh603001,0,0,0
sh600814,0,0,0
sz000667,0,0,0
sz300730,412,0,0
sz300419,0,0,0
sz300293,0,0,0
sz000166,7478,11863,0
sh601366,0,0,0
sz002229,24142,28426,5223
sz002747,0,0,0
sz002498,0,4320,0
sz300217,0,0,0
sz300643,0,0,0
sh600128,0,0,0
sz000008,0,1732,0
sz000768,1681,0,0
sz002190,1226,1617,0
sz300514,340,0,0
sz000899,0,0,0
sz002068,3367,2996,0
sz300324,1551,9092,753
sz300438,0,0,0
sh600251,3262,0,0
sh600209,10890,24863,0
sz000045,0,0,0
sz300227,1000,0,0
sz000557,0,0,0
sz300394,0,0,0
sz002709,1975,3057,0
sh603096,0,0,0
sh603906,0,0,0
sz002377,0,0,0
sz300687,0,0,0
sz000981,0,0,0
sh600833,0,0,0
sz000635,0,0,0
sz002927,0,0,0
sh600537,0,0,0
sz300490,0,0,0
sz002297,15732,11932,0
sh600643,49659,22962,990
sz000875,0,0,0
sz000710,0,0,0
sz000980,0,2041,0
sz000048,0,0,0
sh600740,127828,159211,8111
sz000955,3502,5704,0
sz002603,0,0,0
sz300426,0,1511,0
sz000953,0,0,0
sh601211,16371,29773,652
sz002107,0,0,0
sz002323,0,0,0
sh603883,0,0,0
sz300551,0,0,0
sh600490,74818,77237,11432
sz300622,0,0,0
sz300684,3972,13253,0
sz000925,0,0,0
sh600545,0,0,0
sz300386,0,0,0
sh600242,0,1650,0
sh600835,0,1649,0
sh600161,493,0,0
sh600146,17151,9049,0
sz300334,2967,29441,0
sh600329,0,775,0
sh601919,14284,9918,0
sh600370,0,0,0
sz002675,0,0,0
sz002419,3017,2040,0
sz300051,0,0,0
sz300245,0,0,0
sh601005,0,10226,0
sz000825,546062,461777,12457
sz000150,0,0,0
sz002606,37660,17317,0
sz002880,0,0,0
sh603386,0,0,0
sz002056,0,2233,0
sz002535,0,0,0
sh603866,0,0,0
sh603083,0,0,0
sh600481,0,0,0
sh600581,57323,60226,0
sz002054,10902,14850,3703
sz002911,4572,5528,0
sz002501,1213,0,0
sh600168,0,0,0
sh600383,71092,112757,2345
sh600717,4268,1594,0
sh603777,0,0,0
sh600517,0,0,0
sh603823,0,0,0
sz000507,29119,2446,0
sz002669,0,0,0
sz002883,2454,337,0
sz300435,0,0,0
sh600489,0,9618,0
sz300650,0,0,0
sz300100,0,0,0
sh603023,0,0,0
sz000595,0,0,0
sh603727,0,0,0
sz300481,0,0,0
sh603617,0,0,0
sh600971,10625,11206,0
sh600756,800,850,0
sz002881,0,920,0
sz300313,0,0,0
sh600012,0,0,0
sz300488,0,0,0
sz002729,0,0,0
sz002136,0,2221,1240
sz300380,0,650,0
sz002116,0,0,0
sz000862,0,0,0
sz002902,0,0,0
sh600774,0,0,0
sh603997,0,0,0
sz300231,0,1206,0
sz300120,0,0,953
sz002148,0,0,0
sh600159,0,0,0
sz002445,2901,0,0
sz000987,0,0,0
sz300539,0,0,0
sz002350,0,0,0
sh600535,1819,0,0
sz000619,0,0,0
sz300190,0,0,0
sz000680,0,0,0
sz300308,992,378,0
sz300132,0,0,0
sh600477,6967,8614,0
sz300055,639,4691,0
sz002570,0,2008,0
sz300026,0,0,0
sz000032,0,0,0
sz000559,2000,0,0
sz300267,4158,9782,0
sz002735,0,0,0
sh603159,0,0,0
sh603881,420,0,0
sh600230,3120,2154,246
sh603602,0,278,0
sz000753,0,0,0
sz300279,1167,0,0
sz002129,12281,47905,0
sz000622,0,0,0
sz300006,0,1852,0
sz002274,0,0,0
sh600855,0,0,0
sz002106,3630,1481,0
sz300465,0,0,0
sz300222,0,0,0
sz300101,7890,6152,0
sh600644,0,0,0
sz300211,0,0,0
sz000039,2755,6981,0
sz002506,0,4836,0
sh601991,4332,0,0
sh603839,0,0,0
sz300483,0,0,0
sh601155,26423,25094,1469
sz300457,5395,0,0
sz002563,0,7036,0
sz300718,0,0,0
sz002890,0,0,0
sz300255,0,0,0
sz002091,0,0,0
sh603196,0,0,0
sh600025,146413,104663,2455
sh600577,0,0,0
sz002242,928,0,0
sz300335,0,0,0
sh600421,0,0,0
sh601118,3929,4473,0
sz002227,0,0,0
sh601599,5171,12091,0
sz300142,1601,2219,0
sh603979,0,0,0
sz300679,145,0,0
sz000725,1225561,1630510,1824
sh601127,0,0,0
sz002458,12166,1873,0
sz002593,0,0,0
sh603688,0,0,0
sz002379,0,5883,0
sz002636,0,0,0
sh603938,0,0,0
sh600704,1687,0,0
sz002683,0,0,0
sh603726,0,0,0
sh600105,0,0,0
sh600677,0,0,0
sz300012,0,0,0
sh600469,3466,12138,0
sz000751,0,8510,0
sh601818,409066,239305,0
sz000531,0,0,0
sh601168,10449,9015,0
sz300338,0,0,0
sz300147,0,0,0
sz000876,23885,22887,0
sh600355,24541,5923,0
sh600074,25802,27196,0
sz002421,20002,57420,0
sh600202,0,1471,0
sz002183,0,3955,0
sh603920,0,0,0
sz000895,2604,1228,0
sh601009,101679,77422,3688
sz002578,0,0,0
sh601918,3108,0,0
sz000822,1425,2887,0
sh600763,4682,3474,0
sz002095,427,0,0
sz000977,6176,13680,0
sh600529,0,517,0
sz000760,0,2285,0
sz300644,7722,40501,714
sz300399,0,0,0
sz300590,0,0,0
sz300716,0,0,0
sh600234,0,0,0
sz002526,0,0,0
sz002649,1200,1199,0
sz002065,4489,10123,0
sh601929,0,4000,0
sh603328,0,0,0
sh600348,52492,42491,1160
sh600085,2529,331,0
sh601966,4162,4758,0
sh603558,0,0,0
sh603899,0,0,0
sz300322,0,3072,0
sh600390,0,1500,0
sh603768,0,0,0
sz002600,3505,25201,0
sh603993,1486824,1304701,131609
sz300606,0,0,0
sz000514,0,0,0
sz000666,0,0,0
sh600008,88436,86232,0
sh600026,0,5227,0
sh603189,0,0,0
sh601225,120750,86455,0
sz000698,0,3030,0
sh601163,2164,0,0
sz300241,0,800,0
sh603500,0,0,0
sz002567,0,0,0
sh600293,0,0,0
sz002552,0,0,0
sz300252,0,0,0
sz000021,1521,11966,0
sz000902,1117,0,0
sz002877,0,0,0
sz300423,1662,0,0
sz002315,0,0,0
sh600483,0,0,0
sh600031,19765,43147,3417
sz300002,6500,1707,0
sh600987,0,0,0
sz300431,44203,21729,4332
sz300487,38398,53364,11111
sh600671,0,0,0
sh603728,0,0,0
sh600011,4301,0,0
sh600222,0,0,0
sz002132,0,9737,0
sz300589,0,0,0
sz300571,0,0,0
sz000735,22531,23231,0
sh600172,0,0,0
sh600250,0,0,0
sz300696,0,0,0
sz002885,0,473,0
sh600693,0,1745,0
sh600908,1494,0,0
sz000611,0,0,0
sh603278,0,0,0
sz300506,0,0,0
sh603889,717,2340,0
sz300443,0,0,0
sz000151,0,0,0
sz002838,0,0,0
sh603331,0,0,0
sz002806,0,0,0
sh603937,0,1356,0
sh600721,0,0,0
sh603356,2389,442,728
sh603516,4906,3823,280
sz002071,0,2656,0
sz000786,57665,44287,1492
sh600339,0,0,0
sh600192,0,0,0
sz002110,36260,22296,2526
sz000880,0,0,0
sz002055,0,0,0
sz002611,0,0,0
sz002173,0,0,0
sz002399,0,0,0
sz000571,0,0,0
sz002868,0,0,0
sz000555,2000,0,0
sh603798,0,0,0
sz300149,0,0,0
sh600811,0,2750,0
sz300150,0,0,0
sh601018,26102,4077,0
sz002688,0,0,0
sz300410,0,965,0
sz300627,0,0,0
sz002162,0,0,0
sz002476,0,0,0
sz300063,0,0,0
sh600965,0,0,0
sz300200,0,0,0
sh601566,0,0,0
sh600312,1457,0,0
sh600621,1000,1066,0
sz300647,0,0,0
sh603919,0,0,0
sz300618,5564,8466,673
sz000682,0,0,0
sh600977,10659,22134,621
sz300558,203,793,0
sh603813,0,0,0
sh601126,0,0,0
sz002039,0,0,0
sz002631,0,0,0
sz300676,230,559,0
sz300300,0,1000,0
sz002909,0,0,0
sh600552,0,0,0
sz002686,0,0,0
sh603586,0,0,0
sh600622,0,0,0
sz000416,0,0,0
sz002658,7272,25896,0
sz300680,0,0,0
sh603787,0,0,0
sz002053,0,0,0
sz300030,0,0,0
sz002648,919,2671,0
sh600860,0,0,0
sh603316,0,0,0
sz002510,0,2000,0
sh600336,0,0,0
sz002887,150,465,0
sz002447,0,9631,0
sz002551,0,0,0
sz002023,0,1203,0
sz002540,0,0,0
sh600079,5792,18612,0
sz002910,672,0,0
sh600385,0,0,0
sz300249,0,0,0
sz300275,0,0,0
sh600195,629,0,0
sz300121,0,0,0
sz300075,0,6080,0
sh601388,20856,33050,0
sz300698,0,0,0
sh603050,1021,0,0
sh600010,41383,100464,0
sh603660,500,898,0
sz000958,5196,45551,0
sh603081,0,0,0
sh603288,0,559,0
sz300065,15335,4422,0
sz002325,0,0,0
sz002244,2004,4399,0
sz300367,957,3185,0
sh600066,9847,21200,0
sz002368,1151,0,0
sh600525,8400,17903,0
sz300070,38519,34874,0
sz002059,0,0,0
sh600359,1700,0,0
sh600436,3309,1098,0
sz002313,1004,879,0
sz002347,0,2563,0
sz300015,1496,3871,0
sh600559,5176,2903,0
sz300256,0,0,0
sh601880,14428,20712,0
sh600176,9282,4159,0
sh600129,0,0,0
sh600859,0,1323,0
sz000961,15543,15733,0
sz300170,11090,5291,924
sh600543,0,0,0
sz002788,0,0,0
sz002292,0,2916,0
sz300420,0,0,0
sz300102,0,0,0
sz300632,0,0,0
sz002830,0,0,0
sz002908,2269,573,0
sz000927,0,3734,0
sh603232,0,0,0
sz002262,0,0,0
sz300167,5251,7553,2619
sh601318,180404,191476,13315
sz300295,0,0,0
sh600478,0,1847,0
sh600981,0,0,0
sz002599,0,0,0
sz300451,5418,7615,0
sz300464,0,0,0
sz002587,0,0,0
sz000429,0,3000,0
sz002036,0,0,0
sh600831,0,2183,0
sz002361,0,0,0
sz002852,0,0,0
sh600169,10598,16443,0
sz300562,0,0,0
sz002205,0,0,0
sh600271,2657,3074,0
sh601200,0,1252,0
sz002576,1115,0,0
sz002871,0,0,0
sz000517,13007,18387,4284
sh600323,2580,0,0
sz002479,0,0,0
sh600178,0,0,0
sh600006,0,2311,0
sh603329,5049,3444,0
sz000402,26369,19466,0
sh600667,2902,4934,0
sh603559,1035,969,0
sh600373,1516,0,0
sh600778,0,0,0
sh601106,0,0,0
sz300305,0,0,0
sz002124,0,1236,0
sh600708,1847,3000,0
sz002865,0,0,0
sz300007,0,0,0
sh600698,4932,7084,0
sz002796,0,0,0
sh603809,0,767,0
sh600071,0,0,0
sz002246,0,0,0
sh600048,228224,316300,20386
sz000851,1924,0,0
sz002016,36297,17322,1136
sz300053,2120,7049,0
sh603638,400,0,0
sz300035,0,0,0
sz002897,0,0,0
sh603788,0,1083,0
sz300108,0,0,0
sz002216,0,0,0
sz000717,54792,26978,0
sz002177,0,0,0
sh603010,0,0,0
sz002687,0,0,0
sz002218,0,0,0
sz300350,2176,0,0
sh600152,0,0,0
sh603917,0,0,0
sh600198,17478,60667,0
sh603955,0,0,0
sh603808,0,0,0
sh603966,0,0,0
sz300433,1333,3996,0
sh603936,2262,553,0
sz000338,27987,34734,0
sz300273,0,5954,0
sh600980,0,0,0
sz002289,0,0,0
sz300733,0,0,0
sz002329,0,0,0
sh603970,429,738,0
sh603939,0,0,0
sh600703,19478,26522,537
sh603169,0,0,0
sh600887,57761,57734,3474
sz000750,4920,0,0
sh600351,0,0,0
sh600292,0,0,0
sz002015,0,4500,0
sz300620,0,0,0
sh600061,0,1025,0
sz002321,1278,0,0
sz000055,23866,31203,0
sz300548,0,0,0
sh600837,48229,27905,0
sh603985,0,0,0
sh601965,0,0,0
sz300645,0,0,0
sh600737,1519,1429,0
sz002822,0,0,0
sh603606,0,0,0
sz002787,0,0,0
sz300354,0,0,0
sz300084,0,0,0
sz300740,44239,40021,2239
sh600909,0,0,0
sz300235,0,0,0
sz300054,0,0,0
sz002135,0,0,0
sz002562,0,0,0
sz300592,903,0,0
sz300626,0,0,0
sz002278,110237,81935,1010
sh603090,0,0,0
sh603488,0,9216,0
sh603898,0,0,0
sz300130,0,0,0
sh603580,0,0,0
sz002652,0,0,0
sz000999,0,515,0
sh600019,311768,297215,4847
sz002449,3951,4425,0
sh603856,0,0,0
sh600754,5079,3936,0
sh600380,1177,3658,0
sh603177,0,0,0
sz002635,2452,10821,0
sh600808,242998,106543,0
sh600868,105289,263485,4118
sz000732,50184,45956,3615
sz002568,0,0,0
sz002217,0,3726,1388
sh603811,0,0,0
sz002856,2330,2551,0
sz300391,0,1000,0
sz300274,0,2693,0
sz002696,0,0,0
sz000969,0,0,0
sh603067,0,0,0
sz002554,0,0,0
sz002191,0,0,0
sz002682,0,0,0
sz002613,0,0,0
sz002024,58491,69779,1283
sz300376,0,2819,0
sz300393,0,960,0
sz002705,0,1000,0
sz300091,0,0,0
sz002220,0,0,0
sz000799,0,473,0
sz002758,0,0,0
sz002302,3456,3912,0
sh603429,0,0,0
sz300615,0,0,0
sz000932,133574,182752,10295
sz300314,0,0,0
sz000780,0,0,0
sh603585,0,0,0
sz000752,0,1243,0
sh601158,0,1821,0
sz002605,0,0,0
sz000631,2709,0,0
sh600039,0,0,0
sh601890,0,0,0
sh601968,0,0,0
sz000683,0,23245,0
sz002179,0,1616,0
sh601689,942,1502,0
sz002250,0,0,0
sh603477,0,0,0
sz002439,474,2780,0
sh600068,212143,79821,0
sh603019,10017,16885,758
sz300625,0,548,0
sh600395,1781,5016,0
sz000697,1359,0,0
sh600732,0,2000,0
sh603803,0,0,0
sz002181,0,0,0
sz000782,0,0,0
sz000922,0,0,0
sh603599,0,0,0
sz002074,10371,3503,0
sz000976,1303,0,0
sh600854,0,0,0
sh600239,5500,3000,0
sh600083,700,0,0
sz300550,0,0,0
sh600228,0,0,0
sz300224,0,0,0
sh600892,0,0,0
sh600771,796,290,0
sh601328,548367,399617,5062
sz002808,0,0,0
sz000068,0,0,0
sz002529,0,841,0
sz000767,0,0,0
sh600566,910,234,0
sz002558,0,334,0
sz300697,0,0,0
sz002002,2000,0,0
sz000539,0,0,0
sz002383,0,0,0
sh600104,14241,21453,340
sz300665,0,0,0
sz002440,27553,20379,1035
sh600873,3185,0,0
sz300547,180,0,0
sz000651,156191,169130,12032
sz002003,0,0,0
sz000010,3333,4731,0
sz002757,1200,0,0
sh603819,0,0,0
sz300530,0,0,0
sz002153,3171,5416,0
sz002290,0,0,0
sz002141,0,0,0
sz000159,0,0,0
sz300413,2364,2574,410
sz002202,6929,9157,0
sz300210,0,0,0
sh600834,0,0,0
sz002920,636,1182,0
sz002547,22605,40322,0
sz000596,0,380,0
sh603069,0,0,0
sh600433,31612,18529,0
sh601718,4541,0,0
sz300370,4550,4000,0
sz002232,0,0,0
sh600729,0,0,0
sz300131,0,0,0
sz000852,0,2388,0
sz000959,11078,0,0
sz002745,0,0,0
sz000040,0,1075,0
sz000505,3025,0,0
sh601699,171939,87431,8021
sh601898,17247,4025,0
sz300340,746,444,403
sh603677,0,0,0
sh601515,0,0,0
sz000061,0,0,0
sh601377,15426,62667,0
