sh600348,55076,46004,2966
sz002817,0,775,0
sz002114,4400,1221,0
sz000066,10863,46933,0
sz000999,3519,2805,0
sz002076,38711,11490,10000
sh603336,0,0,0
sh600230,5197,8388,642
sz002510,4068,19003,0
sz002798,0,301,0
sz000620,0,0,0
sz300695,0,0,0
sz300138,0,0,0
sh600714,0,0,0
sh600686,1021,0,0
sh600168,0,2151,0
sh601789,0,2458,0
sz300557,400,0,0
sh600061,4943,9063,0
sz002277,52426,29328,0
sz300546,0,0,0
sz000828,0,0,0
sz002287,0,0,0
sh603076,1026,1971,0
sz300058,187976,157656,3603
sz000333,86103,135715,4258
sh600019,645222,595089,41629
sh600009,8202,2187,785
sh600071,2672,1500,0
sz002378,0,1397,0
sz000502,0,4706,0
sz002797,362098,384057,33262
sh601668,1579094,1641194,21063
sh601919,101514,168536,8885
sh600662,2000,22913,0
sh603060,0,0,0
sz002553,0,0,0
sz300076,0,0,0
sz300311,0,0,0
sz002626,0,0,0
sh600482,1053,1431,0
sz300534,1243,0,0
sz300668,222,443,0
sh603313,0,0,0
sh603708,976,4483,0
sz002587,0,0,0
sz300284,5260,1021,0
sz000785,0,0,0
sz300006,0,2532,0
sz000656,11602,16759,0
sz002599,0,0,0
sz300603,727,0,0
sh600649,8198,13983,0
sh603089,0,0,0
sz000591,2046,8102,0
sz002375,1360,10231,0
sh603527,0,0,0
sh600926,18168,36269,2131
sh600516,460904,466016,95810
sz300505,0,368,0
sz300707,0,0,0
sh601608,0,55671,0
sz002813,0,0,0
sz001979,93396,103872,8327
sh600892,26639,4508,952
sh603025,0,0,0
sz002014,0,0,0
sz300551,0,0,0
sz000597,0,6211,0
sz002224,0,3333,0
sz002081,8259,36480,0
sh603686,0,0,0
sz300324,3057,1918,0
sz000732,113373,95287,11639
sh603416,0,0,0
sz002032,978,603,0
sz300023,2103,0,0
sz002830,0,0,0
sz300280,1930,0,0
sh600609,4000,0,0
sz002574,0,0,0
sz300466,0,0,0
sz300178,0,800,0
sz002085,62497,57614,901
sz002551,0,1493,0
sz300498,10314,29927,2053
sh600491,1100,4418,0
sz002409,2408,0,0
sz002331,0,0,0
sh601888,16089,20280,959
sz002361,0,0,0
sh603229,1000,0,0
sz002143,12432,20521,0
sz002060,0,0,0
sz300247,0,0,0
sz000005,0,0,0
sz300637,0,0,0
sz002494,0,0,0
sz300312,0,0,0
sh603380,0,0,0
sh600079,27366,46687,0
sz002093,0,0,0
sh600385,2000,980,0
sz002845,0,0,0
sz002483,0,2175,0
sz002702,0,0,0
sh603123,0,0,0
sh600824,0,0,0
sh600082,0,0,0
sz002748,0,0,0
sh603577,0,0,0
sz000545,0,2540,0
sz300347,320,322,0
sz002828,0,0,0
sh600603,11219,17640,0
sh603609,0,0,0
sz002849,0,0,0
sz002397,0,0,0
sh601198,10101,12887,0
sz300642,0,267,0
sz002158,1075,0,0
sh600250,0,0,0
sh600888,4188,8109,0
sh603838,0,0,0
sz300651,0,0,0
sh600493,6092,0,0
sz300719,0,458,0
sh603127,0,635,0
sh600438,33628,49451,2281
sz000851,0,1500,0
sz300317,24678,4728,0
sz300349,0,1507,0
sz000726,0,2518,0
sz300310,1243,3470,0
sh600091,0,0,0
sz002320,12483,17338,1100
sh601137,0,0,0
sz002747,0,900,0
sz000669,0,8906,0
sz300469,0,0,0
sz002276,4891,0,0
sh603659,487,0,0
sz300111,0,0,0
sz000403,0,0,0
sz002356,5879,576,0
sz300103,1407,614,0
sz002307,21885,31795,3324
sz002852,0,0,0
sh600066,9164,14848,0
sz002412,0,0,692
sh603567,0,0,0
sh603566,0,500,0
sz300044,1541,4190,0
sh601808,2705,22295,0
sh601872,0,19544,0
sz002121,0,2912,0
sh600215,0,2699,0
sz000919,0,0,0
sz002631,0,0,0
sh600120,500,3278,0
sh603500,0,0,0
sz002229,24159,37840,0
sz300647,0,0,0
sz002286,16629,2325,0
sz002515,2532,0,0
sh603881,0,304,0
sz300689,0,0,0
sh603138,0,0,0
sh603883,1181,1833,0
sz002254,12423,0,0
sz300108,3965,0,0
sh600522,129569,138663,2130
sz000739,5146,3004,0
sz002440,13975,19723,1930
sz300305,0,0,0
sh601098,2696,2097,0
sh601155,64960,83337,4745
sz300277,0,2506,0
sz002614,5123,3981,0
sz002547,62220,22047,0
sh600468,0,0,0
sz300413,2833,9611,0
sh601188,0,6000,0
sz000589,0,5650,0
sh600841,45339,2579,0
sz002130,4036,2000,0
sz002766,0,1138,0
sz000605,0,0,0
sh601566,2039,710,0
sz002537,0,1198,0
sz300353,0,893,0
sz300294,0,0,0
sz002624,2623,3612,603
sh603088,2281,0,0
sz002866,900,0,0
sh603999,0,0,0
sh603630,439,0,0
sz002530,0,0,0
sz300335,2279,1611,0
sz300681,0,0,0
sz300567,100,97,0
sh600012,0,0,0
sz300658,0,0,0
sz002048,1642,4266,0
sz000983,120078,120017,2745
sz002441,0,0,0
sh603855,0,0,0
sz300623,0,0,0
sh600658,0,0,0
sz300306,0,0,0
sz000813,3588,0,0
sz000782,0,0,0
sz300723,331,613,0
sz002044,12317,16348,0
sh603518,1972,1546,0
sh603396,0,0,0
sz002526,0,0,0
sh600572,4520,16907,0
sh600275,4000,3000,0
sz002196,0,0,0
sh600738,2037,0,1414
sz002506,34192,16192,0
sz002226,0,2117,0
sh600894,1868,2614,0
sz002741,0,0,0
sz002680,1000,0,0
sh603858,635,503,0
sh600587,683,3231,0
sz002583,54982,0,0
sz002446,0,0,0
sz000807,284794,166668,34252
sh603330,0,0,0
sh603979,0,0,0
sz300070,34515,54239,1345
sz000738,0,4216,0
sh600125,14444,16700,1613
sz300285,1383,7606,0
sh600477,7733,12416,0
sz300221,0,2955,0
sz300395,1161,2300,0
sz002252,0,800,0
sz300030,0,0,0
sz002490,0,0,0
sz000043,0,2228,0
sz300196,2768,3859,0
sz300457,7097,3648,0
sz300271,6131,6595,0
sz002732,0,624,0
sz002426,2756,7464,0
sh603369,0,5186,0
sh600070,0,1450,0
sz002173,0,0,0
sh600864,0,6950,0
sz300474,0,214,0
sz300703,0,0,0
sh600495,0,8394,0
sz300040,0,0,0
sh600652,8925,11097,0
sz002584,3731,1337,0
sz300606,0,0,0
sz002094,2903,5403,0
sz000609,0,0,0
sh600569,85208,68920,0
sh600237,0,0,0
sz002090,0,0,0
sz300514,0,0,0
sz300019,0,0,0
sz300215,0,1555,0
sh601231,1962,5265,0
sz300611,0,0,0
sz002724,2059,0,0
sh600986,2882,0,0
sh600792,0,0,0
sz300539,0,0,0
sz300520,0,0,0
sz300502,0,479,0
sz002169,0,0,0
sh601212,4411,6728,0
sz300015,5065,5275,0
sh600817,0,0,0
sh601139,1473,1385,0
sh601727,0,19176,0
sz002125,0,0,0
sz300556,0,601,0
sz002779,0,577,0
sh600099,1930,0,0
sz300223,0,815,0
sz300716,0,0,0
sh600166,49392,139318,0
sz300272,0,0,0
sh600826,1002,2000,0
sz300036,0,700,0
sz000426,55226,83687,9401
sz300565,0,0,0
sz000498,1812,0,0
sh600780,3500,0,0
sz002279,4296,3073,0
sz000690,26186,25088,1303
sz002493,29165,23318,0
sz002481,54937,61988,0
sh600661,979,0,0
sz002703,0,0,0
sh600863,0,4406,0
sh600101,0,0,0
sz300249,0,0,0
sz002303,10089,2559,0
sz002241,19402,22219,3263
sh601828,46860,55562,3854
sz000507,6305,16019,0
sh600423,0,3000,0
sz300394,0,0,0
sh600076,0,21326,0
sh603269,14620,2081,0
sz300092,0,86732,0
sh600462,6484,8099,0
sz002062,0,2101,0
sz300579,0,0,0
sz000301,0,1915,0
sz002619,45800,11777,0
sz000663,47368,21920,1659
sz000801,2005,15632,0
sz000655,4613,1944,0
sz300500,0,0,0
sz300460,0,0,0
sz300662,17519,0,0
sz300448,0,0,0
sh600655,1496,8797,0
sz300003,4919,11740,0
sz300725,132,487,0
sh600259,1821,2972,310
sz002407,562,10858,0
sh603728,0,0,0
sh600576,4073,4000,0
sz300525,0,0,0
sz000628,0,0,0
sz300029,5927,0,0
sz300552,0,0,0
sh600600,4379,7577,0
sz300683,0,0,0
sz002116,5424,0,0
sz000978,0,0,0
sz300600,0,0,0
sz300624,33202,20748,1864
sh600346,16877,14624,0
sh600207,0,3712,0
sz000816,12660,17568,0
sh600736,0,4239,0
sz002887,0,0,0
sz300084,0,1944,0
sh600585,86566,126820,7228
sh603599,0,1270,0
sh600138,15073,14047,0
sz000541,1126,13041,0
sh603515,576,295,0
sz002316,0,0,0
sh603555,2220,7905,0
sz002591,0,0,0
sz002906,0,570,0
sz300337,0,2000,0
sh600722,0,6664,0
sz000821,0,0,0
sz000863,0,0,0
sh600353,5632,4306,0
sh600135,1054,2069,0
sz002745,0,0,0
sz300304,0,2462,0
sh600979,0,0,0
sh600358,18060,0,0
sz002220,2686,4522,0
sh600724,0,0,0
sh600350,0,20449,0
sz300185,0,11156,0
sh601678,1185,11929,0
sz002159,0,0,0
sh603080,1105,942,341
sz300434,0,910,0
sz002336,1451,4389,0
sz000025,0,0,0
sz002563,6879,2507,0
sh600021,0,0,0
sh603283,2140,3872,0
sh600198,2003,0,0
sz002452,0,0,0
sh603688,0,0,0
sz002064,2526,8683,0
sz002509,13634,16052,0
sh600933,0,910,0
sz002690,0,0,0
sh600301,0,0,0
sz002018,0,10665,0
sz000988,5751,1861,0
sz002759,1104,0,0
sh600965,0,0,0
sz300479,0,0,0
sh601519,3381,13768,0
sh600225,4500,0,0
sz002431,2879,18520,0
sh600785,0,0,0
sh603338,194,225,0
sh600735,64981,9170,0
sz300156,124471,127727,11564
sz002561,1053,0,0
sz300065,2895,11092,0
sz000989,3425,2830,0
sz300117,0,4013,0
sz002487,0,0,0
sh603030,0,0,0
sz300301,0,0,0
sz000585,8602,0,0
sh601618,132766,62469,0
sz002503,2792,0,0
sz002243,0,0,0
sz300489,0,0,0
sz000927,2368,13096,0
sh603616,0,0,0
sh601880,13910,15237,0
sh600699,11813,18313,0
sh600872,873,808,0
sh601965,0,0,0
sh600272,0,0,0
sz300519,0,0,0
sh600825,0,1987,0
sz002119,0,0,0
sh603116,0,0,0
sz000411,1400,3846,0
sh600315,924,5646,301
sh603110,0,572,0
sh600862,0,4701,0
sz002611,0,2725,0
sh600886,7761,70622,0
sz000735,133073,156467,1381
sz300664,2522,1250,823
sh603056,0,23837,0
sh600258,4490,12235,0
sz300204,0,0,0
sh600173,2000,5108,0
sz000521,0,7503,0
sh603903,0,0,0
sz002715,0,0,600
sh600525,7067,16830,0
sz000767,0,12177,0
sz300242,0,0,0
sz000729,12048,21140,0
sz002900,0,0,0
sh600537,0,9152,0
sh603200,0,0,0
sz002310,49695,56300,1727
sz300288,1588,1408,0
sh600366,1596,1422,0
sh601058,0,23138,0
sh600486,1227,503,0
sz002474,0,0,0
sh600268,0,0,0
sh600682,48936,33416,5749
sz300599,0,0,0
sz000792,141900,149748,40767
sz300283,1980,0,0
sz000882,12056,26957,0
sz300385,0,500,0
sz002298,0,0,0
sz002885,0,0,0
sh603139,0,0,0
sh600510,0,0,0
sz300055,5663,5256,0
sh600594,2977,9286,0
sz300253,55455,24821,0
sh603008,0,882,0
sh603186,1109,0,0
sz300079,2990,9680,0
sh600580,2047,4410,0
sh600746,0,0,0
sz300293,0,0,0
sz300237,10752,6766,669
sh600067,0,17793,0
sz300027,75943,110528,2254
sz300052,0,893,0
sz002746,0,536,0
sh600056,1126,9219,512
sh601886,1250,2314,0
sh600758,3513,9872,0
sz000926,13380,54590,3990
sh603318,1743,1546,0
sz002826,926,0,0
sh601099,187188,244752,0
sz002733,2421,1803,0
sz300212,6786,6923,359
sz002171,18483,32277,0
sz002235,13603,22041,0
sh603000,2437,3958,0
sh601118,17596,69087,2528
sz002283,0,6217,0
sh600791,0,0,0
sh600707,14903,5475,0
sh603356,2999,22490,0
sh603658,244,0,0
sz000691,0,0,0
sh603043,1872,0,0
sh600161,724,2148,0
sz300456,4000,0,0
sz300001,0,1099,0
sz000599,0,1856,0
sz300053,2251,9813,0
sh600536,8702,5819,0
sz300732,702,418,202
sz002280,0,6632,0
sh600355,2716,10574,0
sz300517,666,3059,0
sz300547,0,0,0
sz000089,9981,6280,0
sz002594,14863,29549,2944
sz001965,1042,2933,0
sh600983,0,0,0
sz002179,9215,6307,876
sh600415,0,8861,0
sz002731,0,0,0
sz300423,600,0,0
sh603626,0,1286,0
sh600706,0,640,0
sh600282,422250,327162,3427
sz300399,0,0,0
sz002570,0,4999,0
sz002729,0,0,0
sz000929,0,0,0
sh600800,0,1955,0
sz300129,0,0,0
sh603386,647,2695,0
sz002863,5317,36253,0
sh600199,2011,11300,0
sz000810,0,0,0
sh600793,500,0,0
sh603398,0,0,0
sh600789,22263,25342,0
sz000762,870,3336,2215
sh601858,0,0,0
sz300437,0,2103,0
sz002164,0,0,0
sz002655,0,1303,0
sz300056,1774,3755,0
sz002882,0,0,0
sz300406,0,1000,0
sh600770,14098,19727,0
sz300515,0,0,0
sz002343,2338,2342,401
sz300481,1028,1467,635
sz002890,0,0,0
sh601377,38038,84527,0
sh600854,7096,0,0
sh603359,0,991,0
sh603689,3976,2127,0
sz002038,1894,3842,0
sh601717,3764,13844,0
sh600202,1845,1440,0
sh603618,0,0,0
sh600421,0,0,0
sz000014,0,1302,0
sh603926,0,0,0
sh600316,800,0,0
sz300169,0,0,0
sz300274,11351,6287,0
sh600240,0,6966,0
sh600390,0,12719,0
sz300566,3806,896,0
sh600290,9020,0,0
sh603421,0,0,0
sz300608,0,0,0
sz000100,228728,395426,0
sz002725,0,0,0
sz002572,2296,3205,0
sh603177,0,595,0
sz300522,0,0,0
sz000890,0,0,0
sz300471,0,0,0
sz000959,1907,0,0
sh600094,0,18356,0
sh603648,0,2555,0
sh600096,1579,0,0
sh603208,0,0,0
sz300098,888,3936,0
sh603133,0,0,0
sz002616,1204,5453,0
sz000925,9104,5149,0
sz002039,738,2409,0
sh603003,2965,1588,0
sz000623,1769,11173,0
sh603665,274,400,0
sh601949,7759,1646,0
sz300276,0,826,0
sz300638,0,300,0
sz000018,0,0,0
sz002099,0,2174,0
sz002205,0,663,0
sh603306,0,0,0
sz002801,0,0,0
sh600201,13133,16522,2736
sz002889,0,0,0
sz002663,2140,0,0
sz300619,0,0,0
sz300217,0,4268,0
sz300341,0,0,0
sh600426,16526,11882,0
sz002877,0,0,0
sz300209,0,2193,0
sh600777,30284,68189,0
sz300393,0,0,0
sh600478,0,0,0
sz002221,19844,53981,1912
sz002240,12735,2788,0
sz002498,6005,0,0
sz300442,0,0,0
sz300260,0,3034,0
sh600639,0,0,0
sz000918,0,5616,0
sz002810,0,0,0
sz300718,672,312,0
sh603225,2718,710,0
sz002795,0,0,0
sh600054,0,0,0
sz002391,0,1206,0
sz002809,0,0,0
sz002502,0,0,0
sz000572,38098,38057,0
sh600159,0,0,0
sh600093,12931,18528,720
sz000997,6203,15349,1834
sh603358,1204,0,0
sh600711,180190,190795,9278
sz300051,13725,5796,0
sz300587,0,0,0
sz002641,0,0,0
sh600531,6293,24330,0
sh600557,2617,2364,0
sz000777,10227,18195,700
sh603017,0,0,0
sz000673,21054,3406,0
sh600993,14561,25356,0
sz002856,6165,7672,222
sz300419,0,0,0
sz300136,7469,7422,0
sz002210,51799,17897,1020
sh603826,0,0,0
sz300465,0,6222,0
sh603299,1840,1087,0
sh601515,0,0,0
sz002651,0,0,0
sz000952,0,0,0
sz002326,1010,2100,0
sh601881,35864,57783,2393
sz300075,0,0,0
sz300236,0,0,0
sh600249,0,0,0
sz000668,0,0,0
sz000709,227460,234094,0
sh600698,5234,2822,0
sz300661,0,0,0
sh600330,1250,10716,0
sh600359,1843,0,0
sh601208,0,0,0
sz300688,0,1608,0
sz000809,0,8412,0
sz300246,0,0,0
sz002337,0,0,0
sz300205,0,1182,0
sh601398,1705261,1329566,46361
sh601018,16358,31094,0
sh600601,3938,33641,0
sh600617,0,0,0
sz300152,2622,0,0
sh603976,0,0,0
sz000711,0,1740,0
sz000096,0,0,0
sh600645,9885,10936,0
sh603329,11054,18398,2835
sz002244,2708,36736,0
sz300177,0,0,0
sh600995,0,2688,0
sh603069,5170,2003,0
sh600754,1768,2343,0
sh600389,1354,893,0
sz002281,17349,19758,1710
sz002565,0,0,0
sz300677,23165,35201,837
sz002231,0,0,0
sz002796,0,0,0
sh600787,11518,13376,0
sz002654,0,0,0
sh600476,1469,0,0
sh603823,0,926,0
sh601901,5973,7998,0
sh600376,19007,6042,1506
sh603568,0,0,0
sz002073,0,0,0
sz300671,0,0,0
sz002602,4525,2915,0
sz300233,800,951,0
sz002273,9073,2152,601
sz002818,0,376,0
sh600459,3456,4918,1429
sz300375,0,0,0
sh600335,2007,3792,0
sh603106,2644,867,954
sh603355,0,0,0
sh600885,0,288,0
sz000973,0,3500,0
sz300194,0,0,0
sh600815,0,0,0
sz300542,359,521,0
sz002011,0,10590,0
sh603939,0,644,0
sh603698,0,0,0
sz000611,5177,0,0
sz300516,228,0,0
sh600105,0,14819,0
sh603639,0,327,0
sh603843,2702,13535,0
sz002387,0,1780,0
sz002367,0,0,0
sz002108,2142,16622,0
sz300206,0,4802,0
sh601555,0,18981,0
sh600588,19560,7375,457
sz002354,2263,10384,0
sz002668,0,3208,0
sh600801,31230,26910,2797
sh603628,0,0,0
sz300017,166866,185347,12732
sz300487,34531,38192,7826
sh600260,11153,15363,0
sh600035,25026,16619,0
sh601016,0,0,0
sh600015,221103,129662,1216
sz300331,0,1027,0
sh603050,487,607,0
sz002891,0,0,0
sh603586,0,0,0
sz002386,0,1334,0
sh600742,0,1590,0
sz002840,32525,1150,4815
sh600753,7020,515,0
sh600969,0,8167,0
sz300420,1880,5490,0
sh600195,0,2883,0
sz002469,0,0,0
sh603300,3210,4037,0
sh600026,0,10053,0
sz002269,3661,0,0
sh600704,4578,18920,0
sz002142,11449,17389,0
sz002308,0,2667,0
sh601019,1944,5900,0
sh603311,0,0,0
sh603637,0,682,0
sh603036,0,963,0
sz002772,0,0,0
sh600624,2142,0,0
sh603605,437,1092,0
sz000713,0,0,0
sh600858,0,0,0
sz000697,0,1725,0
sz002865,0,0,0
sh600590,0,3567,0
sh600684,11977,58269,0
sz002782,0,0,0
sh600583,4481,27784,0
sh603026,0,1285,0
sz300408,2813,4937,495
sz300618,3058,5873,661
sz300737,70111,82701,28329
sz000157,40834,138196,0
sz002850,327,0,0
sh600146,65014,19826,2531
sz002785,0,0,0
sh600050,549675,791048,0
sz000727,9819,46515,0
sz002558,581,335,332
sz002632,0,0,0
sz000736,0,1768,0
sz000659,3308,2956,0
sz000612,0,0,1210
sz300219,15934,5052,0
sh600731,0,0,0
sz002812,270,268,0
sz002778,0,0,0
sh600823,44518,46259,0
sz000617,780,0,0
sz000806,92973,41827,3002
sz300443,0,0,0
sh600851,954,968,0
sh600855,804,1504,0
sz002232,0,0,0
sz002691,0,0,0
sh600873,22842,24755,0
sz002864,0,0,0
sz300021,0,0,0
sh601086,215905,203714,23585
sz000922,2210,0,0
sz002267,0,1599,0
sz002353,0,2524,0
sz002858,0,0,0
sz002107,0,0,0
sz002350,0,0,0
sh603308,0,2916,0
sz300166,10086,2957,1007
sz002476,6974,3725,0
sz000666,5285,6721,0
sz000932,88011,80272,1074
sz300507,0,470,0
sz000510,3198,0,0
sh601799,0,0,0
sz300243,0,0,0
sz000538,934,5252,112
sh600006,0,4776,0
sz002699,5085,1324,0
sh600053,546,1100,0
sz002057,0,0,0
sh600782,430048,524542,26185
sh600318,0,0,0
sz002819,0,0,0
sz300640,0,0,0
sz002843,0,0,0
sz000407,0,2781,0
sz002217,2020,3536,1705
sh601633,8510,20567,0
sz002043,2300,2641,0
sz002330,46781,4672,7376
sz300004,0,7738,0
sz300201,0,1692,0
sh600380,39348,65558,847
sh600502,9729,24411,0
sz002719,840,4504,0
sh600838,13882,14261,0
sh600188,58507,43272,640
sh600845,0,814,0
sz300210,0,0,0
sh600673,13444,7499,0
sh600803,18945,27448,0
sz002557,0,1718,0
sh603499,4387,5274,0
sz002491,1355,0,0
sh601229,32768,41679,0
sz300126,0,0,0
sz002399,0,0,0
sz002278,72238,4262,8104
sh600363,1961,4659,0
sh600701,1344,16821,0
sh600223,0,0,0
sz000803,0,0,0
sh600311,7739,7588,0
sz000795,2256,1900,0
sz300153,0,0,0
sz002194,0,0,0
sh600362,114176,115211,6888
sh603009,2574,5756,0
sh603226,0,0,0
sz002288,0,0,0
sh600733,0,1105,0
sz002497,28657,33283,0
sz000960,75701,108895,700
sz300713,344,290,468
sh600708,18912,81267,1697
sz300622,0,0,0
sz300652,0,0,0
sz002549,0,0,0
sz000889,0,910,0
sz300729,0,1190,0
sh600119,0,925,0
sz002128,15423,30639,0
sz002340,55370,121879,2755
sz000503,63290,37286,2462
sh603345,0,0,0
sz002792,0,364,0
sh600565,11842,23413,0
sh603920,0,0,0
sz000581,15187,27529,1689
sz002319,0,0,0
sh600978,1206,2866,0
sh600578,0,0,0
sh600728,6523,23941,0
sz000420,0,7964,0
sz002548,0,0,0
sz002698,0,0,0
sh600567,140776,172746,0
sz300251,117409,163780,10363
sz300549,0,0,0
sh601008,0,0,0
sh601166,980380,1157647,14537
sz002410,4965,823,0
sz300087,2500,0,0
sh600597,10440,28193,904
sh601238,219493,21152,0
sz300250,0,0,0
sz000650,0,2789,0
sz000838,1713,1786,0
sh600156,2903,0,0
sz300417,0,0,0
sz300329,0,0,0
sh600418,6259,8776,0
sz002443,3060,0,0
sz300588,0,800,0
sh600608,0,0,0
sz300711,0,0,0
sz000504,6941,5844,0
sh600177,12715,24236,3935
sz002697,2080,15477,0
sz002919,0,1150,0
sz002892,0,622,294
sz300257,0,646,0
sz300450,704,714,0
sz000915,516,3205,0
sz000410,3727,5100,0
sz300650,0,0,0
sh600613,0,0,0
sz300676,385,428,106
sh603595,0,896,0
sh600865,0,0,0
sz002285,41898,67537,0
sz300435,10468,3387,0
sz000065,0,1421,0
sh600821,17195,3044,0
sz300577,0,734,0
sh600109,4836,21259,0
sz002540,53628,33754,2264
sz300635,0,0,0
sz300026,7380,40846,0
sz002501,0,2584,0
sz002649,1020,994,0
sz002377,1679,0,0
sz300145,6401,2686,0
sh603020,0,0,0
sz002539,0,0,0
sz002639,5075,13881,0
sz002888,0,0,0
sh600900,65255,73448,0
sz000413,45646,91746,0
sh600584,10703,11024,0
sh603165,0,711,0
sz300371,0,0,0
sh601700,9082,15458,0
sh600573,0,0,0
sh603040,0,626,0
sh600007,2531,856,0
sz000819,0,1294,0
sh603722,1236,1484,0
sh603880,0,0,0
sz300198,76357,37479,0
sz300151,0,0,0
sh600566,11056,16515,0
sh601128,58686,87014,2790
sz002365,836,4451,0
sz002432,0,0,0
sz300548,0,0,0
sh600496,15022,18605,3016
sh600332,3546,6893,0
sh603183,0,0,0
sh600386,0,3000,0
sz300113,68733,66052,6092
sz300238,5116,2320,0
sh600519,15755,15850,1686
sh600729,925,1869,0
sz002688,0,1783,0
sz002080,1920,2476,853
sz002016,85517,100394,11186
sz300550,0,0,0
sz000680,0,13450,0
sh600029,661689,578433,18127
sz300066,0,0,0
sh600256,13890,87795,0
sz002009,9868,6157,0
sz002650,51689,15707,0
sh603016,965,0,0
sz300144,794,2760,0
sz002867,0,0,0
sz002144,0,0,0
sh600210,3037,27085,0
sz000971,13024,0,0
sh600352,210517,186297,3383
sh603602,0,0,0
sz002203,0,3515,0
sz000687,0,6649,0
sh600285,0,3132,0
sh600678,1300,0,0
sz300363,0,1027,0
sz002065,41022,73907,0
sz300148,19562,11371,0
sh603321,831,913,0
sz002686,18277,6643,0
sz300330,0,0,0
sz300343,11404,133194,775
sz300629,0,0,0
sh603585,0,0,0
sh600073,0,10874,0
sh603683,2130,2727,0
sh600963,1836,2516,0
sh600308,0,3477,0
sz002566,0,0,0
sz300164,3575,0,0
sh603619,1386,595,0
sz300258,0,1167,0
sh600288,0,1684,0
sh603086,0,0,0
sz300590,0,0,0
sh600227,0,0,0
sz300063,2065,2824,0
sh600874,1071,11838,0
sh600313,0,4000,0
sh603528,0,0,0
sh600367,0,1045,0
sh600236,0,1917,0
sh600118,558,6299,0
sh600058,0,0,0
sz002370,0,0,0
sh603188,0,3597,0
sz002369,17228,5040,0
sh603228,0,257,0
sz000637,0,0,0
sz300109,1729,1979,0
sz300211,0,0,0
sh600279,1846,0,0
sz300491,0,624,0
sh600393,16572,45986,0
sz002046,0,0,0
sz002415,39977,44818,1060
sz300137,1143,4683,0
sh601882,0,0,0
sh601890,0,0,0
sz000488,28249,61154,2908
sz002678,0,0,0
sz300093,24479,7529,0
sz002024,144954,229763,4413
sz002436,0,8261,0
sz300407,0,0,0
sz300360,0,0,0
sh600781,600,852,0
sz002913,0,655,0
sz000672,46266,39560,1335
sz000683,8990,29941,0
sz000760,2246,9692,0
sh603776,302,176,0
sh603535,0,1374,0
sz300350,5139,0,0
sh600033,10107,4667,0
sz300168,7034,7340,0
sz002282,0,0,0
sz300037,0,5400,0
sh600137,0,0,0
sz300648,0,20605,0
sz002667,0,0,0
sz002186,0,0,711
sh600508,2160,2766,0
sz300351,0,835,0
sh600732,1709,1800,0
sh600011,6330,23968,0
sz002541,3204,1692,0
sh603936,0,442,0
sz300359,2401,0,0
sh600816,56237,55200,2627
sz002461,0,2002,0
sh600796,0,0,0
sh601233,43055,42035,396
sh603779,0,0,0
sz300105,0,0,0
sh603955,0,0,0
sz000861,0,0,0
sz000783,4618,14077,0
sz000820,22342,13923,0
sz300388,0,650,0
sz000822,10749,16363,0
sz002593,0,0,0
sz002861,0,0,0
sz002154,0,0,0
sz000030,0,6406,0
sz002332,0,5247,0
sz002757,874,875,0
sz300605,0,0,0
sh603817,0,0,0
sh603866,2140,440,0
sh603161,0,0,0
sh601311,11246,5504,0
sz000550,0,1328,0
sh600598,17227,23780,0
sz000631,0,13014,0
sh600819,0,0,0
sz002774,0,0,0
sh600446,2298,5627,0
sh600068,116602,169352,0
sz002237,1000,13104,0
sz300405,0,0,0
sh603607,297,445,0
sz002750,0,0,0
sz000791,0,0,0
sz300701,0,0,0
sz300016,0,1336,0
sh600535,621,3096,0
sz300708,5439,4649,354
sz300200,0,0,0
sz002682,0,0,0
sz002253,0,0,0
sh600630,0,4221,0
sz002063,2405,7203,0
sz300024,16619,34334,742
sh600618,0,1010,0
sz300402,0,0,0
sh600383,233723,220434,10286
sh603899,0,590,0
sz002311,4398,5166,0
sh600582,2200,21868,0
sz002218,7055,10148,0
sz300333,0,0,0
sz002363,0,0,0
sh600307,84849,50353,0
sz002734,0,0,0
sh600088,3037,0,0
sz000582,0,0,0
sz000937,4357,7939,0
sh601258,99435,151725,0
sz002166,0,0,0
sh603578,0,0,0
sz000976,12732,2021,0
sz002755,0,0,0
sh600247,1539,0,0
sz002736,17762,25588,0
sz300692,0,289,402
sz002402,17962,8077,0
sz000573,0,0,0
sz002775,0,590,0
sz300291,3055,0,0
sz300252,0,0,0
sh600141,6078,11764,0
sz002899,1626,5057,416
sh600990,0,270,0
sh601127,1133,0,0
sz300235,0,0,0
sz300535,0,0,0
sh603278,0,590,0
sz300503,0,4600,0
sh600222,0,0,0
sh600377,0,4039,0
sz002742,70167,6767,0
sz000876,31629,86485,0
sh603608,0,0,0
sh600856,332789,45062,12672
sz300203,8982,9016,0
sz002184,0,0,0
sh603178,0,0,0
sz000858,129672,139419,16867
sz000899,3000,0,0
sz002833,1612,0,0
sh603006,0,0,0
sh600694,1498,1660,0
sh600276,8875,13368,658
sz002133,0,0,0
sz000099,0,3234,0
sz000004,0,720,0
sz300074,0,1500,0
sz000536,0,2500,0
sz002026,0,1500,0
sz300620,0,0,0
sz002879,22674,9977,4864
sh600611,2082,6700,0
sz002872,0,0,0
sz300678,0,0,0
sh600820,1294,9537,0
sh600381,7174,11147,2079
sz300462,0,0,0
sz002264,3882,6976,0
sz002074,6703,12845,515
sz000150,2628,7348,0
sz000759,0,3285,0
sh600760,10540,13629,602
sz002909,1566,0,0
sz002368,1203,800,0
sz002555,3887,10396,503
sz000159,13927,0,0
sz002554,5985,0,0
sz300721,0,0,0
sz300175,0,0,0
sh601611,27976,37514,0
sz002104,2839,0,0
sz002192,992,1647,0
sh600331,0,5042,0
sh600027,8980,52750,0
sh600280,1447,1653,0
sh600081,0,0,0
sh600298,7082,15031,710
sz300273,15966,11698,0
sh603993,190601,245407,2829
sh600992,0,1900,0
sz000554,0,0,0
sz002190,5423,8273,469
sz000501,2958,2426,0
sz300468,0,300,0
sz300230,0,0,0
sz002482,0,7428,0
sh603937,526,1371,0
sz300733,2698,1106,0
sz300553,0,0,0
sh603159,0,0,0
sz300309,2473,4403,669
sh600149,2576,5069,0
sz000430,0,0,0
sh600303,2318,1391,0
sh603101,0,0,0
sz002777,1510,946,0
sh600160,56728,67478,1835
sz002571,0,1960,0
sz300510,0,0,0
sz002435,1200,0,0
sz002449,0,3706,0
sh600030,1046535,1103439,45385
sh603387,0,0,0
sz300709,0,619,0
sz002780,0,0,0
sz300404,0,0,0
sz000615,9349,6025,2310
sz002323,28073,0,0
sz300018,0,2624,0
sh600883,0,0,0
sz002717,0,2068,0
sz000548,0,2296,0
sz002713,0,0,0
sz000938,358,1082,0
sz002786,0,0,0
sz000638,1689,1403,0
sz002920,6887,3432,1171
sz300597,0,0,0
sh600246,29989,49784,0
sz002433,8228,9344,0
sh600206,2257,7382,0
sh603676,38698,115936,12164
sz300485,0,0,0
sz000565,0,0,0
sz002787,2042,3487,0
sz002162,0,2500,0
sh600233,692,1938,0
sz002349,0,0,0
sz002001,38022,46758,1046
sz300170,12037,11303,0
sh600452,0,916,0
sh603096,198,557,0
sz002648,9164,7248,0
sz002880,0,0,0
sz300345,2879,0,0
sh600098,2151,7429,0
sh600730,0,2369,0
sz300188,2136,619,0
sh600115,417486,328080,4973
sh603777,0,890,0
sz300346,0,0,0
sz300180,1123,1155,0
sz000505,3445,20359,1248
sh603987,0,0,0
sz000586,1518,0,0
sh603322,0,0,0
sz300149,4265,4484,0
sz002268,1940,5456,0
sh603848,4796,1914,0
sz002153,0,1001,0
sh600449,11719,19855,1100
sh603029,1231,0,0
sz002140,8300,11861,0
sh600642,0,27829,0
sz002598,0,0,0
sz000835,0,0,0
sh600637,2658,11836,0
sh603970,0,1829,0
sz300225,13257,1912,0
sh603580,0,0,0
sz000622,0,0,0
sz002318,0,2054,0
sh603357,0,513,0
sz002405,13257,34793,0
sh600302,0,0,0
sz002586,0,0,0
sz300398,0,2931,0
sh603315,0,931,0
sh603588,0,952,0
sh600808,276860,231080,0
sz000750,21612,15113,0
sz002008,15309,20802,1448
sh600769,6881,2000,0
sz000933,166006,119443,9350
sh603819,0,0,0
sh603579,0,762,0
sh601336,40428,38745,1181
sz000996,1083,5800,1294
sz000600,0,0,0
sz002086,43822,7817,0
sz002529,856,0,0
sz002535,0,0,0
sz300131,0,0,0
sh601968,6901,7969,0
sz002693,0,1998,0
sh601928,0,5176,0
sz002666,8260,12689,0
sz002102,5650,8796,2269
sh601777,0,1900,0
sz002653,2100,0,0
sz300231,3654,1494,0
sh600305,0,2341,0
sz300473,0,0,0
sz002897,0,0,0
sz300297,0,0,0
sz300286,0,0,0
sz000551,0,0,0
sz000708,2939,1901,0
sz002577,0,0,0
sh603699,12362,10346,0
sh600209,5298,15322,0
sz300101,6959,4455,0
sh603896,0,0,0
sh601788,42261,21685,0
sh601818,1131612,1013651,17134
sh600967,3543,8197,0
sz300403,0,0,0
sz300368,0,0,0
sz002776,0,0,0
sz002658,0,0,0
sz300446,0,0,0
sh600499,6401,25071,0
sz300529,0,360,0
sz000524,0,0,0
sh600741,57187,44466,0
sz300560,0,0,0
sh600822,0,4238,0
sz300162,0,0,0
sh600203,14518,9883,1455
sh600100,4147,8841,0
sh601328,1504141,1435263,0
sz002480,6010,3884,0
sh603778,0,0,0
sh603789,0,0,0
sh600812,0,0,0
sh600409,15967,56680,0
sz002821,0,296,0
sh603766,4616,24782,0
sh601218,5000,0,0
sz300095,0,1812,0
sh600010,100451,158454,0
sh603337,0,0,0
sz300104,0,0,0
sz002239,5183,0,0
sz002289,3989,4663,0
sh600444,0,0,0
sh603266,0,0,0
sz002740,1500,7312,0
sh603678,7645,1047,0
sz002659,0,0,0
sh600513,0,0,0
sh600589,0,0,0
sz000837,0,0,0
sz002568,0,0,0
sz002841,0,381,0
sz300154,0,0,0
sh601006,221435,216809,4128
sh600586,2720,3000,0
sh603980,509,0,0
sz300155,0,3000,0
sz002910,545,0,0
sh600448,0,0,0
sz300025,2000,0,0
sz300002,0,5483,0
sz002522,1182,2432,0
sz002035,2482,3547,0
sz300011,0,2658,0
sz002010,16759,0,0
sz002839,122176,157582,10916
sz002197,3602,997,0
sz000906,0,1471,0
sz002230,73542,94382,13251
sz300478,0,1007,0
sh600020,2230,15275,0
sh603813,2095,2257,0
sz300255,0,0,0
sh600615,0,1382,0
sz002765,0,0,0
sz300387,0,0,0
sz300506,0,0,0
sh603767,0,0,0
sz300190,0,0,0
sz300097,2094,491,0
sh603519,1320,0,0
sh603507,362,0,0
sz002700,0,0,0
sz300269,3054,8100,0
sz300705,0,0,0
sz002115,0,1192,0
sz300226,13405,13338,935
sz000825,713573,682814,31855
sh603718,11448,0,0
sh600077,0,5954,0
sz300512,0,0,0
sz000517,23279,40472,0
sh603160,270,1481,0
sz300445,0,0,0
sh601003,77896,40785,0
sz002685,0,0,0
sz300532,491,1990,0
sh600702,16327,15042,293
sh600281,0,0,0
sz000982,24395,4955,0
sh603668,1110,0,0
sh603118,0,0,0
sz002612,0,1100,0
sh600680,0,0,0
sh600712,1587,0,0
sz002428,7019,3702,0
sz300073,501,928,0
sh603368,0,0,0
sh603721,0,0,0
sz002390,13177,12071,0
sh600761,0,2359,0
sh600936,0,0,0
sh600653,26543,55259,0
sz000903,0,7888,0
sh603015,0,0,0
sh601015,1204,1364,0
sh600267,4815,23499,0
sz300731,350,432,0
sh603158,0,0,0
sz300559,0,0,0
sz300461,0,747,0
sh603998,0,0,0
sh600251,0,5020,0
sz000657,0,0,0
sz000731,21707,29158,0
sz300431,5608,11077,993
sh601211,115240,123765,2270
sz300453,0,1550,0
sz300702,0,0,0
sh600080,0,5439,0
sz002411,16563,4606,4830
sz002129,46764,74510,1275
sz000923,0,970,0
sh600871,59617,93122,0
sz000895,6694,13880,1034
sz300739,0,0,0
sz300245,0,0,0
sz300496,370,360,454
sh603988,640,0,0
sz000610,9666,0,0
sz002791,0,0,0
sz002408,7048,10095,0
sz002674,0,0,0
sh603011,2189,7503,0
sh600500,24940,50034,0
sh600420,5241,20782,0
sz300031,2384,0,0
sh600287,0,0,0
sh600470,0,2035,0
sz300348,7773,31676,0
sh600690,154304,175250,4141
sh603339,0,0,0
sh603027,0,668,0
sz000898,72300,76915,5696
sh600382,0,2956,0
sh600540,0,2900,0
sh600299,4331,1892,0
sz300241,22731,9160,0
sz000826,2223,7940,0
sh600529,961,1527,0
sz300381,0,1000,0
sh603126,0,0,0
sz300609,0,0,0
sh600317,0,0,0
sh603738,0,0,0
sh600190,0,3000,0
sh600545,0,3078,0
sz300033,15604,15273,0
sh603268,0,0,0
sh600828,26646,40357,0
sh600031,275246,307363,6934
sz000786,80969,55834,6681
sz002314,0,6092,0
sh603809,0,0,0
sh600867,7919,13359,0
sh603328,859,1000,0
sh600392,24313,25950,0
sz000830,104185,105779,7779
sh603316,0,0,0
sh600767,0,0,0
sz002681,0,1597,0
sh600312,0,12943,0
sz000021,14034,65423,0
sh603922,0,0,0
sz300630,182,0,0
sh600337,0,0,0
sh603669,0,799,0
sz300627,0,0,0
sz000980,2006,0,0
sz000166,47379,72046,0
sh601966,937,2170,0
sh601001,19016,29430,0
sz000060,101242,157803,7429
sz002605,1500,5347,0
sz002723,0,0,0
sz000862,0,0,0
sh600107,900,1000,0
sh600192,0,0,0
sz300171,0,0,0
sh601616,0,0,0
sh603638,0,0,0
sz300214,0,2009,0
sh600621,22793,13964,2416
sh600705,66929,60207,0
sz002029,3762,9919,0
sh603908,0,0,0
sh603717,0,0,0
sz002096,0,0,0
sh600773,976,3314,0
sh600875,40801,44701,0
sh601113,0,0,0
sh600090,0,0,0
sz002071,82030,12452,0
sz300244,1764,2230,0
sh600328,0,13423,0
sh600475,0,800,0
sz002907,1465,1702,967
sz002534,6488,2559,0
sz300528,0,0,0
sh603788,0,0,0
sz002714,8158,20713,633
sz300686,0,0,0
sh603878,0,0,0
sz300344,0,0,0
sh603888,0,0,0
sz300493,0,0,0
sh600747,11369,0,0
sh601000,40135,104567,0
sz000868,6074,0,0
sh601997,144278,207327,7914
sh600467,0,9995,0
sh600396,0,10140,0
sz300555,0,0,0
sz002223,3465,6621,0
sh600604,2024,2828,0
sz002671,1878,4655,0
sh603305,0,862,0
sh603010,809,0,0
sh600521,8228,23950,0
sz002751,1210,542,0
sh600283,0,3817,0
sz000779,0,0,0
sz300115,5279,2248,0
sz300035,16418,1536,0
sz300573,0,0,0
sh603496,0,0,0
sz000848,1600,1139,0
sz000975,8018,15621,0
sz002789,0,0,0
sz300287,0,3004,0
sz000893,6353,0,0
sz002451,0,0,0
sh603022,0,0,0
sh603737,0,0,0
sz002255,0,0,0
sh603716,0,0,0
sh600136,0,3288,0
sh600322,2082,1736,0
sz002860,0,0,0
sz000931,0,4448,0
sh600844,2854,0,0
sz300176,2320,2052,0
sz002176,6228,10398,0
sz002372,500,3850,0
sh603117,0,0,0
sh603077,0,83721,0
sh601929,9197,17740,0
sh600289,0,0,0
sz002049,17211,11023,660
sz002820,0,0,0
sz000967,0,2201,0
sz002302,862,3939,0
sh600319,10735,0,0
sh603222,902,1774,0
sz002371,967,1636,0
sz300009,57918,50470,3072
sh603898,0,0,0
sz000601,7142,0,0
sz002805,1017,0,0
sz000951,3553,2363,0
sz300373,0,2158,0
sz002355,3112,1147,0
sz000833,0,0,0
sh603611,1000,624,0
sh600436,3719,8119,517
sh600180,0,2475,0
sz000707,0,0,0
sz002339,2000,1292,0
sz300631,0,499,0
sz300596,0,0,0
sz300691,424,243,0
sh600310,0,0,0
sh601366,1268,1009,0
sz300370,0,0,0
sz000587,49982,9954,0
sz300486,0,0,0
sz000592,36153,41480,0
sh603012,0,1500,0
sh603365,1755,6383,0
sz300612,2308,6950,623
sz000667,3468,47248,0
sz002245,1833,14461,0
sz002136,858,0,0
sh600463,0,0,0
sh603803,0,0,0
sz300736,0,0,0
sz300191,0,1825,0
sz002295,1001,1999,0
sz002036,0,0,0
sz002687,1387,2820,0
sh603326,0,0,0
sh601588,426857,24171,0
sz300062,2039,0,0
sz300340,300,1098,0
sh600048,780224,720742,71557
sz002373,4931,9385,0
sz000027,5907,2250,0
sz002238,0,0,0
sh603906,0,0,0
sh603868,0,184,0
sz002208,0,0,0
sz002590,0,0,0
sh600641,1520,4565,0
sz002091,0,5861,0
sz002643,51065,9436,0
sz002066,0,0,0
sz000593,0,2359,0
sh600750,1479,956,0
sh603636,0,0,0
sz002790,0,0,0
sh603879,0,684,0
sz300077,9522,3044,1731
sh600556,0,0,0
sh603660,877,2025,349
sh600696,0,0,0
sz300639,209,711,0
sz000717,231061,172396,1216
sh603886,0,579,0
sz300174,0,400,0
sz300416,0,0,0
sz002334,0,5168,0
sz000428,0,3131,0
sh601009,327263,353663,10551
sz002901,0,0,0
sh600743,0,22278,0
sz000911,0,1777,0
sz002322,736,0,0
sz002247,0,0,0
sh603900,481,0,0
sh603600,800,1083,0
sz300429,0,0,0
sh601225,110826,119070,6453
sz002191,8121,22475,0
sz300400,4632,0,0
sh600429,0,0,0
sz000962,0,4505,0
sz002669,8775,937,0
sh603828,0,0,0
sh600175,9102,7928,0
sh603661,0,0,0
sz002170,1999,6925,0
sz002727,872,6227,904
sh600343,0,2877,0
sz002028,911,4922,0
sh600490,15863,41376,0
sh600497,321464,303676,17484
sh603506,0,0,0
sh600435,6960,14159,0
sz002706,0,0,0
sz002346,0,0,0
sz300282,0,0,0
sh601908,0,4995,0
sz002838,226,288,239
sz300483,500,0,0
sh600779,11985,11161,256
sz002465,3161,2516,2407
sz300397,0,0,0
sh601898,9799,29276,0
sz300592,0,0,0
sz002183,9486,22710,1899
sh603389,0,0,0
sz300320,0,6329,0
sz002800,0,0,0
sh600552,0,0,0
sh603037,0,0,0
sz002881,4800,550,581
sz002705,0,0,0
sz000625,5819,20788,0
sh600577,0,9935,0
sz002051,0,2379,797
sz002893,13035,8928,0
sh603289,3626,4657,1239
sz300135,0,5000,0
sh600691,7856,57005,0
sz002284,0,1341,0
sh603909,0,0,0
sh603203,713,319,0
sz300202,0,2441,0
sz000883,0,5134,0
sz000055,184440,191562,14642
sz002360,0,0,0
sz002414,4499,0,0
sz300601,2257,577,0
sz300142,10363,23280,0
sh600835,10814,36051,0
sz000153,0,0,0
sh600238,8157,2429,0
sz000417,0,1868,0
sh601126,13104,9580,0
sz000002,178936,169600,13108
sz300213,0,0,0
sz002416,0,0,0
sz000910,2005,1697,0
sh600372,0,5684,0
sz002401,1220,1616,0
sz002127,16800,10910,1519
sz300179,0,0,0
sz002726,0,0,0
sz002716,58998,17468,0
sh601117,21524,60157,1593
sh600703,90053,100950,4985
sh603829,1850,0,0
sh603505,5314,2334,0
sz300187,0,0,0
sz002344,11837,11165,0
sz300315,39496,37488,2284
sh600836,0,0,0
sh600151,14171,5851,0
sh603363,9687,12626,3469
sh603031,0,0,0
sz002123,1409,10750,0
sh600338,38561,36202,2157
sz002859,0,739,0
sz300562,1168,0,0
sz000778,32996,53791,0
sz002379,3820,8803,0
sz002030,0,4001,0
sh603007,0,0,0
sz002117,0,1244,0
sz000563,3966,19668,0
sh600716,0,4784,0
sz300488,0,0,0
sh600172,2060,14239,0
sh600265,0,0,0
sz300334,5367,5627,0
sz002513,0,0,0
sz300199,0,0,0
sz300069,19490,500,0
sh601186,131702,103120,1103
sh603383,0,0,0
sh600581,65490,49957,5731
sh603938,0,2208,0
sh600765,7503,6635,0
sh600802,0,0,0
sh600527,0,5033,0
sz300216,18213,43358,1937
sh600022,273808,306420,0
sz300367,777,7049,0
sz002327,5814,5371,0
sh600719,0,0,0
sz000875,0,34745,4518
sh600980,0,0,0
sz000955,6941,21384,0
sh601798,0,3754,0
sz000686,6284,12803,0
sz000561,0,0,0
sh600036,193681,184679,6236
sh603729,200,0,0
sz002484,0,1906,0
sz002338,7643,2581,0
sz000419,0,0,0
sz300008,0,1537,0
sz002730,0,0,0
sz002434,2623,7345,0
sz000850,0,0,0
sh601677,0,1000,0
sh601069,0,1952,0
sz000529,2707,2000,0
sz300365,650,966,402
sh600814,0,0,0
sz000408,2033,8520,0
sz002875,1156,0,0
sz000429,0,1500,0
sz300275,0,0,0
sz000677,6160,8974,0
sz300538,0,0,0
sz300022,0,0,0
sz000716,0,0,0
sz300261,0,0,0
sz300706,448,665,0
sz300197,3355,4812,0
sz002460,20921,16068,1096
sz002489,30992,28200,0
sz300665,0,0,0
sz000038,0,555,0
sh601375,6058,6698,0
sh600687,86948,17686,0
sz000909,2000,2598,0
sz002468,503,2175,0
sz300673,0,0,0
sh600560,2580,1201,0
sh603806,0,2661,0
sz300295,0,0,0
sh601996,2854,20334,0
sh600269,7096,21742,0
sz300615,0,0,0
sz300518,0,0,0
sz300626,0,0,0
sz002294,4173,7105,0
sh600129,0,0,0
sz300172,3047,0,0
sz300224,0,0,0
sz002533,0,0,0
sz002883,0,0,0
sz002054,104407,1476,2050
sz300354,0,0,0
sz000526,1150,400,0
sz002003,0,898,0
sz300715,0,0,0
sh601595,0,0,0
sh600543,0,0,0
sz002478,0,0,0
sh600629,800,0,0
sz000606,4387,2376,0
sz002550,0,0,0
sh600455,0,0,0
sz000063,730938,754225,108674
sz002418,0,2293,0
sz300710,0,0,0
sh601388,3103,27868,0
sz002456,79099,72384,678
sz000040,25827,7593,0
sz300738,0,0,0
sz002132,0,0,0
sz300300,2723,0,0
sz300100,0,854,0
sh600520,0,0,0
sz002002,2001,18452,0
sh603239,1150,0,900
sz300328,0,0,0
sz002067,19712,25157,0
sz002455,0,0,0
sh601339,1900,0,0
sz002878,0,317,0
sh601985,143204,123844,0
sh603090,0,0,0
sh603378,0,0,0
sz002660,0,0,0
sh603388,2241,1569,0
sh600062,1445,1474,0
sz300296,4882,11306,0
sh600650,0,0,0
sz002200,1400,0,0
sz002022,0,4005,0
sh603677,0,0,0
sh600234,0,0,0
sz002676,25095,19122,0
sz000425,132148,301085,0
sz002236,40872,41536,0
sz002896,0,352,0
sz000751,62203,74788,0
sz300289,0,0,0
sh603488,0,0,0
sh601088,126630,116437,9272
sh600111,42129,80283,0
sz000598,2024,28598,0
sz300222,967,1870,0
sh600122,38295,21775,0
sz300125,587,0,0
sz002385,4772,37715,0
sz002214,0,1500,0
sh600518,46901,64213,955
sz002290,0,3021,0
sz000800,35989,38134,1836
sz002802,0,0,0
sz300649,807,336,274
sh601318,518368,686029,54324
sz002228,0,0,0
sh600481,0,0,0
sz300256,31124,0,0
sh600074,9689,0,0
sh601100,0,890,0
sz300140,855,1007,0
sz000722,0,0,0
sh600857,5870,1202,0
sz000523,0,0,0
sz300045,0,0,0
sz002634,0,1812,0
sh603218,0,0,0
sz300319,0,0,0
sz000158,2908,0,0
sh600439,18799,4999,0
sh603258,0,510,572
sh603001,764,773,0
sh600739,2332,3708,0
sz300054,10467,8891,0
sh601952,8532,20611,0
sz002479,7555,6974,0
sz300499,0,0,0
sh600596,62170,60754,5490
sh600528,3674,9300,1541
sz002601,12943,24147,2154
sz000619,4514,0,0
sz300494,0,1716,0
sh600271,23065,53109,1406
sz300690,0,0,0
sh600679,0,0,0
sh603103,5933,13051,931
sh600037,838,0,0
sh600660,4806,10129,0
sz002656,1010,2696,0
sz300048,0,6377,0
sz002404,0,0,0
sh600622,1577,0,0
sz300581,500,0,0
sz002444,1870,6171,0
sh600110,72680,44003,2593
sz002657,1717,0,0
sz002216,0,2686,0
sh600530,0,0,0
sz002227,0,0,0
sz002145,132443,86282,5508
sh600971,11514,29194,0
sz002305,6720,33845,6722
sh603958,0,1794,0
sh603286,375,0,0
sh600713,2030,21987,0
sz002234,3417,6345,0
sz002211,0,0,0
sh603035,0,0,0
sh600891,0,0,0
sz300595,300,0,0
sz300358,0,0,0
sh600360,0,4059,0
sh601933,280928,355888,5338
sh603557,15043,7449,0
sz300439,0,0,0
sh603179,0,0,0
sh600239,31613,49773,0
sz000705,3485,0,0
sz002613,0,0,0
sh600827,0,4842,0
sz000695,0,0,0
sz000892,0,0,0
sh601222,15970,39348,0
sh600242,1266,0,1309
sz300480,4152,2198,1843
sh600231,10473,18293,0
sz002202,41499,49557,1608
sh601038,0,0,0
sh600966,2233,49393,0
sz002761,0,0,0
sh600479,0,0,0
sz300020,3551,1009,0
sz002807,20810,63318,5006
sh600837,26010,75170,0
sh601107,0,0,0
sh603538,0,1045,0
sh600176,13937,13563,0
sz000935,4019,9665,1328
sz002152,9202,20236,0
sz000755,0,0,0
sz300730,0,0,369
sh600395,3024,10510,0
sh603320,0,0,0
sz002027,59514,50422,1583
sz300034,0,0,0
sz002097,0,0,0
sz002110,44954,45629,4306
sh601111,236478,204159,17224
sz002419,584,4235,0
sz000009,14423,26263,0
sz000948,0,0,0
sh603991,0,0,0
sz300352,5003,18621,0
sh600654,10745,3366,0
sz002811,0,0,0
sz002728,0,0,0
sz002050,17136,42786,2369
sz300107,24252,39601,3723
sz002429,4894,30716,0
sz002430,1427,11730,0
sh601116,0,846,0
sh600388,8156,17275,1000
sh600483,0,0,0
sz300303,0,0,0
sz000829,0,0,0
sh600610,0,0,0
sz002249,2210,11291,2706
sz002538,24094,0,0
sz000652,4004,8190,0
sz000963,2620,1520,247
sz002266,11150,5787,0
sh601020,0,877,0
sz002737,819,0,305
sh600860,0,0,0
sh600697,523,589,0
sz002157,22803,39580,0
sh601228,2971,25433,0
sz002925,42907,57590,12448
sh600533,8043,0,0
sz002265,0,0,0
sh600114,0,0,0
sh603707,0,398,0
sz300124,1828,3337,891
sh600774,0,0,0
sh603129,0,0,0
sz300570,0,0,0
sh600155,62816,224773,8655
sh600428,2260,13271,0
sz300005,0,0,0
sh601168,77336,105926,5093
sh600345,1415,2915,0
sh600638,0,0,0
sz002025,1202,2743,0
sz300316,10038,24269,0
sz300670,0,0,0
sh600879,2012,15028,2001
sz002420,0,0,0
sz000679,0,0,0
sz002823,723,0,0
sz300208,6556,1584,1045
sh601992,215254,263927,9938
sz300327,500,0,0
sz000422,36913,0,0
sz002274,0,1655,0
sz000639,0,685,0
sz002911,388,1217,0
sz300325,2290,4030,0
sz002696,0,0,0
sh600612,230,773,0
sz002215,0,0,0
sh600373,4720,4032,0
sh600191,0,0,0
sh600127,0,0,0
sh600293,1469,6813,0
sh600647,1026,738,0
sz300660,0,0,0
sz300509,0,0,0
sh601599,0,7750,0
sh603787,0,737,0
sz300501,0,0,0
sh600643,28359,24654,2789
sh603533,351,2003,0
sh600804,4700,11648,0
sz300141,0,0,0
sh600023,85863,69643,0
sh600970,37233,54673,0
sz002473,6961,1476,0
sz002629,5280,1900,0
sz300377,1030,1042,0
sz000966,0,0,0
sh603997,0,3348,0
sz002475,19900,20454,1614
sh600797,6841,22722,0
sz300374,0,0,0
sz000409,0,2600,0
sz300617,0,0,0
sz002306,0,2511,0
sh600169,0,3208,0
sz300248,0,0,0
sz300669,0,0,0
sz002519,0,0,0
sh603977,0,0,0
sz002403,0,1000,0
sh603589,3520,1719,0
sh600262,0,0,0
sz300657,0,0,0
sh600648,2114,1526,0
sh600400,2010,0,0
sz002617,10732,16530,0
sh600416,54839,0,0
sh600401,0,71898,0
sh603018,0,0,0
sh603960,0,0,0
sz300192,17336,0,0
sh601200,2112,2419,0
sz002803,723,0,0
sz300012,17598,13729,0
sz002646,0,782,0
sz300014,4934,8092,0
sz002134,0,0,0
sz300621,0,0,0
sh603367,0,0,0
sh603558,0,0,0
sh600710,0,0,0
sz300072,14264,25093,3116
sz300384,0,0,0
sz002193,0,0,0
sz300422,0,0,0
sz002300,0,0,0
sh600038,9907,19941,0
sz300130,511,1195,0
sz000700,0,3482,0
sz300477,6842,3215,0
sh600549,13619,21585,2327
sz002815,0,0,0
sz002596,36204,44776,3782
sh600103,0,0,0
sh600595,8164,18622,0
sz002421,2173,16340,0
sh600718,1345,0,0
sz000901,0,1978,0
sz002508,2178,2440,0
sh600469,3146,0,0
sz002056,0,3775,0
sz002352,282,0,0
sh600771,4738,853,0
sz000718,6103,15758,0
sz002825,0,0,0
sz000998,17275,21559,914
sz002627,0,0,0
sh603100,0,0,0
sh600839,45208,32722,0
sz002381,0,1903,0
sz000553,688,0,0
sh600128,0,2082,0
sz300318,0,0,0
sz300459,0,8030,0
sz000972,0,0,0
sz000880,0,0,0
sz300585,0,0,0
sh600261,0,5545,0
sz002735,0,0,0
sh600148,0,0,0
sz000768,2890,6644,0
sh600057,2102,3135,0
sz000576,33417,18072,745
sz002556,0,9210,0
sh603901,0,0,0
sh600284,0,3316,0
sz000626,0,0,0
sz300259,0,0,0
sz300102,0,4040,0
sz002212,29729,6297,0
sz300229,0,1151,0
sz002150,0,0,0
sh600333,3737,0,0
sh603968,0,0,0
sh603797,0,0,0
sz300050,0,0,0
sz000532,0,2219,0
sz002670,2244,638,0
sz000886,71459,89552,0
sz002466,22732,20724,2237
sz002788,0,1642,0
sz002248,10527,9270,0
sh600861,1200,0,0
sz000720,0,0,0
sz002884,0,0,0
sz300530,0,0,0
sh600509,2000,0,0
sz002118,0,19093,0
sh600232,1986,0,0
sz002313,1705,407,0
sh603633,0,0,0
sz002156,9711,9518,0
sz300561,665,611,0
sz300697,2133,852,0
sh600834,0,0,0
sz002068,1708,3953,0
sz000698,0,1802,0
sz002209,0,0,0
sh600657,27932,43885,0
sz300096,0,2091,0
sz000701,0,0,0
sh600361,0,0,0
sz002445,13091,812,0
sz002070,0,0,0
sh600266,5531,12113,0
sz300482,0,200,0
sh600620,4565,0,0
sh603399,1670,2823,0
sh601002,14330,21924,0
sz300239,0,0,0
sz300234,0,0,0
sz002711,39243,14317,1135
sh600651,1479,7675,0
sh603039,173,0,0
sh600097,1009,0,0
sz002395,0,0,0
sh603113,0,0,0
sh600370,0,3286,0
sz002868,0,0,0
sh603277,0,0,0
sz002862,0,0,0
sh600085,6213,8208,462
sh603288,0,902,0
sz002645,486,650,0
sh601368,0,0,0
sz000011,0,0,0
sh601326,0,11843,0
sh600889,0,0,0
sz002871,0,0,0
sh600961,0,0,0
sh600748,0,1612,0
sh600406,29103,34028,3082
sh601939,979587,734390,16960
sz300181,0,0,0
sh601866,0,9090,0
sh601958,2018,23888,0
sh601028,0,0,0
sz002199,865,0,0
sh600619,1842,0,0
sz300122,7589,9551,0
sh601567,0,0,0
sh600640,1850,3158,0
sh600123,7014,32692,0
sz002151,2565,7655,0
sz000028,624,1934,0
sz002007,3028,15247,0
sh603081,562,0,0
sh601669,61396,51777,1414
sz002181,0,0,0
sz300094,0,3007,0
sz300279,0,0,0
sh600165,5411,1618,0
sz300537,0,0,0
sz300302,0,2036,0
sz000928,0,1843,0
sz000049,0,2161,0
sz300298,904,1491,0
sz300091,16782,735,0
sz002608,0,1216,0
sh600108,10151,5000,0
sh600526,0,0,0
sz000059,18213,38503,0
sh603601,0,1900,0
sh600977,1309,4384,0
sh600720,47089,63896,3583
sz000977,10108,15645,0
sz000567,955,956,0
sz000404,0,3000,0
sz002293,1019,8122,0
sz300433,6899,11355,0
sz002177,0,3359,0
sh600958,30825,36995,0
sz300339,0,0,0
sz002915,1766,2007,0
sz300641,0,0,0
sh601333,61376,111740,0
sz002661,7357,1000,0
sz002088,0,789,0
sh603978,210,0,0
sz300464,0,0,0
sz002908,1087,391,0
sz300698,387,496,0
sh603128,1363,2550,0
sz300418,14161,21203,1380
sz000993,0,0,0
sz002315,0,0,0
sh603917,767,1037,0
sz002695,0,0,0
sh600726,0,0,0
sz002271,7171,4369,0
sz002585,0,0,0
sz002204,0,8022,0
sh603918,0,0,0
sz000859,0,3000,0
sh603811,0,0,0
sz300558,0,489,0
sh603098,0,0,0
sz002799,0,0,0
sz000877,5980,10703,0
sh600512,127644,67441,0
sz002722,0,0,0
sh600623,2325,6046,0
sz002458,604,0,0
sz300451,0,0,0
sz002450,33814,39932,10623
sh600763,1666,1852,0
sz002135,0,0,0
sz002149,0,0,0
sz000651,198302,239295,21861
sz000913,0,674,0
sz000710,887,0,0
sh600988,0,16749,0
sz000519,0,5928,0
sh603456,8846,4561,0
sh601628,81720,55735,5547
sz000712,2188,5501,775
sz002291,5052,0,0
sz300568,0,0,0
sz300321,1536,545,0
sh601011,12535,30316,0
sh603063,0,0,0
sz002174,3967,4540,0
sz000530,0,0,0
sz000590,0,0,0
sz000678,0,0,0
sz300132,0,0,0
sh600000,560296,567012,2468
sh600379,0,0,0
sh600689,0,0,0
sh600795,41429,79176,0
sz002562,778,757,0
sh603477,19283,25394,2676
sz002628,4463,7638,0
sz000949,0,0,0
sh601158,0,8144,0
sh603078,776,0,0
sh603227,0,0,0
sh600887,124767,128940,9450
sh603885,2184,3095,0
sh603696,0,0,0
sh601991,22022,33548,0
sz002131,12726,50584,0
sh600683,0,0,0
sh601666,24743,76237,0
sh603889,1490,788,0
sz300554,829,596,0
sz300182,16254,22360,1429
sz002425,9036,0,0
sh603869,0,0,0
sz000506,10000,1602,0
sz000776,176277,171928,6402
sz000048,0,0,0
sz002437,40418,18811,0
sz300161,0,741,0
sh600559,3834,9535,0
sh600339,16500,2705,0
sh603569,1334,962,0
sz002689,4022,0,0
sh600919,87030,193748,0
sh601800,36055,29388,0
sh603019,22594,21714,2865
sh603377,0,2431,0
sh600158,38026,44733,6041
sz002758,0,0,0
sz002576,925,0,0
sz002763,0,984,0
sz002827,0,0,0
sz002635,3201,2485,0
sz000953,0,0,0
sz000026,1034,1170,0
sh600505,0,0,0
sz300380,0,1069,0
sz300264,0,0,0
sz002595,0,0,0
sz300268,3009,8090,0
sz300139,0,0,0
sh600633,3978,12807,0
sz300475,0,0,0
sz300602,0,0,0
sz300265,0,0,0
sz002783,0,599,0
sh600075,1448,7272,0
sz300193,0,0,0
sh600072,2661,11090,0
sh600538,5265,2131,0
sz300540,0,0,0
sz300127,0,0,0
sz300545,0,200,0
sz002836,0,2054,0
sz000758,2501,17880,0
sz002325,3266,29407,0
sh601288,2419644,3046928,5106
sh600291,30291,45266,988
sz000811,0,0,0
sz002582,0,0,0
sz002383,2096,9881,0
sz002180,600,804,0
sz300410,8369,1210,0
sh600410,1075,1744,0
sz002061,3052,733,0
sz002328,0,0,0
sh600132,3551,3028,0
sh600456,1143,4092,0
sh600896,0,0,0
sh601838,0,0,0
sz002178,2230,4728,0
sh601163,632,542,0
sh601969,0,0,0
sh600721,0,6011,0
sh601718,5183,13178,0
sz300362,0,0,0
sh603233,0,0,0
sz002873,0,0,0
sz300123,0,0,0
sz002528,0,0,0
sh600503,1903,9569,0
sz002201,0,0,0
sh600532,5534,2350,0
sz000603,801,2866,0
sz002137,0,0,0
sh600550,2797,2000,0
sh600592,0,2641,0
sz002752,0,0,0
sh603617,900,0,0
sz000068,0,2267,0
sz000881,1094,1056,0
sz000016,6699,11609,0
sh600433,0,2400,0
sz000421,0,0,0
sz002622,112449,38474,720
sh600744,0,4000,0
sz002846,0,1547,0
sz300338,2263,693,0
sh600397,0,0,0
sz000416,5626,0,0
sz000627,5223,21192,0
sh601518,0,0,0
sz002895,13058,2122,892
sh600255,63722,47373,0
sz300672,1023,306,0
sz000753,0,0,0
sz300712,5414,3634,516
sz002808,0,0,0
sh600846,0,1280,0
sz000537,23974,27562,1123
sz300735,1089,0,0
sz300543,498,0,0
sh603559,2095,874,0
sh600208,184983,293508,0
sz000338,25179,80448,0
sh600869,21860,10020,0
sz002206,4850,6857,0
sh600185,3847,13050,1763
sz000799,2073,5025,0
sz300569,0,0,0
sz300598,0,0,0
sz002623,0,0,0
sz000987,0,0,0
sh600196,17396,21198,687
sz002518,0,2367,0
sh600884,9551,21200,0
sz002603,1069,4894,818
sz300613,90,81,0
sh601801,1051,1361,0
sh603131,0,0,0
sh600859,2512,2711,0
sz002567,13347,4423,0
sz002079,0,5549,0
sh600890,0,4796,0
sz002527,0,0,0
sh600602,0,0,0
sz000418,414,1098,0
sz300675,758,756,0
sh603169,2475,1909,1608
sz002496,3015,17814,0
sz002393,0,0,0
sh601998,178303,143490,0
sh601688,264593,300716,5393
sz002898,0,0,0
sh601500,0,0,0
sz300366,0,2256,0
sh603111,0,0,0
sz002847,2640,5562,0
sz002675,0,3377,0
sz300667,0,0,0
sh600028,1029174,929847,5414
sz002855,0,0,0
sz300357,0,0,0
sz300428,0,755,0
sz000012,19587,39878,0
sz300401,4858,3743,520
sz002769,777,1250,0
sh600153,20679,19547,1033
sh603757,203,427,0
sz002869,0,0,0
sh603393,0,0,0
sz002718,299,0,0
sz000023,1114,0,0
sh603099,0,0,0
sz300591,0,0,0
sz300508,0,0,0
sz300228,0,1073,0
sz000780,0,3355,0
sz300308,223,173,0
sz300391,805,0,0
sz002185,48980,92861,0
sz300628,297,300,0
sz001696,0,3000,0
sz000042,12006,657,0
sh600211,0,427,0
sz000920,0,0,0
sz300584,276,729,0
sh600171,2934,4005,0
sh600063,0,3000,0
sz300207,1834,10243,0
sz002023,15938,18836,0
sz002642,8342,3018,0
sh600162,0,29599,0
sh601005,5364,10000,0
sh603933,350,0,0
sh603912,2139,2603,0
sh600523,0,1656,0
sz002058,500,0,0
sz002753,0,0,0
sz002447,27826,23819,0
sz002564,0,0,0
sz002304,4400,4423,355
sz300430,0,0,0
sh603166,0,3396,0
sz002301,10078,1060,0
sh600976,0,566,0
sz002848,0,0,0
sh603833,81,173,0
sh600183,18908,37360,0
sh600778,0,0,0
sz002636,0,2646,0
sz300163,0,0,0
sz002059,0,0,0
sz002459,2193,900,0
sz002615,43406,0,0
sz000798,0,0,0
sh600897,0,0,0
sz002006,0,0,0
sz300189,0,0,0
sz300717,0,0,0
sz002921,403,365,0
sz002109,0,1619,0
sz002329,24951,23170,0
sz002106,1201,12756,0
sz002542,0,0,0
sh600575,0,2673,0
sz002187,0,0,0
sz002207,0,3512,0
sz300007,0,1710,0
sz300726,1000,0,0
sz002683,0,5344,0
sh600217,0,0,0
sz300128,21080,9785,0
sz002195,17378,43401,0
sh600189,0,0,0
sz300165,0,0,0
sh603969,0,0,0
sz002400,25533,32720,0
sz300684,1971,2437,380
sh600593,400,0,0
sz002756,0,525,0
sz002588,0,0,0
sz002083,3496,14686,0
sz002077,0,1078,0
sz002822,0,2237,0
sh601021,306,752,0
sz000970,5614,12780,0
sz002472,1500,1288,0
sz002078,33767,48321,2818
sz002047,26940,9298,0
sh600571,5737,4141,1864
sh603038,0,0,0
sz002045,54530,42556,9512
sz000788,0,0,0
sz300364,2117,1076,0
sz000636,7363,18348,0
sz002275,0,711,0
sz002531,3159,13083,0
sh603223,0,0,0
sh600917,1276,0,0
sz000520,0,3188,0
sh600606,381944,486550,10973
sh600551,1212,852,0
sh600371,0,0,0
sz002578,0,0,0
sh600561,0,0,0
sh603055,827,3979,0
sz300427,3429,1878,0
sz002768,0,7683,784
sz002019,9418,32403,4750
sz002679,0,0,0
sh600501,0,0,0
sz002505,0,13270,0
sh600059,1227,2722,0
sz000670,5063,2833,0
sh600757,0,0,0
sz002829,0,0,0
sz300449,775,0,0
sh601007,0,0,0
sz002886,1508,323,0
sz002463,25200,72035,0
sz300314,0,0,0
sz300666,1829,2478,0
sh600853,0,0,0
sz002464,2563,1316,0
sh600506,758,929,0
sz002511,5030,5043,0
sh600131,0,0,0
sz002105,0,2265,0
sz300432,0,0,0
sz000719,0,8348,0
sz002504,0,0,0
sz000058,7011,1955,0
sz300722,0,0,0
sh601857,117613,152364,1527
sh603333,2906,14332,0
sh603023,0,0,0
sz000531,0,0,0
sz300607,0,0,0
sz000528,8091,14059,0
sz002155,1556,6228,0
sz000571,1930,0,0
sz300563,0,0,0
sz300376,3195,8838,0
sh603181,1163,1942,0
sz300195,0,0,0
sz002835,0,0,0
sz002467,0,2032,0
sz002618,0,0,0
sz000860,1336,1401,0
sz002165,0,0,0
sz000635,0,1404,0
sh600052,0,5819,0
sz000078,1840,28519,0
sz000836,46330,74717,0
sz300526,0,0,0
sz000400,4032,14952,0
sz000728,10067,18741,0
sz300700,1152,1205,0
sz002767,0,0,0
sh603685,0,0,0
sz300299,6194,0,0
sz300521,0,0,0
sz300643,0,0,0
sz002422,8512,14169,0
sh603916,8148,4763,1364
sz300440,0,0,0
sz300336,0,1095,0
sz002630,1997,6262,0
sz300218,0,0,0
sz000852,6118,4393,0
sh600369,0,9675,0
sz002806,0,0,0
sz002335,0,0,0
sh600507,81712,55008,9429
sh603232,0,0,0
sz300390,0,0,0
sz002233,858,6350,919
sz300281,0,0,0
sz000869,636,6501,0
sh603066,0,0,0
sz002424,4119,1797,0
sz002309,53987,5562,0
sh603816,510,2605,0
sz002413,90048,5806,0
sh600327,0,0,0
sh603042,0,0,0
sz000568,24187,28869,1851
sz300467,9799,1440,0
sz002546,0,2702,0
sz002457,0,6369,0
sz000570,0,3816,0
sz002146,300212,283667,9067
sh600717,3863,10865,0
sh603466,220,1518,0
sh600848,1117,2814,0
sh600893,7767,21249,1287
sz000802,1158,1456,0
sh600323,4126,10723,0
sz000513,1681,8268,439
sh603331,0,0,0
sz002222,8300,16402,0
sz002296,0,0,0
sh601010,0,5924,0
sz300121,0,841,0
sz000681,4821,2608,0
sh600745,3278,3213,0
sz002417,1308,19401,0
sh600775,0,0,0
sz300655,0,0,0
sh603517,0,270,0
sz002917,1042,478,0
sz002021,0,0,0
sh600693,18228,7004,0
sz002677,0,1892,0
sh603725,524,1875,0
sz002912,445,430,122
sz002041,0,2251,0
sh603615,0,0,0
sh600228,0,0,0
sz002084,0,0,0
sz300120,0,0,0
sh603877,0,389,0
sz300322,0,0,0
sz000596,201,3607,0
sh600999,63848,67131,1007
sh600055,0,1038,0
sz002374,17055,15976,0
sh600723,0,0,0
sz300541,0,755,0
sh600909,3168,16067,0
sz300396,0,0,0
sz300463,0,1229,0
sz000936,0,3272,0
sh600025,54992,107372,0
sz300263,0,1667,0
sh603335,0,0,0
sh600570,33241,43775,4852
sz002161,12508,12776,0
sz000402,25811,40087,6024
sh603890,0,312,0
sh600903,61840,45455,9391
sh600725,0,0,0
sz300604,0,0,0
sz002610,37766,20283,0
sz300119,0,0,0
sz000752,0,0,0
sz300270,1451,0,0
sh603679,0,0,0
sh603801,216,0,0
sh601999,0,0,0
sz300332,0,0,0
sz002333,696,1497,0
sz300720,1031,0,0
sz002902,616,0,0
sh600095,0,0,0
sh603041,0,0,0
sh601179,0,8617,0
sh603319,391,0,0
sz002258,17420,17685,3040
sz002055,654,2291,0
sz300220,877,3270,1027
sz002388,0,0,0
sz000539,0,0,0
sh601558,0,23101,0
sz000957,0,5331,0
sz000151,0,3308,0
sz300572,0,0,0
sz002394,0,0,0
sz300653,0,0,0
sz300378,0,0,0
sz300254,0,0,0
sh601108,58102,77503,5007
sh600676,0,0,0
sh600419,0,279,0
sz000045,29873,10600,0
sz002544,0,819,0
sz000715,0,0,0
sz300426,852,0,0
sz300633,0,0,0
sh600218,0,0,0
sh600766,10899,0,0
sz002922,7726,9792,1346
sh603197,0,0,0
sz300663,0,0,0
sh600351,0,0,0
sz000692,3133,0,0
sh600016,648007,466710,8219
sz300232,0,10743,0
sz000017,0,0,0
sz000985,0,0,0
sz002213,5100,864,0
sh603966,0,0,0
sh601988,1250000,1212745,0
sh603108,19052,7984,4278
sh600403,0,0,0
sz001896,0,0,0
sz300531,0,0,0
sz000632,0,0,0
sz300068,7211,14946,0
sh600422,1233,1440,0
sh601766,421768,332287,5751
sh600833,0,0,0
sh603083,0,281,0
sz300046,0,0,0
sh600756,1387,3166,0
sz300379,0,2181,0
sz000039,22593,18078,1028
sz300112,0,0,0
sh600985,1461,2061,0
sh601390,124562,68776,0
sz002560,6096,2274,0
sh600749,3695,0,0
sh600163,0,0,0
sz300415,1000,0,0
sz300099,0,0,0
sh600488,0,0,0
sh600336,12161,0,0
sz300078,9026,10766,0
sh600461,0,0,0
sz002743,0,0,0
sz300527,0,0,0
sh603199,0,0,0
sz000733,0,1006,0
sz300227,4082,0,0
sh600984,0,0,0
sz300727,5939,8027,623
sz000630,121583,221597,0
sh600939,0,0,0
sh600850,0,0,0
sz002916,7296,6944,729
sz000723,7355,26849,0
sz002652,0,3095,0
sz002918,572,3293,0
sh601878,7277,19686,1580
sz000958,2185,7440,0
sz002299,1001,4028,0
sh600663,1865,2317,0
sz000020,0,0,0
sz300061,0,0,0
sh600759,5773,30133,0
sz300028,0,0,0
sh601811,0,0,0
sh600764,1595,1432,0
sz002770,0,0,0
sz300342,1602,942,0
sh600830,0,5171,0
sh601169,346591,276042,9856
sh600675,2697,1598,0
sh600981,0,0,0
sh600008,17259,71863,0
sh603768,0,0,0
sh600668,716,2300,0
sz000897,0,0,0
sz002351,0,0,0
sz300687,0,0,0
sz002111,841,0,0
sz000001,654314,608915,18446
sz002376,1711,10379,0
sh601689,0,1788,0
sz300495,21521,3442,1061
sz300484,0,845,0
sh600671,13148,0,0
sz000671,173874,166089,2784
sz300313,1723,0,0
sh603895,12639,15012,772
sh601899,1859826,1946312,43589
sz002521,1743,1044,0
sz300267,90186,24270,0
sh603655,11505,51507,5726
sz300039,0,0,0
sz300147,0,2471,0
sz002034,0,300,0
sz002015,0,0,0
sh603167,5480,5848,0
sh600017,6446,0,0
sh603136,0,0,0
sh600458,0,3162,0
sz000608,11292,11606,0
sz002589,1006,1628,0
sh603323,22535,45354,0
sz000702,5277,0,0
sz002448,0,0,0
sz300436,0,0,0
sz000032,3081,2023,0
sh603444,0,0,0
sz000062,0,0,0
sh600375,0,0,0
sz002100,0,0,0
sz000518,0,0,0
sz300536,0,0,0
sz000560,3778,3546,0
sh600425,8956,13166,0
sz000070,1617,1246,0
sh600083,0,0,0
sz000685,0,15557,0
sz300576,0,0,0
sz300490,0,0,0
sz000552,0,3605,0
sh603859,0,0,0
sh603861,0,0,0
sz300047,0,1000,0
sh600321,0,14618,0
sz002816,0,598,0
sh603612,226,0,0
sz000818,0,893,0
sz000887,3545,3732,791
sh600340,134529,129099,13021
sz002138,2759,7104,0
sz002242,0,2009,0
sz002773,0,340,0
sh600248,0,0,0
sh600241,0,0,0
sz002638,15304,4526,0
sh603928,0,793,0
sz002382,12316,17059,4563
sh601607,14452,32172,615
sh600387,2300,0,0
sz300150,0,0,0
sz000823,53395,36925,985
sz002664,0,0,0
sh600727,0,1141,0
sz002492,0,0,0
sz000981,13370,1260,0
sz300470,0,0,0
sz002120,0,0,0
sz300421,0,0,0
sz300013,0,0,0
sh600292,0,1733,0
sz300080,0,0,0
sh600143,7259,14641,0
sz002559,0,0,0
sh600517,0,4120,0
sz002486,0,4019,0
sz000037,2959,0,0
sz002923,6563,6765,943
sh603882,0,0,0
sh603701,0,0,0
sz300438,0,0,0
sz002536,0,0,0
sz300610,0,0,0
sh603703,1911,0,0
sh600216,4340,14656,0
sh603458,0,0,0
sh600674,1040,9786,0
sh600881,3000,19934,0
sh601877,15713,4955,0
sz002905,423,0,0
sz300057,0,0,0
sz000008,0,3344,0
sz002485,0,0,0
sz002013,0,7483,0
sh600843,0,0,0
sz002101,0,767,0
sh600616,1610,0,0
sz002581,0,0,0
sz300081,0,0,0
sh600329,0,0,0
sh601177,0,0,0
sz002762,0,1551,0
sz300355,13929,51272,0
sh600184,6049,0,0
sz002514,0,0,0
sh600498,22223,27249,1775
sh600078,2341,0,0
sh600599,0,0,0
sz002516,1800,5088,0
sh600139,0,0,0
sh600558,0,0,0
sh600235,0,0,0
sh600644,0,1804,0
sh600681,0,2800,0
sz000061,0,0,0
sz002389,18544,6734,0
sh600466,59970,112379,10433
sh601106,9210,4038,0
sh603058,20913,91239,7122
sh600277,2265,9886,0
sz000514,0,3188,0
sz002406,0,0,0
sz000995,0,8773,0
sz002793,0,0,0
sh600213,0,0,0
sh600626,0,10911,0
sh600737,7006,13646,0
sz002597,7066,6121,0
sz000961,29014,88140,1655
sz002853,356,0,0
sz002396,3546,13915,0
sz000968,0,891,0
sh600018,96342,52127,0
sh600667,7934,37970,0
sh600768,0,0,0
sz002380,0,0,0
sh601579,0,0,0
sh600064,3797,2614,0
sz002341,596,4217,0
sh600219,69710,109122,0
sz002488,2494,2026,0
sz002052,0,0,0
sh600460,106598,94060,5951
sz300582,0,3501,0
sz300041,0,0,0
sh603929,0,0,0
sh600004,12142,10691,2209
sz002250,10250,5909,0
sz000090,0,10783,0
sz300586,0,0,0
sz002141,1704,0,0
sz002292,2305,9348,0
sz002781,1249,0,0
sz002842,0,0,0
sz002707,4789,1154,0
sz300699,881,1335,0
sh600790,9238,5253,0
sh600605,0,0,0
sh600908,12496,31873,0
sz300082,0,0,0
sh600069,32277,20001,0
sz000789,39626,34119,7903
sh600295,0,1186,0
sz300389,0,0,0
sz002438,0,0,0
sz300696,0,0,0
sz000676,867,2890,0
sz300497,0,474,0
sh600511,0,642,0
sh603818,0,0,0
sz002552,0,0,0
sz300632,0,0,0
sh600579,2464,4864,0
sz000965,2000,5518,0
sh600895,951,1769,0
sh600039,0,17042,0
sz002471,0,2671,0
sz002640,21872,10733,7435
sz002637,2550,1118,0
sh600252,2500,7518,0
sz002439,9683,10695,570
sz002500,14876,55311,0
sz002317,2466,5448,0
sz000423,1590,2728,0
sh600243,0,0,0
sz300290,0,0,0
sh600297,0,5107,0
sz002573,117549,63620,2411
sh603989,1367,1662,0
sz300625,0,0,0
sh600810,0,0,0
sh603303,0,0,0
sh600489,44624,93167,0
sh600106,0,0,0
sh600326,3041,13510,0
sh603606,0,0,0
sz300307,0,0,0
sh600776,0,9930,1610
sz002857,35643,0,0
sz300693,0,0,0
sz002261,0,10011,0
sz002532,0,0,0
sz002087,0,3202,0
sh600563,820,2279,0
sz300645,0,0,0
sh603919,841,1427,0
sz000544,3732,1000,0
sh603198,651,1000,0
sz000559,0,5829,0
sz000607,0,0,0
sh600628,1362,4546,0
sz300323,1722,3173,0
sh600847,0,0,0
sz002172,0,0,0
sh603990,0,0,0
sh600170,26399,41703,0
sz002126,1200,2094,0
sz000401,24570,40995,3214
sh600152,1674,0,0
sh601918,0,23763,0
sz300118,0,2002,0
sh603825,0,0,0
sz300114,2500,0,0
sz002020,3454,7546,0
sz002040,0,0,0
sh600635,3899,12255,0
sz300616,482,0,0
sz300571,412,0,0
sz000815,0,0,0
sh600636,801,4850,0
sz300183,1917,0,0
sz300533,0,0,0
sz002620,0,2300,0
sz000908,0,0,0
sz002876,733,1180,0
sz002543,0,0,0
sh600546,7265,26200,0
sh600320,5007,58537,0
sh600547,31653,29357,1935
sz000633,42595,1876,0
sz002017,0,2509,0
sz300476,525,2272,0
sh600831,0,4157,0
sh600356,0,0,0
sh600811,2421,4000,0
sz300575,0,0,0
sh603711,4906,2701,0
sz300583,0,0,0
sh600126,1732,0,0
sh600179,5973,1846,0
sh603690,0,0,0
sh603002,0,8492,0
sz300654,7501,864,0
sz000546,0,804,0
sz002708,0,0,0
sh600167,424,0,0
sh600688,24886,27263,0
sz300085,899,0,0
sz002392,0,12538,0
sz002031,0,5003,0
sz002272,0,0,0
sz002359,13122,30057,524
sz000902,0,2302,0
sz300472,7521,993,0
sz000917,2893,26309,0
sh601012,40834,85288,8118
sh603501,1330,0,0
sh600405,0,2000,0
sz002454,1999,3066,0
sz000831,1374,4206,0
sz000050,6515,9705,0
sh600882,0,0,0
sz002124,1453,6777,0
sh600996,11795,48388,0
sz300158,686,730,0
sz002092,46479,94473,1480
sh600548,0,0,0
sh601900,1346,3255,0
sh603860,0,0,0
sh603856,7743,1483,0
sh603238,0,0,0
sh600408,0,22012,0
sh600868,47341,160887,0
sh601699,241398,244366,13861
sz000155,4932,15985,0
sh603196,2044,13060,4367
sh603959,0,0,0
sz300088,25973,69994,0
sz002672,761,3736,0
sh600193,44746,0,0
sz000661,2557,3779,165
sz000555,0,1705,0
sh600962,0,0,0
sz002270,0,0,0
sh600368,0,2140,0
sh601101,1227,7441,0
sz002903,0,0,0
sz000888,0,1995,0
sz002749,0,0,0
sz000790,0,0,0
sz000725,6537534,5972907,240545
sh603800,0,0,0
sh600220,36626,36643,0
sh600987,0,0,0
sz300184,0,0,0
sh600982,2541,0,0
sz000797,3529,2352,0
sz300262,0,1280,0
sh603536,0,0,0
sz000905,8526,3010,0
sh603189,0,0,0
sz002771,0,0,0
sh600998,805,2106,0
sh600197,8604,7524,1677
sh600186,0,0,0
sz002712,0,0,0
sh600805,0,2186,0
sz300636,0,0,0
sh600692,0,1513,0
sz300043,4734,16523,0
sh603727,0,0,0
sh603508,0,0,0
sz002644,0,0,0
sz002042,0,4517,0
sz300679,0,0,0
sh603985,0,0,0
sh603260,4978,5897,534
sh600391,0,1263,0
sh600354,1585,9032,0
sz002831,409,304,0
sh600130,32580,12172,1797
sh603656,0,0,0
sz002262,1190,6849,0
sh603168,0,950,0
sz000069,266911,344768,5615
sz002246,1004,0,0
sz002362,0,552,0
sz000921,3947,10288,0
sh600740,59231,88514,0
sz002824,0,0,0
sz000584,12226,13339,1884
sz300452,0,0,0
sz000885,0,823,0
sh603798,0,0,0
sz300447,0,0,0
sz300106,0,0,0
sz300266,3549,2549,0
sz002139,0,2376,0
sz002701,0,7055,0
sz000010,0,3418,0
sz300425,0,0,0
sh603366,0,0,0
sh603839,0,2338,0
sh603360,0,0,0
sh603180,183,389,0
sz000878,43667,58416,785
sh603808,0,2230,0
sz002347,0,0,0
sz000761,29612,33338,0
sh603085,11353,4079,0
sz002053,0,0,0
sz000558,2974,2098,0
sh603996,3371,1120,0
sz300160,0,0,0
sz300685,117,143,0
sh600113,1910,2219,0
sh603298,0,780,0
sz300458,0,1293,0
sh601601,75725,62984,2860
sz000525,0,1032,0
sz002364,0,0,0
sz002324,4640,0,0
sh600060,21361,13751,0
sh600562,10001,2364,0
sh600116,4067,12843,0
sz000990,0,797,0
sh600665,0,0,0
sh600677,1244,2337,0
sh603385,595,1197,0
sz300386,0,0,0
sh600975,0,0,0
sz000595,0,0,0
sz000721,0,0,0
sz000088,0,1522,0
sz002625,0,0,0
sz300059,669859,574222,59018
sh600178,0,0,0
sz300133,13928,39889,0
sh603067,0,0,0
sz300511,587,0,0
sz000665,0,2352,0
sh603556,0,300,0
sh600089,47283,105545,0
sz300382,7182,0,897
sh600487,54920,79082,8820
sz002832,0,0,0
sz002348,0,0,0
sz002633,2545,0,0
sh603799,43631,54276,5814
sh601226,0,0,0
sz002089,18936,4104,0
sz002837,0,0,0
sh600278,0,1000,0
sh600783,0,3233,0
sh600480,0,4111,0
sz000036,32465,63990,0
sh601636,72637,53556,2066
sh601199,0,0,0
sz002665,155907,66904,5045
sz002495,7229,0,0
sz002225,0,0,0
sh603963,0,540,0
sh603157,24776,31161,3290
sh600755,19953,43078,1026
sz000543,0,22593,0
sz000839,55030,98081,0
sz002721,63510,0,0
sz002167,0,3628,1305
sh600229,0,0,0
sz002462,550,1083,0
sh601989,333022,502445,0
sh603663,0,0,0
sz002709,245,557,386
sz002760,256,0,0
sh600104,127222,125915,696
sh600898,0,0,0
sh600973,0,0,0
sz002182,0,2728,0
sz002148,1642,6076,0
sz002600,8408,15104,0
sh600880,0,0,0
sz000557,0,0,0
sz300589,0,0,0
sh603005,400,481,0
sz000969,0,1301,0
sh600121,9150,0,0
sz300513,0,0,0
sz002095,624,1244,0
sh600133,0,6322,0
sh600555,14767,12886,0
sz000856,1519,1529,0
sz002477,30923,44786,0
sz002673,25363,32483,1251
sz002342,0,3247,0
sz300409,1769,3105,0
sh600182,2543,2091,2058
sh600325,76843,148159,0
sh600300,0,5587,0
sh600997,0,9467,0
