sz300394,0,0,0
sz300166,39379,32089,2718
sz002297,2330,2378,0
sh603555,0,0,0
sz300481,0,0,0
sz000792,16271,6465,0
sh603608,0,0,0
sh600112,0,0,0
sz002106,0,0,0
sz300610,0,0,0
sz002064,0,0,0
sh600169,6000,0,0
sh600766,2649,2880,0
sz300228,1220,0,0
sz300542,1210,2887,1223
sh601588,5415,0,0
sz000503,14011,22257,1383
sh600033,0,0,0
sz300356,20792,39014,1263
sh601128,8184,1833,0
sz002304,8541,4396,0
sz300151,0,2000,0
sh603906,0,0,0
sh600825,1895,27052,0
sz002824,0,800,0
sh603788,0,0,0
sh603712,137863,104882,31519
sz300638,9569,17418,972
sz002620,0,0,0
sh601718,0,0,0
sz000016,24979,11552,0
sh600410,30206,40396,1519
sz300048,3600,0,0
sz002045,2131,10474,0
sz300282,6339,590,0
sz000078,8278,10079,0
sh601368,0,0,0
sz002255,1500,0,0
sz000611,0,1500,0
sh600282,134881,48454,0
sh603133,0,0,0
sz002743,1214,2618,0
sh600618,0,1100,0
sz002506,4806,6308,0
sh600074,0,10000,0
sz000899,0,0,0
sz000690,8635,6960,0
sz002713,450,0,0
sh600125,3924,7213,0
sh600283,0,0,0
sz300406,0,1434,0
sz000510,0,0,0
sz300495,0,0,0
sh600850,583,1199,0
sh600336,0,0,0
sh600108,0,3949,0
sz002665,10395,0,0
sz000786,32442,36283,1338
sh600781,0,0,0
sh601369,1539,0,0
sh603444,61,156,0
sz000430,0,2005,0
sh600319,0,0,0
sh600369,9000,3330,0
sz002435,0,0,0
sh601106,0,0,0
sh601600,417911,380152,0
sz002745,0,501,0
sz000008,2003,5221,0
sz000735,38136,27872,1093
sh600873,4939,7851,0
sh603000,0,0,0
sh600585,121038,92047,6761
sz000993,0,1382,0
sh600067,2120,0,0
sh600211,765,0,0
sz000632,0,0,0
sh600853,0,0,0
sh600037,0,1000,0
sh603386,992,2304,0
sh603888,0,560,0
sz002060,0,0,0
sz000568,35241,16655,752
sh600528,1003,10182,0
sz002170,0,0,0
sz300301,2110,5848,0
sz300618,3964,5328,504
sz002668,5803,1306,0
sz000886,23256,20950,0
sz002359,1570,581,0
sz300193,0,0,0
sz001696,0,0,0
sz300494,0,4134,0
sz002803,363,0,0
sh600887,279764,212372,20245
sz300642,0,0,0
sh600284,0,0,0
sz002382,10351,24923,0
sz002388,0,0,0
sh600406,6898,7068,0
sh600400,0,0,0
sz002445,2607,0,0
sz002237,6127,11220,0
sh600792,0,0,0
sh603188,0,0,0
sz300358,0,0,0
sh603198,0,0,0
sz002818,0,0,0
sz300636,0,0,0
sh600750,4987,4981,0
sz000999,1723,2749,0
sz000600,3502,7207,0
sz002566,0,1324,0
sh600455,0,0,0
sh600686,0,0,0
sh600705,14419,5067,0
sz300160,2466,4200,0
sz300354,0,0,0
sz002006,0,0,0
sz000026,0,1326,0
sz002069,0,0,0
sh603818,0,0,0
sz002505,18296,19819,0
sz300376,1485,1400,0
sz300712,0,0,0
sh601222,0,0,0
sh603728,0,0,0
sh600028,436398,399738,4804
sz002081,6879,2263,0
sz000151,34338,37182,7814
sh600295,2063,1298,0
sz000062,0,0,0
sh601155,86531,71864,3354
sz002052,0,0,0
sz002024,248723,145743,3422
sh600268,0,3731,0
sz002820,0,0,0
sz300498,12609,4122,615
sz002703,0,0,0
sz000768,21158,46234,626
sh600444,0,0,0
sz000652,2243,3000,0
sh603077,10031,45882,0
sh603283,3859,14966,0
sz002827,0,0,0
sh603466,766,196,0
sz002234,0,0,0
sz002285,18939,5650,0
sz300612,211,1142,421
sz000809,0,0,0
sh600106,0,0,0
sh600292,0,0,0
sz000683,8956,8228,0
sz300593,14176,3879,626
sz002534,0,0,0
sz002632,22839,85899,0
sz300604,0,200,0
sz000571,0,0,0
sh603903,591,0,0
sz000716,4500,0,0
sh600562,2155,1000,0
sz000617,0,0,0
sh601021,0,0,0
sh603617,12614,1718,531
sz300457,427,1866,0
sz002038,13054,4545,0
sz002816,2759,979,0
sz002719,2226,0,0
sz300019,0,1160,0
sh603328,0,0,0
sh600756,45797,23431,1212
sz300631,1730,3888,0
sh600845,9703,6150,0
sh603359,338,0,0
sz002449,8091,22747,1020
sh600550,0,0,0
sh603789,0,0,0
sz000802,0,0,0
sz000753,0,0,0
sh600252,9728,2627,0
sh600242,0,0,0
sh600475,0,0,0
sz000863,0,0,0
sz300621,0,0,0
sz002917,890,373,0
sz002858,0,0,0
sz000517,169257,82014,0
sz300569,963,0,0
sz300421,998,0,0
sz002756,900,0,0
sz002173,5998,6340,0
sz002180,673,0,0
sz002392,0,0,0
sh600376,0,1326,0
sh603035,985,0,0
sz002582,0,0,1524
sz002653,0,0,0
sz000778,11688,6469,0
sh600469,0,0,0
sh601208,0,0,0
sz000728,20352,5363,0
sz000040,0,0,0
sh600862,0,0,0
sz002809,0,0,0
sh603017,0,0,0
sz000963,5705,7570,444
sh603999,0,0,0
sz002158,4278,0,961
sh600416,5248,2601,0
sz002648,1648,4345,0
sh603833,606,74,0
sh600883,0,0,0
sh600258,2223,1649,0
sh600060,3294,6054,0
sz300165,0,0,0
sz002678,0,0,0
sh603078,0,0,0
sz002356,0,0,0
sh603920,0,0,0
sz002511,0,2077,0
sz300725,463,538,0
sh603042,0,0,0
sz300227,0,0,0
sz300309,2893,0,0
sh600354,4460,3640,0
sh600828,0,0,0
sz300540,0,0,0
sz000838,20027,3094,0
sh603737,0,0,0
sz002805,0,437,0
sz300400,996,1658,0
sh601919,5609,3934,0
sz300413,2942,2800,0
sz000893,6027,0,0
sh600483,0,0,0
sh603639,0,0,0
sz300508,0,0,0
sh600718,36977,14827,809
sz000669,0,0,0
sz000058,0,0,0
sh600098,0,0,0
sz002115,7082,0,0
sh600737,0,0,0
sh600298,27761,7421,1808
sh600167,1120,0,0
sz300535,0,0,408
sz002783,0,0,0
sz300505,0,0,0
sz000708,0,0,0
sz000333,106716,68222,11413
sz300289,0,6592,0
sz002400,5461,13975,0
sh601008,0,0,0
sz002410,10038,12800,931
sh601886,3257,0,0
sz300001,0,0,0
sz000988,4916,4849,0
sz002205,0,0,0
sz300450,931,3806,201
sz300686,429,1680,0
sh603326,0,1387,0
sz300698,1631,6554,2229
sh603727,0,0,0
sz000678,1864,0,0
sh603636,15307,18930,0
sz002590,0,0,0
sz002700,0,0,0
sh600107,0,0,0
sz002491,799,11047,898
sz300427,1000,0,0
sz002043,3701,2102,0
sz002911,631,1244,0
sz002346,792,1730,0
sz002925,8230,7231,979
sz002368,17667,30653,3002
sz000906,0,0,0
sz000670,2279,0,0
sh600810,0,0,0
sh600651,0,0,0
sz300003,22136,25677,1734
sz002360,0,1759,0
sh601952,7520,2373,0
sz300526,1419,0,0
sh600136,3101,1544,0
sz002758,2754,5485,0
sz300104,416204,552081,26974
sz002282,1158,0,0
sz000028,0,864,0
sz000788,0,0,0
sz300192,0,0,0
sz000545,0,0,0
sz300708,2120,3675,0
sh600118,1565,1554,0
sz002233,7769,4256,0
sz002070,0,0,0
sz300062,0,0,0
sh603937,6138,0,518
sz002470,1933,0,0
sz002819,0,0,0
sh603648,2696,6416,0
sh601866,0,11024,0
sz002186,0,0,0
sh603990,633,291,0
sz000889,0,0,0
sh600743,9015,0,0
sz300552,4091,3022,0
sh600193,0,0,0
sz300140,3512,5465,0
sh600228,0,0,0
sz000933,68268,24875,3353
sh600151,0,4239,0
sz000590,0,0,0
sz000731,0,4048,0
sh600526,0,0,0
sh601595,0,0,0
sh600642,9001,2000,0
sz002152,0,3329,0
sz002724,0,0,0
sz300224,0,0,0
sz300201,0,0,0
sh600461,0,0,0
sz300697,1054,0,0
sh600875,0,0,0
sh603239,0,0,0
sz002352,409,0,0
sz300176,1515,839,150
sh603900,0,0,0
sh600640,3703,0,0
sz000619,0,0,0
sh603101,0,0,0
sz002741,0,1083,0
sz300456,301,604,0
sz300581,0,0,0
sh600805,0,0,0
sz000425,93952,52951,0
sz300002,4236,16210,0
sh600503,3635,0,0
sz300210,0,0,0
sh600184,0,0,0
sz000023,3982,6102,0
sz300031,0,0,0
sh603366,0,2036,0
sh603919,0,0,0
sz002226,4263,0,0
sh603305,0,343,0
sz000504,500,2283,1000
sz300389,0,0,0
sz300181,10113,7512,2026
sz002730,0,0,0
sz300287,20868,27085,0
sz000090,0,0,0
sz002554,0,0,0
sz002398,921,0,0
sh601088,80242,57444,2778
sz300497,0,0,0
sh603618,0,0,0
sz000547,33218,85626,5579
sz002579,0,0,0
sz000790,3328,1645,0
sh600649,1638,0,0
sz002433,0,0,0
sz002318,0,0,0
sh600288,0,2463,0
sh600892,0,0,0
sz000520,9871,0,0
sh600380,2189,4751,971
sz300572,1490,1329,0
sh603330,0,0,0
sh601007,0,0,0
sh601968,0,0,0
sh603819,0,0,0
sz002102,18075,20632,2181
sh603679,0,0,0
sz002718,0,0,0
sh600858,0,0,0
sz002422,1579,7907,0
sz300156,40790,50149,4164
sh601616,0,0,0
sz300300,4768,6165,0
sh600250,0,0,0
sz002606,4514,6449,0
sh601258,41092,265977,0
sz300377,31844,32060,2016
sz002565,2599,0,0
sz300339,4047,3929,1289
sh603829,2022,0,0
sz002417,2043,8043,0
sz300575,0,0,0
sh603506,4665,17531,0
sz002407,680,0,0
sz300492,0,0,0
sh600518,2253,6232,0
sz000089,0,0,0
sh600196,66407,81643,3302
sh600191,0,5773,0
sh600016,50613,58638,0
sz002461,2521,3559,0
sz002148,1221,1560,0
sh600315,5317,403,0
sz000529,0,0,0
sz002467,4819,1697,0
sh601881,29017,26955,3311
sh600549,93305,56623,4846
sz000948,3578,0,0
sh600890,2197,1000,0
sz000541,0,0,0
sh600993,4912,0,0
sz002927,12436,14266,3780
sh600327,0,0,0
sz002109,0,0,0
sz000719,0,0,0
sh600279,2295,0,0
sz300076,0,0,0
sz300321,0,0,0
sz000561,0,0,0
sz002547,63144,13494,0
sh600685,0,4402,0
sz002050,18514,28939,2187
sz000726,0,0,0
sh600742,780,742,0
sz300206,0,0,0
sh601838,15187,19909,0
sh600976,0,0,0
sh603797,0,1100,0
sz002281,5916,9544,2199
sh603757,0,0,0
sh603055,0,0,0
sz300178,3010,0,0
sh600769,0,2048,0
sh600589,0,0,0
sz002200,0,0,0
sz300213,3052,1215,1644
sz002923,2266,1335,0
sz300709,260,203,0
sz300480,0,0,0
sz002901,2376,0,0
sh603019,55333,64761,6067
sz002757,297,0,0
sz000037,0,0,0
sz000782,0,0,0
sh600602,0,0,0
sz002031,0,0,0
sz002863,0,689,0
sz300077,17106,24632,0
sz300029,0,0,0
sh600779,2125,494,0
sz002695,0,670,0
sh600818,0,3943,0
sz000596,386,0,0
sz300606,0,0,0
sh603266,2277,15818,0
sz000531,0,0,0
sh603277,0,0,815
sz300653,275,287,0
sz000829,0,0,0
sz300182,11541,8222,0
sh601991,0,3231,0
sh600977,0,0,0
sh601005,4541,10017,0
sz002275,690,642,0
sh603556,0,0,0
sh603896,295,269,0
sz002342,15497,1916,0
sz002638,0,0,0
sz002591,0,0,0
sh601158,1748,0,0
sz000011,4755,0,0
sz002482,0,0,0
sh600275,0,0,0
sz300565,0,0,0
sz000638,0,0,0
sh600657,2872,0,0
sz300463,0,0,0
sz002913,896,0,0
sh600895,1538,1950,0
sz000501,0,1660,0
sz002092,2916,1350,0
sh603685,0,524,0
sz000655,0,0,0
sh603658,1380,200,0
sz000982,3449,0,0
sz300519,0,748,0
sh600235,0,0,0
sz002062,0,0,0
sz000799,3514,1345,0
sh600703,277856,274379,22451
sz000502,1130,0,0
sz300637,0,0,0
sz300607,392,0,0
sz300044,781,3052,0
sh603421,0,0,0
sz300608,787,4832,0
sh601012,14044,17663,1804
sz000880,0,0,0
sh600545,0,0,0
sh600497,29618,12475,0
sz002310,28010,29582,791
sz000166,26770,28206,0
sh600519,28676,27126,4858
sz000777,0,0,0
sz300622,0,0,0
sz002370,5612,4530,1000
sh603458,0,0,0
sz300736,271,0,0
sz300011,0,0,0
sz002912,318,290,0
sh600857,0,0,0
sh603871,0,0,0
sz002188,0,0,0
sz300137,5245,5013,527
sz300331,750,0,0
sz000820,47812,53196,8532
sh600594,2386,7614,0
sz002685,1472,1253,0
sh600650,0,0,0
sz000868,14153,1977,0
sz000702,0,0,0
sz000563,10560,0,0
sz002321,10577,26053,0
sz300196,0,0,0
sh600637,700,0,0
sz300135,0,0,0
sz300609,390,1451,0
sz002588,0,0,0
sh600230,3867,1852,0
sz002643,0,1020,0
sz000555,18896,29971,2157
sz300125,0,0,0
sz002609,0,0,0
sz300641,0,0,0
sz002079,5021,1461,0
sh600587,21380,7910,0
sz002192,0,1317,0
sz300530,614,0,0
sh603320,0,0,0
sz300387,0,0,0
sh601107,0,0,0
sh600736,0,0,0
sh600262,0,0,0
sz300260,0,0,0
sh600692,0,0,0
sz000952,0,0,0
sz000612,0,0,0
sh603021,102936,4811,0
sz002215,0,2007,0
sz300548,0,1226,1991
sh603028,2363,8156,0
sz002889,0,0,0
sh600603,0,0,0
sz000973,0,0,0
sz002130,0,0,0
sh600966,5635,5856,0
sh600030,442307,392604,21197
sz002840,948,0,263
sz002731,0,0,0
sz300490,0,0,0
sz002086,1842,0,0
sh600919,18972,27817,0
sh601888,30420,42913,3332
sz002409,2325,956,0
sh600359,0,0,0
sz300436,8920,39257,597
sz002270,0,0,0
sz002798,0,0,0
sz000665,1056,0,0
sz300652,462,500,0
sz002808,0,0,0
sh603063,0,0,0
sh600731,0,1745,0
sh600291,7174,636,0
sz300023,0,0,0
sh603308,826,0,0
sz002608,0,0,0
sh600425,0,3124,0
sz000713,0,0,0
sz002011,7617,0,0
sh600316,2070,804,0
sz300402,1919,0,0
sh601318,646797,563976,81489
sz300672,2736,4438,280
sz002553,0,0,0
sz002777,277,0,0
sh603058,8696,7655,0
sz000826,488,2627,0
sz002241,30126,14766,0
sz002788,0,450,0
sh603357,5200,2753,0
sz300579,881,1095,0
sz300107,153512,152919,17281
sh600897,0,1000,0
sh601800,5841,13000,0
sz002207,1288,0,0
sz000877,10679,3690,0
sz002517,3573,8234,1050
sz002431,3427,6324,0
sz002244,137365,32726,3520
sz002594,10896,20541,645
sh603003,0,0,0
sz002243,0,0,0
sh603628,6065,5390,0
sz002899,579,500,0
sz300120,0,0,0
sz300475,0,0,0
sh603316,0,0,0
sz300102,10597,5676,0
sz300657,305,0,0
sz002364,0,0,0
sz300429,0,0,0
sz002418,5001,3929,0
sz002013,0,14343,0
sz300458,3897,2529,0
sh600851,0,0,0
sz300451,1887,769,621
sz002929,15073,31346,4262
sh603730,0,0,0
sh601818,184881,130502,0
sz002164,1465,0,0
sz000810,17951,78645,0
sz002068,0,0,0
sz300588,0,0,0
sz000676,0,0,0
sz002293,1610,0,0
sh601966,1319,0,0
sz000858,164458,155063,8879
sh600719,0,0,0
sz300333,0,0,0
sh600139,0,0,0
sh601229,17851,9555,0
sz002550,2924,0,0
sz300431,10320,2301,880
sz000615,41316,34840,987
sz002519,0,0,0
sz000070,0,1129,0
sz002383,4934,3318,0
sh603023,0,0,0
sh603881,0,562,0
sh600496,0,0,0
sz300229,4418,5003,0
sh600663,0,775,0
sz300370,0,6318,0
sz002199,0,0,0
sz300648,0,323,0
sz002056,1102,1230,0
sz300556,677,2022,352
sz002332,0,1137,0
sh600999,13401,9075,0
sz000055,9709,1500,0
sh600872,3289,2533,0
sh600077,0,0,0
sh600747,0,0,0
sz300295,635,0,0
sz000961,49714,37237,0
sz300168,43768,28345,1822
sz300143,0,0,0
sz300473,0,0,0
sz300549,0,932,0
sh603157,0,0,0
sz002394,1911,0,0
sz002684,0,0,0
sz000997,41023,53896,0
sh600328,2013,0,0
sz002416,0,0,0
sz300357,0,1132,0
sz300432,0,1501,0
sz002523,128739,169788,7092
sz300285,0,0,0
sh600265,0,0,0
sh600323,0,928,0
sz002716,7175,3455,0
sh601949,0,0,0
sz002358,1018,2799,0
sh600770,0,3346,0
sz002289,0,0,0
sh600239,5000,2800,0
sz000932,138829,67674,0
sh600687,2000,0,0
sz300115,9274,2518,0
sh601515,0,0,0
sz300671,724,261,0
sh600995,0,0,0
sz002253,0,0,0
sh600198,0,3950,0
sz002500,120551,144854,4126
sz300259,10612,141245,2117
sz000901,547,4134,0
sz002890,0,0,0
sh601228,0,6792,0
sz300722,293,350,0
sz300383,174639,159629,19062
sz002504,0,8218,0
sz000707,0,0,0
sh603826,0,0,0
sz300142,40175,47243,706
sz002105,0,0,0
sz300141,0,0,0
sh603038,0,0,0
sh603536,0,0,0
sh603178,0,0,0
sh600266,5953,4462,0
sh600901,24644,18599,0
sz300171,0,0,0
sh603838,0,0,0
sz000965,1800,0,0
sh600889,0,0,0
sz300052,2234,3714,0
sz000949,23349,0,0
sh600409,6688,4829,0
sh603161,0,0,0
sh600150,3206,4987,0
sh600488,0,0,0
sh600287,0,0,0
sz002314,0,2685,0
sz000416,0,0,0
sz000543,0,4909,0
sz300499,1060,657,0
sh601677,0,0,0
sh600326,3869,5261,0
sz002667,0,0,0
sz002425,0,1580,0
sh600787,1144,0,0
sz300381,0,0,0
sh603116,0,0,0
sz300087,2000,0,0
sz002790,0,0,0
sz000572,0,0,0
sz002623,535,0,0
sz002561,0,0,0
sz300084,0,0,0
sz300673,0,0,0
sz300197,49965,19232,1563
sz002211,0,0,0
sz002922,4155,3033,465
sz002657,0,0,0
sz000032,1180,0,0
sh603878,0,0,0
sh600517,12832,9997,0
sh600871,22583,0,0
sz002573,1638,3547,0
sz002204,27793,6807,0
sz300667,6110,30305,278
sz002459,0,0,0
sz000671,104362,52166,2805
sz300063,0,4695,0
sh603722,2746,3548,0
sh603859,0,0,0
sh600730,0,0,0
sh600613,0,0,0
sz002223,8404,6981,693
sz002446,0,0,0
sz300288,1963,466,0
sh600763,3355,5878,0
sz000006,24610,15162,2106
sz002586,0,0,0
sz300416,863,0,0
sz002888,0,0,0
sh601518,0,0,0
sz002602,0,1369,0
sh600360,125324,175523,8203
sz300487,0,7567,0
sz002093,5204,2490,0
sh603199,0,0,0
sz002073,0,0,0
sh600009,2110,6595,328
sz002544,4010,2117,1441
sh600338,791,333,0
sh601801,1099,3364,0
sh601633,0,3000,0
sz002663,0,0,0
sz000601,0,0,0
sz002250,1571,0,0
sh601628,3104,9759,0
sz300445,0,0,0
sz300537,0,0,0
sz000567,447,0,0
sh600355,0,0,0
sh603123,0,0,0
sh603661,0,0,0
sh600351,0,0,0
sz000895,8621,9810,2361
sz300013,0,0,0
sh603507,0,0,0
sh600720,29763,20387,0
sz002298,1266,0,0
sz000060,18927,21039,0
sh601777,0,0,0
sz000717,46125,53132,2579
sz002151,19646,11038,1233
sh601118,13610,15909,0
sz300248,913,0,0
sh603916,12985,1288,0
sh603559,1643,3291,0
sz300425,0,0,0
sz002541,0,0,0
sz300036,70011,70957,4775
sz002722,0,0,0
sz002344,2599,0,0
sz000887,0,4536,0
sz300005,0,0,0
sh600146,8713,8647,0
sz002397,5389,0,1809
sh603595,254,0,0
sh600831,0,0,0
sh603886,0,0,0
sz300644,1947,7405,300
sz000402,22203,20288,0
sh600531,0,9342,0
sh603985,0,0,0
sh601101,4323,5002,0
sz300072,5982,5347,0
sz300691,150,521,0
sh603633,3620,3236,0
sh603880,0,0,0
sh600893,9758,24246,373
sz300647,962,0,0
sh601288,1852437,1264624,0
sz300670,0,0,0
sz000662,0,0,0
sz002473,0,0,0
sh600321,7326,0,0
sz300205,62305,39099,3854
sh600308,0,2000,0
sz300311,779,4709,0
sz000715,0,0,0
sz300083,12906,14329,0
sz002564,0,0,0
sh603959,1033,842,0
sz002175,0,6854,0
sh603383,1267,617,0
sh600261,4570,5967,0
sh600551,0,1000,0
sz002294,1937,3681,0
sz300391,0,0,0
sz002305,0,0,0
sz000803,0,0,0
sh600408,0,0,0
sh603260,1184,480,0
sz002497,10458,24841,1036
sz000926,9777,9936,0
sz002331,0,0,0
sz300109,1487,372,500
sz300605,495,0,0
sz002381,0,0,0
sz300617,0,0,0
sh600797,17961,20216,1001
sz002269,0,0,0
sh603936,0,0,0
sz300740,2051,3250,0
sz300190,0,0,0
sh601997,19127,14987,0
sh601668,353407,149689,0
sz002183,37926,17139,0
sh600671,0,0,0
sz002753,0,0,0
sh600726,0,0,0
sz000530,0,0,0
sz002194,0,0,0
sh600522,21272,16228,0
sz300382,0,0,0
sh603519,0,0,0
sz000917,1341,1779,0
sh601599,9047,20840,0
sh603110,0,830,0
sz002480,0,0,0
sz002853,0,0,0
sz002474,58726,14097,7648
sh603677,0,0,0
sh600557,0,0,0
sh603139,915,0,0
sz002577,4666,21411,0
sz002299,0,1864,0
sz300249,67450,118054,5842
sz002897,0,0,0
sh600368,0,0,0
sz002214,2931,0,0
sz300483,0,0,0
sz000498,0,0,0
sz300308,3760,1919,0
sh603517,0,0,0
sz002108,0,0,0
sh603917,474,464,0
sh603808,0,0,0
sz300207,7973,13819,0
sz300547,0,0,0
sz000752,0,0,0
sh603167,0,0,0
sz300460,0,0,0
sh603717,0,0,0
sz002076,0,0,0
sh603869,529,0,0
sh603579,0,0,0
sz002144,0,0,0
sh601127,0,1998,0
sz000513,2902,7160,344
sh600789,2504,14778,0
sz000001,279984,257270,1275
sz300078,12609,10000,0
sz002021,0,0,0
sz300098,37953,23618,1839
sz000729,4280,0,0
sz002126,0,5256,0
sz002209,0,0,0
sz300068,1505,5043,0
sz002020,0,0,0
sz002616,0,0,0
sz002654,0,0,0
sz000408,0,0,0
sh601727,0,0,0
sh600641,0,0,0
sz002916,3716,2900,137
sh600057,0,0,0
sz300262,0,0,0
sz002340,92363,113914,0
sz300415,0,0,0
sh600874,137080,128088,9106
sh603803,0,2185,0
sz300589,0,0,0
sh603889,0,0,0
sh600216,1020,5717,0
sz002379,3426,0,0
sh600468,0,0,0
sh600389,0,0,0
sz002112,0,0,0
sh600303,0,3534,0
sh603396,0,0,0
sz002074,2911,1605,0
sz002729,2005,4432,1125
sz002123,4757,2244,0
sh600683,0,8986,0
sh603611,0,0,0
sh600707,1487,0,0
sz300603,0,0,0
sz002631,0,0,0
sz300232,18582,21271,0
sh600998,4050,9360,0
sh600965,0,0,0
sz000525,0,583,0
sz002380,0,0,0
sh603860,1319,0,0
sh600601,6328,0,0
sz002440,12223,19484,0
sz002476,0,2730,0
sh600566,880,2261,0
sz002872,0,323,0
sz002507,140861,186098,18742
sh600129,0,1127,0
sz300393,0,0,0
sz300729,0,0,0
sz002526,0,0,0
sz300159,10080,4669,0
sh601899,420973,538704,0
sh603928,0,900,0
sz002288,0,0,0
sh603336,7554,4128,1298
sz002277,3399,2122,0
sz002593,0,0,0
sz000733,0,0,0
sz002701,0,5494,0
sh601099,66834,66930,0
sz002746,0,0,0
sh603960,0,0,0
sz002495,3000,0,0
sz000883,0,0,0
sz300169,0,0,0
sh600861,0,0,0
sh600755,14296,7008,0
sh603311,0,0,0
sz002629,0,0,0
sz300039,0,0,0
sh603969,22351,48563,1260
sh600126,0,0,0
sz002246,0,0,0
sz000421,0,0,0
sz300139,0,0,0
sz000537,13254,4007,0
sh601789,0,0,0
sh603233,751,1275,0
sh600665,0,0,0
sh603568,0,0,0
sh600732,0,1951,0
sz300675,27367,34826,3828
sz300054,0,1341,0
sh603612,1331,0,0
sz300261,1800,0,0
sz002132,0,2900,0
sz002300,5046,0,0
sz000995,0,0,0
sh601011,9209,12869,0
sz300255,3707,0,0
sz002032,0,0,0
sh600179,22515,11889,0
sh603001,0,0,0
sh600251,0,0,0
sz000407,0,0,0
sz000897,0,0,0
sz002527,0,0,0
sh601336,65888,52849,3455
sz002191,5396,1852,0
sz000559,0,0,0
sh600623,5011,2946,0
sz300094,15859,3971,0
sh603701,0,0,0
sh603557,2600,4767,0
sz002087,0,0,0
sz300278,2895,0,0
sz300634,0,0,0
sh603799,48390,65946,10308
sh603586,0,0,0
sh600808,106309,84321,0
sz000861,0,0,0
sz002441,0,0,0
sz002599,0,0,0
sh603007,0,0,0
sh603588,0,0,0
sz000780,0,0,0
sh603655,0,446,0
sz002193,1475,21851,0
sz300219,0,880,0
sh603729,270,0,0
sh603060,0,0,0
sh600163,0,0,0
sz002387,0,0,0
sz300319,1500,0,0
sh600299,0,0,0
sz002272,0,0,0
sh600027,96873,94394,0
sz300242,3587,0,0
sz300711,3104,7668,474
sz002521,0,0,0
sz002118,14621,12855,0
sh600748,0,0,0
sz002572,3796,1667,0
sh600801,40450,17245,735
sh601890,0,0,0
sz000065,0,885,0
sz000710,0,224,0
sz300297,4012,1034,0
sz002007,4472,10541,0
sz002752,0,0,0
sz300174,0,0,0
sh600066,3941,3955,0
sh600190,0,0,0
sh600814,0,0,0
sh600377,0,2388,0
sz002155,12215,15841,0
sz002773,388,188,0
sz002510,5643,1899,1986
sh600093,0,5997,0
sz002618,0,0,0
sz002221,8806,4324,0
sh603416,0,340,0
sz002462,0,0,0
sh603939,855,372,0
sz300420,2000,0,0
sh603321,0,0,0
sh601636,136497,94012,0
sz300234,0,0,0
sz002203,0,0,0
sh600676,3613,0,0
sz300472,489,0,0
sz002136,1000,0,0
sh603986,9161,12197,572
sz002008,9342,10539,574
sz300703,0,0,0
sz000400,949,0,0
sh600634,40560,7775,0
sh603665,0,0,0
sz002414,0,0,0
sh600508,0,0,0
sh601999,0,0,0
sz300488,0,0,0
sh600573,0,0,0
sh603322,0,0,0
sz000610,0,0,0
sz000673,13329,3357,0
sh603811,0,0,0
sz300123,9686,33916,0
sh600664,22794,12363,0
sh600819,0,0,0
sz000656,72268,34524,0
sz300597,0,0,0
sz300699,8798,847,177
sz300507,0,0,0
sz002792,0,0,0
sh600495,0,3111,0
sz002596,18047,23054,0
sh600243,2000,0,0
sh603179,1286,656,0
sh603777,0,0,0
sh600480,9874,4098,0
sz000910,0,0,0
sh601872,0,0,0
sh600898,0,0,0
sh601766,53254,68052,0
sh600405,1804,4565,0
sz002811,650,0,0
sz300355,17124,18227,0
sh600272,0,0,0
sh600884,800,5956,0
sh601003,11394,5671,2590
sh600908,10307,1800,0
sz002836,0,0,0
sz002882,0,0,0
sh603076,0,0,0
sz002755,0,0,0
sz000411,0,0,0
sh603268,0,0,0
sz300164,0,0,0
sz300194,0,0,0
sz002131,20768,29319,0
sh601186,8731,4606,0
sz002101,0,600,0
sz002750,0,0,0
sz002292,0,832,0
sz002053,0,0,0
sh600048,1041092,809017,15486
sh600600,2071,2877,0
sz000661,1476,2231,62
sh600790,9337,4840,0
sh600276,30511,35731,1629
sh601700,23907,8590,0
sh600428,0,0,0
sz300129,0,0,0
sz002693,0,1905,0
sz002749,189,200,0
sz300543,1498,1223,0
sz002633,0,0,0
sz002095,982,2514,0
sz300688,5807,8979,1715
sh600826,2841,0,0
sz002067,2147,0,0
sh603186,0,0,0
sz002202,39251,47412,3849
sh600062,1445,1286,0
sz300587,0,602,0
sz300685,177,201,0
sz001979,140508,86592,7548
sh601601,82040,85232,3408
sh603298,749,0,0
sh600493,0,0,0
sh600114,0,0,0
sz002887,202,143,0
sz300561,0,0,0
sz300015,10489,22463,2265
sz002466,12072,22184,1719
sh603726,0,0,0
sh600598,17317,26378,0
sh603031,0,0,0
sz300256,3958,1504,0
sz002065,38950,23264,3007
sh603278,525,0,0
sz000663,0,839,0
sh600081,0,0,0
sh601028,3069,0,0
sh603883,4155,1439,0
sh600959,0,0,0
sz000821,1769,1013,0
sh600680,0,0,0
sz002369,4151,10452,0
sz002807,1930,0,0
sh603303,5569,0,0
sz000419,0,0,0
sh603002,0,2734,0
sh601898,0,0,0
sz002149,2007,1167,0
sh600971,4545,6206,0
sh600348,34129,29168,0
sz000603,1942,0,0
sh600888,0,0,0
sh601900,0,0,0
sz000681,2882,6573,0
sz000507,2596,5787,0
sz300414,0,0,0
sh601038,0,0,0
sz300730,9311,9802,775
sz300074,19059,3233,0
sh603117,0,0,0
sh600498,411,2144,0
sh603868,0,0,0
sh601390,1542,5570,0
sh603609,0,0,0
sz300398,0,0,0
sh600470,0,0,0
sh600105,2887,0,0
sz002228,0,0,0
sh603203,0,0,0
sz000680,4000,0,0
sh600509,0,0,0
sh600270,4891,10888,0
sz300616,0,74,0
sz002498,0,0,0
sh601117,32331,19464,0
sh601988,621843,482551,0
sh601688,116482,70766,7655
sh600838,0,4766,0
sh600089,5277,6283,0
sz300046,0,0,0
sz300079,12445,9732,0
sh601163,0,0,0
sz300214,0,0,0
sh600661,0,0,0
sz002559,0,0,0
sh603578,2736,1619,0
sh601006,13480,20647,2001
sh601218,0,0,0
sh600099,0,0,0
sz000528,18375,6637,0
sz000737,0,0,0
sh600135,4774,2166,0
sh600208,30609,3129,0
sz002037,0,0,0
sz002406,0,0,0
sz002838,0,0,0
sz002748,0,1105,0
sh603958,2064,0,0
sz300245,0,0,0
sz002842,0,0,0
sh600727,4234,0,0
sz000797,5951,0,0
sh600346,18763,23387,0
sh603806,666,300,0
sh600159,0,0,0
sh600333,0,0,0
sz002735,0,0,0
sh603678,1003,1862,0
sh600476,0,677,0
sh603096,150,472,0
sz300453,0,0,0
sh600007,0,0,0
sz002570,0,0,0
sz002600,0,3111,0
sz002295,0,0,0
sz300428,632,855,0
sz002627,0,0,0
sh601618,26750,4673,0
sz002268,29496,35126,507
sz300366,985,1000,0
sh600636,0,0,0
sz002099,3100,0,0
sh601058,5180,0,0
sh603968,0,0,0
sz002306,0,0,0
sz002177,0,0,0
sz002296,0,0,0
sh603980,1002,573,0
sh600767,0,2300,0
sh600234,0,0,0
sh600844,0,1973,0
sz000721,2000,0,0
sz002452,2098,0,0
sz300299,0,0,0
sh600583,6112,12963,0
sz000720,4300,13818,0
sz000429,0,2675,0
sz002262,0,1441,891
sh600749,0,0,0
sz002004,0,0,0
sh603367,15655,3554,963
sz002862,0,0,0
sz300353,42887,33622,3247
sh600006,0,2618,0
sz300513,375,0,502
sh600391,1403,0,0
sz300655,0,344,0
sz002563,0,0,0
sh600487,12747,16925,1367
sz300470,300,0,0
sh600278,1659,0,0
sz000697,0,969,565
sz002436,0,0,0
sh601666,18837,22506,0
sz000819,1807,3093,0
sz002832,0,0,0
sz300042,0,0,0
sz002041,0,1004,0
sz300627,214,236,0
sh600969,0,0,0
sz002737,993,1339,301
sz002709,294,296,227
sz300254,0,5554,0
sh603569,0,0,0
sh600833,0,0,0
sh600385,0,0,0
sz002806,0,969,0
sz002499,0,0,0
sz300471,0,0,0
sz300649,1519,3158,0
sh603456,0,0,0
sz002328,0,0,0
sz300047,7513,8258,0
sz300276,0,0,0
sh603086,0,0,0
sh603589,1954,0,0
sh600572,1868,3536,0
sz300114,1000,1170,0
sh600507,103572,66122,3512
sz300064,16993,34151,0
sz300215,0,1707,0
sh603602,500,0,0
sh601226,0,0,0
sh603668,0,0,0
sz002283,0,0,0
sz002017,4834,3337,0
sz000021,0,0,0
sh600936,14747,4222,2020
sz002055,0,0,0
sz002621,0,0,0
sh600570,69359,90678,11193
sz002208,16641,22069,3123
sz002759,0,0,0
sz002048,0,3234,0
sh600811,0,2584,0
sh600694,0,1133,0
sz300733,431,0,1088
sz000428,0,0,0
sh601985,2000,3907,0
sz300388,0,0,0
sz300592,0,0,0
sh603638,0,0,0
sh600361,0,0,0
sh600543,0,0,0
sz300136,6006,6306,0
sz002471,0,0,0
sz300695,0,0,0
sh603607,0,345,0
sz000951,758,1360,0
sh603966,759,0,0
sz002374,0,0,0
sh603159,0,0,0
sz300041,1406,0,0
sz000043,0,0,0
sz300053,4061,8696,1014
sh600116,1329,2000,0
sz300199,0,0,0
sh601311,0,0,0
sh600980,0,0,0
sz300020,6297,1030,0
sh600629,0,0,0
sz000869,379,302,0
sz000983,11448,41170,0
sh600101,1326,0,0
sh600277,0,0,0
sz002326,0,0,0
sh600521,10565,5902,1317
sh600655,1631,0,0
sh600143,1966,0,0
sz000862,0,0,0
sz300270,0,711,0
sh603716,218,390,307
sh600978,0,0,0
sz300466,11822,6820,0
sh600593,0,0,0
sh603319,0,0,0
sh600300,0,0,0
sz300344,13947,33500,912
sz002681,0,0,0
sz300577,0,0,0
sz002568,0,0,0
sz000807,98777,75520,0
sh600097,0,0,0
sz000875,0,0,0
sz300580,0,0,0
sh603918,921,5688,0
sz002420,4070,15419,0
sz300601,3228,2142,0
sh600746,0,0,0
sz300422,2637,0,0
sh600516,120350,82096,8591
sz000628,1459,1329,0
sh603099,934,0,0
sz300741,0,549,315
sh603100,0,0,0
sh603039,300,318,0
sh600271,127751,98651,8929
sh600177,1297,0,0
sz000738,5325,3906,0
sh601366,0,0,0
sz300326,4033,0,0
sz002715,0,0,0
sh600054,0,0,0
sh600479,669,674,0
sh600307,25019,23322,0
sz300170,116407,64251,10214
sz300330,1000,0,0
sz000920,0,0,0
sh600415,0,7532,0
sz002218,0,0,0
sz300281,0,0,0
sh600460,42554,98308,4255
sh600094,0,4637,0
sh603118,17284,95443,1361
sh600804,6536,6174,0
sz300615,0,0,0
sz000919,0,0,0
sz002634,0,0,0
sz002054,0,0,0
sh600166,5200,36022,0
sh600372,2765,6432,0
sz002796,0,0,0
sz300690,628,433,0
sz002057,0,0,0
sz300573,0,0,0
sz002114,960,0,0
sz300633,0,734,386
sz002453,0,0,0
sz300208,0,0,0
sz000705,0,0,0
sz002373,4853,1639,0
sh600728,55823,59872,5876
sh600588,61812,73796,6233
sh603269,0,863,0
sz300687,774,178,262
sh600527,0,0,0
sz300315,30567,91194,0
sz300286,0,0,0
sh600420,2013,1899,0
sz000682,0,0,0
sh600023,0,0,0
sz002271,1614,10810,0
sh601929,0,0,0
sz002439,22952,30781,502
sz002774,0,0,0
sh600609,0,0,0
sh600481,0,0,0
sz000937,8500,5102,0
sz002178,65649,43044,0
sz002516,0,0,0
sz000613,15474,23451,3240
sz000691,0,0,0
sh600131,0,1893,0
sz300253,118577,138995,10686
sz300202,500,0,0
sz300138,2023,1534,0
sz002501,0,1500,0
sz002042,0,2725,0
sz002875,460,0,0
sz001965,1359,0,0
sz300316,8848,9428,0
sh600648,0,0,0
sh603136,0,0,0
sz002444,0,1000,0
sz002659,0,1000,0
sz300700,1001,310,0
sh600220,0,0,0
sh600596,13486,14270,0
sz002124,0,0,0
sh600486,1555,574,0
sz002581,822,0,0
sz000650,6676,0,0
sz300467,0,0,0
sh600446,10314,8276,0
sz300567,601,168,0
sz300554,282,0,0
sz300501,0,0,0
sh603599,0,0,0
sz002261,0,0,0
sz002089,0,6294,0
sz000695,0,0,0
sh600803,2020,1888,0
sz002320,8577,11880,0
sz000598,2316,12876,0
sh600827,0,0,0
sz300172,0,3620,0
sz002910,1726,1395,0
sz300390,19300,11035,1299
sz300247,3339,0,0
sz000608,3552,0,0
sz300216,9831,15857,2485
sh603225,0,600,0
sh603858,300,234,0
sz002761,360,0,288
sz000712,5111,4759,0
sz300145,1000,0,0
sh600363,1000,8058,0
sz002883,295,423,281
sz002141,0,0,0
sh600371,0,3418,0
sz300222,473,984,0
sh603113,0,0,0
sz002918,1807,396,341
sz300558,4137,3067,0
sz000039,8607,3965,0
sh603527,0,0,0
sh603601,0,0,0
sh603689,0,0,0
sz002645,0,0,0
sz300302,0,8235,0
sz000557,0,0,0
sh600317,0,4149,0
sz002785,1135,0,0
sh600115,138373,62997,0
sz300147,0,0,0
sh600699,413,2423,0
sz300689,0,0,0
sh600876,597,0,0
sz300024,81670,57515,7074
sz000155,13518,3564,0
sz000014,6055,19710,0
sh601519,0,0,0
sz300091,9710,0,0
sh600597,4946,1130,0
sz002496,112663,75026,3173
sz002485,0,0,0
sh603111,1185,1005,0
sz002696,0,0,0
sz002247,5297,0,0
sz002574,0,0,0
sz300723,0,0,0
sh600900,19363,9526,0
sz002812,1666,784,0
sh603043,0,0,0
sh603429,0,300,0
sz300399,0,0,0
sz002583,0,1284,0
sz300088,81694,49968,0
sh600622,0,765,0
sh600822,0,0,0
sh601611,1079,8591,0
sz000010,0,0,0
sh603663,630,0,0
sh600383,109962,81984,5580
sz300345,0,8109,0
sh601000,8819,7051,0
sz300426,7868,7454,723
sh601179,0,0,0
sh600606,367471,253234,0
sh601918,0,0,0
sz300096,874,962,0
sz300661,211,369,0
sh600525,15462,32284,0
sh600031,153025,71745,1378
sh600017,0,6163,0
sz002926,62821,49778,0
sz002878,428,0,0
sh601126,0,0,0
sh600696,0,0,0
sz002258,3085,1382,0
sz000978,0,0,0
sh600202,0,0,0
sz002873,10678,14733,1525
sz300095,0,0,0
sz000828,0,0,0
sz300538,0,0,0
sz000018,10234,6114,0
sz000989,552,467,0
sh600026,0,0,0
sz300522,13562,10284,651
sh600962,5594,790,0
sz000688,28925,7055,0
sh600008,95437,139716,0
sz300008,1656,3792,0
sz002558,784,0,0
sz002035,2001,902,0
sh603825,0,0,0
sz002404,0,0,0
sz002448,0,0,0
sz002673,46197,18125,0
sz000633,0,0,0
sz002354,1485,2673,0
sh600563,0,0,0
sh600520,1999,6079,0
sz002782,0,2902,0
sz002537,10273,10125,0
sz300293,0,0,0
sz002307,1500,2079,0
sh601339,0,0,0
sz300055,3793,638,839
sz002015,0,0,0
sh600083,0,0,0
sz300533,0,0,0
sh601108,24202,21918,1907
sh600203,3982,0,0
sh600773,0,0,0
sh603127,2273,3250,0
sh600575,0,0,0
sh600109,27128,15009,0
sz300531,0,0,0
sz002094,4584,1623,770
sz002642,22278,19101,4360
sz000068,0,0,0
sz000888,0,0,0
sh600782,78791,37381,2020
sz300553,0,0,0
sz002884,0,0,0
sh603709,0,361,0
sz300012,10897,15764,0
sh603686,500,0,0
sz300563,0,0,0
sh603558,0,0,0
sz300396,581,0,0
sz300132,0,0,0
sz300163,2500,0,0
sz002157,2527,14487,0
sz002828,0,0,0
sh600565,16186,2674,0
sz300133,0,1212,0
sh603388,0,0,0
sz002672,1240,1171,0
sz000977,173302,174289,14322
sh600168,0,0,0
sz300681,0,0,0
sh600436,9167,16720,691
sh601139,1400,0,0
sh603369,750,0,0
sh600301,0,0,0
sz300438,0,0,0
sz300313,0,0,0
sz002267,0,0,0
sh600176,39365,19233,0
sz000859,0,0,0
sz000955,13259,22936,0
sh600231,24010,3127,0
sz000732,124053,103074,16552
sh600422,22207,15356,0
sz002697,0,0,0
sh600207,5241,3050,0
sz300435,0,0,0
sh600933,0,0,0
sz002097,0,0,0
sh600153,10144,2490,0
sz300448,0,0,0
sz300360,0,0,0
sz002613,0,0,0
sh600418,1707,0,0
sh600604,0,2230,0
sh601939,696322,593431,5828
sz002740,0,0,0
sz002040,0,0,0
sz300332,0,5356,0
sh603991,0,0,0
sh600123,0,1700,0
sz000915,580,504,0
sz300630,732,548,0
sh601878,10006,8856,0
sh601669,0,5831,0
sz002595,0,0,0
sz000002,312220,268163,16619
sh600011,34412,28707,0
sz300476,4659,14325,0
sz300246,0,599,0
sz000667,21411,8065,0
sz002903,3791,2736,657
sz002349,0,0,0
sz300200,0,0,0
sh600072,2832,3445,0
sz002063,15398,8288,0
sz000856,8250,6868,686
sz002683,0,0,0
sh603036,1846,10550,0
sz300043,0,0,0
sh603090,0,0,0
sh600010,252025,86010,0
sh600639,0,0,0
sz002742,5906,9303,0
sh600990,388,1582,0
sh600332,3533,7308,491
sh600626,0,0,0
sz300073,2822,6452,0
sh600567,30387,60087,0
sz300258,0,0,0
sz002802,0,0,0
sh603823,2648,981,0
sz300057,0,0,0
sz002187,0,0,0
sh600502,3046,3801,0
sz000639,0,0,683
sh600679,0,0,0
sz002116,0,0,0
sh600339,3000,2988,0
sz002536,803,840,0
sz002856,500,0,0
sz300401,0,1942,0
sz300101,21620,15360,0
sh600500,1716,0,0
sz300221,0,2112,0
sz000066,73184,118962,2390
sz002001,18689,10289,1026
sh600867,2863,10582,0
sz002711,35958,36127,0
sh603993,351659,403712,4399
sz000677,0,0,0
sz300134,878,761,0
sz000825,201768,90143,3223
sz002319,1268,1021,0
sh600532,0,0,0
sz002278,3300,0,0
sh600586,3018,0,0
sh600843,0,16824,967
sz300683,0,0,439
sh600206,14345,11930,2372
sh600025,40749,22973,0
sh600894,0,0,0
sz002850,200,458,0
sh603197,0,0,0
sz002531,3200,2008,0
sz000927,0,0,0
sz300279,3524,909,0
sz002472,1130,0,0
sz300100,17427,18299,665
sz300509,0,0,0
sh600764,1111,0,0
sh600896,0,0,0
sz300051,5862,5042,0
sz002801,0,0,0
sz000785,0,0,0
sh603180,276,677,0
sz002475,4089,10025,0
sz300484,1433,18592,0
sz002153,4109,1766,0
sz002088,0,0,0
sh601009,123068,113205,0
sz300514,2402,3846,0
sh603380,1377,656,0
sh603356,1871,465,0
sz300506,995,1055,0
sh600237,8300,0,0
sz300412,14772,10997,0
sz300272,0,0,0
sh600973,5225,0,0
sh600396,0,0,0
sh600379,0,0,0
sz000922,0,0,0
sh600095,1847,5122,0
sh603669,0,0,0
sh600673,26020,44819,0
sz300204,0,0,0
sh600829,0,0,0
sh603011,0,0,0
sh600117,23113,29168,0
sh603358,0,0,0
sz002870,0,0,0
sz300252,916,4796,0
sh600865,0,1350,0
sz002138,661,656,0
sz002317,2415,0,0
sz002530,0,500,0
sh600078,0,0,0
sz000523,0,0,0
sz000968,3023,0,0
sh603890,315,0,0
sh600695,1209,0,0
sh603333,0,0,0
sh600180,0,0,0
sz300335,5649,5001,0
sh603081,5118,10279,0
sz300226,15344,17212,1438
sh600395,2021,1750,0
sz300212,4319,884,764
sz300244,2353,4967,672
sz000928,0,0,0
sz002139,33032,31843,0
sz002778,0,0,0
sz000027,0,0,0
sz002723,0,0,0
sz300327,1120,420,571
sh600982,0,0,0
sh600859,760,1807,0
sh600658,0,0,0
sz002350,0,0,0
sz002542,15017,18387,0
sz002675,5613,0,0
sz300719,11784,17205,1264
sz300081,0,0,0
sz300093,1463,0,0
sh603315,0,0,0
sz002690,593,0,0
sh603926,0,0,0
sh603006,0,0,0
sz002679,590,0,0
sz300040,0,0,0
sz000626,876,0,0
sz002639,0,1483,0
sz300437,0,0,0
sz300576,0,1127,0
sz300070,46322,40063,2742
sz300461,0,0,0
sz000725,1799143,1500643,10500
sh601579,0,0,0
sz002674,0,0,0
sz002478,0,0,0
sz300378,5819,1498,0
sh600063,0,0,0
sz002329,0,0,0
sz000409,1952,0,0
sh600127,0,0,0
sz002649,1998,0,0
sz300584,687,0,0
sz000631,2535,2943,0
sz002355,0,2935,0
sh600058,1000,0,0
sh603338,0,0,0
sz002217,1346,0,0
sz002569,14942,21366,3743
sz002676,19277,1817,0
sh600529,0,0,0
sz002100,0,0,0
sz300175,2411,0,0
sh600628,0,0,0
sz002529,0,0,0
sz002835,0,0,0
sz002881,11713,7002,1256
sz002626,2760,1546,0
sz000839,9568,2041,0
sz300701,2862,2695,795
sh600963,3507,4741,0
sh603598,1726,0,0
sz002189,0,0,0
sh603166,0,0,0
sh603399,15320,5635,0
sh600397,0,4124,0
sz000902,0,0,0
sz300122,6326,10899,334
sz002083,0,0,0
sz300731,845,294,0
sh603129,4511,1277,0
sz002403,0,0,0
sz300595,246,0,0
sz002780,0,1245,0
sz300619,0,0,0
sz000698,1800,1810,0
sz300485,0,0,0
sh603976,0,0,0
sz002823,955,0,0
sz002051,1573,0,0
sz002831,0,418,0
sz002915,1564,1564,0
sz300007,2445,11129,0
sz002707,857,0,0
sz002120,0,0,0
sh603699,0,0,0
sz000637,0,0,0
sh600577,13194,2568,0
sh600215,1001,2105,0
sz300721,0,0,0
sh603501,344,1900,0
sh600836,0,0,0
sz300306,0,763,0
sz002893,0,0,0
sh600660,10025,20273,566
sz300118,2200,0,0
sh600578,0,0,0
sz002385,9905,2620,0
sh603029,3964,17428,902
sh600835,1044,570,0
sz300352,322984,249315,20792
sh600571,3522,4914,0
sh600289,0,0,0
sz300340,0,0,0
sh603656,0,0,0
sz300527,0,0,0
sh603377,0,0,0
sh600192,0,0,0
sz002137,108703,91290,0
sh603977,0,0,0
sz002325,6369,5005,0
sz300336,3000,3848,0
sz300546,0,0,0
sh600170,9143,10841,0
sh603227,0,0,0
sh600611,0,0,0
sz300203,5256,6287,0
sh600535,12068,12826,278
sh601788,4888,2238,0
sz300066,13695,12437,0
sz300035,0,0,0
sz300291,3965,2479,0
sh600635,13510,14970,0
sh603299,1183,0,0
sz002769,1168,0,0
sh600997,0,0,0
sz002245,2658,5560,0
sh603839,0,814,0
sz300183,13187,14102,1621
sh601326,1862,0,0
sz002362,0,447,0
sh603165,0,523,0
sh603106,0,1514,0
sz300296,14512,33920,501
sz002825,0,0,0
sh603025,0,0,0
sz002885,0,0,0
sh600091,0,0,0
sz000938,3465,6105,0
sz002150,0,0,0
sz300664,66584,45486,3358
sz000063,81325,84666,3243
sz002617,3207,1417,0
sz002612,0,0,0
sz002902,350,300,0
sz002576,0,0,0
sh600248,0,0,0
sz300157,1791,12581,0
sz000987,0,0,0
sh600501,0,0,0
sh600677,2106,0,0
sh601857,46968,30397,0
sz000609,0,0,0
sh600055,0,0,0
sh603901,0,0,0
sh601098,1293,0,0
sh603725,0,0,0
sh600847,0,0,0
sz002797,111503,44398,0
sz002552,0,0,0
sz002159,0,0,0
sh600891,0,0,0
sz300643,0,0,0
sh603389,1008,1079,0
sh603680,859,1367,0
sz300738,1037,685,0
sz000700,0,0,0
sz300180,500,0,0
sz000418,1873,1479,0
sh600381,1155,976,0
sz000811,0,0,0
sz002671,0,0,0
sh600269,9781,2888,0
sh600668,1994,1368,0
sh603738,0,0,0
sz300085,791,2485,0
sh600824,0,0,0
sh600864,0,0,0
sz002090,0,0,0
sz300099,3206,4897,0
sz300582,0,0,0
sh603131,860,0,0
sz300241,0,0,0
sz002481,0,0,0
sz002562,914,0,0
sz002185,35882,36622,0
sz002324,600,0,0
sh600259,1426,317,0
sh600841,848,0,0
sz002855,0,0,0
sz002494,0,0,0
sz300380,500,0,0
sz000685,1095,0,0
sh600421,0,0,0
sh603577,0,4812,0
sz002107,0,0,0
sz000686,21064,8284,1360
sz002454,0,800,0
sh600128,0,0,0
sz002502,0,0,0
sz002546,4847,0,0
sh600337,0,0,0
sz002727,4379,6007,0
sh600021,1272,1240,0
sz002706,0,0,0
sh603126,1913,0,0
sz300209,1643,585,0
sz000996,0,4100,0
sz300668,0,0,0
sz002066,0,1041,0
sh600834,0,0,0
sh600236,4964,0,0
sz300555,0,0,0
sz002341,4634,3038,0
sh600217,0,0,0
sz002689,0,0,0
sz300303,0,0,0
sz002353,0,0,0
sz002117,1962,1084,0
sz300127,0,0,0
sz002822,0,8493,0
sz002033,0,0,0
sz300187,0,0,0
sz000301,17306,12135,0
sz002264,14142,15402,1074
sh600724,0,0,0
sz300536,0,0,0
sz000935,13273,13705,1567
sz002483,0,0,0
sz000025,787,287,0
sh603787,0,0,0
sz300105,0,0,0
sz002567,1922,0,0
sz300517,600,0,0
sz002232,1509,1107,0
sz300014,1846,1980,0
sz300434,0,0,0
sh601689,1050,0,0
sz300442,0,0,0
sh600556,0,0,0
sh600621,38601,29637,0
sh600886,30573,29183,0
sz000009,8073,3774,0
sh600149,0,0,0
sh603708,706,0,0
sh600448,0,0,0
sh600678,0,0,0
sh600816,3186,1000,0
sz000687,1301,0,0
sh600879,9178,11692,0
sz300154,0,0,0
sz002003,0,0,0
sh603040,0,0,0
sh600222,0,0,0
sh600710,5180,1735,0
sh603567,0,0,0
sh603160,208,0,0
sh600674,8272,3839,0
sh600438,8103,12044,0
sz000760,0,0,0
sh603020,0,0,0
sz002702,0,3000,0
sz002538,2201,0,0
sh601375,15747,4132,0
sh600213,0,0,0
sh603499,0,0,0
sz002434,0,0,0
sh601566,0,0,0
sz002644,0,0,0
sh603616,3337,10285,2781
sz002290,0,0,0
sh603037,900,0,0
sh600768,0,0,0
sz002898,4011,12354,2592
sh600080,6130,0,0
sh603626,421,422,0
sz000488,10820,18825,0
sz300684,1024,1322,0
sh600113,14477,20247,0
sh600059,1490,0,0
sh603909,0,0,0
sh601231,2025,1904,0
sh600061,2386,4401,0
sh600675,5168,0,0
sz002169,0,2347,0
sh600580,1201,8355,0
sz300350,0,0,0
sz000776,34620,30754,0
sz000587,35167,10528,0
sh600187,11711,24626,0
sz000595,0,0,0
sz002637,1563,0,0
sh600053,787,1949,394
sz300718,268,0,0
sz300058,58328,23003,3550
sh600280,1570,0,0
sz300265,0,0,0
sz000088,1396,0,0
sh600313,11697,3048,0
sz002411,0,0,0
sz002877,5246,7133,548
sz002465,49999,23379,1031
sz002605,3925,3805,0
sz002747,9183,1822,0
sz000918,2262,0,0
sh601996,0,2472,0
sh600390,1188,0,0
sh600555,6836,9235,0
sz000762,0,1172,0
sh603816,0,1057,0
sh600350,0,0,0
sh600537,0,0,0
sz000544,0,0,0
sz000410,56912,168937,2625
sz002859,0,0,0
sz000514,0,0,0
sh601233,29220,32291,2108
sh603337,0,0,0
sz002197,1381,0,0
sh603355,0,0,0
sz000597,0,0,0
sz300469,1508,2338,231
sz000158,0,0,0
sh601811,827,2664,0
sh600388,1567,0,0
sz000059,6860,3626,0
sh600267,5097,12483,0
sh601880,0,14756,0
sz300149,0,7016,0
sh600505,0,0,0
sz300525,3631,8483,0
sh600353,0,13716,0
sz300613,0,0,0
sz000538,3022,3375,0
sz000823,1728,2425,0
sh603387,0,0,0
sz002513,0,0,0
sz300263,0,0,0
sh600183,8454,8398,0
sh603912,412,531,0
sh603218,0,1125,0
sh600273,0,2000,0
sz300050,0,0,0
sz002589,5510,2012,0
sh600188,42155,27516,0
sh600452,287,448,0
sh603933,0,1465,0
sh600558,0,0,0
sh601328,214172,134787,0
sh601137,0,0,0
sz300439,0,0,0
sh600771,729,507,0
sz300405,0,0,0
sz000565,0,1840,0
sz300737,0,0,0
sz000558,5070,3790,0
sh601567,0,0,0
sz300179,0,0,0
sz002787,0,0,0
sz000985,0,549,0
sh600247,0,2216,0
sz300065,4394,4832,616
sz002323,0,1543,0
sz002468,500,601,0
sz000739,0,0,0
sh603528,1962,1500,0
sz000798,0,0,0
sh600929,0,0,0
sz002313,1736,9531,0
sz002712,0,0,0
sh600615,0,0,0
sz002361,2402,6975,2568
sh601113,5113,999,0
sh603879,977,0,0
sz000657,0,0,0
sh600246,0,2481,0
sh600090,5988,11138,0
sh601018,9967,4436,0
sz002762,0,0,0
sz002274,0,0,0
sh600986,0,1010,0
sh603518,0,0,0
sz002455,1630,0,0
sh600778,0,0,0
sh600156,0,0,0
sh600717,2147,0,0
sh601116,5804,6744,0
sz002140,8225,0,0
sh600103,0,0,0
sz000020,1423,0,0
sh603767,0,857,0
sh603181,0,0,0
sz000042,0,0,0
sz002821,1530,2528,0
sh600456,11542,8143,0
sh600249,0,0,0
sz002393,0,0,0
sh601111,224110,154180,1092
sz300486,0,0,0
sh600967,1069,8864,0
sz002239,0,0,0
sz000767,0,0,0
sh600662,2713,6345,0
sh601169,23210,2208,0
sz002429,0,0,0
sz300713,0,0,0
sh603286,0,0,0
sz000581,13321,9088,502
sh600793,0,0,0
sz300144,12024,4302,586
sh603989,500,288,0
sz000791,0,2181,0
sz000878,3656,1907,0
sz002308,1783,0,0
sh600160,66173,40068,6533
sh603500,0,990,0
sh600210,5551,0,0
sz002311,949,2829,0
sz300385,0,0,0
sz002201,0,0,0
sz002327,0,9306,0
sz002172,0,0,0
sz002930,0,0,0
sh603580,0,0,0
sh600909,5246,1765,0
sz000426,9333,6084,0
sz002781,0,0,0
sz300424,1706,3313,0
sz002905,1388,0,0
sz002543,0,0,0
sz300512,0,0,0
sz000692,0,0,0
sh600052,0,0,0
sz000909,0,0,0
sz002222,774,2138,0
sh600373,9098,1730,0
sz300304,4467,13682,0
sh600079,6277,8604,0
sz002458,0,0,0
sh601360,6260,4856,2478
sz300075,8074,10619,0
sh603168,11127,13116,0
sh603169,0,1382,0
sz300030,0,0,0
sz300403,0,0,0
sz300230,0,810,0
sh600458,0,0,0
sz300298,0,0,0
sz300119,0,0,0
sz300680,370,0,0
sh600590,980,0,0
sz002142,58081,20796,0
sh600812,0,0,0
sz002415,52056,62713,6290
sh603766,5326,0,0
sh600821,2000,0,0
sz300523,0,0,0
sz002865,560,0,0
sh600463,0,0,0
sz002401,0,0,0
sz300223,0,488,389
sh601699,103143,66450,0
sh603988,0,460,0
sz300243,0,0,0
sz002348,0,0,0
sz000831,38210,32372,0
sh603779,0,0,0
sz002920,0,0,0
sz000931,3610,0,0
sh603138,889,3119,0
sz300121,0,0,0
sz002839,56405,75051,1261
sz000755,0,0,0
sz002603,1790,1704,0
sz300493,883,0,0
sh603313,0,500,0
sz000417,1391,0,0
sh603018,0,0,0
sh603200,0,0,0
sz300629,0,0,0
sz300162,0,7713,0
sh603128,11444,0,0
sz002489,0,2574,0
sh600096,0,0,0
sh600302,0,0,0
sz000911,0,0,0
sz002390,9277,5478,0
sz000967,0,0,0
sh600576,0,0,0
sz300500,0,0,0
sz300069,3503,0,0
sh600758,0,0,0
sz300273,0,7679,0
sh600340,81283,68935,5119
sz002375,0,1567,0
sz300583,0,360,0
sh600820,0,0,0
sz002146,112867,88783,1069
sh600036,155998,141067,8891
sh600075,0,0,0
sz002871,0,0,0
sz300692,377,0,0
sz300726,43880,35916,10164
sh603711,1396,1068,0
sz300571,711,1384,0
sh600345,0,1097,0
sz300112,0,1079,0
sh600119,0,1342,0
sz300155,0,0,0
sz002587,0,0,0
sz002165,0,0,0
sz000936,4741,1638,0
sz002430,1234,0,0
sz002395,0,0,0
sh600740,62374,40293,2221
sz000860,6266,0,0
sz002432,0,0,0
sh600839,80387,8206,0
sh603895,4304,1451,0
sz300061,1515,0,0
sh600926,7388,2883,0
sz300158,0,2801,0
sz300097,0,882,0
sz002443,3326,0,0
sh600739,5821,2377,0
sz000898,30014,13760,0
sh600225,0,0,0
sz002242,13963,1849,0
sz300715,3531,1128,0
sh600219,35056,42267,0
sz002540,0,0,0
sz300651,300,0,0
sz002691,0,0,0
sz002014,0,0,0
sz000756,1000,1024,0
sh600232,0,0,0
sz002907,881,1038,388
sz000570,0,0,0
sh603229,699,26221,556
sz002714,2730,3549,0
sz000636,72821,51358,2952
sh603866,1764,0,0
sz000998,1017,3910,0
sz300018,0,0,0
sz000539,0,0,0
sz002460,56389,65426,9466
sz002372,0,0,0
sz002628,0,0,0
sz300111,0,0,0
sh600071,0,0,0
sz002457,6301,5816,0
sz000806,2474,2253,0
sz000837,11773,4403,0
sz300017,123380,100070,6398
sz002891,0,0,0
sz000882,6853,12054,0
sz002229,6319,2185,0
sh603103,865,0,0
sz000966,0,0,0
sh603585,0,0,0
sz002171,0,0,0
sz300025,7082,3897,0
sz002179,3077,7303,552
sz002512,4000,3407,0
sz002641,0,0,0
sz002391,0,0,0
sh603605,0,0,0
sh600439,16650,24044,2016
sh600478,0,0,0
sz002900,399,0,0
sz002162,0,0,0
sz300367,28986,57057,4704
sz300351,685,0,0
sh601965,0,0,0
sz300334,8456,16455,0
sh601225,114355,92876,0
sh600996,0,0,0
sz002396,18526,21542,0
sh600186,0,0,0
sz300342,0,0,0
sh600702,3447,5582,0
sh601799,587,200,200
sz000592,0,5223,0
sz002279,4157,1275,0
sz002322,0,0,0
sz002705,930,0,0
sz000582,0,0,0
sz002096,0,0,0
sh600617,0,0,0
sh600638,0,0,0
sz002670,11593,3664,0
sz002522,1000,3016,0
sz002119,0,0,0
sz000576,7237,0,0
sz002738,3706,1267,0
sz000150,0,0,0
sz300185,7692,6400,0
sh601069,31902,58123,5514
sh600419,1278,249,0
sz000905,0,0,0
sh603619,1085,691,0
sh600860,0,0,0
sz002334,0,1643,0
sh601001,0,0,0
sz002230,60207,70156,5419
sz300310,31609,38031,1050
sh600802,3645,0,0
sh600984,1644,0,0
sh603856,0,0,0
sz000422,0,0,0
sz300560,0,352,0
sh600688,4069,3939,0
sh600260,2904,5590,500
sh600172,15521,21760,1243
sz002486,0,0,0
sz002376,12407,2911,0
sz300318,0,0,0
sz300682,14118,20242,1550
sz000709,136693,97425,0
sh600983,0,0,0
sz300195,0,756,0
sz002768,2830,455,400
sz300550,0,370,0
sz000012,0,0,0
sz000892,0,0,0
sh600019,246640,83642,3167
sz002287,0,0,0
sh603800,0,0,0
sh600138,1580,2042,0
sz002176,25042,42017,0
sh600830,0,0,0
sz002419,4015,2497,1473
sz000789,119393,89318,2955
sz300660,0,0,0
sh600693,0,0,0
sz000969,1324,1350,0
sz002190,0,928,0
sz002725,0,0,0
sz000959,0,0,0
sz300217,6571,3738,0
sz002160,0,0,0
sz002535,0,0,0
sh600559,603,436,0
sh600330,0,3363,0
sz000722,0,0,0
sz000801,7995,28507,2972
sh600754,0,0,0
sh603516,3929,1834,0
sh600329,0,0,0
sh600863,4058,0,0
sz300110,1886,25152,0
sz300045,0,0,0
sz002167,0,0,0
sz002426,0,2000,0
sh601019,1017,0,0
sz000049,453,0,0
sh603329,391,764,0
sz300375,0,0,0
sz300130,0,351,0
sh600837,63051,60925,999
sz000505,0,6503,0
sh600548,0,0,0
sh601928,0,3185,0
sz002921,307,0,460
sz300447,701,977,0
sz002484,4578,0,0
sz300148,17576,20564,0
sz000758,5852,0,0
sz002078,6258,990,0
sz002227,0,0,0
sz000599,0,1974,0
sz002539,0,2501,0
sz002598,0,0,0
sz300520,596,1779,0
sz002367,22485,15089,2781
sh600227,0,10170,0
sh603156,971,699,0
sz002892,0,0,0
sz300150,0,2000,0
sz000519,2702,5706,0
sh600020,0,0,0
sh600561,0,1287,0
sz000885,0,1049,0
sz300369,17716,2855,1015
sh603979,0,0,0
sz002843,0,0,0
sz002104,20854,7344,0
sz300267,7709,3825,0
sh600499,1123,7656,0
sz300028,0,2404,0
sh600029,426222,287595,13747
sz002129,155974,142880,2083
sz300739,0,253,0
sz002849,1171,0,0
sz002058,0,0,0
sz002026,0,0,0
sz002016,63973,48999,0
sz300449,570,0,0
sh600775,0,0,0
sz002333,0,0,0
sh603226,0,0,0
sz002330,0,0,0
sh600311,4054,20486,0
sz000672,74589,17225,904
sz300430,0,0,0
sz300459,1005,3195,0
sh600223,2900,0,0
sz000627,0,1305,0
sh601555,6674,9787,0
sz000957,0,1495,0
sz002469,0,0,0
sh603009,0,0,0
sh600653,8537,15413,0
sh603056,2940,1451,0
sh600467,10280,3654,0
sz000030,0,0,0
sh600322,4000,0,0
sh600233,2108,0,0
sh600599,0,0,0
sh603189,2454,0,0
sh600584,15149,17805,0
sz002488,0,0,0
sz002813,0,0,0
sz300433,4970,3142,0
sh600110,12083,15418,0
sz300348,1507,520,0
sz000532,7739,8117,0
sz300551,0,1271,0
sz300650,0,0,0
sh600783,1152,777,0
sz000061,0,0,0
sz002265,6945,2646,1041
sh603798,0,0,0
sz300489,572,0,0
sz002365,439,1730,0
sz000833,0,0,0
sz000573,0,0,0
sz002551,0,0,0
sh600774,0,0,0
sz002273,4872,2965,0
sh600130,4506,4409,0
sh601238,1676,0,0
sh603012,0,0,0
sh601388,3005,3789,0
sz002427,0,0,0
sz300516,320,0,0
sh603922,0,0,0
sz300479,4831,3109,466
sh603721,0,0,0
sz000813,0,11300,1345
sz300602,0,774,0
sh600312,5674,0,0
sz002315,0,0,0
sz000751,0,0,0
sz002248,4242,1362,0
sz002852,0,0,0
sz300625,0,567,0
sh600343,10374,7282,0
sz002286,0,0,0
sz001896,0,0,0
sh600506,0,0,0
sh600538,0,0,0
sh600000,42469,40974,0
sh600547,42405,47541,7708
sh600238,1500,0,0
sh603098,0,0,0
sz002477,3059,27567,0
sz000625,0,1914,0
sh600647,0,0,0
sh600630,0,0,0
sz300022,0,0,0
sh601398,1909057,1376083,0
sh601607,20175,15830,908
sh600155,2705,0,0
sh600744,0,0,0
sh601998,47988,26272,0
sz002728,0,0,0
sz002236,33290,59835,3008
sz300239,0,0,0
sz000607,0,0,0
sz300452,0,0,0
sz300231,7727,12291,0
sh600175,25113,23710,0
sh603228,0,0,0
sz002789,0,0,0
sz000605,6658,17793,741
sz000518,0,2035,0
sz300177,0,0,0
sz300153,0,0,0
sh600721,0,2679,0
sh603015,0,0,0
sh603855,4022,2519,0
sh600992,0,0,0
sz300324,5518,11310,0
sz300663,1210,1436,0
sz002908,317,980,0
sz300343,1002,802,0
sz002698,2119,0,0
sz300539,0,0,0
sz002687,0,0,0
sz002868,0,0,0
sz002025,5075,5668,0
sh600608,0,0,0
sh603331,0,846,0
sz002156,12890,14109,961
sz300678,926,1511,0
sz300710,0,0,0
sz300669,0,0,0
sz300640,0,0,0
sz000004,0,0,0
sh603758,1267,788,0
sh600392,107984,59428,4193
sh600560,4879,1688,0
sz000795,20759,7728,0
sz002284,0,2994,0
sz300329,0,0,0
sz002597,9193,4174,0
sz300702,0,402,0
sz002049,82254,96269,11469
sh600197,4221,1627,0
sz300257,0,0,0
sh600489,17849,66314,0
sh600386,0,4134,0
sh600352,57626,37094,944
sz002231,0,0,0
sh600132,0,1000,0
sh601198,16652,9334,1316
sh603630,0,0,0
sh600449,1013,1957,0
sz002251,2262,2774,0
sz000925,1615,0,0
sh600050,311450,110124,0
sz000659,3500,6500,0
sh603088,0,0,0
sz000017,0,0,0
sh601177,0,0,0
sh600375,0,0,0
sh600459,583,0,0
sz002847,0,0,0
sh600697,0,0,0
sh603768,0,741,0
sz000750,5281,0,0
sh600403,0,0,0
sz300189,16288,41595,0
sz002216,0,0,0
sh600780,0,0,0
sh601086,8997,3065,0
sh600643,0,968,0
sh600229,1370,0,0
sh601989,49707,79405,0
sh603026,0,0,0
sh600624,2200,0,0
sz000822,0,0,0
sz002829,450,0,0
sz002610,0,0,0
sz300591,0,0,0
sz002249,0,0,0
sh600370,0,0,0
sz002625,0,0,0
sz300590,17445,13327,975
sz002800,464,0,0
sz300568,2764,523,0
sz300359,2784,1372,0
sh600970,13432,2000,0
sh600595,0,5651,0
sz300113,10554,11742,0
sh600885,600,1907,0
sz300349,4995,4982,254
sh600785,0,0,0
sz002044,5309,16995,0
sz000159,0,0,0
sz300639,786,804,0
sz000157,27529,22569,0
sh603306,0,0,0
sz300152,9552,0,0
sh601500,0,7223,0
sz300628,0,1080,0
sz000679,0,0,0
sz300305,0,0,0
sz002421,2277,0,0
sh601166,172713,161693,1047
sz002438,0,0,0
sh600012,0,0,0
sz002080,1780,1608,0
sz300251,7709,11848,0
sz000623,4717,500,0
sz300515,0,0,0
sz000971,5296,4596,0
sz000630,48228,15269,0
sz000759,0,0,0
sh600513,0,0,0
sz002386,5878,0,0
sz002028,0,0,0
sz002036,1067,0,0
sh600868,20149,47867,0
sh600293,4793,0,0
sh603085,377,0,0
sz002029,0,0,0
sz002624,1724,551,0
sh603089,0,0,0
sh603339,0,0,0
sh600708,0,0,0
sh603882,339,0,0
sz300237,0,0,0
sz300379,900,2430,0
sz002845,0,0,0
sh603496,0,0,0
sh603345,0,500,0
sz300106,0,0,0
sz002615,0,0,0
sz002786,0,0,0
sz002276,0,0,0
sz000923,1583,1926,0
sz002919,707,1071,351
sz000736,1341,1631,0
sz000048,0,0,0
sz300440,3417,0,0
sz300395,0,763,0
sh601100,0,700,0
sz002291,0,0,0
sz002479,0,0,0
sh600796,0,0,0
sz002688,0,0,0
sz002779,1000,0,0
sh603183,0,0,0
sz300559,277,0,0
sz000045,3659,0,0
sz000783,16600,0,0
sz000509,0,3721,0
sz000818,5317,0,0
sz002442,0,0,0
sh601828,4795,1688,0
sz300679,0,0,0
sh601377,17357,10726,0
sz000929,2901,0,0
sz002795,0,0,0
sh600979,0,2500,0
sh600200,0,0,0
sh603801,203,190,0
sh600605,0,0,0
sz002184,26006,15340,0
sz300363,0,0,0
sh600429,0,0,0
sh603069,2365,1671,0
sh601212,7065,6015,0
sz002677,0,0,0
sz002732,0,0,0
sz002694,115614,95581,5035
sh603258,0,0,0
sz300092,0,0,0
sz000591,0,0,0
sz000338,156660,88285,2881
sh603848,0,0,0
sz300418,21405,35524,0
sz300596,0,0,0
sz300408,4698,9192,0
sz002023,23634,12456,6147
sz002456,28395,31295,1006
sh600760,7421,11688,0
sh600698,0,0,0
sz002010,0,0,0
sh603698,0,0,0
sh603196,0,0,0
sz300585,0,0,0
sz002027,138824,148967,9334
sh600681,907,0,0
sh603385,0,0,0
sz002708,0,0,0
sz300184,0,0,0
sh600716,15163,6326,2642
sh603996,9434,830,0
sh600178,0,0,0
sh603488,27055,31001,0
sz000401,37626,36937,1550
sz002861,0,0,0
sh600398,1794,0,0
sh603515,280,467,0
sz300167,0,0,0
sh600581,39310,37511,0
sz300220,0,3498,0
sh603899,500,500,0
sz002815,706,528,0
sz002660,0,0,0
sz300082,0,0,0
sh600064,4415,731,3663
sz300532,1068,1302,0
sz300626,0,0,0
sz300235,2757,5810,1181
sz002019,3594,3618,0
sh600536,8601,6881,0
sz300407,0,1955,0
sz002125,0,0,0
sh600218,0,0,0
sh600433,0,0,0
sz300521,0,0,0
sh600137,0,825,0
sz002793,0,0,0
sh600491,75826,15318,0
sz000622,0,0,0
sh601908,0,0,0
sz000761,0,3917,0
sh603223,573,21176,3404
sh600712,0,0,0
sz002651,33986,6445,7842
sz002091,0,0,0
sh601877,3477,4430,0
sz000100,105494,63215,0
sh601798,0,0,0
sz002555,1186,4095,0
sz002196,0,0,0
sz002909,1082,10340,0
sz300477,12910,15149,0
sz002182,0,0,0
sh600985,3197,1180,0
sz300268,7642,4863,2234
sz000848,0,1662,0
sz000836,0,2340,0
sz002664,0,0,0
sh600199,0,0,0
sz300720,347,615,336
sh601333,8060,25787,0
sh600917,0,0,0
sz300666,7414,10418,2186
sh603288,1400,1030,0
sh600691,25001,9876,0
sh600903,11905,13398,1464
sz000521,2615,0,0
sz000835,0,0,0
sz000589,0,0,0
sz300323,14873,20012,1764
sz002235,4041,0,0
sz000815,0,0,0
sh600741,22124,27357,1681
sz300496,27335,9934,1673
sz300534,0,0,0
sh603232,0,210,0
sz300545,0,0,369
sz300474,738,2670,0
sh603861,0,0,0
sz000852,0,0,0
sh603615,0,0,0
sz300328,0,0,0
sz002351,6893,0,0
sz300346,0,3358,0
sz002224,20555,1369,0
sz300059,493828,408022,26352
sz002630,5787,2365,0
sz002303,0,1849,0
sh600426,57495,27190,1924
sz002886,0,749,0
sz000651,260618,218337,27053
sz002772,0,986,0
sz300623,0,968,0
sz002206,0,0,0
sz002557,700,0,0
sh600815,0,0,0
sz300566,0,0,0
sz300191,0,0,0
sh600667,0,12509,0
sz300706,603,722,154
sz300037,1054,0,0
sh600765,2073,8167,0
sh600791,0,0,0
sz300384,0,0,0
sz002848,0,0,0
sz300006,0,2254,0
sh601678,18630,8829,0
sh600552,0,0,0
sh600981,0,8067,0
sz002127,8442,7025,716
sh600466,40029,29081,0
sz002145,0,4332,0
sh600654,0,0,0
sz300658,0,0,0
sz000153,0,0,0
sz002646,0,0,0
sz300274,4353,5209,863
sz000585,0,0,0
sh601188,0,0,0
sz300529,0,754,0
sh600714,0,0,0
sz300108,0,0,0
sh600823,33865,17951,0
sh600477,7315,7301,0
sz002377,0,0,0
sz300365,324,675,0
sz002880,0,475,314
sh600706,0,587,0
sh603637,0,0,0
sz000981,0,8000,0
sz300250,8130,4729,0
sz002280,0,0,0
sh600616,0,0,0
sz002166,0,0,0
sh600325,38839,22350,0
sz300645,478,702,0
sh601901,5416,0,0
sz002084,0,0,0
sz002134,0,0,0
sz002490,0,0,0
sz002503,0,0,0
sh600111,99752,41021,0
sh601200,1181,0,0
sz000668,0,0,0
sz000970,15191,16026,0
sz002463,0,0,0
sh601010,0,0,0
sh603323,1483,0,0
sh601015,0,0,0
sz300211,0,0,0
sh603707,1348,0,0
sh603938,0,534,0
sh603238,0,0,0
sz300033,4867,2600,0
sz000423,1475,2661,0
sh600122,36011,2088,0
sz002686,0,0,0
sz000960,7190,4067,0
sz300374,1177,0,0
sz300557,797,0,0
sh600530,0,0,0
sz002508,5083,2655,0
sh601858,0,0,0
sz002669,502,0,1000
sz002238,0,0,0
sh603600,0,0,0
sh601016,0,0,0
sz300233,0,0,0
sh600435,49158,32492,0
sz000881,0,1307,0
sh603363,1377,863,0
sz002680,12796,19944,0
sz000718,13162,0,0
sz002030,22440,42090,0
sh600975,0,2287,0
sh603335,0,0,0
sz300417,0,0,0
sz002636,922,0,0
sh600378,900,1200,0
sh600201,0,8014,0
sz002022,19272,24621,740
sz002371,19054,16633,875
sh601992,94875,61932,0
sz002771,0,0,0
sh600633,3061,1675,0
sh600745,640,1415,0
sz002817,0,0,0
sh600281,0,0,0
sh600362,19153,10115,0
sz002336,0,0,0
sh601808,0,0,0
sh603378,665,0,0
sz002412,0,0,0
sh603083,691,637,0
sh600088,4808,1372,0
sz000980,1840,0,0
sh603703,1606,0,0
sz002174,6662,6447,0
sh600592,0,0,0
sh600121,0,1876,0
sz000635,0,0,0
sz002408,0,1616,0
sz000420,17504,0,0
sz000403,0,0,0
sh603778,0,0,0
sz000413,5085,14770,0
sz300404,7333,26383,0
sz002614,696,497,0
sh600365,0,0,0
sh600320,6833,1990,0
sh603030,8853,1500,0
sh600100,19053,4374,0
sz300386,752,3595,0
sh603368,1478,214,0
sz002635,8135,3849,553
sh600579,0,0,0
sh601558,13011,0,0
sz002751,0,0,0
sz300124,6077,5861,589
sz300277,1007,0,0
sz002548,0,0,0
sh600482,2841,12341,0
sh600725,0,3664,0
sh600152,0,0,0
sh601608,0,0,0
sz000693,0,0,0
sh601717,0,10880,0
sz300446,0,0,0
sh600073,0,3241,0
sz002833,0,200,0
sh600335,76938,133266,1081
sh601211,19561,7647,602
sz300307,2000,0,0
sz300271,12259,10271,2407
sz300635,0,0,0
sh603566,0,0,0
sh600569,41128,11668,0
sh603208,0,0,0
sz300320,0,0,0
sz000050,3950,2091,1312
sh603535,0,0,0
sh600015,25635,14509,0
sh600644,0,0,0
sz300264,0,0,0
sz300269,1252,1726,0
sz000586,0,841,0
sz300021,0,0,0
sz002533,0,0,0
sh603027,0,600,0
sz300705,2288,1782,0
sz300502,1224,1011,0
sz002254,11384,0,0
sz000007,0,0,0
sh603987,1018,0,0
sz002335,0,0,0
sz002378,1257,0,0
sh601969,5387,2002,0
sz000876,1748,9641,0
sz002611,790,3440,0
sz002869,327,0,0
sh600800,5904,5868,0
sz300009,10498,4727,0
sh601002,5440,1266,0
sz300732,0,130,130
sz300696,10245,6884,886
sz000850,0,0,0
sh600510,0,0,0
sh603365,0,0,0
sz300364,9912,25292,2805
sh600018,30043,15345,0
sh600582,0,10129,0
sh600881,0,0,0
sh603533,3874,5702,695
sz300284,0,0,0
sh601958,0,3629,0
sz300727,3706,1051,301
sz300518,0,0,0
sh600490,11381,12258,0
sz000953,0,0,0
sh600713,0,2171,0
sh603079,2109,1745,0
sh600462,4778,2700,0
sh603059,0,426,245
sh601168,5042,3505,0
sh600958,7503,7830,0
sz300292,0,0,0
sz002220,0,0,0
sh600285,0,1400,0
sz300620,0,0,0
sz002514,0,0,0
sh603776,1266,1326,305
sz300510,0,500,0
sh600619,0,0,0
sh600795,28150,32655,0
sh600162,3344,6966,0
sz002009,6273,1827,0
sh600761,0,0,0
sh600757,2042,0,0
sz300478,0,0,0
sh600056,2856,3901,0
sh600738,0,0,0
sz002528,0,0,0
sz000903,0,5552,0
sh600776,2101,0,0
sz000990,0,0,0
sz300026,0,0,0
sh603067,1902,42273,0
sh600855,7314,4921,0
sz002876,0,0,0
sz300707,209,456,0
sz300161,0,27781,0
sz300275,0,0,0
sh600366,0,0,0
sz002039,0,0,0
sh600652,1600,4190,0
sz000958,3645,4413,0
sz300034,34624,23228,0
sz002111,0,0,0
sh600387,10641,24964,0
sh600356,0,0,0
sh603688,0,0,0
sz002734,0,0,0
sh600104,38715,41121,430
sh600612,1314,454,0
sz300443,0,0,0
sz300570,0,0,0
sh600161,493,2538,0
sh600817,0,0,0
sh600809,10265,5549,0
sz002135,0,0,0
sz000069,38581,35244,1423
sh601882,3709,10467,953
sh601199,0,0,0
sz300716,0,613,0
sz002879,0,0,0
sz002860,474,1591,0
sz300338,0,0,0
sz300347,11980,9996,0
sz002266,14083,23783,0
sz000404,0,0,0
sh603997,9958,3264,0
sh600722,2000,0,0
sz300236,5541,4712,0
sh603177,0,1603,0
sz300665,500,577,0
sh600961,0,0,0
sz002302,3351,2734,0
sz002339,4678,2400,0
sz300632,0,0,0
sh603080,599,469,0
sz000036,11287,0,0
sh603300,1367,0,0
sz000975,783,2334,0
sz300541,434,1051,0
sz000921,0,0,0
sh600171,10097,4916,0
sh603108,1545,4024,0
sh600882,0,0,0
sz000979,144966,65616,0
sz000536,3715,0,0
sh600382,0,0,0
sz300027,27536,23232,0
sz002077,0,0,0
sz000972,2500,0,0
sz000800,4977,2303,0
sh600988,19801,77846,0
sh600035,0,0,0
sz002337,0,0,0
sz002928,15226,20534,995
sz002133,0,0,0
sz002556,0,0,0
sh603885,700,702,0
sz300218,0,0,0
sz002428,12991,5893,0
sh603963,2867,298,0
sz002338,0,0,0
sh600195,0,0,0
sh603813,0,1379,0
sh600704,44629,13045,0
sz000620,0,0,0
sh603828,0,0,0
sz002837,0,0,0
sz002347,0,0,0
sh600869,0,0,0
sz000560,0,2083,0
sz000913,1508,0,0
sz300676,489,1687,234
sz300368,0,0,0
sh603660,2501,1449,0
sz000005,0,22674,0
sz300735,1197,1482,813
sh603929,1383,0,0
sh600540,0,0,0
sz002640,3315,1182,0
sh600173,2136,0,0
sz300010,10521,7110,0
sz002736,8682,1128,0
sz000976,0,0,0
sh600846,1206,1387,0
sh600182,0,0,0
sz300562,566,1552,0
sz000524,0,0,0
sz002763,0,0,0
sz300283,0,0,0
sz002195,22424,4656,0
sh603970,831,3277,2101
sz300419,0,2979,0
sz300599,0,0,0
sh600120,2973,1000,0
sz300362,0,1328,0
sz300693,0,0,0
sz300511,0,0,0
sz300600,249,0,0
sh603817,0,0,0
sh600209,11105,32127,0
sz002830,0,609,0
sh600620,0,0,0
sz000701,8032,1231,0
sz300717,0,278,0
sz002046,0,0,0
sz002767,0,0,0
sz300371,0,0,0
sz002343,3512,4551,0
sh600715,5157,5649,0
sz002682,0,0,0
sz002071,3071,5329,0
sz300677,3955,2544,0
sz300373,1106,6921,0
sh600331,0,0,0
sh600212,1777,0,0
sz002776,1084,512,0
sh603908,0,0,0
sz002424,2530,5082,0
sh603016,0,0,0
sz000727,0,8575,0
sz002181,0,0,0
sh600523,0,847,0
sh603010,723,0,0
sh600240,1200,0,0
sh600068,26461,11526,0
sh603022,0,0,0
sh600854,0,2551,0
sh600297,2939,0,0
sz300131,0,0,0
sh600367,0,0,0
sz002399,0,589,0
sz002061,3283,4015,0
sz002791,0,0,0
sz002154,8495,4500,0
sh603877,392,0,0
sz002906,0,1115,0
sz002389,0,573,0
sz300397,0,600,0
sh600358,0,0,0
sz300314,0,0,0
sh600038,4809,5828,343
sz300654,0,0,0
sh600305,0,0,0
sz002363,0,0,0
sz300322,2000,2166,0
sz002896,246,413,0
sz000099,1647,17036,0
sz002717,8142,8742,0
sz300126,0,0,0
sz002571,0,0,0
sh600848,2207,4286,0
sh600039,0,0,0
sh603360,0,0,0
sz002652,0,1899,0
sh601933,37630,47319,0
sz002841,0,208,0
sz002867,0,0,0
sh603289,17510,34102,0
sz002493,1554,2069,0
sh600141,0,0,0
sz002895,501,0,0
sh600645,3344,2824,504
sh600939,0,0,0
sh603676,2166,2571,0
sz002666,1387,11379,0
sh603477,2541,727,0
sz002655,11896,38663,2589
sz002846,1731,1586,0
sz000546,0,853,0
sz000830,271322,158207,15928
sh600610,0,0,0
sz002826,0,0,0
sz002810,0,0,0
sz002766,0,1209,0
sh600185,21165,0,0
sh603041,0,0,0
sh603005,887,0,0
sh600723,0,0,0
sz002402,13333,8156,0
sh603683,1210,0,0
sh600511,1340,1632,0
sz002658,0,0,0
sh603898,649,900,0
sh600082,0,0,0
sz002012,3315,3971,0
sh603505,0,0,0
sz002518,0,0,0
sz002316,0,0,0
sh603050,0,0,0
sz300117,0,5208,0
sz300468,250,308,0
sh603008,0,0,0
sh600690,153477,95327,5754
sh600070,1786,2830,0
sz002240,0,2586,0
sz300465,3359,4342,4263
sz002549,0,1600,0
sh603809,0,0,0
sh600085,6693,7658,0
sz002492,0,0,0
sz300503,0,0,0
sz002733,0,0,0
sz300528,0,0,0
sh603158,0,0,0
sz300188,24404,26890,2945
sz000816,12992,13986,0
sz002585,0,0,0
sz002405,89556,99225,6379
sh603606,0,0,0
sh600684,7829,2451,0
sz002760,562,0,0
sz000908,0,0,0
sz000096,0,0,0
sh600533,3161,0,0
sh600004,6910,6876,0
sz002487,0,0,0
sz300611,985,0,0
sz000851,1965,1902,1499
