sh600197,0,773,0
sz002194,2208,5551,0
sz002735,0,0,0
sz002683,46168,12927,0
sz002679,503,0,0
sh600199,0,0,0
sh600166,108106,31457,0
sh600190,0,0,0
sz002682,0,0,0
sz002193,5844,2975,0
sh600012,0,0,0
sz002737,531,1902,0
sz002673,14661,12724,0
sz002165,0,0,0
sh600113,3781,6267,0
sz002733,0,0,0
sh600195,7664,2132,503
sz000719,0,0,0
sz000708,0,0,0
sh600192,0,0,0
sz002731,0,0,0
sz002705,0,0,0
sz000001,410910,340636,0
sz000002,100878,74956,3802
sz000004,0,0,3000
sz000005,9999,22630,0
sz000006,7050,8627,0
sz000007,0,0,0
sz000008,1561,6331,0
sz000009,7937,45204,0
sz000010,0,4769,0
sz000011,0,0,0
sz000012,0,1937,0
sz000014,837,848,0
sz000016,20832,20166,0
sz000017,2229,0,0
sz000018,6993,1748,0
sz000019,18749,11967,0
sz000020,1302,1852,0
sz000021,2736,1498,0
sz000022,0,0,0
sz000023,0,0,0
sz000025,0,778,0
sz000026,0,0,0
sz000027,35404,9797,2143
sz000028,167,1780,0
sz000029,0,0,0
sz000030,0,2652,0
sz000031,0,0,0
sz000032,0,0,0
sz000034,0,0,0
sz000035,0,0,0
sz000036,2982,0,0
sz000037,0,0,0
sz000038,0,0,0
sz000039,8702,5550,0
sz000040,1151,5485,0
sz000042,0,0,0
sz000043,0,0,0
sz000045,0,0,0
sz000046,0,0,0
sz000048,0,0,0
sz000049,0,1266,0
sz000050,12966,10972,0
sz000055,5516,2716,0
sz000056,0,0,0
sz000058,14460,23667,0
sz000059,4076,21931,0
sz000060,33104,14988,0
sz000061,0,11036,0
sz000062,1140,0,0
sz000063,143086,83243,2146
sz000065,0,0,0
sz000066,42876,81196,0
sz000068,0,2358,0
sz000069,47297,26306,0
sz000070,0,1490,0
sz000078,0,4018,0
sz000088,3346,3405,0
sz000089,0,0,0
sz000090,0,1669,0
sz000096,0,0,0
sz000099,1139,7464,0
sz000100,100493,101262,0
sz000150,0,0,0
sz000151,70892,61867,4582
sz000153,3678,2922,0
sz000155,3698,3864,0
sz000156,0,0,0
sz000157,14600,16095,0
sz000158,0,0,0
sz000159,0,0,0
sz000166,11872,19275,0
sz000301,1983,5483,0
sz000333,77279,72179,1707
sz000338,55412,34589,0
sz000400,2220,3560,0
sz000401,22621,22544,0
sz000402,9592,3550,0
sz000403,333,0,0
sz000404,0,0,0
sz000407,0,0,0
sz000408,1825,4011,0
sz000409,0,0,0
sz000410,5006,9972,0
sz000411,0,401,0
sz000413,47336,28723,0
sz000415,0,0,0
sz000416,0,0,0
sz000417,0,0,0
sz000418,492,437,0
sz000419,0,0,0
sz000420,0,3714,0
sz000421,0,0,0
sz000422,0,0,0
sz000423,2752,3348,0
sz000425,245358,88523,0
sz000426,4899,2443,0
sz000428,0,0,0
sz000429,0,1531,0
sz000430,0,0,0
sz000488,20972,20280,0
sz000498,0,0,0
sz000501,0,744,0
sz000502,0,0,0
sz000503,14177,30515,313
sz000504,1497,0,0
sz000505,9956,26131,1706
sz000506,0,0,0
sz000507,23271,61536,7035
sz000509,0,3496,0
sz000510,0,0,0
sz000513,4474,2458,169
sz000514,58580,38160,0
sz000516,0,0,0
sz000517,36980,22091,0
sz000518,0,0,0
sz000519,4745,19399,0
sz000520,6702,7293,0
sz000521,0,2847,0
sz000523,0,0,0
sz000524,0,0,0
sz000525,2079,1576,0
sz000526,0,0,0
sz000528,8122,9105,0
sz000529,0,1667,0
sz000530,0,4974,0
sz000531,0,0,0
sz000532,6839,6073,0
sz000533,3913,24157,0
sz000534,0,0,0
sz000536,0,0,0
sz000537,1987,5905,1080
sz000538,1332,1053,0
sz000539,3107,0,0
sz000540,0,0,0
sz000541,1527,0,0
sz000543,0,2823,0
sz000544,0,0,0
sz000545,0,0,0
sz000546,0,671,0
sz000547,9085,16707,0
sz000548,0,0,0
sz000550,0,0,0
sz000551,0,0,0
sz000552,3012,6735,0
sz000553,0,0,0
sz000554,0,0,0
sz000555,11739,20739,1839
sz000557,0,0,0
sz000558,0,0,0
sz000559,2323,0,0
sz000560,1998,14510,0
sz000561,0,3448,0
sz000563,0,6169,0
sz000564,0,0,0
sz000565,0,0,0
sz000566,0,0,0
sz000567,461,9590,0
sz000568,6296,7445,0
sz000570,0,0,0
sz000571,39400,63331,10005
sz000572,176539,231640,36426
sz000573,0,0,0
sz000576,508,824,0
sz000581,433,5656,0
sz000582,1081,14284,18464
sz000584,0,0,0
sz000585,0,0,0
sz000586,2500,0,0
sz000587,4333,11194,0
sz000589,0,0,0
sz000590,0,0,0
sz000591,77107,58743,3023
sz000592,0,34291,0
sz000593,0,0,0
sz000595,0,0,0
sz000596,1030,373,0
sz000597,0,0,0
sz000598,0,6124,0
sz000599,0,0,0
sz000600,0,0,0
sz000601,1717,0,0
sz000603,0,0,0
sz000605,1575,3439,0
sz000606,0,0,0
sz000607,0,0,0
sz000608,0,0,0
sz000609,0,0,0
sz000610,0,0,0
sz000611,0,0,0
sz000612,0,0,0
sz000613,56970,87612,6406
sz000615,0,6036,0
sz000616,0,0,0
sz000617,7527,1993,0
sz000619,0,0,0
sz000620,0,5102,0
sz000622,0,0,0
sz000623,3917,2488,0
sz000625,3178,13030,0
sz000626,955,1000,0
sz000627,3982,1619,0
sz000628,0,2264,0
sz000630,35285,109363,0
sz000631,3429,0,0
sz000632,0,0,0
sz000633,0,0,0
sz000635,0,0,0
sz000636,63500,145606,4946
sz000637,0,0,0
sz000638,2722,1402,0
sz000639,0,3221,0
sz000650,0,4333,0
sz000651,189909,119282,9175
sz000652,0,3512,0
sz000655,2139,0,0
sz000656,17373,6748,0
sz000657,0,3097,0
sz000659,2752,2909,0
sz000661,3854,2134,59
sz000662,0,0,0
sz000663,0,1736,0
sz000665,1800,3518,0
sz000666,0,0,0
sz000667,0,0,0
sz000668,0,0,0
sz000669,0,0,0
sz000670,1722,31127,0
sz000671,55039,17564,0
sz000672,39657,15413,0
sz000673,19382,5663,0
sz000676,15843,18683,0
sz000677,0,0,0
sz000678,0,16351,0
sz000679,0,0,0
sz000680,0,0,0
sz000681,4622,2372,0
sz000682,0,3000,0
sz000683,32911,26961,0
sz000685,0,2013,0
sz000686,1469,2221,0
sz000687,0,0,0
sz000688,38684,15697,0
sz000690,1711,5309,0
sz000691,0,0,0
sz000692,0,0,0
sz000693,0,0,0
sz000695,0,0,0
sz000697,0,1323,0
sz000698,2125,0,0
sz000700,2000,0,0
sz000701,0,1177,0
sz000702,0,0,0
sz000703,19921,20752,654
sz000705,0,0,0
sz000707,0,0,0
sz000709,99236,44221,0
sz000710,1873,3385,0
sz000711,0,0,0
sz000712,1198,2598,0
sz000713,4779,6215,0
sz000715,0,0,0
sz000716,5208,10217,0
sz000717,125544,65020,0
sz000718,3078,0,0
sz000720,0,9650,0
sz000721,0,0,0
sz000722,0,0,0
sz000723,0,0,0
sz000725,2504801,1589333,4472
sz000726,0,1191,0
sz000727,4492,9895,0
sz000728,5037,5125,0
sz000729,9809,4146,0
sz000731,0,3442,0
sz000732,97406,61540,7954
sz000733,0,3518,0
sz000735,148744,155585,3443
sz000736,0,816,0
sz000737,0,0,0
sz000738,5242,20645,0
sz000739,0,0,0
sz000750,17026,7131,0
sz000751,0,2916,0
sz000752,1845,885,0
sz000753,0,0,0
sz000755,0,0,0
sz000756,0,1742,0
sz000757,0,0,0
sz000758,0,2713,0
sz000759,0,0,0
sz000760,0,0,0
sz000761,8152,6855,0
sz000762,2209,2335,0
sz000766,0,0,0
sz000767,0,0,0
sz000768,34133,70054,0
sz000776,40744,38553,0
sz000777,1526,0,0
sz000778,10911,14105,0
sz000779,0,0,0
sz000780,4000,5721,0
sz000782,0,0,0
sz000783,0,0,0
sz000785,0,0,0
sz000786,28793,19447,636
sz000788,0,15634,0
sz000789,169086,155942,14699
sz000790,123886,145351,18955
sz000791,0,0,0
sz000792,35832,44629,740
sz000793,0,0,0
sz000795,8254,5609,0
sz000796,0,0,0
sz000797,0,0,0
sz000798,0,0,0
sz000799,545,2408,0
sz000800,20898,21244,5070
sz000801,19601,35794,0
sz000802,0,1178,0
sz000803,0,2123,0
sz000806,1980,5030,0
sz000807,162739,177488,6036
sz000809,0,0,0
sz000810,0,2145,0
sz000811,0,0,0
sz000812,0,0,0
sz000813,27641,21300,3013
sz000815,0,0,0
sz000816,12421,53384,0
sz000818,3152,8973,0
sz000819,7558,855,0
sz000820,13898,22546,875
sz000821,0,1293,0
sz000822,3050,8942,0
sz000823,4431,6451,0
sz000825,149037,133777,2164
sz000826,4037,6976,0
sz000828,1963,0,0
sz000829,0,0,0
sz000830,160836,100765,4873
sz000831,42194,78435,3526
sz000833,0,0,0
sz000835,8278,12262,0
sz000836,0,0,0
sz000837,0,0,0
sz000838,0,0,0
sz000839,22549,16140,0
sz000848,1507,1176,0
sz000850,5635,4769,0
sz000851,0,4254,0
sz000852,22048,56500,4933
sz000856,1205,4853,565
sz000858,43803,36749,2845
sz000859,0,0,0
sz000860,13828,4002,0
sz000861,0,0,0
sz000862,0,9149,0
sz000863,0,0,0
sz000868,68933,51384,1680
sz000869,0,478,0
sz000875,0,0,0
sz000876,14174,3808,0
sz000877,7033,6427,0
sz000878,6005,6313,0
sz000880,0,0,0
sz000881,0,0,0
sz000882,0,9402,0
sz000883,0,0,0
sz000885,3042,903,0
sz000886,84824,114569,0
sz000887,1880,2394,0
sz000888,0,1209,0
sz000889,0,0,0
sz000890,0,0,0
sz000892,0,0,0
sz000893,8893,14061,0
sz000895,1938,2878,0
sz000897,0,0,0
sz000898,57228,25596,0
sz000899,0,0,0
sz000900,0,0,0
sz000901,2084,8812,0
sz000902,2000,0,0
sz000903,0,0,0
sz000905,0,12331,0
sz000906,2786,1349,0
sz000908,5635,32739,0
sz000909,0,0,0
sz000910,1500,705,0
sz000911,0,0,0
sz000912,0,0,0
sz000913,0,1000,0
sz000915,801,3530,0
sz000917,3580,12437,0
sz000918,0,1890,0
sz000919,0,0,0
sz000920,0,2585,0
sz000921,1971,3224,0
sz000922,0,2045,0
sz000923,0,0,0
sz000925,0,0,0
sz000926,1220,2500,0
sz000927,0,0,0
sz000928,0,2382,0
sz000929,0,0,0
sz000930,0,0,0
sz000931,0,1830,0
sz000932,142485,116058,0
sz000933,51651,48979,7403
sz000935,1824,7229,0
sz000936,4058,10436,0
sz000937,2600,0,0
sz000938,11732,16200,1345
sz000939,0,0,0
sz000948,0,2132,0
sz000949,0,0,0
sz000951,0,0,0
sz000952,1194,0,0
sz000953,0,0,0
sz000955,107017,144201,3737
sz000957,7888,3786,0
sz000958,0,0,0
sz000959,0,0,0
sz000960,19342,17969,0
sz000961,33501,21363,0
sz000962,0,0,0
sz000963,3144,627,0
sz000965,2301,17833,0
sz000966,0,0,0
sz000967,0,0,0
sz000968,0,2070,0
sz000969,0,2668,0
sz000970,23470,17517,2186
sz000971,0,0,0
sz000972,0,0,0
sz000973,0,3008,0
sz000975,1457,698,0
sz000976,1496,1624,0
sz000977,54142,101714,2678
sz000978,0,0,0
sz000979,67488,197542,0
sz000980,1147,0,0
sz000981,0,0,0
sz000982,3273,0,0
sz000983,15335,5583,0
sz000985,0,1977,0
sz000987,1477,0,0
sz000988,667,2132,0
sz000989,3592,2963,0
sz000990,0,0,0
sz000993,0,1402,0
sz000995,0,0,0
sz000996,5621,8642,0
sz000997,7771,25232,912
sz000998,11854,6544,0
sz000999,3070,4547,0
sz001696,0,0,0
sz001896,0,0,0
sz001965,1925,3327,0
sz001979,58417,28578,606
sz002001,16310,10193,0
sz002002,0,0,0
sz002003,0,0,0
sz002004,0,1777,0
sz002005,0,0,0
sz002006,0,0,0
sz002007,1375,1664,419
sz002008,11582,9631,491
sz002009,3517,999,0
sz002010,0,0,0
sz002011,0,0,0
sz002012,1446,29628,0
sz002013,5240,16361,0
sz002014,0,0,0
sz002015,0,0,0
sz002016,11950,17226,0
sz002017,0,0,0
sz002018,0,0,0
sz002019,5194,7511,0
sz002020,7843,10536,0
sz002021,0,4614,0
sz002022,0,2688,0
sz002023,12040,37823,0
sz002024,64665,60530,918
sz002025,6031,9502,0
sz002026,0,3000,0
sz002027,234393,215634,12389
sz002028,612,1588,0
sz002029,2224,5743,0
sz002030,0,3136,0
sz002031,0,15399,0
sz002032,0,611,0
sz002033,0,0,0
sz002034,0,0,0
sz002035,0,552,0
sz002036,5057,827,0
sz002037,0,0,0
sz002038,4204,6063,309
sz002039,0,0,0
sz002040,0,0,0
sz002041,2647,11955,0
sz002042,1596,0,0
sz002043,0,1033,0
sz002044,2341,2902,441
sz002045,1904,2238,0
sz002046,0,0,0
sz002047,0,0,0
sz002048,811,3827,0
sz002049,48328,57927,1518
sz002050,17564,5107,0
sz002051,0,0,0
sz002052,0,5723,0
sz002053,0,0,0
sz002054,0,1572,0
sz002055,0,1968,0
sz002056,2385,1818,0
sz002057,0,0,0
sz002058,0,0,0
sz002059,0,0,0
sz002060,0,0,0
sz002061,4472,1787,0
sz002062,0,0,0
sz002063,9794,25386,0
sz002064,0,7561,0
sz002065,15978,29960,0
sz002066,3970,0,0
sz002067,0,1933,0
sz002068,0,1412,0
sz002069,2625,0,0
sz002070,0,0,0
sz002071,0,11636,0
sz002072,0,0,0
sz002073,5722,0,0
sz002074,6848,5463,0
sz002075,0,0,0
sz002076,2530,31901,0
sz002077,0,0,0
sz002078,41472,16016,0
sz002079,10323,17889,0
sz002080,0,1106,0
sz002081,32283,18300,1192
sz002082,0,0,0
sz002083,0,0,0
sz002084,0,0,0
sz002085,0,0,0
sz002086,74896,3352,0
sz002087,0,0,0
sz002088,1494,790,0
sz002089,0,0,0
sz002090,0,0,0
sz002091,0,0,0
sz002092,6761,8210,0
sz002093,0,1300,0
sz002094,2735,2387,0
sz002095,0,1390,0
sz002096,0,0,0
sz002097,0,0,0
sz002098,0,0,0
sz002099,0,1980,0
sz002100,0,0,0
sz002101,0,0,0
sz002102,8706,13344,0
sz002103,0,0,0
sz002104,0,8652,0
sz002105,0,0,0
sz002106,0,1876,0
sz002107,0,0,0
sz002108,0,3863,0
sz002109,6110,3028,0
sz002110,38803,38670,3784
sz002111,0,0,0
sz002112,0,0,0
sz002113,0,0,0
sz002114,0,0,0
sz002115,0,0,0
sz002116,0,0,0
sz002117,3022,901,0
sz002118,43868,50959,0
sz002119,0,0,0
sz002120,0,697,0
sz002121,0,0,0
sz002122,0,0,0
sz002123,0,1116,0
sz002124,0,1217,0
sz002125,0,0,0
sz002126,0,2141,0
sz002127,2805,4629,0
sz002128,14302,5889,0
sz002129,170933,260836,5883
sz002130,0,0,0
sz002131,46614,30040,0
sz002132,0,3488,0
sz002133,0,0,0
sz002134,0,0,0
sz002135,0,0,0
sz002136,0,778,0
sz002137,47966,62177,4205
sz002138,3254,8010,0
sz002139,16028,29754,0
sz002140,0,0,0
sz002141,0,0,0
sz002142,35024,18423,0
sz002143,0,0,0
sz002144,2239,5347,0
sz002145,0,0,0
sz002146,61472,44597,1312
sz002147,0,0,0
sz002148,0,10245,0
sz002149,0,2327,0
sz002150,2608,0,0
sz002151,133189,204680,25662
sz002152,7643,17573,0
sz002153,3606,10141,0
sz002154,0,0,0
sz002155,3066,12541,0
sz002156,10982,4659,0
sz002157,0,8578,0
sz002158,0,988,0
sz002159,0,0,0
sz002160,41734,101060,0
sz002161,0,0,0
sz002162,0,0,0
sz002163,0,0,0
sz002164,0,0,0
sz002166,0,0,0
sz002167,13994,0,0
sz002168,0,0,0
sz002169,0,0,0
sz002170,0,2755,0
sz002171,1543,0,0
sz002172,0,0,0
sz002173,0,0,0
sz002174,2204,1577,0
sz002175,0,4189,0
sz002176,67370,57377,0
sz002177,32361,21970,0
sz002178,65411,37588,1306
sz002179,4874,8933,0
sz002180,0,497,0
sz002181,0,0,0
sz002182,0,0,0
sz002183,12328,5676,0
sz002184,700,7992,0
sz002185,20443,46503,4130
sz002186,0,0,0
sz002187,0,0,0
sz002188,0,0,0
sz002189,0,645,0
sz002190,1967,2117,0
sz002191,0,5700,0
sz002192,754,1437,0
sz002195,18433,9825,0
sz002196,0,0,0
sz002197,0,0,0
sz002198,0,0,0
sz002199,0,0,0
sz002200,0,0,0
sz002201,0,0,0
sz002202,12586,15717,0
sz002203,0,1205,0
sz002204,3300,6429,0
sz002205,0,0,0
sz002206,0,0,0
sz002207,0,0,0
sz002208,74649,37238,0
sz002209,1700,0,0
sz002210,0,0,0
sz002211,1970,0,0
sz002212,0,0,0
sz002213,834,2315,0
sz002214,0,0,0
sz002215,0,23053,0
sz002216,0,0,0
sz002217,12882,12301,0
sz002218,2812,20774,0
sz002219,0,0,0
sz002220,0,0,0
sz002221,2801,26238,0
sz002222,2320,4267,0
sz002223,4638,20838,848
sz002224,0,1810,0
sz002225,0,0,0
sz002226,0,3000,0
sz002227,0,0,0
sz002228,0,0,0
sz002229,53422,80864,0
sz002230,60980,52148,1929
sz002231,0,0,0
sz002232,27042,14954,0
sz002233,12704,4938,1023
sz002234,1007,0,0
sz002235,44962,27400,1238
sz002236,43133,30720,1754
sz002237,4310,12663,1378
sz002238,0,0,0
sz002239,0,0,0
sz002240,2053,0,0
sz002241,13557,17136,0
sz002242,0,699,0
sz002243,2500,0,0
sz002244,0,5995,0
sz002245,0,1563,0
sz002246,0,2850,0
sz002247,7369,0,0
sz002248,1945,0,0
sz002249,0,0,0
sz002250,0,0,0
sz002251,4587,4744,0
sz002252,0,0,0
sz002253,0,0,0
sz002254,18352,3752,0
sz002255,3955,8522,0
sz002256,0,0,0
sz002258,6747,5530,0
sz002259,0,0,0
sz002260,0,0,0
sz002261,3720,0,0
sz002262,11294,9808,1008
sz002263,0,0,0
sz002264,7505,14164,0
sz002265,6387,2206,0
sz002266,2473,0,0
sz002267,0,0,0
sz002268,12007,25407,424
sz002269,0,0,0
sz002270,0,0,0
sz002271,1221,1016,0
sz002272,2138,10460,0
sz002273,4222,11696,0
sz002274,0,0,0
sz002275,763,0,0
sz002276,0,1800,0
sz002277,3997,2287,0
sz002278,1989,7822,0
sz002279,4368,7556,0
sz002280,0,13536,0
sz002281,10575,24352,0
sz002282,0,0,0
sz002283,0,0,0
sz002284,0,0,0
sz002285,7172,11609,0
sz002286,0,0,0
sz002287,0,0,0
sz002288,0,2053,0
sz002289,0,1392,0
sz002290,0,0,0
sz002291,0,0,0
sz002292,14434,8596,0
sz002293,0,0,0
sz002294,4263,2506,0
sz002295,0,24631,0
sz002296,0,0,0
sz002297,5830,13179,0
sz002298,0,3818,0
sz002299,0,0,0
sz002300,0,0,0
sz002301,0,0,0
sz002302,7980,5753,0
sz002303,0,2023,0
sz002304,1312,1653,133
sz002305,3598,10002,0
sz002306,0,0,0
sz002307,8259,9616,0
sz002308,0,0,0
sz002309,0,0,0
sz002310,8147,3692,0
sz002311,1604,969,0
sz002312,0,0,0
sz002313,2748,3910,0
sz002314,0,0,0
sz002315,0,0,0
sz002316,1000,0,0
sz002317,0,4024,0
sz002318,7347,1553,0
sz002319,0,0,0
sz002320,38159,38635,3464
sz002321,19568,25607,0
sz002322,0,0,0
sz002323,0,4267,0
sz002324,2282,2711,0
sz002325,2552,2671,0
sz002326,0,0,0
sz002327,1213,1823,0
sz002328,12228,0,0
sz002329,4595,2001,0
sz002330,0,0,0
sz002331,0,0,0
sz002332,0,1427,0
sz002333,0,0,0
sz002334,4290,8649,0
sz002335,0,0,0
sz002336,0,0,0
sz002337,0,0,0
sz002338,0,974,0
sz002339,0,3913,0
sz002340,200295,161792,1418
sz002341,2587,5902,0
sz002342,0,0,0
sz002343,3514,4464,0
sz002344,0,1984,0
sz002345,0,0,0
sz002346,543,1512,0
sz002347,0,0,0
sz002348,0,0,0
sz002349,0,0,0
sz002350,6838,43354,0
sz002351,0,1507,0
sz002352,271,455,0
sz002353,23543,3094,0
sz002354,5489,14290,0
sz002355,0,1149,0
sz002356,0,0,0
sz002357,0,0,0
sz002358,2299,1640,0
sz002359,10084,8698,0
sz002360,0,0,0
sz002361,0,0,0
sz002362,437,3061,0
sz002363,0,0,0
sz002364,0,0,0
sz002365,373,7580,0
sz002366,0,0,0
sz002367,1518,5119,0
sz002368,10011,31022,456
sz002369,3271,7969,0
sz002370,0,4433,0
sz002371,20797,17450,557
sz002372,0,1286,0
sz002373,6554,11501,0
sz002374,0,0,0
sz002375,0,0,0
sz002376,0,7028,1316
sz002377,0,0,0
sz002378,1619,0,0
sz002379,0,0,0
sz002380,0,1000,0
sz002381,0,0,0
sz002382,0,1206,0
sz002383,9461,46819,2775
sz002384,0,0,0
sz002385,1730,12899,0
sz002386,0,3400,0
sz002387,38012,2577,0
sz002388,0,0,0
sz002389,5867,12270,0
sz002390,2954,1562,0
sz002391,0,0,0
sz002392,0,0,0
sz002393,0,0,0
sz002394,980,0,0
sz002395,0,0,0
sz002396,13824,23324,501
sz002397,0,0,0
sz002398,977,0,0
sz002399,0,0,0
sz002400,12801,41356,0
sz002401,0,0,0
sz002402,2319,4107,0
sz002403,0,0,0
sz002404,0,0,0
sz002405,51162,98482,6163
sz002406,0,1547,0
sz002407,1392,1607,0
sz002408,0,5881,0
sz002409,2427,14888,0
sz002410,4759,18172,0
sz002411,10747,1700,0
sz002412,0,742,0
sz002413,0,0,0
sz002414,0,630,0
sz002415,55060,17894,1493
sz002416,0,1306,0
sz002417,0,0,0
sz002418,0,0,0
sz002419,0,1123,0
sz002420,0,0,0
sz002421,12985,4303,0
sz002422,15051,27918,0
sz002423,0,0,0
sz002424,0,3584,0
sz002425,0,5196,0
sz002426,0,10108,0
sz002427,0,0,0
sz002428,2522,11128,0
sz002429,10857,4022,0
sz002430,3769,4977,0
sz002431,0,0,0
sz002432,5127,15276,0
sz002433,0,3922,0
sz002434,1193,0,0
sz002435,0,0,0
sz002436,2516,6914,0
sz002437,0,0,0
sz002438,2227,1863,0
sz002439,15784,28608,852
sz002440,13806,7644,0
sz002441,0,0,0
sz002442,0,2950,0
sz002443,0,0,0
sz002444,1500,1002,0
sz002445,0,2129,0
sz002446,0,3960,0
sz002447,0,0,0
sz002448,0,0,0
sz002449,5234,8691,0
sz002450,0,0,0
sz002451,0,0,0
sz002452,0,4525,0
sz002453,0,0,0
sz002454,1019,0,0
sz002455,0,2000,0
sz002456,58837,59563,1890
sz002457,0,2040,0
sz002458,0,751,0
sz002459,0,0,0
sz002460,68479,53206,10347
sz002461,1105,0,0
sz002462,500,4291,620
sz002463,0,8870,0
sz002464,0,0,0
sz002465,29710,85040,4426
sz002466,22680,21171,2072
sz002467,0,1743,0
sz002468,2500,0,0
sz002469,0,0,0
sz002470,0,2139,0
sz002471,0,0,0
sz002472,0,1136,0
sz002473,1730,2469,0
sz002474,75264,18874,0
sz002475,5465,8105,658
sz002476,0,0,0
sz002477,8381,37060,0
sz002478,1914,22967,0
sz002479,7286,4010,0
sz002480,0,0,0
sz002481,0,2434,0
sz002482,0,0,0
sz002483,0,0,0
sz002484,0,0,0
sz002485,403,0,0
sz002486,0,0,0
sz002487,0,0,0
sz002488,0,4476,0
sz002489,0,0,0
sz002490,0,0,0
sz002491,0,6818,0
sz002492,29560,87082,3315
sz002493,5030,2132,0
sz002494,5645,0,0
sz002495,0,0,0
sz002496,0,0,0
sz002497,68694,41750,3624
sz002498,0,4601,0
sz002499,1000,602,0
sz002500,53828,48276,0
sz002501,0,0,0
sz002502,0,3588,0
sz002503,0,2449,0
sz002504,0,3420,0
sz002505,21822,74098,0
sz002506,0,14287,0
sz002507,7952,5131,0
sz002508,4974,8178,0
sz002509,1172783,761965,14001
sz002510,86340,67088,2948
sz002511,2643,0,0
sz002512,9026,8475,0
sz002513,0,0,0
sz002514,0,1835,0
sz002515,0,0,0
sz002516,0,3790,0
sz002517,3313,4342,0
sz002518,0,0,0
sz002519,0,0,0
sz002520,0,0,0
sz002521,1200,0,0
sz002522,1000,0,0
sz002523,1862,0,0
sz002524,0,0,0
sz002526,0,1684,0
sz002527,0,0,0
sz002528,32454,26681,2047
sz002529,794,0,0
sz002530,813,0,0
sz002531,0,8944,0
sz002532,0,0,0
sz002533,0,0,0
sz002534,1590,18239,0
sz002535,0,0,0
sz002536,0,873,0
sz002537,43190,30386,1003
sz002538,0,0,0
sz002539,0,0,0
sz002540,0,0,0
sz002541,794,0,0
sz002542,0,0,0
sz002543,0,571,0
sz002544,5635,7702,0
sz002545,0,0,0
sz002546,0,0,0
sz002547,4949,8027,0
sz002548,0,0,0
sz002549,1575,0,0
sz002550,0,4895,0
sz002551,1299,0,0
sz002552,0,0,0
sz002553,0,0,0
sz002554,2621,0,0
sz002555,9192,12062,0
sz002556,0,2000,0
sz002557,723,0,0
sz002558,886,931,0
sz002559,0,0,0
sz002560,1536,0,0
sz002561,0,0,0
sz002562,0,0,0
sz002563,0,0,0
sz002564,1575,0,0
sz002565,7585,4615,0
sz002566,0,1492,0
sz002567,0,2564,0
sz002568,0,832,0
sz002569,0,3390,0
sz002570,0,0,0
sz002571,17392,33204,0
sz002572,1667,1408,821
sz002573,6507,7845,0
sz002574,0,0,0
sz002575,93510,56176,0
sz002576,1692,5272,0
sz002577,797,1019,0
sz002578,0,0,0
sz002579,0,0,0
sz002580,0,0,0
sz002581,1001,688,0
sz002582,0,0,0
sz002583,7876,2080,0
sz002584,0,0,0
sz002585,1660,2370,0
sz002586,11752,1492,0
sz002587,0,0,0
sz002588,0,1834,0
sz002589,0,837,0
sz002590,0,0,0
sz002591,0,0,0
sz002592,0,0,0
sz002593,0,0,0
sz002594,13483,15773,1104
sz002595,0,0,0
sz002596,64701,71974,3082
sz002597,656,3172,0
sz002598,0,0,0
sz002599,0,1014,0
sz002600,4767,6854,0
sz002601,0,0,0
sz002602,898,976,0
sz002603,3216,905,0
sz002604,0,0,0
sz002605,990,0,0
sz002606,1500,14037,0
sz002607,0,0,0
sz002608,0,0,0
sz002609,8285,0,0
sz002610,0,13062,0
sz002611,6865,2923,1032
sz002612,890,0,0
sz002613,7070,0,0
sz002614,0,630,0
sz002615,0,0,0
sz002616,0,0,0
sz002617,6310,1200,0
sz002618,6662,11986,0
sz002619,0,0,0
sz002620,0,0,0
sz002621,0,0,0
sz002622,0,0,0
sz002623,0,0,0
sz002624,330,319,0
sz002625,1656,5103,401
sz002626,0,2916,0
sz002627,0,522,0
sz002628,0,0,0
sz002629,0,0,0
sz002630,11111,7790,0
sz002631,0,0,0
sz002632,0,2519,0
sz002633,0,0,0
sz002634,0,0,0
sz002635,0,3007,0
sz002636,0,0,0
sz002637,0,0,0
sz002638,2092,5899,0
sz002639,0,2000,0
sz002640,0,0,0
sz002641,0,0,0
sz002642,0,9340,0
sz002643,2139,7367,0
sz002644,0,1183,0
sz002645,0,554,0
sz002646,0,0,0
sz002647,0,0,0
sz002648,0,0,0
sz002649,2276,4037,0
sz002650,0,0,0
sz002651,0,3607,0
sz002652,0,1545,0
sz002653,0,0,0
sz002654,0,0,0
sz002655,0,9970,0
sz002656,0,0,0
sz002657,1320,1255,0
sz002658,0,0,0
sz002659,0,0,0
sz002660,0,0,0
sz002661,0,0,0
sz002662,0,0,0
sz002663,0,0,0
sz002664,0,0,0
sz002665,16935,9398,0
sz002666,8906,7343,0
sz002667,2058,930,0
sz002668,444,1338,0
sz002669,0,934,0
sz002670,0,2373,0
sz002671,0,0,0
sz002672,1256,0,0
sz002674,0,0,0
sz002675,37480,30006,2123
sz002676,0,2123,0
sz002677,1683,0,0
sz002678,0,0,0
sz002680,524,3596,0
sz002681,1280,1444,0
sz002684,2303,6009,0
sz002685,3914,1181,0
sz002686,0,0,0
sz002687,0,0,0
sz002688,0,0,0
sz002689,0,0,0
sz002690,0,555,0
sz002691,0,0,0
sz002692,0,0,0
sz002693,162567,251185,13214
sz002694,8723,14485,1069
sz002695,711,768,0
sz002696,0,0,0
sz002697,0,0,0
sz002698,0,0,0
sz002699,0,0,0
sz002700,0,0,0
sz002701,0,0,0
sz002702,0,4667,0
sz002703,1575,3199,0
sz002706,0,0,0
sz002707,0,0,0
sz002708,0,0,0
sz002709,988,2482,0
sz002711,3454,2210,0
sz002712,512,921,0
sz002713,0,0,0
sz002714,457,1157,0
sz002715,0,0,0
sz002716,62623,35636,0
sz002717,785,8647,0
sz002718,0,0,0
sz002719,0,0,0
sz002721,0,0,0
sz002722,591,1974,0
sz002723,0,0,0
sz002724,0,0,0
sz002725,0,0,0
sz002726,0,0,0
sz002727,0,756,0
sz002728,0,4355,0
sz002729,0,0,0
sz002730,0,1000,0
sz002732,0,0,0
sz002734,0,2158,0
sz002736,3048,5077,0
sz002738,978,0,0
sz002739,0,0,0
sz002740,0,0,0
sz002741,0,0,0
sz002742,2587,3644,0
sz002743,1414,0,0
sz002745,0,1397,0
sz002746,569,1021,0
sz002747,3599,6774,0
sz002748,0,894,0
sz002749,190,200,0
sz002750,0,0,0
sz002751,0,0,0
sz002752,0,0,0
sz002753,1392,867,0
sz002755,0,0,0
sz002756,1000,1253,0
sz002757,306,300,0
sz002758,0,2878,0
sz002759,0,0,0
sz002760,539,2309,0
sz002761,2440,2797,0
sz002762,0,0,0
sz002763,0,0,0
sz002765,0,0,0
sz002766,0,0,0
sz002767,0,583,0
sz002768,0,0,0
sz002769,2661,2516,0
sz002770,0,0,0
sz002771,0,0,0
sz002772,0,8083,0
sz002773,700,317,0
sz002774,0,0,0
sz002775,0,2102,0
sz002776,0,0,0
sz002777,357,573,0
sz002778,0,0,0
sz002779,605,0,0
sz002780,0,917,0
sz002781,0,0,0
sz002782,822,0,0
sz002783,0,0,0
sz002785,0,0,0
sz002786,0,1471,0
sz002787,0,1799,0
sz002788,339,997,0
sz002789,0,0,0
sz002790,0,794,0
sz002791,0,0,0
sz002792,2639,816,0
sz002793,1538,2011,0
sz002795,0,0,0
sz002796,0,0,0
sz002797,66792,55656,0
sz002798,0,0,0
sz002799,0,0,0
sz002800,0,0,0
sz002801,0,0,0
sz002802,0,0,0
sz002803,0,673,0
sz002805,0,0,0
sz002806,0,0,0
sz002807,8625,7310,0
sz002808,0,0,0
sz002809,395,0,0
sz002810,0,3000,0
sz002811,3859,718,0
sz002812,1354,195,0
sz002813,5574,7391,775
sz002815,0,2139,0
sz002816,0,560,0
sz002817,6315,2230,0
sz002818,0,1800,0
sz002819,0,0,0
sz002820,0,0,0
sz002821,1757,3660,242
sz002822,0,0,0
sz002823,0,0,0
sz002824,0,0,0
sz002825,0,0,0
sz002826,954,5604,0
sz002827,0,0,0
sz002828,0,713,0
sz002829,9942,18964,0
sz002830,0,658,0
sz002831,263,0,0
sz002832,420,189,0
sz002833,0,0,0
sz002835,0,972,0
sz002836,0,0,0
sz002837,0,1207,0
sz002838,0,0,0
sz002839,34304,39394,0
sz002840,0,0,0
sz002841,408,0,0
sz002842,0,0,0
sz002843,0,0,0
sz002845,0,1271,0
sz002846,0,647,0
sz002847,1495,1740,0
sz002848,0,8579,0
sz002849,0,858,0
sz002850,0,0,0
sz002851,0,0,0
sz002852,0,868,0
sz002853,0,893,0
sz002855,1558,0,0
sz002856,7488,4946,0
sz002857,0,0,0
sz002858,0,497,0
sz002859,1711,4761,0
sz002860,0,434,0
sz002861,0,577,0
sz002862,0,0,0
sz002863,7052,2162,0
sz002864,0,0,0
sz002865,13813,82256,459
sz002866,0,0,0
sz002867,0,0,0
sz002868,0,0,0
sz002869,0,398,0
sz002870,393,1694,0
sz002871,390,1406,0
sz002872,0,0,0
sz002873,5474,12525,0
sz002875,0,431,0
sz002876,1723,1623,0
sz002877,2044,5818,397
sz002878,5685,5470,0
sz002879,859,411,0
sz002880,0,638,0
sz002881,1606,2402,0
sz002882,0,2887,0
sz002883,369,249,0
sz002884,0,0,0
sz002885,0,927,0
sz002886,20643,28983,1395
sz002887,0,372,0
sz002888,0,0,0
sz002889,0,2197,0
sz002890,335,2426,0
sz002891,0,0,0
sz002892,0,0,0
sz002893,0,714,0
sz002895,483,1358,0
sz002896,271,1439,0
sz002897,609,3573,0
sz002898,8702,7380,369
sz002899,0,529,0
sz002900,36529,13024,2602
sz002901,1286,1314,0
sz002902,5013,7642,272
sz002903,747,1858,0
sz002905,511,625,0
sz002906,2201,6598,0
sz002907,21575,16246,1959
sz002908,881,7995,400
sz002909,0,1602,0
sz002910,1512,8760,0
sz002911,4567,3720,602
sz002912,231,1803,0
sz002913,964,2188,0
sz002915,7645,14520,1914
sz002916,15869,20396,4665
sz002917,12283,7274,421
sz002918,0,1555,0
sz002919,8805,4755,576
sz002920,2321,7552,0
sz002921,572,2677,0
sz002922,503,2284,499
sz002923,7708,12916,609
sz002925,4441,3886,811
sz002926,158458,93421,3132
sz002927,16770,23629,1012
sz002928,1526,2105,0
sz002929,14460,13786,1419
sz002930,0,539,0
sz002931,0,0,0
sz300001,0,0,0
sz300002,16455,19892,0
sz300003,5418,4604,331
sz300004,0,0,0
sz300005,0,5184,0
sz300006,13396,5979,0
sz300007,982,9077,0
sz300008,8370,34774,0
sz300009,5238,11843,0
sz300010,17272,8605,1021
sz300011,0,0,0
sz300012,25219,24440,2604
sz300013,7424,6855,0
sz300014,6232,5820,0
sz300015,4715,2012,0
sz300016,0,0,0
sz300017,112756,166071,8732
sz300018,27987,56096,3812
sz300019,0,0,0
sz300020,2134,6475,0
sz300021,1977,7261,0
sz300022,0,0,0
sz300023,0,0,0
sz300024,24781,60721,3807
sz300025,3167,0,0
sz300026,4010,6778,0
sz300027,9239,14968,0
sz300028,2800,0,0
sz300029,0,0,0
sz300030,0,1212,0
sz300031,0,2024,0
sz300032,0,0,0
sz300033,507,4668,0
sz300034,3862,19023,0
sz300035,0,1777,0
sz300036,27467,64127,623
sz300037,1644,484,0
sz300038,0,0,0
sz300039,0,3600,0
sz300040,0,0,0
sz300041,0,0,0
sz300042,0,501,0
sz300043,5911,11276,0
sz300044,8678,20054,0
sz300045,23868,60636,2000
sz300046,0,1054,0
sz300047,1155,2175,0
sz300048,0,8097,0
sz300049,0,0,0
sz300050,16191,43379,0
sz300051,2897,0,0
sz300052,768,1003,0
sz300053,16308,35581,0
sz300054,62068,43091,6784
sz300055,0,1895,0
sz300056,0,0,0
sz300057,0,0,0
sz300058,4910,19247,0
sz300059,340710,320995,24345
sz300061,0,0,0
sz300062,0,0,0
sz300063,2401,6489,0
sz300064,0,1230,0
sz300065,5270,16585,0
sz300066,0,0,0
sz300067,0,0,0
sz300068,0,0,0
sz300069,0,0,0
sz300070,11515,16813,0
sz300071,0,0,0
sz300072,4730,4603,0
sz300073,9746,5953,442
sz300074,0,0,0
sz300075,2281,5305,640
sz300076,21605,13081,0
sz300077,2297,9718,0
sz300078,12762,9793,0
sz300079,67818,217383,4003
sz300080,0,0,0
sz300081,5071,5878,0
sz300082,0,0,0
sz300083,125525,151461,7758
sz300084,0,1595,2022
sz300085,2409,6379,0
sz300086,0,0,0
sz300087,4015,1057,0
sz300088,16071,47249,0
sz300089,0,0,0
sz300090,0,0,0
sz300091,1477,2182,0
sz300092,0,0,0
sz300093,0,0,0
sz300094,0,0,0
sz300095,0,0,0
sz300096,6092,9696,0
sz300097,527,1064,0
sz300098,14931,11534,0
sz300099,6799,6175,0
sz300100,2262,3576,0
sz300101,259511,310443,29445
sz300102,3237,12093,0
sz300103,0,0,0
sz300104,128182,184155,4204
sz300105,0,2425,0
sz300106,0,0,0
sz300107,26353,47716,1909
sz300108,0,0,0
sz300109,285,286,0
sz300110,9428,19147,0
sz300111,0,0,0
sz300112,0,0,0
sz300113,6028,3037,603
sz300114,0,2562,0
sz300115,3941,2785,0
sz300116,70133,174623,0
sz300117,0,0,0
sz300118,0,3756,0
sz300119,0,0,0
sz300120,0,0,0
sz300121,1344,849,0
sz300122,5462,7836,0
sz300123,2433,3784,0
sz300124,26228,31189,650
sz300125,0,0,0
sz300126,0,0,0
sz300127,0,0,0
sz300128,25517,19513,0
sz300129,1949,5377,0
sz300130,439,549,0
sz300131,3201,0,0
sz300132,7636,29797,1680
sz300133,6508,21678,0
sz300134,0,5678,0
sz300135,0,17050,0
sz300136,11770,9960,369
sz300137,2348,2209,0
sz300138,0,0,0
sz300139,0,0,0
sz300140,855,1630,0
sz300141,0,0,0
sz300142,15304,17411,716
sz300143,8570,24307,0
sz300144,1875,6306,0
sz300145,861,3992,1065
sz300146,0,0,0
sz300147,0,6783,0
sz300148,5830,1887,0
sz300149,0,1437,0
sz300150,0,1966,0
sz300151,1739,4070,0
sz300152,0,2501,0
sz300153,0,0,0
sz300154,0,2709,0
sz300155,0,3671,0
sz300156,31576,35079,767
sz300157,3271,3374,0
sz300158,1472,6020,0
sz300159,6551,13471,0
sz300160,0,0,0
sz300161,2008,2307,0
sz300162,0,1734,0
sz300163,0,0,0
sz300164,3444,1782,0
sz300165,0,0,0
sz300166,119636,93520,8082
sz300167,0,3806,0
sz300168,57689,75614,5689
sz300169,0,0,0
sz300170,35240,77927,10271
sz300171,1463,0,0
sz300172,0,0,0
sz300173,0,0,0
sz300174,0,0,0
sz300175,0,12290,2311
sz300176,99,450,0
sz300177,0,9805,0
sz300178,0,773,0
sz300179,0,0,0
sz300180,1000,3385,0
sz300181,4089,4225,0
sz300182,41935,32359,0
sz300183,1913,9503,0
sz300184,2000,8625,0
sz300185,5366,5264,0
sz300187,0,0,0
sz300188,15287,15125,431
sz300189,31779,73314,2881
sz300190,0,1644,0
sz300191,0,5850,0
sz300192,0,0,0
sz300193,0,0,0
sz300194,0,12531,0
sz300195,0,0,0
sz300196,1032,0,0
sz300197,44053,67082,1941
sz300198,0,0,0
sz300199,2662,1659,3676
sz300200,0,0,0
sz300201,0,0,0
sz300202,1005,964,0
sz300203,2332,3631,0
sz300204,0,0,0
sz300205,4885,7705,0
sz300206,0,0,0
sz300207,0,4305,0
sz300208,0,1542,0
sz300209,0,0,0
sz300210,0,0,0
sz300211,0,0,0
sz300212,10140,21907,1800
sz300213,2502,5643,0
sz300214,0,0,0
sz300215,0,0,0
sz300216,11910,13894,0
sz300217,0,0,0
sz300218,0,0,0
sz300219,0,0,0
sz300220,0,0,0
sz300221,2556,676,0
sz300222,1539,5359,0
sz300223,11565,9806,0
sz300224,3855,4369,0
sz300225,0,0,0
sz300226,5305,6115,0
sz300227,0,1349,0
sz300228,0,4966,0
sz300229,37254,14553,0
sz300230,2458,0,0
sz300231,0,6204,0
sz300232,12103,19959,0
sz300233,0,0,0
sz300234,0,0,0
sz300235,0,0,0
sz300236,5612,17328,644
sz300237,1323,0,0
sz300238,0,0,0
sz300239,0,0,0
sz300240,0,0,0
sz300241,4536,3569,0
sz300242,0,4000,0
sz300243,0,0,0
sz300244,4124,4211,620
sz300245,0,1315,0
sz300246,0,727,0
sz300247,23428,3069,0
sz300248,0,1759,0
sz300249,0,12882,0
sz300250,739,821,0
sz300251,20870,56572,1033
sz300252,700,3972,0
sz300253,57387,49693,4928
sz300254,0,4727,0
sz300255,0,1775,0
sz300256,0,3875,0
sz300257,0,0,0
sz300258,1118,0,0
sz300259,10589,24623,0
sz300260,0,0,0
sz300261,0,0,0
sz300262,0,0,0
sz300263,6722,6690,0
sz300264,0,0,0
sz300265,0,0,0
sz300266,0,0,0
sz300267,14258,19495,1636
sz300268,0,1993,0
sz300269,3473,7603,0
sz300270,0,1430,0
sz300271,3505,13681,0
sz300272,5576,5305,0
sz300273,28884,20039,0
sz300274,2761,5038,0
sz300275,0,874,0
sz300276,3944,2902,0
sz300277,0,1317,0
sz300278,13348,27947,0
sz300279,0,0,0
sz300280,0,0,0
sz300281,0,0,0
sz300282,0,0,0
sz300283,0,0,0
sz300284,916,755,0
sz300285,3369,1149,0
sz300286,0,0,0
sz300287,14012,15802,0
sz300288,2226,4536,0
sz300289,0,0,0
sz300290,0,0,0
sz300291,1127,4416,0
sz300292,0,0,0
sz300293,1000,2275,0
sz300294,301,3511,0
sz300295,0,822,0
sz300296,3767,3056,0
sz300297,1010,1199,0
sz300298,3260,3906,0
sz300299,0,1407,0
sz300300,3117,4606,601
sz300301,0,3920,0
sz300302,1500,7051,0
sz300303,5674,43320,0
sz300304,0,2916,0
sz300305,1926,1601,0
sz300306,735,7435,0
sz300307,0,0,0
sz300308,675,3476,0
sz300309,0,0,0
sz300310,2296,7656,0
sz300311,0,1588,0
sz300312,0,0,0
sz300313,0,0,0
sz300314,0,0,0
sz300315,84336,231027,0
sz300316,8779,18798,555
sz300317,0,0,0
sz300318,0,0,0
sz300319,0,2994,0
sz300320,1483,0,0
sz300321,0,0,0
sz300322,0,0,0
sz300323,2054,5916,0
sz300324,2648,16414,0
sz300325,0,0,0
sz300326,16509,8458,1084
sz300327,487,7878,0
sz300328,0,0,0
sz300329,0,0,0
sz300330,0,0,0
sz300331,6814,4662,0
sz300332,0,0,0
sz300333,2885,6324,0
sz300334,0,0,0
sz300335,0,0,0
sz300336,4600,3295,0
sz300337,0,0,0
sz300338,0,0,0
sz300339,899,5158,0
sz300340,1879,2946,0
sz300341,27840,10161,2068
sz300342,0,932,0
sz300343,0,5169,0
sz300344,6532,8239,0
sz300345,0,0,0
sz300346,0,1397,0
sz300347,2911,4509,0
sz300348,0,0,0
sz300349,293,1377,0
sz300350,0,3290,0
sz300351,0,2384,0
sz300352,64432,145214,0
sz300353,21598,21669,0
sz300354,3378,11736,0
sz300355,12584,11498,0
sz300356,32125,22330,0
sz300357,0,0,0
sz300358,0,2145,0
sz300359,16943,30627,0
sz300360,0,0,0
sz300362,1644,0,0
sz300363,1070,7688,0
sz300364,29542,42130,1197
sz300365,735,1026,0
sz300366,3392,4132,0
sz300367,6894,17640,2301
sz300368,0,1598,0
sz300369,3690,5323,0
sz300370,0,0,0
sz300371,0,0,0
sz300373,5926,5554,0
sz300374,4689,17871,0
sz300375,0,0,0
sz300376,2564,2087,0
sz300377,11533,14103,0
sz300378,0,3913,0
sz300379,0,908,0
sz300380,0,0,0
sz300381,0,0,0
sz300382,3512,0,0
sz300383,50232,59829,2743
sz300384,0,0,0
sz300385,0,0,0
sz300386,1133,1754,0
sz300387,0,0,0
sz300388,0,505,0
sz300389,977,0,0
sz300390,15149,13972,0
sz300391,0,0,0
sz300392,0,1236,0
sz300393,0,0,0
sz300394,0,958,0
sz300395,2256,0,0
sz300396,0,0,0
sz300397,820,5894,980
sz300398,2985,2106,0
sz300399,0,1094,0
sz300400,0,0,0
sz300401,2599,1814,0
sz300402,0,1244,0
sz300403,0,0,0
sz300404,1061,897,0
sz300405,1008,0,0
sz300406,846,635,0
sz300407,0,2336,0
sz300408,4879,2033,0
sz300409,0,0,0
sz300410,7781,7344,0
sz300411,0,0,0
sz300412,1000,7676,0
sz300413,842,1079,0
sz300414,0,2808,0
sz300415,21942,6890,0
sz300416,0,0,0
sz300417,0,0,0
sz300418,10211,20987,0
sz300419,0,1738,0
sz300420,1467,0,0
sz300421,708,0,0
sz300422,881,3806,0
sz300423,5162,13958,0
sz300424,1394,1922,0
sz300425,0,0,0
sz300426,729,3360,0
sz300427,773,1066,0
sz300428,0,0,0
sz300429,0,0,0
sz300430,0,0,0
sz300431,9858,18038,2168
sz300432,7878,5810,0
sz300433,33689,62938,2203
sz300434,917,13571,0
sz300435,0,0,0
sz300436,3887,6238,0
sz300437,1410,1418,0
sz300438,2532,0,0
sz300439,2834,2317,0
sz300440,0,3394,0
sz300441,0,0,0
sz300442,0,0,0
sz300443,0,1609,0
sz300444,0,0,0
sz300445,0,0,0
sz300446,0,0,0
sz300447,0,0,0
sz300448,0,0,0
sz300449,10263,4820,683
sz300450,1919,2215,168
sz300451,1937,8427,0
sz300452,20627,21785,393
sz300453,0,0,0
sz300455,0,0,0
sz300456,294,2681,0
sz300457,600,0,0
sz300458,7381,9100,2055
sz300459,0,900,0
sz300460,0,0,0
sz300461,225,250,0
sz300462,4468,5658,1061
sz300463,1030,1052,0
sz300464,0,0,0
sz300465,0,13525,1000
sz300466,0,2340,0
sz300467,325,0,0
sz300468,1933,1279,0
sz300469,0,934,0
sz300470,0,548,0
sz300471,1332,5379,0
sz300472,0,0,0
sz300473,0,0,0
sz300474,0,2175,265
sz300475,0,0,0
sz300476,1394,5125,0
sz300477,20048,9352,1133
sz300478,0,0,0
sz300479,0,1693,0
sz300480,0,0,0
sz300481,0,0,0
sz300482,0,0,0
sz300483,364,0,0
sz300484,4333,627,1226
sz300485,649,1590,0
sz300486,0,0,0
sz300487,0,0,0
sz300488,847,1002,0
sz300489,0,1168,0
sz300490,0,697,0
sz300491,0,0,0
sz300492,0,0,0
sz300493,3419,3846,0
sz300494,0,611,0
sz300495,5321,1229,0
sz300496,66921,52950,9609
sz300497,0,437,0
sz300498,4260,9701,0
sz300499,0,0,0
sz300500,0,494,0
sz300501,0,0,0
sz300502,6222,7912,0
sz300503,0,1549,0
sz300504,0,0,0
sz300505,0,0,0
sz300506,0,0,0
sz300507,1638,2064,0
sz300508,475,745,0
sz300509,0,0,0
sz300510,800,400,0
sz300511,0,1658,0
sz300512,3153,2091,0
sz300513,0,0,0
sz300514,19019,14970,1444
sz300515,0,2563,0
sz300516,319,0,0
sz300517,0,0,0
sz300518,0,0,0
sz300519,601,1560,0
sz300520,2080,1712,456
sz300521,0,719,0
sz300522,620,1480,0
sz300523,218,1022,0
sz300525,1224,1226,0
sz300526,0,3429,0
sz300527,1080,1115,0
sz300528,935,974,0
sz300529,14111,3851,707
sz300530,0,0,0
sz300531,1303,838,0
sz300532,500,0,0
sz300533,0,0,0
sz300534,4771,3522,0
sz300535,504,1110,0
sz300536,0,1019,0
sz300537,0,0,0
sz300538,0,0,0
sz300539,0,0,0
sz300540,458,0,0
sz300541,0,0,0
sz300542,912,1326,299
sz300543,3670,3588,0
sz300545,1566,2886,773
sz300546,805,500,0
sz300547,609,0,0
sz300548,277,3316,0
sz300549,0,0,0
sz300550,1516,5153,0
sz300551,0,462,0
sz300552,0,0,0
sz300553,0,0,0
sz300554,2724,1764,139
sz300555,0,1646,0
sz300556,2552,1087,0
sz300557,300,2164,0
sz300558,2147,2214,231
sz300559,0,0,0
sz300560,0,1036,0
sz300561,0,771,0
sz300562,0,1226,0
sz300563,0,0,0
sz300565,0,554,0
sz300566,0,0,0
sz300567,70,72,0
sz300568,839,421,0
sz300569,437,0,0
sz300570,0,2087,0
sz300571,936,2606,0
sz300572,450,0,0
sz300573,0,0,0
sz300575,0,0,0
sz300576,868,5905,965
sz300577,0,778,0
sz300578,0,0,0
sz300579,1818,1816,0
sz300580,0,0,0
sz300581,2820,5777,349
sz300582,0,669,0
sz300583,885,1732,0
sz300584,166,1139,0
sz300585,1310,0,0
sz300586,0,0,0
sz300587,0,0,0
sz300588,945,4150,0
sz300589,7667,45799,1800
sz300590,13684,49593,3160
sz300591,0,0,0
sz300592,0,0,0
sz300593,0,658,0
sz300595,2808,2317,301
sz300596,531,0,0
sz300597,0,1391,0
sz300598,32197,47127,5189
sz300599,5997,9877,0
sz300600,0,553,0
sz300601,1324,2352,0
sz300602,371,0,0
sz300603,7053,6925,698
sz300604,0,650,229
sz300605,2679,730,0
sz300606,0,0,0
sz300607,179,195,0
sz300608,0,0,0
sz300609,0,1308,0
sz300610,0,1762,0
sz300611,0,0,0
sz300612,10053,4512,1387
sz300613,808,2649,229
sz300615,504,0,0
sz300616,0,64,0
sz300617,0,0,0
sz300618,7604,5435,464
sz300619,526,280,0
sz300620,309,1159,339
sz300621,6773,5635,977
sz300622,0,0,0
sz300623,0,523,0
sz300624,22299,31548,5213
sz300625,0,510,0
sz300626,0,0,0
sz300627,2001,44764,383
sz300628,3054,1646,84
sz300629,241,1736,0
sz300630,262,146,0
sz300631,2072,2605,583
sz300632,0,592,0
sz300633,0,765,0
sz300634,0,0,0
sz300635,0,1727,0
sz300636,0,970,501
sz300637,2781,5537,0
sz300638,616,897,0
sz300639,579,861,0
sz300640,0,0,0
sz300641,0,0,0
sz300642,1454,2566,115
sz300643,1258,1024,0
sz300644,14509,8301,714
sz300645,0,1099,0
sz300647,501,963,0
sz300648,246,2329,0
sz300649,1565,683,0
sz300650,374,1642,0
sz300651,0,0,0
sz300652,0,0,0
sz300653,8087,12070,215
sz300654,805,1341,0
sz300655,751,1437,0
sz300656,0,0,0
sz300657,0,6601,737
sz300658,0,951,0
sz300659,0,0,0
sz300660,2521,3710,0
sz300661,1573,2811,0
sz300662,0,0,0
sz300663,891,2201,0
sz300664,29054,13682,1736
sz300665,0,1294,0
sz300666,4300,10261,182
sz300667,0,0,0
sz300668,970,833,139
sz300669,0,0,0
sz300670,43132,63926,4196
sz300671,1218,4327,0
sz300672,2313,4222,0
sz300673,727,1361,0
sz300675,599,2639,0
sz300676,574,959,0
sz300677,371,1430,0
sz300678,972,1419,212
sz300679,1141,2432,424
sz300680,517,544,0
sz300681,0,0,0
sz300682,3030,7935,993
sz300683,210,643,0
sz300684,15711,15111,2086
sz300685,114,374,0
sz300686,0,1906,0
sz300687,1786,2171,0
sz300688,11395,15082,900
sz300689,0,595,0
sz300690,0,0,0
sz300691,365,0,0
sz300692,722,1672,0
sz300693,630,967,0
sz300695,0,194,0
sz300696,3091,6883,1218
sz300697,1315,1950,0
sz300698,1126,2287,0
sz300699,1244,4909,0
sz300700,4023,2331,0
sz300701,3072,4091,960
sz300702,291,3036,0
sz300703,0,475,407
sz300705,33632,49780,4092
sz300706,641,1632,0
sz300707,5056,28045,6154
sz300708,1361,13543,0
sz300709,1910,5559,531
sz300710,0,475,0
sz300711,10627,18824,1046
sz300712,1082,2418,0
sz300713,519,623,0
sz300715,1988,1576,0
sz300716,6717,6744,0
sz300717,724,1885,0
sz300718,1160,2217,608
sz300719,4095,15178,2892
sz300720,609,2185,0
sz300721,0,2522,0
sz300722,14363,40314,1580
sz300723,3880,7079,1000
sz300725,1338,982,113
sz300726,37504,22725,6071
sz300727,14333,28372,3370
sz300729,4005,3582,0
sz300730,1949,7442,744
sz300731,1868,5590,0
sz300732,142,1137,0
sz300733,1341,10064,915
sz300735,8745,13333,481
sz300736,340,509,0
sz300737,0,5475,0
sz300738,7921,5915,354
sz300739,8455,6607,567
sz300740,1747,3588,336
sz300741,914,774,0
sh600000,28212,20397,0
sh600004,6239,5319,0
sh600006,0,0,0
sh600007,0,0,0
sh600008,5107,19053,0
sh600009,3459,2763,532
sh600010,0,0,0
sh600011,7816,20549,0
sh600015,17735,9001,0
sh600016,102007,59243,1521
sh600017,3769,0,0
sh600018,127254,222836,2573
sh600019,239905,173367,0
sh600020,0,2405,0
sh600021,0,0,0
sh600022,0,0,0
sh600023,0,0,0
sh600025,151649,86260,0
sh600026,7559,0,0
sh600027,3770,22099,0
sh600028,554364,491088,10082
sh600029,330528,177196,5974
sh600030,651496,622500,20647
sh600031,85136,46735,0
sh600033,0,0,0
sh600035,0,0,0
sh600036,186628,88867,5335
sh600037,0,1816,0
sh600038,7830,12107,0
sh600039,0,3407,0
sh600048,510384,325140,6185
sh600050,280173,123040,0
sh600051,0,0,0
sh600052,0,0,0
sh600053,0,0,0
sh600054,0,0,0
sh600055,887,728,0
sh600056,4855,5108,0
sh600057,1420,0,0
sh600058,25117,7447,0
sh600059,1227,1228,0
sh600060,5275,35039,0
sh600061,1826,1000,0
sh600062,11112,10770,0
sh600063,0,0,0
sh600064,0,0,0
sh600066,4604,4760,0
sh600067,6520,0,0
sh600068,64934,35667,0
sh600069,0,0,0
sh600070,0,0,0
sh600071,0,0,0
sh600072,890,13471,0
sh600073,0,0,0
sh600074,0,13345,0
sh600075,2154,0,0
sh600076,0,0,0
sh600077,0,0,0
sh600078,0,4995,0
sh600079,6939,9805,0
sh600080,0,0,0
sh600081,0,0,0
sh600082,0,0,0
sh600083,2744,2472,0
sh600084,0,0,0
sh600085,9145,15505,344
sh600086,0,0,0
sh600088,916,0,0
sh600089,9090,6386,0
sh600090,13000,3552,0
sh600091,0,0,0
sh600093,16234,14374,0
sh600094,0,0,0
sh600095,1682,21925,0
sh600096,1568,0,0
sh600097,0,0,0
sh600098,1948,0,0
sh600099,0,0,0
sh600100,12229,32771,0
sh600101,0,0,0
sh600103,0,0,0
sh600104,35070,47362,1728
sh600105,9451,1972,0
sh600106,0,0,0
sh600107,0,0,0
sh600108,18082,20579,0
sh600109,34092,54683,1243
sh600110,4049,20939,0
sh600111,56413,101137,8376
sh600112,6118,0,0
sh600114,2571,1001,0
sh600115,106195,62831,0
sh600116,0,0,0
sh600117,0,0,0
sh600118,62369,59064,5269
sh600119,1267,6506,0
sh600120,1435,500,0
sh600121,1878,0,0
sh600122,23604,12794,1599
sh600123,1519,0,0
sh600125,2656,3616,0
sh600126,2002,0,0
sh600127,0,0,0
sh600128,0,0,0
sh600129,1121,0,0
sh600130,2068,2629,0
sh600131,0,0,0
sh600132,3132,646,450
sh600133,0,0,0
sh600135,2245,6993,0
sh600136,0,1939,0
sh600137,0,0,0
sh600138,502,4515,0
sh600139,0,0,0
sh600141,2393,865,1004
sh600143,0,0,0
sh600145,0,0,0
sh600146,5203,5213,0
sh600148,0,0,0
sh600149,3053,4270,2203
sh600150,23754,39851,1526
sh600151,0,0,0
sh600152,0,0,0
sh600153,4564,1044,0
sh600155,2941,0,0
sh600156,0,0,0
sh600157,29764,84484,0
sh600158,0,0,0
sh600159,0,0,0
sh600160,24118,21623,0
sh600161,1937,4871,0
sh600162,3938,8890,0
sh600163,0,7625,0
sh600165,0,0,0
sh600167,0,0,0
sh600168,0,0,0
sh600169,8886,0,0
sh600170,11993,12840,0
sh600171,4922,7423,725
sh600172,10258,15653,0
sh600173,0,0,0
sh600175,28100,4857,0
sh600176,32703,15731,0
sh600177,81753,73812,12086
sh600178,5705,4561,0
sh600179,13724,30167,594
sh600180,0,0,0
sh600182,0,0,0
sh600183,7046,12124,0
sh600184,0,0,0
sh600185,0,3000,0
sh600186,6907,0,0
sh600187,7518,16182,0
sh600188,23195,21853,0
sh600189,0,0,0
sh600191,0,0,0
sh600193,0,0,0
sh600196,18986,12276,1073
sh600198,0,3439,0
sh600200,7867,3113,0
sh600201,3577,1296,0
sh600202,1610,0,0
sh600203,1300,0,0
sh600206,30300,41511,1008
sh600207,7849,17946,1506
sh600208,16697,10637,0
sh600209,25912,41867,0
sh600210,6121,5784,0
sh600211,280,0,0
sh600212,33591,1709,0
sh600213,10657,17949,0
sh600215,0,0,0
sh600216,5878,2649,0
sh600217,0,0,0
sh600218,0,0,0
sh600219,120886,55917,0
sh600220,0,3900,0
sh600221,0,0,0
sh600222,0,16326,0
sh600223,0,2805,0
sh600225,0,0,0
sh600226,0,0,0
sh600227,0,0,0
sh600228,0,0,0
sh600229,0,0,0
sh600230,5798,3556,344
sh600231,14127,5053,0
sh600232,0,0,0
sh600233,0,0,0
sh600234,0,0,0
sh600235,0,0,0
sh600236,0,0,0
sh600237,0,0,0
sh600238,12324,36121,0
sh600239,0,0,0
sh600240,0,0,0
sh600241,0,0,0
sh600242,0,0,0
sh600243,0,0,0
sh600246,0,0,0
sh600247,0,6447,0
sh600248,0,0,0
sh600249,0,0,0
sh600250,0,0,0
sh600251,1374,5154,0
sh600252,16670,37695,0
sh600255,0,0,0
sh600256,77985,152702,0
sh600257,0,0,0
sh600258,2629,795,0
sh600259,1789,7345,779
sh600260,4248,4364,0
sh600261,2460,20904,0
sh600262,0,992,0
sh600265,0,0,0
sh600266,927,0,0
sh600267,0,700,0
sh600268,2926,0,0
sh600269,13706,3020,0
sh600270,9437,1697,0
sh600271,73678,80513,4581
sh600272,1056,0,0
sh600273,0,3220,0
sh600275,0,0,0
sh600276,13669,7242,400
sh600277,0,0,0
sh600278,1072,4326,0
sh600279,0,0,0
sh600280,0,1277,0
sh600281,0,0,0
sh600282,132608,46584,0
sh600283,0,0,0
sh600284,0,0,0
sh600285,14779,10131,0
sh600287,0,0,0
sh600288,1131,2615,0
sh600289,0,0,0
sh600290,0,0,0
sh600291,5552,3549,0
sh600292,1666,1666,0
sh600293,1500,0,0
sh600295,0,1199,0
sh600297,19058,15343,0
sh600298,620,1585,0
sh600299,0,0,0
sh600300,0,0,0
sh600301,0,0,0
sh600302,0,0,0
sh600303,0,0,0
sh600305,0,1030,0
sh600306,1500,0,0
sh600307,84009,27040,0
sh600308,17573,16902,0
sh600309,0,0,0
sh600310,0,0,0
sh600311,0,0,0
sh600312,0,0,0
sh600313,6037,23008,0
sh600315,8089,2691,0
sh600316,3069,12170,0
sh600317,0,0,0
sh600318,0,0,0
sh600319,0,2072,0
sh600320,0,0,0
sh600321,0,0,0
sh600322,0,0,0
sh600323,0,0,0
sh600325,51939,38515,0
sh600326,1205,1240,0
sh600327,0,0,0
sh600328,0,0,0
sh600329,1200,1839,0
sh600330,0,1782,0
sh600331,0,0,0
sh600332,1272,2431,0
sh600333,0,2675,0
sh600335,0,0,0
sh600336,0,0,0
sh600337,0,0,0
sh600338,403,818,0
sh600339,0,4846,0
sh600340,35671,24211,1788
sh600343,3523,21383,0
sh600345,5904,14188,1438
sh600346,14017,2749,0
sh600348,19259,8087,0
sh600350,0,3810,0
sh600351,3111,4448,0
sh600352,144882,71378,1005
sh600353,0,0,0
sh600354,38870,82271,0
sh600355,2001,0,0
sh600356,0,0,0
sh600358,9148,1700,0
sh600359,6035,6080,0
sh600360,16533,43754,0
sh600361,0,12384,0
sh600362,30034,19900,0
sh600363,8521,3631,0
sh600365,3500,0,0
sh600366,0,869,0
sh600367,1702,0,0
sh600368,0,0,0
sh600369,13847,0,0
sh600370,0,0,0
sh600371,1329,2229,0
sh600372,2094,7900,0
sh600373,3783,5807,0
sh600375,0,0,0
sh600376,0,0,0
sh600377,0,0,0
sh600378,0,0,0
sh600379,0,0,0
sh600380,6252,3607,0
sh600381,0,0,0
sh600382,0,0,0
sh600383,53061,15841,0
sh600385,0,0,0
sh600386,0,0,0
sh600387,0,0,0
sh600388,5514,3121,0
sh600389,952,0,0
sh600390,1865,3809,0
sh600391,10506,15383,0
sh600392,53336,58172,847
sh600393,0,0,0
sh600395,0,0,0
sh600396,0,0,0
sh600397,0,0,0
sh600398,6800,8660,1016
sh600399,0,0,0
sh600400,0,1828,0
sh600401,0,0,0
sh600403,0,0,0
sh600405,0,0,0
sh600406,10068,4947,0
sh600408,0,0,0
sh600409,7371,2920,0
sh600410,16760,22396,0
sh600415,2700,0,0
sh600416,2282,6132,0
sh600418,3161,0,0
sh600419,582,0,0
sh600420,1002,1296,0
sh600421,0,0,0
sh600422,1225,3667,0
sh600423,0,0,0
sh600425,3000,0,0
sh600426,24360,12509,0
sh600428,3351,0,0
sh600429,0,0,0
sh600433,0,6977,0
sh600435,174671,222488,25331
sh600436,2146,3375,0
sh600438,2614,6643,0
sh600439,36175,14622,3959
sh600444,0,0,0
sh600446,12030,20735,0
sh600448,0,0,0
sh600449,0,0,0
sh600452,0,0,0
sh600455,0,0,0
sh600456,607,954,0
sh600458,0,1800,0
sh600459,677,1441,0
sh600460,49656,43257,0
sh600461,0,0,0
sh600462,3217,2613,0
sh600463,0,0,0
sh600466,9435,13522,0
sh600467,0,0,0
sh600468,0,0,0
sh600469,0,0,0
sh600470,2253,0,0
sh600475,0,0,0
sh600476,0,0,0
sh600477,0,0,0
sh600478,0,0,0
sh600479,0,657,0
sh600480,743,3282,0
sh600481,0,0,0
sh600482,2147,16726,509
sh600483,10360,20831,0
sh600485,0,0,0
sh600486,1280,604,0
sh600487,14926,13230,0
sh600488,0,0,0
sh600489,22008,46457,2664
sh600490,16756,16734,0
sh600491,10703,5059,0
sh600493,0,0,0
sh600495,0,0,0
sh600496,3335,0,0
sh600497,8547,22535,0
sh600498,3091,4561,0
sh600499,0,11731,0
sh600500,1399,8041,0
sh600501,0,0,0
sh600502,0,0,0
sh600503,0,6954,0
sh600505,0,0,0
sh600506,0,0,0
sh600507,21540,26662,0
sh600508,0,0,0
sh600509,0,0,0
sh600510,0,0,0
sh600511,2855,5429,0
sh600512,12533,14178,0
sh600513,0,0,0
sh600515,0,0,0
sh600516,78319,39126,1164
sh600517,0,2374,0
sh600518,2197,2745,0
sh600519,9418,9471,933
sh600520,495,566,488
sh600521,2891,3702,348
sh600522,26022,26786,0
sh600523,0,0,0
sh600525,9476,15861,954
sh600526,0,0,0
sh600527,5673,4545,0
sh600528,965,1510,0
sh600529,476,2754,0
sh600530,0,0,0
sh600531,1781,4111,0
sh600532,8357,0,0
sh600533,0,0,0
sh600535,5739,5553,0
sh600536,28859,17833,733
sh600537,0,0,0
sh600538,0,0,0
sh600539,72393,31813,0
sh600540,51023,104701,0
sh600543,0,1294,0
sh600545,0,4702,0
sh600546,0,0,0
sh600547,25341,46112,3526
sh600548,0,0,0
sh600549,45042,24389,1848
sh600550,0,0,0
sh600551,0,0,0
sh600552,0,0,0
sh600555,24782,52214,0
sh600556,0,0,0
sh600557,15777,14367,0
sh600558,0,0,0
sh600559,0,0,0
sh600560,943,1917,0
sh600561,0,0,0
sh600562,6158,3519,0
sh600563,0,294,0
sh600565,10626,50109,0
sh600566,4503,3349,221
sh600567,106029,41844,0
sh600568,0,0,0
sh600569,52234,47526,0
sh600570,52370,72959,4617
sh600571,0,1673,0
sh600572,0,3418,0
sh600573,0,0,0
sh600575,2908,0,0
sh600576,0,0,0
sh600577,0,3192,0
sh600578,0,0,0
sh600579,0,0,0
sh600580,3100,1357,0
sh600581,42033,28267,858
sh600582,0,2767,0
sh600583,7226,8192,0
sh600584,27514,41156,3314
sh600585,159478,141996,22512
sh600586,0,0,0
sh600587,0,0,0
sh600588,26237,36740,1173
sh600589,0,0,0
sh600590,0,0,0
sh600592,0,0,0
sh600593,0,0,0
sh600594,5059,23064,0
sh600595,2435,3234,0
sh600596,17881,24172,916
sh600597,0,2092,0
sh600598,142643,197786,7704
sh600599,0,0,0
sh600600,3617,2280,0
sh600601,0,0,0
sh600602,2671,6596,0
sh600603,0,0,0
sh600604,2382,3777,0
sh600605,0,0,0
sh600606,142310,101419,10060
sh600608,0,0,0
sh600609,2423,0,0
sh600610,0,0,0
sh600611,0,12146,0
sh600612,0,396,0
sh600613,0,0,0
sh600614,0,0,0
sh600615,0,0,0
sh600616,0,0,0
sh600617,0,0,0
sh600618,0,0,0
sh600619,0,0,0
sh600620,0,0,0
sh600621,74814,83466,15281
sh600622,0,0,0
sh600623,0,0,0
sh600624,8166,4054,0
sh600626,4157,24606,0
sh600628,0,0,0
sh600629,0,0,0
sh600630,1544,0,0
sh600633,4674,2000,0
sh600634,0,2940,0
sh600635,13780,2207,0
sh600636,1350,0,0
sh600637,3240,11360,0
sh600638,0,0,0
sh600639,0,0,0
sh600640,0,0,0
sh600641,1000,1765,0
sh600642,0,2000,0
sh600643,3200,1244,0
sh600644,0,0,0
sh600645,2643,3951,0
sh600647,0,0,0
sh600648,0,0,0
sh600649,4001,3785,0
sh600650,0,0,0
sh600651,0,0,0
sh600652,2218,0,0
sh600653,31449,10134,0
sh600654,0,0,0
sh600655,0,0,0
sh600657,0,0,0
sh600658,0,0,0
sh600660,9009,2298,0
sh600661,0,0,0
sh600662,4101,8457,0
sh600663,0,780,0
sh600664,6407,7722,0
sh600665,0,3505,0
sh600666,0,0,0
sh600667,0,16935,0
sh600668,773,682,0
sh600671,0,0,0
sh600673,74128,49511,1006
sh600674,8418,0,0
sh600675,0,0,0
sh600676,0,1670,0
sh600677,4982,16439,0
sh600678,0,0,0
sh600679,0,0,0
sh600680,0,0,0
sh600681,0,0,0
sh600682,0,0,0
sh600683,0,0,0
sh600684,4010,8574,0
sh600685,1217,2645,0
sh600686,899,3424,0
sh600687,0,0,0
sh600688,22579,8887,0
sh600689,1855,5447,0
sh600690,67736,39834,0
sh600691,7995,12135,0
sh600692,0,3417,0
sh600693,0,9365,0
sh600694,0,0,0
sh600695,2569,2850,0
sh600696,0,0,0
sh600697,0,0,0
sh600698,1549,0,0
sh600699,0,3697,0
sh600701,0,0,0
sh600702,2960,1842,304
sh600703,68323,98627,3578
sh600704,3531,4002,0
sh600705,49333,44414,0
sh600706,1263,0,0
sh600707,0,0,0
sh600708,9784,18185,0
sh600710,0,0,0
sh600711,0,55628,0
sh600712,0,0,0
sh600713,0,0,0
sh600714,1154,0,0
sh600715,7944,13133,0
sh600716,0,2737,0
sh600717,0,0,0
sh600718,18747,71206,846
sh600719,0,0,0
sh600720,45573,20434,0
sh600721,1435,4261,0
sh600722,2600,2573,0
sh600723,0,0,0
sh600724,0,0,0
sh600725,0,0,0
sh600726,0,0,0
sh600727,0,0,0
sh600728,47111,43627,1234
sh600729,41795,47456,1872
sh600730,0,0,0
sh600731,0,2011,0
sh600732,0,0,0
sh600733,0,0,0
sh600734,0,0,0
sh600735,0,0,0
sh600736,0,0,0
sh600737,1351,1347,0
sh600738,0,0,0
sh600739,0,5899,0
sh600740,37282,38859,1842
sh600741,9033,5821,0
sh600742,0,2872,0
sh600743,0,0,0
sh600744,0,0,0
sh600745,6775,5117,0
sh600746,0,0,0
sh600747,0,0,0
sh600748,0,0,0
sh600749,0,0,0
sh600750,943,2266,0
sh600751,0,0,0
sh600753,0,0,0
sh600754,913,300,0
sh600755,4645,19447,0
sh600756,4275,9299,0
sh600757,23780,1477,0
sh600758,0,0,0
sh600759,0,0,0
sh600760,34972,35664,2709
sh600761,0,1058,0
sh600763,502,525,265
sh600764,0,836,0
sh600765,8347,10771,0
sh600766,0,0,0
sh600767,0,0,0
sh600768,0,0,0
sh600769,0,0,0
sh600770,0,1600,0
sh600771,518,1734,0
sh600773,0,0,0
sh600774,0,0,0
sh600775,2569,2290,0
sh600776,0,0,0
sh600777,0,0,0
sh600778,0,0,0
sh600779,4433,2934,0
sh600780,0,0,0
sh600781,813,0,0
sh600782,75310,38644,0
sh600783,816,0,0
sh600784,0,0,0
sh600785,0,0,0
sh600787,6983,10073,0
sh600789,6037,7194,0
sh600790,4993,0,0
sh600791,0,0,0
sh600792,0,0,0
sh600793,0,0,0
sh600794,0,0,0
sh600795,28513,3595,0
sh600796,0,0,0
sh600797,3050,26511,0
sh600798,0,0,0
sh600800,0,0,0
sh600801,57396,54841,4766
sh600802,55463,81455,1472
sh600803,6968,2865,0
sh600804,4308,7349,0
sh600805,0,0,0
sh600807,0,0,0
sh600808,117714,67348,0
sh600809,3880,6616,0
sh600810,1839,3629,0
sh600811,0,8773,0
sh600812,0,0,0
sh600814,0,1526,0
sh600815,0,0,0
sh600816,1068,8980,0
sh600817,0,0,0
sh600818,3086,0,0
sh600819,0,0,0
sh600820,3658,2795,0
sh600821,0,0,0
sh600822,1929,10730,0
sh600823,23983,4519,0
sh600824,0,0,0
sh600825,0,0,0
sh600826,775,1016,0
sh600827,0,0,0
sh600828,0,0,0
sh600829,0,0,0
sh600830,0,0,0
sh600831,3388,1618,0
sh600833,0,846,0
sh600834,0,0,0
sh600835,595,1208,0
sh600836,0,0,0
sh600837,55658,41667,0
sh600838,6890,1495,0
sh600839,3436,17352,0
sh600841,0,0,0
sh600843,0,0,0
sh600844,0,3226,0
sh600845,0,695,0
sh600846,1245,2951,0
sh600847,0,0,0
sh600848,25750,32659,2885
sh600850,0,0,0
sh600851,0,0,0
sh600853,0,0,0
sh600854,2860,2128,0
sh600855,902,1689,0
sh600856,0,0,0
sh600857,0,0,0
sh600858,0,0,0
sh600859,2090,546,0
sh600860,2007,11273,2394
sh600861,0,0,0
sh600862,0,6387,0
sh600863,0,0,0
sh600864,0,1809,0
sh600865,0,0,0
sh600866,0,0,0
sh600867,7440,2545,0
sh600868,9082,8027,0
sh600869,0,2997,0
sh600870,5992,6641,0
sh600871,0,0,0
sh600872,4415,15783,520
sh600873,5883,33399,0
sh600874,16201,2287,0
sh600875,0,1145,0
sh600876,595,2070,0
sh600877,0,0,0
sh600879,28033,68094,0
sh600880,0,0,0
sh600881,0,0,0
sh600882,0,0,0
sh600883,0,0,0
sh600884,12231,5672,0
sh600885,401,0,0
sh600886,11308,7144,0
sh600887,251032,227417,12997
sh600888,0,0,0
sh600889,0,0,0
sh600890,4325,24566,0
sh600891,0,0,0
sh600892,12146,7154,0
sh600893,10753,30954,1858
sh600894,0,0,0
sh600895,6138,2452,0
sh600896,66391,146849,13817
sh600897,0,0,0
sh600898,0,0,0
sh600900,11092,6745,0
sh600901,106375,92825,2156
sh600903,48917,42703,6800
sh600908,8519,1976,0
sh600909,0,0,0
sh600917,0,0,0
sh600919,56294,37981,0
sh600926,9275,1885,0
sh600929,0,3440,0
sh600933,27012,40525,3036
sh600936,0,0,0
sh600939,0,0,0
sh600958,2436,4222,0
sh600959,1893,0,0
sh600960,0,0,0
sh600961,0,0,0
sh600962,11094,1890,0
sh600963,8976,4908,0
sh600965,0,0,0
sh600966,8894,1849,0
sh600967,11723,21250,0
sh600969,0,0,0
sh600970,16290,7029,0
sh600971,6020,8696,0
sh600973,0,0,0
sh600975,5828,2328,0
sh600976,0,566,0
sh600977,3981,0,0
sh600978,0,1780,0
sh600979,0,0,0
sh600980,24327,16059,0
sh600981,0,0,0
sh600982,0,0,0
sh600983,0,0,0
sh600984,8106,0,0
sh600985,0,0,0
sh600986,0,0,0
sh600987,0,0,0
sh600988,25945,54400,5492
sh600990,912,195,0
sh600992,0,0,0
sh600993,0,2388,0
sh600995,0,0,0
sh600996,0,0,0
sh600997,4022,0,0
sh600998,0,1984,0
sh600999,7444,3532,1244
sh601000,0,38148,0
sh601001,0,0,0
sh601002,0,0,0
sh601003,51892,27999,0
sh601005,21394,26339,0
sh601006,106955,179981,0
sh601007,0,0,0
sh601008,0,6292,0
sh601009,96967,59636,0
sh601010,3634,0,0
sh601011,25330,1503,0
sh601012,6483,4154,384
sh601015,0,0,0
sh601016,5811,0,0
sh601018,4578,18097,0
sh601019,3840,3246,0
sh601020,0,0,0
sh601021,821,339,0
sh601028,0,0,0
sh601038,0,0,0
sh601058,10048,0,0
sh601069,31791,45562,9683
sh601086,10994,4022,0
sh601088,36448,23531,544
sh601098,805,0,0
sh601099,60838,53624,0
sh601100,0,515,0
sh601101,4704,0,0
sh601106,0,7239,0
sh601107,0,0,0
sh601108,18944,7660,0
sh601111,208888,125293,10767
sh601113,17356,0,0
sh601116,7996,2861,0
sh601117,24870,0,0
sh601118,318729,210970,32830
sh601126,0,0,0
sh601127,2415,13780,1335
sh601128,6458,1678,0
sh601137,0,0,0
sh601139,0,0,0
sh601155,39377,17752,3174
sh601158,0,0,0
sh601163,856,0,0
sh601166,140606,85836,716
sh601168,68460,49124,4150
sh601169,33124,7055,0
sh601177,0,0,0
sh601179,0,0,0
sh601186,28683,11934,1621
sh601188,0,0,0
sh601198,5699,6201,0
sh601199,0,0,0
sh601200,567,0,0
sh601208,6245,17923,0
sh601211,25703,18210,0
sh601212,4402,5765,0
sh601216,0,0,0
sh601218,0,0,0
sh601222,0,0,0
sh601225,62174,80167,4876
sh601226,0,0,0
sh601228,9163,23535,2709
sh601229,7542,10889,0
sh601231,0,1359,0
sh601233,22079,14125,0
sh601238,17442,9714,0
sh601258,186181,89109,0
sh601288,1698037,1263947,0
sh601311,0,0,0
sh601318,388847,286651,36598
sh601326,2411,5216,0
sh601328,364597,194210,0
sh601333,22686,6433,0
sh601336,42182,32477,2015
sh601339,0,0,0
sh601360,17931,12180,599
sh601366,0,0,0
sh601368,0,0,0
sh601369,0,5038,0
sh601375,10717,9081,0
sh601377,24670,8377,0
sh601388,26290,19466,0
sh601390,17565,14038,0
sh601398,1162610,820316,0
sh601500,0,0,0
sh601515,0,0,0
sh601518,0,0,0
sh601519,0,0,0
sh601555,5009,0,0
sh601558,0,26016,0
sh601566,699,0,0
sh601567,0,0,0
sh601579,0,0,0
sh601588,3148,0,0
sh601595,0,0,0
sh601599,2164,17631,0
sh601600,982124,653745,0
sh601601,79997,73097,1575
sh601607,6738,16843,0
sh601608,4365,3714,0
sh601611,0,0,0
sh601616,0,0,0
sh601618,17145,22356,0
sh601619,0,0,0
sh601628,10345,5534,0
sh601633,0,2000,0
sh601636,78437,78749,0
sh601666,36777,21649,0
sh601668,229909,144362,0
sh601669,1832,5319,0
sh601677,1204,0,0
sh601678,20682,12788,0
sh601688,120833,87991,4196
sh601689,0,725,0
sh601699,53895,18117,3301
sh601700,7224,0,0
sh601717,20572,18828,0
sh601718,0,0,0
sh601727,1901,0,0
sh601766,94566,44196,0
sh601777,0,0,0
sh601788,2051,1579,0
sh601789,0,0,0
sh601798,0,0,0
sh601799,0,219,0
sh601800,8089,8109,0
sh601801,0,0,0
sh601808,4300,2000,0
sh601811,0,0,0
sh601818,373976,179675,0
sh601828,2775,7918,0
sh601838,42677,25147,0
sh601857,61823,46453,0
sh601858,7163,19776,0
sh601866,19881,0,0
sh601872,26438,12358,0
sh601877,13352,6202,0
sh601878,3536,3031,0
sh601880,10006,18953,0
sh601881,124829,71018,5619
sh601882,0,0,0
sh601886,0,0,0
sh601888,8082,9601,220
sh601890,0,6307,0
sh601898,0,0,0
sh601899,763094,361430,0
sh601900,0,0,0
sh601901,4905,0,0
sh601908,0,0,0
sh601918,4249,0,0
sh601919,37973,22892,0
sh601928,0,2258,0
sh601929,9641,0,0
sh601933,38394,59860,0
sh601939,667175,415289,0
sh601949,9856,5713,3115
sh601952,0,6381,0
sh601958,10352,9699,0
sh601965,0,0,0
sh601966,0,700,0
sh601968,0,2899,0
sh601969,15862,32063,0
sh601985,7668,12567,0
sh601988,661522,372189,0
sh601989,211553,333660,0
sh601991,0,0,0
sh601992,23367,12101,0
sh601996,10191,3500,0
sh601997,19753,7945,0
sh601998,79768,64046,0
sh601999,3802,1400,0
sh603000,0,2200,0
sh603001,0,0,0
sh603002,10303,0,0
sh603003,0,0,0
sh603005,767,382,0
sh603006,3129,0,0
sh603007,0,0,0
sh603008,0,601,0
sh603009,2853,16155,0
sh603010,0,436,0
sh603011,0,0,0
sh603012,0,0,0
sh603015,1485,1331,0
sh603016,0,494,0
sh603017,0,0,0
sh603018,0,0,0
sh603019,24141,44674,2844
sh603020,0,0,0
sh603021,1606,1469,0
sh603022,1894,0,0
sh603023,0,0,0
sh603025,0,0,0
sh603026,567,0,0
sh603027,519,1088,0
sh603028,0,0,0
sh603029,0,0,0
sh603030,0,0,0
sh603031,2207,0,0
sh603032,48779,11662,581
sh603033,0,0,0
sh603035,0,742,0
sh603036,0,0,0
sh603037,0,0,0
sh603038,0,0,0
sh603039,0,556,0
sh603040,0,0,0
sh603041,545,0,0
sh603042,0,0,0
sh603043,0,0,0
sh603050,0,0,0
sh603055,2507,705,0
sh603056,1870,11406,0
sh603058,731,2434,0
sh603059,418,1963,0
sh603060,0,0,0
sh603063,0,0,0
sh603066,0,0,0
sh603067,48722,81950,2858
sh603069,2166,8170,0
sh603076,0,0,0
sh603077,9925,34804,0
sh603078,408,0,0
sh603079,0,0,0
sh603080,41843,72474,2835
sh603081,1041,1576,0
sh603083,0,581,0
sh603085,1599,0,0
sh603086,0,0,0
sh603088,0,0,0
sh603089,0,0,0
sh603090,0,0,0
sh603096,126,501,0
sh603098,0,0,0
sh603099,0,0,0
sh603100,0,0,0
sh603101,4229,7598,0
sh603103,323,349,0
sh603106,22008,73273,927
sh603108,2842,0,0
sh603110,0,865,0
sh603111,0,0,0
sh603113,0,0,0
sh603116,0,0,0
sh603117,0,0,0
sh603118,2000,1493,0
sh603123,0,0,0
sh603126,0,0,0
sh603127,346,326,134
sh603128,12109,18008,0
sh603129,0,587,0
sh603131,0,1611,0
sh603133,0,0,0
sh603136,0,274,0
sh603138,617,3329,0
sh603139,5941,2775,0
sh603156,1968,1938,0
sh603157,656,0,0
sh603158,0,650,0
sh603159,0,0,0
sh603160,198,970,0
sh603161,11059,8263,345
sh603165,1050,220,0
sh603166,0,0,0
sh603167,0,0,0
sh603168,2030,699,0
sh603169,0,0,0
sh603177,580,0,0
sh603178,0,0,0
sh603179,577,545,0
sh603180,169,276,0
sh603181,3114,1222,0
sh603183,0,277,0
sh603186,0,0,0
sh603188,0,0,0
sh603189,0,0,0
sh603196,0,0,0
sh603197,227,526,0
sh603198,0,0,0
sh603199,0,0,0
sh603200,0,0,0
sh603203,0,0,0
sh603208,0,0,0
sh603214,0,627,0
sh603218,0,0,0
sh603222,0,0,0
sh603223,0,0,0
sh603225,0,0,0
sh603226,0,0,0
sh603227,0,0,0
sh603228,200,0,0
sh603229,35410,101193,6106
sh603232,0,400,0
sh603233,0,725,0
sh603238,0,0,0
sh603239,0,0,0
sh603258,0,0,0
sh603260,1712,2641,0
sh603266,3582,9420,0
sh603268,0,0,0
sh603269,0,0,0
sh603277,1890,1917,0
sh603278,627,654,0
sh603283,973,2702,0
sh603286,450,1501,0
sh603288,426,176,0
sh603289,0,40081,0
sh603298,0,0,0
sh603299,0,0,0
sh603300,0,1453,0
sh603303,894,0,0
sh603305,7748,18972,1888
sh603306,0,0,0
sh603308,0,685,0
sh603309,0,0,0
sh603311,0,0,0
sh603313,0,0,0
sh603315,0,0,0
sh603316,914,0,0
sh603318,0,0,0
sh603319,0,0,0
sh603320,0,0,0
sh603321,0,0,0
sh603322,0,0,0
sh603323,5078,0,0
sh603326,0,0,0
sh603328,0,0,0
sh603329,6661,10646,1297
sh603330,0,0,0
sh603331,0,0,0
sh603333,0,16000,0
sh603335,46649,48920,2305
sh603336,0,0,0
sh603337,0,594,0
sh603338,0,0,0
sh603339,0,0,0
sh603345,826,0,0
sh603355,0,0,0
sh603356,2793,5041,443
sh603357,1080,555,0
sh603358,0,0,0
sh603359,0,0,0
sh603360,0,0,0
sh603363,3405,6578,0
sh603365,455,0,0
sh603366,0,0,0
sh603367,18958,10180,745
sh603368,976,1055,0
sh603369,30520,21960,2655
sh603377,400,0,0
sh603378,0,0,0
sh603380,2506,558,0
sh603383,14341,25962,1145
sh603385,0,0,0
sh603386,666,3287,595
sh603387,578,300,0
sh603388,0,0,0
sh603389,0,1540,0
sh603393,0,0,0
sh603396,371,2440,0
sh603398,0,0,0
sh603399,12361,1321,0
sh603416,0,0,0
sh603421,0,0,0
sh603429,0,0,0
sh603444,0,341,0
sh603456,1268,615,0
sh603458,0,0,0
sh603466,4711,9271,891
sh603477,3068,0,1035
sh603488,0,0,0
sh603496,284,1382,0
sh603499,671,2248,0
sh603500,0,0,0
sh603501,7603,1485,1947
sh603505,1103,0,0
sh603506,1838,268,0
sh603507,2259,0,0
sh603508,0,0,0
sh603515,1469,701,0
sh603516,17804,22608,3065
sh603517,578,0,0
sh603518,0,0,0
sh603519,2565,0,0
sh603520,0,0,0
sh603527,402,548,0
sh603528,15004,30008,1169
sh603533,10747,5851,1603
sh603535,2048,4930,0
sh603536,0,0,0
sh603538,0,0,0
sh603555,1000,0,0
sh603556,0,0,0
sh603557,0,0,0
sh603558,0,0,0
sh603559,480,1687,0
sh603566,1122,707,0
sh603567,1727,893,0
sh603568,0,1053,0
sh603569,0,0,0
sh603577,0,0,0
sh603578,0,0,0
sh603579,150,0,0
sh603580,0,0,0
sh603585,0,0,0
sh603586,0,0,0
sh603588,0,0,0
sh603589,463,302,0
sh603595,628,1047,0
sh603598,10618,12124,0
sh603599,0,0,0
sh603600,0,0,0
sh603601,0,0,0
sh603602,0,0,0
sh603603,0,0,0
sh603605,0,0,0
sh603606,0,0,0
sh603607,3431,2325,293
sh603608,0,0,0
sh603609,0,0,0
sh603611,0,0,0
sh603612,442,687,0
sh603615,0,0,0
sh603616,0,0,0
sh603617,0,0,0
sh603618,0,0,0
sh603619,5344,2279,1109
sh603626,0,429,0
sh603628,0,0,0
sh603630,414,893,0
sh603633,0,0,0
sh603636,11091,7307,0
sh603637,3410,0,0
sh603638,1097,378,0
sh603639,0,569,0
sh603648,62849,68746,13817
sh603655,3488,7263,2031
sh603656,0,0,0
sh603658,0,0,0
sh603659,0,0,0
sh603660,352,395,0
sh603661,197,0,0
sh603663,0,0,0
sh603665,300,0,0
sh603667,0,0,0
sh603668,0,0,0
sh603669,2860,1065,0
sh603676,22264,9901,0
sh603677,0,0,0
sh603678,2871,2411,0
sh603679,1500,0,0
sh603680,305,320,0
sh603683,422,1214,0
sh603685,0,0,0
sh603686,0,0,0
sh603688,0,1000,0
sh603689,0,0,0
sh603690,0,0,0
sh603696,0,0,0
sh603698,0,0,0
sh603699,600,0,0
sh603701,0,0,0
sh603703,2000,0,0
sh603707,1016,0,0
sh603708,0,500,0
sh603709,306,1001,0
sh603711,5318,9495,0
sh603712,98650,163534,20444
sh603716,2054,1548,0
sh603717,0,0,0
sh603718,11415,21935,1026
sh603721,400,0,0
sh603722,0,0,0
sh603725,0,679,0
sh603726,0,0,0
sh603727,0,628,0
sh603728,0,0,0
sh603729,407,1160,0
sh603730,0,0,0
sh603737,0,0,0
sh603738,0,0,0
sh603757,0,380,0
sh603758,0,0,0
sh603766,3868,19269,0
sh603767,0,0,0
sh603768,0,0,0
sh603776,585,171,0
sh603777,0,0,0
sh603778,0,0,0
sh603779,0,702,0
sh603787,0,0,0
sh603788,0,1051,0
sh603789,0,0,0
sh603797,0,0,0
sh603798,0,0,0
sh603799,44956,40441,6301
sh603800,0,0,0
sh603801,0,581,0
sh603803,0,0,0
sh603806,0,0,0
sh603808,545,2095,0
sh603809,347,1060,0
sh603811,2521,0,0
sh603813,0,808,0
sh603816,202,1297,0
sh603817,0,0,0
sh603818,0,0,0
sh603819,0,1900,0
sh603822,0,0,0
sh603823,0,0,0
sh603825,0,652,0
sh603826,0,910,0
sh603828,0,0,0
sh603829,1359,0,0
sh603833,80,153,0
sh603838,0,0,0
sh603839,0,530,0
sh603843,0,0,0
sh603848,0,651,0
sh603855,0,1060,0
sh603856,0,0,0
sh603858,0,1981,0
sh603859,2296,0,0
sh603860,0,0,0
sh603861,0,0,0
sh603866,1589,445,212
sh603868,0,0,0
sh603869,0,500,0
sh603871,1954,2699,208
sh603877,0,0,0
sh603878,0,0,0
sh603879,1167,0,670
sh603880,0,0,0
sh603881,0,1035,0
sh603882,1100,1623,0
sh603883,2371,1188,0
sh603885,4478,957,0
sh603886,0,0,0
sh603887,0,0,0
sh603888,0,0,0
sh603889,0,0,0
sh603890,0,1539,0
sh603895,6194,7684,747
sh603896,559,851,0
sh603897,0,0,0
sh603898,0,0,0
sh603899,1679,1330,0
sh603900,0,0,0
sh603901,0,0,0
sh603903,0,0,0
sh603906,0,0,0
sh603908,0,0,0
sh603909,0,0,0
sh603912,1856,4159,0
sh603916,3887,3213,0
sh603917,0,0,0
sh603918,12039,26040,961
sh603919,0,2249,0
sh603920,755,3529,850
sh603922,0,1853,0
sh603926,0,0,0
sh603928,0,0,0
sh603929,1680,0,0
sh603933,549,0,0
sh603936,0,0,0
sh603937,8574,9393,0
sh603938,362,2113,0
sh603939,301,447,0
sh603955,0,0,0
sh603958,0,0,0
sh603959,0,300,0
sh603960,0,0,0
sh603963,8059,1730,607
sh603966,0,0,0
sh603968,0,0,0
sh603969,0,0,0
sh603970,738,1500,0
sh603976,0,0,0
sh603977,0,0,0
sh603978,0,0,138
sh603979,0,0,0
sh603980,0,0,0
sh603985,7481,777,0
sh603986,6494,12689,354
sh603987,0,0,0
sh603988,0,0,0
sh603989,296,253,0
sh603990,400,300,0
sh603991,0,0,0
sh603993,760724,514552,6190
sh603996,1599,1018,0
sh603997,0,0,0
sh603998,0,0,0
sh603999,0,0,0
