sz002252,0,1000,0
sh600129,0,0,0
sz002045,16827,8169,0
sh600745,0,0,0
sz002191,0,6586,0
sh600562,0,500,0
sz002041,1324,4542,0
sz000762,1000,12440,0
sz300213,0,0,0
sh600898,0,0,0
sz002657,55841,57803,15444
sh600823,267471,234009,0
sh600680,0,0,0
sh600882,0,0,0
sh603766,11070,4273,0
sz000868,290086,143402,10195
sh600765,2688,2715,0
sz002826,6795,7328,0
sh603077,39159,51167,0
sh600642,0,30305,0
sh603496,0,0,0
sz002611,1000,0,0
sz300550,0,0,0
sz000885,3335,0,0
sz002890,0,0,0
sz001896,6967,0,0
sh603668,0,1068,0
sz002837,0,0,0
sh600548,0,0,0
sh603969,1454,5651,1025
sz300195,0,0,0
sh600575,0,0,0
sz002522,0,1473,0
sz300348,735,2128,0
sh600317,0,0,0
sz002060,0,0,0
sz000656,66497,28931,0
sz002106,13301,5027,0
sz002475,5964,5020,0
sz002485,0,0,0
sh600710,0,0,0
sz300256,0,3574,0
sh600168,0,0,0
sz002286,0,0,0
sz000159,0,0,0
sh603939,2498,0,0
sz002823,0,0,0
sh603129,0,0,0
sz002138,0,5420,0
sh600746,0,0,0
sz300573,0,0,0
sh603358,0,0,0
sz000973,0,2884,0
sh600689,0,0,0
sz300360,0,0,0
sz000622,0,0,0
sz000519,0,4210,0
sh600596,17722,78498,0
sz002184,0,0,0
sz002195,64774,125516,0
sz300138,0,0,0
sz002696,0,0,0
sh600578,0,0,0
sh600243,0,0,0
sz002393,0,0,0
sz000636,38413,101661,0
sz300155,0,3000,0
sz300502,1474,1324,415
sh600237,2000,0,0
sh600015,65779,41294,0
sh600016,115791,87089,0
sz002301,5006,0,0
sh600865,0,0,0
sh600326,12510,27610,0
sh600284,0,0,0
sz300337,0,11800,10000
sz000981,0,0,0
sz000625,25680,26245,0
sh601898,9763,6532,0
sh600722,0,5172,0
sh603008,2489,0,0
sz002016,5429,12246,0
sz300369,0,1474,0
sh601900,0,0,0
sz300323,2668,4993,0
sh601958,25815,69462,0
sz300556,0,0,0
sz300108,0,1400,0
sz002543,0,562,0
sz300650,0,0,0
sh600857,0,0,0
sz002053,0,1000,0
sh601339,0,0,0
sh600228,0,0,0
sz000767,5253,0,0
sz002587,2029,25466,2101
sz300304,0,0,0
sz002860,0,0,0
sh600372,0,4002,0
sh601390,6425,34795,0
sh603660,0,1250,0
sh601566,2174,3379,0
sz300507,0,0,0
sz300532,0,0,0
sh601168,16362,13217,0
sz300320,11887,9246,0
sh600753,0,0,0
sh603508,0,0,0
sh600876,1577,620,0
sz002560,0,0,0
sz002905,0,0,0
sz002606,15648,19667,0
sh603027,0,0,0
sz000963,2616,2676,0
sz002680,0,0,0
sh600333,36626,35818,0
sz000988,1212,12922,0
sh603050,588,644,0
sz300294,400,404,0
sz300351,0,0,0
sz002496,0,6522,0
sh600966,12094,17935,0
sz300688,0,0,0
sh603658,0,0,0
sz002896,0,0,0
sz002715,531,2800,0
sz000760,0,0,0
sh603677,0,0,0
sh603288,0,0,0
sh603366,0,0,0
sz002281,5896,13923,816
sz002267,0,3000,0
sz002339,0,3736,0
sz300543,0,0,0
sh600343,0,0,0
sz002231,0,0,0
sz002008,11754,22593,1234
sz300122,6158,3873,0
sh603181,1007,410,0
sz300473,0,0,0
sz000539,0,0,0
sz300435,0,0,0
sz002270,0,0,0
sz000937,6973,17194,0
sz002617,1613,0,0
sz002218,0,15192,0
sz000048,0,0,0
sz002129,98586,91102,0
sh603609,0,0,0
sz000882,0,25419,0
sz300486,0,0,0
sz002035,0,771,0
sh603987,0,0,0
sh603321,0,0,867
sh603637,419,0,0
sz300732,2708,894,547
sz300484,0,0,0
sh600052,19542,0,5028
sz002626,19968,8546,644
sh603881,2202,4118,0
sz300365,4668,4267,0
sh600546,0,0,0
sz000720,0,6276,0
sh600498,2225,4402,425
sz002819,0,0,0
sz300730,4100,9181,1493
sz300095,0,0,0
sz300598,0,0,0
sz000615,72266,173089,7373
sh601808,14241,8495,0
sz002023,1006,0,0
sh600883,0,0,0
sz002495,0,0,0
sz300268,0,2366,0
sz002382,119822,456760,7987
sh603536,0,0,0
sz000733,0,2287,0
sz002421,8231,2351,0
sh603737,0,188,0
sz002492,0,0,0
sz002733,0,600,0
sz002577,838,0,0
sz000001,392841,356484,2342
sz300426,0,918,0
sz002836,0,0,0
sz000503,27643,18707,2602
sz300655,0,0,0
sz300489,0,0,0
sz002448,0,0,0
sz300333,2529,1170,0
sz002284,0,3195,0
sh600735,1160,1139,0
sh601177,0,0,0
sz000823,723,5065,0
sz002625,0,940,0
sh600178,0,0,0
sh603007,0,0,0
sz300212,1969,1843,0
sz300557,377,0,0
sz002355,12169,2150,0
sz002474,0,4356,0
sz002239,0,0,0
sh600567,75721,100142,0
sz002572,1070,2298,0
sh600721,0,0,0
sz002600,1278,14090,0
sz002077,906,0,0
sz000878,19935,35650,0
sz300459,0,1857,0
sz000698,6286,0,0
sh603997,0,1607,0
sh600990,407,571,0
sh603616,1714,0,0
sz002209,0,0,0
sz002372,0,3195,0
sz002299,0,716,0
sh600252,0,5593,0
sz300451,0,0,0
sz002352,632,393,0
sz002593,0,0,0
sh603877,0,420,0
sz002537,3130,16948,0
sh600798,0,0,0
sz002699,637,0,0
sh601218,0,3308,0
sh600090,0,0,0
sz300723,6900,8815,326
sz002613,0,0,0
sh600499,9341,48070,1313
sz002813,0,1364,0
sz300303,0,24234,0
sz300126,0,1857,0
sz300058,0,6427,0
sz000948,0,0,0
sz002597,4978,7643,577
sh600059,3008,1227,1724
sh603861,0,0,0
sz002123,1362,1000,0
sh600593,780,0,0
sz000630,165821,109387,0
sz002236,20343,20566,1335
sz000735,8192,17930,0
sh600995,0,0,0
sz300651,0,0,0
sz000420,3170,0,0
sz300014,4088,8322,0
sz300101,0,1731,0
sh600350,4650,2358,0
sh600305,4323,9134,0
sz002885,0,0,0
sz300385,0,0,0
sh600419,383,0,0
sz002294,11451,6194,384
sh600225,0,0,0
sz002674,0,0,0
sh603088,2498,0,0
sz300319,9719,0,0
sz300722,0,353,0
sz300330,982,3646,0
sh600740,37791,41248,953
sz300219,0,0,0
sz002051,0,1487,0
sh600866,0,0,0
sz002153,1538,6315,580
sz300154,0,0,0
sh601100,0,322,425
sz002251,4380,10157,0
sh603177,12752,7046,1529
sz300185,0,31286,0
sh600313,0,0,0
sz002006,0,0,0
sh603019,9012,25412,642
sz002783,0,0,0
sh600054,0,2521,0
sh600169,4782,6124,0
sh600841,0,0,0
sh600726,0,0,0
sz000637,0,0,0
sz000596,1352,919,0
sh600604,68233,186683,1947
sh600503,7028,5845,0
sz002311,0,980,0
sz002723,0,0,0
sh600965,0,0,0
sz002504,22237,24108,0
sh600692,0,0,0
sh600973,0,3100,0
sh600036,128589,94412,6459
sz002143,27040,26220,936
sz000752,0,0,0
sz300224,0,8425,0
sz000633,0,0,0
sz300174,0,0,0
sh603906,0,0,0
sh600496,11262,0,0
sz300272,1802,0,0
sz300007,15963,6319,1751
sz000932,38214,70911,0
sz000538,5795,4286,115
sz300606,0,0,0
sz000028,0,180,0
sz002145,0,16634,0
sz002585,0,0,0
sh603998,0,0,0
sz300546,687,0,0
sz000661,2843,1061,141
sh600884,8522,21197,0
sz300370,0,0,0
sh600297,5028,18572,0
sh603933,0,0,0
sh600671,0,0,0
sh600846,24451,9565,0
sz002064,0,4059,0
sh601199,0,2149,0
sz002911,10500,17202,812
sz300691,0,460,0
sh600094,0,3446,0
sz002002,0,12024,0
sz002273,5602,11371,0
sz000813,1199,0,0
sz300067,0,0,0
sz300087,3663,0,0
sh600436,8383,4044,553
sz002915,8469,11841,1168
sz002664,0,0,0
sh601166,423356,472616,1905
sz002467,1489,15681,0
sh603976,0,0,0
sz000021,468319,344708,42725
sz002157,21881,6535,0
sh603398,614,0,0
sz300124,3361,4931,0
sz000333,56123,35428,4951
sh600220,5000,7783,0
sh603277,1107,1554,0
sh603233,0,217,0
sz300425,0,0,0
sz300130,439,449,0
sh603226,0,0,0
sz300672,579,3495,0
sz300498,46445,12958,0
sz002636,2686,5363,0
sh603757,0,0,0
sz000798,0,0,0
sh603160,170,935,0
sh603888,0,0,0
sh600862,0,1600,0
sh600037,0,0,0
sz002402,6978,8458,0
sh600017,2699,0,0
sz002603,8056,7462,0
sh600311,4976,3000,0
sh600426,12968,18273,1129
sz300250,0,0,0
sh600108,0,0,0
sz002024,106749,112777,6004
sz002009,0,681,0
sz000780,0,0,0
sz002631,5602,0,0
sh603100,0,0,0
sz000711,4296,0,0
sz300500,0,528,0
sz002920,5957,19738,3077
sz002264,3447,4714,0
sz002174,29517,19131,2158
sz300530,0,0,0
sz300107,63710,130646,2001
sz000717,164269,107140,1381
sz000402,68373,56778,0
sh603227,0,0,0
sz002500,19953,44772,0
sh601669,0,4190,0
sz002253,0,0,0
sz002046,0,0,0
sh600652,0,0,0
sz000520,0,4794,0
sz002185,46953,101518,0
sz002011,1282,0,0
sh600568,31892,25790,0
sz002272,0,0,0
sz002232,0,0,0
sz300456,0,0,0
sz000425,135308,183563,0
sz000663,520,0,0
sz000778,16861,33711,0
sh601799,0,0,0
sh600754,1526,2441,0
sh601111,125650,124444,1062
sz000779,0,0,0
sz300411,0,0,0
sz002678,0,0,0
sz002722,0,0,0
sh603918,0,0,0
sz002413,0,0,0
sh603383,0,268,0
sh600981,0,0,0
sz002399,1394,0,0
sh603960,0,0,0
sz002088,0,839,0
sz002335,0,0,0
sh600359,0,0,0
sh603090,0,0,0
sh600358,0,0,0
sz000863,2887,0,0
sh600774,0,0,0
sz300011,0,1332,0
sz300679,262,117,0
sz000716,2117,1794,0
sh600307,110435,82144,0
sz002786,10128,1394,0
sz002457,3493,5277,1600
sz000408,3602,11778,0
sz000032,0,0,0
sz002881,0,0,0
sz002849,0,0,0
sz300705,355,1062,0
sz002014,0,0,0
sh603989,1906,1948,0
sh601929,5442,0,0
sz002879,0,0,0
sz000833,0,0,0
sh600640,666,888,0
sh601918,2663,3302,0
sz002070,2617,3500,0
sz002709,306,460,311
sz002790,0,0,0
sh603086,0,0,0
sz300635,0,0,0
sz000430,0,0,0
sh601086,11712,3156,0
sz002769,0,0,0
sh600803,6712,8786,0
sz300218,0,0,0
sh601001,0,0,0
sz002831,1785,706,0
sz002878,0,0,0
sh600403,0,0,0
sh600011,7655,4361,0
sz002238,0,0,0
sz002833,0,514,0
sz002091,0,2330,0
sh600566,249,1519,0
sh603386,23874,65119,4744
sh600971,11582,13689,0
sh600558,14076,0,0
sz300565,0,0,0
sh603722,3329,1140,254
sh600318,0,1770,0
sz300048,0,2608,0
sz000701,0,1004,0
sh601117,11224,16377,0
sz002308,3871,2673,0
sz002797,128657,227871,2184
sz300448,0,0,0
sz002061,5075,0,0
sh600026,10000,2000,3156
sz002639,5004,0,3022
sz002630,0,0,0
sz000676,0,0,0
sz002799,0,0,0
sz300037,749,0,0
sz000860,687,2271,0
sz002314,0,1925,0
sh603058,0,0,0
sh601789,2290,0,0
sz002651,0,0,0
sh600662,0,0,0
sz300570,0,1992,0
sh600302,0,0,0
sz002721,21235,31105,0
sz000567,1486,1601,0
sh603158,0,0,0
sz300712,1466,0,0
sz000933,51382,44517,1448
sh603580,0,0,0
sz002687,0,0,0
sz002248,6302,3275,1457
sz300062,0,0,0
sh601211,20692,39285,0
sz300277,0,1414,0
sh600939,0,0,0
sh600657,33903,11767,0
sz000998,1299,540,0
sz002774,3708,3010,1059
sh603039,0,0,0
sh600559,370,4328,0
sh600582,7696,2165,0
sz000836,6350,16869,0
sh600648,0,0,0
sh603318,4721,3100,0
sh600310,0,0,0
sz300512,0,0,0
sz002916,37746,40519,6900
sh600908,1389,3020,0
sz300205,1211,5047,0
sh601633,0,4056,0
sz000852,0,0,0
sh603988,0,0,0
sh603628,0,0,0
sz000826,2951,6554,0
sz002624,0,1586,0
sh603326,0,0,0
sz000977,9891,35625,0
sz002340,43739,98483,0
sz300170,6308,4491,1040
sz000529,8070,1396,0
sh601880,0,4621,0
sz000338,57431,103207,0
sz300537,0,0,0
sz002508,19353,11141,657
sh600988,33109,16902,0
sh603499,0,0,0
sz002619,17323,2091,0
sz000155,5821,43104,0
sz002171,0,0,0
sh601678,11706,2440,0
sh600156,0,0,0
sh600851,2026,1932,0
sz300028,0,7048,0
sz002047,19059,22376,0
sz000100,381527,223835,0
sh600009,2933,2265,0
sz300233,731,1394,0
sh603166,0,0,0
sh600543,0,0,0
sh600867,1514,5186,0
sz002565,0,0,0
sz000710,399,232,0
sh601009,267278,246101,0
sh600892,0,0,0
sz002332,3979,0,0
sz002233,10973,3631,0
sz000750,8062,0,0
sh601857,72376,81268,0
sz000415,2368,4242,0
sz300018,0,0,0
sz000551,0,0,0
sh601952,0,5272,0
sh603136,0,0,0
sz002158,4852,6404,0
sh603002,2603,14579,0
sh600439,0,0,0
sz300102,32357,79401,0
sh600551,0,1152,0
sz000055,2130,0,0
sz002131,180940,440519,3386
sh600860,0,0,0
sz000502,0,0,0
sh600236,0,0,0
sz300203,32696,43233,3613
sh600861,0,0,0
sz300003,3050,9038,480
sz002888,0,0,0
sz300324,4505,2085,0
sh600732,0,0,0
sh603726,0,0,0
sz002463,0,8388,0
sh600397,0,0,0
sz000613,1356,1962,0
sz002222,0,8538,0
sh600789,2000,0,0
sh601007,0,0,0
sz002919,8443,8215,369
sz002642,4846,5066,0
sh600139,0,3717,0
sz300437,0,0,0
sh600138,4051,5875,0
sz300417,0,0,0
sz002838,0,0,0
sh600160,6107,15962,0
sz300395,0,3300,0
sh603089,510,532,0
sz002007,1706,4630,757
sz002418,0,0,0
sh601519,0,2536,0
sz300142,4931,5718,0
sz300576,0,0,0
sh603778,0,0,0
sh600830,6653,6724,0
sh601368,0,0,0
sz000049,283,263,0
sh600641,6386,13206,0
sh600306,0,0,0
sz300270,0,0,0
sz300527,0,1321,0
sh600209,25886,41692,1854
sh603619,9363,14358,2347
sh600495,0,1853,0
sh603360,0,0,0
sz002013,4443,9470,0
sz300541,1286,0,0
sz002303,0,1574,0
sh600060,1525,3772,0
sh603320,0,421,0
sz300540,0,0,0
sz002796,0,0,0
sz000012,9425,35676,0
sz002717,642,0,0
sz000976,0,3553,0
sz300045,0,0,0
sh600697,0,0,0
sh601155,57528,37233,2786
sz300666,386,2258,0
sh600859,3528,1983,0
sz002787,0,0,0
sz300706,568,1852,142
sz002910,1135,4226,0
sh600560,0,0,0
sz300301,0,0,0
sz002436,0,4300,0
sz300105,0,0,0
sh600565,39044,50453,0
sz002036,10518,6441,0
sh600500,0,2801,0
sz300378,0,3142,0
sz000828,0,0,0
sz002316,0,2985,0
sh603936,0,0,0
sz002716,20361,13994,537
sh603707,0,1508,0
sz300371,0,0,0
sz300404,0,0,0
sz300693,0,0,0
sh601388,21577,15483,0
sh601198,4351,6672,0
sh600058,0,1349,0
sz000683,0,14532,0
sh603083,6640,3524,2061
sz300343,0,909,0
sz300305,0,0,0
sz002608,0,0,0
sz300495,5334,13104,0
sh600976,0,767,0
sz002461,0,900,0
sz002747,0,0,0
sh600393,40496,31364,0
sh601998,285170,206715,0
sz300522,0,0,0
sh600288,0,0,0
sz002902,902,3781,0
sz300726,715,5176,0
sh601588,4377,6457,0
sz002262,2376,2301,0
sh603017,0,0,0
sz300353,0,801,0
sz000758,2605,8499,0
sh600136,800,0,0
sz002309,0,803,0
sz300727,343,910,0
sz002246,0,0,0
sh600272,0,0,0
sh600287,0,1400,0
sh600062,7328,5306,0
sz002897,0,0,0
sz300328,0,0,0
sz002126,0,7006,0
sz002918,2158,5987,0
sz000563,3112,0,0
sz002659,0,0,0
sz300079,5234,15750,0
sz300088,9076,11330,0
sz002549,0,0,0
sz002412,0,0,0
sz300180,866,600,0
sz300117,2655,0,0
sh603813,0,0,0
sh603357,11235,34042,428
sz002730,860,0,0
sz002310,13008,15482,4252
sh600063,0,0,0
sz300307,0,0,0
sz300338,0,0,0
sh600468,0,0,0
sz300235,0,0,0
sz002027,45444,55078,0
sh600337,0,15057,0
sh600600,1228,2691,342
sz002872,0,0,0
sz002578,0,2500,0
sz300563,0,0,0
sh600517,0,0,0
sz300012,0,17398,0
sh600653,0,0,0
sh603676,8990,8264,0
sz300111,3192,0,0
sh600278,0,1140,0
sh600871,48064,83893,0
sh600323,1000,4767,0
sh601991,8289,10316,0
sz300133,0,0,0
sh600800,1704,1523,0
sz000718,63048,53780,3160
sz002387,1581,2836,0
sh601127,2106,1382,0
sh601866,0,24299,0
sz300421,0,584,0
sh600576,1300,0,0
sz300080,0,0,0
sz300488,0,0,0
sz002828,0,0,0
sz300157,3286,11263,0
sz002609,0,0,0
sz002097,0,0,0
sh600400,1500,2137,0
sz002718,0,0,0
sh600329,0,2877,0
sz002342,0,2817,0
sz000929,0,0,0
sh603959,316,336,0
sz000691,0,0,0
sh603128,0,2911,0
sh603669,0,817,0
sz002686,1001,0,0
sz300322,0,0,0
sz002551,0,0,0
sz002249,0,0,0
sz002132,15832,0,0
sz000552,3538,3567,0
sh600486,549,1326,0
sh600764,0,0,0
sh600872,2094,406,0
sz002333,0,1000,0
sz002377,4977,1481,0
sz002404,0,5207,0
sz300517,0,0,0
sz000821,0,0,0
sh603038,0,0,0
sz300721,0,305,0
sz000955,5064,4000,0
sh600958,8493,11494,0
sh600703,21062,76419,3848
sz300439,0,0,0
sz300059,197514,222291,10187
sh600693,0,3553,0
sh600268,0,0,0
sz002223,1073,3235,0
sh600381,0,0,0
sh601012,45285,26605,1312
sh601179,0,3000,0
sh603456,0,0,0
sh603985,0,0,0
sh601800,920,12404,0
sh600075,1291,1272,0
sz002861,0,0,0
sz002571,0,0,0
sh603605,401,1172,0
sz000046,0,0,0
sh601611,5411,16239,0
sh603260,4832,13097,899
sz002324,680,536,0
sz002307,0,3056,0
sh601169,21158,41688,0
sh600731,0,0,0
sz002483,0,0,0
sz002829,0,0,0
sz002529,1277,0,0
sz002550,0,0,0
sz002494,3114,1302,0
sz300617,0,0,0
sh600248,0,6028,0
sh603585,0,0,0
sh600855,0,1937,0
sz300247,2000,0,0
sz002707,0,0,0
sz300662,485,0,0
sh600282,190961,203324,0
sz300217,0,9873,0
sz002811,0,0,0
sz002857,0,0,0
sh603656,0,0,0
sh603239,0,668,0
sz000837,0,0,0
sh600601,0,2884,0
sz002288,0,0,0
sz002245,7654,36880,2421
sh600028,524597,529374,2723
sz000968,1952,5674,0
sh600050,275694,421378,0
sh603601,0,800,0
sz300619,0,0,0
sz000705,0,0,0
sh600466,115007,110130,7106
sh600007,0,0,0
sz002386,3050,13858,0
sz001979,50080,41670,0
sz300725,2011,1326,296
sh600900,7551,10533,0
sh600895,2097,719,0
sh601222,0,0,0
sz000722,0,0,0
sz000726,3016,0,0
sz300671,0,0,0
sh601777,7005,3186,0
sz300719,0,0,0
sh603338,0,602,0
sz002906,13563,8230,390
sz000404,0,2100,0
sh601878,800,0,1125
sh600739,0,0,0
sh603315,0,0,0
sz002766,8687,4788,0
sh603197,0,0,0
sh600295,690,6318,0
sz002356,0,0,0
sz300341,0,0,0
sh600599,1712,0,0
sz002477,0,23411,0
sz002078,192855,137456,7007
sh600537,0,2759,0
sz002456,25411,37618,1819
sz002488,0,830,0
sz300103,0,0,0
sz300692,234,0,0
sz002419,2158,9304,0
sh603010,0,0,0
sz002815,0,0,0
sz002428,4858,10356,0
sh600825,0,0,0
sh603663,0,0,0
sh603716,0,0,0
sz002323,0,1662,0
sz002165,0,2012,0
sz002887,0,0,0
sz000570,0,0,0
sz002320,794,1201,0
sz002278,23894,14532,2001
sz300145,3035,15424,0
sh600579,0,1125,0
sz000793,18667,29498,0
sz300326,0,0,0
sz300222,1760,4106,0
sz300354,4484,2246,0
sh603890,0,3141,0
sz002531,0,1368,0
sz300631,0,0,0
sz002021,0,3865,0
sz002067,4712,9633,0
sz300238,0,449,0
sz002759,0,0,0
sz300375,0,572,0
sh603023,0,0,0
sz000407,0,5928,0
sz000534,0,0,0
sz002133,21565,10011,0
sh600192,0,0,0
sz002099,0,8942,0
sz300386,15574,15839,2394
sh600293,1214,1632,0
sh600113,11604,2432,1004
sh603393,0,0,0
sz002043,0,0,0
sh601366,0,0,0
sh601997,955,4004,0
sz000501,1851,1448,0
sh600572,5064,6735,0
sh601966,0,890,0
sh600837,12688,37329,0
sh600072,0,0,0
sh600321,21414,0,0
sz300015,2724,867,403
sh600508,0,1984,0
sh603639,0,0,0
sh600213,4607,1409,0
sh600723,0,0,0
sz002319,0,0,0
sh600649,10364,4787,0
sh603578,0,0,0
sz300419,0,0,0
sh600497,262146,200927,0
sz002019,3946,25930,476
sz002594,45104,29076,2106
sz000498,0,0,0
sz000659,3032,17065,0
sh600232,0,1340,0
sz002215,0,0,0
sh603117,0,0,0
sz300389,0,0,0
sz000690,4700,16314,0
sz000597,1085,5226,0
sh600086,0,7768,0
sh601101,0,0,0
sz000090,11940,5171,0
sh603922,0,381,0
sh600206,33181,55984,4682
sh603031,0,0,0
sz300192,0,0,0
sz000002,155846,142103,14793
sh603588,4763,40267,0
sh603569,0,0,0
sz000980,4702,1969,0
sh601607,2933,3328,0
sz000514,1972,2530,0
sh600970,13878,10670,0
sz300158,0,2100,0
sh600368,1909,2900,0
sh600360,16798,11593,0
sh603528,0,0,0
sh600698,0,4395,0
sh600177,2385,1262,0
sh603387,200,0,0
sh600998,0,2140,0
sz002521,1071,2540,0
sz002095,0,0,0
sz000825,200347,126893,0
sz002581,0,774,0
sz300051,13213,12600,1865
sz300357,0,505,0
sz000996,7805,17719,0
sz002211,3196,2700,0
sz000875,0,6049,0
sz300299,0,0,0
sz000068,0,2931,0
sh600768,0,0,0
sz000816,0,3000,0
sz300601,300,246,0
sz000150,1990,0,0
sz300068,0,7924,0
sz300144,715,0,0
sz300449,0,0,0
sz300077,7382,16725,0
sz002791,0,0,0
sh600258,2670,3647,0
sz002176,20469,40193,0
sz002673,2018,10889,0
sz000037,0,0,0
sh603626,0,892,0
sh600109,7563,14493,0
sz300318,0,0,0
sz002261,1271,9620,0
sh600068,34989,70481,0
sh600847,0,0,0
sh603685,599,1980,0
sz300066,0,0,0
sz300184,0,0,0
sh603839,0,0,0
sh600525,1965,1491,0
sz000993,0,0,0
sz300687,0,300,0
sh603139,0,0,0
sz300175,0,0,0
sh600098,3010,0,0
sh603806,0,0,0
sz002050,3186,13562,653
sz000810,0,1791,0
sh601139,1237,2616,0
sh603816,1104,818,0
sh603937,12661,9853,721
sh603020,0,0,0
sz002647,4209,758,0
sh600602,0,0,0
sz300190,0,1286,0
sz300405,0,0,0
sh600778,0,0,0
sh601010,0,0,0
sz300120,0,0,1600
sz002141,0,5351,0
sz000923,421,1305,0
sz002750,0,0,0
sh603286,1234,2625,280
sz300110,14847,1560,0
sh603042,0,370,0
sz002170,0,2835,0
sh600728,3609,19019,0
sz002605,0,0,0
sh600660,4383,13043,0
sz300407,0,3396,0
sh600392,64183,68617,5990
sh603368,0,0,0
sz300491,1147,4305,0
sh600373,2700,2185,0
sh600650,0,0,0
sh603659,1080,1287,0
sh603718,0,0,0
sh601908,0,0,0
sz002703,0,0,0
sz300514,0,0,0
sz300382,7312,0,1711
sz002665,68655,76131,0
sz002760,10251,1681,396
sh600366,0,4171,0
sz300520,0,3733,0
sh600233,0,610,0
sz300220,0,0,0
sz300073,0,4479,0
sz002574,0,0,0
sh600189,0,2200,0
sh603556,0,0,0
sz002032,0,269,0
sh600375,0,0,0
sh603999,0,0,0
sz000898,40618,38958,0
sz300289,0,0,0
sz300660,0,0,0
sz000669,1478,1516,0
sz002528,0,0,0
sz002746,0,0,0
sh603225,655,1525,0
sh600285,0,0,0
sz002671,3871,0,0
sz000610,0,0,0
sz000910,1480,882,0
sz002055,0,5249,0
sh600316,0,0,0
sh600531,9040,0,0
sz000537,3095,3014,0
sh600822,3665,2741,0
sh603758,0,0,0
sz300177,0,0,0
sh601515,0,0,0
sz300458,541,0,0
sh603168,0,776,0
sh600771,1452,251,0
sz002256,0,0,0
sh600117,13499,4983,0
sz000411,0,0,0
sz000788,0,0,0
sh600380,26816,17325,0
sz300623,0,0,0
sz000731,0,14955,0
sz002810,0,0,0
sz300558,187,1166,0
sh600993,0,1651,0
sz300029,0,0,0
sz000589,0,0,0
sh600099,0,0,0
sz300377,32874,41503,8644
sz002274,0,0,0
sh600618,0,2906,0
sh603035,0,0,0
sh600415,12326,11698,0
sh600211,300,0,0
sh600758,0,3921,0
sz002080,0,594,0
sh600289,6134,0,0
sh600714,0,0,0
sh600633,4222,17735,0
sz002139,6959,3375,0
sz002022,0,0,0
sh601333,53598,130597,0
sh600167,0,0,0
sh603232,0,0,0
sh600639,0,0,0
sh600291,5814,5553,0
sz300698,571,3572,0
sh601699,91000,108281,0
sz000861,8716,0,0
sh600592,0,0,0
sh600856,14062,18235,0
sz300552,0,0,0
sh600114,2094,4448,0
sh600300,0,0,0
sz002712,0,0,0
sz000020,0,0,0
sh603843,0,1584,1047
sh600173,47669,119521,5402
sz000925,0,0,0
sh600909,4617,6441,0
sz000517,467986,600726,25443
sz002203,0,0,0
sh600435,9144,30709,0
sh600328,6722,10789,0
sz000063,121488,190037,16820
sz002056,16530,27972,0
sz300422,700,2618,0
sh601555,2747,2180,0
sh600711,28989,46218,0
sh600493,0,1555,0
sz002293,0,6820,0
sh603690,0,0,0
sz002875,0,0,0
sz300658,0,0,0
sh600327,0,0,0
sz300065,0,6862,0
sz002677,677,1186,0
sh600186,0,0,0
sz002351,0,0,0
sz002383,2919,1223,0
sz002279,2108,6678,1151
sh601965,0,0,0
sz300716,0,0,0
sz300699,2465,6653,726
sz000616,13249,14221,0
sz000576,0,0,0
sh603920,912,694,0
sz300025,0,1774,0
sz002509,8883,13478,0
sh603955,0,0,0
sz002086,19451,10952,0
sz300269,0,0,0
sh600690,138480,82353,2977
sz000789,116177,175278,5072
sh600850,0,0,0
sh600598,62785,66571,4003
sh601212,1641,5818,0
sz002830,0,1094,0
sh600763,0,2331,0
sz002375,2023,0,0
sz300290,0,0,0
sh600967,4343,13191,0
sz300605,0,0,0
sh603306,0,0,0
sz000591,2001,7025,0
sh603606,0,0,0
sh600528,0,5710,0
sh601000,8238,24567,0
sh600370,0,0,0
sh600184,0,0,0
sz002807,1296,5858,0
sz300618,1429,2616,141
sz002130,0,2594,0
sh600997,2000,1749,0
sz002727,528,1001,0
sh600977,765,3596,0
sz000848,7764,4101,0
sh603359,320,0,0
sh603103,0,0,0
sz000419,0,0,0
sh600064,0,1272,0
sz300200,0,0,0
sz002612,0,1140,0
sz300661,0,1639,0
sz300531,679,0,0
sz002443,0,0,0
sz002268,8278,6459,0
sh600438,24015,6902,1072
sh600025,234944,333032,3050
sz002548,0,0,0
sz002702,0,0,0
sz300141,0,0,0
sh603979,2620,0,0
sz000628,0,0,0
sz002403,0,0,0
sz000525,502,2549,0
sz000409,0,2500,0
sz000756,0,4544,0
sh603183,825,849,0
sz300452,0,0,0
sh600039,0,17667,0
sh601225,124995,76399,0
sz002731,0,0,0
sh600777,5977,12537,0
sz300408,4938,4805,0
sz300413,700,388,429
sh600610,0,0,0
sz300197,2907,9491,0
sh600820,0,4705,0
sz002017,0,0,0
sz002753,0,0,0
sh600757,0,0,0
sz002090,0,0,0
sh600979,0,2799,0
sh600805,2000,10393,0
sz002164,0,0,0
sz002292,4978,4264,0
sh600782,114583,126532,0
sh600088,0,0,0
sh600704,3307,0,0
sz002573,8469,9369,1269
sz300579,223,0,0
sz300006,15209,0,0
sh603329,29309,39371,2840
sh600519,16647,12779,2149
sz002679,762,0,0
sh603108,0,835,0
sz002792,0,1067,0
sz300282,0,0,0
sh601116,0,0,0
sz300063,1839,5882,0
sh603800,0,0,0
sz000065,0,550,0
sz002368,493,7675,504
sh603331,0,0,0
sh603218,0,0,0
sh603980,733,721,0
sz000909,0,1019,0
sz300040,0,0,0
sz000573,9906,3290,0
sz002847,443,889,0
sh601099,22882,3538,0
sz002396,9769,43811,2030
sh600879,0,3768,0
sh603730,0,0,0
sh600828,0,0,0
sh600810,0,1658,0
sz300022,2547,0,0
sz002117,34192,78908,1163
sz002034,0,219,0
sz000708,0,1194,943
sh600198,0,8195,0
sh600761,1407,0,0
sz300539,0,0,0
sh603990,0,0,0
sz000531,0,0,0
sz300316,10777,10623,2456
sz300599,0,0,0
sz300275,0,888,0
sh603579,0,282,0
sh600827,1793,1480,0
sz002277,2057,5514,0
sz002431,1995,7273,0
sz300497,0,800,0
sh600331,0,0,0
sh603618,0,0,0
sz002627,0,0,0
sh600143,26418,21303,0
sh600363,1300,0,0
sz300243,0,0,0
sh600983,0,0,0
sh603518,0,0,0
sz300199,951,1004,0
sz002869,0,0,0
sh601038,0,4265,0
sh603098,0,0,0
sh600978,0,1398,0
sz300561,664,5580,0
sh600959,0,0,0
sz002065,188936,235907,9690
sz300584,0,0,0
sh601018,2600,2040,0
sz002068,1432,25371,2502
sz002085,0,0,0
sz300642,120,0,0
sz300506,750,0,0
sz002401,0,1075,0
sh603993,349950,573892,3770
sz002895,554,0,0
sh600561,0,0,0
sz300042,0,0,0
sz002115,0,1507,0
sz000680,0,12060,0
sh603228,390,232,0
sz300703,0,0,0
sz002748,0,0,0
sz002530,0,0,0
sh600516,550087,450775,62613
sz002447,1221801,1434099,89397
sh600622,0,0,0
sz300508,0,183,0
sz002588,0,2010,0
sz002899,1317,0,0
sz300474,200,695,0
sz002411,0,0,0
sh600478,2455,1662,0
sh600590,0,0,0
sz002469,0,0,0
sh603725,0,0,0
sh600487,22941,26117,2658
sz002513,0,0,0
sz002217,1160,14846,0
sz300612,20550,21839,2415
sh600890,2715,7740,0
sh600502,0,2054,0
sh600176,51115,61414,0
sh603558,0,0,0
sh600057,1830,1550,0
sz300390,0,0,0
sz002381,0,0,0
sh603787,0,11553,0
sz300667,0,0,0
sz000815,723,0,0
sz300231,4744,8758,0
sz002670,27070,2977,0
sz002226,0,0,0
sz000886,4556,2918,0
sz300179,0,0,0
sh600716,0,0,0
sh600687,0,0,0
sh600131,8413,0,0
sh600587,785,0,0
sz002205,0,0,0
sh600247,0,0,0
sh600630,0,0,0
sh600936,1500,0,0
sz002214,0,0,0
sz000523,0,0,0
sh600817,0,0,0
sh603717,0,0,0
sh603665,0,0,0
sz002623,0,0,0
sz000736,971,670,0
sh600644,0,0,0
sz000761,35281,13189,1911
sh603396,0,250,0
sh603568,2707,0,0
sz300467,829,0,0
sz000506,0,0,0
sz000061,0,0,0
sh603096,0,0,0
sh601005,4649,31848,0
sz300057,0,0,0
sz002912,1147,1446,101
sz000751,39438,19950,0
sz300336,0,0,0
sz300516,0,0,0
sz002732,0,0,0
sh603389,0,0,0
sz300461,0,0,0
sz000889,0,0,0
sh603788,0,0,0
sz002449,3070,17969,0
sz000739,0,0,0
sh600490,1689,22163,0
sh601877,4040,0,0
sh600694,0,400,0
sz300239,0,0,0
sz300686,0,0,0
sz002724,0,0,0
sz002313,3580,16934,0
sz300525,0,0,0
sz300151,0,0,0
sz000672,40803,48108,0
sh600780,0,0,0
sz300229,0,2464,0
sz002196,0,0,0
sz000952,0,2049,0
sh600613,0,0,0
sz000043,4441,1188,0
sh600759,0,18437,0
sh603655,0,0,0
sz300249,0,0,0
sz000626,0,1323,0
sz002547,40949,2005,0
sz300633,460,0,0
sz002866,0,0,0
sz002124,6079,0,0
sh603517,278,0,0
sh600797,21579,63289,1874
sz002348,0,4523,0
sz300295,598,610,0
sz300339,0,9745,2794
sh600718,4300,7596,0
sh603113,450,938,0
sz002187,0,0,0
sz300622,0,0,0
sh600158,14602,3435,2388
sh600452,0,0,0
sz300654,0,0,0
sz000058,1822,0,0
sh603501,5876,4593,294
sz002438,0,0,0
sz002161,0,0,0
sz300475,0,0,0
sh603838,0,0,0
sz000528,2545,4982,0
sz300358,0,0,0
sz002757,0,0,0
sz002805,0,0,0
sz000565,0,0,0
sz002566,0,0,0
sh603001,0,0,0
sh600382,0,0,0
sh603728,0,0,0
sz002081,2539,14896,0
sz002247,969,0,0
sh603698,0,0,0
sz300008,2250,2800,0
sz000617,0,0,0
sz300241,0,0,0
sz000010,12265,4021,0
sz300334,0,800,0
sh603908,0,0,0
sz002230,168602,208246,38621
sz300052,0,6313,0
sz000545,2127,0,0
sz000877,35473,55065,1212
sz000912,12718,11336,0
sh603688,0,1448,0
sz300261,0,0,0
sz002892,300,0,0
sz300373,909,4376,0
sh601579,0,0,0
sz002142,35872,37034,0
sh601939,185137,200784,0
sz002662,0,5430,0
sz002652,0,0,0
sh601021,0,941,0
sz300466,12375,16159,0
sh600190,0,0,0
sz000533,0,1721,0
sh600188,44394,29092,1382
sh600462,0,0,0
sz300434,0,0,0
sz300355,26825,61845,2362
sz002306,0,0,0
sh603928,0,0,0
sz000652,8511,2390,0
sz002113,0,4778,0
sz300677,0,538,0
sz002207,1528,0,0
sz000603,0,0,0
sh600635,8498,2753,0
sh600750,0,3539,0
sh601228,5096,1708,0
sh600416,0,2564,0
sz000635,0,868,0
sz002465,2668,4500,0
sz300031,0,0,0
sz300267,2324,3272,0
sh603026,0,0,0
sh603833,261,564,0
sz300403,0,0,0
sz000899,3601,0,0
sh603889,0,0,0
sz000989,577,0,0
sz300002,0,46297,0
sh603330,0,0,0
sz000546,0,4961,0
sz300349,414,1457,0
sh603399,763,10524,0
sz300127,0,0,0
sh601567,0,0,0
sz000892,0,0,0
sz300477,0,0,0
sz300023,0,0,0
sz000792,138848,175339,7715
sz002135,0,0,0
sz300113,26841,45061,2994
sz000158,0,4999,0
sz300352,8632,19345,0
sz002020,0,0,0
sz002751,939,0,0
sh603535,0,0,0
sh600864,0,1800,0
sh600356,0,0,0
sh600619,0,1502,0
sz002178,0,0,0
sh600674,26895,28288,0
sh603916,0,2813,0
sz300685,1714,2533,110
sz002328,0,1964,0
sh603328,0,0,0
sz002649,10161,16786,0
sz000510,2660,0,0
sz002817,0,0,0
sz000599,0,0,0
sh600586,4443,0,0
sh600151,0,1557,0
sz002407,3125,9886,0
sh601890,0,1663,0
sh600410,3267,14667,0
sz000488,101828,72865,3527
sh600808,115280,77699,2590
sh600738,0,0,0
sh600605,0,0,0
sz300129,0,1517,0
sz300700,575,358,0
sz300577,0,156,0
sz300597,630,1258,0
sh600481,3000,0,0
sz300689,0,0,0
sh601949,3251,0,0
sz000548,0,0,0
sz300069,3085,0,468
sz300567,326,307,0
sz300521,0,0,0
sh600776,3000,13276,2023
sz300406,0,0,0
sz000869,553,653,0
sz300494,775,0,0
sz002858,0,0,0
sz300713,0,0,0
sz002559,0,0,0
sz300578,0,0,0
sz300056,0,1896,0
sh603885,0,900,0
sz002683,0,0,0
sz300114,0,0,0
sh601258,43802,42590,0
sh603602,0,745,0
sz000505,0,0,0
sh600615,0,0,0
sz002775,0,0,0
sz300720,1583,0,317
sz000011,563,0,0
sh600834,0,0,0
sh600325,152539,124122,4307
sh600281,0,0,0
sz000818,4290,3258,0
sz000971,21909,33213,1466
sz000039,10131,14900,0
sz000997,9905,21664,1050
sz300638,0,0,0
sz002788,0,0,0
sz002541,0,0,0
sz002763,0,0,0
sz000970,10432,37604,0
sz300702,0,0,0
sz300696,0,0,0
sz300214,0,3300,0
sh600858,0,0,0
sz300499,0,0,0
sz002427,4827,7573,0
sz002416,0,0,0
sh600677,0,0,0
sz300084,1400,0,0
sz002370,0,0,0
sz002688,0,0,0
sz000611,0,0,0
sz002498,0,3266,0
sh600119,771,0,0
sh601933,80791,116334,2162
sz002519,0,0,0
sh603866,0,647,0
sh601020,0,1483,0
sh600212,14941,11352,0
sz002839,1161,4094,0
sz002682,0,3928,0
sh600120,0,2492,0
sz002669,0,0,0
sz002166,0,0,0
sz002224,0,0,0
sz002227,0,0,0
sh601798,0,0,0
sh600821,0,0,0
sh600354,0,0,0
sh603186,0,0,0
sz002476,0,0,0
sz300526,0,0,0
sz300021,0,0,0
sh600792,0,0,0
sh603099,0,0,0
sz002108,0,1326,0
sz002486,24964,8915,0
sz300210,0,0,0
sz002079,4850,42361,0
sz300559,0,0,0
sh600520,11147,6912,1571
sz002025,443,2679,0
sz002646,0,0,0
sz000839,29626,26584,0
sh600303,1500,0,0
sz300534,0,0,0
sh600352,107410,133497,0
sz002758,0,1815,0
sz002146,149868,120985,8116
sz002094,764,1400,0
sh603278,2230,457,0
sh603599,0,0,0
sz000768,5777,14520,0
sh600008,42310,54423,0
sh603768,0,0,0
sz300645,0,494,0
sz002212,8648,3217,1000
sh603848,1940,4135,0
sh600917,2464,5720,0
sh603868,146,0,0
sz000582,6771,1594,0
sh600563,0,768,0
sh600874,5200,7553,0
sz002685,0,0,0
sz300076,0,0,0
sz000786,28525,34500,1002
sz002298,1510,0,0
sz300736,0,0,0
sh600091,0,0,0
sz000686,0,0,0
sh600398,0,2272,0
sh600831,0,0,0
sz002179,1192,1184,0
sz300171,0,0,0
sh603505,0,533,0
sh603696,0,0,0
sz300061,0,0,0
sz002452,0,0,0
sh603033,0,0,0
sz000561,0,0,0
sz002490,0,0,0
sz000554,1600,2908,0
sz000543,0,1965,0
sz300409,1256,5085,0
sz000609,0,0,0
sz002499,500,0,0
sz000532,0,0,0
sz300137,5353,3687,0
sz300718,0,0,0
sz300493,0,1031,0
sz002893,16493,24483,3012
sz300313,0,0,0
sz002863,0,0,0
sz300463,0,901,0
sz300078,1226,8030,0
sz000571,0,0,0
sh603586,466,0,0
sz300163,0,0,0
sz000713,0,0,0
sz002534,0,2761,0
sh603938,0,374,0
sh603557,660,0,0
sh603808,0,1501,0
sz300251,1699,19247,2083
sz002327,1291,8793,0
sh600029,112449,145679,0
sz300075,0,1592,0
sh600668,0,3368,0
sh600421,0,0,0
sh600886,41287,83660,0
sh603703,0,0,0
sh600538,0,0,0
sz300384,426,0,0
sh601208,0,0,0
sz300132,0,0,0
sh600617,0,0,0
sh601886,2439,0,0
sz000905,0,0,0
sz002653,0,0,0
sz000965,19614,5438,0
sh600433,0,0,0
sh600933,3145,2790,0
sz300168,17227,12552,0
sh603577,927,0,0
sh600250,1824,0,0
sz002285,95895,61729,4517
sh601126,0,1270,0
sh600299,0,0,0
sz300675,7381,5624,1600
sz300325,10097,4133,0
sh600584,12305,18783,526
sz000550,1325,0,0
sz002118,0,1868,0
sz300684,0,0,0
sz300608,0,0,0
sz002638,22812,7062,0
sh600511,1507,1230,0
sz300582,0,0,0
sz300027,39623,111677,1288
sz002429,5984,6001,0
sz300172,0,0,0
sz300309,522,0,0
sh600661,0,0,0
sz002735,0,0,0
sz300379,860,1637,0
sh603661,0,0,0
sz300287,2334,3961,0
sz300446,0,0,0
sh600348,10127,22279,0
sz002654,0,0,0
sz002633,0,0,0
sh600223,29317,4727,0
sz002907,31710,49717,7547
sz002254,12755,1179,0
sh603869,0,0,0
sh600769,4858,17069,0
sz300259,0,1434,0
sz002380,0,0,0
sz300054,4139,11409,0
sh600748,1608,0,0
sz002864,2470,3235,0
sz002290,0,0,0
sz002173,0,0,0
sh600193,2391,7782,0
sh603345,0,600,0
sh603416,0,0,0
sz300397,0,0,0
sh603701,0,0,0
sz000657,0,1053,0
sz002455,0,0,0
sz000601,1638,13500,0
sz000728,11593,43591,0
sh600215,0,1800,0
sz002882,0,0,0
sh601188,0,0,0
sh600724,3580,5758,0
sz000800,143368,83637,1101
sh601006,68978,87408,3597
sz002741,0,0,0
sz300678,0,1156,0
sz002029,0,4733,0
sz002397,0,0,0
sh600766,0,0,0
sh601688,108928,83794,3992
sh601788,4666,5376,0
sh600055,0,1626,0
sz002503,0,4317,0
sh601718,0,10842,0
sz002432,1133,1264,0
sz002785,0,0,0
sh603030,0,0,0
sh600460,206733,232291,7802
sz002282,0,0,0
sz002395,0,0,0
sh600802,1406,1400,0
sz002136,0,1601,0
sz002478,0,0,0
sh600845,593,1041,0
sz000859,0,0,0
sz002250,0,1000,0
sz300196,0,0,0
sz002275,0,0,0
sz002719,367,0,0
sz300628,0,0,0
sh600116,37035,2115,0
sz002439,510,6058,0
sh603776,0,182,0
sz300082,0,0,0
sz002546,0,0,0
sh603365,852,0,0
sz002305,14664,8645,0
sh600588,54101,35354,5927
sz000777,0,0,0
sz000679,0,0,0
sh600984,12290,2192,0
sz002778,0,0,0
sh600277,5838,11485,0
sz300093,0,960,0
sz000518,0,2000,0
sz002063,196749,220473,16264
sz002038,5334,3337,0
sh600686,849,822,0
sz300055,2818,7191,0
sz300297,0,1362,0
sh600489,59745,61024,0
sz002850,0,0,0
sz300652,0,0,0
sh603380,0,0,0
sh601618,47622,94509,0
sz002616,0,0,0
sh603633,0,0,0
sz000059,33634,31975,0
sz000590,0,0,0
sz300194,0,0,0
sh600785,0,0,0
sh600115,170605,122590,0
sz000862,0,0,0
sh600643,1000,7931,1829
sz002220,0,0,0
sz002420,0,0,0
sz000418,3161,2212,200
sz300085,11639,10410,2378
sh601238,34451,4543,0
sz000030,0,0,0
sz300560,0,0,0
sh600488,0,0,0
sz002100,0,0,0
sz002244,128862,187393,3893
sz002201,0,0,0
sh600261,0,0,0
sz000856,12395,15799,1006
sh603043,0,0,0
sz300595,0,0,0
sz002137,0,0,0
sz002363,0,0,0
sz300033,2450,7014,952
sz300438,397,0,0
sz002440,6262,21978,0
sz300585,621,1115,0
sz300162,0,0,0
sh601928,0,1673,0
sz002361,0,0,0
sz002648,6892,9063,935
sh601811,0,0,0
sh600848,4590,4430,508
sz000593,0,0,0
sz300226,0,931,0
sz002614,0,622,0
sz002208,0,0,0
sz300611,0,0,0
sh600249,3905,3262,0
sh603903,0,0,0
sh600203,0,2818,0
sz002903,924,861,0
sz002832,0,0,0
sh600783,0,2567,0
sh600260,2099,9655,0
sz300533,0,309,0
sh600216,99434,97749,3146
sh600210,0,2154,0
sz300479,0,0,0
sh600418,7976,0,0
sz300081,0,2322,0
sh600893,3336,4362,431
sh600707,0,0,0
sh603738,0,0,0
sh600399,0,0,0
sh600035,0,0,0
sh600409,46148,75369,0
sz000967,0,0,0
sh603040,0,460,0
sz000959,0,0,0
sh603729,0,0,0
sh600975,0,1925,0
sh603909,0,0,0
sz300202,2053,3236,0
sh600395,0,2002,0
sh600463,1988,0,0
sh600165,0,0,0
sz000586,0,0,0
sz000623,504,4745,0
sh601901,9542,29378,0
sh600121,2000,0,0
sz300697,2020,1586,0
sz300518,0,0,0
sz002695,0,0,0
sh600982,5692,5003,0
sz300538,0,0,0
sh601988,458895,505905,0
sh600240,4407,1155,0
sh600809,20773,4432,0
sh601636,130329,115009,7684
sz300602,0,0,0
sz300350,0,0,0
sz000605,0,0,0
sz300509,0,0,0
sz002514,0,0,0
sz300432,0,0,0
sh600793,0,0,0
sh603595,0,160,0
sh603229,4680,4445,1537
sh601601,105501,86027,6450
sh600076,2200,0,0
sh600767,0,2178,0
sz300604,0,0,0
sz002595,0,0,0
sh603507,1266,1085,423
sz300135,0,2889,0
sh600280,30191,15922,0
sz300615,505,0,0
sz300331,0,0,0
sz000982,3115,14380,0
sz000666,6736,2202,0
sz002155,41205,12301,5153
sh603477,8696,9703,945
sh600345,3789,7308,0
sz300097,0,1100,0
sh600730,0,0,0
sz002536,0,0,0
sz002873,946,1400,0
sz002776,0,0,0
sh600339,4484,0,0
sh603611,0,0,0
sh600608,0,0,0
sz002481,2000,0,0
sh603268,0,0,0
sz300227,517,0,0
sz002497,6940,20930,0
sz000983,51986,88280,4594
sh603600,0,0,0
sz000776,17218,24331,0
sh603269,530,1041,0
sz002668,607,1189,644
sz002743,0,0,0
sz002891,0,0,0
sz002487,0,0,0
sh600529,0,0,0
sz300312,15367,8470,0
sh600095,4365,0,0
sz002816,661,1632,0
sz002200,0,0,0
sh603968,0,0,0
sz000045,0,0,0
sh603978,642,0,0
sz300255,0,0,0
sh600470,0,0,0
sh601989,243894,166147,0
sh600535,586,2007,0
sh601872,2486,2458,0
sh600869,2318,0,0
sz300396,0,0,0
sh603238,0,0,0
sz300592,0,0,0
sz002388,0,0,0
sz002039,0,634,0
sz002562,5298,24126,0
sz002156,15086,31330,0
sz002199,0,0,0
sz002144,0,0,0
sz300091,1604,0,0
sh600127,0,0,0
sh600122,43432,21569,0
sz002601,6843,18198,0
sz000017,0,0,0
sh603118,0,6641,0
sz300228,0,0,0
sz300668,0,0,0
sz300099,0,0,0
sz000619,0,0,0
sz002876,0,0,0
sz300535,0,0,0
sz300083,8008,27128,0
sh600217,0,0,0
sz002188,0,2470,0
sz002576,2123,7015,0
sh603106,58101,47349,9301
sh603363,0,6108,0
sz300230,0,0,0
sz300478,475,0,0
sz002650,2000,2791,0
sh603015,0,0,0
sz300191,0,505,0
sh603603,0,0,0
sz002154,0,0,0
sh600308,3386,1511,0
sh603823,0,0,0
sh600162,0,6189,0
sh600137,0,0,0
sh601233,24814,30332,538
sz000413,92878,69028,1507
sh600301,0,0,0
sz002734,0,0,0
sz002658,0,0,0
sz000985,0,0,0
sz000536,0,0,0
sz300653,0,0,0
sh600320,7998,8779,0
sz002877,0,0,0
sh600069,6109,6489,0
sh600390,1222,7230,0
sh600185,21430,6756,0
sz300472,0,0,0
sz002287,0,0,0
sz002586,2304,1366,0
sz002462,0,500,0
sh603012,0,0,0
sz002773,188,0,0
sz002645,643,2135,0
sz002030,0,932,0
sh603912,27972,26065,3664
sz300100,0,0,0
sz000931,0,0,0
sz300549,0,0,0
sh603138,2074,6292,1116
sh600628,3291,0,0
sh600980,0,1558,0
sz002725,0,700,0
sz002542,2308,18894,0
sz002570,5291,4613,0
sh600238,0,0,0
sz002183,34515,62636,0
sh603303,0,0,0
sh601375,0,3461,0
sz300035,0,0,0
sz002482,0,0,0
sh603188,0,2218,0
sz002241,19443,45664,1024
sz002848,13428,8894,2312
sh600361,0,2748,0
sz002484,6957,6700,1731
sh603378,1235,919,0
sz002147,0,0,0
sh601058,0,22038,0
sz000070,1051,32972,0
sh603200,293,0,0
sh600651,5194,6223,0
sh600125,13545,65956,0
sz002331,1000,1500,0
sz002801,1388,306,0
sz300547,442,480,0
sh600654,0,0,0
sz300673,374,0,0
sh603266,0,0,0
sh600896,0,0,0
sh600699,2997,8442,0
sh600853,0,0,0
sh600166,144839,12100,0
sz300118,1000,0,0
sh601518,0,3935,0
sz000416,0,0,0
sh600027,19701,13461,0
sh603667,0,0,0
sz300362,0,0,0
sz000901,0,1131,0
sz002770,0,7195,0
sz300342,0,0,0
sz002378,0,12107,0
sz300482,2369,146,0
sz000153,0,0,0
sh601666,11629,13646,0
sh601899,941377,1061847,0
sz000883,7166,2933,0
sz002867,0,0,0
sh601186,11446,21595,0
sz002083,0,0,0
sz002460,10682,23792,2507
sz002334,0,0,0
sz000890,0,0,0
sh600749,6844,20672,0
sz002406,0,0,0
sh603037,0,0,0
sz002258,2280,1608,0
sz002190,500,0,0
sh603559,576,5572,1757
sh600128,0,0,0
sh600179,12197,3420,0
sz300092,0,0,0
sz000422,0,0,0
sh603028,0,0,0
sh600804,2007,4206,0
sz000004,0,0,0
sh600085,1166,1781,0
sz300393,662,0,0
sh600515,2590,818,0
sz300024,10062,13545,908
sz000060,52639,36771,9633
sz000759,0,1146,0
sz002186,0,0,0
sh600110,0,10253,0
sz002618,0,1000,0
sh600510,0,0,0
sh601088,46104,54808,2641
sh601326,1800,4301,0
sh601231,8446,4631,0
sh603319,0,0,0
sz002533,0,0,0
sz002040,0,0,0
sh600843,0,0,0
sh600701,1025,11017,0
sz300445,0,0,0
sh601200,2304,4567,0
sz000917,2682,10355,0
sz000014,24775,24738,0
sh600526,0,0,0
sz002602,740,0,0
sh603648,2773,465,0
sh601128,3110,5037,0
sz000809,0,0,0
sh600836,0,0,0
sz002479,3506,2039,0
sh603388,1347,0,0
sz002031,11624,3532,0
sz300469,0,0,0
sz002148,1240,3757,0
sz002637,0,0,0
sz300019,0,0,0
sh600030,306416,303523,1079
sh600020,0,0,0
sz300279,1000,1900,0
sz002263,0,12617,0
sh601689,0,0,0
sh600919,9980,41627,0
sz300096,22641,6350,0
sz002152,168094,291043,15462
sh600004,28105,4858,0
sh600383,102168,98963,7473
sh603258,452,0,0
sz002102,26339,36921,0
sh600071,0,0,0
sz000423,5999,4681,0
sz002736,1500,1346,0
sz300536,0,639,0
sz000893,4200,2915,0
sz000692,0,0,0
sz000560,2963,1629,0
sz300296,1644,4390,493
sz300310,0,1968,0
sz300017,34784,49589,0
sh603066,0,0,0
sh600744,0,0,0
sh600315,0,1290,0
sz300263,1681,0,0
sh603101,0,0,0
sz000421,0,0,0
sz002767,2325,1587,0
sh603369,38589,9390,1174
sh600727,0,0,0
sz002206,1919,0,0
sh603880,372,375,0
sz300005,0,0,0
sz002855,0,0,0
sh603016,0,0,0
sh600986,0,0,0
sh600081,0,0,0
sz000790,0,0,0
sz300485,0,0,0
sz002745,964,439,276
sz300109,10340,2327,1272
sh603638,0,0,0
sh603025,0,0,0
sh600275,0,0,0
sh600773,13046,6537,0
sh601766,105049,150962,0
sh600336,0,0,0
sz000685,1230,0,0
sz000088,3062,0,0
sh603208,0,0,0
sz002127,887,5303,1005
sh600074,0,0,0
sz000555,2356,1023,0
sz300590,0,0,0
sz300709,788,483,0
sh600332,25356,11025,526
sz002084,0,0,0
sh600667,20114,34290,0
sh600153,15626,7674,0
sz300284,0,658,0
sh603699,1315,0,0
sz000919,0,0,0
sz002802,0,0,0
sh600118,4382,13492,0
sh601311,968,0,0
sz002780,0,0,0
sz300188,0,957,0
sz300119,0,0,0
sz002300,0,0,0
sz002563,2004,0,0
sz300427,0,0,0
sz002871,0,0,0
sz002119,0,761,0
sz002506,12373,36515,0
sz300664,0,0,0
sh601608,49334,29923,2355
sh603818,0,0,0
sh600626,0,0,0
sz000429,0,5215,0
sz300420,4618,0,0
sz000025,0,0,0
sz000581,11005,30996,0
sz000755,0,0,0
sz300682,2306,951,0
sh600839,15899,18431,0
sh603779,0,0,0
sz300542,0,9295,0
sz300616,0,70,0
sh600428,0,1781,0
sh600111,98172,109978,3138
sz002093,0,9617,0
sz002590,0,889,0
sz002276,0,1677,0
sz002291,0,0,0
sh603309,0,0,0
sz300332,0,5300,0
sz002689,0,0,0
sh600455,0,0,0
sh600467,5000,3300,0
sz002808,0,0,0
sh600376,10182,4023,0
sh603189,0,0,0
sz002120,0,310,0
sz002777,916,0,0
sz002116,0,0,0
sz300346,0,397,0
sh603308,0,0,0
sh600961,1973,0,0
sz300418,9919,4998,0
sz002655,3956,28989,0
sh600461,0,6710,0
sh603797,3911,3232,539
sh601002,4625,26047,0
sz000951,0,712,0
sh600338,250,400,0
sz002824,0,753,0
sh603567,0,0,0
sz300302,0,0,0
sh601336,64452,45333,3003
sh603283,0,58337,0
sz002845,0,0,0
sz002059,0,0,0
sz000915,2613,0,0
sh603355,0,582,0
sz300510,0,0,0
sh603860,0,0,0
sh600523,0,0,0
sz002540,0,0,0
sh601226,0,0,0
sh600346,20528,16409,872
sz002752,7092,2610,0
sh603116,0,0,0
sz002210,29737,785,0
sz000802,0,1000,0
sh603444,1852,311,0
sh600819,0,0,0
sz002140,0,945,0
sh601229,15436,14165,0
sh600195,0,0,0
sh600053,1900,0,0
sz300266,0,1414,0
sz002856,5216,5904,0
sz300207,9510,1525,0
sz002454,0,0,0
sz000655,0,3148,0
sz002269,0,0,0
sh600518,20270,9746,0
sz002265,0,0,0
sh600425,5781,0,0
sz300254,0,0,0
sz002610,1865532,2646517,19084
sz000715,0,0,0
sz002451,1866,0,0
sh603777,0,0,0
sh600279,0,0,0
sh600706,0,0,0
sz000627,4879,6174,0
sz300591,0,0,0
sz002096,0,0,0
sz300641,0,0,0
sz000807,126927,176368,2406
sz000541,0,6685,0
sh600781,500,3086,0
sz300735,26100,38479,4690
sz000607,0,0,0
sh600545,4903,999,0
sz000632,0,0,0
sh600826,0,0,0
sz002360,0,0,0
sh600018,39519,30533,0
sz002505,0,4000,0
sh603063,0,0,0
sh603022,0,0,0
sz000957,8943,2467,0
sz000700,0,0,0
sh600683,0,1800,0
sz000558,24901,7190,2156
sz002015,0,0,0
sz300317,3000,2148,0
sh600152,0,0,0
sh600482,0,1984,0
sz002862,375,0,0
sh600023,91023,14722,0
sh603081,400,363,0
sz300681,0,0,0
sz000526,0,0,0
sz002822,0,0,0
sz300388,0,1069,0
sh600779,4250,4336,0
sh601328,289806,184627,0
sz000671,90118,75445,0
sh600597,1771,2187,0
sz000428,0,0,0
sz002615,1200,1316,0
sh601969,0,0,0
sz300359,1278,2673,0
sh603555,620,3503,0
sz000066,159635,124930,0
sz000938,1432,2472,0
sh600355,0,0,0
sh603458,0,793,0
sh600135,0,6984,0
sh600790,0,8480,0
sz000897,78389,86277,0
sh603198,0,649,0
sh600549,17784,40312,877
sh600234,0,0,0
sz002385,18770,18437,0
sh600696,0,0,0
sh600180,0,2686,0
sh603879,0,0,0
sh600894,0,1281,0
sh601137,0,0,0
sz002756,0,0,0
sz002901,344,1136,325
sh603811,0,0,0
sz000850,0,0,0
sh601318,601753,470218,53490
sz002266,0,17649,0
sz300281,0,0,0
sz002280,3015,15146,0
sh603488,5856,0,0
sz300648,0,0,0
sz300183,0,0,0
sz002235,0,31137,0
sz002012,17692,44000,0
sz300589,0,0,0
sz300603,0,0,0
sh600070,0,0,0
sz002134,0,0,0
sz300089,4537,1001,0
sh601015,1955,3619,0
sh603299,0,3718,0
sz300433,2997,7858,0
sz000598,3254,2487,0
sh600183,8076,18137,602
sz300548,0,0,0
sz300447,0,0,0
sh600636,0,0,0
sz002337,0,0,0
sh600141,811,17762,0
sz002803,0,0,0
sz002062,2255,0,0
sh600623,0,1385,0
sh600787,30289,23581,928
sh601881,2668,7595,0
sz002026,0,0,0
sz300262,0,0,0
sh600729,10455,4238,453
sz300248,0,2527,0
sz300503,0,0,0
sh600992,0,0,0
sz002234,0,0,0
sh603067,0,0,0
sz300643,1005,0,0
sh600606,1098179,1035784,13181
sh603466,3282,2523,458
sz002302,8706,13737,0
sh603069,0,800,0
sz002501,1291,18125,0
sz002445,0,0,0
sh600540,0,0,0
sz300153,0,0,0
sz002242,3125,604,0
sh603500,0,0,0
sz002373,1533,8001,0
sz002853,0,308,0
sh601628,35555,26557,1079
sz000737,0,0,0
sh600444,0,0,0
sh600477,3131,0,0
sz000936,1795,0,0
sh600512,3348,4769,0
sz002640,960,6097,0
sz002827,0,0,0
sh600077,33052,59442,0
sz002740,0,0,0
sz002193,0,0,0
sz000668,0,0,0
sz000009,6084,14447,0
sh600123,13648,22646,0
sz000008,7196,1269,0
sh601106,3000,0,0
sh603826,1145,1849,0
sh600616,0,0,0
sz300410,0,0,0
sz000650,6009,19445,0
sz300416,0,0,0
sz000966,0,0,0
sh600388,4150,18801,0
sh603196,0,0,0
sz002296,0,3471,0
sz002202,13674,9320,0
sh603926,0,0,0
sz002809,0,0,0
sz002842,3121,3063,227
sz002018,14756,80819,1556
sz000524,0,0,0
sz002177,12560,18143,0
sh600061,877,0,0
sz002354,10439,2486,0
sh600655,5460,2964,0
sz002599,0,0,0
sz002781,0,0,0
sz300581,0,0,0
sh603919,0,0,0
sz300039,0,1575,0
sh600406,41677,71718,917
sh600038,8471,20562,0
sh603515,0,0,0
sz000831,1254,16438,0
sz002697,0,23344,0
sh603829,1596,6164,0
sz000016,4032,11996,0
sh600583,11722,9305,0
sz000707,0,0,0
sh600006,6759,10688,0
sh601595,0,0,0
sz300128,20879,7990,0
sz002001,137937,112355,7898
sz002325,9232,4092,0
sz300554,0,0,0
sz000819,0,0,0
sh603883,0,0,0
sz000972,0,5327,0
sz300464,0,0,0
sz002923,0,0,0
sz000858,104643,69160,6646
sz000928,1536,0,0
sh600259,0,2097,0
sz000038,0,0,0
sz002711,21864,49695,1434
sz300505,0,0,0
sh600429,0,0,0
sh603126,0,0,0
sh603708,0,4771,0
sh600688,36143,31985,0
sz300519,0,0,0
sh603859,0,0,0
sz002527,0,0,0
sh603157,7019,3979,619
sz300363,0,0,0
sz300306,0,711,0
sz002582,0,0,0
sz002726,0,1500,0
sh600182,0,0,0
sz002010,1470,1991,0
sh600371,0,0,0
sz000697,553,2668,0
sh600812,0,0,0
sh600612,0,0,0
sz002433,1257,0,0
sz002347,0,0,0
sh600811,2320,0,0
sh601011,44084,39469,7956
sz000023,0,0,0
sh600351,0,0,0
sz002843,0,1102,0
sz300314,9655,9792,0
sh603711,716,2943,575
sh600276,9483,4968,250
sz300430,0,0,0
sh601818,571217,370987,0
sz002553,0,0,0
sh603323,0,10380,0
sh600570,52550,87834,15806
sh600881,1854,0,0
sz300583,0,0,0
sh600863,0,0,0
sh600969,0,0,0
sz002048,2817,9519,0
sh600476,680,1801,0
sz300236,3377,13010,0
sh601016,18038,18767,0
sz300160,0,1878,0
sz002835,0,0,0
sh603886,0,0,0
sh603689,799,3099,0
sz002708,0,0,0
sz002898,9620,8536,445
sz002768,1169,1377,0
sh600033,10928,12994,0
sh600208,164221,58336,0
sz300329,0,0,0
sz300429,0,0,0
sh601668,360190,376656,0
sh600815,0,0,0
sz002304,4746,4936,308
sh600658,2058,1788,0
sz300731,547,1598,0
sz002359,0,500,0
sh600580,0,3030,0
sh600550,0,6769,0
sz002900,0,1165,0
sh600330,0,27962,0
sz300146,6745,20654,0
sz002806,0,0,0
sz002315,0,484,0
sz002317,1095,4961,0
sh600885,0,0,0
sh600408,0,0,0
sz002466,13340,18029,631
sz002003,0,0,0
sz002693,0,0,0
sz002225,0,0,0
sh601163,549,0,0
sz000089,0,9449,0
sz300649,0,0,0
sz000166,10780,2000,0
sz300513,0,0,0
sz300529,0,639,0
sz002755,0,0,0
sz002596,5436,5547,0
sh600449,3722,0,0
sz300394,0,0,0
sz000987,0,0,0
sz002109,0,4186,0
sz002820,0,0,0
sz000712,0,2766,0
sh600019,249038,132800,0
sh603011,0,0,0
sh603385,0,0,0
sh603055,5422,0,0
sh600573,0,0,0
sh600814,0,0,0
sh600271,10702,21282,1977
sz300399,0,796,0
sz300551,0,0,0
sh600446,54890,90847,6133
sz300020,29099,31280,3272
sz300465,23039,52937,921
sz300286,0,0,0
sz002714,3418,5704,843
sh601801,0,3381,0
sz300669,0,0,0
sz000782,0,7126,0
sz002415,98296,41847,2931
sz002473,0,0,0
sz002644,0,0,0
sz300327,3023,12247,0
sz300717,0,0,0
sz300387,0,665,0
sz000600,5003,7663,0
sz002706,0,0,0
sz002369,164725,481602,11181
sz000662,1096,0,0
sh600269,5431,6642,0
sz002087,1956,0,0
sz002921,3947,3143,811
sh603123,4640,0,0
sh600673,21490,15526,3441
sz300440,0,0,0
sz300647,0,0,0
sh603080,0,0,0
sh600080,0,0,0
sh600362,75443,90540,3027
sz002459,0,1000,0
sz300131,0,0,0
sh601677,0,0,0
sz300480,3671,0,0
sh603085,3951,979,0
sh601158,0,1600,0
sz002675,0,0,0
sh600756,2589,1100,0
sz000797,15650,3562,0
sz002364,0,0,0
sh600083,0,0,0
sh601028,2806,6721,0
sz002228,0,0,0
sh601398,743894,613902,0
sz002216,2275,0,0
sh603316,0,0,0
sh601108,116769,93707,12698
sz000595,0,0,0
sz300381,0,0,0
sh600103,0,2558,0
sh603333,2000,0,0
sz300094,0,6021,0
sz300001,770,0,0
sz002818,0,0,0
sh600422,0,1350,0
sz002073,0,1282,0
sh600801,35404,43449,1623
sz002044,2046,4081,0
sz000753,0,0,0
sz000935,84899,89239,2363
sz002028,0,2730,0
sh600312,2643,2777,0
sh600148,0,0,0
sz300428,640,0,0
sz300201,0,1537,0
sh603179,0,0,0
sh600620,0,0,0
sz300271,0,0,0
sh600266,4739,0,0
sz000888,0,2088,0
sz002516,0,0,0
sz300176,245,773,0
sh600571,38604,45144,4159
sz300273,0,1200,0
sh603335,0,0,0
sh603727,0,433,0
sh600479,0,0,0
sz300401,4164,7814,0
sh600010,145981,110455,0
sz002289,44772,27724,989
sz002635,3118,9404,1080
sh600170,3004,51001,0
sh600229,0,0,0
sh600624,0,0,0
sh603169,6322,1161,0
sh603538,0,0,0
sz300571,581,0,0
sh603110,0,912,0
sz002789,500,0,0
sh600199,2035,1924,0
sh600196,74020,30563,5960
sh600609,1520,0,0
sz300483,252,1215,256
sh601019,1717,0,0
sz002667,0,0,0
sh603289,1278,1769,0
sz300436,0,0,0
sh600824,0,0,0
sh600175,11449,16624,0
sz000953,0,0,0
sh600962,0,0,0
sh600456,1000,1985,0
sz300443,0,0,0
sh600536,1203,6419,0
sz002446,1324,0,0
sz002728,0,0,0
sh603721,870,0,0
sz300244,0,1046,0
sz002765,0,0,0
sz300264,0,0,0
sz002410,499,944,0
sz002661,0,0,0
sz002213,0,0,0
sz002114,591,5742,0
sz300147,0,0,0
sz000803,0,0,0
sz300636,0,0,0
sz002800,0,0,0
sh600594,1182,2720,0
sh600202,3694,0,0
sz300148,1969,0,0
sz002255,0,0,0
sz300106,0,0,0
sh600389,0,800,0
sh600172,6880,6008,0
sz300470,2987,0,0
sh603018,0,0,0
sz002192,0,534,0
sz002584,6398,7285,0
sz000881,0,0,0
sz002384,2436,1821,408
sh600844,2000,1800,0
sz002198,0,0,0
sh600647,0,0,0
sh603607,328,618,268
sz002240,8222,1000,0
sz300053,2726,9996,0
sz002913,799,0,0
sz002329,0,0,0
sz300450,1432,733,0
sh600171,16255,35553,0
sz300442,0,0,0
sz002076,0,0,0
sz300380,0,0,0
sh600480,0,0,0
sz300572,0,234,0
sz002591,1684,0,0
sh603789,0,0,0
sh600149,0,0,0
sh600897,0,0,0
sz300285,0,0,0
sz300258,0,0,0
sh603856,2111,2351,0
sz000005,3224,0,0
sz002544,0,0,0
sh600241,0,0,0
sh600556,0,0,0
sz300607,0,0,0
sz300663,29024,14870,2812
sz002338,0,0,0
sz000639,800,0,0
sz000835,1555,0,0
sh603203,0,0,0
sz300400,800,0,0
sz002417,0,0,0
sz000026,0,0,0
sz000796,0,0,0
sz002865,0,1000,0
sz002779,478,1255,0
sh600082,0,0,0
sz300208,0,0,0
sz300364,9559,1230,0
sz000682,0,0,0
sz002391,0,0,0
sz002414,0,640,0
sz002511,1714,3114,0
sz000096,0,0,0
sh601882,0,2922,0
sz002480,7788,3708,0
sz300415,0,1087,0
sh600963,5450,4485,0
sz002859,346,387,0
sz002868,0,0,0
sz002341,2517,2948,0
sz002771,0,0,0
sz002692,0,0,0
sz000631,12877,18299,0
sz002589,1631,2831,0
sh601500,0,0,0
sz002169,0,2341,0
sz002444,0,3125,0
sz002194,4193,7148,0
sh600603,0,0,0
sz002435,0,0,0
sz000990,704,1901,0
sz000513,16907,7218,1214
sh600507,41006,40500,9331
sz300161,0,1338,0
sh600595,6119,59765,0
sz002167,0,3560,0
sz000709,178334,104237,0
sz002620,0,0,0
sh600675,6149,0,0
sz000727,4622,50621,0
sz000572,2590,5828,0
sh603901,0,0,0
sh600197,2557,2833,0
sh603199,0,0,0
sz002583,10270,33428,634
sh600469,0,0,0
sz002367,0,1193,0
sz000887,2051,5654,0
sh600999,7768,10081,0
sz300064,7820,7982,0
sh600725,0,0,0
sz300041,0,0,0
sh603612,1323,1409,0
sz002749,0,0,0
sh600267,669,5650,0
sh600012,0,934,0
sz002713,0,549,0
sz002812,440,515,0
sz000018,2000,5352,0
sz300376,0,0,0
sz300587,0,0,0
sh600133,14675,12833,0
sz300683,0,0,0
sh600298,2078,4652,0
sh600106,0,5518,0
sz002150,0,0,0
sz300074,0,1200,0
sz002795,0,0,0
sh603929,0,4667,0
sz000620,0,0,0
sz000553,3381,975,0
sh603958,0,0,0
sz000725,3151343,3090907,0
sh600552,0,3650,0
sz300569,586,0,0
sh600458,0,1000,0
sh600159,47437,145917,0
sz002295,0,841,0
sz002221,26217,48461,0
sh600621,8252,2322,0
sh600880,0,0,0
sh600868,6974,29365,0
sh603131,0,0,0
sz300566,287,330,0
sh601377,16616,18542,0
sz002557,0,0,0
sh603127,0,0,0
sz300588,0,0,0
sh600888,9657,16155,0
sh603041,0,0,0
sz300366,0,0,0
sz002089,0,0,0
sz002489,0,0,0
sz002149,0,0,0
sh600527,3000,0,0
sz002379,0,24664,0
sh600816,2153,4977,0
sh600448,2211,0,0
sh600795,51706,62003,0
sz000960,17846,8971,0
sh600353,67995,33790,1533
sh600585,186156,136406,15486
sh600887,109539,118689,4922
sz002663,45791,56604,0
sz002237,36417,11162,0
sh600097,0,0,0
sh603421,0,0,0
sz300462,4495,3033,0
sh600283,0,0,0
sh600079,0,3949,0
sz300701,266,0,0
sz000721,0,0,0
sz300402,0,0,0
sz300043,15137,5889,1517
sz300695,0,0,0
sh603589,1520,700,0
sz002491,0,0,0
sh600132,0,2465,0
sz000738,0,880,0
sz000958,0,0,0
sz000719,0,0,0
sz300150,0,0,0
sh600747,0,0,0
sz300453,0,2170,0
sh600682,14829,6289,0
sz002353,4608,762,0
sz300221,8959,2088,1369
sz002629,0,0,0
sh601992,124859,68944,1743
sz300398,0,620,0
sh600891,0,0,0
sh600246,55129,218275,2119
sz002880,0,0,0
sh603223,0,500,0
sh600161,0,7812,0
sz300545,0,260,0
sz002175,3156,13158,0
sh600207,0,3041,0
sz000036,20116,43313,0
sz300609,0,354,0
sh600405,0,0,0
sz000530,0,0,0
sz000801,0,2272,0
sh603003,0,0,0
sz000069,138215,67599,2560
sz000568,18812,9113,206
sh603917,790,808,0
sz002181,0,3000,0
sh601118,5664,19310,0
sh603977,0,0,0
sh601919,22642,50608,0
sz300232,850,940,0
sz000902,0,3589,0
sh603006,0,0,0
sz000829,0,1165,0
sh600369,20487,25084,0
sz000921,6064,4736,0
sz002660,0,3262,0
sz300575,0,0,0
sz000078,9933,5781,0
sh600775,2400,1962,0
sh603078,0,0,0
sh600681,0,2020,0
sh603817,0,0,0
sz000151,0,0,0
sz002343,307,330,0
sz000584,0,989,0
sh600530,8130,21184,0
sz300237,0,0,0
sh603367,33454,27305,11745
sz000799,1185,3268,0
sh603377,663,678,0
sh600717,0,4964,0
sz002782,0,0,0
sz002172,0,0,0
sz002700,0,0,0
sh601968,2068,0,0
sz002283,0,2056,0
sz002772,0,0,0
sh603000,0,1231,0
sz000906,0,0,0
sz000851,0,6849,0
sh600665,12117,0,0
sz000521,0,2164,0
sz300528,0,0,0
sh603527,0,533,0
sz300620,0,0,0
sz300468,6987,7337,2539
sz000830,56144,85420,10477
sz000908,0,0,0
sz300657,0,244,0
sz002121,0,0,0
sh603305,0,300,0
sz300166,8127,13602,0
sh603899,0,0,0
sz300496,1690,8680,0
sz000687,0,999,0
sz000876,8839,13159,0
sz300246,0,0,0
sz002841,170,0,0
sz000927,45615,9840,0
sz002532,0,0,0
sz000426,6493,10690,0
sh600708,16207,14314,0
sh603060,0,0,0
sz300613,183,1205,66
sh601288,1092302,1151943,0
sz002069,0,0,0
sh600547,76486,35762,2366
sz000665,0,0,0
sh600505,0,0,0
sh600191,0,1700,0
sz002128,16891,35089,6068
sz002389,1119,9395,0
sh600691,8860,50456,0
sh603801,0,0,0
sz002450,21420,30699,0
sh603900,0,0,0
sh603133,0,0,0
sz000920,0,0,0
sz002392,0,0,0
sz002556,0,1858,0
sz300640,0,0,0
sz002762,0,0,0
sh600251,0,4602,0
sh600743,248962,114077,2772
sz002110,91443,58054,5858
sz300707,0,0,0
sz300471,0,0,0
sz000811,0,2500,0
sz002441,0,0,0
sh603809,361,628,337
sz000608,3910,3517,0
sh603858,562,1759,0
sh600715,71298,42088,13009
sz002558,297,2894,459
sz002229,9307,4161,0
sh600532,0,0,0
sh601616,0,0,0
sh600100,21308,46377,3218
sz002049,18393,42145,2811
sz000040,2631,0,0
sh603686,0,835,0
sz002197,845,10229,0
sh600678,938,0,0
sz300476,645,1210,0
sh600926,3931,5226,0
sh603970,732,1561,0
sh603159,478,0,0
sz300308,182,163,0
sh600021,0,4433,0
sz300345,0,0,0
sh603887,0,0,0
sz300490,0,0,0
sh603882,0,450,0
sh603029,0,0,0
sh600126,3565,0,0
sz300670,0,0,0
sh600629,0,0,0
sz002374,0,0,0
sh600491,5563,5077,0
sz300169,0,0,0
sh600589,0,0,0
sh600073,0,4000,0
sz300253,3032,12709,0
sz300204,0,0,0
sh600996,0,0,0
sz000999,549,2655,0
sh600396,11441,0,0
sz002883,1629,802,0
sz002159,0,807,0
sh600319,12570,1389,0
sh601599,1600,0,0
sz300347,0,470,0
sh603798,0,0,0
sz002182,0,11534,0
sz000050,8139,21652,0
sh601985,25332,24446,0
sh603898,1806,800,0
sz300046,0,1299,0
sz002641,0,0,0
sz300178,2515,839,0
sh603878,0,0,0
sh600385,0,2863,0
sh600163,0,3048,0
sh601558,34007,0,0
sh603222,0,0,0
sz300265,0,0,0
sz002259,6000,3726,0
sh601717,1658,12919,0
sh603825,0,0,0
sh600755,25220,19660,0
sz001696,0,0,0
sz002322,611,0,0
sh603178,0,0,0
sz300431,68449,53755,15169
sh600838,0,0,0
sh603636,0,0,0
sh600509,3480,0,0
sh600292,0,0,0
sz300252,806,720,0
sh601996,0,0,0
sh603617,3726,401,0
sz002526,7383,0,0
sz300593,0,494,0
sz300181,1889,5070,0
sh600201,5397,5749,0
sz002555,7695,5057,0
sh600557,0,0,0
sz002538,0,5317,0
sz002821,791,1495,0
sh601727,0,4329,0
sz000838,40915,76405,1946
sh600533,19398,4538,0
sh603855,0,0,0
sz300374,0,0,0
sh603683,5056,7723,0
sz300112,0,0,0
sh600637,0,4519,0
sz300215,0,0,0
sz002058,0,0,0
sz300300,0,0,0
sz002742,20791,2366,0
sh600736,0,0,0
sh603519,0,0,0
sz300047,0,0,0
sh603630,0,0,0
sh603767,0,0,0
sz000612,1451,0,0
sz002442,0,0,0
sz300414,0,0,0
sz300004,0,0,0
sh600459,9069,466,0
sh600031,212518,293956,2141
sz000880,0,0,0
sh603966,0,0,0
sz300665,0,0,0
sz002761,0,0,0
sz000822,0,18651,0
sh600577,6500,0,0
sh603803,0,0,0
sh603339,0,757,0
sz002409,1403,0,0
sh600760,107377,98227,10738
sz002793,0,0,0
sh603298,0,0,0
sz300710,0,0,0
sh603300,0,0,0
sz002666,33976,0,0
sh603799,12989,21110,1528
sz002908,38406,43780,4739
sh603036,0,0,0
sz002405,40551,86955,2231
sz300293,0,0,0
sz300501,0,0,0
sh600222,0,0,0
sz002468,0,917,500
sh600737,0,0,0
sz002434,0,1961,0
sh600048,394211,408939,16262
sz000922,0,0,0
sh600720,15260,33192,3623
sz002394,1500,0,0
sh603337,0,500,0
sh600230,6223,4967,0
sz000926,43828,79924,10986
sz300211,0,0,0
sh600501,0,1001,0
sh603608,0,0,0
sz000062,0,0,0
sz300676,3037,1958,691
sz300298,0,500,0
sh603991,0,0,0
sh600555,0,0,0
sz300125,0,0,0
sz000969,2510,7984,0
sh600705,7417,34581,0
sz300034,0,0,0
sh603963,0,314,0
sz000975,40688,9804,0
sz000911,0,0,0
sz300481,500,0,0
sz002330,0,0,0
sz000785,43917,30886,908
sz000157,4006,32077,0
sz300511,0,0,0
sz000918,2715,5466,0
sh600386,0,0,0
sz002271,1108,5747,0
sz002437,0,10000,0
sh600107,0,953,0
sz002426,0,0,0
sh600985,0,2641,0
sz000027,0,7000,0
sz002424,2483,0,0
sz300189,0,3000,0
sz001965,5171,18350,0
sz002422,2248,4467,0
sz002510,7454,2530,2525
sh600611,0,3873,0
sz002681,0,3541,0
sz002346,0,1112,0
sh600096,0,0,0
sz300044,0,2440,0
sz002701,0,2826,0
sh600067,28753,4844,0
sh600235,0,0,0
sz002846,0,0,0
sz002074,18856,10425,511
sh603566,0,0,0
sz300562,702,0,0
sz002690,0,762,0
sh600581,38246,44971,9320
sz300586,0,0,0
sz000400,0,2032,0
sh600200,0,5320,0
sh600475,0,0,0
sz002632,0,3303,0
sz300610,0,0,0
sz300193,0,0,0
sh600987,1954,1099,0
sz000729,0,7552,0
sz300274,5398,7582,0
sh600684,30881,32570,0
sh600873,2215,15425,0
sh600104,20545,30985,1502
sz002321,60024,32494,7701
sz300568,0,400,0
sz000791,0,6075,0
sh600155,1040,3535,0
sh600290,7962,0,0
sz300030,0,0,0
sz002672,661,5656,0
sh600702,25150,16283,2007
sz002111,0,837,0
sz002564,0,0,0
sh600791,12646,29635,1554
sh603336,0,0,0
sh600401,0,0,0
sh600130,2890,2244,0
sz002107,0,0,0
sh600078,0,0,0
sh600569,435629,497021,9849
sz300242,0,0,0
sz000681,17688,20793,1785
sh600340,154748,161750,10671
sh600521,7178,3540,0
sz002371,4027,8767,729
sh603996,1567,562,0
sh600335,1003,0,0
sh603165,0,200,0
sz000702,0,0,0
sz002204,2554,0,0
sh603005,0,1389,0
sz000410,3720,3894,0
sz000099,0,0,0
sz002502,0,4357,0
sz300311,0,918,0
sz300098,3785,7150,0
sh601098,3984,0,0
sz300391,0,0,0
sz300340,633,1503,0
sz002691,0,0,0
sz002518,0,1350,0
sz002365,3747,607,0
sh603896,250,343,0
sz300321,0,0,0
sz002825,0,0,0
sz300315,129927,96428,1873
sz000403,0,0,0
sh600423,0,0,0
sh601107,0,0,0
sh601999,0,0,0
sz300115,3924,10205,813
sh601888,3893,4325,0
sz000783,3677,24616,0
sh603615,0,0,0
sz300344,0,0,0
sh600751,0,0,0
sz300198,76983,27009,0
sz300026,0,8371,0
sz300460,0,0,0
sh600889,0,0,0
sh600513,0,0,0
sz000903,3668,15120,0
sz300632,0,0,0
sz300715,0,0,0
sz002318,0,0,0
sz002430,1818,2726,0
sz000587,65171,15171,0
sz300367,8787,15953,0
sz000677,0,0,0
sz002493,7161,5782,0
sh601858,0,0,0
sz002567,0,1564,0
sz000670,0,1791,0
sz300257,0,0,0
sz002066,0,1000,0
sz002889,0,839,0
sz300639,551,703,0
sz000651,345737,218637,24384
sh600770,1424,0,0
sz002376,10789,0,0
sz300072,3835,6981,0
sz300487,0,0,0
sz300708,2141,3657,1700
sz002909,2125,1185,592
sz002698,0,0,0
sz300050,0,0,0
sz300165,0,0,0
sz002054,0,709,0
sh600022,235944,153746,0
sz300223,0,3456,0
sz002852,0,0,0
sz300630,615,150,0
sz300555,0,0,0
sh600387,969,0,0
sh600875,37000,13274,1056
sh600712,0,0,0
sz000723,5516,7936,0
sz300288,0,413,0
sz300690,0,0,0
sz000667,104260,105194,0
sz300036,0,1536,0
sz000895,3339,2884,0
sz300627,0,0,0
sz002243,0,0,0
sh600377,0,0,0
sh600089,46289,97482,0
sz002737,471,0,0
sh600522,32869,82631,0
sz002104,19196,31494,0
sz300182,1259,6207,0
sz002515,0,2660,0
sz300626,0,0,0
sz300070,18554,56046,0
sz300596,0,0,0
sh600255,0,7423,0
sz002539,0,0,0
sz002105,0,0,0
sz002400,0,6776,0
sz002472,0,0,0
sz002840,7705,2541,0
sh603819,0,0,0
sh600231,56920,44228,0
sz300625,0,0,0
sh603009,0,3634,0
sz000606,0,0,0
sz002552,3881,1419,0
sz300457,0,0,0
sh600506,0,0,0
sz002326,0,0,0
sz002071,0,0,0
sz002101,496,0,0
sh603180,0,606,0
sh600638,1002,0,0
sz300209,0,0,0
sh600833,722,1707,0
sh600379,2000,0,0
sz300016,0,1133,0
sz002349,0,0,0
sh600719,0,0,0
sz002464,8879,2108,0
sh600679,0,0,0
sz000544,0,0,0
sh600854,0,2000,0
sh600742,6682,2681,0
sz000507,20038,3856,1029
sh603311,0,0,0
sh600367,0,0,0
sh600483,0,0,0
sh600066,20363,8759,0
sz002390,1830,1260,0
sh603313,0,2015,0
sz002052,0,2013,0
sz300729,327,320,0
sz002568,0,0,0
sh603533,7325,4261,969
sh600796,0,0,0
sz002042,0,0,0
sz002705,0,1000,0
sz002471,0,0,0
sz300711,18406,15862,3480
sz000673,26335,4149,0
sh600835,3683,2884,0
sh600101,1178,0,0
sz300637,0,0,0
sh603167,2952,1864,0
sz002884,0,0,0
sz300515,0,0,0
sh600219,82361,172605,0
sz002643,1909,0,0
sh601008,0,0,0
sz002350,0,0,0
sz002535,0,0,0
sh600663,2087,1370,0
sz000962,1364,0,0
sz300234,0,0,0
sh603076,0,3608,0
sz002886,0,0,0
sh603161,6696,30981,2176
sz000913,0,0,0
sz000301,0,0,0
sz002151,10914,23803,515
sh600322,4994,4308,0
sh600420,0,0,0
sz002362,998,7068,0
sz300123,0,0,0
sz300423,0,0,0
sh600056,1120,13742,0
sz000949,0,0,0
sh600741,11825,8416,0
sh600262,0,0,0
sz002561,0,0,0
sz000795,0,1816,0
sz300283,0,4000,0
sz300600,0,0,0
sh600391,0,670,0
sz002634,0,0,0
sz300121,1000,745,0
sh600676,0,0,0
sz002729,0,0,0
sz300139,0,0,0
sz000978,0,0,0
sh600256,44851,130132,0
sz002598,0,0,0
sz002057,0,0,0
sh600105,0,0,0
sz300164,0,0,0
sh603111,0,5604,0
sh603679,0,0,0
sz002656,564,0,0
sz000417,1467,0,0
sz002092,34352,53014,718
sz300206,0,0,0
sz002408,1341,14473,0
sz300335,1989,4335,0
sh600903,156703,135570,40949
sz300621,0,500,0
sh603678,397,524,0
sz300245,0,0,0
sz300009,4783,4037,0
sz000559,3890,1163,1273
sh600218,0,0,0
sz300136,28083,38602,4430
sz002554,2019,0,0
sh603322,255,0,0
sh601700,0,0,0
sz002917,1701,1976,1491
sz300553,0,0,0
sz002180,500,0,0
sh600000,33466,38707,0
sz300276,0,0,0
sz002336,0,0,0
