sz000977,192486,111347,17339
sh600075,0,1761,0
sz000717,28829,58298,1574
sz300343,9442,686,0
sz300509,0,0,0
sz000008,1602,3368,0
sh600819,0,0,0
sz300222,5204,3067,0
sh600115,69101,74610,0
sh603777,0,0,0
sz002478,0,0,0
sz002080,2652,1014,0
sh600814,0,0,0
sz300534,1664,0,0
sz000852,0,0,0
sz002492,0,0,0
sh600216,49404,30201,0
sh600834,0,0,0
sz300100,0,0,0
sz000972,0,0,0
sz002193,0,0,0
sz000518,0,2000,0
sz002927,27798,42352,6807
sz000043,0,0,0
sz002296,0,0,0
sh600463,0,0,0
sz300499,0,0,0
sz000590,0,0,0
sh603223,0,0,0
sz000723,1718,17809,0
sz000985,0,0,0
sh603081,0,0,0
sh603203,0,0,0
sh603063,0,0,0
sh603043,0,0,0
sz300397,1791,2293,0
sz002782,0,0,0
sh600629,0,0,0
sz300194,0,2007,0
sz300297,1358,1113,0
sz300169,0,0,0
sz000021,24068,6118,0
sh603196,0,0,0
sh600521,401,1309,0
sz002337,0,0,0
sz300581,1452,426,0
sz300219,0,0,0
sz002295,0,0,0
sz300082,0,0,0
sh603116,0,0,0
sh601177,0,0,0
sz000040,2607,0,0
sz300672,678,447,0
sz000833,0,0,0
sz300068,1000,2010,0
sz000875,3931,4000,0
sh600867,1076,7767,0
sz002758,0,0,0
sz300532,432,1093,0
sz002108,2792,2589,0
sz300124,5852,6854,0
sh600532,0,1237,0
sh600262,0,0,0
sh603136,0,0,0
sz300347,315,362,0
sh600603,0,0,0
sz002910,668,0,0
sz002515,0,2910,0
sz002909,0,0,0
sz002310,4498,8834,0
sh603088,0,540,0
sz300395,0,0,0
sz002871,0,0,0
sh601005,4160,23925,0
sz000524,0,0,0
sz000762,0,3977,0
sz002555,4026,3436,0
sz300367,42735,53906,2439
sh600687,0,1042,0
sz000983,12409,18232,0
sz300373,905,405,0
sz300513,0,0,0
sz002056,3296,3484,0
sz300352,6295,5139,0
sz002343,1761,2715,0
sh603299,0,0,0
sz000980,0,0,0
sz002084,0,0,0
sh603861,0,0,0
sz300298,1015,636,0
sh601336,10758,9853,265
sz002576,0,0,0
sz002902,0,0,0
sh603819,0,0,0
sh600559,0,669,0
sh600511,678,0,0
sz002159,607,1000,0
sz300239,0,0,0
sh603607,0,0,0
sz000676,0,0,0
sz000906,0,0,0
sh600787,23138,20712,0
sz002750,0,0,0
sz300346,0,0,0
sh600693,9522,1780,0
sz002582,14149,990,0
sz300354,0,0,0
sz300456,0,400,0
sh600477,1278,0,0
sz002100,0,0,0
sz000656,4918,8150,0
sz002282,0,0,0
sz002722,0,0,0
sh603993,1658670,1198745,58597
sh601003,7959,22196,0
sz000966,0,0,0
sz002886,0,0,0
sh603517,0,0,0
sz002581,0,979,0
sz002239,0,11594,0
sh600617,0,0,0
sz002473,0,1300,0
sz000096,0,0,0
sz002700,0,0,0
sh601258,17116,9481,0
sz300687,201,447,0
sh603839,0,0,0
sz002751,800,0,0
sz300427,0,2516,0
sz000725,1038830,1092706,0
sh603768,0,0,0
sh603090,0,0,0
sh600300,3059,0,0
sh600190,0,0,0
sz300025,0,0,0
sz300540,0,0,0
sz300344,0,0,0
sz000885,0,1592,0
sz000928,2578,0,0
sz300108,0,0,0
sh600871,0,26345,0
sz002174,4907,5725,1469
sh601113,0,0,0
sz300140,3128,0,0
sz300570,0,0,0
sz002828,0,0,0
sz000009,4869,10480,0
sz002165,0,0,0
sz000881,976,0,0
sh603158,0,0,0
sz000501,0,0,0
sz000017,0,0,0
sz300349,283,0,0
sz000018,0,0,0
sz300498,1796,14920,0
sh600983,0,0,0
sz000066,59939,35787,0
sz300232,13374,3631,0
sz002673,8947,2242,0
sh600551,0,0,0
sz300476,14998,13917,1555
sh600403,0,0,0
sh600275,0,2750,0
sz300087,0,0,0
sz300226,5751,10121,1254
sz002826,0,0,0
sh600319,0,0,0
sz000608,0,0,0
sz300141,2739,0,0
sz002208,19453,36483,0
sh603028,0,0,0
sh603002,0,0,0
sz300045,0,0,0
sz002664,585,946,0
sz002849,0,0,0
sh603909,0,0,0
sz000010,0,0,0
sz300660,0,0,0
sz002891,0,0,0
sz000661,457,1628,0
sh600571,1419,0,0
sz300565,0,0,0
sz002178,4867,11840,0
sh600449,2025,2025,0
sz002817,0,0,0
sh600130,13068,3546,0
sz002141,0,0,0
sh601965,4897,6341,0
sh603616,9703,14403,0
sh600970,1559,20904,0
sz300008,8218,8300,0
sz002594,31434,20794,3260
sz300027,21904,24410,0
sh603056,6998,11247,1292
sz000090,0,0,0
sz002154,0,0,0
sz002011,0,0,0
sz000036,3504,18553,0
sz300489,0,0,0
sz300647,0,0,0
sz002825,0,0,0
sz300122,6169,3346,0
sh600160,97985,102515,5934
sz300740,13671,5034,958
sh603059,0,0,0
sz002777,0,0,0
sz002900,0,0,0
sh601616,0,0,0
sh601699,79139,146812,2701
sh603086,0,0,0
sz002432,0,0,0
sh603900,0,0,0
sz300683,0,0,0
sz300110,63680,81086,0
sh603969,2043,7480,0
sz002494,0,0,0
sz002775,0,0,0
sz002400,0,2388,0
sz000877,1219,9879,0
sz002511,1824,1657,0
sz002412,0,0,0
sh603019,100771,70552,17224
sh600409,7912,23029,0
sh600112,16404,15273,0
sh600260,42592,21168,2154
sh600250,0,0,0
sh600025,24457,73589,0
sz002800,0,0,0
sh601231,3092,5026,0
sz002549,9843,11530,0
sz002548,0,0,0
sz002728,0,0,0
sh600588,165090,120091,14325
sh600563,0,0,0
sz002499,0,6279,0
sh600858,0,0,0
sh600073,1437,0,0
sh600235,0,0,0
sz002016,13089,35969,1025
sz002299,1008,0,0
sh600120,10507,11600,0
sh600939,0,0,0
sh601968,0,0,0
sh601998,20561,40485,0
sz300536,1275,0,0
sh600210,44764,16964,0
sz002836,0,0,0
sz002766,906,0,0
sh603368,950,0,0
sh600118,10205,7938,607
sh600207,16968,105294,0
sz300203,1222,1972,0
sh600271,12492,16037,501
sz002833,0,0,0
sh600178,0,0,0
sh601678,41618,101472,0
sh600714,0,0,0
sz000650,0,0,0
sz300126,0,0,0
sz300627,0,587,0
sz002434,0,5542,0
sh603218,0,0,0
sh601718,2544,8051,0
sz002687,0,0,0
sz300037,2104,855,0
sz300648,0,0,0
sh600986,3774,0,0
sh600332,3019,2459,0
sz300559,257,0,0
sh600612,0,0,0
sh600192,0,0,0
sz002716,627,723,0
sh603655,900,0,0
sz300294,0,0,0
sz001979,59658,69836,2708
sz002184,23030,6244,0
sz300130,0,551,0
sh603258,0,0,0
sz002713,0,2345,0
sz300375,0,0,0
sh600861,0,0,0
sz002505,0,0,0
sz000032,0,0,0
sz000760,0,0,0
sz002608,0,0,0
sz000965,0,0,0
sz002294,2662,301,0
sz300500,0,0,0
sh600336,0,0,0
sz300612,6547,11796,278
sz300402,0,0,0
sz000004,0,0,0
sh600416,4212,6982,0
sh601882,1306,0,0
sz002120,0,259,0
sz300526,4442,9299,0
sz300254,0,0,0
sh600217,3023,2174,0
sz002277,2225,0,0
sz000671,27045,32914,2667
sh600201,0,791,0
sz300052,1565,0,0
sh600537,0,0,0
sz002711,0,1795,0
sh600822,3046,2167,0
sh601238,1020,1078,0
sz300324,4305,2657,0
sh603337,0,722,0
sz002789,650,1735,0
sz002636,8047,0,0
sz002110,21782,59112,898
sz000659,0,10970,0
sz002203,1432,0,0
sh603117,0,1310,0
sh601600,1012804,1046373,4255
sh600580,1404,0,0
sh603877,0,0,0
sz002245,6900,0,0
sz000014,0,0,0
sh600683,0,0,0
sh600168,0,0,0
sz000679,0,0,0
sh600313,0,4032,0
sh600483,0,2200,0
sz000630,35686,65643,0
sz002305,0,0,0
sz002925,23480,17480,2338
sh603589,0,0,0
sh600790,0,0,0
sh600486,0,0,0
sh600592,0,0,0
sh603377,500,0,0
sz000635,0,0,0
sz002089,24735,2007,0
sz300644,2020,979,0
sz300310,4201,7931,1035
sh603779,700,0,0
sz300429,0,1033,0
sz002568,0,0,0
sh600329,0,0,0
sz002690,0,0,0
sz000997,6836,4686,0
sh600461,0,0,0
sh600908,2000,10292,0
sh603882,0,0,0
sh600843,1100,0,0
sh600601,0,0,0
sz002036,1993,0,0
sz000990,0,0,0
sz002297,5029,6578,0
sz002019,13747,4524,0
sz300024,10805,11421,3794
sz002579,0,0,0
sh600652,2000,0,0
sz002274,0,0,0
sz002567,1961,2000,0
sh600278,0,0,0
sz002628,0,1713,0
sh603331,0,0,0
sh600219,35941,138089,0
sh600302,0,0,0
sh600297,4438,0,0
sh600016,111977,109148,0
sz300538,0,0,0
sz002521,0,0,0
sh603888,1426,2345,0
sh600624,0,0,0
sz002027,24873,19587,0
sh600823,0,16334,0
sz000721,0,0,0
sh603556,0,0,0
sh600429,0,0,0
sz300567,557,222,0
sz000691,0,0,0
sz300396,0,0,0
sh603767,0,0,0
sh603963,0,0,0
sz300610,0,0,0
sh600984,0,0,0
sz002315,0,0,0
sz300590,0,468,0
sh601801,16348,4087,0
sz002063,8074,14306,0
sz002855,0,0,0
sh601222,1300,9534,0
sz002311,0,1011,0
sz002495,0,0,0
sh600615,0,0,0
sz300039,2125,2671,0
sh600281,0,0,0
sz300117,0,0,0
sh603283,2774,2746,0
sz002266,7388,0,0
sh600311,0,0,0
sh600298,725,3245,0
sh600308,1876,6739,0
sz002896,500,0,0
sz300318,0,0,0
sz000573,0,0,0
sh603488,1357,2069,0
sz002222,3666,1985,0
sh603608,0,0,0
sz002070,0,0,0
sz300477,4496,24004,832
sh600975,0,0,0
sh600633,938,4790,0
sz002591,0,0,0
sh600821,0,0,0
sz002355,0,0,0
sz300115,26188,16014,0
sz300369,2312,3703,0
sz300234,0,0,0
sh600577,469838,881783,18827
sh603918,0,0,0
sz002114,2937,1610,0
sz002043,4240,0,0
sz300109,0,998,0
sz300168,41093,23844,0
sh603133,0,0,0
sh600997,2266,2073,0
sz300377,15456,10135,2438
sh600037,30108,41288,3635
sz002602,5076,0,0
sh600742,746,611,0
sh603633,0,0,0
sz002091,0,1538,0
sz002480,1600,1503,0
sh600113,0,0,0
sz002637,0,0,0
sz000680,0,0,0
sz002563,0,1088,0
sz002869,0,0,0
sh600547,20022,14043,0
sz002866,0,0,0
sh603628,0,0,0
sh603828,0,0,0
sz002565,0,0,0
sz300357,0,0,0
sz002612,1253,0,0
sh600098,0,0,0
sz002448,0,0,0
sh603716,0,0,0
sz002760,726,0,0
sh603871,0,242,0
sz002642,1971,4839,0
sz002513,0,0,0
sz002291,0,0,0
sh600215,0,0,0
sz300043,3371,0,0
sz002740,0,0,0
sh600560,0,5000,0
sh600385,0,4144,0
sz002496,26986,2193,0
sz002482,0,0,0
sz300620,0,0,0
sz000863,0,0,0
sz002002,1667,5972,0
sz002883,0,0,0
sz000611,0,0,0
sh601858,0,0,0
sz002651,8485,2223,0
sz300584,0,0,0
sh601375,0,4200,0
sh603126,0.0,0.0,0.0
sh600159,0,0,0
sz000918,0,0,0
sh600872,0,0,0
sh601390,21316,13966,0
sh600909,0,4138,0
sh600153,0,8420,0
sz002731,0,0,0
sz002616,0,0,0
sz000425,112024,58692,0
sz300250,0,0,0
sh603926,0,0,0
sz001965,0,1000,0
sz002025,2712,2837,0
sz300624,12883,32351,1852
sz002237,0,5307,0
sh600123,0,1940,0
sz300732,181,0,0
sh600667,23496,5757,0
sz000655,0,0,0
sz002062,0,0,0
sh603129,0,0,0
sh603050,0,0,0
sz000825,147595,366325,0
sh600267,800,0,0
sh600462,0,0,0
sz300241,0,626,0
sz002083,0,0,0
sz002363,0,0,0
sh601899,353745,352540,4891
sh600898,1300,1200,0
sz300223,5793,1053,0
sz000498,0,0,0
sh603960,0,0,0
sh601595,0,0,0
sh603228,996,0,0
sz300563,0,0,0
sz300601,4634,402,0
sz300583,0,0,0
sz300470,0,0,0
sz002150,0,0,0
sz002586,0,0,0
sh600000,54708,40334,0
sh600874,4312,7268,0
sz002288,6683,0,0
sz300098,12773,3725,0
sz000807,78070,158096,0
sh600763,1252,726,0
sz300313,0,0,0
sz000700,0,2400,0
sz300692,359,0,0
sz002693,0,0,0
sz002640,27949,5687,0
sh601808,0,1000,0
sz300568,1792,0,0
sz300569,0,0,0
sz000027,0,2474,0
sz300251,36038,42201,3548
sh600135,0,0,0
sz300717,0,0,0
sh600266,0,2381,0
sh600616,0,1548,0
sz002223,1503,3435,0
sz002314,0,0,0
sh601800,0,2453,0
sz002688,0,0,0
sh601158,0,0,0
sz002231,0,0,0
sz300088,39340,57254,0
sz300171,0,0,0
sz300437,1852,0,0
sh603579,0,0,0
sz300719,6702,18463,0
sz300414,0,0,0
sz000856,6721,3625,2529
sz000795,17239,68363,0
sz300155,0,0,0
sh600604,6951,0,0
sh603157,0,0,0
sz002254,5928,1040,0
sz002617,1204,2507,0
sz000597,0,3866,0
sz002433,0,0,0
sz000936,80051,59326,0
sz002818,0,0,0
sz000402,0,7171,0
sh601877,1613,7870,0
sz300535,0,0,0
sz000889,2269,1590,0
sz300101,770,1848,0
sz002195,28374,32472,0
sz300735,5669,4244,0
sh603895,6687,1906,361
sh603289,3688,0,0
sz002383,0,0,0
sh600888,2590,0,0
sz002074,2092,4295,0
sz300418,16713,21831,1699
sz002508,11598,22900,1043
sz002736,1325,1677,0
sh601199,0,0,0
sh600370,16982,10160,0
sh603977,0,0,0
sz000711,0,2000,0
sz300217,0,14215,0
sz002537,5502,2074,0
sh600536,7232,11055,0
sz002606,1247,30774,0
sh600478,0,1801,0
sh603083,4549,7946,245
sz300710,0,350,0
sh600507,122125,188954,21018
sz000987,18588,13799,0
sz002119,0,0,0
sz300533,0,0,0
sh600183,28003,13605,0
sh603356,1642,2570,0
sh603818,0,0,0
sz002626,3478,606,0
sh600785,0,0,0
sz002923,0,1047,0
sz300730,329,0,0
sz000060,14759,37665,0
sz002003,0,0,0
sz002790,0,0,0
sh600531,1762,3577,0
sh600170,6666,15447,0
sz002718,0,0,0
sz000519,3938,16113,0
sz002298,0,0,0
sz002773,1262,0,0
sh600299,1582,0,0
sz002180,384,1707,0
sz000801,7105,28848,2911
sz300085,27639,14871,2411
sz002092,4800,8450,0
sz002481,0,7500,0
sh603799,67018,64491,11509
sz300517,0,0,0
sz300011,3000,0,0
sh603883,0,0,0
sz002756,0,0,0
sh600749,0,0,0
sh600985,777,1837,0
sh603726,0,0,0
sz300131,0,0,0
sz002187,0,0,0
sh603286,0,0,0
sh600743,0,0,0
sh603776,404,922,0
sh601607,0,6811,0
sh600900,15127,9682,0
sz002329,0,0,0
sh600628,0,0,0
sz300607,0,0,0
sz300069,530,0,0
sz002076,2640,21235,0
sh600810,7648,20345,0
sh601012,10656,12568,1076
sz300302,0,2500,0
sh600227,41523,0,0
sh600767,0,0,0
sz002048,1594,5210,0
sz300152,0,10141,0
sh600340,38656,42758,688
sh600647,0,0,0
sz300214,0,0,0
sh600259,1406,326,0
sz000666,0,729,0
sz000045,0,0,0
sz002139,14235,2096,943
sh600186,5020,9818,0
sh603737,0,0,0
sh600468,0,0,0
sz300181,14315,27714,0
sh600583,2508,11668,0
sz002352,885,666,0
sz300435,0,0,0
sh603816,500,683,205
sz000955,6441,0,0
sh603566,0,0,0
sz000818,1060,4674,0
sz300587,0,0,0
sz000975,700,0,0
sz002157,12439,8845,0
sz300323,2014,1529,0
sh600995,0,0,0
sz000831,2778,3069,0
sh600645,11997,3636,0
sz002463,0,4916,0
sz300503,2458,0,0
sh603355,2670,1601,0
sz002021,0,0,0
sh603041,0,0,0
sh603139,0,0,0
sh600202,0,2000,0
sz300015,1381,2218,0
sz002079,8100,2500,0
sz002476,0,0,0
sz300351,0,0,0
sh603939,293,300,0
sh603444,0,0,0
sh600373,1600,1513,0
sz002917,2553,0,0
sh600895,16514,21978,1893
sz300588,0,0,0
sz300227,0,0,0
sh601311,0,0,0
sz300301,0,0,0
sh601101,1324,9796,0
sh600079,0,4953,0
sz000526,0,0,0
sz300449,0,0,0
sz002023,2219,0,0
sz300391,0,0,0
sh601118,13198,8617,0
sz000967,6867,1769,0
sz002325,0,11273,0
sz002475,14693,19785,1011
sz002096,0,0,0
sh603920,0,605,0
sz002136,0,809,0
sh603789,0,0,0
sz300201,0,0,0
sh600881,0,0,0
sh603855,1000,1000,0
sh601002,2466,0,0
sh601288,959708,1460291,0
sh603189,0,0,0
sz300611,0,0,0
sz000958,0,0,0
sz002666,55692,15654,0
sz000599,7224,7318,0
sz002279,7778,6470,0
sh600862,1299,0,0
sh601999,0,0,0
sz002185,28477,34780,0
sz000166,2506,11012,0
sz000822,0,0,0
sz002341,1035,3947,0
sz002802,0,0,0
sh603319,0,0,0
sh600576,0,0,0
sh600644,0,2074,0
sz002284,2974,1766,0
sz002456,36846,33052,505
sh603010,0,0,0
sz300235,0,0,0
sh600466,25452,10799,0
sh600926,0,7980,0
sz002388,0,0,0
sz002510,4908,4656,2542
sh600828,3819,0,0
sz002013,16984,5956,1176
sz300465,69104,43310,3017
sz300265,0,0,0
sz300507,0,0,0
sz300556,0,0,0
sh600405,0,0,0
sz300707,609,0,0
sz000688,13230,11305,0
sz000811,0,0,0
sh600295,0,6161,0
sh600129,0,0,0
sz300665,0,526,0
sz002015,0,0,0
sz002503,0,0,0
sh600593,0,0,0
sh600597,0,798,0
sz000403,0,0,0
sh603879,0,774,0
sz300309,729,1099,0
sh601777,2238,5001,0
sh601908,0,0,0
sz000899,0,0,0
sz002585,0,0,0
sz300461,0,0,0
sz300021,1543,3887,0
sh600686,1715,3065,0
sz000886,26358,12727,1558
sh603268,0,0,0
sz300184,1034,0,0
sz002467,0,0,0
sz002137,0,0,0
sz000028,0,0,0
sz002845,0,0,0
sz300009,10537,9451,677
sh601901,0,0,0
sh603266,0,0,0
sh601919,0,6915,0
sz300673,0,581,0
sz300197,2810,3200,0
sh603030,0,0,0
sz002872,0,0,0
sh603515,264,604,0
sh603880,542,0,0
sh603035,0,0,0
sz300305,0,0,0
sh600287,0,0,0
sz002024,52798,32358,0
sh600705,15861,23257,0
sz002578,0,0,0
sz300523,0,0,0
sz300459,2809,0,0
sh600114,3612,0,0
sz300030,0,0,0
sh600007,0,0,0
sz002247,3179,0,0
sh601798,0,0,0
sz000892,0,0,0
sz000927,0,10000,0
sz000413,1439,14802,0
sz002243,0,0,0
sh603801,311,0,0
sh601811,0,0,0
sh600269,0,0,0
sh600637,2398,7627,0
sh603505,4429,2049,0
sz002528,0,0,0
sh603660,3720,531,0
sz002534,1809,0,0
sz002338,0,0,0
sh600680,0,0,0
sh603233,307,0,0
sz300114,1054,0,0
sz002336,0,982,0
sz002217,6691,6574,0
sh600367,0,0,0
sz300626,0,0,0
sz300054,1162,2051,0
sh600857,0,0,0
sz000726,0,0,0
sz300487,14223,8218,3082
sz002007,5646,2857,0
sz000963,7109,5898,0
sz300180,2989,3426,2300
sh600585,82617,131823,5106
sz002668,9965,9830,2311
sz300135,0,3566,0
sz300713,0,0,0
sz002748,0,0,0
sz002040,0,0,0
sh600618,0,0,0
sz000669,0,0,0
sz300158,0,943,0
sz002771,0,0,0
sz000737,0,0,0
sz002233,984,1689,0
sh600386,0,0,0
sh603003,0,0,0
sh600610,2599,0,0
sh600097,0,0,0
sz002134,0,0,0
sz002755,0,0,0
sh600158,5818,16642,0
sz002705,0,0,0
sz300335,0,0,0
sz002410,7260,3405,0
sz002683,1983,0,0
sz002105,0,0,0
sh600415,0,0,0
sz002094,18329,4180,0
sz002447,14796,10837,0
sh600737,2846,0,0
sz300277,10054,7684,2203
sz300697,537,0,0
sz001896,0,0,0
sz300491,0,0,0
sz300451,13763,10325,525
sh603128,1402,5830,0
sz000836,3145,8229,0
sz000878,4382,4839,0
sz300718,568,0,0
sh600243,0,0,0
sh603809,0,0,0
sz002428,2543,2902,0
sh600132,0,0,0
sz300093,0,2433,0
sz002353,0,0,0
sh600836,0,0,0
sz002261,1920,0,0
sh600639,0,0,0
sz002915,1283,642,0
sh603990,0,0,0
sz300029,0,0,0
sh603098,0,0,0
sz002440,30811,67145,3197
sh600425,0,0,0
sh600936,0,0,0
sz300163,0,0,0
sh600578,0,0,0
sz000030,0,0,0
sh600080,1913,0,0
sh600979,0,0,0
sz002593,0,0,0
sh600475,0,2631,0
sz300483,0,0,0
sz002026,0,0,0
sz300466,0,0,0
sh600030,118082,158705,3919
sh603269,384,0,0
sz002759,0,0,0
sh603106,1211,1934,0
sz300464,0,0,0
sz000690,1973,3138,0
sz000968,0,0,0
sh603937,0,0,0
sz002529,730,0,0
sz002290,0,0,0
sz002816,0,0,0
sz002264,0,0,0
sz300246,1204,800,0
sz300328,0,2615,0
sz300439,0,0,0
sz000837,4164,60125,0
sh600971,2193,8403,0
sz300162,0,0,0
sz300606,0,0,0
sz300426,0,669,0
sh600891,0,0,0
sz002574,0,0,0
sh600361,0,0,0
sh600611,23895,2345,0
sh603578,1485,321,0
sz002522,2000,0,0
sh603881,1993,0,0
sh601169,94195,23883,0
sz300167,0,0,0
sz000668,0,0,0
sh600284,4090,1395,0
sz002742,8454,8661,1054
sh600630,0,0,0
sz002527,0,0,0
sz300353,221775,190594,28870
sh600372,2215,4661,0
sh603989,0,0,0
sz000592,0,3907,0
sh600581,40461,89720,4003
sz002443,0,2004,0
sz002801,0,0,0
sh603188,0,2579,0
sz300077,2991,4354,0
sh600584,55634,22373,2357
sz000809,0,0,0
sz002557,0,0,0
sh600732,0,4053,0
sz000959,2020,0,0
sz002652,0,0,0
sh603630,0,0,0
sh600053,1390,0,0
sz000685,0,1594,0
sz002262,0,1160,0
sz300604,0,0,0
sh603955,0,0,0
sz300061,777,0,0
sz002253,0,0,0
sz300655,0,0,0
sh600100,14555,8258,0
sh603826,1026,0,0
sz300120,0,0,0
sh600346,21159,29215,0
sz002411,663,0,2422
sh600315,307,628,0
sz000917,32620,18362,1472
sh600206,5454,6548,0
sz002117,0,718,0
sh600882,0,0,0
sh600487,14572,22132,802
sz300161,4491,6061,0
sz300482,0,0,0
sh600151,0,0,0
sz300285,0,0,0
sh600182,0,0,0
sh600476,0,0,0
sz002215,0,0,0
sz002703,0,0,0
sh600119,0,0,0
sz300185,0,4623,0
sz000826,381,0,0
sz300671,0,300,0
sz300261,0,0,0
sh600459,0,0,0
sz002717,0,1040,0
sh600310,1974,0,0
sz002129,93664,33404,1489
sh600831,0,1599,0
sz000558,3496,0,0
sz000850,0,0,0
sh600320,0,4000,0
sh600841,0,0,0
sh603878,0,0,0
sz300264,0,0,0
sh603536,0,0,0
sh600980,0,0,0
sh600602,0,0,0
sz002898,0,0,0
sz000682,2497,0,0
sz002348,0,0,0
sz000755,0,0,0
sh600090,0,0,0
sh600352,175925,202951,2905
sz000861,0,0,0
sh600801,1709,3092,0
sz300144,0,0,0
sh600193,0,0,0
sz300229,2011,974,0
sz002719,0,0,0
sz300119,0,1095,0
sz000895,747,2100,0
sh601127,0,0,0
sz300541,0,0,0
sh603665,0,0,0
sz000610,0,0,0
sz300157,5663,13164,0
sh600851,0,0,0
sh600383,39886,56114,1086
sh600590,3000,0,0
sh603707,3591,4574,0
sh600155,0,0,0
sz300245,5095,2399,0
sh600470,0,0,0
sz300270,0,0,0
sz300398,512,0,0
sz300434,0,0,0
sz002374,0,0,0
sh600038,26230,20143,1818
sz300195,0,0,0
sh601618,7751,7772,0
sz300681,0,0,0
sz002903,14162,4857,733
sz000513,165,585,346
sh603058,2524,5380,0
sz002014,0,0,0
sh600333,0,0,0
sz002166,0,0,0
sz300319,0,0,0
sz002380,0,0,0
sz002058,0,0,0
sz002088,0,0,0
sh600317,0,3432,0
sz300631,0,0,0
sh601766,34778,43129,0
sz002078,13485,36722,0
sh600770,6410,6775,0
sz300378,785,3023,0
sh600323,0,0,0
sz002196,0,3622,0
sz300473,250,0,0
sz300458,525,546,0
sz002776,0,0,0
sh603595,580,2001,0
sz300658,0,0,0
sh600328,0,4861,0
sh601988,312787,369327,0
sz002140,2737,2200,0
sz000908,0,0,0
sz300580,0,0,0
sh600230,2932,8396,438
sz002912,612,207,0
sz002430,0,1115,0
sz300453,0,0,0
sh600107,0,0,0
sz002600,45318,15278,0
sz300548,0,0,0
sh600435,4508,6986,0
sh600420,0,0,0
sz002235,3669,4857,0
sh600054,3137,14031,0
sh601933,106259,79037,2252
sz300703,0,0,0
sh600635,149365,218871,0
sz300452,0,0,0
sz002424,0,0,0
sh603159,0,0,0
sh600131,0,0,0
sh603678,1878,870,0
sh600567,176600,228194,0
sz300249,0,0,0
sz002457,2067,2678,0
sh600331,0,2556,0
sh600282,122634,181938,0
sz300244,3582,7859,0
sh600713,0,0,0
sz300430,0,0,0
sz000151,0,0,0
sz002783,0,0,0
sz300415,0,0,0
sz300670,0,0,0
sh603015,1615,0,0
sz002009,2197,843,0
sz300619,0,0,0
sh603611,0,0,0
sz300209,2715,0,0
sz002086,37739,5038,2000
sz300472,0,0,0
sh600830,0,2851,0
sz002093,2159,0,0
sz002809,0,0,0
sh600023,7430,6508,0
sh603042,0,0,0
sz300102,0,0,0
sz000651,75945,115900,6793
sz000816,119454,96377,4462
sh603727,0,0,0
sh603722,0,0,0
sz300228,2552,1035,0
sz300529,688,0,0
sh600549,8900,10506,530
sh600106,0,0,0
sz300183,1529,701,0
sz300230,794,4228,0
sz002356,1024,0,0
sz300050,0,1246,0
sz002446,0,0,0
sz002892,900,944,0
sz002749,0,0,0
sh603569,0,0,0
sz002843,0,0,0
sh603626,941,1058,0
sz000426,1094,7002,0
sz300314,0,0,0
sz002049,130029,64878,7134
sz000698,0,0,0
sz000582,0,0,0
sz300381,0,0,0
sh603009,0,1064,0
sz002516,21020,9772,0
sz002102,194876,168658,2151
sh603519,0,0,0
sh600246,2500,3968,0
sz002438,0,0,0
sh603166,0,0,0
sz002679,0,0,0
sz300150,0,0,0
sh600060,1947,2166,0
sz300516,0,0,0
sz300579,849,267,0
sh603011,0,1204,0
sz002032,643,0,0
sh601611,0,0,0
sh603588,0,2548,0
sz000023,0,564,0
sz002273,9304,1552,0
sz000752,0,0,0
sz300628,525,415,0
sz002018,9982,40476,0
sz000716,0,0,0
sz300153,0,0,0
sh600380,19357,25460,0
sz002418,0,0,0
sh600363,0,0,0
sz300213,7434,8896,0
sz002051,0,0,0
sz002665,0,4162,0
sh603698,0,0,0
sz000026,0,0,0
sz002813,0,0,0
sz002197,0,3500,0
sz300609,1750,0,0
sz000976,4393,0,0
sh601116,3164,1897,0
sh600149,0,0,0
sz300394,0,550,0
sh600981,0,0,0
sz002128,9617,17447,0
sz002890,0,0,0
sz002095,1318,630,242
sz300446,0,0,0
sz300686,2372,3806,0
sz000789,10507,30684,0
sz300691,0,0,0
sh603225,0,364,0
sz002044,4513,2897,0
sz300739,4637,0,661
sz000626,0,0,0
sz000961,6621,51682,0
sz002623,0,0,0
sz000551,0,0,0
sz002188,10857,7870,0
sz002335,0,0,0
sz002929,0,0,0
sh603766,0,1723,0
sz300493,0,0,0
sh600103,0,3000,0
sz300166,53399,42229,1112
sz002326,0,2139,0
sz002589,2850,1727,0
sz300017,103358,80810,2609
sz300252,0,1811,0
sz000039,0,6285,0
sh600177,3001,2701,0
sz002307,0,0,0
sh603639,0,0,0
sh600390,1079,0,0
sh603712,0,0,0
sz002553,0,0,0
sz002490,0,0,0
sz002669,781,0,0
sh600655,0,0,0
sz002390,34649,6459,0
sh603026,0,0,0
sh603689,0,0,0
sh600853,0,0,0
sh600203,1266,0,0
sh603037,0,0,0
sz000720,0,0,0
sh600893,16760,25896,3002
sh600850,2267,1261,0
sz002796,0,0,0
sz300105,0,0,0
sz002234,0,3196,0
sz300113,18409,13800,2478
sz000421,0,0,0
sh600017,7000,6000,0
sz000858,29338,41497,2817
sh601333,31890,21545,0
sz002200,0,0,0
sz002888,0,0,0
sh600031,110485,124292,0
sz000625,8477,8291,0
sz300306,0,0,0
sh603118,0,1500,0
sh600052,0,0,0
sz300366,2474,1000,0
sz002605,0,0,0
sz300442,0,0,0
sh600744,0,0,0
sz000802,0,0,0
sh601928,0,0,0
sz300345,0,4278,0
sz300705,0,0,0
sh600200,0,0,0
sz002643,0,0,0
sh601318,207284,218065,9300
sz000838,5088,0,0
sz300379,1096,0,0
sh601233,8179,21784,0
sh603338,0,178,0
sz000055,12194,5968,0
sz300608,0,0,0
sz002861,0,0,0
sh603636,2510,1200,0
sz300592,0,0,0
sz002571,0,0,0
sh603860,0,0,0
sz002207,0,0,0
sh600062,0,3127,0
sz300276,0,0,0
sh600175,0,8848,0
sh601558,0,0,0
sz002768,1890,0,0
sh600643,5997,6824,0
sz002893,0,0,0
sh600392,31931,32411,2790
sz002541,0,0,0
sh600088,0,0,0
sz000153,0,0,0
sz300722,1478,890,0
sz000681,15482,12780,1600
sh600213,0,0,0
sz300386,2937,1750,0
sz002346,0,0,0
sh600280,1400,0,0
sz300589,1997,546,0
sz300170,49693,61876,7118
sz000016,0,4135,0
sz002474,0,0,0
sh600288,0,0,0
sh600824,0,0,0
sh600540,0,0,0
sz002785,0,0,0
sz000732,40381,40691,1192
sz002181,0,0,0
sz300399,0,0,0
sz000813,0,0,0
sh603477,0,0,0
sh603101,0,0,0
sh603500,0,0,0
sz002132,0,0,0
sh603615,0,0,0
sh600099,0,1407,0
sz002167,0,4628,0
sz002709,5045,2149,221
sz300253,16856,31002,1308
sh600529,0,0,0
sz002695,1039,2769,791
sz002552,0,0,0
sz000601,0,0,0
sz000546,700,0,0
sz002493,5055,31428,0
sz300423,0,0,0
sz002810,0,0,0
sz000619,0,0,0
sz300519,0,0,0
sz000830,260321,320969,22874
sz300380,629,566,0
sh603958,0,0,0
sh600500,0,1888,0
sz002038,991,2146,0
sz002029,0,1353,0
sz300136,14782,26020,0
sz000823,9551,9746,0
sh601688,17259,25612,834
sh603996,1358,784,0
sz002332,0,0,0
sz300182,20498,60962,0
sz002116,0,0,0
sh603758,0,0,0
sz002852,0,0,0
sh603076,0,0,0
sh601727,0,1808,0
sz300528,0,0,0
sh600613,0,0,0
sh600641,3933,2100,0
sz002489,6484,10949,0
sh600337,0,2241,0
sh603906,0,0,0
sz300151,0,0,0
sz300602,191,0,0
sz000058,0,0,0
sz300247,5451,4153,0
sh600688,6678,0,0
sh600706,0,0,0
sh603533,13125,11978,261
sz002621,0,860,0
sz300041,0,0,0
sh601991,9394,3000,0
sz000662,0,0,0
sz002501,0,1188,0
sz002118,0,0,0
sh600240,0,0,0
sz300445,0,0,0
sz002333,0,628,0
sh600139,0,6101,0
sh600987,0,0,0
sz002420,0,0,0
sh600225,0,2800,0
sz000428,0,0,0
sh603169,0,0,0
sh600011,15565,8678,0
sz000933,18104,57990,0
sh600109,0,1219,0
sz000553,0,0,0
sh600884,43029,13392,1906
sz300469,0,0,0
sz002864,0,0,0
sh601828,3722,4689,0
sz000996,13039,6710,0
sh600072,8017,2254,0
sz002156,19811,16429,0
sh603658,239,0,0
sh600695,35092,0,0
sz300389,0,0,0
sz000869,0,0,0
sh600815,0,0,0
sh600883,0,0,0
sh603669,0,0,0
sz300582,0,0,0
sz000859,0,0,0
sz002798,372,0,0
sz002546,0,0,0
sh603383,0,0,0
sz002715,0,0,0
sh600723,0,0,0
sz000609,0,0,0
sh601669,0,1681,0
sz002725,0,0,0
sz000563,12475,3001,0
sz002395,0,0,0
sz002624,321,349,0
sz002057,0,0,0
sz000695,0,0,0
sz000993,0,0,0
sh600343,950,0,0
sz002304,3675,6513,351
sh600316,0,2148,0
sz002922,841,523,0
sz002867,4385,987,1050
sh600012,0,0,0
sz002292,0,0,0
sz000919,0,0,0
sh600236,0,0,0
sz000417,0,0,0
sz002077,0,0,0
sh603496,0,0,0
sh600208,42624,7846,0
sh600759,0,0,0
sh600249,0,0,0
sz002487,0,0,0
sh601888,6863,4914,0
sz002877,0,0,0
sh601881,2168,11727,0
sz300066,2584,0,0
sz300652,0,0,0
sz002908,0,0,0
sz002216,0,0,0
sh600919,9973,29822,0
sz002249,0,0,0
sz300364,38981,8145,4786
sz300020,6163,1308,0
sh603111,0,0,0
sh600845,17423,19181,1444
sh603466,1006,720,0
sz000926,0,0,0
sh600768,0,0,0
sh600068,88989,86935,2008
sh600570,47239,38348,4795
sz300630,0,0,0
sz000719,0,0,0
sh600837,9442,19060,1599
sh603378,2389,507,0
sh603198,0,0,0
sh600353,0,0,0
sz300510,0,0,0
sz300205,2666,2560,0
sz000803,0,900,0
sh601016,0,3789,0
sz002588,0,2100,0
sh603803,1542,1034,0
sh603912,1094,0,0
sh600498,6115,3187,0
sh603797,579,0,0
sz000910,1181,1980,0
sh603978,0,0,0
sz000828,0,0,0
sh600248,0,0,0
sz300522,0,0,0
sz000733,0,0,0
sz002425,20166,0,0
sz002806,0,0,0
sh600350,0,13235,0
sh600736,2163,0,0
sz000410,351567,279243,27408
sh600642,0,2042,0
sh600663,0,0,0
sh600127,0,0,0
sz000988,6826,3461,0
sh600166,21786,30028,0
sz002780,0,0,0
sh600173,2618,0,0
sz000701,0,0,0
sh603168,0,0,0
sh600050,141322,278601,0
sh600422,5132,2005,0
sh601008,0,0,0
sz000788,0,0,0
sh603199,0,0,0
sz300284,0,0,0
sh603817,0,0,0
sz000708,0,1945,0
sh600209,1110,5806,0
sh603232,338,0,0
sz000979,58041,19206,0
sz002017,0,0,0
sh601229,9425,15806,0
sz000921,0,0,0
sz300440,0,0,0
sz300106,0,0,0
sz300053,3873,9769,1433
sh601111,63246,59375,996
sh600990,806,704,0
sh603685,0,0,0
sz002331,0,0,0
sh601086,2472,1087,0
sz000920,0,0,0
sz002206,0,0,0
sh603535,0,0,0
sz000581,6019,2221,0
sh600272,0,0,0
sz300629,989,620,0
sz002055,1480,1402,0
sz002627,0,0,0
sz000001,145639,142077,0
sz000531,0,0,0
sh600854,0,0,0
sh603730,0,0,0
sz300622,0,0,0
sz000791,0,0,0
sz000960,13546,18408,0
sz000571,0,0,0
sz002405,68150,60952,4510
sz002392,0,0,0
sz300709,0,0,0
sh603421,0,0,0
sz002275,0,0,0
sh600455,0,0,0
sh600358,0,0,0
sh600820,0,3272,0
sz300079,13234,2677,0
sh600648,0,0,0
sz300433,3028,5092,0
sz300448,1399,770,0
sz300046,0,0,0
sz000510,0,0,0
sh600653,0,0,0
sz300484,0,0,0
sz002365,1089,1801,0
sh601918,0,3346,0
sh600395,1786,0,0
sh603838,0,0,0
sz300488,0,0,0
sz300074,7301,0,0
sz002218,0,0,0
sh600826,0,0,0
sz300374,0,2423,930
sz300362,1003,0,0
sh600792,0,0,0
sz300462,3346,5572,0
sh601377,2067,20600,0
sh603335,0,0,0
sh603711,0,0,0
sz000952,0,0,0
sz000536,3590,0,0
sh600376,0,0,0
sz300138,0,0,0
sh600095,0,0,0
sz000835,0,0,0
sz300308,272,806,0
sh600775,0,1521,0
sz300179,0,2080,0
sz300585,6742,1683,0
sz002022,1200,978,0
sh603985,0,0,0
sh600781,0,0,0
sh600756,1978,4151,0
sz002445,3782,4666,0
sh601555,0,2149,0
sh601038,0,0,0
sz300368,0,0,0
sh600094,0,0,0
sz300557,0,0,0
sz002276,1350,0,0
sh600757,0,0,0
sh603869,0,0,0
sz002104,0,0,0
sz002248,0,0,0
sh601369,1501,2090,0
sz300260,3292,800,0
sz000537,5563,13959,0
sz300571,939,2028,0
sz300127,0,788,0
sz300633,0,0,0
sh603369,803,956,0
sz002901,432,0,0
sz002144,0,0,0
sh601225,47024,143869,0
sh600636,0,0,0
sz000839,10771,24230,0
sz002595,0,0,0
sh600029,94950,116478,0
sz002832,0,0,0
sz002322,675,0,0
sh600488,0,0,0
sz002850,211,0,0
sh600446,10587,5328,0
sz300216,13581,24726,0
sz002251,1912,682,0
sh600305,0,0,0
sh601601,19556,24248,457
sz300698,633,0,0
sz000507,7414,1595,0
sh603686,0,0,0
sz002401,1000,0,0
sz002169,0,0,0
sz002258,0,1693,0
sz000722,0,0,0
sz000995,0,0,0
sz002779,0,0,0
sz002127,859,7766,0
sh600285,0,0,0
sh601139,0,0,0
sz300695,0,0,0
sz002835,0,1203,0
sz300303,4010,8445,0
sz300539,0,0,0
sz002339,0,0,0
sh600256,9035,3941,0
sh603829,0,0,0
sz000158,2000,0,0
sh603970,0,0,0
sh600081,1827,0,0
sz300506,0,752,0
sh600163,3500,0,0
sh603138,2581,1221,0
sh600491,6590,4830,0
sz000419,0,0,0
sh600988,0,4029,1975
sz002518,0,0,0
sz002684,8223,1102,0
sz300438,0,0,0
sz000925,0,0,0
sh603991,0,0,0
sz300720,437,808,0
sz002444,9222,1826,0
sh601155,57341,59703,4787
sh600969,0,0,0
sh603055,0,0,0
sz002468,0,0,0
sz300063,0,7521,0
sz002878,0,0,0
sh603278,0,0,0
sz300031,0,0,0
sh603586,0,0,0
sz002632,0,0,0
sz300613,138,93,65
sh600565,5099,23246,0
sz002041,1262,0,0
sh603976,0,0,0
sz002283,4831,2000,0
sh600847,0,0,0
sh600408,0,0,0
sz002729,0,500,0
sz000545,0,5260,0
sz000922,0,0,0
sh600674,1500,4774,0
sh603012,0,0,0
sz000557,0,0,0
sh603226,0,0,0
sz002590,0,0,0
sz002712,0,0,0
sz000935,1286,648,903
sz002485,0,0,0
sz002370,0,0,0
sz300096,1010,0,0
sz002111,0,0,0
sh600728,0,82237,0
sh603890,1200,371,0
sh600212,0,8106,0
sz300295,739,1400,0
sh600718,6624,2961,0
sz002065,34641,15324,0
sz300257,0,0,0
sz000570,0,0,0
sh603131,0,0,0
sh600481,0,0,0
sh600696,0,0,0
sh600527,7116,11217,0
sh600419,0,318,0
sh600761,3559,2030,0
sh603396,0,0,0
sz002792,899,0,0
sz300062,0,0,0
sh600239,0,5631,0
sz002439,8384,11217,0
sz000555,5025,0,0
sz002209,0,0,0
sz300289,0,0,0
sh600716,2281,6100,0
sh603178,0,0,0
sh603007,0,2741,0
sz000750,0,2332,0
sh600191,1510,0,0
sh601997,2240,14209,0
sz300596,680,0,0
sh603690,4112,0,0
sh600811,2871,2976,0
sh603928,0,0,0
sz000069,30465,26098,0
sz000819,0,0,0
sz002269,0,0,0
sz002435,0,0,0
sz300635,0,0,0
sz000525,8065,2880,0
sz000905,0,1044,0
sh603903,0,0,0
sz300555,0,0,0
sz000514,0,0,0
sh600873,0,0,0
sz002599,0,0,0
sz002367,0,0,0
sz002743,0,0,0
sh600426,11965,13354,0
sh603823,0,0,0
sz300711,0,0,0
sz300259,0,0,0
sz002192,4451,7630,0
sh603367,0,0,0
sh600171,44607,12847,0
sh600006,0,5028,0
sh600330,1415,7504,0
sh600351,0,0,0
sh600758,0,0,0
sh600519,7174,12897,1193
sz002701,0,9186,0
sz002060,0,0,0
sz300385,0,0,0
sh603357,0,0,0
sz300044,6299,2858,0
sh600658,0,0,0
sz300490,0,0,0
sz002240,2789,1087,0
sz002598,0,0,0
sh601106,2762,0,0
sh600675,0,0,0
sz002645,2809,0,0
sh603602,0,417,0
sz300274,3008,2420,0
sz000567,0,775,654
sh600885,621,1238,0
sz000061,0,0,0
sz000502,1147,0,0
sz002653,0,0,0
sz002559,0,0,0
sz002795,3428,14389,0
sz002533,0,0,0
sh600606,167343,197700,0
sz002221,7044,2877,0
sh603020,1010,0,0
sh603518,0,0,0
sz000598,8992,34637,0
sh600917,0,0,0
sh600730,0,0,0
sz300645,0,0,0
sh603663,0,0,0
sz300123,1217,0,0
sz300016,3055,2492,0
sz002171,0,0,0
sh603031,0,0,0
sh603380,0,0,0
sh600640,0,966,0
sz300530,0,0,0
sz002179,9979,15246,306
sz000155,23614,34780,0
sh600661,0,0,0
sh600747,0,0,0
sz300450,5240,5706,183
sh603908,0,0,0
sz000517,25868,28926,0
sh600963,3279,4056,0
sh603936,0,0,0
sh603933,301,351,0
sz002202,2720,11308,810
sh600382,0,1000,0
sz000078,0,5100,0
sz300410,0,0,0
sz002694,1237,0,0
sz300283,0,0,0
sz002479,7092,5972,0
sz002926,24505,41288,0
sz300286,0,0,0
sz002407,1553,10584,0
sz002881,500,0,0
sh603100,2051,1463,0
sh600111,53988,62768,1017
sz000404,0,0,0
sz002238,0,0,0
sh600712,0,0,0
sh600508,0,0,0
sh600238,0,0,0
sh603208,0,0,0
sz300336,0,1420,0
sh600035,0,4157,0
sz002153,3918,4544,0
sz002885,872,2414,0
sh600067,0,0,0
sh601799,0,0,0
sh600596,35987,66444,6624
sz002372,0,1806,0
sz300326,0,1500,0
sz000715,0,0,0
sh603000,6513,20631,5807
sz000612,0,0,0
sh600552,0,1671,0
sz300212,6973,5222,0
sz002300,0,0,0
sh601228,16518,3544,0
sz300006,0,13136,0
sh603300,0,1500,0
sz300237,0,0,0
sh600057,1569,1204,0
sz300605,0,0,0
sh600800,0,0,0
sh603306,0,0,0
sh603568,0,0,0
sz002671,0,0,0
sz002162,0,0,0
sh600188,28867,44197,2783
sz000909,0,0,0
sh600077,0,0,0
sh600791,0,0,0
sh600489,2771,4760,0
sz300642,0,0,0
sz002241,28397,26406,1297
sh601179,0,0,0
sh603288,0,379,0
sz002620,0,1158,0
sh601226,0,0,0
sh603729,0,0,0
sh600876,0,0,0
sz300014,5327,4099,0
sh600362,17877,45913,0
sh600797,45518,31281,0
sh600460,222486,142239,14839
sz300022,0,2015,0
sz000407,0,0,0
sh603813,0,0,0
sz000528,28337,14580,1599
sz300320,3308,0,0
sz300058,76565,70902,0
sh600982,0,0,0
sz300242,2735,0,0
sz002484,0,3000,0
sz300121,0,0,0
sz300210,0,0,0
sz002920,2400,3752,1039
sh600128,0,0,0
sz300405,0,0,0
sz002046,0,0,0
sz300600,0,0,0
sz300669,830,0,0
sh600518,1904,2329,0
sh603238,0,0,0
sz000062,0,0,0
sh603619,609,0,0
sh600545,0,0,0
sh600033,0,0,0
sh603516,4712,1592,0
sz002106,3269,2256,0
sz002685,0,0,0
sz300215,0,0,0
sz300118,0,0,0
sz000902,0,2163,0
sz002151,11291,1993,1042
sz300408,2679,5971,0
sz000157,0,12634,0
sz002368,8137,1461,0
sz002067,0,11021,0
sz002205,0,0,0
sh603160,674,328,0
sh600197,1043,2596,0
sh600345,889,1392,0
sh600292,1851,0,0
sz300188,496,3315,0
sh600458,0,0,0
sz300443,0,0,0
sz002417,0,0,0
sz000893,0,15723,0
sz002030,0,0,0
sz002377,0,0,0
sh603866,0,0,0
sz300636,0,0,0
sh603359,0,0,0
sh600125,68298,22008,0
sz300057,0,0,0
sh600879,48715,29511,0
sh601186,8558,5111,0
sz002389,14368,30771,1086
sz002429,25128,14299,0
sh601163,0,0,0
sz002289,0,1224,0
sz000797,0,0,0
sz000420,0,9959,0
sh603916,0,0,0
sh601985,0,7689,0
sh600865,0,0,0
sz300696,0,0,0
sz300321,0,0,0
sh600976,0,0,0
sz002416,4353,2588,0
sz002921,0,0,0
sh601579,0,0,0
sh600690,46661,63285,1106
sz000880,0,0,0
sz000798,0,0,0
sz002133,0,0,0
sz300104,483551,525763,32957
sz002615,0,0,0
sz000011,0,716,0
sz300537,0,0,0
sz300679,179,0,0
sz002821,1998,1985,1370
sh601788,0,0,0
sz002097,0,0,0
sz000753,0,0,0
sz002130,0,0,0
sz300699,3517,611,0
sz000543,0,2635,0
sz300654,3041,3257,1889
sz300007,2687,800,0
sz300731,0,0,0
sh600242,0,1667,0
sz000860,1408,650,0
sh600026,0,2053,0
sh601208,0,0,0
sh603901,6561,7348,0
sh600809,1389,3803,206
sz002436,0,6095,0
sz300497,229,0,0
sh603127,0,0,0
sh600448,0,0,0
sz002160,0,0,0
sz002536,0,0,0
sz000709,80197,68178,0
sh601360,56096,73491,13126
sz300549,0,0,0
sz002330,0,0,0
sz300475,0,0,0
sh601898,0,11146,0
sh601717,0,2327,0
sh600406,1656,7017,0
sh601966,7676,1245,0
sh600389,0,0,0
sz300202,2814,5101,0
sz002039,0,0,0
sz002199,0,0,0
sh600093,30879,24147,2486
sz300258,0,0,0
sz002757,0,0,0
sz300485,0,0,0
sh603022,0,0,0
sz002839,22930,51206,0
sz000063,120668,111548,10540
sh600825,2007,0,0
sz300727,0,0,0
sz300112,0,0,0
sz300129,0,0,0
sz001696,0,0,0
sz000559,0,0,0
sz002547,75970,48025,2073
sz000713,0,0,0
sz000686,0,9168,0
sh600133,1343,0,0
sh600307,3951,22766,0
sz002382,0,2295,0
sz002858,0,0,0
sz002786,0,0,0
sz300070,14184,10483,0
sh601211,3352,7254,741
sh601326,3047,0,0
sh600312,0,0,0
sh600802,0,0,0
sz002138,0,0,0
sh603016,0,0,0
sz000756,0,3428,0
sz002125,0,0,0
sh601117,0,0,0
sh600108,0,5977,0
sz002639,0,0,0
sh603679,0,0,0
sh601838,18565,58369,2085
sz000683,19866,29344,0
sz002491,7393,4921,0
sh600740,77179,128862,5591
sz300143,543,1028,846
sz002560,0,0,0
sh603980,0,1328,0
sz300204,0,0,0
sz000780,0,0,0
sh603648,734,2617,0
sz300177,0,0,0
sz002633,0,0,0
sh601398,586891,529134,1519
sh600021,0,5348,0
sh603527,0,0,0
sh600301,0,0,0
sh600423,0,4575,0
sz002050,2632,16142,1496
sz002566,0,0,0
sz300542,423,0,0
sh600561,0,7812,0
sh600379,0,0,0
sz300685,351,100,0
sz002142,5415,12495,0
sh600817,0,0,0
sz002422,21505,6076,0
sh600543,0,0,0
sz002454,941,8593,0
sh600608,0,0,0
sz000652,0,3494,0
sh600233,0,0,0
sz002146,146518,88002,0
sz000037,0,0,0
sh600880,0,0,0
sz002907,9783,7228,817
sz000613,0,0,0
sz002519,0,0,0
sz002596,7941,16829,0
sz000973,0,0,0
sz300471,0,0,0
sh600146,1222,505,0
sz000411,1000,0,0
sh600369,0,7122,0
sz300331,0,0,0
sh603688,0,0,0
sh600467,0,3540,0
sz000423,645,2163,0
sh601880,19417,10001,0
sz000799,0,553,0
sh600104,39601,50969,2661
sz000929,0,0,0
sz002287,0,500,0
sh603701,0,0,0
sh601019,0,0,0
sz002285,25815,41175,0
sh600707,0,4033,0
sz300189,0,0,0
sh600066,8029,5451,0
sz300288,635,1987,0
sh600220,0,0,0
sz000672,37974,79745,0
sh600318,0,0,0
sz002769,79766,151116,3561
sz300693,0,0,0
sz000949,0,0,0
sh601588,0,18140,0
sz000595,0,0,0
sz000301,1988,10214,0
sh600497,34949,83590,0
sz300002,9437,3701,0
sh601166,189530,134433,570
sz002543,0,0,0
sz000572,5995,3002,0
sh600546,0,5259,0
sh601900,0,0,0
sh600410,179041,195887,7551
sh600668,1000,0,0
sh600176,31658,60431,0
sh600436,9290,5067,147
sz000727,5600,22876,0
sh600678,0,0,0
sh600279,0,0,0
sz002542,0,0,0
sz000568,3644,11425,0
sz300059,171013,139411,5787
sh600277,2800,0,0
sh601878,0,3451,0
sz002228,0,0,0
sz300547,900,0,0
sz300332,0,0,0
sz002375,7931,0,0
sh600520,3131,543,0
sz002149,0,0,0
sh603987,0,0,0
sh603919,0,0,0
sh603197,300,0,0
sz300520,986,0,0
sz000631,0,0,0
sh600444,0,0,0
sz300552,0,0,0
sh601939,182288,222400,0
sh600535,2791,803,0
sz002461,0,0,0
sh603699,1875,650,0
sz002691,0,0,0
sz002031,8316,8050,0
sh600055,0,1192,0
sz300502,3177,965,0
sz002135,0,0,0
sh600196,8135,9251,252
sz002603,0,0,0
sz300315,67784,32158,0
sz300339,2686,4308,0
sz000882,44550,64523,0
sh600996,0,0,0
sz000710,446,403,0
sz300330,0,0,0
sh603668,0,8977,0
sh603721,0,0,0
sz000665,0,0,0
sz300676,4427,1436,559
sh603103,0,2880,0
sz002815,1610,0,0
sz002066,0,0,0
sz300338,0,0,0
sz000596,0,272,0
sz300176,350,476,0
sh603708,9725,17327,0
sz300342,0,735,0
sz300425,0,0,0
sz300617,0,0,0
sz002762,0,0,0
sz002124,1255,2142,0
sh603848,1232,0,0
sz300511,554,0,0
sh600232,0,0,0
sh600180,0,0,0
sh600321,0,0,0
sz002054,3413,2401,0
sh600496,0,0,0
sh601952,0,5729,0
sz000887,5500,6093,0
sh600252,5639,18100,0
sz300723,350,451,0
sz300200,0,0,0
sz300689,0,0,0
sz300649,5193,2208,519
sz002109,0,0,0
sh600573,0,0,0
sz002613,0,0,0
sh600803,0,5023,0
sz300708,9215,3158,0
sz300199,0,0,0
sh600780,18175,90141,6002
sz002364,0,0,0
sz002732,0,0,0
sz000751,4829,9340,0
sh601689,1551,600,0
sh601929,8399,25266,0
sz300474,1476,1067,0
sh600889,0,0,0
sz002064,8512,4461,0
sh603108,6388,7478,0
sh603017,0,0,0
sh600366,2479,8202,0
sh600839,6812,11463,0
sh600172,27525,17971,0
sz002177,2450,3370,0
sh600018,53300,54327,0
sz002226,0,0,0
sz002373,22684,10482,1026
sz000623,575,2560,0
sz300725,852,270,0
sz300034,0,0,0
sh603986,20632,54582,3109
sh600004,870,695,0
sz000783,1359,1400,0
sz000718,0,0,0
sh601388,12910,36814,0
sz300382,800,0,0
sz002459,1019,0,0
sz002483,0,0,0
sz002793,0,0,0
sz000767,0,0,0
sz000050,13630,11004,0
sz000505,0,0,0
sz002868,0,0,0
sz000702,0,0,0
sh601789,0,0,0
sh600396,0,0,0
sz002155,1156,3704,0
sh601137,0,0,0
sz002281,19559,9783,0
sz300370,0,0,0
sz300641,0,0,0
sh600848,0,0,0
sz002625,0,0,0
sz002791,0,0,0
sz002340,265385,176169,13329
sh601368,0,0,0
sh603181,515,0,0
sh603298,3225,0,0
sh603585,0,0,0
sz002540,1471,0,0
sh600769,0,0,0
sz002225,0,0,0
sh601001,2002,4535,0
sz300271,13206,12578,0
sz300706,650,305,0
sz300248,1327,0,0
sh603360,0,0,0
sz300036,5179,0,0
sh603609,0,1165,0
sz002654,0,0,0
sz002734,1759,0,0
sh601018,5775,2588,0
sh600789,26536,47120,0
sz300404,0,0,0
sz000938,16302,7197,1549
sz300255,0,0,0
sz000049,1046,2596,0
sz000089,3315,0,0
sz000048,0,0,0
sz002803,0,0,0
sz300736,0,0,0
sh600720,9514,14509,0
sh601126,0,0,0
sz000589,0,0,0
sz300172,0,0,0
sh600890,0,0,0
sz300107,30136,90732,0
sz000520,0,0,0
sh601088,22275,32915,551
sz002458,733,791,0
sz300187,0,0,0
sz300160,0,0,0
sh603886,0,0,0
sz002227,0,0,0
sz002486,0,0,0
sh600452,0,0,0
sh603366,4777,0,0
sh600008,10315,21604,0
sz002378,0,0,0
sh600875,0,3612,0
sh600605,0,0,0
sh600741,14258,8000,0
sz002350,0,0,0
sh600010,23691,104592,0
sz002730,0,0,0
sz000903,4210,11100,0
sz002246,0,0,0
sz300546,0,0,0
sz300702,0,0,0
sz000408,5688,0,0
sh600506,0,0,0
sh600719,0,0,0
sh603389,0,1173,0
sh600400,0,0,0
sz000951,0,0,0
sz300132,0,0,0
sz300701,0,0,0
sz300467,0,660,0
sz002347,0,0,0
sz002244,0,3201,0
sh603077,15191,47683,0
sz000782,0,0,0
sz002506,8596,4012,0
sz000739,0,0,0
sh600961,0,0,0
sz002455,0,0,0
sh600161,400,389,0
sh600548,0,0,0
sz002286,0,0,0
sz300218,0,0,0
sz000738,58594,53439,9007
sh603458,0,0,0
sh600698,4577,26340,0
sh600502,1669,4902,0
sh600456,0,0,0
sz300428,0,0,0
sz300042,1400,0,0
sh601339,0,0,0
sz002271,2914,2921,0
sz300518,0,0,0
sz300553,0,0,0
sz002404,0,0,0
sh603200,0,0,0
sh601567,0,0,0
sz002774,0,0,0
sz002667,0,0,0
sz002371,15531,15432,0
sz300236,7494,7877,459
sz300558,996,325,0
sz000012,0,3193,0
sz300207,5969,7341,0
sh600421,0,2127,0
sz002020,0,1000,0
sz002190,600,1402,0
sh603358,0,0,0
sh600143,0,0,0
sz300272,0,0,0
sz002618,0,0,0
sz002530,0,0,0
sz002735,1068,339,0
sz002587,0,0,0
sz300224,2111,1816,1498
sz000792,24114,31196,0
sh600662,4953,5911,0
sh603322,0,0,0
sz002649,2318,962,0
sh600335,28001,8060,0
sz300460,0,0,0
sh603336,0,0,0
sh600782,69826,148752,0
sh600626,0,0,0
sz002859,510,691,0
sz300664,8997,31600,527
sh601098,1249,0,0
sz002629,0,0,0
sh600778,0,0,0
sz000576,5016,0,0
sh601633,3709,0,0
sz000673,6242,0,0
sz002848,0,0,0
sz300047,1817,0,0
sz002663,0,0,0
sh600665,0,0,0
sh600562,2068,1733,0
sz002172,0,0,0
sz300531,697,0,678
sz000758,2002,14234,0
sz002763,0,0,0
sz300133,13849,14249,0
sh603898,1546,912,0
sz002733,0,0,0
sh600388,0,3865,0
sh600779,2135,3048,307
sh601500,0,0,0
sz000978,0,0,0
sh601218,0,0,0
sh600750,0,490,0
sz000697,0,0,0
sz000953,1563,3066,0
sz002059,0,0,0
sh603040,0,0,0
sz000821,917,816,0
sz002634,0,0,0
sz300175,0,2163,0
sh600091,0,0,0
sz000957,2321,1330,0
sh600185,0,0,0
sz000627,0,0,0
sz300657,500,337,0
sh600198,14278,17948,0
sz000657,0,0,0
sh600864,0,0,0
sz000913,0,0,0
sh600063,0,3783,0
sz000617,857,0,0
sz300348,1407,1886,0
sh600533,0,2745,0
sz000883,5384,0,0
sh600509,0,0,0
sz002514,0,0,0
sh603363,6351,1994,690
sz300737,3401,1859,0
sz002008,18730,16539,2796
sz000937,0,0,0
sz300463,0,0,0
sz002570,0,6034,0
sz002655,7351,2142,0
sz000544,0,0,0
sh601100,0,1506,0
sz300591,0,0,0
sz300291,5163,0,0
sh600999,1766,2874,0
sz002360,0,0,0
sh600110,63707,20365,0
sz000868,47895,17177,3371
sz000862,0,0,0
sz002414,3381,2300,0
sh601069,8999,8102,1684
sz000338,32174,59937,0
sz000400,0,0,0
sz300095,0,0,0
sh600692,0,0,0
sh603096,0,0,0
sh600587,0,0,0
sz000670,25550,7877,1733
sh600398,6530,42043,0
sz300094,5619,0,0
sz002880,0,0,0
sh600838,0,1450,0
sh600724,0,0,0
sh603416,0,0,0
sz000538,2188,1358,0
sz000585,0,0,0
sh603183,0,0,0
sh601212,0,1980,0
sz002897,0,391,0
sz300616,60,262,0
sz000565,0,0,0
sz002087,0,0,0
sz002323,0,2000,0
sz002706,0,5301,0
sh600725,0,0,0
sh603186,0,0,0
sh603123,1710,0,0
sh600671,0,500,500
sz002658,905,1000,0
sz300333,1839,0,0
sz002657,0,0,0
sz000099,0,0,0
sh603676,999,0,0
sz000429,0,0,0
sh603938,1533,712,0
sh603260,200,634,0
sz300371,0,0,0
sh603239,0,0,0
sz002887,0,0,0
sh600664,2000,21660,0
sh600495,0,4000,0
sz300618,5546,2781,437
sz300164,0,0,0
sh600844,0,2034,0
sz002827,0,0,0
sh600116,0,0,0
sh603305,0,0,0
sz000776,7617,23111,0
sz300675,0,478,0
sz002431,0,1501,0
sh600391,2588,4259,0
sz002772,0,0,0
sz002123,1420,0,0
sz300684,1223,663,0
sz300048,0,0,0
sh600595,0,0,0
sh603311,0,0,0
sh600755,2244,6437,0
sh600265,0,0,0
sz002838,0,0,0
sz002746,1005,690,0
sz002648,852,0,0
sz002028,2566,600,0
sh600070,0,0,0
sh600827,0,0,0
sh603156,1664,2484,407
sh603456,3725,1204,0
sh601188,0,0,0
sh600258,3811,7572,0
sz300677,1546,761,0
sz002220,0,0,0
sz002469,0,0,0
sz000002,71514,54824,3768
sz002875,0,0,0
sh603717,0,0,0
sh603808,0,0,0
sh600039,0,3334,0
sh603326,0,0,0
sz002745,10535,4725,0
sz002752,0,0,0
sz300327,1502,0,0
sz002674,0,0,0
sz002797,12802,14566,0
sh600566,5495,2292,290
sz002318,0,3100,0
sh600746,0,0,0
sz000068,0,0,0
sz000848,0,0,0
sh603227,0,2043,0
sz300275,0,0,0
sh603555,3248,0,0
sh603968,0,0,0
sh600056,3216,1227,0
sz002787,1040,0,0
sh600694,299,0,0
sz000100,204092,330856,0
sh600620,0,0,0
sz000786,28207,51602,3134
sz002498,0,0,0
sz300322,0,0,0
sz002556,0,4763,0
sz002659,0,0,0
sz300148,7303,5820,0
sh601668,138967,141393,0
sz002342,1781,0,0
sh601007,0,0,0
sh600036,65900,66653,5932
sh603999,0,0,0
sh600261,0,0,0
sz002399,0,0,0
sz002278,1000,3158,0
sz300577,0,0,0
sz000637,0,0,0
sz002561,0,0,0
sz300023,0,0,0
sh600325,30992,24022,2222
sz300316,8445,7027,0
sz002270,0,1060,0
sh603988,4228,5721,1230
sh603161,0,0,0
sh603600,0,0,0
sz300099,7172,0,0
sh600654,14856,3286,7937
sz300663,1622,368,0
sz002830,676,0,0
sz002272,0,0,0
sz000931,0,0,0
sh600962,0,0,0
sh603677,0,0,0
sz002449,6160,626,0
sh600760,39841,22138,0
sh600795,86922,102764,0
sz000605,0,0,0
sh600231,2501,2458,0
sz000736,0,0,0
sz002403,0,0,0
sh601198,0,779,0
sh601010,0,0,0
sz002488,0,3233,0
sh600433,0,2742,0
sz300376,0,0,0
sh603386,0,0,0
sz002641,0,0,0
sz300178,0,0,0
sz300412,0,0,0
sz002042,990,0,0
sz002045,0,3135,0
sh600731,0,1752,0
sz000923,0,1000,0
sh603339,0,0,0
sz002152,9193,13651,0
sz002186,0,0,0
sz300543,0,0,0
sz000638,1306,0,0
sz002677,0,0,0
sh600998,0,0,0
sh601949,0,0,0
sh600965,0,0,0
sh603506,0,0,0
sz300521,0,0,0
sz300650,286,0,0
sz300643,1325,0,0
sz000552,0,0,0
sh603559,3443,3221,0
sz300005,0,6575,0
sh600897,0,0,0
sz000416,0,0,0
sh603858,737,2658,0
sz300738,2410,1306,0
sh603558,0,0,0
sz300505,0,0,0
sh601969,0,0,0
sz002131,209480,90032,0
sz300623,230,0,0
sz300401,1273,0,0
sz002531,0,0,0
sz300554,0,0,0
sz002344,6603,3349,0
sh600516,511476,609533,78311
sz002761,0,0,0
sh603387,0,0,0
sz300576,1000,0,0
sz300359,2591,3848,0
sh603316,0,0,0
sh600896,0,0,0
sh600126,0,0,0
sz002265,0,0,0
sh600622,775,848,0
sz000070,0,0,0
sz300573,0,0,0
sz300598,0,0,0
sz002882,0,0,0
sz300741,7512,12609,2026
sh600368,2000,7350,0
sz000422,28241,86934,0
sz000687,0,0,0
sz002158,2000,0,0
sz300603,4044,0,502
sz000530,0,0,0
sz000628,0,0,0
sh601058,18004,3875,0
sh603709,0,0,486
sh603788,0,0,0
sh600754,5435,6916,318
sh600582,0,0,0
sh600773,0,1001,0
sz002182,6969,3033,0
sz002502,0,0,0
sh600136,2839,0,0
sh600623,9858,23387,0
sh603899,393,994,0
sz002919,581,843,0
sz300417,0,750,0
sh603113,0,0,0
sz300192,0,1562,0
sz300729,1380,0,0
sh600765,2392,0,0
sz002781,0,0,0
sz002354,4175,1969,0
sh600901,662444,877884,77875
sh600766,0,1930,0
sz300651,0,0,0
sh600083,0,0,0
sh600078,0,0,0
sz300712,510,0,0
sz000728,0,4453,0
sh603308,0,0,0
sh603085,0,0,0
sz300700,1202,1075,0
sz002727,2305,0,0
sh600371,0,0,0
sh603601,0,0,0
sz300145,1014,6135,0
sh600649,0,4380,0
sh600152,0,0,0
sh603856,1500,0,0
sz000829,11884,56526,0
sz300300,3136,690,0
sz002707,801,0,0
sh603110,0,0,0
sh601599,0,0,0
sh600933,0,721,0
sz002393,0,0,0
sz002805,0,0,0
sz002320,12593,21122,1139
sz002101,0,0,0
sz300296,25126,12029,0
sh601328,162744,132151,0
sz300350,0,3000,0
sh600355,0,4181,0
sz000430,0,0,0
sh601028,0,0,0
sh603179,0,300,0
sz300018,0,0,0
sz002452,14759,36078,0
sz002767,0,0,0
sz002646,0,0,0
sz300065,3203,2438,0
sh600428,5274,8230,0
sh600237,7187,17125,0
sh600141,4625,9049,0
sz002876,846,0,0
sz002090,0,0,0
sz002035,417,332,0
sh603787,0,0,0
sh600162,0,0,0
sz002379,0,0,0
sz002472,1417,0,0
sh603580,0,0,0
sz000541,0,0,0
sh603078,0,0,0
sh600855,3597,2179,0
sz300662,0,0,0
sh600796,0,0,0
sz002550,10753,2130,0
sh600973,0,0,0
sz000065,0,0,0
sz000539,0,0,0
sh603277,0,0,0
sz002224,0,0,0
sz300621,0,0,0
sz000932,93024,172963,2731
sh603099,0,0,0
sh600555,0,0,0
sh600009,4377,5892,276
sz002465,12249,21953,0
sh600959,2068,0,0
sz002708,0,0,0
sh600223,0,0,0
sz300733,0,0,0
sh603557,4441,1516,0
sz000401,14771,46739,0
sh601872,0,2617,0
sz300400,0,0,0
sh600469,0,0,0
sz000901,2426,1241,0
sz002230,62258,52066,12037
sh600739,0,0,0
sh603680,1716,1709,225
sz300206,0,0,0
sz300715,0,0,0
sh603229,0,0,0
sz300680,0,0,0
sz002204,0,4000,0
sz002831,436,180,0
sh600377,0,0,0
sz300019,1402,0,0
sz300111,0,0,0
sh601666,3744,5334,1663
sz000970,57413,120146,6314
sz002236,68232,55944,6146
sz002631,0,0,0
sh600339,0,6351,0
sz002601,19343,30540,0
sh600375,0,0,0
sh600291,2065,510,0
sz002853,425,0,0
sz300561,1825,556,0
sz300560,0,0,0
sz002842,0,0,0
sz300432,0,0,0
sz002554,0,0,0
sh600218,0,0,0
sz300001,0,0,0
sh603329,2675,0,0
sh603499,0,0,0
sz002053,0,0,0
sz002823,1181,0,0
sh600833,0,0,0
sz002913,1528,654,0
sz000768,21753,27706,6127
sh600793,0,600,0
sh600699,16578,5324,393
sh600903,92662,78591,14306
sz000088,0,3171,0
sz002068,0,0,0
sz000735,73856,57983,0
sz300154,0,0,0
sh603728,0,3060,0
sz300726,0,0,0
sh600598,4733,7149,0
sh600538,0,0,0
sz300525,0,0,0
sz000591,0,0,0
sz000600,0,0,0
sz000159,0,0,0
sz002232,19384,59013,0
sz300221,0,0,0
sz002808,0,0,0
sz002741,0,0,0
sh600676,0,6478,0
sz000851,3126,0,0
sh603089,0,0,0
sh603067,0,2000,0
sh600967,24459,36142,1245
sz002672,1823,1028,0
sh600482,6607,980,521
sz300416,0,0,0
sh600121,0,0,0
sz002328,11700,3816,0
sh600887,71499,92155,1468
sh603825,1300,330,0
sz300012,0,0,0
sh600505,0,0,0
sh603006,0,0,0
sz300572,0,0,0
sh600082,0,2530,0
sz300358,0,0,0
sz300388,0,0,0
sh603959,0,0,0
sh600600,1506,1282,0
sz300211,0,0,0
sz002317,1480,0,0
sz002308,2505,5803,0
sz000488,22803,40771,1644
sh600697,0,0,0
sz002115,0,0,0
sh600525,7509,1440,0
sh600493,0,0,0
sz002916,31375,31025,1892
sz000615,0,1303,1344
sh600677,0,0,0
sz000521,0,0,0
sz300196,0,1087,0
sz000550,3030,1729,0
sz002419,729,5435,0
sz002396,10694,9595,1651
sh601866,0,9037,0
sz300551,0,0,0
sz002572,325,2923,0
sz000707,2740,2496,0
sz300478,0,0,2500
sh600727,0,0,0
sz300026,0,7377,0
sz002847,0,0,0
sh600501,0,0,0
sz000898,30509,54605,0
sz002650,24598,16368,5700
sh600211,333,0,0
sz000025,10295,11480,664
sz300147,1333,1314,0
sh603036,0,0,0
sh600863,11055,10006,0
sz000620,0,0,0
sh600101,0,0,0
sz002386,0,1482,0
sz002863,1754,2494,0
sz002862,460,0,0
sh601992,32447,41171,0
sz000761,2680,11770,0
sh600689,0,0,0
sz002551,0,0,0
sh600229,0,0,0
sh603617,715,0,492
sz002681,9372,6321,0
sz000897,0,7579,0
sz300081,2694,0,0
sz002610,9546,16794,0
sz300268,0,0,0
sz300468,0,0,318
sz000409,0,0,0
sz000560,0,6671,0
sz002210,4867,0,1876
sz300220,0,0,0
sh603859,0,0,0
sz002069,0,3834,0
sz000504,0,2523,0
sz300494,703,0,0
sz300390,0,22847,0
sz000777,0,0,0
sh600303,0,0,0
sh600167,0,0,0
sh600575,0,0,0
sh600886,16287,9566,0
sh600703,28166,29204,1486
sh603025,0,0,0
sh603637,0,605,0
sz000607,0,0,0
sz002638,8684,11726,0
sz300243,0,0,0
sz002267,0,0,0
sh600268,0,0,0
sh600360,3967,0,0
sh600650,0,0,0
sz002099,0,0,0
sh603320,0,0,0
sz002682,0,0,0
sh603757,0,0,0
sz300256,0,0,0
sz300142,4463,5932,0
sh600657,0,0,0
sh600569,23643,69612,0
sz300139,0,0,0
sz000911,0,0,0
sh603599,0,0,0
sh600199,0,0,0
sh600480,0,935,0
sh603922,0,0,0
sh603029,0,0,0
sh600572,0,0,0
sz002562,0,2825,0
sh600710,0,0,0
sz002316,0,0,0
sh601566,700,0,0
sh600381,0,0,0
sh600326,0,2506,0
sz002889,0,0,0
sh601518,0,0,0
sz000586,0,0,0
sz000989,8159,1600,500
sz002006,0,0,0
sh600356,0,0,0
sh603323,7316,7500,0
sh600958,873,9609,0
sh600556,0,0,0
sz002406,0,0,0
sh603917,0,0,0
sz300190,0,0,0
sz300340,1578,1261,321
sh600015,5854,14520,0
sz002680,5626,5614,0
sh600499,5545,11567,0
sz000584,0,0,0
sh601107,0,0,0
sz002840,1721,13938,4177
sh600684,0,3549,0
sz002107,0,0,0
sz300457,1818,643,0
sh600738,1905,1574,0
sz300080,0,0,0
sz300575,0,0,0
sz300365,1000,0,0
sh600621,1774,7351,0
sz002385,12759,20351,0
sz002293,0,0,0
sh600085,0,1815,0
sz000418,0,403,0
sz300661,1114,243,0
sh603811,0,0,0
sz300515,0,0,0
sh601128,4533,10594,0
sz000603,0,0,0
sz300508,0,0,0
sh603330,0,0,0
sz300051,1005,4718,0
sz002635,12395,10990,925
sh603703,0,855,0
sz300231,5361,7331,0
sz002609,2026,0,0
sz000806,0,4080,0
sz300496,6853,4074,355
sh600704,0,0,0
sh601200,0,0,0
sz300492,2201,582,0
sh600289,3812,20065,0
sh600503,0,0,0
sz300091,0,800,0
sz300716,0,0,0
sh603896,0,0,0
sz002010,0,0,0
sz002359,7483,11918,434
sh600526,0,0,0
sz000548,0,2160,0
sz002426,5533,0,0
sz002073,7231,7397,0
sz002391,800,0,0
sh600846,0,1144,0
sz002865,0,0,0
sz002471,0,3036,0
sh601020,0,0,0
sz002678,0,0,0
sz300165,0,0,0
sh601996,0,3873,0
sh600058,0,0,0
sh600776,0,0,0
sh600726,0,0,0
sz300083,49223,18740,0
sh603606,0,0,0
sz000915,0,1316,0
sz300407,0,0,0
sh600721,0,0,0
sh603979,0,0,0
sh600978,0,0,0
sz002148,0,0,0
sz000971,0,1000,0
sz002376,2096,5590,0
sz002201,0,0,0
sh600327,0,0,0
sh600096,0,1500,0
sz002351,1500,0,0
sh600027,39242,36118,0
sz002928,0,0,0
sz000810,0,0,0
sh600701,4677,4287,0
sz002453,0,0,0
sh601168,1414,12552,0
sh603328,1598,1665,0
sh601608,0,0,0
sz002242,0,2228,0
sz000785,0,0,0
sz300678,1756,691,279
sz002822,1469,0,0
sh600439,40239,31063,0
sz300287,22517,13838,0
sz002504,0,0,0
sz002714,1380,5361,0
sz002829,0,0,0
sz000059,2502,15712,0
sz002369,38092,29436,0
sz002381,0,0,0
sh600609,0,0,0
sz002302,2347,7216,0
sh603997,0,0,0
sz000632,0,5000,0
sz300637,0,0,0
sz300299,0,1345,0
sz300269,0,0,0
sz002306,0,0,0
sz300282,0,0,0
sz300501,0,0,0
sz002697,0,1983,0
sz300550,374,0,0
sz002250,0,1731,0
sh603388,0,0,0
sh600530,0,0,0
sz300562,0,0,0
sz000587,24616,23491,0
sz002409,1849,507,0
sz002911,1906,1550,0
sz000020,1247,2971,0
sz000729,0,3871,0
sz000633,0,0,0
sz002280,5961,4869,0
sz002614,500,0,0
sz000667,5486,15954,0
sz002183,34594,9608,0
sz000554,0,0,0
sh603008,0,0,0
sh600022,53810,170352,0
sz002846,0,0,0
sz002214,3667,0,0
sh603833,0,0,0
sz002421,0,9513,0
sz002327,1220,4011,0
sh600276,4448,4543,0
sz002112,0,1000,0
sz300721,353,0,0
sh600020,0,3000,0
sh600523,0,0,0
sz300281,999,0,0
sz300480,0,0,0
sh603618,0,0,0
sz002313,394,2492,0
sh601108,4087,4794,0
sz300072,7186,3682,0
sz000678,0,0,0
sz002526,0,0,0
sh603177,0,0,0
sz002191,3572,10152,2509
sz000677,0,3500,0
sh600589,0,0,0
sh603528,0,0,0
sz002753,0,0,0
sh603661,0,0,0
sh603507,0,0,0
sh600517,0,0,0
sz000876,1488,1575,0
sh603018,642,1188,0
sz000523,0,0,0
sh601636,106141,136828,0
sh600189,0,0,0
sz300311,1430,0,0
sz002164,0,0,0
sh603023,0,0,0
sh600805,0,0,0
sz000622,0,0,0
sz300566,531,0,0
sh600745,0,1253,0
sz000815,0,834,0
sh601006,24525,16615,0
sz300262,0,0,0
sz002012,21942,26054,0
sh600679,0,0,0
sz002349,0,0,0
sz002402,48763,64771,1738
sz300639,0,205,0
sh603027,0,590,0
sz002544,704,4143,3495
sh603501,2956,314,0
sh603303,0,0,0
sh600418,6191,4578,0
sh600860,0,0,0
sz300419,2642,2070,0
sh600138,2100,4935,0
sz000150,0,380,0
sz300447,0,0,0
sz002812,0,223,0
sz300360,0,0,0
sz000778,10017,11288,0
sz002577,0,0,0
sz000731,0,3020,0
sz300273,14550,18471,0
sh600558,2099,0,0
sh600771,541,1239,0
sh600048,313281,360349,27967
sz300514,0,951,0
sz300003,15330,5623,517
sh600322,0,0,0
sz002670,751,3279,0
sh600722,0,2978,0
sh600064,759,0,0
sz002397,0,0,0
sz300055,0,678,0
sz000890,0,0,0
sh600729,0,950,0
sh600774,0,0,0
sz002689,0,0,0
sz300384,0,0,0
sz000532,0,0,0
sz002324,557,0,0
sh600059,0,0,0
sh603399,3532,7606,0
sz300097,479,485,0
sz300479,9959,8617,0
sh600859,530,2644,0
sz002194,0,1306,0
sz300436,0,0,0
sz300149,0,0,0
sh603638,0,0,0
sh603868,0,0,0
sh600717,4749,0,0
sh600397,0,0,0
sz002460,66634,57004,13554
sz002268,12579,4692,624
sz300355,88069,48050,1443
sz300307,2026,0,0
sz002441,0,0,0
sz002387,0,0,0
sz002334,6645,5316,0
sz000800,4496,6124,0
sz002061,0,0,0
sz300421,0,0,0
sh603069,0,0,0
sh600894,0,0,0
sz300033,3447,1869,235
sz000705,0,0,0
sz002539,0,0,0
sh603165,0,0,0
sz000962,0,0,0
sz002905,0,636,0
sh603798,0,0,0
sz000042,0,0,0
sh600293,0,1417,0
sz002558,0,990,0
sz300690,0,0,0
sz000005,0,0,0
sh600251,0,0,0
sz300292,3911,14416,0
sz002071,0,1200,0
sh603365,0,0,0
sh600638,0,0,0
sz300092,0,0,0
sz300125,0,0,0
sz002583,1740,6850,0
sz002918,0,0,0
sh600829,0,0,0
sz300495,2227,2154,0
sh600438,8809,24092,0
sz002884,0,0,0
sh603656,0,0,0
sh603313,0,1137,0
sz002001,35083,34013,2766
sh601021,458,0,0
sz000981,0,1466,0
sz002597,5144,8192,0
sz300666,8899,4026,201
sh600156,0,0,0
sz000999,837,0,0
sz002173,0,0,0
sz002879,0,450,0
sz300403,0,0,0
sz002860,0,0,0
sh600586,0,0,0
sh601628,4982,1765,0
sz002535,0,0,0
sh600660,2747,5402,0
sh600513,0,0,0
sh601515,0,0,0
sh600283,0,0,0
sz000982,0,0,0
sz300279,0,0,0
sh603079,315,602,0
sz300486,0,0,0
sz300431,84615,48293,6121
sh600071,0,0,0
sz300040,0,0,0
sz002052,0,0,0
sh600184,0,641,0
sh600966,2006,24794,0
sz002470,1530,1319,0
sz000712,769,2694,0
sh600619,0,0,0
sz300191,600,800,0
sz000561,0,0,0
sh600061,0,0,0
sz000790,0,0,0
sh603038,0,0,0
sz300512,1431,621,0
sh603683,581,0,0
sh603039,758,1322,0
sh603080,628,2999,0
sz002394,0,0,0
sh601009,18021,32944,0
sz300597,646,0,0
sz002906,0,0,0
sz002747,1977,1614,0
sz002462,0,0,0
sz002415,28782,38591,2530
sz300010,4487,3603,0
sh600816,0,837,0
sh603612,1535,0,0
sh600557,0,2664,0
sh600651,0,0,0
sz002564,1302,0,0
sh600348,13432,26658,0
sh600195,910,0,0
sh601000,71531,13222,0
sz300393,0,0,0
sh603738,0,0,0
sz002698,6751,24920,0
sz300387,0,0,0
sh603929,0,0,0
sz002723,0,0,0
sh600748,0,0,0
sh603060,0,0,0
sz000888,6663,4123,0
sz002724,0,0,0
sz300420,0,0,0
sh600074,68398,30690,0
sz300013,0,900,0
sz002737,919,0,0
sh601958,3072,9758,0
sz002811,0,0,0
sz002175,0,2122,0
sz300334,0,0,0
sz300329,0,0,0
sz000759,0,0,0
sz300193,0,1534,0
sh600338,0,328,0
sh600387,0,0,0
sh603605,1432,1340,0
sz300267,1826,7531,0
sz300028,0,4200,0
sh603966,0,0,0
sz000639,759,0,0
sh600835,0,1367,0
sh600359,0,1642,0
sh603167,0,3519,0
sz002873,0,0,0
sz002126,1619,0,0
sz000969,0,2660,0
sh603889,10453,1200,0
sz002466,32998,35788,2427
sz300615,0,0,0
sh600702,1472,1219,0
sz300667,0,0,0
sz002145,5494,2454,0
sz000692,0,0,0
sz002819,0,0,0
sz300076,0,0,0
sh600028,215394,201144,0
sz000529,5100,0,0
sz300075,905,734,0
sz002686,0,0,0
sz002362,3314,1504,0
sh603385,1544,0,0
sz000636,38517,32472,856
sz300078,0,0,0
sz002778,0,0,0
sh603885,673,0,0
sh600510,0,0,0
sz002255,0,0,0
sh601818,188856,196405,0
sh601886,0,0,0
sz300481,0,0,0
sz300406,0,1864,0
sz002807,1510,2855,0
sz002702,2448,0,0
sh600579,15161,6649,0
sh601677,0,0,0
sz002229,29293,19841,0
sz002644,9131,1090,0
sz300668,157,0,0
sh603005,1000,0,0
sh600019,297902,315423,0
sz300632,653,548,0
sh603800,0,0,0
sh600169,0,9000,0
sh600892,8515,0,0
sh601519,3308,9991,0
sh601989,45080,87974,0
sh603315,0,0,0
sh603577,0,0,0
sh600234,0,0,0
sh600681,0,0,0
sh600479,0,0,0
sz002824,0,0,0
sz002696,0,0,0
sz002820,0,0,0
sh603180,297,151,0
sz300653,0,0,0
sh600812,0,0,0
sh601890,0,0,0
sh603345,0,0,0
sh603806,0,0,0
sz002303,0,0,0
sz300363,0,0,0
sh603321,0,0,0
sz002895,0,548,566
sh600550,0,0,0
sh600818,0,0,0
sz002841,0,485,0
sz300599,0,0,0
sh603567,0,0,0
sh600137,0,0,0
sz002361,0,0,0
sz002856,0,0,0
sh601099,61006,40139,0
sz300174,0,0,0
sh600354,8630,1833,0
sz002170,0,0,0
sz002176,45453,37630,0
sh601015,1423,0,0
sh600528,43543,9321,938
sz300545,0,0,0
sh600247,0,0,0
sz002569,644,1582,0
sh603001,0,0,0
sz300084,0,4115,0
sh600977,39996,49177,5977
sz002211,0,0,0
sz002081,5206,19045,923
sz300595,201,0,0
sh600992,0,0,0
sz300233,0,2366,0
sz300035,0,0,0
sz002497,85654,115234,5717
sz300304,0,0,0
sz002573,6328,12142,0
sh600089,3981,4888,0
sz002899,0,0,0
sh600594,0,1207,0
sz002611,0,0,0
sz002676,10965,7999,0
sh600105,0,0,0
sh600764,540,4892,0
sh600691,3823,4502,0
sh600599,0,0,0
sh600708,0,0,0
sz002788,0,0,0
sz002500,14706,0,0
sz002477,6356,19921,0
sz002630,8326,5019,0
sh600993,0,1200,0
sz000333,30140,34527,1025
sz000593,0,0,0
sz002319,0,0,0
sh600808,44400,109740,0
sh603429,0,500,0
sz300413,13589,11763,246
sz300263,0,0,0
sz000779,0,0,0
sz300137,4490,3785,0
sh601857,36859,37584,0
sz300422,0,0,0
sz300293,0,0,0
sh600783,14146,1826,2657
sz002660,0,0,0
sz002408,1035,2419,0
sh601011,8928,13403,1941
sz300688,3094,17400,1651
sz300638,0,0,0
sh600522,17597,32877,1070
sh600222,0,0,0
sz300625,0,0,0
