sh601727,4481,37836,0
sh601006,347586,350540,12863
sh600229,0,0,0
sz300567,0,0,0
sh600708,5717,73712,2329
sz300120,0,0,0
sh601518,0,0,0
sz002436,3816,2125,0
sh601566,1146,1740,695
sz001696,0,0,0
sz002441,0,0,0
sz000807,100631,126459,1858
sz000401,11789,31248,1231
sz002331,2700,0,0
sh603871,0,0,0
sz300227,523,0,0
sh603566,0,0,0
sh600729,1380,0,0
sz300359,0,2676,0
sz300451,11230,53032,0
sz000851,1781,0,0
sh603817,2591,0,0
sh601998,179071,295112,6054
sh600336,0,0,0
sh600173,1904,2538,0
sh600130,8863,0,1852
sz002138,0,932,0
sz300448,0,0,0
sz000062,4345,568,0
sh600234,0,0,0
sh600381,0,0,0
sh603110,0,0,0
sz002762,0,0,0
sh603633,0,0,0
sh600816,12121,16537,2160
sh603117,0,0,0
sh601718,2488,5235,0
sz000661,1420,1176,0
sz002734,0,461,0
sz002302,41736,33960,3656
sz300377,3138,8608,0
sz002446,0,4020,0
sz300697,1883,1361,0
sh600387,0,0,0
sz000830,142202,203668,31032
sz002388,0,0,0
sz300321,0,0,0
sh603118,0,0,0
sz002886,0,0,0
sz300327,800,496,0
sh600426,35754,77721,1896
sz002642,0,4334,0
sh600804,16366,14812,0
sz300654,378,528,0
sh600192,0,0,0
sz300384,0,0,0
sz002806,0,0,0
sz300483,0,0,0
sh600518,55384,70733,0
sz000816,57731,122140,0
sz300025,0,0,0
sh603777,0,0,0
sh600060,8480,16129,0
sh600165,3009,1502,0
sh603355,0,863,0
sz002069,0,0,0
sh603278,0,0,0
sz300343,46256,99135,2099
sz002529,5047,3118,0
sz002856,4664,0,0
sz300701,0,378,0
sh603416,0,0,0
sz002790,0,0,0
sz300374,0,0,0
sz002414,0,0,0
sh600371,0,0,0
sz000416,0,2310,0
sh603579,0,624,0
sz002533,2201,8169,0
sz300419,0,0,0
sh600863,12150,23313,0
sh600805,0,0,0
sz300284,678,3723,0
sz300101,1653,5303,0
sz000910,458,1966,601
sz300502,0,520,0
sh603313,2192,1014,0
sz300630,489,203,0
sz000338,95648,170416,7116
sz002065,8051,25374,0
sh600298,8603,14905,368
sh601678,46623,61693,0
sz300445,0,0,0
sz300302,0,1382,0
sh600653,10000,0,0
sh603617,0,0,0
sz002748,0,0,0
sz300027,101384,183567,8901
sz002706,0,0,0
sz300076,0,0,0
sh603383,0,0,0
sz002313,7921,5617,0
sz300543,0,0,0
sz002164,0,0,0
sz000825,389553,718378,18461
sh600999,59885,94539,3767
sz002768,0,1333,0
sz002279,0,0,0
sz000802,1156,4514,0
sh603357,0,0,0
sh600883,0,0,0
sz000710,867,288,0
sz300430,0,1133,0
sh603669,0,0,0
sz002703,0,0,0
sh600397,0,0,0
sz002819,0,0,0
sh600475,0,0,0
sz300185,0,27036,0
sh603319,0,0,0
sh600109,6136,33712,0
sz002617,958,1322,0
sh600340,127625,185216,16066
sz300610,0,0,0
sh600310,0,3000,0
sh603289,1809,1861,0
sh601969,0,0,0
sz002498,0,0,0
sz300165,0,0,0
sz002327,6516,14353,0
sz000903,0,0,0
sh603519,0,0,0
sh600012,1067,1100,0
sh603389,0,0,0
sz002061,4244,708,0
sz002644,4175,0,0
sz002896,0,0,0
sz002925,29850,18883,4124
sh600353,0,2040,0
sh600020,3749,24391,0
sz300291,17532,9649,0
sh600022,282636,405990,0
sz300530,0,0,0
sh603069,5085,1200,0
sz000723,2541,9084,0
sh600725,0,0,0
sz002157,2137,8446,0
sh603879,5448,2090,0
sz300170,1010,16795,0
sh600579,0,0,0
sz000610,0,0,0
sz002860,0,336,0
sz002534,0,0,0
sz002745,296,317,0
sz300531,0,2313,0
sz300070,19555,38600,0
sz300172,0,0,0
sh600248,0,0,0
sz000633,12775,2916,0
sz000505,6487,9461,0
sz000507,11156,16747,0
sz000607,0,2598,0
sh600079,4387,8361,0
sh603366,0,2088,0
sz002655,8248,5229,0
sz300689,0,0,0
sz000927,0,5200,0
sz300586,0,0,0
sz000932,112708,154490,19874
sh600000,800200,958521,7809
sh600702,13536,9816,0
sh600410,1144,1559,0
sz002419,4101,5024,632
sz002576,10134,0,0
sz002882,0,855,0
sz300140,2557,0,0
sz000952,3200,967,0
sh600886,21605,52686,0
sz300418,6427,19754,0
sh600114,0,0,0
sz300212,20312,7004,1206
sz300020,0,5931,0
sz002440,19493,15171,851
sz000159,0,0,0
sz000803,0,0,0
sz300657,0,0,0
sh600536,2369,1292,0
sz002159,3288,2349,0
sh603298,0,884,0
sh600355,145229,2067,5132
sz300467,1815,0,0
sz300727,3474,2909,0
sh603042,0,0,0
sh600346,10917,30028,0
sh603181,0,537,0
sh600030,1174153,1521294,78151
sz300405,0,0,0
sz002591,0,0,0
sh603757,0,1005,0
sh601878,5665,10558,773
sh603716,0,0,0
sz300187,0,0,0
sz002825,0,0,0
sh600610,0,3393,0
sz000975,6122,16132,0
sh603557,0,662,0
sz300214,0,0,0
sh600770,7531,22343,0
sz300568,741,0,0
sh600107,904,0,0
sz000572,3909,0,0
sz002551,2219,1468,0
sz000524,0,0,0
sz000596,5326,6388,504
sh601599,0,4408,0
sz002397,0,0,0
sh601099,49203,53307,0
sz002135,0,0,0
sz002821,337,482,0
sz002062,0,0,0
sz300054,7389,7439,0
sz002228,0,0,0
sh600243,0,0,0
sh600528,3147,14198,0
sh603808,605,3185,0
sz002416,2495,1676,0
sz000976,3970,18922,0
sz300207,8426,14974,0
sz002918,657,925,0
sh600755,14117,65311,0
sh603618,0,0,0
sz002068,2000,14513,0
sz002810,8725,613,0
sz000425,99068,239481,0
sz002380,0,0,0
sh603978,0,0,0
sz300401,18567,16579,461
sh600138,11676,11223,0
sz002083,0,1900,0
sh600019,1042671,1073282,50595
sz002235,14313,17467,0
sh603987,0,0,0
sz002773,0,719,0
sh600775,0,0,0
sz002539,0,2797,0
sh600100,3669,11190,0
sh600127,0,0,0
sz002595,0,0,0
sh601985,96895,95952,0
sz300344,0,0,0
sz002187,0,0,0
sh600545,0,2742,0
sz000970,7025,32352,1016
sh600660,14895,20480,2546
sz002050,67318,111581,4884
sz002115,0,4957,0
sz000667,4076,66465,0
sz300311,0,0,0
sh600136,0,0,0
sz002917,0,0,496
sh600532,10726,0,1401
sh600638,0,0,0
sh603648,0,1424,0
sh603628,0,1010,0
sz002543,566,995,0
sz300638,0,0,0
sz002566,0,0,0
sh600190,0,0,0
sz002678,0,0,0
sz002574,0,0,0
sh603283,0,1514,447
sh600846,21493,20549,0
sz300487,5821,18135,556
sz002772,0,0,0
sz000955,1856,2044,0
sz000752,796,0,0
sh603677,0,0,0
sh600488,0,3000,0
sz300223,1319,2989,0
sh601113,2732,0,0
sz002031,0,0,0
sh600548,1600,2411,0
sh600861,0,0,0
sh603937,3558,0,0
sz002289,0,0,0
sz002546,0,0,0
sz002152,3741,17084,0
sz002342,0,4041,0
sh603556,0,0,0
sz002166,0,0,0
sz000595,0,3323,0
sh600015,313030,408751,11374
sz002815,0,414,0
sz000567,5000,1839,0
sh603367,0,635,0
sz300481,0,711,0
sz002463,5079,8975,0
sz300153,1549,0,0
sz300308,1517,2944,0
sh600276,33499,50962,3961
sh600328,1269,3810,0
sz300500,0,510,0
sh601011,4645,17019,1855
sh601377,28324,100601,1507
sh600537,0,10300,0
sz300318,0,0,0
sz300037,579,566,0
sz000517,30318,38002,0
sz002132,28023,20000,0
sz000021,8377,19942,0
sh603027,0,715,0
sh603825,0,401,0
sz300446,0,0,0
sh600175,9082,8396,0
sh600823,34949,57449,0
sh603976,0,0,0
sz000933,28490,67558,0
sz000818,0,2272,1120
sz002645,0,0,0
sh600241,0,0,0
sz300470,0,0,0
sz000637,0,0,0
sz300466,0,1170,0
sz300491,0,0,0
sh603305,0,0,0
sh600988,53684,13756,1827
sz002217,0,0,0
sh603188,0,3450,0
sz002891,0,0,0
sh600312,0,9823,0
sh600438,65142,118548,2226
sh600061,3851,11329,0
sz000544,5665,0,0
sz000695,0,0,0
sh600351,3527,10936,12049
sz300281,0,0,0
sz300453,0,940,0
sh600705,40554,52095,4319
sh601700,2001,0,0
sz002639,7123,5554,0
sz002793,0,0,0
sh600200,0,8522,0
sh600280,0,0,0
sh600358,5898,0,0
sh600897,1367,0,0
sz300703,0,0,0
sz002305,0,0,0
sz300592,0,0,0
sh603559,2499,2025,0
sz300057,0,0,0
sh603528,0,0,0
sz000838,2738,6197,0
sh603058,26512,17818,2554
sz300355,14406,22689,0
sz002105,0,0,0
sz300532,0,0,0
sh603229,0,0,0
sz002032,0,261,0
sh603701,0,0,0
sz300142,6437,10337,0
sh600520,0,0,0
sh603789,0,0,0
sh600101,0,0,0
sz300112,0,0,0
sh600268,0,0,0
sh600588,23233,16652,0
sh600199,0,1578,0
sz002805,512,0,0
sz002106,3283,4246,0
sz002705,0,0,0
sz300012,0,0,0
sz300403,0,0,0
sz002555,2945,6165,0
sh603488,10067,5846,0
sh600291,7236,12515,0
sh600977,12419,10943,0
sz000157,26631,89897,0
sz002001,21686,26259,471
sz002193,0,0,0
sh603015,0,0,0
sz300423,0,0,0
sh600630,0,2524,0
sz002677,0,0,0
sz002573,3142,21543,827
sh600115,539059,513959,37811
sz002849,0,0,0
sz300332,5000,7243,0
sz300472,0,0,0
sz300345,0,0,0
sh603506,0,0,0
sz002910,0,1005,1027
sz300527,0,952,0
sz002392,0,4000,0
sz002391,0,0,0
sh603177,0,1281,0
sh600780,0,0,0
sh603339,0,0,0
sz002876,0,0,0
sh601311,0,3376,0
sh603388,0,680,0
sh603637,0,510,0
sh600247,1692,3035,0
sz002360,0,0,0
sz300289,1551,0,0
sz002707,1128,4397,0
sz002350,0,0,0
sh603595,312,168,203
sz002304,7327,14994,1262
sh600317,0,0,0
sz002880,0,0,0
sh600573,0,0,0
sz000429,1393,3898,0
sz300738,15525,1257,228
sh600894,0,1431,0
sz300124,2754,4091,0
sz002843,0,0,0
sh601169,551539,528721,6289
sz300263,5078,2719,0
sh603186,0,0,0
sh600750,0,7800,0
sz300141,0,0,0
sh600777,3718,30612,0
sz000697,1301,3097,0
sz002043,2039,13669,0
sz300095,0,1779,0
sh600809,119580,35672,2899
sz000777,0,2521,0
sh603337,0,0,267
sh603158,1000,1473,0
sz002046,0,0,0
sz300608,0,0,0
sh603698,0,0,0
sz300259,0,0,0
sz002117,0,1589,0
sz000591,0,0,0
sh601808,4256,21240,0
sh601799,0,1829,0
sz002899,0,0,0
sz002347,0,2243,0
sh600874,0,2046,0
sz002847,376,2297,0
sh603605,750,562,0
sz000906,0,1500,0
sz002371,8345,14050,0
sz300413,1444,1795,0
sh600483,0,0,0
sh603077,73872,53030,0
sh601000,15367,51487,0
sh603963,0,0,0
sz300554,1063,201,0
sz000999,2932,0,0
sz000430,0,0,0
sh600467,0,0,0
sz002715,9665,0,950
sh601607,2176,9292,704
sh601318,738988,1058954,89661
sh600018,114188,153037,4193
sh603377,0,320,0
sh600737,0,14770,0
sz300496,5441,6566,1037
sz002482,0,0,0
sh603178,0,0,0
sh601800,60334,44338,5245
sh603776,402,471,0
sh600295,0,801,0
sz000837,0,0,0
sh601699,243706,325932,21550
sh601101,10176,23345,0
sh603203,318,307,0
sh601128,36475,25352,0
sz000592,49456,79311,0
sh601888,19742,24573,2418
sz000531,0,0,0
sz300368,0,0,0
sh600519,31606,32058,5582
sz000981,0,0,0
sz000619,0,0,0
sz002535,0,0,0
sh603843,3301,1831,800
sh600480,813,3219,0
sz300390,0,0,0
sz300272,0,0,0
sz000089,5064,9125,0
sz000931,0,0,0
sz002757,1512,1026,300
sz002172,0,0,0
sh600724,0,0,0
sh600016,554602,743051,33884
sz000065,872,801,0
sz002547,109404,53878,5528
sz002290,0,1536,0
sz002811,0,0,0
sz300021,41222,28740,3339
sz002443,13171,0,0
sh600529,3159,1267,0
sz300449,0,0,0
sz002318,2583,6892,0
sh600422,0,2000,0
sz002252,0,2159,0
sz000166,139139,95740,0
sz300287,96150,28438,4180
sh600303,1602,6290,0
sz002652,0,0,0
sh600662,5911,0,0
sz002474,3666,0,0
sz300203,1551,3122,0
sh600815,0,0,0
sz300715,0,0,0
sh603000,1804,1092,0
sz000709,276625,370952,0
sh603322,0,0,0
sz300307,0,0,0
sz002568,0,0,0
sh603030,1610,0,0
sz002526,0,0,0
sz300546,0,0,0
sh600118,1840,9110,510
sz002240,17336,3858,0
sz002185,22578,45282,0
sh600855,4047,1039,0
sz002708,6267,3496,1801
sz002292,0,0,0
sh601996,0,7040,0
sz002611,2000,0,0
sh601328,2022438,2275365,30887
sh600287,0,0,0
sz000791,0,0,0
sz000850,0,0,0
sh600966,22806,72079,0
sz002485,4286,0,0
sz002666,29141,12518,1844
sz002379,0,0,0
sh601038,1797,1621,0
sh601069,21829,46925,0
sz300074,1712,3465,0
sh600652,4055,3709,0
sh600242,1200,0,0
sh603323,40332,52628,7749
sz002194,0,0,0
sz002017,0,0,0
sh600395,3489,25465,0
sz300427,0,0,0
sh603779,0,0,0
sh600605,0,0,0
sz300388,0,0,0
sz002908,1173,0,0
sh603888,0,0,0
sz000568,22289,21575,3839
sz002737,0,0,0
sh603758,2625,1037,0
sz300144,3025,8722,1004
sh601199,0,0,0
sz000788,0,0,0
sz002372,634,1581,0
sz002149,0,1293,0
sz002430,0,1261,0
sh601717,0,5336,0
sh600704,5431,21644,0
sz000683,0,55421,0
sh600872,4140,4615,0
sh601018,15353,40957,0
sz002531,0,4982,0
sz300698,0,502,0
sz000676,0,891,0
sz002774,0,0,0
sh600004,29208,28676,3250
sh600507,70777,90686,2387
sh601519,2700,12419,0
sh600763,763,1857,578
sh600189,0,0,0
sz000826,6455,15053,0
sh600251,7139,10695,0
sz002625,571,0,0
sh601689,580,977,0
sh603086,0,0,0
sz002883,0,0,0
sz002504,53018,10425,0
sz000506,0,0,0
sh600898,0,0,0
sz002735,0,0,0
sh600774,0,0,0
sh600356,0,2774,0
sh601058,30309,12009,0
sz300652,0,0,0
sh600073,0,2010,0
sh600694,771,2331,0
sz300102,16510,1755,0
sz002816,0,0,0
sz300508,0,0,0
sh603933,0,408,0
sz300196,0,0,0
sh601333,36313,130767,0
sh600661,0,471,0
sz002502,1379,0,0
sz300605,0,0,0
sz000525,1483,1512,0
sz002181,0,0,0
sh603232,0,0,0
sz002473,1909,0,0
sz002479,1541,2405,0
sh600674,7969,23410,1062
sz002133,0,3667,0
sz300516,0,0,0
sz002367,0,0,0
sz002141,0,0,0
sz300565,0,0,0
sh603889,717,1555,0
sz002858,0,487,0
sz001979,139207,161446,9023
sh601880,22150,29972,0
sz000657,1085,987,0
sz300456,3641,350,0
sh603966,0,0,0
sz002540,0,2000,0
sz000581,6180,20248,711
sz300486,0,0,600
sh600687,3155,1981,0
sz300439,0,0,0
sz300062,0,0,0
sz002658,0,0,0
sh603238,0,0,0
sz000589,0,0,0
sz002408,3912,4886,0
sz002424,1005,0,0
sh603668,0,0,0
sz002361,0,0,0
sh600177,15284,22287,2791
sz002603,740,6449,0
sz300706,0,1065,235
sh601368,0,0,0
sz002299,7319,11381,0
sz002909,0,0,0
sz002782,0,0,0
sz002151,9934,22544,0
sh603368,0,264,0
sz002119,0,0,0
sh600499,0,31278,0
sz300549,0,0,0
sh600671,3065,0,0
sh600909,6806,17797,0
sz300560,0,660,0
sz300468,0,325,0
sz002903,640,0,0
sz300557,0,0,0
sh603578,348,0,0
sh603078,0,0,0
sh600017,0,28707,0
sh603083,322,300,0
sz300686,0,0,0
sh603063,0,0,0
sh600260,2505,4450,0
sh600250,0,0,0
sz300522,0,0,0
sh603703,0,0,0
sz002913,379,668,0
sh603103,1675,2326,336
sz300645,0,370,0
sh603067,0,0,0
sh603555,5201,12983,1500
sz002923,4028,2132,284
sh600398,423904,271832,40800
sh603768,0,0,0
sh600680,0,0,0
sh600166,18367,70913,0
sh600372,3241,1449,0
sz300407,1000,0,0
sz300639,228,0,0
sz002461,0,2016,0
sz300653,0,0,0
sz300194,2167,0,0
sh600759,5087,9286,0
sz002118,5752,9386,0
sz300505,1953,0,0
sz002374,0,0,0
sh600335,6549,12518,0
sz002428,4358,13149,0
sz002022,0,4186,0
sz000935,6977,10591,0
sh600975,0,0,0
sz300731,0,0,0
sh600386,0,0,0
sh600629,731,0,0
sh600307,39220,41350,0
sh600235,0,0,0
sz300231,2289,1102,0
sh601872,9182,14155,0
sz300474,0,1984,0
sz000630,204276,394344,0
sh603099,0,0,0
sz300243,0,0,0
sz000068,0,0,0
sz002696,0,0,0
sz000671,225552,175283,10625
sz002872,0,0,0
sz300045,0,2121,0
sz002375,2005,14568,0
sz300618,4874,3969,880
sh600691,0,17058,0
sh601608,22611,20658,0
sz000886,22541,43938,9955
sz300008,0,2219,0
sz300473,0,0,0
sh601866,0,21839,0
sh600594,5009,17228,0
sh600742,0,3778,0
sz300509,0,0,0
sz002079,0,1596,0
sz002484,0,0,0
sh600470,0,0,0
sz002018,5023,15362,0
sz300174,500,0,0
sh603258,0,0,0
sz002725,0,0,0
sz300690,0,0,263
sz002195,24733,54852,0
sh600323,0,2575,0
sz300626,0,0,0
sz300257,0,2347,0
sz300364,15110,21361,0
sh600645,5701,7154,0
sz300432,0,0,0
sz002767,0,0,0
sh601601,164461,207981,13281
sz300288,1761,1742,0
sh603922,0,0,0
sz002020,0,0,0
sh603580,434,0,0
sh603222,3380,0,0
sz002796,0,0,0
sz300331,0,1800,0
sz300085,962,886,0
sh600110,38724,32232,0
sh600769,4924,0,0
sz000923,563,1186,0
sz002690,0,844,0
sz000408,6811,82309,0
sz002066,1736,0,0
sh603035,0,0,0
sz002243,0,0,0
sz300636,0,0,0
sz000973,0,5540,0
sz002246,0,0,0
sz002196,0,3208,0
sz002376,2479,3591,0
sz002215,0,0,0
sh600339,0,7324,0
sh603979,0,0,0
sh600703,134438,155156,7585
sh600168,0,0,0
sz002395,0,0,0
sh600640,2462,3495,0
sh600354,4984,8741,1609
sz002761,1832,1374,0
sh603663,0,0,0
sz002201,0,0,0
sz300647,0,0,0
sz002200,0,0,0
sh603197,291,0,0
sz002270,0,0,0
sz300328,0,0,0
sh603977,0,0,0
sh600647,0,0,0
sz000989,6800,1584,0
sh603917,0,0,0
sh601003,36442,57094,0
sz300050,0,0,0
sz000409,0,0,0
sh600558,15993,9028,0
sz000925,0,0,0
sh603113,0,624,0
sz300154,0,0,0
sh600828,0,3212,0
sz002034,0,0,0
sz002488,1001,0,0
sh600089,42945,66527,0
sz000422,7822,0,0
sh603727,779,682,0
sz002583,7762,6056,1756
sz002731,0,1442,0
sz300571,202,1135,0
sh600900,87673,142710,3731
sz002386,0,15653,0
sz300688,0,0,0
sh600547,63941,51643,13514
sh601900,0,0,0
sz300461,0,0,0
sh600337,0,0,0
sz300391,0,0,0
sz002654,0,0,0
sh600657,1797,16362,0
sz300667,0,0,0
sz002167,0,3266,0
sz002231,0,0,0
sz000050,16724,11163,0
sz300016,0,1018,0
sz002064,0,5747,0
sz300648,0,362,0
sh600611,0,27989,0
sz002230,98232,137262,19190
sz002058,0,0,0
sz000151,0,0,0
sh600293,4950,0,0
sz300512,0,0,0
sh600403,0,0,0
sh600146,18996,7650,913
sz002743,0,3861,0
sz002184,0,0,0
sh601258,64827,64343,0
sz002197,0,0,0
sz000716,0,0,0
sh603609,0,0,0
sh600098,0,2461,0
sz300588,0,0,0
sz300219,0,0,0
sh600939,0,0,0
sz300002,5200,6312,0
sh603788,0,607,0
sz002199,0,0,0
sz002472,0,0,0
sz300087,2500,0,0
sh603928,0,1107,0
sz300150,0,0,0
sz000617,0,0,0
sh600036,466796,609303,20749
sh603006,0,0,0
sz000731,0,3764,0
sz002681,0,2610,0
sh601218,0,0,0
sz300629,0,705,0
sz002348,0,0,0
sz000922,0,0,0
sh600993,3128,5595,0
sz002643,0,8994,0
sh600801,19339,35129,0
sz002435,600,0,0
sh600714,0,0,0
sh600129,0,3192,0
sz000049,0,673,0
sz002148,3729,9071,0
sz300031,0,0,0
sz002226,0,0,0
sz002600,5497,7542,0
sz300145,13093,10398,0
sh603665,0,0,0
sz300599,0,0,0
sh600063,0,7510,0
sz000611,0,0,0
sz000863,0,0,0
sz300705,0,0,0
sz000404,0,0,0
sz000554,0,6316,0
sh600719,0,0,0
sh601838,0,5010,0
sh603568,0,679,0
sz002315,0,0,0
sz002494,0,1647,0
sz002820,0,0,0
sh600476,0,0,0
sz300615,0,0,0
sh601929,0,0,0
sz300545,0,0,0
sz002179,3376,2137,0
sh600232,0,3826,0
sh600760,25959,20813,915
sz000959,2620,0,0
sh600887,457125,450709,22090
sz300026,4510,17511,0
sz000017,0,0,0
sz300469,637,300,0
sz300181,0,3781,0
sh600812,0,0,0
sz000980,0,0,0
sh603308,0,0,0
sz002206,0,0,0
sz002919,962,0,735
sz300716,0,0,0
sh600998,1165,0,0
sh600635,0,10952,0
sz000501,615,8929,0
sz002633,0,0,0
sh601127,0,0,0
sh600764,2470,464,0
sz002853,0,934,0
sz002310,5557,3595,0
sh600712,4358,0,0
sh601579,0,0,0
sz000651,317726,337458,49670
sh600163,0,0,0
sh600873,6218,32743,0
sz300117,0,2151,0
sz002458,0,0,0
sh600104,119645,148192,5496
sz000958,0,7390,0
sz300035,0,0,0
sz300475,0,0,0
sz300622,0,0,0
sz002841,0,0,0
sz000953,0,0,0
sz002186,1007,0,0
sh600143,0,11847,0
sh600462,3295,0,0
sh601811,0,0,0
sz000099,0,0,0
sh600505,0,0,0
sh601211,112490,182860,4159
sh603683,4734,0,1003
sh600684,1700,15014,0
sh600965,0,0,0
sh600230,4961,6476,0
sz002262,1911,5347,0
sh600538,0,0,0
sz300736,358,0,0
sz002343,844,4760,0
sz000063,177331,170770,31888
sz002487,0,0,0
sz300019,0,0,0
sh600686,0,0,0
sh601086,42534,48164,2487
sz002747,0,1211,0
sz300066,0,4398,0
sz300478,0,0,447
sz300612,4388,2727,1069
sh600311,0,3535,0
sz300671,0,0,0
sh603516,0,0,0
sz300664,2556,1261,0
sz300119,0,0,0
sz002176,7118,13938,0
sz002719,1000,486,0
sz300125,5212,600,0
sz300235,0,0,0
sz000519,0,1624,0
sz002840,2483,1014,0
sh600033,3611,11733,0
sh600603,1384,2829,0
sz300155,0,0,0
sz300043,0,0,0
sh600595,0,22875,0
sh600756,1180,4496,0
sh601198,12375,15777,0
sz000668,0,1274,0
sz300305,0,0,0
sz300609,0,0,0
sz000530,0,5106,0
sz000905,1884,2388,0
sh600327,0,0,0
sz000878,33728,32921,1528
sz300460,0,0,0
sz000985,0,0,0
sh600667,7579,38028,0
sz002740,0,0,0
sz000786,38379,62120,2841
sh600628,0,0,0
sh603813,1553,0,0
sh600510,0,0,0
sz000555,0,0,0
sh601228,0,8117,0
sh603168,0,0,0
sz300366,0,1269,0
sh600331,0,0,0
sh600392,34539,54489,0
sz000725,2934705,3348417,42626
sh600890,27916,0,0
sh600416,6005,0,0
sz000158,0,0,0
sz002060,0,4803,0
sz300585,2588,0,0
sh600158,15745,43056,12801
sh600613,0,0,0
sz300127,0,0,0
sz300105,0,0,0
sh603980,1611,1451,0
sh601567,0,0,0
sz300385,0,0,0
sz300733,770,744,0
sh600319,13555,0,0
sh603811,0,0,0
sh600506,1264,2585,0
sh600486,400,4288,861
sz000088,0,5777,0
sz300184,0,0,0
sz002284,1740,1495,0
sz000948,0,0,0
sh603037,0,0,0
sz002344,0,4768,0
sz300379,3600,0,0
sh600796,0,0,0
sz002192,1463,1002,0
sh603985,0,0,0
sh600439,25361,2170,0
sh600460,176512,139588,11607
sz300663,13084,8228,0
sh600797,4143,24248,0
sz300429,0,530,0
sh603189,0,0,0
sz300582,0,0,0
sh603826,0,0,0
sz000042,0,0,0
sz002293,1000,5645,0
sz300293,0,0,0
sz002588,1439,1455,0
sh600080,84028,1452,0
sh603286,0,0,0
sz000400,0,16231,0
sz300169,0,0,0
sz000898,135430,191608,3472
sz300712,0,0,0
sh603508,0,0,0
sz002188,0,0,0
sh600501,0,0,0
sz002724,0,0,0
sz002155,10960,10234,0
sz000585,0,0,0
sh600120,2422,1165,0
sz000419,0,0,0
sz002637,0,2641,0
sh601126,0,0,0
sz300498,12720,37685,1017
sz002042,2592,6219,0
sh600871,4934,8773,0
sh600851,0,2000,0
sh603126,0,2385,0
sz300193,0,0,0
sz002769,6985,727,0
sz002798,0,325,0
sz002170,0,0,0
sh603536,0,0,0
sh603002,0,0,0
sh600105,6599,2000,0
sz000023,0,0,0
sh600895,0,3843,0
sz000918,0,34374,0
sz002665,0,3591,0
sh600979,0,0,0
sh600844,0,0,0
sh600512,8594,2842,0
sz002207,4760,40228,0
sh603183,0,300,0
sz002838,0,0,483
sz300422,0,4062,0
sh601886,0,5684,0
sz300163,0,0,0
sz000987,0,0,0
sz002532,0,0,0
sh603129,0,0,0
sh603198,0,0,0
sz000301,2295,6684,0
sz300447,0,0,0
sh603320,0,0,0
sz300737,49615,19071,5740
sh600985,2276,6147,0
sz300285,0,0,0
sz002211,0,0,0
sz300073,0,2972,0
sh601616,0,0,0
sz002911,0,1729,0
sz002274,0,0,0
sz002341,3000,0,0
sz300517,0,0,0
sz002250,0,0,0
sz300538,0,0,0
sz002818,0,0,0
sh600172,3366,12579,0
sh601908,5745,0,0
sz002387,3000,5910,0
sh601222,1374,5440,1505
sz000711,1285,0,0
sz002916,3082,6335,0
sh601611,1254,5355,0
sz002478,0,0,0
sh600821,1799,0,0
sh601233,34424,49318,4594
sz000828,0,2216,0
sz002088,0,3248,0
sh600679,0,0,0
sh600083,0,0,0
sz002867,0,0,0
sz300633,0,0,0
sz300228,0,0,0
sz000418,453,2144,0
sz300677,7020,2508,255
sh600072,1008,6732,0
sh600193,3000,0,0
sh601375,4498,8597,0
sz300628,122,910,0
sz300665,0,503,0
sh600696,0,0,0
sh600223,4335,0,0
sz000538,9633,8516,422
sz002518,0,0,0
sz000040,0,1500,0
sh600718,10142,7042,0
sz000532,1495,0,0
sh600758,0,0,0
sz300088,59386,93443,2770
sz002280,6081,7394,0
sh603616,3173,0,0
sz002689,0,0,0
sz000962,0,0,0
sh600884,7970,22899,0
sz000801,0,7818,0
sh600962,4895,0,0
sh600026,1900,12662,0
sh600552,0,0,0
sz300189,0,0,0
sz000421,0,0,0
sz000701,0,0,0
sz002415,175588,161784,10865
sh600116,0,0,1620
sz002829,0,0,0
sz000815,0,0,0
sz300433,5232,10854,702
sz002691,465,0,0
sh603338,200,706,0
sh600198,25672,19248,7947
sh603881,0,745,0
sz000058,0,0,0
sz000055,12652,52230,5038
sh600648,0,2626,950
sz002565,0,0,0
sh603200,0,0,0
sz002389,3025,5210,0
sh603678,0,2302,0
sz300108,0,0,0
sz002833,362,987,0
sh603444,0,204,0
sh603080,4609,3203,0
sz000929,980,0,7740
sz002687,0,1993,0
sh600067,6074,8262,0
sz002233,1033,6654,1508
sh601028,0,0,0
sz300179,0,0,0
sh600793,0,0,0
sz000797,1149,3000,0
sh603393,0,0,0
sz000665,0,3933,0
sz300577,0,0,0
sz002756,0,0,0
sh600976,1005,456,0
sh601633,4598,8107,0
sh600095,0,0,0
sz300199,1877,2482,0
sz002906,0,0,0
sh603816,1894,4373,399
sz300458,0,0,0
sh601818,1955137,2217083,72548
sh601777,0,8189,0
sz300417,0,0,0
sz300551,0,0,0
sh600283,0,2180,0
sh600726,0,0,0
sz000410,3264,2643,0
sz300365,500,949,0
sz300735,1481,7220,0
sz002465,18662,12076,0
sz300342,2316,1000,0
sh601177,0,0,0
sh600183,5794,30742,0
sh603333,0,0,0
sz002648,21140,16567,684
sh603385,708,584,0
sz002602,1000,3727,0
sh601116,700,0,0
sz000862,0,0,0
sz000001,767302,890582,30576
sz000537,20762,49289,0
sz300710,0,0,0
sh603369,0,2703,0
sz002169,0,0,0
sz300394,0,0,0
sh600713,3410,2663,0
sh600208,99651,176198,0
sh600321,8797,11106,0
sz300094,0,0,0
sh603848,664,0,0
sz300265,0,0,0
sh603277,0,0,0
sh603558,0,0,0
sz002912,273,513,0
sz000821,2012,0,0
sz300113,77091,64321,5556
sz002823,901,0,0
sh600973,2737,0,0
sh600141,3269,5467,0
sh603676,4896,1764,0
sz300611,0,0,0
sh600566,2166,2607,0
sh600701,0,0,0
sz002273,7948,10378,0
sz300249,3878,0,0
sz002598,0,0,0
sh603268,0,0,0
sh600754,4684,6987,0
sz000727,38529,58703,0
sz300655,0,0,0
sz300132,0,1560,0
sz000573,0,0,0
sz300421,0,0,0
sz300529,0,0,0
sz002084,0,0,0
sh601012,68835,87413,8878
sz000002,168616,231468,5164
sz002842,289,671,0
sz002277,0,8109,0
sz002557,0,0,0
sz002890,0,0,0
sh601288,4085685,4583636,131589
sz002632,0,0,0
sh603767,0,0,0
sh600830,0,4125,0
sh600373,2427,7896,0
sh600131,0,0,0
sz002476,0,0,0
sh601111,163007,187586,13824
sz000652,0,3000,0
sz000876,39602,88380,0
sz002701,1973,5158,0
sz000698,0,0,0
sh601163,0,0,0
sh603655,608,0,0
sz002100,0,3993,0
sz002519,0,6562,0
sz300596,0,0,0
sz000726,1000,4176,0
sh600560,3707,0,0
sh603626,0,0,0
sh600633,1893,5716,0
sz300519,0,0,0
sz002272,0,0,0
sz002218,3767,5955,0
sz000969,0,2790,0
sz300034,6068,1361,0
sh600651,1194,4528,0
sz002492,0,0,0
sz002926,0,0,0
sz000004,0,0,0
sz000598,0,51371,0
sh601002,5942,11641,0
sz002202,29345,15046,1028
sh600266,2951,14708,0
sh603859,0,0,0
sh600649,2371,2589,0
sz300425,0,0,0
sz002791,0,0,0
sh600119,0,0,0
sh600583,37085,85270,0
sz300353,0,940,0
sz000990,0,3703,0
sz002563,2045,5419,0
sz002067,4988,45699,0
sz300352,8408,0,0
sz300584,0,400,0
sz002468,1671,958,0
sz300022,2229,6105,0
sz002178,0,0,0
sh600841,0,0,0
sz002623,0,0,0
sh600688,61843,89023,2201
sh600744,0,0,0
sz300013,0,778,0
sh600551,0,0,0
sz300313,6001,1576,0
sh601882,0,0,0
sh600161,6232,7433,0
sz002237,11796,14185,0
sz002255,0,2826,0
sz002190,3591,2599,566
sh603989,0,466,0
sz002824,0,0,0
sh601020,0,586,0
sh603496,0,0,0
sz300197,2271,14750,0
sz300036,0,3860,0
sz300713,187,219,0
sh603838,0,0,0
sz002770,0,0,0
sz000949,0,0,0
sz002406,0,0,0
sh600570,24746,45174,3437
sz300252,0,0,0
sz000751,7795,33236,0
sh603029,586,1688,0
sh600917,0,0,0
sz001896,0,5460,0
sz002827,0,0,0
sh603721,0,0,0
sh600730,0,0,0
sz000997,3385,8100,2001
sh603001,0,1887,0
sh600216,1881,5706,1001
sz002736,7680,23906,0
sz300641,0,6866,0
sz002697,2147,1830,0
sh603567,0,1000,0
sh600090,14940,4011,0
sh603856,1001,0,0
sh603365,0,1492,0
sh603138,443,0,0
sz300233,3605,0,0
sz000504,4700,1398,1600
sz002229,54661,51328,7926
sz002695,0,0,0
sh603588,1502,985,0
sh600066,20599,50602,0
sz002405,64540,85928,3632
sz002324,912,0,0
sz002845,0,0,0
sz002204,0,0,0
sh603877,0,861,0
sz002889,602,0,0
sh600636,0,10963,0
sz002429,0,13478,0
sz002780,1680,0,1005
sz300623,0,0,0
sz000893,2040,16112,0
sh600549,15047,15401,2405
sh600503,0,4020,0
sh600787,14755,23266,0
sh601398,2651238,2739976,70933
sz002635,2613,5960,0
sh603938,387,388,0
sh603199,0,0,0
sh600876,678,0,0
sh603166,0,1675,0
sz300053,26993,19336,0
sz000550,1192,3439,0
sh600572,5210,12312,0
sh600123,16149,25339,3045
sz300096,4084,5767,0
sz000069,118349,163774,2346
sh600857,0,0,0
sh600608,0,0,0
sh600728,0,4808,0
sh603106,1209,1603,0
sh603041,0,0,0
sh600186,48042,28397,0
sz300078,0,4499,0
sh600864,0,0,0
sz300576,0,0,0
sz300395,0,0,0
sh600409,57424,86591,5999
sz000961,15741,63688,0
sh600869,0,7363,0
sh600345,0,1374,470
sz002014,0,0,0
sh600789,81162,130630,7436
sh600508,836,6037,0
sz002396,2448,17676,604
sz000790,0,0,0
sz000038,0,0,0
sh600698,0,2037,0
sz300550,0,0,0
sz002801,0,0,0
sh600996,0,2343,1226
sh600668,0,4846,0
sh600481,0,3568,0
sz002646,815,1825,0
sz002030,0,0,0
sz002385,13063,37362,0
sh601939,890935,974159,18413
sh600526,0,0,0
sh600281,0,0,0
sz000100,38718,198957,0
sz002491,0,0,0
sz002888,0,0,0
sh603380,0,0,0
sh603800,0,0,0
sz300100,0,0,0
sh603515,591,0,0
sh600023,79985,52480,0
sz002915,12456,3778,693
sz000514,0,0,0
sh600888,0,5057,0
sh600423,3208,13226,0
sz002094,1401,3581,0
sh600068,198411,184060,11828
sz002521,7376,4142,1052
sz002330,0,0,0
sz002283,0,2459,0
sz000150,1266,0,0
sh603958,0,0,0
sh600489,86888,84977,0
sz000488,76038,126614,6479
sz002500,22063,44434,3053
sz002885,0,0,0
sz002593,0,0,0
sz300644,0,0,0
sh603708,0,0,0
sh600767,0,0,0
sh603060,0,0,0
sz300104,0,0,0
sh600961,0,0,0
sz300176,642,1255,0
sh603050,0,0,0
sz000983,81379,151229,4204
sh603903,0,0,0
sh603056,87380,48330,3429
sz300438,0,610,0
sz000411,0,0,0
sh603895,5420,4044,845
sz300264,0,0,0
sh600822,0,1960,0
sz300319,3800,0,0
sz000908,0,0,0
sh600567,82297,226588,0
sh600070,0,0,0
sz300316,38209,49598,1288
sz002351,0,0,0
sz300591,0,0,0
sz000060,191090,296179,17718
sh600967,12072,15237,0
sh603926,0,0,0
sz000690,12990,69436,0
sz002282,0,0,0
sz000971,905,1000,0
sz000880,0,0,0
sh603728,621,697,0
sz300670,0,0,0
sz300183,1154,0,0
sz000738,4720,4555,0
sh603336,0,0,0
sh603180,71,519,0
sz000883,3011,2215,0
sz000153,0,0,0
sz300204,0,0,0
sz002682,0,1365,0
sh600602,4965,1593,0
sh603076,0,0,0
sz002236,75578,90812,6899
sh600082,0,0,0
sz000413,33043,43932,0
sh603090,0,0,0
sh600782,98382,183513,14844
sz000957,0,1562,0
sh601186,152098,141539,3218
sh600848,0,1963,0
sz300148,2000,6416,0
sz002038,2605,7943,0
sz300672,0,578,0
sh603896,3000,1073,0
sh600739,22076,22339,0
sz000048,0,825,0
sz300600,0,300,0
sh600936,0,0,0
sz002107,0,0,0
sh600776,0,2007,0
sz000700,0,0,0
sz002759,917,0,0
sz300168,9330,14168,2023
sh600706,0,1888,0
sh600383,200505,291718,7085
sh603766,4519,13720,0
sh603043,1008,2766,0
sh600546,18390,22341,4273
sz002241,50052,52179,0
sh603828,0,0,0
sz002902,347,0,0
sz300241,0,0,0
sz002445,3536,13071,0
sh600433,9444,11188,0
sh600316,1408,962,0
sh603133,0,439,0
sh600184,0,0,0
sz300597,0,0,0
sz002629,0,0,0
sh603955,0,0,0
sz002893,11066,2258,2602
sz300047,13809,8246,922
sh601226,0,0,0
sz300350,0,0,0
sh603225,0,2491,300
sz002750,0,0,0
sh600478,1683,0,0
sz300720,0,0,0
sz002439,0,9079,0
sz002723,0,0,0
sh600329,1100,0,0
sh600152,0,0,0
sz000753,15496,0,0
sh603096,192,0,0
sz002857,0,0,0
sz300191,500,1593,0
sh600220,0,0,0
sz000920,0,0,0
sh601988,2485590,2188587,19880
sz002158,1270,5928,1378
sz002264,3505,4415,0
sz300621,0,0,0
sz000639,0,0,0
sz300660,0,0,0
sh600455,0,0,0
sz300587,0,600,1703
sz000861,0,0,0
sz002125,0,0,0
sz300668,0,0,152
sz002249,0,10016,0
sh601108,48480,46895,3422
sh600665,0,0,0
sz300540,0,0,0
sh600487,81147,115870,12462
sh600456,4519,4991,0
sh600202,4604,6255,0
sh600038,22474,12473,332
sz002003,3270,0,0
sz300739,0,0,0
sz300226,12871,16297,2777
sh600261,0,0,0
sz002054,9900,0,0
sz300315,26493,30105,0
sh600575,5000,6791,0
sh600265,0,0,0
sh601158,0,0,0
sz002013,11145,11233,0
sz300234,0,0,0
sz002469,0,0,0
sz300514,3888,6114,1249
sh603055,1066,0,0
sz300139,0,0,0
sz300015,17868,18566,373
sz002291,0,0,0
sh600252,0,29376,0
sz002641,0,0,0
sh603266,0,0,0
sz002074,5563,19077,0
sz300616,0,149,0
sh600203,3500,1666,0
sz002572,4694,6134,0
sz300200,0,0,0
sh600598,30234,68428,0
sh600824,0,0,0
sh600388,10978,12684,0
sh600108,8393,4010,0
sz300400,0,22271,0
sz300399,0,0,0
sh600446,2823,16370,0
sz300250,0,0,0
sh600239,8730,9838,0
sz000678,0,0,0
sh600561,3505,0,0
sz300541,0,0,0
sz002123,1427,0,0
sz300246,0,0,0
sh600289,56284,0,0
sh603081,0,0,0
sh600169,0,3325,0
sh600056,4502,1010,0
sz300479,0,0,0
sz002579,4390,3336,0
sh603829,0,1619,0
sz300669,0,0,0
sh600853,0,0,0
sz300539,0,0,0
sz300339,1325,1242,0
sz002481,21762,5950,0
sh603228,500,0,0
sz002571,2000,0,0
sh603458,0,541,0
sh603139,0,0,0
sh600746,0,0,0
sz002035,1061,327,0
sz000498,0,0,0
sh600463,0,0,0
sh600182,0,1379,0
sz300450,3011,3303,0
sh601628,71327,127735,6967
sh600292,0,0,0
sz000528,30564,13734,1213
sh600490,6754,12492,0
sz002378,5352,3737,0
sh601366,0,1081,0
sz002002,0,5663,0
sh603993,227833,455232,32776
sz002023,5316,5712,0
sh601166,1211669,1795476,62091
sz002550,0,0,0
sz300209,0,758,0
sh603861,0,0,0
sz300296,1638,2721,652
sz000043,0,1226,0
sz300261,0,0,0
sz002102,13870,33901,0
sz000608,11714,20959,0
sz300030,0,0,0
sz000889,1000,2342,0
sh603809,0,446,0
sh600555,13897,6500,0
sh600006,0,4774,0
sz300426,0,0,0
sz002165,0,0,0
sz000720,0,0,0
sh600606,283956,428677,4790
sz002601,26261,56734,1797
sz300118,1009,1950,0
sz002683,0,1500,0
sh600246,0,3000,0
sz002225,0,0,0
sz000913,0,0,0
sh603883,0,1710,0
sz000070,0,0,0
sz300210,0,0,0
sz300463,0,0,0
sh603799,39417,65056,10419
sh600057,15511,14964,0
sz002333,0,1405,0
sh601155,51923,89799,6674
sz300494,0,944,0
sh600571,0,0,0
sz002216,0,0,0
sz002895,2274,2252,470
sh600139,0,3078,0
sh600655,2280,3700,0
sz000560,0,0,0
sh603997,0,0,0
sz000917,2010,15147,0
sz002409,1211,2606,0
sh600071,0,1467,0
sh601118,43832,60882,0
sh600156,0,0,0
sz002268,1437,9076,0
sz300376,0,9185,0
sh603010,510,1431,0
sz002480,4763,1659,0
sh600543,0,0,0
sz002049,11791,17377,683
sz300283,0,0,0
sz000877,17819,14409,2159
sz002162,0,0,0
sh603866,0,0,0
sh600382,1589,4000,0
sz300346,447,0,0
sz002008,36029,57751,1411
sz300510,0,0,0
sh601009,197538,276429,6620
sz000576,2888,737,0
sh600785,0,0,0
sh601500,0,1286,0
sz000685,1102,14017,1218
sh601208,0,0,0
sh600081,0,2661,0
sz002866,0,0,0
sh600197,6172,16912,501
sz300218,0,0,0
sz000982,6540,8534,0
sz002431,8566,11182,0
sz002314,0,3305,0
sz300709,0,395,0
sh600058,0,0,0
sz300501,0,0,0
sz002726,1300,973,0
sz000739,4480,0,0
sz300099,0,0,0
sz300162,0,0,0
sz002323,2431,5534,0
sz300224,0,1903,0
sh600477,0,8727,0
sz002831,0,595,0
sz002799,0,0,0
sz300275,0,0,0
sz300017,155355,220302,8574
sz002887,0,193,0
sh603159,0,0,0
sz002454,0,0,0
sz002640,1253,8896,0
sh601668,1825413,1987916,44178
sz002090,0,0,0
sz002326,0,2000,0
sh603882,1028,0,0
sh600833,0,961,0
sh600448,0,0,0
sh600111,45858,91417,5648
sz002582,1739,0,0
sz002421,0,6914,0
sz002709,1859,853,0
sh603900,365,1623,374
sz300330,0,0,0
sz300371,0,0,0
sz300309,0,2109,0
sz000005,0,0,0
sz000868,23522,38189,0
sz300338,1000,563,0
sz002311,2833,4155,0
sh600644,0,0,0
sh600021,0,0,0
sz002544,3895,1816,831
sz002508,3063,6889,506
sh601238,7425,5344,0
sz002144,0,0,0
sh600435,1240,12800,0
sh600379,0,5493,0
sz300676,4008,2055,350
sh600369,2291,13695,0
sz002399,0,800,0
sh600360,0,2000,0
sz300295,0,1051,0
sh600099,0,0,0
sz002080,525,10500,0
sz000823,13136,42938,0
sh600559,963,882,0
sh603577,0,0,0
sh601669,72386,47497,2404
sz000798,0,0,0
sz000758,5561,21584,0
sz300058,199868,139064,22745
sz300548,0,500,0
sz002028,1777,2833,0
sh600741,44109,66990,1402
sh603797,0,602,0
sz002892,0,305,0
sz000570,0,0,0
sz000888,0,0,0
sh603017,0,0,0
sz000713,0,0,0
sh600692,1150,0,0
sh603936,0,0,0
sz000670,0,2595,0
sz300348,9844,4647,1000
sh600333,2150,0,0
sz300534,0,0,0
sh600963,3748,25574,0
sz000833,0,0,0
sz002612,0,1095,0
sh600320,2007,47812,0
sh600516,174841,196401,13605
sz002322,0,0,0
sz002597,9800,33768,828
sh600623,4159,13016,0
sh603970,1754,2628,519
sz000972,0,0,0
sz300556,0,0,0
sz300335,0,1678,0
sz002839,80409,94000,11168
sh600400,0,0,0
sz300367,7267,6169,0
sz300216,33418,55273,11023
sz002381,0,2905,0
sz002542,0,0,0
sh600969,0,1216,0
sh600077,0,0,0
sh600269,0,21681,0
sh600218,0,0,0
sh601231,3506,10162,0
sz000582,0,0,0
sh600272,0,0,0
sh600860,0,0,0
sz300723,0,909,0
sh600721,0,0,0
sz300310,0,1210,0
sz000600,0,3790,0
sh603737,0,0,0
sz002777,0,0,0
sz300178,0,0,0
sh603929,837,0,0
sz002056,2468,0,0
sz002552,0,0,0
sz300115,41903,39418,3250
sh601857,167624,219631,6231
sh603679,1100,0,0
sz000587,60843,14029,0
sz300052,0,2896,0
sz002253,0,1900,0
sz002205,0,0,0
sz300370,3720,11258,5107
sz000403,0,450,0
sz300613,98,0,0
sh600643,42371,46476,1024
sz300699,1969,7256,350
sz300558,713,890,0
sh603208,0,0,0
sh600601,0,36548,0
sz300518,310,0,0
sh600839,33052,129858,0
sh600300,3081,10067,0
sz300730,385,543,0
sz000963,7065,7730,0
sh600249,0,0,0
sz300269,0,1060,0
sz000593,0,0,0
sz002817,0,0,0
sz300440,0,0,0
sz002015,2627,12569,0
sh600834,0,0,0
sh603179,0,0,0
sz002809,0,0,0
sz002828,0,0,0
sh603585,0,0,0
sh603025,0,0,0
sh600236,1861,1765,0
sz002048,2303,8534,0
sz300001,0,3409,0
sz300485,0,0,0
sh600795,107493,88928,0
sh603233,0,474,0
sh601326,0,0,0
sz002452,0,0,0
sh601336,30462,50735,171
sz300254,0,0,0
sh600330,1364,7368,0
sh601898,19330,25561,0
sz002490,0,0,0
sz002922,5149,1359,0
sh603869,0,0,0
sz300650,0,0,0
sh603500,697,0,0
sz002685,0,1307,0
sz002337,0,0,0
sz000521,0,2996,0
sz002905,0,600,0
sz000620,0,0,0
sh603131,0,0,0
sz000609,0,0,0
sh603098,0,0,0
sh600778,0,0,0
sz300239,0,0,0
sz000852,0,0,0
sz300044,4580,2583,0
sz000919,0,0,0
sh600282,152716,334183,2757
sz000011,1180,0,0
sz002400,8557,28885,0
sz000858,166783,161902,19334
sh603906,0,0,0
sz002308,0,2583,0
sh600903,49970,41497,11764
sh600078,2443,6203,0
sz300147,1542,2082,0
sz002664,8448,2543,1302
sh603839,0,700,0
sh600322,46019,4422,0
sh603860,0,0,0
sz002422,436,1657,0
sz002667,0,0,0
sh600009,13457,33435,1818
sz002483,0,0,0
sz002248,8605,3613,0
sh603656,0,0,0
sh603128,0,3879,0
sz002733,0,0,0
sz300442,0,0,0
sh601881,34110,57748,1413
sz300380,2258,1562,1160
sz002626,1456,1943,0
sh600222,0,0,0
sz002024,58956,105664,0
sh600745,1125,1582,0
sh600521,2455,10807,0
sz300161,724,0,0
sh603039,167,200,0
sz000885,2161,916,0
sh603239,6425,2000,5938
sz300627,0,0,0
sh603787,0,0,0
sz002281,2369,4600,693
sh600188,54981,69880,11104
sh603912,513,1029,0
sz002307,1541,1690,0
sz002365,0,1012,0
sz300229,0,956,0
sz002636,0,2050,0
sz300282,0,0,0
sz002850,0,500,0
sh600891,0,0,0
sh600493,0,3859,0
sz300729,561,0,0
sz000882,0,0,0
sz002173,0,0,0
sz002879,348,0,0
sz300341,0,0,0
sh600132,3699,7810,0
sh601339,2000,0,0
sz002863,3540,10684,1155
sz300553,0,0,0
sh600641,0,4270,0
sh600196,22485,45378,2396
sz002234,0,0,0
sz002765,1500,0,0
sz300603,0,447,0
sz002183,9428,30221,1900
sh600879,8345,41422,0
sz000895,36456,61483,3464
sh600393,20278,3824,0
sh600781,0,0,0
sz300357,0,2883,0
sz300683,0,0,0
sz300304,0,0,0
sz002615,0,0,0
sz300324,4143,705,0
sh600585,194255,251041,16048
sh601918,3242,6793,0
sz000631,0,8957,0
sz300373,559,0,0
sz002063,10747,34571,0
sz000800,11788,38566,1660
sh600885,0,2212,0
sz300109,1205,325,615
sh600425,0,6679,0
sh600299,0,0,0
sh601788,14434,34102,0
sh600747,26845,0,0
sh600827,850,1946,0
sz000513,2535,6579,0
sh600699,5813,14424,531
sz002455,0,0,0
sh600697,534,645,0
sz300573,0,0,0
sh600361,0,0,0
sh601858,0,0,0
sz300718,445,799,0
sh600405,0,0,0
sh603169,1337,0,0
sz002040,0,1000,0
sz300068,5606,6652,0
sh603722,865,926,0
sz000032,5049,0,0
sz000829,0,2265,0
sz002559,0,0,0
sz000420,0,0,0
sh603260,18850,14869,1128
sz300624,4986,3166,244
sz000859,0,7232,0
sh600091,0,0,0
sh600461,0,1783,0
sh600584,24991,51022,1458
sh603685,457,0,0
sh600227,55878,83876,0
sh601106,0,21960,0
sh600326,9252,16103,0
sh603358,0,0,0
sh603005,0,1182,0
sh603167,1770,10651,0
sz000563,9195,18064,0
sz002362,0,0,0
sh601766,502226,515086,4523
sh603833,363,830,202
sz000960,67330,120113,4278
sz300135,0,0,0
sh603316,0,0,0
sz002779,0,0,0
sh600933,0,1295,0
sz002836,0,0,0
sz300122,6123,7765,0
sz000502,5244,0,2600
sh603108,0,0,0
sz002052,0,0,0
sh600992,2455,0,0
sz002722,0,0,0
sz300190,0,0,0
sz300398,0,1074,0
sz300707,636,0,0
sh600308,7753,20463,0
sz300195,0,0,0
sz002317,0,4068,0
sh600811,18321,12895,0
sz000603,2027,5386,0
sz000937,10243,42815,0
sz000901,2217,1030,0
sh600167,0,500,0
sz000536,0,2978,0
sh601992,51271,115620,0
sh600748,0,6387,0
sh603326,0,0,0
sz300643,0,0,0
sz002560,0,0,0
sz000977,9651,20356,0
sz002041,0,1773,0
sz002787,0,1099,0
sz300336,1050,0,0
sh603101,0,0,0
sz002907,4469,2752,788
sz000897,0,0,0
sh603600,0,0,0
sz002785,2741,1855,1214
sh600615,0,0,0
sz002021,0,0,0
sz002513,0,0,0
sz002223,1885,2664,577
sz300039,0,3750,0
sz000789,33153,34674,0
sh600716,0,0,0
sh600367,0,1046,0
sz300726,1197,0,0
sh601212,6343,6951,4576
sz002044,5447,16776,696
sz002055,0,1198,0
sz300598,0,0,0
sz000875,9578,0,0
sz300151,0,0,0
sh600352,154869,262090,8077
sz002871,0,0,0
sz002749,270,0,0
sz300561,1434,0,0
sz300018,0,0,0
sz002651,0,4502,0
sz000526,0,0,0
sz300106,0,0,0
sz002688,0,0,0
sh600469,0,0,0
sh603421,0,0,0
sh600428,0,7987,0
sz002339,0,0,0
sz300270,800,0,0
sh600097,0,0,0
sh600908,7301,18316,0
sz300358,0,0,0
sz300131,2447,0,0
sh600970,74907,134467,2509
sz002505,75709,5010,0
sz300220,0,0,0
sz000767,0,0,0
sz002653,0,0,0
sh600513,0,0,0
sh603535,0,0,0
sh601958,8395,25795,0
sz002822,0,0,0
sz000778,6874,27386,0
sz000626,0,0,0
sh601117,23379,29800,0
sh603959,0,0,0
sz002766,5550,6529,0
sz000996,6543,17118,0
sh603360,0,0,0
sz000559,1287,6566,0
sz300323,0,1769,0
sz002091,0,1981,0
sh600375,0,0,0
sh600592,0,0,0
sz300092,1717,1493,0
sh600858,0,6675,0
sh600673,29914,87708,0
sz300687,0,0,0
sz002029,3591,8879,0
sh603686,0,0,0
sh603717,599,0,0
sz000096,0,0,0
sz300268,0,1000,0
sz002108,1228,11765,0
sz002549,25203,0,0
sz000066,12033,44169,0
sh600835,3540,4988,535
sz300606,0,890,0
sz300340,277,1236,0
sh603606,0,0,0
sz002510,0,5505,0
sz000656,88847,203678,0
sz002506,23112,19298,0
sh603330,0,0,0
sz002620,0,0,0
sh600075,0,3463,0
sh601997,85471,148078,10963
sz002855,0,0,0
sz002220,38557,2177,0
sz002057,0,0,0
sz002110,25790,59074,1887
sz300572,689,575,0
sz000539,0,0,0
sz300114,0,0,0
sh600277,0,16367,0
sh603386,0,1146,0
sz300306,0,900,0
sz002813,0,0,0
sz300362,0,0,0
sh603505,0,1374,987
sz002613,0,0,0
sz002177,0,0,0
sh600039,3000,7131,0
sz000856,0,2475,0
sh600599,6562,1151,0
sh601225,220766,357994,5473
sh600370,0,0,0
sz002300,0,0,0
sh600590,0,1442,0
sz300415,665,1877,0
sz002846,0,0,0
sz300222,4232,2646,0
sh600213,0,0,0
sz300009,12214,8600,0
sz300482,831,487,0
sh600987,992,3182,0
sh600094,5500,7185,0
sh600159,0,0,0
sz002417,0,0,0
sh601005,0,5000,0
sz000735,18364,87627,0
sz300581,0,0,0
sz300692,0,446,0
sh600459,584,5055,0
sz002548,0,0,0
sz002296,0,1839,0
sz300347,2295,2583,0
sz000951,610,3230,0
sh603818,0,893,0
sz002232,0,0,0
sz000510,5425,14908,0
sz000622,0,0,0
sh600240,0,0,0
sz300065,5652,10441,0
sh600151,2927,2794,0
sz000686,8473,12739,0
sz300673,0,0,0
sz002567,0,5626,0
sh600113,6182,1726,0
sz002693,0,0,0
sh603345,0,555,0
sz000659,18738,19759,0
sh603300,9641,3497,0
sz300436,0,0,0
sh600678,2558,1499,0
sh600642,4496,25898,0
sh603136,0,0,0
sz300351,0,0,0
sz000402,3065,69595,1758
sh600600,11294,5189,0
sz000707,8835,0,0
sz002496,2622,24930,0
sh603016,614,1231,0
sz002522,2679,9119,0
sh601828,62158,43316,4826
sz002377,0,0,0
sh600569,111166,295824,5089
sz300192,2372,5000,0
sh600850,0,0,0
sh600563,1080,573,327
sz300230,0,0,0
sz002403,0,1426,0
sz300537,0,0,1200
sh600052,0,0,0
sz300457,2659,562,0
sz300402,0,0,0
sz002171,0,4458,0
sh603589,7768,3995,0
sz000736,7032,10002,0
sz002900,0,0,0
sz002786,0,0,0
sh601008,0,0,0
sz002884,244,342,0
sh600622,701,3973,0
sh600530,0,0,0
sz002242,855,2651,0
sz002527,0,0,0
sh600511,2003,1781,0
sz300685,0,685,0
sh600896,0,0,0
sz300678,0,267,0
sz002109,0,1515,0
sz002877,0,0,0
sh600820,1530,14675,0
sh600757,0,7031,0
sh603116,0,0,0
sz300242,0,0,0
sh600029,633952,614856,33121
sh603020,1509,0,0
sz300177,0,0,0
sz300601,0,0,0
sz300129,0,0,0
sz002295,0,0,0
sh600343,7378,3829,0
sz300563,0,0,0
sz002700,0,0,0
sz000635,0,0,0
sz300562,0,704,0
sz000691,0,0,0
sz300251,135237,160199,12142
sh603396,0,0,0
sh600408,4067,0,0
sh600074,0,0,0
sz000708,2469,3571,0
sh600654,0,12432,0
sh600771,596,3727,0
sh600619,3083,1325,0
sz300006,13555,4720,0
sz300255,0,1865,0
sz002712,1647,0,0
sz300097,625,1390,0
sz000012,4007,53424,1801
sz300245,2422,0,0
sz300631,529,0,0
sz300642,0,0,0
sz002493,7733,35549,2277
sh600389,1968,618,0
sh600565,13599,27634,0
sh600096,6019,2798,0
sz000936,0,2078,0
sh603916,0,0,753
sh600010,168831,244077,0
sz300435,3905,0,0
sh603639,0,0,0
sz002530,0,0,0
sz002191,6350,3921,0
sz300533,0,0,0
sz300188,3579,8205,0
sz300702,0,0,0
sh600458,0,1800,0
sh603659,838,666,0
sz300303,0,4530,0
sz000571,0,2029,0
sz300499,0,0,0
sh600028,1627623,1710755,99693
sz300298,0,561,0
sz000779,0,0,0
sz002393,0,383,0
sz300098,4863,13577,0
sz002346,0,0,0
sz002154,0,0,0
sh600837,44210,130419,0
sh603466,5720,3279,273
sz300484,0,6460,0
sz002673,11066,44816,0
sh600710,0,0,0
sh603429,0,0,0
sz002776,0,0,0
sz300244,720,564,0
sh600206,2867,8555,0
sz000966,0,5533,0
sz000428,0,0,0
sz002727,3476,3778,0
sz300428,0,0,0
sz300080,0,0,0
sz300511,0,0,0
sz300175,2014,0,0
sz300300,3342,5978,0
sz300033,8161,13774,1019
sz002475,25692,42697,1293
sz002271,1864,4753,1321
sz300158,0,6989,0
sh603269,5572,486,0
sh600415,2030,18372,0
sh600162,3662,6757,0
sh600880,0,0,0
sz300691,226,484,0
sh600106,0,0,0
sz002812,411,761,215
sz000016,98072,64554,0
sh600717,1220,19847,0
sz300024,18397,47205,0
sz002649,3900,1264,0
sh600690,226449,226970,9557
sh601015,0,1362,0
sz300093,0,4381,0
sz002577,999,0,0
sh601677,0,0,0
sz000039,53250,78610,1562
sz000681,22480,76484,2943
sz300160,9668,2003,0
sz002920,1811,1483,0
sz002116,0,0,0
sz002180,560,508,0
sz002338,0,993,0
sh600348,85380,132050,4020
sh600271,9951,8506,780
sh603123,0,0,0
sz002881,0,0,0
sh600444,0,0,0
sh603538,0,0,0
sz002763,0,0,0
sz002638,5084,4818,0
sz000045,0,0,0
sh603611,0,0,0
sz300579,0,0,0
sh600509,0,5214,0
sz300675,1149,450,0
sz300464,0,0,0
sz000553,0,853,0
sh600238,7685,10211,0
sz300211,0,0,0
sh603919,632,0,0
sz000721,0,0,0
sh600133,0,0,0
sz002093,0,1800,0
sz002878,500,0,0
sz002182,2214,5578,0
sh600297,4437,1670,0
sz300651,0,0,0
sz300635,0,0,0
sz000010,0,0,0
sz002456,39290,60478,4242
sh600031,412842,470523,11189
sh600008,23834,55613,0
sz002214,0,0,0
sz000078,6504,10108,0
sz002288,13569,22632,0
sh601919,29085,57707,0
sh600279,0,5159,0
sz002788,0,0,0
sz002467,0,2110,0
sh601890,0,0,0
sz002751,0,647,0
sh600278,0,1007,0
sz300003,7268,13854,517
sz002353,3132,16327,0
sh603885,6970,4563,0
sh600155,9545,17627,1581
sz002334,0,1676,0
sh600497,170671,313197,12435
sz300520,618,0,0
sz000552,132372,188748,0
sh600637,6555,12263,0
sz300349,1282,328,301
sz300256,0,4740,0
sh600233,0,0,0
sz000768,10450,38894,0
sz002328,0,0,0
sz300354,0,0,0
sz002837,0,2712,0
sz300397,6522,2327,0
sh601188,0,0,0
sz002127,852,7646,0
sz000529,0,0,0
sh603226,487,0,0
sz300661,0,0,0
sh603908,0,0,0
sh600048,720358,880556,56005
sh601088,194220,253298,29241
sz300632,0,0,0
sz002016,16422,51985,6077
sz000712,0,11736,0
sz002746,0,0,0
sh600865,6812,0,0
sz300506,2902,600,0
sh600677,0,1220,0
sz000677,0,0,0
sz000799,3513,0,0
sh600217,4192,6758,0
sz002459,1000,0,0
sh601618,150382,150167,7228
sz300717,0,0,0
sh600122,52219,11283,0
sh600380,3649,18300,0
sh600479,0,0,0
sh603165,855,1679,0
sh603725,0,0,0
sz002477,4639,26816,0
sz300215,0,0,0
sh600859,2527,4330,711
sh603018,0,0,0
sz300382,6124,1106,764
sz000632,0,0,0
sh601965,0,0,0
sh600055,0,810,0
sh600617,0,0,0
sz002671,0,0,0
sz300387,0,0,0
sh600315,5028,1870,0
sh603586,0,0,0
sz002437,161962,14298,0
sz002716,12961,6173,0
sz300488,629,0,0
sz002775,0,900,0
sh600738,1995,0,0
sz002096,0,0,0
sz002006,0,0,0
sh600037,0,0,0
sh600482,4246,5783,0
sz002363,0,0,0
sh603696,0,0,0
sh600406,18010,41919,0
sh600990,293,777,0
sh603899,1107,0,0
sz000090,0,11330,0
sh600153,24936,46913,0
sz300640,0,0,0
sz300396,0,1035,0
sz002755,0,1501,0
sh603690,0,0,0
sh600831,0,0,0
sz002208,0,0,0
sh600126,4056,16880,0
sh600589,0,2935,0
sz002027,89052,122575,8681
sz300575,0,0,0
sz002420,0,0,0
sz000819,0,0,0
sz002562,1990,1247,0
sh603329,8734,5074,0
sh600676,0,0,0
sz002564,0,0,0
sz300719,0,0,0
sh603612,902,1890,0
sz300334,0,2034,1266
sh600332,6159,21633,494
sz000009,2416,26717,0
sz000968,0,2014,0
sz000666,1386,5940,0
sh600732,0,0,0
sh600053,1156,1557,0
sz300040,0,0,0
sh603161,0,545,0
sz002303,0,3860,0
sz300649,0,0,0
sz002826,0,0,0
sh600826,0,0,0
sz002095,1142,1879,0
sz300406,0,0,0
sz000518,0,0,0
sh603040,0,466,0
sh600997,70279,77561,4637
sz000565,0,0,0
sz300077,4563,16104,2182
sz002285,5408,32631,0
sz000426,81728,68272,2649
sz000938,1994,5242,303
sz002140,0,0,0
sh600533,0,5073,0
sz300555,0,0,0
sz000669,21722,6895,0
sh601666,36998,46217,10509
sz002239,0,0,0
sh603711,1091,2222,0
sz300048,51002,17543,0
sz002433,0,5430,0
sh601636,95337,172491,24693
sz002224,0,0,0
sz002608,0,1266,0
sz002803,721,903,0
sz000687,1200,0,0
sz002269,0,0,0
sh600527,0,3605,0
sh600231,78286,80355,0
sh600256,28177,79951,3373
sz002174,10967,6920,0
sz300490,0,0,0
sh600800,0,3000,0
sz000037,6008,0,0
sz002561,0,911,0
sh600449,5796,17543,986
sh603359,0,350,0
sh600201,6221,15718,0
sz002007,2245,5380,0
sh601928,0,1477,0
sh600391,1343,920,0
sz000028,0,226,0
sz002702,0,0,0
sz300595,0,0,0
sh601100,0,0,0
sz002142,56110,83360,3290
sz002266,11001,12530,0
sh600267,1306,5944,0
sh600761,1039,1992,0
sz000615,0,1137,0
sh600468,0,2000,0
sz002599,0,0,0
sh600137,2934,6617,576
sz002514,2563,0,0
sz300696,0,283,0
sh603918,0,0,0
sh603517,0,0,0
sz002624,0,427,0
sh600305,2670,8564,0
sz300420,0,0,0
sz002541,0,0,0
sz300014,2080,9607,0
sz002556,9562,8487,0
sz002448,0,0,0
sh600178,0,0,0
sz300695,138,0,0
sh600502,2210,13779,0
sz000650,9110,15176,0
sh601968,0,3320,0
sh601010,0,3108,0
sz300286,0,0,0
sz000702,0,0,0
sh600845,510,0,0
sz002287,0,0,0
sz300711,547,0,0
sz002081,9485,22984,728
sh601168,28671,91896,1610
sh600843,0,0,0
sz300011,0,0,0
sh603111,3488,2530,0
sh600191,0,0,0
sh601877,1876,3079,0
sz002137,0,0,0
sh600919,122503,174472,0
sz000672,31980,51395,867
sh600195,700,0,0
sh600128,0,0,0
sz000928,0,2063,0
sz002354,3149,13578,0
sz300416,0,0,0
sz300547,0,0,0
sz300202,0,0,0
sz002898,0,0,0
sz002238,0,0,0
sz000755,0,0,0
sh601801,0,15572,0
sz000155,4377,0,3765
sz002718,0,0,0
sz000988,1637,9779,0
sh600596,42808,86830,1132
sz300526,780,0,0
sh603798,0,1309,0
sz002865,0,1289,1746
sh603026,0,1567,0
sz300180,556,0,0
sz000543,2820,7001,0
sz000921,7293,7464,1484
sz300079,0,3801,0
sz000729,0,15622,0
sz002616,1712,3249,0
sh600421,0,0,0
sh600683,0,0,0
sz002868,0,0,0
sz300625,0,0,0
sz300434,2970,0,0
sh601021,361,572,0
sz300389,0,0,0
sz300205,0,0,0
sz300107,36583,65579,2539
sh600765,5743,7825,0
sh600525,12164,9826,0
sh600491,1511,1300,0
sz002830,0,1000,0
sz000605,0,0,0
sh600523,0,860,0
sz000915,7193,6697,0
sz300513,0,0,0
sz002832,0,0,0
sz002800,0,0,0
sh600215,0,0,0
sz002026,2300,0,0
sz002146,181387,257204,16176
sz000520,0,0,0
sz002462,0,0,0
sz000597,3340,4337,0
sz000545,2328,2638,0
sz002861,0,0,0
sz300063,0,0,0
sz002657,6819,15147,0
sz002589,2016,5290,0
sz300602,0,0,0
sh603969,0,0,0
sz002265,0,0,0
sz002495,0,0,0
sz002128,21036,41091,0
sh600436,7006,8162,153
sz300721,0,0,0
sz300136,11843,18288,2219
sz002792,457,600,0
sh600791,0,0,0
sh603661,0,238,0
sh600237,4247,5273,0
sh600819,0,0,0
sh603038,0,0,0
sz300393,0,0,0
sz000836,8021,54344,2454
sz300542,0,536,0
sh600663,600,3288,0
sz002447,22892,26632,0
sh600338,2796,4466,0
sz300258,1037,1000,0
sz002316,0,0,0
sz002059,3800,0,0
sz300171,0,0,0
sh603085,0,0,0
sh601515,0,0,0
sz000020,0,0,0
sz000995,0,0,0
sz000333,264853,313622,24053
sz000967,0,1581,0
sh600007,0,0,0
sh600882,0,0,0
sz002873,0,0,0
sz300123,1094,0,0
sz300320,33395,4715,0
sh603218,0,0,0
sh600576,0,0,0
sh603823,0,0,0
sz300126,0,0,0
sh600825,4000,10750,0
sz002553,0,0,0
sz000733,0,2214,0
sz000061,1615,1574,0
sz300620,0,0,0
sh600363,0,4673,0
sz002383,974,2303,0
sz002382,2734,10709,0
sh603778,0,0,0
sh601139,0,4177,0
sh600135,1177,1227,0
sz002126,0,4478,0
sh600376,0,1768,0
sz002139,5546,3451,0
sz300552,0,0,0
sz002244,18878,53389,1678
sz000860,13160,20125,602
sh600723,0,0,0
sh603968,0,0,0
sh600062,4399,3981,950
sh600740,127759,233716,15019
sz000887,25912,40326,1307
sz002781,0,0,0
sh600731,0,0,0
sz002605,0,1388,0
sh600211,505,0,0
sz000407,0,2490,0
sh600025,34425,125285,0
sz002466,39100,29660,2222
sz300443,0,0,0
sh603726,0,0,0
sz300583,0,0,0
sh600362,298475,349527,36074
sz300029,0,0,0
sz000590,0,1000,0
sz002758,0,0,0
sz000628,0,0,0
sh603011,4521,0,0
sz002795,0,0,0
sz002355,6779,3965,1013
sh600085,2966,12655,783
sz300465,0,1539,0
sz300535,0,0,0
sz002728,0,0,0
sz000809,0,0,0
sh603518,0,0,0
sh600517,0,8933,0
sh600419,0,648,0
sh603335,0,0,0
sh600121,2491,10170,0
sz002275,0,775,0
sz300051,3227,0,0
sz000998,19053,25719,3451
sz300381,0,0,0
sh600284,0,0,0
sh601555,10253,16828,0
sh600149,0,0,0
sh600185,2020,21212,0
sh603036,0,0,0
sh603909,0,0,0
sh600779,22207,18650,701
sz300476,1433,7389,1388
sh603689,0,0,0
sz000551,0,0,0
sz002848,0,4266,0
sh603356,507,0,0
sz002444,1110,9799,1260
sh601999,0,0,0
sz002528,0,0,0
sz000881,0,1300,0
sz002045,1803,21558,0
sh601007,0,0,0
sh603601,0,0,0
sz300480,15477,0,0
sh601137,0,1110,0
sz300521,0,0,0
sh600275,0,0,0
sz300590,0,0,0
sh601588,96930,22869,0
sz300130,1608,3625,0
sh601899,2594097,2459351,46743
sz002411,10439,0,0
sz002247,0,0,0
sz300299,0,0,0
sh600160,35920,58897,0
sh600550,0,2647,0
sz300570,0,0,0
sz300452,0,511,0
sz002150,0,0,0
sh603615,0,0,0
sz300431,5501,7474,1661
sz000811,0,0,0
sh600368,2044,9276,0
sz000831,3363,6521,0
sh601688,241960,292178,6933
sh603507,401,0,0
sz002901,0,2889,0
sh603855,0,0,0
sz300497,0,329,0
sh600429,0,2254,0
sz000027,1812,7672,0
sh603157,13308,787,0
sh600593,3123,1054,0
sh603378,0,0,0
sz002536,0,0,0
sz002670,8732,4855,0
sh603003,1000,1401,0
sz000541,2704,8029,0
sh603477,0,0,0
sh603363,21026,5907,0
sz300462,0,2652,0
sz002554,0,0,0
sz002039,0,2417,0
sh600302,0,0,0
sz000417,1609,0,0
sh600540,0,0,0
sz300055,4062,16180,0
sz000848,3043,3780,1450
sz300515,0,0,0
sz300007,1103,1644,0
sh600658,2205,0,0
sh600836,0,0,0
sz000792,42457,57911,1119
sh600210,9100,14040,0
sz000869,1593,331,0
sz002156,9098,4483,0
sz002124,5194,3229,0
sh603660,301,3445,0
sz300138,0,0,0
sh600958,75374,108960,2140
sh600259,0,0,343
sh603890,449,0,0
sz300437,0,0,0
sh601001,18714,65451,0
sz300375,0,917,0
sh603880,0,0,0
sz300322,0,3223,0
sh600093,18435,16184,0
sz002783,756,688,0
sh600980,0,0,0
sz002449,0,3122,0
sz002319,0,850,0
sh603999,0,0,0
sh603019,42607,57873,3316
sh600862,0,0,0
sz002659,0,0,0
sh601949,2015,8161,0
sz000026,1361,1036,0
sz002753,0,0,0
sz002254,1000,3234,0
sh600420,3767,4513,0
sz000732,53050,66196,6622
sz002335,0,0,0
sh603196,0,1591,0
sh601016,0,3897,0
sz002114,0,2026,0
sz002101,0,801,0
sz300569,0,0,0
sh603321,0,0,0
sz002340,46687,54716,0
sz300023,1479,0,0
sh603630,0,0,0
sz002497,10658,22192,0
sz002679,0,0,0
sz300360,0,0,0
sh600808,191049,387973,0
sh600377,1293,4705,0
sz002036,3460,4631,0
sz300201,0,0,0
sh600707,30520,13640,0
sz002134,0,0,0
sh600867,20274,23115,548
sh603803,0,0,0
sh601991,6678,23388,0
sh600618,0,0,0
sh603868,0,0,0
sz300708,20665,12034,1254
sz300722,0,0,0
sh600978,1248,3940,0
sh600531,42888,54779,3068
sz002650,30833,14240,2541
sz000760,3400,0,0
sz002676,5413,14311,0
sz002011,0,0,0
sz002797,71270,145713,3547
sh600148,0,0,0
sz300236,0,0,0
sh600881,12662,14397,0
sz000599,0,0,0
sh603501,378,407,0
sz002862,0,0,0
sh603707,3545,1237,0
sz002394,0,0,0
sz002460,20051,28664,3101
sz002614,1408,645,0
sz000627,1736,7172,0
sz002407,1615,7836,0
sz300528,0,0,0
sz000780,0,5181,0
sz002410,618,624,0
sh600736,2000,5927,0
sz300333,0,0,0
sh603688,3269,0,0
sz300277,2176,6262,0
sz002131,0,25276,0
sh600609,0,0,0
sh603306,0,0,0
sz000601,0,9046,0
sz300693,483,0,0
sz000623,5740,21078,0
sz002434,0,3477,0
sz000762,0,9834,0
sz002864,0,0,0
sh600587,880,3932,0
sz300111,4767,0,0
sh603311,0,0,0
sz000810,0,0,0
sz000890,0,0,0
sh600050,757406,822132,8815
sz002570,0,0,0
sh601966,0,0,0
sz000785,0,0,0
sh600466,14130,40290,2726
sh603223,0,0,0
sz300525,0,0,0
sh603387,0,856,0
sh601390,299028,214222,2658
sz002869,0,0,0
sh600011,4032,4976,0
sz002741,0,992,0
sz000625,56614,48664,0
sh603328,1260,0,0
sz000692,2902,0,0
sz000813,3393,6696,0
sh600597,2761,8602,0
sz002418,1500,1501,0
sh603636,0,0,0
sz000718,0,18250,0
sh603569,0,0,0
sh600995,0,0,0
sh600620,0,1229,0
sz002258,5751,13540,0
sh600125,28127,7299,0
sh603638,400,0,0
sz300260,0,0,0
sz002875,1036,0,0
sh600385,0,0,0
sh600262,0,0,0
sz002586,2000,0,0
sh600301,0,0,0
sh603801,1055,446,0
sh600773,0,1030,0
sh603599,0,0,0
sh600577,0,0,0
sz002732,0,0,0
sz300221,800,0,0
sh600581,197800,180175,24361
sz300164,7709,0,0
sh603527,0,1007,0
sz002590,0,0,0
sh601952,3696,13289,4027
sz000679,0,0,0
sh603878,0,671,0
sz300061,831,0,0
sz002051,766,1734,0
sh601901,11255,10768,0
sz002325,0,2595,0
sz002092,46043,116260,2009
sh600219,25139,82108,0
sh600064,1010,0,0
sh600313,0,0,0
sh600258,4081,9672,402
sz002412,697,0,0
sz000776,165029,194387,8863
sz300408,8424,18625,0
sh600612,1370,733,0
sz300619,0,0,0
sh600689,0,0,0
sz002111,0,0,0
sh600626,1935,0,0
sh603901,0,0,0
sh603127,0,0,0
sz300725,1525,1382,0
sh600790,2000,2080,0
sh600390,3975,6572,0
sz300604,0,0,0
sz002503,10167,3565,0
sz000705,0,2000,0
sz002019,6433,24253,0
sz300589,0,0,0
sz002610,10086,34454,0
sz002356,0,0,0
sh600743,0,4783,0
sz002634,3893,2025,0
sh600817,0,0,0
sz000795,0,0,0
sz300314,0,0,0
sh600720,60054,85546,3822
sz000523,0,0,0
sz002668,530,750,0
sz002227,0,0,0
sz002537,7102,8937,0
sz300503,3073,2012,0
sh600562,6019,0,0
sh603806,1257,4104,0
sz002835,0,0,0
sz000561,0,0,0
sz300329,0,0,0
sh603008,0,4436,0
sh601229,146173,209433,1955
sz002660,0,0,0
sz000025,0,0,0
sh600176,73205,88476,5836
sz300386,0,1799,0
sz000822,0,19199,0
sz002581,17974,9537,1870
sz002631,0,1403,0
sz000715,0,0,0
sz300409,383,2973,0
sz002778,0,0,0
sz300262,3902,0,0
sh600285,0,0,0
sz000423,5937,15749,500
sh603619,4719,930,312
sh600810,15039,44198,0
sh603299,0,0,0
sh603023,0,0,0
sh600225,4779,5000,0
sh600722,0,1935,0
sh600088,0,0,0
sz300684,1390,1822,0
sh603858,0,357,0
sz002680,0,0,0
sz300248,3370,0,0
sh600639,0,0,0
sh601595,0,0,0
sz000680,7207,0,0
sz300658,0,0,0
sz300489,1000,0,0
sz002501,3498,0,0
sz002515,0,2316,0
sh603898,0,406,0
sz002336,1299,1030,0
sz002438,0,0,0
sz000978,0,0,0
sz000655,0,0,0
sh600693,14582,32038,0
sz300084,0,0,0
sh601107,0,0,0
sh600768,0,3770,0
sh600604,2013,4863,1513
sz002404,0,0,0
sz002261,2000,0,0
sz300253,72429,36345,0
sh600495,0,0,0
sh603303,0,0,0
sz002298,0,3394,0
sz002009,19379,7409,0
sz300082,0,0,0
sh600535,313,2106,0
sh603499,5052,0,0
sz002674,0,0,0
sh600983,0,0,0
sz300267,8168,43342,0
sz002203,5942,0,0
sz002808,0,0,0
sz002729,0,1705,0
sz002104,0,0,0
sz300679,0,139,0
sz002425,1831,2358,0
sz002771,0,0,0
sz300152,33770,28445,0
sh600616,0,2027,0
sz300232,0,6506,0
sz000008,3697,0,0
sh603100,0,0,0
sh600783,18969,1520,0
sz000682,0,4172,0
sh600366,0,3235,0
sh603399,0,0,0
sh600580,1867,0,1526
sh603658,268,767,0
sz300404,0,0,0
sz300056,0,0,0
sz300666,1994,647,0
sh600814,0,0,0
sz300732,490,289,187
sz000612,0,1729,0
sh603729,972,0,0
sz002802,0,0,0
sz002717,0,500,0
sz300149,0,4815,0
sz000993,0,0,0
sz300072,43485,60442,4198
sz002320,16842,23344,661
sh600926,68135,56990,4414
sh600396,0,0,0
sh600727,0,1614,1428
sh600209,5911,2970,0
sz002025,1675,641,0
sz002306,5000,0,0
sh600180,0,0,0
sh601989,224892,227700,0
sz002587,0,2000,0
sz300297,0,0,0
sh603331,0,0,0
sh603738,0,0,0
sz002120,0,0,0
sh603022,0,0,0
sz002078,26798,77026,4559
sz000926,6185,14186,0
sz002730,0,0,0
sh601200,0,1538,0
sh603607,0,0,0
sz000546,0,3383,0
sz002675,0,1084,0
sz000911,0,0,0
sz300166,1821,8053,0
sh603533,329,723,0
sz002352,2923,2140,0
sh600892,1000,0,0
sz002698,0,0,0
sh603920,0,1092,0
sz002329,0,3106,0
sh603288,2285,3993,0
sh601558,10077,22266,0
sh600675,0,4362,0
sz002752,0,0,0
sz002789,0,0,0
sz002585,1802,3795,0
sh600681,2862,982,0
sh603009,20269,9107,0
sh600893,5628,11804,0
sh600838,3672,1427,0
sh600500,24585,59734,0
sz002401,0,0,0
sh603456,5491,18760,0
sh600054,1000,2207,0
sz000036,17209,71506,0
sz002852,0,0,0
sh600350,2509,30273,0
sz002628,0,0,0
sz002489,2467,0,0
sh600171,3995,9571,0
sh603031,0,0,0
sz300217,0,0,0
sh600981,0,0,0
sz300182,15674,31318,0
sh600749,1735,0,0
sz000899,0,0,0
sz000839,108920,137634,0
sh600847,0,0,0
sz000783,75687,50844,2574
sz000728,24191,26231,0
sz000030,0,1667,0
sz300028,0,3000,0
sh600103,0,3230,5524
sz002364,0,0,0
sh601019,0,5735,0
sh601798,0,0,0
sh600586,0,0,0
sz000059,9395,35101,0
sz300617,0,0,0
sz000892,0,0,0
sh601789,0,6528,0
sz300206,0,2376,0
sh603007,0,0,0
sz000557,0,0,0
sz300137,2357,6765,0
sz300536,0,0,0
sz300414,1169,0,0
sz002286,0,0,0
sz002222,0,8033,0
sz000782,0,0,0
sh603012,5060,0,0
sh600792,0,3004,0
sz002511,7008,2923,0
sh603608,0,0,0
sz002153,4085,2109,0
sz002672,1000,775,0
sh600557,0,7504,0
sz002145,5750,6253,0
sz000759,0,6167,0
sz300493,0,0,0
sz000761,25357,52563,4598
sz002714,4171,8611,0
sz002245,0,22015,0
sz002630,0,6273,0
sz002390,28877,9486,0
sz002686,0,2085,0
sz002578,0,0,0
sh600556,0,0,0
sz002897,800,0,0
sz002097,0,0,0
sh600452,0,745,0
sz002426,8444,15216,0
sz002099,6725,5318,0
sz002627,0,0,0
sz300700,1803,4014,488
sh603886,0,0,0
sz002332,0,1500,0
sh601179,0,5285,0
sz002558,0,813,0
sz300271,5396,6568,756
sz000636,20496,18658,0
sz002368,708,0,0
sz002516,0,10397,0
sz002432,0,0,0
sh601098,5729,11089,0
sz002077,5743,9201,0
sh600971,36943,67915,2116
sz300213,0,0,0
sh603089,0,0,0
sz300559,0,0,0
sz300637,0,0,0
sh600170,50382,82468,0
sz002221,4716,8976,0
sz002457,0,1593,0
sh601388,0,17296,0
sz300091,928,2100,0
sh600027,22889,26211,0
sh600359,16834,44609,0
sh600288,1600,3605,0
sz300301,0,0,0
sz000719,0,0,0
sz300046,2516,800,0
sz300075,0,809,0
sz002349,0,0,0
sz002276,0,0,0
sh603315,0,0,0
sh600059,1400,5415,0
sz002267,0,1400,0
sh601933,219661,340423,17695
sh600496,0,0,0
sz000909,0,0,0
sh600522,102389,127835,3822
sh600986,0,1862,0
sz002486,3000,0,0
sz002618,0,1200,0
sh603160,434,1089,0
sh603227,0,0,0
sh600498,7589,2631,600
sz001965,1013,4366,0
sz002807,12894,13386,0
sh603602,0,0,0
sh600868,29339,21472,0
sz300133,9171,18759,5653
sh600621,10485,20756,0
sh600578,0,0,0
sz300523,0,0,0
sz300459,2548,3257,0
sh600582,16141,18300,0
sz300681,0,244,0
sz300005,0,4000,0
sz000902,6652,0,0
sz002369,5489,12280,0
sz002713,585,581,0
sh600650,0,0,0
sh600418,3778,6113,0
sz000965,0,11674,0
sh603996,2406,1867,0
sz300274,2499,3874,0
sh600982,0,3039,0
sz000722,0,0,0
sz000717,154724,271291,18535
sh603990,0,0,0
sh603819,0,0,0
sh600854,0,6576,0
sz300507,645,0,0
sh603991,0,0,0
sh603939,0,340,0
sz300378,0,0,0
sh600624,0,2183,0
sz002921,425,637,0
sz300059,655805,722557,71299
sz000750,2600,21369,0
sh600802,0,0,0
sz300276,0,0,0
sh600318,0,1031,0
sz000014,0,0,0
sh600035,0,3161,0
sz300662,0,0,0
sh600207,0,0,0
sh600325,91559,184279,0
sz002136,0,847,0
sh603960,0,0,0
sh600228,0,0,0
sz002859,0,0,0
sz000548,0,5080,0
sz002594,6359,18376,389
sz300225,10738,914,0
