sh603878,0,0,0
sz000671,36343,30302,1214
sh600645,2124,2253,537
sh603090,0,0,0
sz300308,499,468,0
sz300256,4242,0,0
sz002495,0,0,0
sz300058,29883,42000,0
sz002716,37907,14817,0
sh600891,0,0,0
sz002666,80752,44711,3899
sz002311,478,0,0
sz002379,0,0,0
sh600563,0,466,0
sz002175,15506,70747,0
sh600601,5000,4552,0
sh600575,0,0,0
sh603788,0,0,0
sz300636,0,454,0
sz002812,2625,1941,198
sz000707,0,0,0
sh600335,1400,2520,0
sh600151,2333,0,0
sh600078,0,0,0
sh600579,1899,9268,0
sz002880,0,0,0
sh601669,0,2902,0
sz300399,0,0,0
sz000712,884,0,0
sz002044,1130,1608,0
sh600259,3382,3392,359
sz300288,819,2294,0
sz002565,13308,0,0
sh603889,4430,0,2510
sh600275,0,0,0
sz300073,26099,20124,1286
sh600723,0,0,0
sz300726,1205,0,0
sz002071,2609,7654,1670
sh603729,0,0,0
sh603079,0,0,0
sh600585,207213,144068,11592
sh600319,0,0,0
sz000016,0,3478,0
sz300407,1837,0,0
sz002067,8976,9378,0
sz000090,1103,0,0
sz300592,0,0,0
sz002564,0,0,0
sh603019,70652,88034,14308
sh600373,0,3232,0
sh600081,0,0,0
sh600315,848,686,0
sh603232,0,301,0
sh600307,12331,21907,0
sz002277,0,5323,0
sh603039,165,0,0
sz300666,5084,4819,1044
sh600673,13774,25530,3364
sz002287,0,0,0
sh601166,100800,111514,0
sz300352,0,13750,0
sz000537,3958,913,0
sh600557,941,0,0
sz002308,1000,5416,0
sz300313,0,0,0
sz002058,0,0,0
sz000983,13260,24231,0
sh603330,0,0,0
sz000043,0,0,0
sz300601,733,2673,0
sh603767,0,0,0
sz300070,13937,9664,0
sz300030,0,0,0
sh601179,0,3781,0
sh603567,0,0,0
sz000605,715,0,0
sz002424,2740,5423,0
sz300579,0,0,0
sz300721,0,0,0
sz300438,0,400,0
sh603010,0,0,0
sh600131,0,0,0
sz300738,1533,3549,0
sz000632,0,0,0
sh600771,1813,0,0
sh603586,0,0,0
sz300511,0,1108,0
sh600766,5448,0,0
sz002490,0,0,0
sh600569,38313,19419,0
sz300295,1004,0,0
sh600720,103336,59542,5405
sh603421,0,0,0
sz300147,0,1580,0
sh600225,0,0,0
sh600375,0,0,0
sh600193,0,4286,0
sz002506,15277,42339,0
sh601016,5608,0,0
sh603042,0,0,0
sh603601,0,0,0
sh603658,0,223,0
sh600358,2000,4046,0
sh600352,68401,159019,1332
sz300097,452,4915,0
sz300570,0,0,0
sh600760,6888,9718,0
sz300481,0,0,0
sh600183,6631,22110,724
sz300431,27941,49636,8590
sh600452,0,924,0
sz002436,6781,11209,0
sh600818,1600,0,0
sz000722,0,1500,0
sz002526,0,0,0
sz002687,6738,0,0
sh600962,12425,3476,1331
sz300550,0,0,0
sz300476,38817,61070,8148
sh603618,0,0,0
sz002623,0,0,0
sh600410,43367,68285,3052
sh601231,1555,6150,0
sz002693,0,0,0
sz002796,0,0,0
sh600343,0,2299,0
sh600429,0,0,0
sh600895,4563,14768,0
sz002074,44629,23303,5704
sz300264,0,0,0
sz300217,0,4629,0
sz300247,0,5846,0
sz000419,0,1857,0
sz000557,3365,0,0
sz002659,0,0,0
sz300111,0,2989,0
sz002231,0,0,0
sh600797,5472,10235,0
sh600356,0,0,0
sz000402,2396,7445,0
sh603890,373,0,0
sz002185,5848,60074,1855
sz002215,1588,0,0
sz000822,1330,1241,0
sz000885,16842,7007,0
sz002898,0,0,0
sz002099,0,1800,0
sh600246,0,0,0
sz300445,0,0,0
sz002195,64283,183300,0
sz000951,0,0,0
sh603098,0,0,0
sh600716,0,28771,0
sh603987,0,0,0
sz000568,16630,7890,208
sh600873,0,5036,0
sz300492,0,500,0
sz002903,1511,259,0
sh603160,0,459,0
sz002686,0,0,0
sz300711,0,0,0
sz002416,0,0,0
sz300416,0,0,0
sz002658,2241,0,0
sz000995,0,0,0
sz002480,4012,0,0
sz300600,0,293,0
sz002127,14613,14689,3297
sz300708,496,4653,826
sh603806,0,0,0
sz002253,0,0,0
sz000886,18397,6302,0
sz002620,0,0,0
sh600372,0,3579,0
sh603917,868,0,0
sz002248,0,6798,0
sh603730,307,980,0
sz002320,22536,14132,1552
sz000702,0,2000,0
sh600739,0,3811,0
sz002383,11490,20247,1571
sz000561,0,1500,0
sh600977,2644,6313,0
sz000791,1681,5064,0
sh600785,0,0,0
sz300597,0,0,0
sz000921,0,2557,0
sz300557,312,0,0
sz300165,0,0,0
sz002861,402,682,0
sz300360,0,0,0
sh601008,0,0,0
sh603937,0,577,0
sh600161,413,1092,0
sh603337,0,0,0
sz002008,16476,9059,940
sz300274,4148,9284,0
sh600633,1728,1851,0
sh601003,3812,0,0
sh600663,0,0,0
sz300279,0,952,0
sh603416,341,0,0
sz002169,0,0,0
sh600550,0,0,0
sz300065,5569,0,0
sz002469,0,0,0
sz002899,0,0,0
sh600719,0,0,0
sz002007,3388,1485,0
sh600619,0,0,0
sz002669,0,0,0
sz300607,0,0,0
sh600505,0,0,0
sz000915,0,4188,0
sz002420,0,0,0
sh603127,0,0,0
sh600789,44498,82025,2455
sh600558,0,1950,0
sh603178,0,0,0
sz300040,0,0,0
sh600338,2980,2287,0
sh600389,1011,2312,0
sh603027,0,0,0
sz002544,793,1437,0
sz000932,121952,50170,0
sz002675,2286,4599,0
sz002499,0,0,0
sz002678,0,3600,0
sh603557,0,0,0
sz000966,0,0,0
sh600212,2005,0,0
sz002858,0,0,0
sh600828,0,0,0
sz002791,806,573,0
sh601088,44431,34552,723
sh600160,127330,116353,1018
sh600883,0,0,0
sz002204,0,0,0
sh600604,0,0,0
sz000584,0,1455,0
sh600590,0,0,0
sz002729,0,0,0
sz000667,4074,5623,0
sh600138,1444,507,0
sz002460,130999,147334,25596
sz002359,1532,4088,0
sz300625,0,0,0
sz002546,0,2503,0
sz000063,80672,93041,1518
sh601966,0,1514,0
sz300446,0,457,0
sz002404,0,0,0
sh600433,2191,0,0
sz002766,0,1484,0
sz002225,0,0,0
sh600783,10139,6730,1668
sz002402,2554,5783,0
sz002905,0,560,0
sz002408,5440,7912,0
sz300149,0,0,0
sz300326,0,3014,0
sz300448,0,0,0
sz000918,0,0,0
sh600626,0,5891,0
sz002430,0,3996,0
sh600520,630,2701,0
sh601688,16870,43539,2034
sh601369,0,2973,0
sh600903,55333,38611,7087
sz300130,0,1101,0
sh600321,0,3319,0
sh600680,0,0,0
sz000733,802,0,0
sz300271,12884,28543,0
sz002055,562,1066,0
sz002657,5720,8895,0
sz300632,0,0,0
sz002929,19420,15374,4529
sh600589,0,0,0
sh603661,0,0,0
sh600636,885,0,0
sz000701,2700,5394,0
sz002289,0,0,0
sh600908,0,2976,0
sz000893,1858,6219,0
sz002889,1716,0,0
sz300362,0,0,0
sh600178,0,0,0
sz002714,0,1540,0
sh600495,0,4586,0
sz300385,0,0,0
sh600742,663,1617,0
sz000498,0,2200,0
sh600620,0,0,0
sh601375,0,1635,0
sh600756,3811,6643,0
sz000880,0,0,0
sz300155,0,0,0
sh603030,0,0,0
sz300603,721,1034,0
sz300007,756,5924,0
sz002503,0,0,0
sh603306,0,0,0
sz002059,0,0,0
sz002627,0,0,0
sz002878,0,0,0
sz300262,0,0,0
sh600769,0,0,0
sz002829,0,0,0
sh600119,0,2601,0
sz300232,1001,1334,0
sz300543,0,740,0
sz300641,0,0,0
sh600973,0,0,0
sh600801,92427,41195,1994
sz002089,2007,0,0
sz002867,500,305,0
sz002761,377,598,466
sz300201,0,3502,0
sz300400,0,0,0
sh603676,3318,0,0
sh600586,9688,3381,0
sh603726,0,0,0
sz002250,0,2339,0
sz002066,1083,0,0
sz000783,6530,8952,0
sh600730,0,0,0
sh603326,529,653,0
sz002773,0,0,0
sh601919,6934,38128,0
sz000679,0,0,0
sh603963,0,0,0
sh600521,2883,3002,0
sh603977,0,0,0
sz000809,0,3167,0
sz002566,4607,3754,0
sz300582,0,0,0
sh603516,7189,11349,2614
sh600350,0,0,0
sh601011,16053,13102,0
sh600073,0,0,0
sh600060,2645,10322,0
sz000718,2641,0,0
sh600487,8776,14944,0
sh603861,0,0,0
sz300737,47060,125843,4448
sz002014,0,807,0
sz300669,0,0,0
sh600825,0,0,0
sz000815,0,2606,0
sz300509,0,0,0
sz300036,0,2844,0
sh600483,0,0,0
sz002015,0,1837,0
sh600872,750,10725,0
sh601600,1384108,1072903,0
sz002334,0,1151,0
sh600261,0,0,0
sh600717,3144,11356,0
sz000630,22870,71811,0
sz002577,0,0,0
sz300553,0,0,0
sh600234,0,0,0
sh600287,1500,0,0
sh603968,780,0,0
sz002449,1121,7247,0
sz002434,0,0,0
sh600071,0,0,0
sh600090,1457,8195,0
sz000009,8699,27292,0
sz300651,0,0,0
sh600070,0,2697,0
sz000570,0,0,0
sz002649,2853,11466,0
sz300054,0,0,0
sh600609,0,0,0
sz000601,0,0,0
sz000895,12661,2082,1141
sz300643,0,0,0
sz300026,3900,9425,0
sh600279,0,0,0
sh600823,7754,11609,0
sh603918,0,0,0
sz300418,23132,21171,1031
sz300293,0,1000,0
sz300123,0,0,0
sh603579,173,0,0
sz000989,6509,4318,0
sh600333,0,0,0
sh600653,6078,15512,0
sz002258,4142,1554,0
sh603466,274,1610,179
sh600391,0,5573,0
sz002550,3287,16751,0
sh603589,1746,0,0
sh600874,11889,6402,0
sz002921,640,0,0
sh600582,5030,8945,0
sz000006,36814,91005,0
sz002527,0,0,0
sz002234,1505,2683,0
sh603801,396,717,0
sz300102,0,2755,0
sh603200,0,0,0
sz300689,4103,2378,0
sz300690,0,0,0
sh600068,22303,78123,1139
sz300265,0,0,0
sz300087,0,3678,1000
sz300212,1554,10761,729
sz300468,897,1724,0
sz300010,1050,1323,0
sz300513,0,0,0
sh600623,47583,8921,1012
sz000558,0,7930,0
sh600101,0,0,0
sz002129,158408,227255,7176
sz002347,0,0,0
sz300157,6070,5341,0
sz300296,5126,5264,0
sz300176,75,371,0
sh600624,0,0,0
sz300199,771,865,0
sh600516,99161,100933,5295
sz300139,0,0,0
sz300272,4504,0,0
sz300348,0,0,0
sz002352,3781,983,228
sz002444,1899,6226,0
sz002821,613,1190,0
sz002810,0,0,0
sh603701,0,0,0
sz002481,5000,17891,0
sz002758,0,0,0
sh600885,537,1506,0
sh600635,59223,14640,0
sz300046,0,0,0
sz300663,367,2389,0
sz000513,1966,2399,0
sh603566,0,0,0
sh603113,0,500,0
sh601999,0,0,0
sh600277,4801,1990,0
sh603798,0,0,0
sz002340,676139,475423,3195
sh600223,0,0,0
sz002768,1340,0,0
sh603536,0,0,0
sz002615,0,0,0
sz000611,0,3000,0
sh600981,0,0,0
sz000655,0,0,0
sz300501,0,0,0
sz300012,0,11462,0
sh600702,3167,1026,0
sz000982,0,3325,0
sh603933,0,0,0
sz000948,12337,20140,0
sz000999,415,0,0
sz002230,207884,146197,19216
sz000725,1940473,1432233,10835
sh600211,0,0,0
sh600900,4742,8864,0
sz002333,0,0,0
sz002511,792,2000,0
sz000592,0,2500,0
sz002750,0,0,0
sh600276,14258,8271,724
sz300507,0,809,0
sh603225,624,936,0
sz300321,0,0,0
sz002388,2764,0,0
sz300129,0,0,0
sh600236,0,0,0
sh600435,1091,2412,0
sz000803,0,0,0
sz002135,0,2600,0
sh600643,28667,61952,2318
sz002736,3088,7221,0
sh603399,2368,1627,0
sh601012,36004,10080,2961
sz000720,0,0,0
sz002596,109987,38055,5989
sz300020,28566,25862,10115
sz002042,5356,1000,0
sz300220,0,0,0
sh600109,1770,10454,0
sh600018,24479,81666,0
sz002313,602,1385,0
sz002052,0,4662,0
sz000014,0,0,0
sz000627,5152,12314,0
sh600012,0,0,0
sh601666,25388,11886,0
sz002010,0,0,0
sz002572,2340,6455,0
sz300164,0,0,0
sz300680,503,0,0
sh601328,86175,139980,0
sh600066,3756,6950,0
sz002488,720,2883,0
sz002086,1153,0,0
sh600592,0,1229,0
sh601555,1271,1472,0
sz002092,9115,8163,0
sz300589,0,0,0
sh600765,0,4098,0
sz300373,1784,4164,0
sz300430,0,1627,0
sz002036,3285,4577,0
sh600329,0,742,0
sz002290,0,0,0
sh601996,0,0,0
sh603366,0,0,0
sh603901,0,1135,0
sh603683,0,0,0
sz002651,0,4479,0
sh603728,0,0,0
sz002363,0,0,0
sh600219,136755,122413,0
sh600097,0,0,0
sh600999,802,2882,0
sh600388,0,7207,1014
sh600805,0,0,0
sz002679,0,0,0
sh600019,350082,175115,0
sh603177,0,0,0
sh603928,0,0,0
sh600755,11144,34084,0
sz000780,0,4278,0
sh603900,512,3099,0
sh600767,0,0,0
sh601186,5059,6585,0
sz002318,0,1779,0
sh603776,1648,909,965
sz002617,1006,0,0
sh603989,0,0,0
sh603777,0,0,0
sh601318,153906,161562,10948
sz300479,0,0,0
sz002029,0,0,0
sz300091,0,1720,0
sz300366,850,4775,0
sh600662,0,0,0
sh600215,2165,1350,0
sz300200,0,0,0
sz300681,0,1434,0
sz000750,2332,20025,0
sz300291,0,3531,0
sz002654,0,0,0
sz300576,0,0,0
sz300243,0,0,0
sh600594,0,1215,0
sh603385,0,0,0
sh603378,0,0,0
sh600523,1966,10779,1893
sz002239,25199,6162,0
sz000751,5197,4579,0
sz000005,0,0,0
sh600804,66877,115768,2700
sz300328,0,0,0
sh601101,0,4433,0
sz002891,0,1398,0
sz300286,0,0,0
sh603126,0,3721,0
sh600538,0,0,0
sh603059,5007,3297,350
sz000532,1400,1000,0
sh600367,0,1029,0
sz000650,0,0,0
sz002868,0,0,0
sh603615,0,0,0
sz002722,498,911,0
sh601888,4020,2177,0
sh600466,12846,10362,0
sz300347,0,1344,0
sz300100,0,1468,0
sz000897,0,5451,0
sz300260,0,0,0
sh600718,800,4447,0
sh600126,0,0,0
sz002680,4339,4668,0
sz300709,0,0,0
sz002083,0,1956,0
sh603797,0,0,0
sz002703,0,0,0
sh603996,0,0,0
sz300703,900,0,0
sz002516,0,10930,0
sh601228,1800,28625,0
sz002348,0,0,0
sh600118,1968,3596,0
sz300191,1461,1525,0
sh603906,0,0,0
sh600397,0,0,0
sz002324,0,0,0
sz000755,3074,5609,0
sz002756,0,0,0
sz000609,0,0,0
sh601900,0,0,0
sz000585,2912,12411,0
sz002895,1501,413,527
sz002391,654,0,0
sh603321,0,0,0
sh600675,0,0,0
sh600600,564,272,0
sh601599,1703,8836,0
sh600082,0,0,0
sz300729,0,0,0
sh603060,0,0,0
sz300299,0,1281,0
sz000502,0,0,0
sz002397,0,0,0
sz002415,23076,32990,318
sz300236,4047,9138,322
sh600449,10713,13227,0
sz002026,1981,0,0
sh600597,0,0,0
sz000711,0,0,0
sz000739,0,10019,0
sz300433,1494,6931,0
sz002689,0,0,0
sz300085,7183,17440,703
sh600573,0,0,0
sz002202,52114,45285,1476
sh603313,0,0,0
sz002414,0,730,0
sz300363,848,0,0
sh600778,0,0,0
sh603289,0,0,0
sz300135,0,0,0
sh603569,0,0,0
sh600529,0,0,0
sz002216,0,0,0
sz002024,51162,62469,0
sz300152,0,5723,0
sz002588,0,1935,0
sh603988,442,678,0
sh603158,0,0,0
sh601086,2172,8766,0
sz002902,0,296,0
sz002772,0,0,0
sz002667,0,0,0
sh600808,95255,26221,0
sz300480,0,0,0
sh603386,0,0,0
sh603129,0,0,0
sh600256,10976,23238,0
sh600269,4976,9340,0
sz000818,833,5100,0
sz300408,3419,3029,502
sz300699,643,2232,1002
sh600763,1019,1136,0
sz002210,0,9967,0
sh600456,0,600,0
sz000563,9696,16689,0
sz000021,8674,19578,0
sz300571,350,150,0
sh600301,0,0,0
sz000400,0,880,0
sh603188,0,0,0
sz002745,841,987,0
sz002054,9250,33435,0
sz300691,0,339,0
sh600598,3579,20183,0
sz002432,1518,0,0
sh600166,0,42522,0
sh600727,8810,0,0
sh600216,16164,12184,1114
sz300402,0,0,0
sz000600,1496,3185,0
sh600616,0,1617,0
sh600243,0,0,0
sh600817,0,0,0
sz300016,0,2710,0
sz002102,49653,44747,0
sz000088,0,4030,0
sh600446,1656,8094,0
sz002456,27724,48722,5616
sh600218,0,0,0
sz300556,3741,5295,524
sh603577,0,0,0
sh600298,3916,2913,0
sz000906,3923,0,0
sh600312,0,3676,0
sh600289,0,0,0
sz300343,2983,6631,0
sz000858,52018,42725,3997
sz300160,14160,24562,1515
sh600898,0,3210,0
sz000333,57706,70499,2500
sh600744,0,0,0
sh603605,0,870,0
sz002776,0,0,0
sz000819,0,0,0
sz002190,0,0,0
sz300224,13895,5320,1453
sz000889,0,2000,0
sh600262,0,0,0
sz002142,6075,11473,0
sh600780,0,0,0
sz000736,0,641,0
sz002836,0,0,0
sz002186,0,0,0
sh600104,18428,20644,947
sz002486,0,11651,0
sh600746,0,0,0
sz000426,10918,16283,0
sz002396,2711,15148,503
sz300713,0,0,0
sh600239,0,2610,0
sh600855,0,1752,0
sz002411,0,0,0
sh603029,0,0,0
sh603558,0,0,0
sz002276,22599,28819,0
sh601992,53723,37237,0
sz002068,5795,18078,5019
sz300449,0,0,0
sh600266,0,6052,0
sz000007,2800,7141,0
sh601233,4577,16450,896
sh600833,0,0,0
sh601339,0,6180,0
sz000908,0,0,0
sz300671,0,0,0
sz002245,8075,10988,0
sh600200,0,0,0
sz002579,0,0,0
sz300340,2778,2366,201
sh600272,0,0,0
sh600815,0,5000,0
sh603012,0,0,0
sz002114,1510,0,0
sz002354,5952,19542,0
sz002101,0,0,0
sz002528,0,0,0
sh600061,1187,2063,0
sz300285,0,1847,0
sz300474,513,1014,0
sz000728,2455,9204,0
sz000690,13139,3705,0
sz002021,0,7172,0
sz300008,2010,8428,0
sz002123,3262,12396,0
sh600547,16219,14861,0
sz002700,0,0,0
sz300539,0,0,0
sz000881,0,0,0
sh600426,10372,3171,0
sz300618,5696,5774,713
sh600863,0,5497,0
sh601515,0,0,0
sz000729,14521,2664,0
sh603363,0,2358,0
sh600227,0,10223,0
sz002155,1324,0,0
sh600551,0,0,0
sh603868,0,0,0
sz000413,44730,31868,0
sz002801,0,0,0
sz002288,0,0,0
sh600561,0,0,0
sz300140,0,842,0
sz300197,6407,6192,0
sz002076,20654,25892,1777
sz000938,3564,8884,0
sz000686,0,3500,0
sz002017,0,0,0
sz300638,0,0,0
sz002636,0,0,0
sz300692,0,628,0
sz300270,0,0,0
sz000901,0,1485,0
sz300648,0,0,0
sz000529,0,0,0
sz300354,0,950,0
sh600285,1163,3178,0
sh600455,0,0,0
sz000595,0,0,0
sh600835,1523,519,0
sh600926,0,26358,0
sh600302,0,0,0
sz300267,0,6565,0
sz002389,0,1203,0
sz000810,24312,31297,1328
sz300412,0,0,0
sz000935,12260,7697,0
sz002106,0,2545,0
sz300145,0,0,0
sz000603,1360,1000,0
sz002922,6395,24615,0
sh600281,0,0,0
sz002743,0,0,0
sz002883,870,966,0
sz000045,0,0,0
sh600909,0,3141,0
sz002805,0,0,0
sz000505,0,0,0
sz300218,0,0,0
sz000825,182529,143902,0
sh600458,0,0,0
sz002505,10000,0,0
sz000806,13109,43935,0
sz002326,0,1189,0
sz002281,7828,6070,882
sh603535,0,0,0
sz000598,0,18982,0
sh600428,0,1905,0
sz002879,1002,2504,0
sz000839,27802,58650,0
sz002549,1869,1804,0
sh601106,0,6468,0
sz300545,204,156,0
sh603077,0,48174,0
sz300276,1558,718,0
sh601928,0,4334,0
sh600565,25985,41056,0
sz002268,29410,19254,4269
sz002688,0,0,0
sz000996,3228,17833,0
sh600749,0,0,0
sz002368,500,8834,0
sz000789,160643,64370,3089
sz002050,8436,4657,663
sz000039,9974,7387,0
sz000923,0,802,0
sz300740,3969,1047,0
sz000597,0,4425,0
sz002837,0,0,0
sz002241,25095,74358,0
sz300606,0,0,0
sz300162,0,1542,0
sz300380,0,615,0
sh600385,0,0,0
sz000151,14459,15489,1196
sz002920,3923,3676,0
sz002406,0,1527,0
sz000778,11620,8282,0
sh603166,0,0,0
sz002843,0,3543,0
sh601880,0,20212,0
sh603339,0,0,0
sz300599,0,0,0
sz300112,1639,1056,0
sz002261,5784,7727,0
sz002642,2083,6339,0
sz002508,27078,18358,291
sz300208,1343,5681,0
sh600096,0,0,0
sh603181,525,1137,0
sh603223,0,0,0
sh601566,824,0,0
sh603319,0,0,0
sz000790,13638,22200,0
sh603811,0,0,0
sh600067,0,3299,0
sz002676,24591,45889,0
sh603768,0,0,0
sh600722,9579,7987,0
sz002581,653,4417,0
sz000978,0,0,0
sz300077,10644,19879,0
sh600876,0,2502,0
sh600639,0,0,0
sz300037,3236,722,0
sh603966,0,0,0
sz300538,0,0,0
sz002552,1291,0,0
sz300282,0,0,0
sh600500,3751,4533,0
sz002064,17194,10896,0
sz002300,0,0,0
sz002917,0,0,0
sh600712,0,0,0
sh600490,92165,146047,1042
sz300355,1035,21190,0
sz002356,504,0,0
sh600605,946,0,0
sz000631,12754,0,0
sh600153,0,6123,0
sh603239,0,0,0
sz002928,33537,19600,5033
sh603131,0,1116,0
sz000863,0,0,0
sz002916,2700,4137,313
sz002831,0,0,0
sh601717,0,3510,0
sh600686,6303,783,0
sz000622,0,0,0
sh603009,0,0,0
sh603316,0,0,0
sz300035,1626,0,0
sz000792,44241,39494,7077
sz002459,1045,0,0
sh600537,2423,5131,0
sh603496,0,0,0
sz002663,19323,23336,0
sh601169,2004,11953,0
sh600713,0,0,0
sz002567,0,0,0
sh600336,0,0,0
sh600567,135203,92045,0
sh600531,3013,1607,0
sz300025,0,2085,0
sz300378,0,0,0
sh603189,0,709,0
sh600127,2605,0,0
sz002896,600,0,0
sz002002,6301,6422,0
sh600507,30248,23462,0
sh600705,0,23529,0
sz300216,35604,45813,840
sz002238,0,0,0
sz300207,6700,8607,0
sz300339,0,1773,0
sz000735,147479,78619,1089
sz300133,5576,10081,0
sz002070,0,0,0
sh603712,0,3127,0
sh603169,0,3775,3257
sh600381,0,1000,0
sh600844,0,0,0
sh600308,0,0,0
sh600237,2802,0,0
sz000821,1298,3623,0
sh600462,4296,0,0
sh603078,0,178,0
sh600809,1025,548,0
sh600207,49617,24332,1184
sh601958,9148,29697,2209
sz002004,49141,47277,4404
sz000011,0,0,0
sh600593,0,300,0
sh601929,5495,5578,0
sh600054,0,0,0
sz000404,0,6812,0
sh600887,73501,71341,4895
sh600110,15398,23640,0
sz002040,0,816,0
sz002422,10130,10626,0
sz300222,2690,4427,685
sz000767,0,9492,0
sh603088,0,807,0
sz002494,0,5060,0
sh600383,50595,23752,0
sz000721,0,0,0
sh601001,9940,0,0
sz300053,2920,5862,0
sz300563,0,0,0
sz000418,0,200,0
sz300269,2461,5261,0
sh603323,0,11578,0
sz002233,28004,12663,0
sh600320,16801,0,0
sz002151,0,1356,0
sh601212,4458,7526,0
sz300735,3019,543,0
sh603037,0,0,0
sz000987,2021,0,0
sz300161,2812,2862,0
sh600363,2500,0,0
sz300462,6403,3124,453
sz000048,0,0,0
sz002882,0,0,0
sz002573,0,7098,0
sh600370,0,0,0
sh603002,0,0,0
sh600114,0,0,0
sz000723,11517,30875,0
sh600536,15937,31179,0
sh600340,33755,41937,1288
sz002749,0,0,0
sz002822,0,0,0
sh603909,441,0,0
sz300154,0,0,0
sh600706,0,0,0
sz002337,0,0,0
sh600837,12385,25146,0
sh601766,26424,48457,0
sz000531,0,0,0
sz002816,0,0,0
sh600026,5143,3072,0
sz002325,0,2525,0
sz300436,0,0,0
sz002393,0,0,0
sz000565,0,0,0
sz300536,0,0,0
sz000639,0,0,0
sz002533,0,0,0
sz002824,0,0,0
sh600970,18964,15736,0
sh601616,0,2836,0
sz300068,813,3744,0
sh603515,350,211,0
sz300022,0,2206,0
sz300281,0,0,0
sz002069,3069,29853,5535
sz002643,2000,3813,0
sz002751,300,300,0
sz002849,0,500,0
sh600667,9626,18237,0
sh600327,0,0,0
sz300425,0,0,0
sh600759,7804,3000,0
sz300710,0,0,0
sz300677,2727,4992,304
sz300698,1810,886,0
sz000539,0,0,0
sz002752,0,0,0
sz002421,2316,9238,0
sh600099,0,0,0
sh600213,2083,6556,0
sh603959,478,0,0
sh600489,15087,15915,0
sz300661,0,137,0
sz000957,11306,19413,0
sh600787,12900,9509,0
sz002888,0,0,0
sz002787,0,0,0
sz002660,0,0,0
sz002771,0,0,0
sz300686,0,0,0
sh600493,0,0,0
sz000153,0,2200,0
sz002095,2605,6063,344
sh600400,0,2000,0
sh600059,0,0,0
sz002355,0,2100,0
sz002862,0,471,0
sh600482,472,8301,0
sh600886,2890,6090,0
sh600176,8848,16704,0
sh603168,0,0,0
sz002788,0,0,0
sh603128,0,2000,0
sh603305,1776,1584,0
sh603669,0,0,0
sh600602,0,9981,0
sz300370,0,0,0
sz002640,2137,3274,0
sh603360,0,0,0
sz000826,4228,2902,0
sz300537,0,0,0
sz300047,1793,907,0
sz300365,291,1410,0
sh600917,0,0,0
sh600337,0,0,0
sz300722,600,0,0
sz300206,1726,0,0
sz300057,0,0,0
sz300125,906,0,0
sh603969,0,3797,0
sh600657,0,2003,0
sh600094,0,3611,0
sh601890,0,3894,0
sh603180,836,78,0
sz300396,0,0,0
sz002605,0,2220,0
sh603311,0,0,0
sz002578,5561,0,0
sh600006,0,0,0
sz000586,0,800,0
sz000099,0,0,0
sz002453,0,0,0
sh600169,9470,5695,0
sz002369,2900,7102,0
sz300375,0,0,0
sz000692,0,0,0
sz000567,879,4741,0
sz002793,0,0,0
sh601988,259537,332123,0
sz300547,0,0,0
sz002314,0,2000,0
sz002555,4143,11116,0
sz000510,0,0,0
sh601005,10283,28564,0
sh603778,25970,27241,1754
sh600303,0,0,0
sz002217,7815,11219,1114
sh603159,0,0,0
sz000682,0,0,0
sz000837,1788,8626,0
sh600618,0,0,0
sz300688,13178,13565,443
sh603976,0,0,0
sz002299,0,741,0
sz002489,2542,3000,0
sh601163,637,0,0
sh601019,0,2054,0
sz300565,0,0,0
sz300687,0,397,0
sz000058,0,0,0
sz000416,2976,0,0
sz002207,0,0,0
sh603228,233,0,0
sz002286,0,0,0
sz300014,16449,16970,0
sz000672,249384,178904,9618
sh600748,0,0,0
sz300300,32338,42666,5468
sz000551,0,1827,0
sz002154,0,0,0
sh603803,0,0,0
sh603607,0,0,0
sz300498,3191,13499,0
sh600699,1522,1517,0
sz002032,0,0,0
sh603501,864,1802,296
sh600853,0,0,0
sz000913,576,0,0
sz002695,2456,1820,0
sh600511,944,1411,0
sz300534,21683,12922,1018
sz002535,0,4185,0
sz300059,461464,423468,18726
sz300292,0,8113,0
sh600339,0,5422,0
sh600528,6308,3544,0
sh600420,0,1104,0
sh600839,0,28731,0
sz000851,4964,6277,0
sh600774,0,0,0
sz000911,0,0,0
sh600415,0,7934,0
sh600323,0,0,0
sz002197,0,0,0
sz300141,1085,0,0
sz002727,2727,3398,0
sz002646,0,0,0
sz300554,0,0,0
sh600869,0,0,0
sz000623,602,7157,639
sh603218,0,0,0
sz002270,0,0,0
sz300376,8034,3927,0
sz300062,2000,0,0
sz300082,0,0,0
sh603895,1921,4025,0
sh603300,0,1476,0
sz002838,0,0,0
sh600467,0,4000,0
sz000572,0,0,0
sz000636,166524,66539,16102
sz000680,0,0,0
sh600629,0,0,0
sh600111,400234,350101,8768
sz000635,0,0,0
sh600655,0,0,0
sz000503,21160,20743,1765
sh603456,0,2461,0
sz002800,0,0,0
sz000100,331468,318868,0
sz002747,0,1235,918
sz002199,0,0,0
sz002638,6050,13357,0
sh600249,19385,160453,0
sz000526,0,0,0
sz300415,0,665,0
sz002205,0,0,0
sh603609,0,0,0
sh600486,1678,0,0
sh601677,1512,0,0
sz000593,0,2000,0
sh603986,10226,13590,1297
sh601002,3589,0,0
sz000800,5554,9858,0
sz300458,0,1363,0
sz002742,85348,3254,1029
sz002815,0,365,0
sz002307,15715,14986,0
sh600477,2101,2476,0
sz002009,3845,6431,0
sh600141,3484,2843,0
sz000619,0,0,0
sz300167,0,7700,0
sh601177,0,0,0
sh600634,1654,0,0
sh600577,57922,50770,0
sz300001,1068,0,0
sz300124,1073,4165,0
sz002214,0,1814,0
sh603556,0,0,0
sz002057,0,0,0
sz000700,0,8638,0
sh600508,0,1614,0
sz002913,3209,2670,0
sh603555,0,0,0
sh600136,619,0,0
sz002629,3056,2337,0
sz002179,1144,3312,0
sz300108,0,0,0
sz300180,1000,3705,0
sh600975,0,2065,0
sz300311,1770,5558,0
sz300548,0,0,0
sz002304,3781,3891,553
sz002222,3175,4459,0
sh600182,400,0,0
sz002073,49618,33778,3798
sz002603,1914,1849,0
sz002830,0,0,0
sh603488,564,0,0
sz002322,0,0,0
sh600611,0,5019,0
sz002833,0,215,0
sz002162,0,0,0
sh603595,319,121,0
sz002018,13790,14140,0
sh600555,4758,2722,0
sh600622,0,1991,0
sz300573,0,0,0
sz002400,2000,15302,0
sz300461,0,250,0
sh600802,5228,5456,0
sh601857,63912,79331,0
sz000032,0,0,0
sh600732,0,5063,0
sh603085,0,0,0
sz000545,3023,3553,0
sz300231,23609,110105,1277
sz000717,94896,34538,0
sz000550,0,0,0
sz300081,0,1000,0
sz002240,1163,0,0
sh603600,0,925,0
sh600660,8009,1485,0
sz300194,0,0,0
sz002189,22542,32347,9813
sh603283,727,2542,0
sh603100,0,1029,0
sz300520,1311,0,0
sh603356,11108,29326,2893
sz002011,3038,4647,0
sh603011,0,0,0
sh600095,11734,9163,0
sh600781,0,0,0
sz300469,0,303,0
sh600100,20617,26394,0
sz002897,0,1242,0
sh603336,0,0,0
sz002684,4746,0,0
sz300615,0,0,0
sh600834,0,0,0
sz002353,824,778,0
sz002683,0,0,0
sh603808,0,500,0
sh600800,0,0,0
sh600850,0,1604,0
sz002338,0,0,0
sz300258,0,0,0
sz002302,12477,22276,0
sh603139,0,0,0
sz000981,0,0,0
sz300569,0,0,0
sz300298,551,4756,0
sh600163,0,0,0
sh603020,0,0,0
sz300273,1510,1597,0
sz000040,3937,2044,0
sh600063,0,0,0
sz002718,0,0,0
sh600502,0,3339,0
sz002769,38865,27470,2569
sh600038,1854,5378,305
sz300622,0,0,0
sh600030,180376,184815,7616
sz002534,0,0,0
sz002429,10581,45857,0
sz300577,0,0,0
sh603367,7075,2838,817
sh600346,9390,7466,667
sz300518,0,0,0
sz002358,4019,6435,0
sh600360,3022,17986,0
sz300031,0,2500,0
sz000553,0,690,0
sh601595,0,0,0
sz002547,1730,1155,0
sz300211,0,0,0
sh603227,0,0,0
sz002541,0,0,0
sz000150,0,0,0
sz300420,1941,6638,0
sh600776,2000,0,0
sz002275,0,4000,0
sz300359,0,0,0
sz002632,5117,0,0
sz000068,0,0,0
sz000868,13846,41682,0
sh603081,1410,1106,0
sz002841,282,297,265
sh600862,0,0,0
sz300303,0,8198,0
sh603936,0,0,0
sz002582,0,965,0
sh603477,0,1392,0
sz000523,0,0,0
sz002003,0,0,0
sz002158,0,10299,0
sz300551,0,0,0
sh600190,0,0,0
sh603444,0,168,0
sh601882,0,0,0
sz300414,0,0,0
sh603680,8204,2502,678
sz300610,0,0,0
sz002732,0,420,0
sz002652,0,0,0
sh600149,0,0,0
sz002825,721,0,0
sh600098,0,0,0
sh603165,0,0,0
sh603978,273,148,0
sz002228,20350,0,0
sz000049,0,309,0
sz002571,0,1633,0
sz002539,0,0,0
sh600668,958,0,0
sh603716,0,200,0
sz000036,3228,0,0
sh600961,0,0,0
sh603133,0,0,0
sz002612,1800,1170,0
sz002820,0,1031,0
sz002426,16392,15564,0
sh600846,0,8628,0
sz000576,1100,0,860
sh600691,16668,22864,0
sz002104,0,8107,0
sz002120,0,269,0
sz002737,0,300,0
sz002474,1571,0,0
sh600501,0,0,0
sz000525,892,506,0
sz300252,1141,0,0
sz000507,6435,17125,0
sz300512,0,0,0
sh603138,0,0,0
sz300350,0,0,0
sh603813,0,0,0
sz000059,5695,3861,0
sh600387,1236,0,0
sz000973,2300,13128,0
sz002088,0,0,0
sz000919,0,0,0
sh601881,4484,8563,0
sh600405,6517,75424,0
sh600168,0,0,0
sh601118,57677,17244,3035
sz002145,13596,2000,0
sh600689,0,0,0
sh600936,0,2154,0
sh603197,620,0,0
sh600395,1610,2021,0
sh600425,3217,0,0
sh600366,12830,4572,698
sh600868,28059,79113,0
sz300055,583,5470,0
sz300122,6298,15896,0
sh601099,154496,99077,0
sz000761,4106,2849,0
sz002445,1323,2287,0
sh603086,0,0,0
sh603277,0,0,0
sz000727,0,4004,0
sh603099,0,0,0
sz002303,0,2955,0
sh600089,10453,15122,1107
sz300419,0,0,0
sz000782,0,0,0
sh600031,54225,83469,1824
sz002886,0,0,0
sz300587,0,0,0
sz300371,0,0,0
sz000030,0,0,0
sh603298,0,0,0
sz002246,0,1325,0
sz300660,0,0,0
sh600238,3776,2967,0
sz000552,0,3069,0
sz002306,0,4000,0
sz002907,787,1879,0
sh600499,40455,31567,0
sz002513,0,0,0
sz300560,945,501,680
sh603026,2048,1713,0
sh601198,1515,4643,0
sz000429,0,0,0
sz300245,0,1126,0
sz300391,0,0,0
sh600220,0,0,0
sz300683,0,0,0
sh601333,25677,28947,0
sz300495,0,0,0
sz002875,0,0,0
sh600687,3605,0,0
sz000926,2811,4796,0
sz300075,0,1597,0
sz300249,0,0,0
sz002439,8442,13360,614
sz300598,0,0,0
sh600133,0,2679,0
sz000665,22037,45755,3233
sz002060,0,3000,0
sz300072,3990,5256,0
sz002412,0,0,0
sh600896,0,0,0
sh603679,0,0,0
sz300434,0,0,0
sz002371,8631,25123,288
sh601777,0,3768,0
sh603829,0,0,0
sh603626,0,1567,0
sh600919,7660,13984,0
sz002078,20154,49985,0
sz300228,4208,8073,0
sh600392,167807,96611,10838
sz300514,0,351,0
sz000411,0,0,0
sz002271,2259,3297,0
sz002367,0,8684,0
sh600795,24212,7512,0
sh603688,0,0,0
sz002331,0,0,0
sz000423,625,3595,0
sz002725,0,0,0
sh600963,0,1906,0
sz000002,55408,48870,4659
sh600209,18444,10833,0
sh600318,0,855,0
sh601668,169515,179280,0
sz300358,0,0,0
sh603665,0,0,0
sh600773,1084,996,0
sz300532,0,4305,540
sz300304,0,0,0
sh601985,5855,19619,0
sz300506,0,500,0
sz002178,8897,27080,0
sz000777,0,0,0
sz300185,9439,5055,0
sz002809,0,0,0
sh600988,2458,9021,0
sh603303,0,0,0
sz002138,2243,1022,0
sz300647,0,2901,0
sz300631,0,0,0
sz002863,8457,4273,0
sh600267,734,5151,0
sz000905,1002,0,0
sz002254,11647,5701,0
sz000719,0,0,0
sh600637,4098,4352,0
sz000668,1700,0,0
sz000990,0,0,0
sz002182,1269,0,0
sh603686,0,0,0
sz000975,0,2652,0
sh603008,0,0,0
sh600396,0,0,0
sh600011,1673,6507,0
sz002111,0,0,0
sz300195,0,0,0
sh600004,920,4072,0
sz002297,0,1496,0
sz002586,0,0,0
sz002351,0,0,0
sh603519,0,0,0
sz000425,70016,102828,0
sz002782,0,1002,0
sz002859,622,0,0
sh603859,0,0,0
sz300650,356,1292,0
sh600362,78308,45454,0
sz002613,0,0,0
sz300204,0,0,0
sz300397,0,769,0
sh603018,0,0,0
sz300559,205,521,0
sz000779,0,0,0
sh601126,0,0,0
sh603990,0,0,0
sh600745,474,1189,0
sz002599,0,900,0
sh600251,0,0,0
sz002051,0,801,0
sz002568,1184,2548,0
sz300388,0,2625,0
sz002370,0,0,0
sz000670,5105,13427,0
sz300700,813,631,0
sh601601,12947,12122,669
sz300723,0,1099,0
sz300482,0,0,0
sh600137,0,659,0
sz000848,1364,0,0
sz300170,46194,90511,672
sh601113,1987,0,0
sz002719,0,435,0
sz002027,13564,19109,0
sz300695,0,140,0
sh600992,1009,0,0
sz002563,0,0,0
sz300702,0,0,0
sh600113,0,0,0
sh600242,658,0,0
sh600172,13509,25725,0
sh601000,27592,71994,0
sh600966,1691,0,0
sz002380,0,657,0
sz002160,8038,0,0
sh603738,0,0,0
sh600295,1771,840,0
sh600468,0,0,0
sz002455,0,1237,0
sz300237,5000,14479,2221
sh603269,2120,0,0
sh600867,1777,5366,0
sh601519,0,2662,0
sz002140,0,0,0
sz000756,3340,1678,0
sh600398,23735,13008,0
sz000953,1300,1404,0
sh601100,0,2300,0
sh603633,0,0,0
sz002864,0,0,0
sz300567,110,331,0
sz300562,0,0,0
sz002200,0,0,0
sz002152,0,21984,0
sh603858,2639,824,0
sz000677,0,0,0
sz300665,0,1754,0
sz000813,0,0,0
sz002446,0,0,0
sz002399,0,0,0
sz002181,0,0,0
sz002786,0,0,0
sz300188,3386,9175,679
sz300739,501,1828,0
sz002918,762,0,0
sz002361,0,0,0
sh601949,0,2213,0
sh603199,0,0,0
sz002377,1684,0,0
sz002431,3404,10331,0
sz300174,1170,0,0
sz002589,6817,3808,0
sz002634,0,0,0
sz000544,0,0,0
sz300611,0,0,0
sz002115,0,0,0
sh600648,0,698,0
sh600525,3707,16174,0
sz002174,2796,4062,0
sz000004,0,0,2732
sh600532,0,2507,0
sz300315,20335,66269,0
sh603757,0,0,0
sh600696,0,0,0
sz300546,0,0,0
sh600779,2383,2187,0
sz000753,0,0,0
sh601886,0,0,0
sz300187,0,1240,0
sz300215,0,2096,0
sh600677,0,0,0
sz002433,1766,0,0
sz000768,3627,21601,0
sz000408,7641,3103,0
sz002797,12670,33605,0
sz300166,25421,59541,3929
sz002030,0,1481,0
sh600300,0,0,0
sz002705,888,0,0
sz300106,2655,2251,0
sh601952,1830,5910,0
sh603136,269,0,0
sh603703,0,4340,0
sz002065,13360,69239,0
sz002554,0,3148,0
sz300094,0,0,0
sz300733,7715,1904,1464
sh603916,1982,817,0
sh600854,0,0,0
sh601866,0,0,0
sh600271,2914,8845,0
sz002081,9791,12187,0
sh603568,0,0,0
sz002375,0,6707,0
sz000607,0,0,0
sz002165,0,0,0
sh603507,0,0,0
sz300658,0,0,0
sh601366,16503,20221,0
sz300202,1531,915,483
sz002327,1980,2033,0
sh603668,0,0,0
sh603997,0,1265,0
sh600513,0,0,0
sz000543,8198,46142,0
sh600015,11716,20573,0
sz300475,0,0,0
sh603939,0,0,0
sz002633,0,1951,0
sz300369,8297,4964,1277
sz002025,2666,4285,0
sh603880,0,0,0
sh600979,0,2354,0
sh603721,0,510,0
sz002753,0,513,0
sh601588,0,4800,0
sh601989,117644,148345,0
sz002694,26218,58112,4073
sh601933,29162,29607,0
sz002483,0,0,0
sh600570,17281,39613,1489
sh600130,0,0,0
sh603080,0,0,0
sz000758,15491,11881,0
sz300115,12765,35475,1481
sh603698,0,0,0
sh600683,0,0,0
sh600649,0,25244,0
sh600796,0,0,0
sz300621,0,0,0
sh600740,120733,69742,3710
sz000548,0,0,0
sz002164,0,0,0
sz002188,0,7245,0
sz000610,0,0,0
sh600326,14550,8916,0
sz002061,0,0,0
sz002630,1000,1400,0
sz300251,27245,42734,6878
sz002466,93139,83238,12146
sz000965,0,0,0
sh600690,29353,47168,1749
sz300305,0,0,0
sz002665,0,0,0
sh600661,0,0,0
sh603689,0,0,0
sz300171,0,3892,0
sz300427,0,0,0
sh600684,0,11243,0
sz002869,0,0,0
sh603203,0,0,0
sz002637,0,0,0
sz002394,0,0,0
sz002885,0,0,0
sz300349,0,281,0
sh600860,0,0,0
sz000661,1340,1995,0
sh601579,0,0,0
sh600517,2010,2200,0
sh601607,6054,10686,600
sz002890,0,0,0
sh600693,0,2971,0
sz000065,703,694,0
sh603096,250,0,0
sz300192,0,0,0
sh603117,0,0,0
sh600652,9787,1711,0
sh603711,2500,0,0
sh603871,3002,1989,308
sh600692,1492,0,0
sz000969,3125,2663,0
sz002785,0,0,0
sz300717,0,0,0
sh600704,2940,13964,0
sz002201,0,0,0
sh600527,8013,7628,0
sh603883,166,675,0
sz000850,0,0,0
sh601678,24516,16597,0
sh601199,0,0,0
sz002755,0,0,0
sz000968,0,0,0
sh603288,516,335,0
sz002272,0,0,0
sz002537,6572,7208,0
sz000521,3007,0,0
sz002292,830,0,0
sz002265,0,1096,0
sz002500,5129,13475,0
sz300002,9356,25274,0
sh600743,0,4115,0
sz000338,28963,77068,0
sz300329,0,0,0
sh600997,0,0,0
sz300508,0,0,0
sz300500,0,0,0
sh603938,1528,1773,0
sz000061,0,0,0
sh600085,2572,11218,0
sh601899,1093775,884169,0
sz300061,0,2783,0
sz300521,0,0,0
sh603888,0,934,0
sz000928,6135,3772,0
sz002677,2007,3075,0
sh600552,1646,1918,0
sz300535,0,0,0
sh600478,10978,3355,0
sz300095,0,0,0
sz002590,0,0,0
sh600250,0,0,0
sz300332,0,0,0
sz300450,11705,11868,461
sz300093,1072,0,0
sz300502,972,909,0
sh600820,0,0,0
sh600409,27563,34717,0
sh603628,0,0,0
sz000428,0,3000,0
sh600115,35910,123157,0
sh603025,0,0,0
sz002395,0,0,0
sh603929,547,0,0
sz002697,0,4004,0
sz002267,0,0,0
sz002670,0,0,0
sh600884,31506,37283,1974
sh603606,0,0,0
sh600894,0,0,0
sz002781,0,1318,0
sh600984,0,4305,0
sh603602,245,0,219
sz000823,3576,30171,0
sz300309,1578,450,0
sh600583,1738,6641,0
sh600328,2033,0,0
sz300716,0,0,0
sz300277,0,5980,0
sh600826,0,0,0
sh601788,2017,3137,0
sz000528,18202,9431,1066
sz000158,0,0,0
sh601116,0,609,0
sh603058,0,0,0
sz300181,15053,10529,1649
sz002266,0,4778,0
sh601618,21909,31325,0
sz002587,0,0,0
sz002227,0,0,0
sz300163,0,4500,0
sz300042,0,0,0
sz002037,1000,2918,0
sh601168,5573,6944,0
sh603717,425,866,0
sh603707,462,1713,0
sz000949,2933,0,0
sh600029,183415,215652,0
sz002585,0,0,0
sh603089,0,0,0
sh600737,0,8006,0
sz002512,31598,57789,8867
sh600460,177044,261632,15390
sz002561,0,0,0
sz300389,0,0,0
sh600332,0,786,0
sz002901,1013,790,0
sh603839,0,0,0
sh600186,9768,20275,0
sh603828,0,0,0
sz002141,0,2000,0
sh603903,0,0,0
sh600644,0,0,0
sh600103,0,11820,0
sh600838,0,1409,0
sh600889,0,0,0
sz002428,17971,8537,0
sz002166,0,0,0
sh600480,0,0,0
sz002601,19686,7008,0
sz300642,0,0,0
sh600993,0,0,0
sz300426,501,1264,0
sz000518,0,2947,0
sz002706,0,3940,0
sh600893,10403,13874,0
sz300374,1104,0,0
sh600173,0,2000,0
sz300707,4708,6651,577
sz002139,1483,6279,0
sz002802,0,0,0
sh603656,0,0,0
sz002149,0,0,0
sz300248,919,3497,0
sz000737,0,0,0
sz300417,0,0,0
sh600969,0,0,0
sh603003,947,0,0
sz000659,0,14804,0
sz002826,0,0,0
sz300105,0,0,0
sh601518,0,0,0
sz000960,19513,16099,0
sh600791,0,0,0
sz002049,52889,91877,6099
sz002591,0,0,0
sh600156,0,0,0
sz300357,207,1587,0
sh603380,0,0,0
sh601908,2116,0,0
sz000971,3057,0,0
sz300487,3618,4091,0
sz300405,0,0,0
sh603035,3189,0,0
sh603083,3580,3143,0
sz300345,0,0,0
sz000430,0,0,0
sz300099,132587,78481,14301
sz002808,0,0,0
sz000785,0,0,0
sh603533,531,1090,0
sh603599,0,0,0
sh603067,0,0,0
sz300158,0,1000,0
sh600506,0,700,0
sz002853,4387,12987,467
sz300486,0,0,0
sz002708,0,0,0
sh600770,8021,15109,0
sh603308,1000,713,0
sz300442,0,0,0
sz002176,79873,110183,1751
sz002496,4801,4356,0
sz002062,0,0,0
sz000421,0,0,0
sh600857,0,0,0
sh603559,2636,3698,285
sz002625,1220,1125,0
sz300741,4982,4323,0
sh601326,0,2732,0
sh603315,0,0,0
sz000519,3711,12728,0
sz300017,134907,179419,1249
sh601009,28445,56917,0
sz300633,0,0,0
sh603396,0,0,0
sz002715,0,0,0
sz300555,0,0,0
sh601211,3719,14022,0
sz300561,284,959,0
sz300136,33536,40734,1013
sz002467,12383,34173,0
sz000875,0,0,0
sz300268,661,802,0
sz002023,0,4092,0
sz002243,0,0,0
sz002789,0,0,0
sh600621,7608,7895,0
sh603186,0,566,0
sh600881,5485,0,0
sh601965,0,0,0
sh600764,2080,0,0
sz002548,0,0,0
sz000403,0,0,0
sh603268,0,0,0
sh600588,380186,312159,47280
sz300246,0,965,0
sz000407,0,1660,0
sz000018,0,1693,0
sh601117,22873,18086,0
sz300250,0,0,0
sh601872,2725,0,0
sz002892,0,0,0
sz002077,0,0,0
sz002702,0,2303,0
sh603779,0,728,0
sh601158,0,0,0
sz300628,381,1305,0
sh600037,4184,2313,0
sz002094,1066,0,0
sz002329,0,2118,0
sz300732,307,9570,0
sz000961,8906,6060,0
sz002031,15584,154121,0
sz300639,224,1244,0
sz002597,943,1661,0
sh603196,0,2039,0
sz300693,1166,0,0
sz300489,0,0,0
sz002510,24496,20745,2585
sz300259,0,0,0
sh603922,0,0,0
sz300110,37666,83798,0
sh600316,0,1000,0
sz002696,0,0,0
sz300013,0,0,0
sh600280,0,0,0
sz300403,0,0,0
sz000596,160,381,0
sz300519,0,0,0
sz000993,2213,0,0
sh600725,0,0,0
sh601991,0,3087,0
sz002349,0,0,0
sh603005,504,500,0
sz002381,0,0,0
sh600498,444,6020,0
sz002194,1025,1234,0
sz000955,1809,0,0
sz002063,7711,27773,0
sz000909,0,0,0
sz002305,3287,4558,0
sz300169,0,0,0
sz300393,315,1251,0
sz300050,0,1429,0
sh601689,0,480,0
sz300541,0,0,0
sh600231,5143,5200,0
sz300645,0,330,0
sz000929,0,0,0
sh603787,0,0,0
sh600848,17434,12173,2098
sz002131,24303,23734,0
sh600754,2616,376,259
sh600976,0,0,0
sz002594,12400,19606,1240
sh600782,124453,48831,0
sz000882,0,24980,0
sz002522,0,0,0
sh600841,0,954,0
sz000025,3989,2490,0
sz002583,0,10312,0
sh600273,2614,8656,0
sh603156,818,503,0
sh600695,0,0,0
sh603016,0,0,0
sh603118,0,2852,0
sz002019,5962,5723,0
sz002748,0,0,0
sz002847,3443,1401,0
sh600736,0,0,0
sz002818,0,386,0
sz000997,3492,9094,1011
sh600057,0,1445,0
sh600678,0,0,0
sz000681,6664,9018,0
sh600208,35997,38118,0
sz002235,0,3423,0
sz000028,0,0,0
sh600559,0,1360,0
sz002635,11067,5483,456
sh600479,0,0,0
sz000788,0,0,0
sz000023,0,0,0
sz300015,1565,2280,0
sh600540,0,0,0
sh600665,0,0,0
sz000657,0,0,0
sh603926,431,0,0
sz000738,18181,29955,0
sh600617,0,1746,0
sz300028,2323,0,0
sz000620,0,0,0
sz300619,1065,0,0
sz002852,0,0,0
sh600354,7732,17271,0
sz000931,0,0,0
sh600986,0,1052,0
sz300148,7874,25212,0
sz002828,2062,0,0
sh601567,0,0,0
sz002540,0,0,0
sz002262,2219,1804,0
sz300496,2357,6761,0
sz000673,52796,15401,3241
sz300178,0,0,0
sz002730,0,0,0
sh603383,0,0,0
sz002046,0,0,0
sh600715,18634,16813,0
sz000963,1126,1561,202
sz002498,0,0,0
sz000925,0,0,0
sh601390,6565,23630,0
sz300003,12975,10840,0
sz300540,0,0,0
sz002908,421,326,0
sh600638,6443,0,0
sz300463,481,0,0
sh600496,0,0,0
sz002648,1713,3572,0
sh601006,4663,17127,0
sz002291,0,0,0
sz002626,1957,3079,0
sz002569,0,2698,0
sz300052,0,753,0
sz000698,0,0,0
sh600741,21835,13858,0
sh600990,279,305,0
sz002328,0,0,0
sz300119,0,0,0
sz000862,0,5000,0
sz300525,0,0,0
sz300602,170,0,169
sz300526,759,0,0
sz002041,0,1390,0
sh600195,0,768,0
sz300705,0,0,0
sz000401,73892,47360,2644
sz300044,4076,8294,577
sz300667,0,0,0
sh603655,2217,1916,521
sh600406,5812,10690,0
sh601939,189588,200277,0
sz300684,4679,6086,407
sh601877,11460,10759,0
sz002343,1288,6631,0
sz000688,3550,3841,0
sh603429,0,0,0
sh600679,1134,1124,0
sz002157,0,7823,0
sz002463,0,11513,0
sh603819,0,0,0
sz300718,0,0,0
sz000933,94775,40047,1537
sz002035,6137,14611,0
sz002107,0,0,0
sh603789,0,0,0
sh600361,0,0,0
sz000856,19032,11596,0
sh600058,0,0,0
sz000970,233273,141895,27100
sh600858,0,0,0
sz002364,0,3308,0
sz000017,0,0,0
sz002780,688,1867,0
sz300235,0,0,0
sz300629,0,299,0
sz000517,49616,36144,0
sz300150,0,0,0
sz300214,0,0,0
sz000055,1252,1382,0
sh601007,0,0,0
sz000890,27917,15280,3455
sz002475,10317,14658,0
sz002144,0,0,0
sz002229,4663,11037,0
sh603612,1839,888,0
sh603838,0,0,0
sz000615,0,2012,0
sh603580,0,0,0
sz300021,0,17319,0
sh600135,1550,1245,0
sh600864,0,0,0
sz002608,0,0,0
sh600369,0,10177,0
sh603041,0,0,0
sh600201,1501,381,0
sh603993,1283949,1249960,28728
sz300066,21229,79349,0
sz300452,0,0,0
sz000536,0,2407,0
sz000816,219578,238160,7548
sh600438,6404,5060,4174
sh600971,3786,8030,0
sz000633,0,0,0
sz300364,9318,12695,0
sz002209,1342,0,0
sz000852,1849,0,0
sz002803,0,269,0
sz002126,0,0,0
sz002606,78406,193110,19414
sh603999,0,0,0
sh600810,5040,16094,0
sz002224,0,1376,0
sh601699,177031,120477,11940
sh600021,0,0,0
sh600721,7218,14077,0
sh603278,0,0,0
sh600421,0,0,0
sz000798,0,0,0
sz002779,0,0,0
sh600023,0,2083,0
sz300323,3481,11366,801
sz000936,83176,61776,4651
sz300485,0,831,737
sz000762,5423,3046,0
sh601700,9168,0,0
sh603389,0,0,0
sz002454,2203,1136,0
sz000716,0,1984,0
sh600052,0,3469,0
sh600959,8008,4607,0
sz002531,6651,0,0
sh600859,1690,0,0
sz002690,0,0,0
sz000559,0,0,0
sh600459,0,4956,0
sh600282,154144,101400,0
sz000608,0,2001,0
sz002479,67373,23708,3000
sz300118,0,0,0
sh603766,0,1862,0
sz000835,0,0,0
sh600284,1500,1702,0
sh600978,0,2799,0
sz002842,252,557,0
sh601901,0,1641,0
sz000078,1968,13200,0
sz300522,0,0,0
sh603358,0,0,0
sh603260,3015,2052,304
sz002208,46815,76749,2274
sh600035,0,0,0
sz002172,0,0,0
sh603238,0,0,0
sz300151,1397,1368,0
sh600129,0,1584,0
sh603826,0,0,0
sz002465,0,12633,0
sz002846,0,2752,0
sz002382,7703,2471,0
sh603617,0,520,0
sz300039,0,0,0
sz002319,0,0,0
sz000980,0,0,0
sh603123,1560,0,0
sh600233,858,2876,0
sz300213,4336,5220,0
sz002792,949,0,0
sh600170,0,13652,0
sh601010,0,0,0
sz000920,0,0,0
sz002013,4533,14456,0
sz300104,1590283,1083872,126284
sh600890,0,0,0
sz002707,0,1860,0
sh600572,0,4029,0
sz300499,0,0,0
sh601998,5642,42394,0
sh600747,0,0,0
sz300664,0,500,0
sh603898,0,390,0
sz002038,2394,2382,0
sh600664,12960,21553,0
sz002653,0,0,0
sz300255,0,0,0
sz002405,45779,66371,3163
sz000070,0,0,0
sz002146,57390,49711,0
sz002264,0,17951,0
sz002223,5074,14644,1042
sz002900,0,0,0
sz002855,0,0,0
sh600681,0,0,0
sh600222,0,0,0
sz002655,6920,4557,0
sh600080,0,0,0
sh600330,12466,5886,0
sz002407,7083,4367,0
sh603919,0,0,0
sz002631,9052,1059,1063
sh601801,2732,9712,0
sz002020,0,4520,0
sh600497,68029,69368,0
sz002278,6707,3465,0
sz300657,0,0,0
sh600901,79147,110555,5884
sz002273,6129,17710,1035
sh600418,2021,4036,0
sz002910,739,797,0
sz000683,0,15129,0
sh600252,0,7212,0
sh603877,0,0,0
sz300041,5961,1145,0
sz002006,0,0,0
sz002876,1111,232,0
sh603823,0,0,0
sz002783,0,0,0
sz002296,0,0,0
sz300516,0,0,0
sh600851,0,0,0
sz300113,14479,15304,1390
sz002502,0,0,0
sz002079,0,0,0
sz002734,544,0,0
sz002835,0,0,0
sz002740,3100,3293,0
sz300076,0,0,0
sz000012,5269,3289,0
sh600371,0,0,0
sz002373,5965,14264,0
sh603006,0,0,0
sz300331,0,0,0
sh603881,928,0,0
sz002125,0,0,0
sz002342,2028,0,0
sz300466,0,0,0
sz300143,0,0,0
sz000759,0,0,0
sz000786,41602,19010,3059
sz002284,4771,0,0
sz000501,1113,629,0
sz300404,0,0,0
sh601038,0,1432,0
sh603050,0,0,0
sz002403,0,0,0
sz300189,3001,3540,0
sz300596,0,0,0
sz002136,2953,647,0
sh600072,8061,4982,0
sz002365,0,0,0
sh600283,0,0,0
sz300322,5000,1310,0
sz000554,2881,0,0
sz002701,4858,6025,0
sz300109,0,971,0
sh601069,6377,4428,3159
sh603818,776,0,0
sz000599,0,0,0
sz002600,15363,11675,1258
sh600510,0,0,0
sh601226,0,0,0
sz000807,104286,90425,2101
sz300190,0,1202,0
sh601368,0,0,0
sh600091,0,0,0
sz000159,0,0,0
sz002671,0,0,0
sz000166,10089,16283,0
sz000799,4040,480,0
sh603578,283,1046,270
sz002285,7905,23006,0
sh601633,0,2142,0
sh600403,0,0,0
sz000878,14416,9940,0
sz300063,2844,27145,0
sh601628,7157,7069,0
sh600728,295522,221080,13521
sz300421,0,0,0
sz002763,0,1000,0
sh600348,73735,63698,4085
sz300568,680,0,0
sh600757,0,0,0
sz000985,0,0,0
sz000008,16903,28459,0
sh600518,857,4922,703
sh601800,1642,9411,0
sz002056,27512,12706,1032
sz002848,0,0,710
sz000530,66157,52026,0
sz000520,0,7885,0
sh600830,7700,2696,0
sh600210,3006,2800,0
sh603101,0,0,0
sz300294,0,693,0
sh600596,71530,27989,0
sh600355,2985,4057,0
sz300668,0,135,0
sz000861,0,0,0
sh603585,0,351,0
sh603677,0,0,0
sh600171,7842,26434,1309
sz002639,1493,0,0
sz000887,2828,4586,0
sz002109,0,0,0
sz300138,0,0,0
sz002330,0,0,0
sh601225,77109,97277,0
sz000037,0,1698,0
sz002492,0,1666,0
sh600167,0,0,0
sz300719,811,1579,0
sh600475,0,0,0
sh600610,2088,2785,0
sz300515,0,0,0
sz300616,52,0,0
sh603116,0,0,0
sz300074,0,0,0
sz300183,0,0,0
sz300523,3283,4596,0
sz002609,1619,1383,0
sz300706,563,1289,153
sz002602,294,615,0
sh603036,0,0,0
sz002915,2333,3688,0
sh603007,0,0,0
sh600939,0,3468,0
sh600461,0,0,0
sz300447,0,697,0
sh603031,0,0,0
sz002033,8646,2960,0
sz000625,2751,40310,0
sh600162,9493,3966,0
sh600535,25216,8105,834
sh603639,0,0,0
sh603708,0,0,0
sh600694,0,0,0
sz002757,0,0,0
sz300727,12534,14931,2227
sz002339,1560,4123,0
sh603103,0,1277,0
sz300084,0,0,0
sz000678,0,0,0
sz300367,15147,39664,640
sh600543,0,0,0
sz300297,1101,1179,0
sh600674,6087,1500,0
sz000710,0,0,0
sh603638,0,350,0
sz002283,0,2152,0
sh600025,33425,75254,0
sh600009,2069,1728,0
sz002045,0,12049,0
sz002519,0,0,0
sz000422,3081,5159,0
sz002401,9131,10285,2554
sh603608,0,0,0
sz300275,0,0,0
sz002274,0,3306,0
sh603056,3340,19436,0
sh601222,0,6644,0
sz300287,9161,50484,1273
sz300338,0,0,0
sh600729,0,400,0
sz000937,3890,7325,0
sz000726,0,0,0
sz000638,2059,18385,3218
sz002293,0,0,0
sz002471,0,5317,0
sz002811,0,0,0
sz300493,0,838,0
sh600530,0,6000,0
sz300612,4668,8844,1224
sh601611,1278,1066,0
sz300379,0,0,0
sz002798,0,0,0
sz002438,0,0,0
sh600698,0,15005,0
sz300473,0,0,0
sz300395,0,0,0
sh600050,144151,196565,0
sz002860,0,359,0
sz001979,76611,49063,2391
sz002221,1815,3754,0
sh600439,18325,4164,0
sh603899,371,0,0
sz002153,0,5856,0
sh603387,0,415,0
sz300590,0,597,0
sz002501,1111,3681,0
sz300609,0,0,0
sz002476,0,4566,0
sz300226,7391,9239,1077
sz002628,0,0,0
sh603377,0,0,0
sz002192,7412,3597,0
sz002839,62282,141278,5593
sh600676,0,2000,0
sz300314,2532,13055,0
sh603660,398,367,0
sh600697,0,0,0
sz000546,3762,0,0
sz300595,185,0,0
sz002774,0,0,0
sz300137,2173,1283,0
sz300439,0,0,0
sz002595,0,0,0
sz002159,0,0,0
sh603069,0,0,0
sz000972,0,0,0
sh600792,0,0,0
sh600811,0,23296,0
sz000828,0,0,0
sh600522,27436,32354,4139
sh603517,0,0,0
sh600278,0,0,0
sh601139,0,1340,0
sz300530,0,0,0
sz300701,0,0,0
sz002664,0,0,0
sh600232,0,0,0
sz000860,0,1009,0
sh603630,0,0,0
sh603183,0,514,0
sz300575,0,0,0
sh600606,410203,283102,13810
sh600985,710,0,0
sz300652,0,0,0
sz300368,1600,3495,0
sh603833,0,0,0
sz000581,0,8284,1027
sz300221,844,3278,0
sz002220,0,0,0
sz002912,221,1347,223
sz002362,1534,1924,0
sz002084,0,0,0
sh600105,0,4998,0
sh600444,0,0,0
sz002698,0,859,0
sz002767,0,0,0
sh601558,0,0,0
sh600376,0,2999,0
sz300234,0,0,0
sh600983,0,0,0
sz002574,0,1466,0
sh603879,0,0,0
sh600829,0,0,0
sh603355,0,808,0
sz000582,0,0,0
sh600933,1001,1794,0
sz000708,0,0,0
sz000676,0,881,0
sz002461,0,0,0
sh601107,0,0,0
sz300205,0,2004,0
sz300009,7224,9008,0
sz002206,0,0,0
sh600062,0,0,0
sh600688,4244,20959,0
sh600595,5323,3911,0
sz300023,0,0,0
sh600875,1355,1576,0
sz002177,0,0,0
sz002410,2142,3549,1083
sh600608,0,0,0
sz300117,4670,0,0
sz002117,2435,2213,0
sh600603,0,1264,0
sz000952,0,0,0
sh600647,0,0,0
sh603286,0,1249,497
sz300731,918,1703,0
sz300720,0,722,0
sh600152,0,0,0
sz002323,0,4029,0
sz002295,0,0,0
sz000587,3155,15600,0
sh600202,8200,11962,0
sh600707,4807,1361,0
sz000892,0,0,0
sh603856,0,0,0
sz300227,0,0,0
sz300423,0,0,0
sh600821,0,0,0
sz002458,2123,7439,0
sz002196,1018,1173,0
sh603709,3746,2641,312
sz300144,4705,5541,1005
sh600123,2088,5835,0
sh603055,0,0,0
sz002551,0,0,0
sz002919,4394,2404,0
sh600230,1842,4275,0
sz300437,0,0,0
sz002226,71205,79451,0
sz300114,0,0,0
sz002884,0,0,0
sh600578,0,0,0
sz002840,2379,351,0
sz300490,0,2387,0
sh603161,0,0,0
sh600819,0,0,0
sh603063,0,0,0
sh600108,0,6844,0
sh601208,0,0,0
sz002543,580,943,0
sh600311,2273,0,0
sz300153,0,0,0
sz300533,229,0,0
sz000877,31675,36693,1255
sz000697,0,0,0
sh600714,0,0,0
sh601818,70241,154949,0
sh603800,0,0,0
sh603727,0,0,0
sz300649,270,0,0
sh600175,9396,8910,0
sh600599,0,0,0
sz002134,0,0,0
sh603357,0,0,0
sz000833,0,0,0
sh600016,113295,140546,0
sh603331,0,0,0
sz002187,0,0,0
sz000836,0,16866,0
sz300517,0,0,0
sz002728,0,0,0
sh600724,0,0,0
sh600630,0,1291,0
sz001896,2250,5746,0
sh601828,41811,20233,2381
sz000829,4555,1201,0
sz300318,0,0,0
sh601500,5494,4079,0
sh603233,256,0,0
sz300333,2536,2877,0
sh600965,0,0,0
sz300644,573,0,0
sh603229,0,0,0
sz002012,0,9450,0
sz000902,0,0,0
sz000898,69496,57414,0
sh600184,0,626,0
sh600408,0,4548,0
sz002452,0,0,0
sz002087,0,8755,0
sz002191,0,1203,0
sz002813,0,333,0
sz000420,0,22130,0
sz300203,746,1296,0
sz001696,0,0,0
sh600998,800,669,0
sh603886,0,0,0
sh603015,0,1539,0
sz300566,352,349,0
sz300655,3050,10042,763
sz002473,0,0,0
sz002016,19374,9933,1781
sz002709,19822,12914,848
sh603258,0,0,0
sz300510,0,0,0
sz002817,0,0,0
sz000514,0,0,0
sz002310,4040,0,0
sh600206,18623,15421,0
sz002090,0,0,0
sz300131,0,0,0
sh603345,400,0,0
sz300470,0,0,0
sh603320,0,0,0
sz002043,1118,9380,0
sh600053,822,1706,0
sz300184,0,3803,0
sh600120,1693,1515,0
sz300051,6934,5500,0
sz300334,0,0,0
sh600088,0,1667,0
sz000669,0,1251,0
sz300327,0,0,0
sh603076,0,0,0
sz000096,0,0,0
sh603619,11053,13585,457
sh601111,42086,49412,3424
sh600613,0,0,0
sz002118,20326,12623,1510
sz000524,0,0,0
sz000628,0,2876,0
sz002691,0,0,0
sh600812,0,0,0
sh600000,37227,39845,0
sh600351,0,0,0
sh600093,9974,28519,1072
sh600229,0,0,0
sh600083,838,0,0
sh603817,0,0,0
sz300678,23502,30130,3412
sz002418,0,2734,0
sh601128,2046,50037,0
sz000713,0,2138,0
sh600571,3129,0,0
sz300080,0,2000,0
sz002778,0,0,0
sz002443,1500,0,0
sh603322,0,0,0
sh603028,0,0,0
sz000899,0,0,0
sz300142,2398,7158,0
sh600107,800,880,0
sz000662,0,887,0
sh603328,2294,937,0
sz002390,2536,0,0
sh603860,0,0,0
sz300384,0,0,0
sz300377,43167,67090,2650
sz002022,806,2953,0
sz300637,0,522,0
sh600293,0,12175,0
sz002487,0,3689,0
sh603528,0,0,0
sh600566,829,1477,0
sz002893,0,0,0
sz000802,0,0,0
sh600556,0,0,0
sz002080,1078,0,0
sz002280,12082,23639,0
sh600651,0,3218,0
sh600191,1500,0,0
sz002130,0,0,0
sh603359,0,0,0
sh600560,0,0,0
sz300223,539,394,0
sz300132,0,0,0
sz300019,1083,1576,0
sz000831,17498,14144,0
sz000903,20912,6279,0
sh603458,599,597,301
sz002457,9199,4138,0
sz000062,0,2093,0
sh603809,496,350,0
sz300435,0,0,0
sz300230,0,1813,0
sz002316,0,0,0
sh600488,0,0,0
sh603043,0,0,0
sz002374,0,0,0
sh600199,0,0,0
sh600377,0,1310,0
sz002518,627,0,0
sz000883,6236,6000,0
sz300092,0,0,0
sh600642,2894,0,0
sz002294,288,703,0
sh603648,3713,3848,0
sz300306,0,0,0
sh601798,0,0,0
sz000731,4319,1500,0
sz002923,1270,0,0
sz002926,63474,77472,3329
sz002091,6859,1474,0
sh600260,8006,9731,337
sz002378,0,0,0
sz300320,0,0,0
sz300175,0,2870,0
sh600654,3287,9984,0
sh600612,0,605,0
sh601127,0,0,0
sh600382,2102,3085,0
sz300527,905,3889,0
sz300472,0,0,0
sh600738,0,4378,0
sh600048,159722,152802,2995
sh600710,0,0,0
sh600125,7815,16482,0
sz000795,206376,327160,1626
sz300494,0,0,0
sz002470,0,7983,0
sh600996,0,0,0
sh603333,7272,5000,0
sz002417,0,0,0
sh603040,0,0,0
sz002167,1030,2000,0
sh600386,0,0,0
sh600897,0,613,0
sz300121,0,1957,1083
sh600132,1418,1015,0
sz300335,0,0,0
sz002685,1280,946,0
sh600533,5949,37640,6995
sz300005,0,10937,0
sz002873,0,0,0
sz002618,1133,3115,0
sz002760,833,3303,0
sz002298,0,0,0
sz300488,0,0,0
sz002927,21939,27386,5639
sh603365,0,0,0
sz300078,9305,36776,2736
sz002477,6734,30109,0
sh600731,0,0,0
sh600750,0,683,0
sz002171,47504,3756,0
sz000801,0,7823,0
sz002562,0,0,0
sh603527,0,0,0
sz002053,0,0,0
sz300301,0,0,0
sz002317,1794,0,0
sz000976,1295,4083,0
sz002360,0,0,0
sz000020,2066,9888,0
sh603588,0,1695,0
sh601021,302,0,0
sz000888,1473,2935,0
sh600185,0,7912,0
sz300027,22363,46792,0
sh600861,1300,0,0
sz000417,0,0,0
sz300620,293,3080,0
sz002542,3070,2000,0
sz000157,2845,8235,0
sz002881,0,0,0
sz002133,0,0,0
sz300254,1210,0,0
sz000988,2255,5890,0
sz002392,0,0,0
sz300712,0,0,0
sz300467,0,400,0
sh600008,16019,31005,0
sh601997,12537,39268,815
sz002529,0,2138,0
sz300673,0,0,0
sh603663,0,0,0
sz000504,0,1014,0
sh600503,2048,2906,0
sz002419,7732,10818,883
sz002491,3967,2650,0
sh603266,0,0,0
sz300257,1100,950,0
sz300440,0,1155,0
sh600816,2208,0,0
sh600112,0,2798,0
sh601789,0,0,0
sz000967,0,1380,0
sh600240,0,0,0
sh600879,6099,23370,0
sz002039,0,0,0
sh601388,29450,27271,0
sh603299,0,0,0
sz000656,1975,23992,0
sz300172,0,0,0
sh600128,0,0,0
sz300210,0,0,0
sz002441,1102,5592,0
sz300497,0,0,0
sz002856,554,0,0
sz300048,0,0,0
sz002819,0,0,0
sz002717,904,1057,0
sz300289,0,0,0
sz000538,729,882,0
sh600033,0,8410,0
sh600546,7813,4682,0
sh600892,3004,0,0
sh603737,0,0,0
sh601799,0,0,0
sz300069,391,0,0
sh600028,399087,346281,0
sz002559,0,0,0
sh603991,0,0,0
sz300685,637,929,0
sz002674,0,0,0
sz002435,0,787,0
sh601918,3449,3000,0
sz300465,0,6244,0
sz002557,0,0,0
sh601238,473,1242,0
sz300471,0,2550,0
sz002576,915,0,0
sz002336,0,2551,1168
sz002712,0,0,0
sh603758,0,0,0
sz002530,1669,1432,0
sh601398,361978,577420,0
sh603022,0,0,0
sh600628,0,0,0
sh600615,0,0,0
sh600196,16516,21604,2164
sh603499,0,0,0
sz002332,0,1238,0
sh600790,0,5612,0
sz002448,0,0,0
sz002711,0,11282,0
sh600265,0,0,0
sz002132,0,3000,0
sh600758,0,0,0
sh601311,0,0,0
sh600416,0,3668,0
sz002119,0,670,0
sh603038,0,0,0
sz300429,3193,0,0
sh600824,0,0,0
sh600079,9830,10750,0
sz300552,0,0,0
sh600217,5069,0,0
sz300353,49310,77530,4233
sz300591,0,2115,0
sh603000,1000,3916,0
sz300324,1966,4375,0
sz000591,0,0,0
sz300580,0,0,0
sh600436,2555,2107,137
sh600509,0,0,0
sz300088,27476,57490,0
sh603637,0,0,0
sz000687,12018,81642,0
sh601218,0,0,0
sz300302,2658,15060,0
sh600235,0,0,0
sh600064,897,1833,0
sh600584,19015,38067,612
sh600036,24866,45187,1623
sz002386,0,3738,0
sz002850,459,636,0
sh600671,0,0,0
sh603506,23259,34002,1994
sz002616,0,4302,0
sz300484,0,0,0
sz002116,0,1130,0
sz300531,0,0,0
sz300626,0,0,0
sz000541,0,0,0
sz000876,6691,16876,0
sh603970,398,944,533
sh600203,0,0,0
sh600292,0,1758,0
sh600106,0,0,0
sz300528,0,0,0
sz002028,3812,776,4768
sz300168,19043,28066,754
sh600650,0,0,0
sz002183,11829,16447,0
sh600075,0,0,0
sz002823,0,0,0
sz300617,232,0,0
sh600077,0,0,0
sz002218,0,2765,0
sz002556,1800,5643,0
sz000069,34378,31600,1829
sz000695,0,0,0
sz300613,0,344,0
sh600305,2268,2134,0
sz000685,0,0,0
sh603920,0,0,0
sz300242,2398,1522,0
sz000859,0,0,0
sh603908,0,0,0
sz300585,0,0,0
sz300177,0,0,0
sz002497,142948,103703,5912
sz300096,6527,6151,0
sz002673,27994,26738,0
sz000959,0,0,0
sz000732,29936,24625,4333
sz300330,0,0,0
sz002593,0,0,0
sh600419,0,0,0
sh600143,0,0,0
sz300182,42024,83917,2319
sh603518,0,0,0
sh600380,8846,14296,0
sh600325,10478,39648,0
sh603111,0,0,0
sz000589,0,0,0
sz300098,829,4775,1896
sh601028,0,0,0
sz002468,1594,0,0
sh600871,46583,16682,0
sz300346,0,0,0
sz002315,0,0,0
sh603106,655,0,650
sz300034,2143,1035,0
sz002560,2176,14764,0
sz300018,0,4565,0
sh600268,0,0,0
sz002372,1007,638,0
sz300653,0,0,0
sz300310,0,5493,0
sh603896,0,400,0
sh600288,0,2212,0
sz000042,0,2200,0
sz002845,0,0,0
sh600197,1088,1605,0
sh601018,4676,18094,0
sh601858,0,0,0
sz002376,4528,18674,0
sh600010,313083,215556,0
sz002598,0,1388,0
sh600074,24450,48832,0
sh600322,4800,2169,0
sz002150,0,0,0
sh603616,3064,6351,0
sz300316,14933,20580,2109
sh603017,0,0,0
sh603388,0,810,0
sz000571,0,2022,0
sz002681,0,0,0
sz002806,0,0,0
sh600469,0,1891,0
sz300608,0,0,0
sh601288,821019,1334965,0
sh600177,0,10175,0
sh600845,8776,4740,0
sz002387,0,1022,0
sz300542,335,1877,0
sz300456,0,0,0
sz300398,0,0,0
sz002251,830,8642,0
sz000001,100568,127820,886
sh600843,0,1078,0
sh600803,2817,4449,0
sh603108,0,3606,0
sh603598,0,0,0
sh601098,2773,0,0
sz000409,0,0,0
sz300233,0,0,0
sz300011,0,0,0
sh603848,0,0,0
sh601336,10802,16731,0
sz002001,12172,27752,0
sz002128,11200,8272,0
sh600331,2797,2311,0
sz300459,18763,11141,0
sh600491,2285,1020,0
sh600247,0,2000,0
sz000410,195906,98268,33516
sh600526,0,5993,0
sz300401,1665,3206,0
sh600007,0,0,0
sh603685,0,0,0
sz300630,0,1159,0
sz002807,0,17074,0
sz002611,31649,3827,0
sz002173,0,0,0
sz002180,0,392,0
sz300503,0,0,0
sz300045,0,0,0
sh603869,600,0,0
sz300029,0,0,0
sz300261,0,1800,0
sz300676,1943,2729,225
sz000869,0,0,0
sz300006,0,0,0
sh601608,22811,19941,7517
sz002440,12892,14161,0
sz300696,0,0,0
sz300342,920,1026,0
sh600641,900,0,0
sh600995,0,0,0
sh601878,0,3377,0
sz002624,0,1733,0
sz300229,756,712,0
sz002735,0,0,0
sz000060,35475,42124,0
sh601377,2021,26259,0
sz000010,0,2312,0
sz002832,0,0,0
sz000830,86657,106663,7863
sz002472,60393,27056,964
sz300241,0,4043,0
sz300387,0,2432,0
sh600299,1729,0,0
sz002614,0,0,0
sh603699,0,0,0
sz300239,0,0,0
sz300697,0,0,0
sz300219,800,997,0
sz002385,2020,6260,0
sh601811,0,0,0
sh601808,4019,0,0
sz002514,0,2595,0
sz000066,2890,62285,0
sz300344,8070,17002,1613
sz300736,0,0,0
sz002558,504,977,0
sz002865,0,0,0
sh603198,0,661,0
sz300460,0,0,0
sz300584,0,415,0
sh601020,0,0,0
sz002731,0,0,0
sh600390,0,0,0
sz002462,0,1658,0
sz300588,0,0,0
sh600640,1000,2000,0
sz000590,1752,0,0
sz300382,1083,801,961
sz002641,0,0,0
sh600470,0,2000,0
sh600317,0,0,0
sz002872,0,0,0
sz300443,0,3416,0
sz002746,503,1255,0
sz300715,0,1635,0
sz002282,0,0,0
sh600847,0,0,0
sz002911,0,543,402
sh600836,0,5334,0
sh600310,0,0,0
sz300583,0,0,0
sz300406,0,0,0
sz002723,0,0,0
sz300581,0,0,0
sh600865,0,0,0
sz300725,325,835,0
sh600549,108083,58064,3743
sh600703,19555,37002,1983
sz300319,0,0,0
sh603979,0,0,0
sh603505,970,508,0
sh600761,0,3690,0
sz002112,0,1103,0
sh603338,0,0,0
sh600658,0,0,0
sh603369,0,0,0
sz002096,0,0,0
sz300209,0,0,0
sz002741,962,1444,0
sz002247,0,5483,0
sh600708,1501,0,0
sz002644,0,988,0
sh600882,0,0,0
sh601360,67377,94812,13030
sz002485,12188,989,0
sz002232,7353,13964,0
sh600353,0,0,0
sz300127,1964,0,0
sh600831,0,0,0
sz002269,0,0,0
sh603368,0,0,0
sz300381,0,0,0
sh600146,1960,2909,0
sz002048,0,580,0
sh600793,0,0,0
sz000752,835,6259,0
sh601898,0,0,0
sh601155,23865,29460,1258
sh600188,40656,20661,0
sz300422,0,0,0
sz002350,0,0,0
sz300253,6345,10504,1284
sh600022,110993,64851,0
sz000797,2209,0,0
sh603157,0,0,0
sz002478,0,0,0
sz300307,0,1345,0
sh603825,0,447,0
sh600958,5182,5503,0
sz300284,0,0,0
sz002242,0,818,0
sh601968,0,0,0
sz000617,0,715,0
sz300558,2820,1351,0
sh603722,0,0,0
sh600967,6959,22862,0
sz002775,0,0,0
sh600017,7187,16134,0
sh600248,0,4681,0
sz000691,0,0,0
sz002148,2150,1504,0
sz300428,0,880,0
sh603208,0,0,0
sz002156,11574,9304,0
sh600055,4211,4799,0
sz002236,19045,20094,1614
sz300432,0,0,0
sz300126,2200,0,0
sz300193,1361,0,0
sz002482,0,0,0
sz002193,0,0,0
sh600580,6966,2198,0
sz002871,0,0,0
sz000760,2830,2000,0
sh603855,0,0,0
sz002211,0,0,0
sh601258,18247,42131,0
sz002668,11158,11571,427
sh600980,0,0,0
sh600519,12133,8958,1603
sz002724,0,0,0
sz000922,0,0,0
sz002795,805,13210,0
sh601108,3335,10202,0
sz000811,1605,0,0
sz002877,12515,15387,765
sz300196,0,0,0
sh600116,6682,2500,0
sz300451,2744,3975,0
sh603167,0,1454,0
sz300263,0,0,0
sz002108,3229,10385,0
sz300351,0,831,0
sz000927,0,0,0
sh603882,957,582,0
sz002279,0,11806,0
sh601188,0,0,0
sh601058,0,4000,0
sh600027,24761,26424,0
sh603179,0,600,0
sz002645,0,2628,0
sh600587,0,0,0
sh600822,3078,6081,0
sz002713,0,0,0
sz300654,0,0,0
sh600422,6631,2741,0
sh600180,0,0,0
sz300179,0,1649,0
sz300549,0,0,0
sh600345,400,0,0
sh600827,0,988,0
sz300394,0,0,0
sz300107,10087,12379,1586
sz002346,605,0,0
sz002672,2248,4416,0
sz300033,2637,4392,0
sz300483,0,0,0
sh603611,0,710,0
sz300670,0,0,0
sh600121,0,0,0
sh600056,1011,1685,0
sh601200,1078,1747,0
sz000637,0,0,0
sz002925,10228,13174,1707
sz000715,0,0,0
sh603816,200,1805,0
sz300120,0,0,0
sh600548,1500,0,0
sh600189,0,0,0
sz300604,261,474,0
sh600545,1257,4588,0
sh603226,0,0,0
sz000838,0,6786,0
sz002249,13172,10309,6183
sz000027,0,0,0
sh600562,2235,3046,0
sz000958,2090,0,0
sh603960,0,0,0
sz000652,0,0,0
sz000651,75571,99585,5304
sz000560,1624,0,0
sz002621,0,0,0
sz002093,1093,3913,0
sz300730,5076,4119,1903
sz002521,1232,0,0
sh600192,0,0,0
sh600198,1245,4635,0
sh603958,0,0,0
sh600313,2847,20145,0
sh603980,2108,512,0
sz000050,2694,16274,0
sz300477,35722,42230,1406
sz000977,128339,161597,8615
sz002790,796,1142,1427
sz000573,0,0,0
sz300679,0,0,0
sh600888,0,2089,0
sz002425,0,2924,0
sh603985,0,0,0
sh601636,422860,196261,5000
sh600814,0,0,0
sh600982,0,0,0
sz002124,0,2770,0
sh600379,0,0,0
sz300572,0,1020,207
sh603912,485,1403,0
sz300623,1883,199,191
sh601727,0,0,0
sz300635,0,1257,0
sh601015,0,0,0
sz002733,907,4733,0
sz300079,6559,3134,0
sz300101,0,908,0
sh603500,0,0,0
sz000705,0,0,0
sz300083,3392,12917,0
sz300478,270,0,0
sh601969,0,0,2348
sh600726,0,0,0
sh600155,0,1427,0
sz300336,0,4498,0
sh600476,0,1000,0
sz002827,0,0,0
sz002110,30059,16940,0
sz000910,0,0,0
sz002255,0,0,0
sz000155,10103,16192,0
sh601137,0,0,0
sz300283,0,0,0
sh600159,0,0,0
sz002484,0,0,0
sh600297,15112,7247,0
sh600258,1353,2703,0
sz002777,0,0,0
sz002100,0,0,0
sh600481,0,0,0
sz002170,0,0,0
sz300672,5698,2189,1082
sz300675,2697,2602,392
sz002493,2972,5543,0
sh600775,0,2123,0
sz002344,0,2000,0
sz000488,2196,18447,0
sz002244,17712,14295,0
sz000917,26249,25268,0
sz300453,0,0,0
sz300043,5143,8545,0
sh603001,0,0,0
sh600139,0,0,0
sh603866,0,0,0
sh603885,0,2697,0
sz002517,21307,39183,0
sh600020,2133,2597,0
sh600359,0,1823,0
sz300386,736,1838,0
sz000709,62804,31445,0
sz000776,739,18864,0
sz000626,3817,5211,0
sz002553,0,1500,0
sz000026,0,0,0
sh600039,0,5000,0
sz001965,0,0,0
sz002759,0,0,0
sz300605,0,0,0
sh603110,597,738,0
sh600463,0,0,0
sz002105,0,0,0
sz002536,0,1029,0
sz300627,241,212,526
sz002610,14664,19598,0
sh600448,0,2604,0
sz300244,468,2386,0
sz000612,0,0,0
sh603023,0,0,0
sz300413,2464,5173,256
sz002682,0,0,0
sz002762,0,739,0
sz002906,3432,1024,0
sh600368,0,0,0
sz002887,0,0,0
sz002570,5750,15577,0
sz002504,0,3495,0
sh600576,0,4026,0
sh600768,0,2657,0
sz002335,0,455,0
sz000979,199258,51870,0
sz300529,692,0,0
sh600158,7865,8259,0
sz300024,10106,10811,571
sz300505,0,0,0
sh603335,0,0,0
sh603678,0,380,0
sz002237,3564,2265,0
sz000301,1821,3087,0
sz002203,1457,1557,0
sz002097,0,0,0
sh601718,0,2200,0
sh601838,31034,35577,0
sh601229,3736,11294,0
sh600291,481,510,0
sz002909,0,0,0
sz000089,0,0,0
sh603329,444,2905,0
