sh600217,0,2029,0
sz300442,0,0,0
sz000725,3190598,3222364,0
sh600048,286501,290256,10759
sz300683,0,0,0
sh600722,0,1472,0
sh603289,556,840,0
sz300552,0,0,0
sz002114,2344,0,0
sz002699,0,0,0
sz002760,13447,11245,422
sz300218,0,0,0
sh603366,0,0,0
sz002780,0,0,0
sh601599,5956,0,0
sz002653,0,0,0
sz300224,3836,0,0
sz300447,0,0,0
sz300285,8679,4246,0
sz002229,11433,4664,0
sh600816,0,4200,0
sz300030,0,0,0
sh603599,0,0,0
sh603315,0,0,0
sh603189,656,0,0
sz300045,0,0,0
sz002550,0,0,0
sz300636,0,382,0
sz300358,0,0,0
sz002019,10756,14331,1090
sz002700,1251,0,0
sh600444,0,0,0
sh603488,0,586,0
sz000700,0,0,0
sz002674,0,0,0
sh601989,131054,99306,0
sh600834,0,0,0
sz000637,0,0,0
sz300541,1649,874,800
sz002418,0,0,0
sh600713,0,0,0
sz002713,400,0,0
sh601727,5011,1665,0
sz002014,0,1613,0
sz300364,5392,1090,0
sz002543,0,3381,0
sz300432,0,0,0
sh603533,1392,292,0
sz002094,10457,4471,0
sz002496,5002,6090,0
sh600777,13417,23675,0
sz000786,61189,118855,1412
sz002295,0,1410,0
sz002182,0,2350,0
sz002762,0,0,0
sz002669,0,0,0
sz000060,69340,36311,0
sh601226,0,0,0
sh600681,3308,3983,0
sh600489,37151,14269,0
sz000062,467,0,0
sz002541,0,0,0
sh600167,0,0,0
sz300609,649,514,0
sz300174,0,0,0
sh600478,2211,8969,0
sh603602,644,409,0
sz300158,0,0,0
sz300263,0,0,0
sh600602,0,0,0
sz300244,1000,0,0
sz300374,0,0,0
sh600598,43261,40209,0
sz002408,0,1178,0
sz000002,60668,88534,6786
sh603818,0,0,0
sz000612,0,0,0
sh601086,2140,0,0
sz300035,0,0,0
sz002388,0,0,0
sh600969,0,866,0
sh600095,2002,0,0
sz000430,0,0,0
sz300619,469,0,0
sz002327,0,2522,0
sz000862,0,0,0
sz300632,0,0,0
sz002514,0,0,0
sz000875,0,0,0
sh601288,1684243,899153,0
sz300318,0,0,0
sz300429,450,0,0
sz002841,200,0,0
sh600299,1132,912,0
sz300042,0,865,0
sz002049,35109,26344,2801
sz300676,3693,1855,675
sz300328,0,2642,0
sz000633,0,1300,0
sz002719,0,0,0
sh600520,1464,3186,0
sz002472,0,1500,0
sz002816,0,0,0
sh600712,0,0,0
sh603933,207,0,0
sz000881,0,0,0
sz000572,2557,0,0
sh600874,5262,11366,0
sh600603,0,1820,0
sz002817,0,0,0
sz002609,0,0,0
sh600555,0,0,0
sz002558,8942,4122,0
sz000920,0,0,0
sz300672,2369,7273,0
sh603103,0,0,0
sh600052,0,0,0
sh601588,0,15478,0
sh600338,0,0,0
sh603909,0,0,0
sz300325,5309,2091,1600
sh600159,2770,2515,0
sz000890,0,0,0
sz300731,1023,0,0
sz300182,54560,24404,0
sz300538,0,0,0
sh601992,74549,81543,0
sz000926,205464,205542,6404
sz300712,0,0,0
sz002341,761,500,0
sh600633,21279,4957,0
sh600596,77125,76400,6773
sh603507,782,585,0
sh603398,0,0,0
sz002785,0,0,0
sz002461,0,0,0
sz300528,800,0,0
sz300576,0,0,0
sz000905,0,0,0
sz300333,20370,8792,0
sz002771,0,0,0
sh600936,0,0,0
sh600097,0,0,0
sz300299,1582,0,0
sh600297,7384,9974,0
sz000615,56888,78039,5076
sz002272,0,0,0
sz000530,0,0,0
sz002625,826,2055,0
sz300144,719,1374,0
sz002798,0,883,0
sz002159,0,1372,0
sz300382,6721,0,0
sz002726,0,0,0
sh603043,0,0,0
sz000425,328756,388054,0
sz300732,580,2412,0
sh600104,31562,40758,2355
sz002613,0,0,0
sz000606,0,0,0
sh600133,1859,3500,0
sh603985,0,0,0
sz000931,0,1503,0
sz002077,0,0,0
sz002588,0,0,0
sz300009,4572,9337,464
sz002809,472,1408,349
sz000861,4723,0,0
sh600563,0,0,0
sh600767,0,0,0
sz002237,8193,2884,0
sh600690,136648,135551,1989
sz002890,0,0,0
sz002650,88677,8414,0
sz300384,666,0,0
sz300028,5097,0,0
sz000720,0,9263,0
sh600616,0,1286,0
sz002420,0,0,0
sz300600,0,0,0
sh603389,6019,13584,1458
sh603076,300,0,0
sh600710,0,8611,0
sz000058,0,0,0
sh600198,8176,9999,0
sh600380,2255,26134,1035
sh601558,0,0,0
sz002363,0,0,0
sz002322,0,0,0
sz300191,0,3250,0
sz002673,11354,4971,900
sz002443,1202,2381,0
sz000559,3520,7182,0
sh603316,0,0,0
sz002476,0,0,0
sh600795,17366,63642,0
sz000791,18251,10787,0
sh603639,0,0,0
sz002375,1294,2000,0
sh603803,1074,0,0
sh600562,0,964,0
sz002381,0,0,0
sz002907,22435,25545,2923
sz000906,0,0,0
sz002576,2115,13406,0
sz002113,0,2818,0
sz002682,0,0,0
sh603737,0,0,0
sh603129,0,0,0
sh600176,44867,59208,2380
sz000668,0,0,0
sz300089,6948,1003,0
sz000883,0,0,0
sz002353,2532,4740,0
sz002521,6865,9292,0
sz300171,1323,3000,0
sh603601,0,0,0
sz002707,0,0,0
sz002259,5100,3327,0
sz300471,0,0,0
sz000908,0,0,0
sh603388,0,0,0
sz300047,0,0,0
sz002387,0,2835,0
sz002146,82519,70413,2236
sh600787,2021,13323,0
sz300282,0,1445,0
sz300555,0,0,0
sz300690,0,0,0
sz002861,383,0,0
sz002542,0,0,0
sh603386,4242,13765,0
sz300611,0,0,0
sz002324,463,0,0
sz002437,0,0,0
sz000533,24391,0,2350
sz002501,0,2854,0
sz002788,0,0,0
sh603758,0,0,0
sh600919,19918,12628,0
sz002573,6345,3430,0
sh600275,0,0,0
sh600758,0,0,0
sh600843,0,0,0
sz002195,429070,220168,0
sz002882,0,788,0
sz002210,24936,14869,0
sz000413,73761,20059,0
sh600701,16999,6524,0
sz300595,300,0,0
sz000543,2103,7125,0
sz002342,0,2608,0
sh601518,5000,0,0
sh603337,0,624,0
sz000616,9692,9072,0
sz002175,59201,15121,2211
sz000707,0,4564,0
sh601966,0,1260,0
sh603888,566,601,0
sz000760,0,0,0
sz002129,58094,114754,1427
sh600166,56989,33187,0
sz000498,0,0,0
sz002427,2075,751,0
sz002362,8748,2762,0
sz300315,87625,39012,0
sh603959,0,0,0
sz002716,14503,10787,672
sz300363,1385,0,0
sh603679,403,500,0
sz002137,0,0,0
sh601116,500,490,0
sz002307,1949,12302,0
sh603505,0,868,0
sh603611,0,0,0
sh600778,0,0,0
sh600864,0,0,0
sz002566,0,0,0
sh600499,71051,56414,4681
sz002231,0,0,0
sh600262,850,494,0
sh603969,776,937,0
sh600486,593,1219,0
sz002264,8337,10891,0
sz002565,0,0,0
sh601882,0,1742,0
sh600138,3984,8515,0
sz002301,2000,0,0
sh601800,3685,6518,0
sz300685,121,254,0
sz000799,3027,6322,0
sz002729,0,0,0
sz300164,0,0,0
sz002252,0,0,0
sh603568,0,0,0
sz300099,0,0,0
sz300679,0,303,0
sz300365,10325,8465,0
sz002255,2000,0,0
sz002466,19507,27226,1509
sz300121,1008,2106,0
sh603508,0,0,0
sh600800,0,0,0
sh600908,1640,2993,0
sz002041,0,2735,0
sz002265,0,0,0
sh600604,4836,4012,0
sz300065,717,836,0
sz002916,66073,51809,10924
sh603848,902,1590,0
sz002447,513007,643308,29454
sz002485,0,0,0
sh601900,0,0,0
sz300597,4356,0,0
sz300310,1284,0,0
sz002117,2852,1618,0
sh600366,603,4664,0
sh603618,0,0,0
sh601179,2940,5679,0
sh600503,16509,7918,0
sz300105,0,0,0
sh600401,61523,0,0
sz300466,30293,30155,0
sz300462,0,3315,0
sh603399,4611,3161,0
sh600775,7563,4674,0
sh600872,961,506,0
sh600276,8746,8430,0
sh603588,6249,27373,1425
sz300655,0,500,0
sz000656,40762,70771,0
sz002131,1122934,583841,29115
sh600770,0,1572,0
sz002310,16778,12841,600
sz002225,0,0,0
sh600368,0,0,0
sh603999,1535,0,0
sz300194,0,0,0
sh600168,0,1208,0
sz000816,3075,3400,0
sh603330,0,0,0
sz300185,51174,38557,0
sz000802,0,0,0
sz300450,819,663,0
sh600128,0,0,0
sz000780,0,0,0
sz002533,0,2848,0
sh601099,33584,26656,0
sh603686,0,0,0
sh600782,56675,131026,3060
sz002187,0,0,0
sz300535,400,0,0
sz002135,0,0,0
sz000753,0,0,0
sz002291,2464,0,0
sz002783,0,0,0
sz300575,0,0,0
sz002064,6888,0,0
sz000565,0,0,0
sh600379,1148,0,0
sz300277,1543,0,0
sz002194,4261,6853,0
sh600970,8998,66144,0
sz300054,1371,3004,0
sh601908,0,0,0
sz300236,305,392,0
sz300313,0,0,0
sh600151,1300,5731,0
sh600025,511458,372171,2416
sz002800,0,0,0
sz002455,0,0,0
sh600090,6820,0,0
sz002173,0,0,0
sz300205,3855,4020,0
sh600678,0,0,0
sz002059,0,0,0
sz002199,0,0,0
sh600845,11490,2183,0
sh600235,0,0,0
sz002647,0,0,0
sh603630,0,0,0
sz300532,0,0,0
sh603496,0,0,0
sh603123,1351,0,0
sz002635,27976,12505,0
sz000726,0,0,0
sh600012,0,0,0
sz002431,0,6348,0
sh600493,0,0,0
sh600393,1510,1533,0
sh600815,0,0,0
sh601238,4417,5117,0
sh600436,6755,3608,0
sh600360,8236,11762,0
sh600007,2002,0,0
sh600468,0,0,0
sz000552,3928,0,0
sz002069,0,0,0
sz300198,1800,2000,0
sz002460,21979,19570,2631
sz000682,0,2493,0
sz002018,1468,7084,0
sh603323,7828,9444,0
sz300170,23258,11636,0
sh600821,0,0,0
sh603010,0,0,0
sz000613,0,0,0
sh600219,34658,68198,0
sz000851,5744,1982,0
sz300389,0,0,0
sh600608,0,0,0
sz002781,0,0,0
sz300502,0,435,0
sh603200,0,0,0
sh600888,47805,32519,0
sz300271,4181,3291,0
sz300275,824,0,0
sh600735,0,0,0
sz002905,310,0,0
sz002751,0,0,0
sz300493,0,0,0
sh600461,4680,6487,0
sz300436,0,0,0
sz300567,201,712,0
sh600423,0,2000,0
sz002568,0,1526,0
sz002732,0,373,0
sz300667,0,0,0
sz002438,0,0,0
sh603880,469,0,0
sz002228,0,6831,0
sz002197,13623,0,0
sz300530,0,0,0
sz002411,2006,0,0
sh600165,0,0,0
sz300393,600,784,0
sz300108,0,0,0
sh600460,172438,249680,19527
sh600897,0,0,0
sh600909,6218,7791,0
sz300231,5438,12847,1875
sz002603,3363,2315,0
sh600573,0,0,0
sh600755,10314,5884,0
sz002611,0,0,0
sh603577,1006,0,0
sh601229,12769,23968,0
sh600292,4000,0,0
sz000937,0,1843,0
sz002787,0,0,0
sz300401,2467,614,0
sz002450,14244,21005,2237
sz300131,1589,0,0
sz002382,0,0,0
sz300653,0,0,0
sh600403,0,0,0
sz002662,1415,1713,0
sh600812,0,0,0
sh601997,2034,3810,0
sh600129,12282,5235,0
sh601231,7977,6254,0
sz000593,1153,2075,0
sz002741,0,0,0
sz300400,0,0,0
sz300675,6919,7557,1217
sz002269,0,0,0
sh600714,0,0,0
sz002407,2117,2615,0
sh600481,0,0,0
sh600469,2000,1909,0
sh600823,223798,386308,3804
sh600865,0,0,0
sz300269,800,900,0
sh600825,1830,0,0
sz002419,19777,14663,0
sh600741,11812,20835,0
sh603380,0,0,0
sh600466,113871,155499,14052
sz300235,0,0,0
sh600073,0,0,0
sz002820,0,0,0
sz002551,0,0,0
sz002333,0,0,0
sz002584,6550,3180,0
sh600817,0,0,0
sz000561,0,0,0
sh600250,0,0,0
sz002130,2117,2123,0
sh600425,0,20096,0
sh600190,0,0,0
sh600409,18842,33496,1066
sz002099,3857,2387,0
sh600295,3409,5800,0
sh603721,600,0,0
sz002045,3350,1535,0
sz002498,0,0,0
sh603158,0,0,0
sz002600,10439,33830,0
sh600717,972,0,0
sh603199,0,0,0
sh600692,0,0,0
sz300272,0,0,0
sz002812,239,0,0
sz300519,0,0,0
sz000719,0,0,0
sz002275,2004,0,0
sz000888,0,0,0
sz300688,0,0,0
sz002832,0,0,0
sh603963,762,0,0
sz300480,0,0,0
sh600439,1763,0,0
sz000631,30412,36529,0
sz002776,0,0,0
sh603860,0,0,0
sh600871,56295,73964,0
sh600962,0,0,0
sz000333,49539,83970,2902
sz000040,5090,3144,0
sz300161,0,0,0
sz300017,79431,52425,2019
sz000150,0,0,0
sz000818,0,1155,0
sz300572,0,156,0
sz300381,0,0,0
sh603303,0,0,0
sh600178,0,0,0
sz300125,0,400,0
sh600623,2031,0,0
sz000885,2185,15047,0
sh600976,0,493,0
sh600585,348878,439672,33213
sh600732,0,0,0
sz002560,0,0,0
sz002605,0,3372,0
sz000581,7647,10093,0
sh600620,0,0,0
sz002779,910,1723,1564
sz002258,2272,14501,0
sh601118,7809,38411,0
sz300145,1544,4695,0
sh600903,145848,239887,37151
sz000795,2172,6510,0
sz002774,0,0,0
sz000680,2867,8637,0
sz002374,0,3166,0
sh603535,0,0,0
sh600320,10294,1808,0
sh603085,3854,0,0
sh603357,0,541,0
sz002706,0,0,0
sz000966,0,0,0
sz300103,0,0,0
sh603222,1600,800,0
sh600109,6305,12145,0
sz000078,4075,61311,0
sz002572,2891,3654,0
sz300257,0,0,0
sz300439,0,0,0
sz002468,0,400,0
sh603667,0,0,0
sh600674,1005,2041,0
sz300306,0,0,0
sh601038,1387,1219,0
sh603916,3597,0,0
sz002583,703,4934,0
sz002286,0,0,0
sh600082,0,0,0
sh603118,1393,1519,0
sh600318,22623,4709,0
sh600894,0,0,0
sh600199,0,0,0
sh600975,0,0,0
sh603912,8838,28678,0
sh603183,259,0,0
sz000997,47167,33519,0
sz300026,2603,3018,0
sz000038,0,0,0
sh600075,0,4285,0
sz000837,0,0,0
sz300416,0,0,0
sz300297,0,0,0
sz002165,0,0,0
sh600557,0,0,0
sz002383,909,528,0
sz300560,301,0,0
sh600531,0,4151,0
sh600667,13680,60842,0
sh600345,23713,19207,1137
sz300055,6025,12650,0
sz000800,1972,5351,0
sz300068,3591,7641,0
sh600862,0,0,0
sz300115,14620,23492,1282
sh600232,0,0,0
sh601608,0,12191,0
sz000711,1000,0,0
sz300351,0,0,0
sz300073,2032,572,0
sh603968,0,0,0
sz300662,2982,2340,0
sz002217,4030,11163,0
sz300426,0,0,0
sh600715,29583,18753,1842
sh601375,4687,8740,0
sz002731,0,0,0
sz002444,4101,5356,1508
sz002268,18600,13861,499
sh601218,0,0,0
sz002896,0,0,0
sh600339,0,2337,0
sh600279,0,11102,0
sz002492,0,0,0
sh600995,0,0,0
sh600117,2280,9068,0
sh600139,0,4260,0
sz300246,0,513,0
sz002620,0,0,0
sh600070,1060,1165,0
sz300061,0,0,0
sh603017,0,0,0
sz002665,2000,0,0
sz300176,1285,3850,197
sz002557,0,2059,0
sh603738,0,0,0
sz000576,0,0,0
sz300360,1284,0,0
sz300570,885,500,0
sz300484,0,0,0
sz002119,2400,0,0
sz002081,10732,13314,0
sh600059,1500,0,0
sz300044,5788,1597,0
sz300376,0,0,0
sh601566,0,0,0
sz300352,55047,19951,0
sz000635,0,0,0
sz002121,1799,10246,0
sh600370,0,4828,0
sz300415,0,0,0
sh603050,1046,1052,0
sh600330,10712,12140,0
sz300660,0,0,0
sh603022,0,0,0
sz002638,0,3108,0
sz300220,0,0,0
sh601222,13314,16602,0
sh603336,0,0,0
sh600361,0,0,0
sz000514,2005,4609,0
sz300587,0,0,0
sh600647,0,0,0
sz002857,0,0,0
sh600196,14874,18157,1411
sh603421,0,378,789
sz002552,0,1100,0
sz000010,0,0,0
sh603444,1387,283,0
sz002712,0,0,0
sh600030,311313,305668,6857
sz002516,0,3435,0
sh601999,2008,0,0
sz300338,0,0,0
sz002047,0,1445,0
sz002332,0,3042,0
sz000697,0,983,0
sh603515,980,293,0
sh603806,0,0,0
sh603416,0,0,0
sh600613,0,0,0
sz300410,0,331,0
sh600498,11329,8600,0
sz300525,0,0,0
sz000868,76975,83824,10807
sz000662,2337,0,0
sz000155,14455,12676,0
sh600019,70502,179551,0
sz300039,0,0,0
sz000936,2511,0,0
sz002247,0,0,0
sz300451,7625,0,0
sz300551,0,0,0
sz002902,10771,3060,308
sz002093,7022,3704,0
sz300112,0,974,0
sz000423,2412,1473,0
sz300507,0,0,0
sz002221,16848,22736,799
sz002340,182425,99521,0
sz002898,4776,10888,1119
sz002469,0,0,0
sz002535,0,0,0
sz002329,0,0,0
sz300219,0,2330,0
sz002089,0,0,0
sz300563,0,0,0
sz002709,414,1915,0
sz300048,0,0,0
sz002474,5652,2005,0
sz002670,0,1293,0
sz002596,8577,1935,0
sz002493,5697,11569,0
sh603811,0,466,0
sz300138,0,0,0
sz300251,12434,21133,3037
sh600833,0,0,0
sh600575,0,5067,0
sz300421,0,0,0
sz002318,0,0,0
sh603096,0,410,0
sh601127,4250,3167,0
sz300430,0,0,0
sz300428,0,0,0
sz002233,3279,16170,1634
sz000690,36392,16084,0
sz300702,475,0,244
sh600259,1826,2283,0
sz002701,4118,2033,0
sz000068,0,0,0
sz300419,1100,0,0
sh600501,0,0,0
sz300040,0,0,0
sh600753,0,0,0
sz002203,0,0,0
sz002368,1589,2313,0
sz002248,1268,1150,0
sz002201,1095,0,0
sz000836,0,15040,0
sh603299,0,1000,0
sz000723,7500,21828,0
sz000520,0,0,0
sz002863,0,0,0
sh600605,0,0,0
sz002028,0,1000,0
sz300021,4813,9000,0
sh600381,0,0,0
sz000591,0,2527,0
sh600020,2672,6620,0
sh601168,16362,40546,1213
sz300051,24529,8041,0
sz000045,0,1136,0
sz000502,0,900,0
sz002687,0,1500,0
sz000810,0,0,0
sz300696,279,558,0
sz300476,0,500,0
sz000011,0,598,0
sh600267,0,4593,0
sz300622,0,0,0
sz000036,18542,59267,0
sz002440,20163,11412,0
sz002085,9953,725,0
sz000676,1176,0,0
sz000426,6823,11298,1382
sz300270,800,2705,0
sh603669,0,0,0
sh600719,0,0,0
sh600933,7922,9014,646
sz002063,286029,357302,33914
sh601258,109718,17906,0
sh603663,0,0,0
sz002648,5642,4510,0
sh600255,0,7480,0
sz300635,1125,1458,0
sz002666,0,0,0
sz000895,13184,15996,0
sz300626,0,0,0
sh600561,0,0,0
sz000972,0,0,0
sh600996,0,0,0
sh600653,7002,7003,0
sz300710,0,0,0
sz002284,0,0,0
sh603333,0,0,0
sh600085,603,1917,0
sh600896,0,0,0
sz300217,3766,0,0
sh600873,4462,12496,0
sh600456,0,1473,0
sz002872,1245,0,0
sz002859,685,1381,0
sh600462,0,0,0
sz000960,8262,8957,0
sh601198,2202,4470,0
sh600280,14849,1500,0
sz000671,88407,68917,0
sz002167,1200,0,0
sh603918,0,0,0
sh600037,0,0,0
sh600036,153112,120737,9037
sh600663,0,0,0
sz300043,15265,0,0
sh600335,1478,0,0
sh600687,1900,0,0
sh600148,0,0,0
sh600891,0,0,0
sz300578,0,0,0
sh600021,0,0,0
sz300298,0,784,0
sz300369,8662,1105,0
sh601111,87920,121928,1412
sz002805,0,0,0
sh600211,0,0,0
sh603839,0,0,0
sz002245,3093,5653,1200
sz000838,1629,1731,0
sh600898,2000,0,0
sz000510,1272,0,0
sh600982,0,0,0
sh603977,0,0,0
sz002846,0,697,0
sz300258,0,0,0
sh603233,0,0,0
sh600490,25469,23292,0
sh600188,29387,57632,1618
sz002009,6021,7762,0
sz300123,0,0,0
sh601919,7203,47060,0
sz300443,0,0,0
sz002746,0,0,0
sz002494,0,0,0
sh600854,0,0,0
sz002503,14108,4005,0
sz300478,0,301,0
sz300069,2203,0,0
sh603838,0,0,0
sz002050,13498,10347,703
sh600748,0,0,0
sz300259,0,7611,0
sz000988,5709,11055,0
sz002585,0,1758,0
sh603196,0,0,0
sh600355,0,0,0
sh600552,0,5064,0
sh600278,931,0,0
sh600847,0,0,0
sh600819,0,0,0
sz002624,329,1001,0
sz300505,0,379,0
sh600507,33141,40507,1394
sh601789,0,0,0
sz300183,0,0,0
sz300029,0,0,0
sz002644,0,0,0
sh600223,0,0,0
sz000708,0,2000,0
sz002511,2540,12237,1010
sz300250,0,0,0
sh603869,0,0,0
sh600189,0,0,0
sz002434,0,2687,0
sz300561,0,0,0
sh603387,0,0,0
sz000632,0,0,0
sz002471,0,0,0
sz000999,0,0,0
sh600869,0,0,0
sh600635,0,2781,0
sz000826,690,0,0
sh603633,0,0,0
sz300210,0,0,0
sh603030,0,0,0
sz000952,0,1556,0
sz002107,0,0,0
sh601100,2630,6613,0
sh601700,0,0,0
sh601139,4523,12146,0
sh600197,475,576,0
sh600195,1419,1379,0
sh600281,0,0,0
sh600588,26373,8259,0
sz002008,62102,37809,5415
sz002888,0,0,0
sz300628,178,0,0
sh600308,2217,1700,0
sz300098,1963,4537,0
sz300625,0,0,0
sz000422,0,0,0
sz002559,0,0,0
sz002467,27003,6013,0
sz300153,0,0,0
sz300196,0,989,0
sh603159,0,0,0
sz002441,0,0,0
sh603595,682,621,0
sz300024,10376,1136,648
sz300353,0,0,0
sz002430,10784,4493,0
sh603556,791,0,0
sh603179,0,0,0
sz300390,0,1500,0
sz002889,2819,427,0
sh600730,0,0,0
sh600882,0,0,0
sz000929,0,0,0
sh603025,0,0,0
sz002696,0,0,0
sz000021,310234,256837,6494
sz300449,0,0,0
sz000025,0,0,0
sh603166,0,0,0
sz002845,0,0,0
sz002277,8959,5716,0
sz002359,0,708,0
sz002835,0,0,0
sz002876,0,0,0
sz002703,0,0,0
sh600421,0,0,0
sh603701,0,0,0
sh600088,0,0,0
sz002242,0,0,0
sz000563,0,3753,0
sz300046,1129,0,0
sh601008,0,0,0
sh600595,25681,28173,0
sz002821,450,360,0
sh600358,21650,7976,0
sz000055,0,0,0
sz000702,0,0,0
sz000673,41561,20695,0
sz300569,0,0,0
sh603586,0,0,0
sz300521,0,0,0
sz002881,0,0,0
sz002136,0,0,0
sz002317,1528,1836,0
sz300142,15628,12206,0
sz002567,0,0,0
sh603456,0,0,0
sz300154,0,0,0
sz300581,0,0,0
sz300148,3074,0,0
sz002446,0,0,0
sz300247,0,0,0
sz002442,0,0,0
sz300663,11823,22018,7125
sh603005,2432,2052,0
sz000898,13925,78935,0
sz000731,5229,0,0
sz300289,1189,0,0
sh600764,770,0,0
sz002439,12570,6314,0
sz300137,2135,4909,535
sh600808,37148,111995,0
sh601808,5319,9453,2087
sz000153,0,0,0
sz002877,0,0,0
sz002767,0,0,0
sz002377,0,0,0
sz000595,0,0,0
sz002223,2659,1100,0
sh600559,800,4088,0
sh600609,0,0,0
sh600428,0,0,0
sh601968,2000,0,0
sz002118,0,1721,0
sh600599,550,0,0
sz300638,0,353,0
sz300402,0,0,0
sh603970,495,1499,0
sz300482,290,0,0
sh600966,1875,0,0
sz300070,8660,11356,0
sz002220,0,0,0
sz300692,1281,849,0
sh600300,2757,0,0
sh603012,0,0,0
sh603696,0,0,0
sz300305,0,0,0
sz002232,0,0,0
sz002795,0,0,0
sz002537,26092,17235,0
sz300341,0,0,0
sz002540,1989,0,0
sz002031,3579,4414,0
sz300573,0,0,0
sh603707,1178,728,0
sz000811,0,0,0
sh600566,8806,1747,0
sz300607,175,0,0
sz002151,6222,19401,1084
sh600312,1906,8700,0
sh600549,45686,34469,6350
sz002733,700,0,0
sh603266,0,0,0
sh603725,0,0,0
sh600208,102254,64185,0
sh603778,2362,1632,0
sh603833,0,364,0
sz300239,0,0,0
sz002639,9110,0,0
sz000735,75017,64918,5403
sh600510,0,0,0
sh603878,0,0,0
sz300120,0,2011,1000
sz002029,0,4460,0
sz300617,0,0,0
sz002590,0,0,0
sz002149,0,0,0
sh600367,0,0,0
sh603088,16582,2243,0
sh603033,0,0,0
sh603320,669,484,0
sz002692,0,0,0
sz002155,1595,0,0
sz002013,0,0,0
sz300200,0,0,0
sh600179,26210,9043,0
sh600984,0,0,0
sz002254,17829,2533,0
sz300630,0,200,0
sh601818,695497,534898,0
sh603002,0,7143,0
sh603887,0,0,0
sh600611,3978,0,0
sz000713,0,0,0
sz300554,0,0,0
sh601918,0,3010,0
sz002421,1692,8317,0
sz300639,198,618,0
sz002178,0,1164,800
sz300262,0,0,0
sz002865,0,0,0
sz300342,0,0,0
sz300621,526,1619,0
sh600212,0,1231,0
sh600567,45049,96448,0
sz002617,0,0,0
sh603345,0,0,0
sz002488,11353,4352,0
sz300016,0,0,0
sh600851,0,1502,0
sz300007,7242,1057,0
sz002563,0,3375,0
sz300261,0,0,0
sh600502,0,4466,0
sz000501,0,1400,0
sh600373,2136,2466,0
sz300542,0,25355,0
sz002740,0,0,0
sz000970,6887,6923,0
sz000020,0,0,0
sz000421,0,0,0
sz002755,0,0,0
sz300233,0,0,0
sh603808,0,0,0
sz000560,2482,3925,0
sh601388,16105,44800,0
sz002390,3630,6300,0
sz000927,0,2547,0
sz002380,0,0,0
sh600887,43984,63828,3468
sz000983,37791,55290,0
sh603730,0,0,0
sz300486,0,0,0
sh600506,0,0,0
sz001979,34088,46732,481
sz300689,281,0,0
sz002769,0,0,0
sz300334,0,815,0
sz002634,0,0,0
sh600537,2232,0,0
sz000416,0,0,0
sz000839,54498,43228,1126
sz002775,1562,0,0
sh600392,103447,156721,7113
sh603608,1393,0,0
sh600622,0,615,0
sh600992,1140,0,0
sz300697,2520,0,0
sz300113,18459,15432,0
sz002715,0,0,0
sh600363,0,1000,0
sh603359,996,0,0
sz002226,0,0,0
sh600973,0,0,0
sz002679,0,0,0
sh600737,0,0,0
sh600415,12442,0,0
sh600822,705,2787,0
sh603655,0,0,0
sh600885,515,691,0
sz002487,0,0,0
sz002773,182,0,0
sh603960,0,0,0
sh603232,0,0,0
sz300433,2996,6339,341
sz002721,49773,34395,0
sz002691,0,0,0
sz002328,0,0,0
sh603019,31531,16932,1387
sz002649,25128,21792,0
sh603308,0,0,0
sz002196,0,1200,0
sz300371,0,0,0
sz300526,0,0,0
sh603335,0,0,0
sz000418,1314,3537,0
sh603283,0,0,0
sz000801,0,0,0
sz300221,650,598,0
sh600702,9670,4147,303
sh601929,0,0,0
sz300598,0,0,0
sz300686,0,0,0
sh600081,0,0,0
sz002539,0,0,0
sh600746,0,0,0
sz002147,0,817,0
sz002827,0,0,0
sh601636,280841,461740,7591
sh600240,0,2918,0
sz000009,53431,91931,1575
sh600999,5311,3155,0
sz300178,5251,6117,0
sz000903,0,0,0
sz002708,0,0,0
sh600015,23946,54875,0
sz000598,0,2000,0
sh600202,0,0,0
sz300695,0,0,0
sz002855,0,0,0
sz002462,0,0,0
sz000411,0,0,0
sh603277,0,0,0
sz000404,3806,5961,0
sz002840,27340,0,0
sh600636,0,0,0
sh600579,21214,0,0
sz002364,0,0,0
sz002060,0,0,0
sh600617,0,2000,0
sh600410,5521,10579,1774
sh601877,5283,8357,0
sh600804,1832,1727,0
sh600077,0,0,0
sz002759,0,0,0
sh600551,0,0,0
sz002278,8700,10529,4256
sh603501,4617,3314,0
sz002594,5008,6054,0
sz000973,1815,0,0
sz000590,0,0,0
sz000909,0,0,0
sz000969,0,1230,0
sh603378,0,0,0
sz300512,0,0,0
sz002869,0,0,0
sh601211,6235,8340,0
sh603369,3765,1121,0
sh603979,0,0,0
sz002097,0,0,0
sh600438,24291,54304,1827
sz300470,4535,0,0
sh600836,0,0,0
sz002657,53444,40062,4328
sz002556,0,1410,0
sz300175,0,0,0
sz002885,0,0,0
sz002351,0,1648,0
sh600285,0,0,0
sz002046,0,0,0
sh601857,126470,110437,3486
sh600346,11398,19997,3016
sz300126,2300,0,0
sh600455,0,0,0
sz002001,15306,30146,1038
sz002429,32774,11167,0
sz002070,2776,17710,0
sz002185,89820,67883,0
sz000506,0,0,0
sz300673,0,0,0
sz000505,0,0,0
sz002480,4800,1500,0
sz002166,0,1000,0
sz000063,403573,305537,27813
sz300481,1691,552,0
sh603026,0,0,0
sh600123,9840,15059,0
sz000026,0,0,0
sz002549,0,0,0
sh601155,73950,50438,4920
sz002361,0,0,0
sh601012,60550,71856,2433
sz002847,1335,0,0
sh600422,0,0,0
sz002294,2650,931,0
sz002192,733,1667,0
sz300267,7042,0,0
sz002839,2199,7966,0
sz300063,8740,2200,0
sz300248,7909,2015,0
sz300666,2832,1655,196
sz300288,5676,537,0
sz000681,45862,20508,502
sz002828,0,1171,0
sz300414,0,0,0
sh601872,2504,0,0
sz002142,27953,23354,3029
sh600850,0,641,0
sh600060,692,3200,0
sh600038,1840,4068,0
sh603699,0,0,0
sz002688,0,0,0
sh600306,0,0,0
sz300022,0,1805,0
sh600329,0,1553,0
sz002316,0,1006,0
sz300097,608,0,0
sz002452,0,0,0
sh601985,14875,2029,0
sz300395,0,800,0
sz000785,5989,7082,0
sz300422,0,0,0
sh600375,0,0,0
sh600433,0,0,0
sz000737,0,0,0
sh600101,0,0,0
sz002578,0,0,0
sh600185,3199,2093,0
sz300499,0,0,0
sz300362,0,0,0
sz002757,0,0,0
sh600376,3086,6256,0
sz300516,0,0,0
sz002109,0,1740,0
sh600397,0,0,0
sh603309,0,0,0
sh600693,9492,0,0
sz000570,0,0,0
sh601616,0,0,0
sz300417,0,0,0
sz002056,12022,31386,0
sh603890,1787,517,0
sz300547,0,0,0
sz300228,0,0,0
sz000783,7108,30347,0
sz000892,0,0,0
sz002036,0,7967,0
sz000917,11448,8134,0
sz002074,2010,2563,0
sz000901,0,509,0
sh603698,0,0,0
sh603319,0,0,0
sz002424,0,1541,0
sh603800,0,0,0
sh600519,13491,19547,2611
sh600029,244079,336865,7265
sz002299,0,1464,0
sz300509,0,0,0
sz000001,409133,382963,6998
sh603086,0,0,0
sh600652,0,0,0
sz002772,0,0,0
sz002186,0,0,0
sh600824,0,0,0
sz002285,18807,16851,0
sz002080,1110,2599,0
sz002230,405657,253999,38532
sz002412,0,0,0
sh600107,0,1657,0
sz300323,9133,1638,0
sz002911,25542,35236,2277
sh600774,0,591,0
sh600766,0,0,0
sh600508,0,1274,0
sz300543,0,0,0
sh603885,10202,1218,0
sh603787,0,0,0
sz002206,0,0,0
sh601798,0,0,0
sh600390,1533,3747,0
sh603080,0,0,0
sh600400,0,0,0
sh603306,0,0,0
sh603677,0,0,0
sz002405,141204,83675,4270
sz000687,0,0,0
sz000709,148232,123178,0
sh600979,0,0,0
sz000620,0,0,0
sz002602,1188,0,0
sz000987,0,0,0
sz000531,0,0,0
sh601188,0,0,0
sz300408,3903,500,0
sh600839,9362,15984,0
sh600171,8273,17127,0
sz002878,459,0,0
sh600337,0,3327,0
sh600680,0,0,0
sz002017,0,0,0
sh603896,1527,587,200
sh600023,3048,24819,0
sh603883,0,1900,0
sz000856,22101,17098,1848
sz300147,0,1229,0
sz002655,20715,39654,0
sh603225,261,283,407
sz002445,19719,969,0
sh600528,1862,1838,0
sz000030,0,1500,0
sz000935,6510,8609,0
sz002266,0,0,0
sz000090,0,3957,0
sh603922,1611,690,0
sh600686,1003,5406,0
sh600835,2765,6217,0
sz002331,1500,4709,0
sz002826,23127,14473,0
sh600689,0,0,0
sz000989,620,695,0
sz300640,0,0,0
sh600780,3000,0,0
sz300406,1553,798,0
sh600252,9353,0,0
sz000663,5695,0,747
sz000910,846,1800,0
sz300403,0,0,0
sh600093,0,2476,0
sh600683,1654,2063,0
sz001696,0,2500,0
sh600064,0,2116,0
sz300107,3194,0,0
sz002459,0,0,0
sh603331,0,0,0
sz000758,3000,8160,0
sh600696,0,0,0
sz002900,4518,318,0
sh600158,1500,1253,0
sh603908,0,0,0
sh600638,0,0,0
sz300489,0,0,0
sh603016,0,472,0
sz300729,0,0,0
sz002330,0,0,0
sh603127,199,0,0
sz000828,4371,0,0
sz300648,0,0,0
sh600350,16353,0,0
sh600858,0,0,0
sh600272,0,0,0
sh601717,8449,2001,0
sz002811,0,0,0
sz002123,7122,0,0
sh600805,1789,1928,0
sh601366,0,0,0
sz000415,22211,7958,0
sz002637,0,0,0
sz300498,8214,13850,0
sz000582,0,0,0
sz002044,3842,3918,0
sz000428,0,0,0
sz002296,7768,0,0
sh600216,25043,56317,0
sz300237,1301,0,0
sh600122,16562,31298,0
sh600526,0,0,0
sz000338,46270,114831,0
sz300241,605,848,0
sh603580,0,0,0
sh600724,0,0,0
sz000738,0,0,0
sz300588,0,0,0
sh600521,1734,2677,569
sh600705,45434,16645,0
sz000692,0,8721,0
sz300273,0,1500,0
sh600571,26404,30481,0
sh603018,388,0,0
sz300211,0,0,0
sz300102,3455,4510,0
sz002227,0,0,0
sz300568,988,478,0
sh601002,921,16896,0
sh600387,2335,3822,0
sz300620,0,0,0
sh600546,0,14816,0
sz300726,2846,1899,1093
sh600751,27017,10434,0
sz300006,0,0,0
sh600004,2485,2562,0
sz300645,0,0,0
sz000835,0,0,0
sh600590,0,0,0
sz002193,0,0,0
sh600763,4675,728,0
sz002698,0,0,0
sh603116,0,0,0
sh601881,5220,9577,978
sh600035,0,0,0
sh603899,508,510,0
sh603060,0,0,0
sz300114,0,0,0
sh601866,0,2966,0
sz002610,75643,474384,0
sh600988,2608,2073,0
sh600532,2001,0,0
sh600655,0,4226,0
sz300654,491,715,0
sh603819,0,0,0
sz300146,14714,12297,0
sh600448,0,0,0
sz002519,0,0,0
sh601117,28457,4838,0
sz300336,4100,0,0
sh603298,0,0,0
sh600173,0,4340,0
sz300087,0,0,0
sh603617,1732,0,512
sz002913,850,0,529
sz300510,0,0,0
sz002852,0,0,0
sz300473,0,0,0
sh600785,0,0,0
sz000777,0,708,0
sh600640,3529,0,0
sh601001,0,5531,0
sz300501,0,0,0
sh600127,0,0,0
sh600201,3545,5296,556
sh603365,2599,0,0
sz300031,847,0,1032
sh600251,1609,3397,0
sz002171,0,0,0
sz002179,2815,3113,0
sz002311,0,2973,0
sz300079,38855,5466,0
sh603579,0,0,0
sh600810,0,0,0
sh603338,366,0,0
sz002570,0,0,0
sh600137,449,536,0
sh603988,0,0,0
sz300264,0,0,0
sz002753,0,0,0
sh603157,5728,1270,0
sz002391,0,4518,0
sz000729,33730,22802,0
sh603987,0,0,0
sz300319,0,0,0
sz002087,0,1923,0
sz300627,0,0,0
sz002238,0,0,0
sz300293,0,0,0
sz002633,0,0,0
sz300222,9146,3799,0
sh603203,0,0,0
sz002802,0,0,0
sz000609,0,0,0
sz002007,477,4977,0
sh601965,0,0,0
sh600530,18229,38622,0
sh600377,0,0,0
sz000605,871,0,0
sz002428,6037,41549,900
sh600408,3501,4158,0
sz300713,0,0,0
sz300307,0,0,0
sz000518,0,0,0
sz002169,3440,2234,0
sz000803,0,0,0
sz002370,0,0,0
sz002548,0,0,0
sh603138,13855,17083,2474
sz002608,0,1136,0
sz300379,4981,2585,0
sz002436,0,0,0
sz000921,995,0,0
sh600206,16344,32424,0
sz000788,0,0,0
sz300399,0,0,0
sh603920,3605,0,0
sh603020,0,0,0
sz002730,0,0,0
sz002849,0,0,752
sz000014,3245,936,0
sz300483,1667,2239,0
sz300727,956,0,401
sz002871,0,0,0
sz002642,5133,2730,0
sz000503,11723,8650,436
sh600130,13385,0,0
sh601788,6597,8765,0
sz000876,16658,22484,0
sz300643,1153,0,0
sh600971,12135,48664,1632
sz300062,0,0,0
sz002509,1418,15921,0
sz002267,3160,8879,0
sz002287,0,0,0
sh600268,0,0,0
sz000589,0,0,0
sh601939,213633,217268,6309
sz300008,1751,0,0
sh603609,0,0,0
sz002553,0,0,0
sz002048,1294,4836,0
sh600716,0,4274,0
sz300678,1643,606,0
sh600371,0,0,0
sz300359,12430,4112,0
sz300500,0,0,0
sh601949,0,0,0
sh600022,93177,57129,0
sz000761,6209,23168,0
sz300067,4607,2132,0
sh600743,63498,34448,0
sh600119,0,2547,0
sz300565,0,0,0
sh601000,109910,38004,0
sh600516,361671,392063,46724
sz002021,0,0,0
sh600841,0,0,0
sz000584,951,0,0
sh600328,4915,11553,0
sh603328,0,1002,0
sh603063,2231,0,0
sz300652,0,0,0
sz000792,480352,317359,32829
sh601006,82538,118208,1747
sh600987,0,0,0
sh603100,0,0,0
sh601958,90446,177243,1531
sz000779,0,0,0
sz300095,0,0,0
sz002153,7933,2763,631
sz300312,17622,3823,4359
sz300494,812,0,0
sh600246,39690,56110,0
sh601177,0,0,0
sz000596,0,936,0
sh600248,0,0,0
sh600673,41498,91130,1839
sz002606,8326,9227,0
sh600282,48272,148867,0
sz002116,0,0,0
sh600203,0,8076,0
sh600405,0,0,0
sz000912,14902,11957,0
sz300311,1582,1186,0
sz300119,0,0,0
sz002234,0,0,0
sh600458,0,0,0
sz002836,0,0,0
sz002597,2752,6958,0
sh601009,207520,208159,5594
sh600266,2182,7421,0
sz300294,0,500,0
sz000611,0,0,0
sh600372,1500,2244,0
sz300056,0,2259,0
sz300730,4442,8522,831
sz000043,3229,4371,0
sh603817,0,0,0
sz000928,0,7892,0
sh600261,0,2260,0
sz002279,11872,6733,0
sh600480,0,757,0
sz002912,2773,3211,110
sz002115,0,0,0
sh600459,700,3713,0
sz300467,535,0,0
sh601368,0,0,0
sz000070,51272,18759,1043
sz300290,2522,0,0
sz002554,0,4116,0
sz300633,0,0,0
sh603069,0,0,0
sz002246,0,0,0
sz300084,1649,0,0
sz300101,802,0,0
sz002686,0,0,0
sh600802,0,8243,0
sz002693,0,0,0
sz000100,92302,149770,0
sh601858,0,0,0
sz000636,67538,57634,6678
sz002725,0,0,0
sz300387,0,1587,0
sz000622,0,0,0
sz002454,0,0,0
sz002646,0,0,0
sz002393,0,0,0
sh603589,271,2006,0
sz300330,0,0,0
sz002373,21307,4481,0
sz300309,0,0,0
sz002355,3000,1395,0
sz000016,39827,15460,0
sh603027,0,0,0
sh600855,0,0,0
sz002813,0,336,0
sh603238,0,0,0
sz300615,0,0,0
sh600056,0,1453,0
sz002887,173,0,0
sz002170,0,0,0
sz000639,0,898,0
sz300324,3437,0,0
sz300304,1391,0,0
sz300201,0,1923,0
sh601766,228438,219051,0
sh603009,3262,1972,0
sh600577,0,4234,0
sz300703,0,0,0
sh600011,0,7589,0
sz002562,4135,0,0
sz300093,0,0,0
sz000756,0,0,0
sz002026,0,1500,0
sh603007,0,0,0
sh600939,0,0,0
sh603090,534,0,0
sh600169,3000,0,0
sh600517,0,3852,0
sz300139,0,0,0
sh601611,2010,6404,0
sz300404,0,0,0
sz300514,0,0,0
sh603788,0,300,0
sz300180,1738,0,0
sz002465,9252,12962,3007
sz300276,0,0,0
sz300691,130,0,0
sz002154,0,0,0
sz002884,0,0,0
sz002104,56218,39633,1139
sz300014,17874,5294,0
sz002403,0,0,0
sz002334,1211,4321,0
sh603313,3063,438,0
sh603728,0,0,0
sz300036,957,800,0
sh600657,13110,6414,0
sz300592,0,0,0
sh600126,0,0,0
sh600838,0,0,0
sh600848,0,948,0
sz300037,0,0,0
sz002627,587,0,0
sh600113,1063,989,0
sz300460,0,0,0
sh600389,0,543,0
sh600895,0,1426,0
sz000728,0,10621,3975
sh603396,0,0,0
sz300160,0,0,0
sz300590,1765,403,0
sz000878,11050,18507,0
sz002102,21504,25514,0
sh603360,0,0,0
sz300668,0,0,0
sh603766,8137,3728,0
sz000619,0,0,0
sz300604,0,893,0
sz000625,6848,32550,0
sz002778,0,0,0
sh600449,3087,10121,0
sh603500,0,373,0
sz000521,0,0,0
sh603113,515,0,0
sz300531,0,0,0
sz000096,0,0,0
sz300536,1114,977,1025
sz002886,391,0,0
sh600876,0,0,0
sz300571,0,0,0
sz002218,6860,11704,0
sz002067,6031,6266,0
sz300230,0,0,0
sz300599,0,0,0
sh603926,0,0,0
sz300326,1700,0,0
sz300610,0,0,0
sz000669,0,0,0
sz000925,0,914,0
sh600570,151590,98063,17812
sh600229,0,0,0
sz002823,0,0,0
sz002486,2080,0,0
sz002127,2937,6493,0
sz002527,0,0,0
sz000980,1012,0,0
sh600536,15066,6058,1399
sz000523,0,0,0
sz002065,198241,108186,4093
sz300448,0,0,0
sh600017,0,7631,0
sz002211,0,0,0
sz000686,3093,15201,0
sz000555,11105,939,815
sz002144,0,0,0
sh603117,0,0,0
sz002763,0,0,0
sz000798,0,0,0
sh603823,0,0,0
sz002108,4843,0,0
sh601633,6574,7848,0
sz002262,1001,6727,702
sz300388,0,509,0
sz002261,31260,7392,0
sh601398,640117,549030,0
sh600629,0,0,0
sh600247,0,0,0
sh603688,0,0,0
sh600191,2949,1322,0
sh600651,9747,4964,0
sh600385,0,0,0
sh601208,0,2247,0
sz002379,27398,42129,0
sh600488,0,0,0
sh600803,5083,5418,0
sh600682,8337,2986,0
sh600163,0,0,0
sz300665,0,0,0
sz300380,1307,0,0
sz000525,500,2323,0
sh600103,0,0,0
sh603898,0,0,0
sz300613,310,294,61
sz002748,0,0,0
sh600420,0,0,0
sz000850,0,0,0
sz300398,0,0,0
sz002052,6013,0,0
sz300394,0,0,0
sh603006,0,0,0
sz300203,4786,3464,0
sz002224,0,0,0
sz300242,1212,2211,0
sz000933,132631,202876,0
sh600773,10391,5061,0
sh600610,0,0,0
sz002073,0,0,0
sz002668,3067,3596,0
sz002449,4347,2241,0
sh600132,0,1000,0
sh600269,0,0,0
sz002743,0,0,0
sz300687,0,0,0
sz300274,11905,9872,0
sz300707,0,356,0
sz000539,0,0,0
sz000932,111294,63044,0
sz300254,0,0,0
sh600058,0,0,0
sh603385,0,831,0
sz002833,358,362,0
sz300344,0,8547,0
sh600811,2700,0,0
sz300195,0,0,0
sh600512,31604,20604,0
sz002156,54570,27643,2145
sz002866,0,0,0
sh600580,11327,2143,0
sh600054,0,0,0
sh600110,9132,21265,0
sz300699,3123,1949,590
sz300651,0,996,0
sz000627,2000,2717,0
sz002842,1383,5294,0
sh600985,4085,7076,0
sz300243,0,0,0
sh600193,9976,17037,6755
sh600509,0,0,0
sh601888,6953,8023,1140
sz002717,500,0,1246
sz000919,0,0,0
sh600418,0,5289,0
sz002409,2858,3517,0
sz002139,0,10599,0
sz002475,22305,29876,0
sz300469,0,0,0
sz002304,5704,6951,860
sz000852,1147,1117,0
sz002025,1493,2358,0
sh603133,0,0,0
sh600301,0,0,0
sz300445,1278,0,0
sz300657,529,0,0
sz002053,0,0,0
sz002810,0,855,0
sz002346,0,0,0
sz002803,0,1100,0
sh600790,3041,0,0
sh600688,17520,49225,0
sz300355,9765,15191,1508
sh603917,1973,1251,0
sh601016,22338,3579,0
sz000037,0,0,0
sz000776,17798,36319,0
sz002850,0,0,0
sz002386,1110,7714,0
sz300548,0,0,0
sh603208,0,0,0
sz300605,0,0,0
sz002191,9362,19575,0
sz300300,634,0,0
sz002325,5773,2839,0
sh600055,0,2687,0
sz300189,5000,3002,0
sz002711,126215,89286,1134
sz002249,2540,1501,0
sz300165,0,0,0
sz002207,1301,0,0
sh603321,1392,0,0
sh601928,1457,0,0
sh603903,0,266,0
sz002544,2084,0,0
sh601126,1369,0,0
sz002068,0,1144,0
sh603879,0,0,0
sz300215,0,0,0
sh601318,474798,376534,73040
sh601021,996,5765,0
sz300545,0,0,0
sz300515,0,0,0
sh600213,1036,0,0
sz300453,1987,0,0
sz000833,0,0,0
sz300664,0,0,0
sh600062,1316,1114,0
sz002818,676,483,0
sz300549,0,0,0
sh600039,2693,15780,0
sz002336,0,0,0
sh600419,510,0,0
sh603260,8994,10532,1387
sz300283,0,0,0
sz000409,4995,0,0
sz002385,44761,26097,0
sz002478,0,0,0
sz002426,3000,5808,0
sh600618,0,0,0
sh600665,0,0,0
sh603703,2681,0,0
sz002667,0,0,0
sh603777,0,0,0
sz002615,4005,0,0
sh601200,423,2135,0
sz002745,258,0,0
sz000752,0,0,0
sz300671,0,0,0
sz002482,0,1282,0
sz300534,1018,0,0
sh601996,0,0,0
sz000301,4480,4242,0
sh603636,0,0,0
sz002015,0,0,0
sz300058,13599,0,0
sh600761,0,2920,0
sz002791,0,0,0
sz000655,0,0,0
sz300434,0,0,0
sh600529,1970,2817,0
sz002837,0,0,0
sz002587,42703,85813,0
sz300005,3800,0,0
sz300166,8913,1033,0
sh600525,15429,10819,0
sz000018,0,0,0
sh601233,19384,23707,467
sh600237,2001,0,0
sh600083,0,0,0
sh601113,0,0,0
sz000877,113699,193073,12852
sh600416,0,897,0
sz000698,0,0,0
sz000922,0,5381,0
sh601988,859388,540211,0
sz002528,6393,0,0
sz002923,0,0,0
sz002908,5322,12737,887
sh600068,40009,72875,0
sh601011,33468,15381,1309
sz002645,1818,591,0
sh603078,0,0,0
sh601328,268333,254642,5130
sz300463,0,0,0
sh603036,0,0,0
sz000998,1231,8654,0
sh600677,913,0,0
sz002862,0,0,0
sz000897,0,0,0
sz002396,27048,2382,1662
sh600736,0,0,0
sz300682,6180,4598,0
sh603843,1398,11582,0
sz300715,0,0,0
sz002504,9601,15952,0
sh600704,0,0,0
sz300018,0,0,0
sh600731,0,0,0
sz000759,2964,10670,0
sh600332,4157,22224,0
sh600287,0,0,0
sh603098,0,0,0
sz300511,0,0,0
sh600637,2987,0,0
sz002864,2160,3072,0
sz002106,0,0,0
sh600018,10142,23185,0
sz002875,0,0,0
sz002903,2305,782,0
sh600284,0,0,0
sz000012,35798,30591,0
sh600031,299421,387953,8007
sh600856,46996,66990,5373
sz300053,3108,7041,0
sh603685,1995,0,0
sh601595,1395,0,0
sz300321,0,0,0
sh600703,34738,26593,1011
sz002761,0,0,0
sh600671,0,0,0
sh600483,0,2365,0
sh600331,0,0,0
sh600283,900,814,0
sz300339,4092,1978,0
sz002134,0,0,0
sh600572,4643,3066,0
sh603612,2000,2379,264
sh601107,0,0,0
sh600298,2716,13041,0
sz002598,0,0,0
sh600356,0,0,0
sz300135,0,0,0
sz000807,134177,157207,4890
sz000789,157755,249989,21200
sh603767,0,0,0
sz300082,0,0,0
sz300721,0,0,0
sz300485,0,0,0
sz002829,0,500,0
sz002212,6334,3280,0
sz000417,2183,0,0
sh600500,1760,0,0
sh600135,6790,0,0
sh603779,0,0,0
sh600592,0,1153,0
sh600723,0,0,0
sz002040,1832,748,0
sz002281,46820,27833,1548
sh600886,12109,4543,0
sz002727,1982,596,0
sz300349,684,861,0
sz300208,1023,0,0
sh603559,9964,16251,615
sh603683,0,0,0
sz002176,25184,6637,0
sz002414,0,0,0
sz000825,38092,71917,0
sh603081,657,0,0
sh600069,8603,17222,0
sz300650,0,0,0
sh600880,0,5790,0
sh600697,0,0,0
sz002022,4215,0,0
sh600893,5070,8560,0
sz000880,0,0,0
sz002054,6523,1000,0
sh603868,0,0,0
sz002216,0,0,0
sz000691,0,0,0
sh601333,45813,134464,0
sh603861,0,0,0
sh600550,0,1716,0
sh601101,5469,0,0
sh600830,3130,0,0
sh600745,376,4733,0
sh603825,0,0,0
sh600511,1930,374,0
sh600711,102306,80664,4048
sz002858,0,0,0
sz002337,2521,0,0
sz002531,3368,2921,0
sz000848,8576,9224,0
sz002298,0,0,0
sz002394,0,0,0
sz300347,0,0,0
sz002589,756,1978,0
sh600210,0,4632,0
sz000545,0,0,0
sh600114,0,7408,0
sz000985,1239,1482,0
sz300050,0,1500,0
sh600826,0,963,0
sz000882,31240,21738,0
sz002853,0,426,0
sz002534,0,0,0
sz000159,0,0,0
sz000553,0,0,0
sh601019,2832,3562,0
sh600863,0,0,0
sh600612,0,0,0
sh600435,4310,0,0
sh600399,0,0,0
sz002873,303,0,0
sz002582,0,0,0
sz002599,0,0,0
sh603558,0,0,0
sz002683,1687,0,0
sz002401,789,0,0
sh600684,29969,101541,0
sh601991,11759,20908,0
sz000607,0,0,0
sh600071,1000,0,0
sh603619,13601,17699,1341
sh603126,0,0,0
sh600182,0,0,0
sh603978,0,0,0
sh603659,605,418,236
sh600594,3505,974,0
sz000893,1200,2042,0
sz300669,0,0,0
sz300452,500,0,621
sz002564,0,3337,0
sz300150,0,0,0
sz000990,0,0,0
sz000630,128065,138644,0
sh600293,0,2558,0
sz300623,0,0,0
sz300522,0,591,0
sz002502,0,5205,0
sh600582,10157,27016,0
sh603077,77545,39725,0
sh603658,505,752,0
sz002593,0,0,0
sh603363,1851,3007,0
sh603029,0,0,0
sh600759,9600,7724,0
sh600321,3104,0,0
sh603040,0,0,0
sh600584,22248,35270,0
sz000601,0,0,0
sz300722,319,960,0
sz300477,0,505,0
sz002497,24880,25114,0
sh601128,22371,68632,0
sh600302,0,0,0
sh603466,0,0,0
sz300557,0,0,0
sh600369,10922,10935,0
sz300308,0,608,0
sh600747,0,0,0
sh600209,30501,41885,2124
sz300296,0,0,0
sz000568,4062,8998,599
sz000046,0,0,0
sz002591,3236,10581,0
sh600706,0,0,0
sz000005,0,0,0
sz000716,0,1957,0
sh603676,1987,7827,0
sz000032,0,0,0
sh600744,0,0,0
sz002313,815,2922,0
sh600619,0,0,0
sz002276,1920,1188,0
sh603603,0,0,0
sz300677,401,478,0
sh600383,84033,138163,658
sz002084,0,0,0
sh600980,0,0,0
sz002086,6074,5283,0
sz300301,0,0,0
sz000685,4500,0,0
sh600475,0,0,0
sz002797,461170,281171,11322
sz000958,0,2724,0
sz300603,0,0,0
sz000008,7862,1405,1283
sh600881,0,0,0
sh600649,2601,1800,0
sz300550,0,0,0
sz002918,1772,3157,0
sz002601,19436,19653,0
sh600234,0,0,0
sh603656,0,0,0
sh603768,0,0,0
sh601005,54045,98969,0
sz002148,24704,1178,0
sh603160,0,132,0
sh600057,0,0,0
sz000023,0,0,0
sz002092,39919,34788,2508
sh600771,1137,3020,0
sz002338,0,0,0
sz000558,0,0,0
sh603882,0,0,0
sz002546,0,0,0
sz300106,0,0,0
sh600016,178998,224978,0
sh603108,0,0,0
sh600742,0,610,0
sh603929,0,0,0
sh601699,85995,141237,1834
sz000677,0,0,0
sz300378,0,0,0
sz000610,0,0,0
sz300316,8531,11657,0
sz000050,8542,11445,0
sz300698,3011,19514,444
sh600560,0,0,0
sz002915,10617,10052,2684
sh600220,0,0,0
sh601567,0,0,0
sz000513,1138,1957,0
sz300057,0,0,0
sz002920,21615,21947,4095
sz000551,0,0,0
sh600238,0,0,0
sz002126,0,0,0
sz300423,0,0,0
sz300474,1363,638,0
sh600765,0,10079,0
sz300496,2728,1551,0
sh600200,0,0,0
sz002348,0,3948,0
sz000831,2178,7977,0
sz000408,16627,15041,887
sh603131,0,0,0
sh603877,0,0,0
sz002822,0,0,0
sz000976,0,0,0
sz300579,1379,1678,0
sh603937,12656,8585,1671
sh601137,0,1068,0
sz300332,0,3442,0
sz002790,0,0,0
sz300177,0,0,0
sz002879,1066,2508,196
sh603711,1866,10409,0
sz300396,0,232,0
sz300700,981,418,0
sz300003,4751,4043,0
sh603826,0,0,0
sz300537,0,0,0
sh600310,0,0,0
sz300446,0,0,0
sh603518,0,0,0
sz002367,0,0,0
sz000762,24297,12354,752
sz300094,0,0,0
sh600066,3858,24895,1416
sh600120,717,600,0
sz000517,318369,291248,37892
sh600668,0,1965,0
sz300329,0,0,0
sz000650,1977,2362,0
sh603528,0,0,0
sz300506,0,536,0
sh600853,0,0,0
sz002150,0,0,0
sh600639,0,991,0
sh600676,0,0,0
sh603900,0,0,0
sh600756,9677,7150,0
sz300052,9213,2185,0
sh601166,507085,706270,9457
sz000768,14815,6010,0
sz300111,0,0,0
sz002464,0,323,0
sz000755,0,6621,0
sz002477,2509,25234,0
sz000967,0,0,0
sz300197,3405,911,0
sz000524,0,0,0
sz300681,0,0,0
sz002208,2565,1088,0
sz002901,1821,1388,0
sz300034,0,0,0
sz002209,0,0,0
sh601018,7646,1859,0
sz002722,0,0,0
sz000420,0,6747,0
sh603458,0,397,0
sz300556,0,0,0
sz000027,0,0,0
sz300375,662,4612,0
sh603889,706,0,0
sz300437,0,888,0
sz300184,1006,1052,0
sh600098,0,1800,0
sz300015,4252,4966,383
sh600556,0,0,0
sh603111,0,1950,0
sz300213,0,0,0
sh603278,0,1029,0
sz000813,2376,1467,0
sz000402,6216,22765,0
sh600476,1974,0,0
sh600739,3065,0,0
sh600568,23356,30240,0
sz300391,0,0,0
sh600395,2002,10975,0
sz000526,0,0,0
sz000951,0,1792,0
sz002735,0,0,0
sh600118,1988,692,0
sz300373,1533,2850,0
sz300725,1619,1293,399
sh600861,0,0,0
sz300192,0,906,0
sz000938,6302,3016,256
sh603239,0,0,0
sh600718,11905,19302,827
sz000567,2278,520,0
sz002456,76424,67381,2689
sz002581,0,0,0
sh601886,5600,0,0
sz300232,5189,786,0
sh603228,0,1029,0
sz002105,0,0,0
sz000736,0,0,0
sz000528,2457,0,0
sh600026,2599,0,0
sh600720,42738,129364,0
sh601519,0,0,0
sz002133,2201,2221,0
sh603606,0,0,0
sh600495,7613,4069,0
sh600518,23519,5994,0
sz000151,0,0,0
sz002271,1063,0,0
sz300425,0,0,0
sz002066,0,0,0
sz002043,8344,3454,0
sz002897,313,0,0
sh600726,0,0,0
sz300612,4414,20930,629
sz002263,7792,0,0
sz002141,0,0,0
sh603708,0,900,0
sz000554,0,3323,0
sh601890,3760,0,0
sh600768,0,0,0
sz300169,0,0,0
sz002376,0,1600,0
sh600694,0,373,0
sh601901,5180,25508,0
sh600621,930,2023,0
sz002308,0,0,0
sz300268,683,1378,0
sz002705,0,0,0
sh600699,8707,6054,0
sh600963,0,1847,0
sh600505,0,0,0
sz300157,0,6706,0
sh600086,9621,3488,0
sz300331,0,700,0
sz002400,9183,0,0
sh600844,0,0,0
sh600581,30156,75337,739
sh600793,500,0,0
sh600207,0,0,0
sh600352,142631,104893,2352
sh603859,0,0,0
sz300059,400071,316821,8322
sh600160,6653,14498,0
sz000099,0,0,0
sz300386,45476,44936,13468
sz002595,0,0,0
sh600236,0,0,0
sz300303,15008,0,0
sz002632,0,1209,0
sz300468,27211,16945,4571
sz300077,8681,11932,0
sh600063,0,0,0
sz002619,4879,1624,0
sh600386,0,0,0
sz300207,12486,0,0
sz002023,1000,0,0
sz002910,10605,3324,0
sh600535,10647,4392,0
sz002323,0,0,0
sh600482,0,502,0
sh601212,6740,5679,0
sh600586,0,3610,0
sh600153,18376,4292,0
sh600889,0,0,0
sh600867,1301,9224,0
sz002636,0,1001,0
sz300141,0,0,0
sz300708,9961,4299,0
sh603028,0,0,0
sh600243,0,0,0
sh600305,0,6793,0
sh603600,2058,0,0
sh600241,0,0,0
sz002547,69141,34939,4671
sz300266,0,0,0
sh600496,0,0,0
sh603938,1111,472,0
sz002672,0,0,0
sz000978,0,0,0
sh601628,20406,20478,0
sh601015,1516,9142,0
sz000797,0,979,0
sz300472,646,0,0
sz000066,130805,59098,0
sz300190,0,0,0
sh603966,0,0,0
sz002051,1325,792,0
sz002293,6071,0,0
sh600965,0,0,0
sz300566,625,0,0
sz300096,0,5608,0
sz000410,0,0,0
sh603227,0,0,0
sz002574,0,0,0
sh600099,0,0,0
sz300088,50905,20875,0
sh603668,0,0,0
sz300533,0,0,0
sh600336,0,2078,0
sh601225,139604,196160,2079
sh600754,6625,2720,0
sz002292,923,2641,0
sh600725,0,0,0
sz300249,0,0,0
sz300346,0,0,0
sz000667,55469,34015,0
sz000571,0,0,0
sh603928,0,0,0
sz300181,2122,11478,0
sz002481,1995,2000,0
sz002749,0,0,0
sh600000,47147,70015,0
sh600111,172888,243390,17489
sz002756,440,5404,0
sh603393,0,781,0
sz002250,0,0,0
sh600354,0,0,0
sz000039,9471,5547,0
sz000089,0,0,0
sz002806,461,0,0
sh603011,0,3000,0
sh601689,408,0,0
sz300083,9914,3903,0
sh600327,0,1420,0
sh601618,34156,20705,0
sz002253,0,0,0
sz002530,0,0,0
sz000061,0,0,0
sz300027,17410,33925,0
sh601777,0,0,0
sh600515,2027,1000,0
sh600333,85977,96826,10221
sh601058,0,18305,0
sz300279,0,3187,0
sz002061,15081,13514,1488
sh600050,556443,389491,0
sh603816,450,355,0
sz300127,0,982,0
sh601199,0,0,0
sh603813,0,500,0
sz002243,0,1588,0
sz002640,2444,4914,600
sz002315,0,0,0
sz002623,0,0,0
sh601326,0,3790,0
sz300487,1237,0,0
sz002413,1000,3020,0
sz000403,530,415,0
sz002100,0,0,0
sh603136,285,240,0
sh600837,11129,18471,0
sh601390,12239,28723,0
sz300529,0,0,0
sh603801,0,292,0
sh600141,4311,4484,0
sh603919,0,0,0
sz000971,32029,30081,0
sz300223,2110,3743,0
sz000996,21916,9902,642
sz002495,0,0,0
sh600527,2867,2095,0
sz002183,109090,78777,2933
sh603991,0,0,0
sh603383,598,225,0
sh600597,1717,16362,0
sh600470,0,2619,0
sz002111,0,0,0
sz300602,0,0,0
sz300637,0,0,0
sh603377,0,578,0
sz300684,0,0,0
sz002661,0,0,0
sz000048,0,0,0
sz300023,0,0,0
sh603789,0,0,0
sh603042,1160,0,0
sh600353,19403,55457,0
sz002561,0,0,0
sz002158,5008,6616,0
sz000751,20840,16029,0
sz300206,0,0,0
sz300736,0,0,0
sh603499,0,0,0
sh600997,3928,2851,0
sz002010,3696,4003,695
sz002274,2000,0,0
sh600362,83652,110697,3613
sz002750,0,1439,0
sz002378,10037,7278,0
sz002305,11065,9454,0
sh600116,0,1200,0
sz002392,0,0,0
sz002491,2697,6209,0
sz000869,292,1892,0
sz002626,1268,1374,0
sh601515,0,0,0
sh600569,53190,101154,0
sh600121,0,0,0
sz002256,0,0,0
sh603578,0,0,0
sz300128,28800,8628,3987
sz002630,0,1738,0
sz000790,0,1503,0
sh601377,8056,5481,0
sz002883,2469,1175,194
sz300337,0,0,0
sz300085,8895,25093,0
sh600792,0,0,0
sh600343,0,0,0
sh603517,0,1225,0
sh603188,679,0,0
sz000679,0,0,0
sz300317,642,0,0
sh603197,0,0,0
sz002138,766,0,1274
sz002389,0,3506,0
sz002309,0,787,0
sh603615,0,0,0
sz002057,0,0,0
sz300606,0,0,0
sh600053,0,470,0
sz000860,1429,1230,0
sh600628,0,0,0
sz000982,50807,55926,0
sh600875,3894,8107,0
sz002643,1411,2968,0
sz002718,0,0,0
sh600661,0,0,0
sz002671,0,0,0
sz002664,0,1719,0
sh603300,0,0,0
sz300100,0,0,0
sz000859,0,0,0
sz300132,0,0,0
sz300253,12880,2011,0
sh600926,7630,16133,0
sz000767,8949,0,0
sz300518,0,0,0
sz000717,66718,130314,0
sh600846,1038,7863,0
sh601108,37700,46583,955
sz300343,0,0,0
sh603128,1248,0,0
sz000534,0,0,0
sz300631,0,0,0
sh600859,1939,900,0
sz002205,0,0,0
sh600429,0,0,0
sh601163,0,0,0
sz000823,2930,9964,0
sh601677,0,0,0
sz300287,27759,13014,0
sz002180,0,501,0
sz000959,4523,10812,5352
sh600977,4449,1686,0
sh600149,0,0,0
sh600426,16713,42215,918
sh603477,16423,3433,0
sz300129,0,0,0
sz002484,4094,3077,0
sz300503,0,0,0
sh603729,0,0,0
sz002555,5201,1291,0
sh601678,2265,5457,0
sz300320,3596,0,0
sz002204,0,3000,0
sz300066,2111,0,0
sz000573,4331,12107,0
sh600543,0,0,0
sh601555,6572,2651,0
sh600319,17073,2397,0
sz300350,0,0,0
sh601106,3000,5000,0
sh600884,2638,9222,0
sz002695,0,0,0
sz300420,0,0,0
sh600857,0,0,0
sh603648,0,1630,1050
sh603288,1035,877,0
sh600094,0,0,0
sz002515,0,0,0
sz300717,300,0,0
sz300642,0,0,0
sz300540,0,0,0
sz002652,0,0,0
sz300348,6003,0,0
sh603110,0,487,0
sh603776,215,298,0
sz002352,0,580,0
sz000672,119225,156334,6417
sh603038,0,0,0
sz300110,9277,17483,800
sh603980,5585,1272,0
sh600479,0,0,0
sh603229,680,16243,0
sz300345,0,0,0
sz300593,0,0,0
sz000166,4245,3902,0
sz300033,15038,8188,474
sz000541,0,0,0
sz002145,3788,1998,0
sz000407,2004,6319,0
sz002024,311784,148953,6996
sh600152,0,0,0
sz300456,0,0,0
sh600738,0,0,0
sh603936,0,0,0
sh600231,14323,55115,0
sz300078,10355,3049,0
sh600260,17439,7284,336
sz300520,2847,0,0
sh603996,755,4771,0
sz002489,0,2800,0
sz002737,1772,2607,0
sz002463,5508,2605,0
sz000529,0,0,0
sz002856,9455,1887,343
sz002838,0,0,0
sh601933,111092,114918,2043
sz000665,0,0,0
sz300074,0,0,0
sh603008,724,1140,0
sz300295,0,1313,0
sh601898,8561,39012,0
sh603976,0,0,0
sz002782,0,0,0
sz000429,0,3290,0
sz000733,791,1023,0
sz000948,0,0,0
sz002349,1734,0,0
sz002200,0,0,0
sz002629,0,2180,0
sz000659,14822,51298,0
sh603099,0,0,0
sh603326,0,0,0
sz300407,3764,0,0
sh600576,0,1400,0
sh600233,0,0,0
sz000911,0,0,0
sh601899,881396,1150153,5668
sz300004,0,0,0
sz000819,0,0,0
sh600317,0,0,0
sz300527,0,0,0
sz300227,1300,0,0
sz002479,5160,4858,0
sz002343,907,778,0
sz000546,0,3203,0
sz002689,0,0,0
sh600548,0,0,0
sz002770,0,0,0
sz002786,6935,0,0
sz300539,0,0,0
sh600175,40431,12273,0
sz300723,25219,25067,3628
sh600981,0,1750,0
sh603881,8371,7271,284
sh603181,421,0,0
sz002742,32019,8305,0
sh601811,0,0,0
sz000587,54869,16518,0
sh600801,62618,115534,1552
sz002433,0,0,0
sz000004,0,2500,0
sh600750,886,1686,0
sz300377,90051,97632,5409
sh603689,2613,9602,0
sz000915,465,0,0
sz000722,0,0,0
sz002681,0,1389,0
sz002214,3945,0,0
sh601952,1056,2814,0
sz002500,13575,26058,0
sz000858,49959,61618,5197
sh600698,0,3601,0
sh600180,2775,0,0
sh600593,372,0,0
sz000419,0,0,0
sz000652,0,2510,0
sh600222,2142,0,0
sz002042,0,1273,0
sz002612,0,0,0
sz002734,0,0,0
sz000488,14961,46617,1455
sz000628,0,0,0
sh601339,0,0,0
sh603989,3253,5784,0
sh603039,0,0,0
sh603519,0,0,0
sh600033,0,0,0
sz002289,0,8756,0
sh600170,8023,6317,0
sz002347,0,0,0
sz002079,2001,11549,0
sz002417,2571,0,0
sz002006,0,0,0
sh600061,0,0,0
sz000887,2831,3938,0
sh601998,184056,225473,6282
sh601500,0,0,0
sz002161,14804,3165,0
sz000623,1002,6349,0
sh600978,1330,0,0
sz002526,2800,0,0
sz002326,0,0,0
sz000600,10386,9044,0
sz000957,0,0,0
sh600391,586,722,0
sh600072,1599,0,0
sz300427,0,1300,0
sh600406,21311,6157,627
sz002215,3457,1716,0
sh601020,0,0,0
sh601311,0,0,0
sz002320,7078,1197,0
sz300582,0,0,0
sz002184,0,0,0
sz300649,0,0,0
sh603990,0,0,0
sh600538,0,0,0
sh600749,500,1598,0
sh600967,891,3343,0
sz002860,0,0,0
sz002335,321,0,0
sh603557,0,0,0
sz300586,0,0,0
sz002824,0,0,0
sz002016,5649,4428,922
sz000701,2012,1509,0
sh600006,0,0,0
sh603665,0,0,0
sz002435,0,0,0
sh603001,0,0,0
sz002213,2659,0,0
sh600100,95774,51457,0
sz300658,0,500,0
sh600091,0,0,0
sz300370,3361,0,0
sz002505,4676,0,0
sz300322,0,1461,0
sz002536,0,0,0
sz002032,0,318,0
sh600958,3730,11666,0
sz000069,50785,62302,2048
sh600074,0,0,0
sh600691,7000,20963,0
sz002157,5587,5738,0
sz002283,0,6103,0
sh600990,600,777,0
sh600177,3691,0,0
sh600630,0,0,0
sz300130,10081,3816,0
sh600186,3600,4641,0
sh603035,987,0,0
sh603566,0,0,0
sh600096,1933,3139,0
sh600313,0,0,0
sz300367,12347,5234,0
sh600348,1776,34959,0
sh600601,7120,0,0
sz002235,99560,232496,10649
sz002819,0,0,0
sh600325,80797,103220,0
sh600648,0,932,0
sz002678,0,0,0
sz002793,0,0,0
sh603858,0,496,0
sz300508,0,0,0
sh603367,10585,12242,0
sh600654,2889,8150,0
sz300168,33372,6638,5526
sz002020,0,0,0
sz002030,0,0,0
sh603223,0,0,0
sz002895,741,677,0
sz002365,0,4263,312
sz300461,0,0,0
sh603538,0,0,0
sh600983,0,0,0
sh600218,0,0,0
sz002532,0,0,0
sz300118,0,0,0
sz300558,439,358,0
sz000975,11591,6329,0
sz002457,3857,967,0
sh600271,43673,32251,0
sz002303,0,0,0
sz300735,96513,79284,20192
sz300202,5278,4769,543
sh603660,325,924,0
sh600463,0,0,0
sh603268,1425,0,390
sh600396,0,0,0
sh600831,0,0,0
sz300720,677,874,0
sz300517,0,0,0
sz300553,0,0,0
sz002451,0,0,0
sz002752,6314,0,0
sz002736,1000,0,0
sh600522,92768,76494,1201
sh600662,0,0,0
sz300064,15465,6984,0
sz300465,120435,116772,13791
sh600398,0,0,0
sh600010,38386,142928,0
sz000065,629,835,0
sz002724,0,0,0
sh603958,0,0,0
sh601878,1360,8620,0
sz000913,0,0,0
sz000822,4798,6039,0
sz002143,7441,6448,1060
sz000815,0,0,0
sz002508,9248,11098,295
sz000538,3853,10068,342
sh603527,1176,0,0
sz000536,0,0,0
sz300435,0,0,0
sz300081,0,0,0
sh603722,388,753,0
sh601088,67997,99191,3330
sz300608,0,0,0
sz002039,0,0,0
sz002240,0,0,0
sh603727,0,0,0
sz002416,0,0,0
sz000548,1700,0,0
sz300479,0,500,0
sh603726,0,0,0
sz300199,3746,5205,0
sz000532,0,0,0
sz000918,1522,5633,0
sz000821,4361,2904,0
sz002164,0,0,0
sz002792,335,0,0
sz002198,0,0,0
sz300495,2184,0,0
sz000809,0,0,0
sz002538,0,2947,0
sh601607,5499,12554,0
sh600008,24635,27775,0
sz300584,0,0,0
sz002483,0,0,0
sh603637,0,0,0
sz002288,0,0,0
sh603269,4166,401,0
sz002120,0,0,0
sh603718,1000,0,0
sz002909,477,1119,0
sz002522,0,0,0
sz002058,609,0,0
sh600578,0,0,0
sz300041,0,0,0
sz300179,0,0,0
sz000550,0,0,0
sh600641,31272,19021,0
sz002090,0,0,0
sz002651,0,0,0
sz002306,0,0,0
sz002815,0,0,0
sh600497,126407,121185,0
sz002096,0,0,0
sz002747,0,0,0
sz300335,2538,603,0
sh601688,43984,48335,661
sh600477,1970,12297,0
sh600900,26090,8592,0
sz300001,0,0,0
sh600708,9944,9987,0
sz300497,0,0,0
sh600359,0,2000,0
sz300002,111847,102565,3584
sh600583,6897,22287,0
sz002867,1975,816,0
sh600658,0,0,0
sh600106,0,0,0
sz002660,2588,2239,0
sh603607,1018,257,0
sz002402,34300,15861,0
sz300589,0,500,0
sz002101,0,561,0
sh600565,8621,5444,0
sh603083,16603,16256,1718
sh600728,7845,4388,0
sz002360,0,0,0
sh601880,13053,0,0
sz000963,987,3124,0
sz002251,0,608,0
sz300513,0,0,0
sz300366,0,0,0
sh600993,646,511,0
sh600827,0,5118,0
sh600624,0,0,0
sz002399,0,0,0
sh600009,2926,4788,0
sz002172,0,0,0
sz002280,26705,11025,1480
sz002083,0,0,0
sh603997,0,0,0
sh600547,11836,13631,992
sh600382,0,2153,0
sh603757,0,0,0
sz002095,0,0,0
sz000017,0,0,0
sz300411,456,933,0
sz002680,1003,0,0
sz002128,4556,3585,0
sh600533,0,2228,0
sh600600,1417,2203,0
sh600225,0,0,0
sz300701,615,0,260
sz002432,0,0,0
sz000715,0,0,0
sh600288,0,0,0
sh603901,0,0,0
sh600558,2806,10800,0
sh600796,0,0,0
sh603311,0,0,0
sh600986,0,0,0
sz000793,44407,19890,1400
sz000727,73397,12071,0
sh600789,1378,0,0
sz002244,23767,13949,0
sz002919,20276,12720,317
sz000712,2926,0,0
sz002003,0,0,0
sz002690,2645,8101,0
sz300718,671,600,0
sz002830,0,0,0
sz002656,0,0,0
sz300577,0,0,0
sz000750,2361,6017,0
sz000544,0,1781,0
sz300238,0,468,0
sh603661,0,160,0
sz300418,19655,4440,0
sz000721,0,0,0
sh600156,0,0,0
sz000778,2778,9341,0
sz300354,0,0,0
sz300618,5054,5634,498
sz002078,15610,19749,0
sz300546,0,0,0
sh600606,732828,820644,10352
sz300431,75004,55857,15255
sh603866,0,681,0
sz300409,4262,8688,2152
sh603799,41194,44406,6442
sh603168,700,0,0
sz002177,13823,25214,0
sh603339,0,0,0
sh600183,55450,25253,2983
sz000519,0,2392,0
sh600067,10681,2041,0
sh603186,0,0,0
sz002831,4353,6838,0
sh600131,0,0,0
sz300019,0,1500,0
sz000955,1600,2000,0
sh600307,31264,60128,0
sh603716,200,0,0
sz002768,0,1030,0
sz300490,0,0,0
sh603161,0,0,0
sz002473,0,1000,0
sz300302,2150,2769,0
sz000962,0,2260,0
sh603906,0,0,0
sz002034,227,575,0
sz300706,1523,1404,150
sh600230,11231,14378,570
sz300209,587,0,0
sz002892,492,346,0
sz002011,0,0,0
sz002038,2108,4270,361
sh603717,0,0,0
sz002314,0,0,0
sh603066,0,0,0
sz300265,0,0,0
sz002339,7285,2306,1900
sh600467,0,0,0
sz000158,1946,9470,0
sz002448,0,1621,0
sz000949,2430,0,0
sh600860,0,0,0
sz300011,0,0,0
sh600740,51617,58746,0
sh601010,0,0,0
sz002801,0,0,0
sz002273,7325,16079,0
sz002076,0,0,0
sz002789,0,0,0
sz002906,8297,38653,2364
sh603809,834,401,0
sz300252,0,0,0
sz000400,2001,3639,0
sz000507,2048,1009,0
sh600351,0,2000,0
sh600487,41377,38510,5603
sh600249,5837,1825,0
sz002677,0,864,0
sz300133,1022,0,0
sz300719,0,0,0
sh600781,0,0,0
sz300562,0,0,0
sz000586,690,0,0
sh603178,0,0,0
sh603165,0,342,0
sz300226,2433,1312,522
sh601169,41146,42171,0
sz002202,11845,23572,0
sz000599,0,0,0
sh600316,0,705,0
sh600291,5261,9644,418
sh603305,0,0,0
sz300075,1385,0,0
sh600675,0,1620,0
sz002422,4208,5088,0
sh603628,0,0,0
sh600809,3701,5403,860
sz000902,2968,1000,0
sh603886,0,0,0
sz002685,0,0,0
sh600303,0,0,0
sh603616,1666,0,0
sh601801,1363,0,0
sh600961,0,0,0
sh600184,0,0,0
sh603101,0,0,0
sh600540,0,0,0
sz000863,0,0,0
sh600078,3049,0,0
sz300670,0,0,0
sz000718,37021,86941,2020
sz000617,0,0,0
sz300457,1316,2546,0
sz300397,0,0,0
sz002891,741,0,0
sh600779,6558,6919,0
sh600143,4616,16539,0
sz002321,195040,212735,30348
sz002384,4746,3851,335
sh600814,0,0,0
sz300188,2376,3485,0
sz300256,5493,0,0
sz300076,0,0,0
sh603067,0,0,0
sz000923,0,1176,0
sz300080,2000,0,0
sz300459,12108,7708,0
sh603798,0,0,0
sh603055,1322,0,0
sz002571,0,0,0
sz002140,1112,0,0
sh600322,0,2000,0
sh603058,0,0,0
sz300255,0,4121,0
sh603169,0,0,0
sz300122,7678,6277,505
sh603003,0,0,0
sz002300,0,0,0
sz300072,7194,10949,353
sz002659,0,0,0
sh600644,0,0,0
sz000683,8537,0,0
sz002658,0,0,0
sz300491,2435,5856,0
sh600828,0,0,0
sz000968,739,0,0
sh603939,0,0,0
sz300464,0,0,0
sh600798,0,0,0
sz300385,0,0,0
sh600326,12986,72648,0
sz000981,0,0,0
sh603177,0,0,0
sz002728,0,0,0
sz300711,6237,10235,398
sh601669,8502,9461,0
sz300117,0,0,0
sh603856,0,3006,0
sz000661,5789,2439,0
sz002290,0,0,0
sz300286,0,0,0
sh600587,0,0,0
sz000830,107386,74183,4434
sz002319,0,0,0
sh600155,2949,3932,0
sh603829,0,0,0
sz300245,1021,0,0
sz300204,0,0,0
sz002410,4352,514,0
sz001896,0,0,0
sz002921,17301,8546,3063
sh603569,0,0,0
sh603368,0,0,0
sz300151,0,0,0
sh600998,0,1096,0
sz000782,0,0,0
sh603329,0,41161,0
sh603000,11773,1136,0
sz002397,2000,0,0
sh603198,0,1089,0
sh600028,333702,403163,8086
sz300314,0,1604,0
sh601158,0,0,0
sz000603,833,0,0
sz300405,0,0,0
sz002675,0,0,0
sz300357,298,0,0
sh603626,0,0,0
sh600729,700,1073,0
sh600136,0,0,0
sz000666,0,3041,0
sz002577,0,0,0
sh600650,0,0,0
sh601336,39171,36569,2639
sh603218,0,0,0
sz300327,1457,425,0
sz300193,0,0,0
sh603555,0,600,0
sz300559,0,0,0
sh603089,759,0,0
sh600340,123696,102157,6891
sz000059,15791,51809,0
sz000537,12651,29122,0
sh600388,1000,3927,0
sz000710,0,0,0
sz300172,0,0,0
sz002282,0,739,0
sz300020,32688,23884,1066
sz002714,3081,3326,515
sh600615,0,0,0
sh603139,464,0,0
sz300162,0,0,0
sz000899,0,0,0
sz001965,3785,11888,1157
sh603180,77,262,0
sz002222,2417,3787,0
sh600277,28838,6508,0
sh603258,0,0,0
sh600108,0,13300,0
sh601718,0,1881,0
sz002518,0,800,0
sz002371,4730,1928,937
sz002071,7528,0,0
sz002766,14171,22613,0
sz000829,1099,0,0
sh600172,0,7238,0
sz002055,1513,1150,0
sh603678,0,500,0
sz002825,0,0,0
sz002002,9782,1681,0
sz300284,1000,0,0
sz000965,0,0,0
sz002663,42224,26598,0
sz000088,0,3481,0
sz002369,24550,302350,3385
sh601799,0,227,0
sh600290,2672,0,0
sh600959,0,0,0
sh601228,0,5296,0
sh600626,0,0,0
sz000796,0,0,0
sz000886,5546,0,0
sh603037,0,0,0
sz300413,389,5108,421
sz002132,2556,0,0
sz300641,0,0,0
sh603358,0,0,0
sz002239,0,0,0
sh600727,0,1185,0
sz002372,0,772,0
sz000705,0,0,0
sz002302,11277,34696,1715
sz002758,0,0,0
sh601028,0,0,0
sz300281,0,0,0
sh600315,501,1807,0
sh600446,127434,83863,7286
sz300092,0,0,0
sz002799,0,0,0
sz002062,0,0,0
sz002395,0,0,0
sh600883,0,0,0
sh600783,0,1662,0
sh603355,0,0,0
sz000739,0,0,0
sh603605,475,389,0
sz000651,197120,205191,21955
sz002499,0,0,0
sh600289,0,0,0
sh600760,21921,28651,2308
sh603167,0,3031,0
sz002513,0,0,0
sz000597,0,15175,0
sh600643,3430,9181,0
sz002088,0,0,0
sz002765,0,0,0
sz300661,137,326,0
sh603536,0,0,0
sz300438,0,995,0
sh600721,0,1000,0
sz300585,662,0,0
sz000657,1736,0,0
sh600452,497,1991,0
sz000626,0,0,0
sh600258,19888,21757,917
sz300601,300,0,0
sz300229,2178,3230,0
sz002510,1760,1888,0
sz002618,0,1799,0
sz002152,624470,527063,21986
sh600707,2159,5825,0
sz002110,33078,66083,4086
sh600757,0,0,0
sh600769,2138,0,0
sh603023,1372,0,0
sh603797,1775,0,0
sz002631,0,0,0
sz002529,664,650,0
sz300155,26043,3518,2376
sz002506,12477,25839,0
sz002124,0,1404,0
sh600080,0,7209,0
sh603041,962,0,0
sz002406,0,0,0
sz300091,1449,2487,0
sz002893,26098,42408,3436
sh600105,1729,0,0
sh603638,0,0,0
sz300124,2986,10807,0
sh600545,0,0,0
sh600523,0,0,0
sz002490,0,0,0
sz300163,0,0,0
sh600917,5937,8361,0
sz002181,2123,0,0
sz002616,2028,7518,0
sh600089,13573,40896,0
sz000670,10112,2335,0
sh601098,1010,1245,0
sz002848,5723,5882,0
sh603567,0,0,0
sz300716,0,359,0
sh600228,2020,0,0
sh601186,12688,9337,0
sz002807,0,3032,0
sz300616,0,0,0
sz002880,0,0,0
sz300709,372,503,0
sz300212,3682,2693,0
sh603286,400,0,0
sh601579,0,0,0
sz002796,0,0,0
sz000953,0,0,0
sz300025,1895,0,0
sz300012,0,0,0
sz000889,0,0,0
sz002723,0,0,0
sz000028,1882,1371,0
sz300136,131496,103270,20233
sz002027,73355,87171,4678
sh600890,13353,14710,0
sz002697,42728,17800,0
sz000977,41357,32569,801
sh601666,12139,34670,0
sz002917,687,2680,0
sh603855,0,0,0
sz002586,22733,12101,0
sz002654,3117,0,0
sz300340,648,2571,0
sh603585,0,0,0
sh600115,177398,172433,1234
sz002241,44458,30322,0
sz300583,0,0,0
sh603106,18169,82971,3625
sz300234,0,0,0
sz300591,0,0,0
sz002868,0,0,0
sh600161,0,1457,0
sh603322,975,0,0
sh600491,0,0,0
sz000993,0,0,0
sz300488,0,0,0
sz002188,0,0,0
sh600079,14700,39155,0
sh600311,0,0,0
sh603015,0,0,0
sh603998,0,0,0
sh600125,13523,14943,0
sz002270,0,0,0
sz300440,1448,1000,0
sz002091,0,0,0
sz002843,0,0,0
sz002899,981,0,0
sh601601,59502,63364,2186
sh601668,411884,531140,1585
sh601969,0,0,0
sz002641,0,0,0
sz000608,0,0,0
sh600797,96814,106474,12238
sz000961,27249,56485,0
sz002350,0,0,0
sh600820,1581,5014,0
sh601007,0,0,0
sh600868,9922,16590,0
sz300214,0,0,0
sh600589,0,0,0
sz300458,854,891,0
sz002035,506,321,0
sh600660,3889,4971,0
sz000049,0,913,0
sz002190,0,0,0
sh600866,0,0,0
sh603690,0,0,0
sh600679,0,0,0
sh600642,0,6898,0
sz002777,0,0,0
sz000157,10025,60119,0
sz002236,41693,43214,900
sz002354,8261,3756,0
sz002415,62233,57348,5910
sh600791,3708,1745,0
sh600215,0,0,0
sh600513,0,0,0
sz300647,0,0,0
sz002702,1842,3821,0
sz002174,0,2334,0
sh600323,900,2334,0
sz002808,0,0,0
sz300705,1152,412,0
sh600776,22193,10037,0
sh600076,0,0,0
sh600879,9570,3381,0
sh600892,0,1146,0
sh603993,1516222,1212938,121741
sz300596,0,0,0
sh600192,0,0,0
sz300693,0,0,0
sz300475,0,0,0
sh600027,13651,10994,0
sh600256,55817,134301,0
sh603031,0,0,0
sz002404,0,0,0
sz002614,3774,0,0
sh603226,0,0,0
sh603955,320,0,0
