sz300330,0,0,0
sh603638,0,0,0
sh603926,0,0,0
sz002050,7737,9340,0
sh601020,0,0,0
sh603568,0,0,0
sh600839,0,9310,0
sz002577,0,0,0
sz300428,0,0,0
sh600538,0,0,0
sz000877,18850,12667,0
sz000651,249403,298091,37403
sh600096,0,3277,0
sz002853,0,0,0
sz000911,0,0,0
sh600628,0,0,0
sz300700,2422,1550,190
sz002502,0,0,0
sz000678,0,0,0
sz300396,0,0,0
sh603012,0,0,0
sz000679,0,0,0
sh603077,0,27462,0
sh600969,0,0,0
sz300670,0,0,0
sz300235,0,0,0
sz002183,0,0,0
sz002093,0,0,0
sz000159,0,0,0
sz000685,1140,1186,0
sz000066,7208,4587,0
sh603197,0,254,0
sz000571,3000,0,0
sz002891,0,0,0
sh600705,21489,17778,0
sz000913,0,0,0
sz002837,0,0,0
sz002299,0,0,0
sz300149,723,5147,0
sz300096,0,0,0
sh603660,0,300,0
sh601018,0,15351,0
sz300118,0,0,0
sz002614,0,544,0
sz000576,0,0,0
sz002756,0,0,0
sz000048,500,0,0
sh603031,0,0,0
sz000686,2500,2730,0
sh603701,0,0,0
sz002425,0,0,0
sz300075,0,0,0
sz300320,0,5135,0
sh603089,0,0,0
sz000928,1999,2000,0
sz300144,0,1901,614
sz002419,7918,6006,0
sz300346,0,0,0
sz002174,4760,700,0
sh600101,0,0,0
sh600211,0,0,0
sh603707,0,0,0
sz300555,0,0,0
sz300003,2404,4863,0
sz300029,0,0,0
sz002922,1992,6090,594
sz300268,0,2015,0
sh603797,0,0,0
sh603067,0,0,0
sz300024,6150,1204,0
sh600379,0,0,0
sh600056,7686,5592,0
sh603117,4487,4225,0
sh600196,16477,17582,260
sh603663,0,0,0
sz002597,3842,4429,0
sz002695,0,0,0
sh600658,0,0,0
sz300244,0,1100,0
sz300360,0,0,0
sz002170,0,0,0
sz300013,1000,0,0
sz002246,0,0,0
sz000955,2003,1695,0
sh603501,437,1444,0
sh603111,0,1114,0
sh600229,0,0,0
sz000762,768,0,0
sz000791,0,0,0
sh601789,0,0,0
sz000921,1010,5340,0
sh600746,0,0,0
sh600017,0,4841,0
sz300267,99047,92572,0
sh600619,7336,0,0
sz000517,40020,24097,0
sz300458,0,0,0
sh600971,55509,63652,3012
sh603669,0,0,0
sz300056,0,0,0
sh601872,0,0,0
sh600735,0,0,0
sh600171,2791,0,0
sh600058,0,1482,0
sh601088,258992,259203,34316
sz000559,0,2600,0
sh600520,0,0,0
sz002909,0,618,0
sz300150,0,0,0
sz002068,2582,2001,0
sz000401,12276,8033,0
sz300271,6402,701,0
sz000828,0,1175,0
sz000413,11429,27532,0
sh603899,450,498,0
sh600217,0,0,0
sz002044,6415,11729,0
sh600415,0,0,0
sz002793,0,0,0
sz002028,1780,0,0
sz000690,7696,0,0
sh600689,0,0,0
sh600486,498,1332,0
sz300141,0,0,0
sz300018,0,0,0
sz300302,0,0,0
sz300717,0,0,0
sz002714,6833,11251,762
sh603283,993,3505,0
sz300653,0,0,0
sz300722,0,0,0
sh600325,116413,111287,1275
sz300285,857,1529,0
sz300306,0,0,0
sz300687,0,0,0
sh601928,1800,0,0
sz300547,0,0,0
sz000687,0,0,0
sh600833,993,0,0
sz300571,198,0,0
sh600871,10705,27303,0
sz000800,16159,16396,4555
sz300380,1264,0,0
sz000895,18417,38329,410
sh600076,0,0,0
sh600015,370931,194340,2106
sz002911,0,1258,0
sh600089,33429,47508,1118
sz002659,0,0,0
sz300480,0,0,0
sz300333,0,0,0
sz002276,0,0,0
sh601199,0,2200,0
sz002829,0,0,0
sz000923,0,742,0
sh603139,0,0,0
sz002304,9979,16442,1604
sz300446,0,0,0
sh603960,0,0,0
sh601001,29759,40018,0
sz000925,0,1906,0
sz002469,2157,18835,0
sh603838,0,0,0
sh600258,2145,3382,0
sh600110,14636,14457,1863
sh603009,39680,60755,12860
sh600422,0,0,0
sh600513,0,0,0
sz300649,0,354,0
sz002099,0,2000,0
sz002146,122850,127939,6987
sh600701,0,0,0
sz002289,0,0,0
sh600498,2980,1473,0
sz000932,203306,175320,15898
sh600420,2091,0,0
sh600819,0,0,0
sz000151,0,0,0
sh600888,0,2405,0
sz002601,72652,47572,3758
sz002505,0,0,0
sz002069,0,0,0
sh600277,2079,10036,0
sz002519,0,0,0
sz002400,0,3089,0
sz002818,0,0,0
sz002094,3427,3354,0
sz300112,0,0,0
sh601898,41898,21931,0
sh601838,0,764,0
sh600318,0,0,0
sh603679,0,0,0
sh601015,11379,4319,0
sh600219,32178,51372,0
sh600816,24774,7871,0
sh603556,0,0,0
sh603555,6732,0,0
sz000782,0,1808,0
sz000711,2570,3775,0
sh600933,0,0,0
sh600638,0,0,0
sz000338,74249,104294,0
sz002185,10947,66778,0
sh603637,0,600,0
sz300550,0,0,0
sh600965,0,4500,0
sz002052,0,0,0
sh600980,0,0,0
sh600463,0,0,0
sz300440,0,0,0
sz000028,225,2723,0
sz002088,0,0,0
sh600571,0,0,0
sz002025,1501,1654,0
sz300561,0,663,0
sz300270,0,0,0
sh600027,13828,22159,0
sz300442,0,0,0
sh600967,0,6198,0
sh600657,10897,2222,0
sh601003,75483,34195,1705
sh603977,0,0,0
sh600740,318052,334075,19615
sz000738,0,877,0
sz002335,0,0,0
sh600592,0,1799,0
sh600104,25896,49583,1421
sz000536,0,0,0
sz000407,0,0,0
sz002241,33725,68648,0
sh600375,0,4562,0
sz002467,0,0,0
sh600496,0,7660,0
sz000973,0,7962,0
sz002203,0,0,0
sz002197,0,0,0
sz300224,0,0,0
sz300142,1769,3966,0
sh603881,0,1693,0
sh600503,4217,0,0
sz002195,9174,14077,0
sz300429,0,0,0
sh600846,1163,3307,0
sh600739,9865,17891,0
sz002774,0,0,0
sh600758,0,2671,0
sz002106,0,0,0
sh600804,3514,9996,0
sh600891,0,0,0
sz002282,0,0,0
sz300387,0,0,0
sz300299,0,1500,0
sz002888,0,0,0
sh600120,15692,10391,554
sh601633,1447,1078,0
sz000920,0,0,0
sz002884,0,0,0
sh600401,0,13080,0
sh603002,0,0,0
sz000502,0,0,0
sh600313,0,0,0
sz000681,12180,16007,592
sh600175,8212,18126,0
sz300353,0,0,0
sh600232,0,0,0
sh600267,0,3880,0
sz300022,3153,0,0
sz002293,906,944,0
sz300209,0,0,0
sh600380,4650,4005,0
sh600511,584,1863,0
sh600198,3935,0,0
sh603869,0,0,0
sh603383,0,0,0
sh603222,753,4543,0
sz002871,0,0,0
sh603106,803,0,0
sz002214,0,0,0
sh601968,0,0,0
sz002623,0,0,0
sz002428,5399,6995,0
sh603985,0,0,0
sz000755,6350,6215,0
sh603039,0,190,0
sh603196,0,6880,0
sz300726,0,1000,0
sh603809,0,0,0
sz000670,0,0,0
sz002418,29565,4654,0
sh603158,0,0,0
sh603355,0,0,0
sz002839,115477,129586,17810
sz300275,846,0,0
sh603365,496,3228,0
sh600575,0,0,0
sz300399,0,0,0
sz000818,4051,4282,0
sz000505,2852,2403,0
sh603588,1844,0,0
sh603757,0,0,0
sz300043,0,0,0
sz002407,894,1930,0
sh601388,0,5887,0
sh603722,0,0,0
sz002144,0,0,0
sz002731,0,0,0
sh600209,1238,3008,0
sz002856,0,0,0
sz002438,0,1565,0
sh600213,0,0,0
sz002405,5982,9692,1082
sh600330,0,0,0
sz002281,4745,4783,0
sz002084,0,0,0
sh603711,0,476,0
sh600892,9617,2290,0
sh600601,0,0,0
sz300147,0,0,0
sh600315,3519,3285,0
sh600636,0,5786,0
sz000698,3625,0,0
sz002777,0,0,0
sz300044,2158,0,0
sh600744,0,0,0
sz000008,0,2322,0
sz002683,0,2106,0
sz002846,0,0,0
sz300648,2950,631,0
sh600623,19590,10882,0
sz002019,5983,6582,807
sh603938,0,0,0
sh600336,0,0,0
sz300009,2717,4107,0
sz300666,1018,4103,258
sz300608,0,0,0
sh603315,0,0,0
sz002811,0,0,0
sh601607,0,1337,0
sz300407,0,0,0
sh600850,0,0,0
sh600680,0,0,0
sz002775,0,0,0
sz002510,0,0,0
sh603937,588,1095,0
sh603328,0,0,0
sh603085,0,400,0
sz002860,0,0,0
sh603396,0,380,0
sz000058,0,0,0
sz002762,791,690,0
sz002503,0,0,0
sh600176,38866,44336,4896
sh600917,0,0,0
sz002537,4000,0,0
sz000526,0,0,0
sz300352,0,3762,0
sh600535,348,1795,0
sh603589,5717,5589,551
sh600699,4248,4312,0
sz000998,20916,28025,489
sz300522,0,0,0
sh600987,0,0,0
sz300212,4645,1462,0
sz300448,0,0,0
sh603368,0,291,0
sz002788,0,0,0
sz002618,0,0,0
sh600652,0,4659,0
sh603798,0,0,0
sh603936,0,0,700
sz300321,0,0,0
sh600508,7259,9001,0
sz002759,0,1000,0
sh600004,19494,20557,0
sz002138,1575,2349,0
sh600637,734,0,0
sz002424,1308,1668,0
sh600662,0,0,0
sz000801,0,2500,0
sz300310,0,0,0
sz002091,0,2060,0
sh600152,0,0,0
sz002724,0,0,0
sh600358,0,1773,0
sz300390,0,0,0
sh600299,1610,0,0
sz002779,0,0,0
sz000421,0,0,0
sz300581,0,0,0
sz300487,13865,15140,3271
sz000531,0,0,0
sh601390,49620,24584,0
sz000959,6677,0,0
sz002776,0,0,0
sz002267,0,0,0
sh603335,0,0,0
sh603766,2700,11685,0
sz002326,0,0,0
sh603366,0,0,0
sz002437,5285,51983,0
sh600400,0,0,0
sh601579,0,0,0
sz002008,15350,24317,214
sz000525,0,1899,752
sz300502,0,0,0
sh603816,821,680,0
sh600565,2717,10677,0
sz002284,0,1523,0
sz002820,0,0,0
sz300622,0,0,0
sz300619,0,0,0
sz000625,6548,15183,0
sz000728,1499,7237,0
sz002553,0,0,0
sz002100,0,1332,0
sz000883,0,0,0
sz002801,0,0,0
sh601012,307677,170013,16018
sz300737,6610,10103,0
sh600692,0,0,0
sz002288,0,2000,0
sh603025,0,391,0
sz000592,3461,3746,0
sz300652,0,0,0
sh600491,1100,0,0
sh600073,0,0,0
sh600353,0,0,0
sz300358,0,0,0
sz000567,2518,1075,0
sh603882,0,0,0
sh600867,1911,500,0
sz300272,0,0,0
sz000716,0,0,0
sz000627,0,1988,0
sz300191,0,0,0
sh601229,258128,238266,10094
sh603825,0,423,0
sz002307,3434,0,1076
sz002249,1835,9535,0
sh600297,0,2956,0
sz002546,0,0,0
sh603528,0,0,0
sz300295,0,880,0
sh600099,0,17024,0
sz002176,4231,5341,0
sh600527,0,0,0
sz002620,0,0,0
sz002149,0,0,0
sz002673,4828,3530,0
sz002200,0,0,0
sz300355,4263,9493,0
sz002450,80616,95154,3198
sz000786,54273,43203,3653
sz002446,0,0,0
sh601718,2000,2218,0
sz002487,0,0,0
sz300466,0,0,0
sz300506,0,0,0
sh600284,0,2844,0
sz002617,3350,0,0
sz000409,0,0,0
sz300296,4641,12121,819
sz300233,0,0,0
sz002480,0,0,0
sh600282,427586,373310,6217
sz002027,86166,111968,5227
sh603007,0,0,0
sh600166,9704,32878,0
sz002574,0,0,0
sz300567,113,109,0
sz300420,0,2007,2007
sz300712,500,1302,0
sz300054,0,1030,0
sz300636,0,0,0
sz002527,0,0,0
sz300301,0,0,0
sz002798,0,0,0
sh600618,0,0,0
sh603661,0,0,0
sh603728,0,0,0
sh600781,0,0,0
sh600576,0,0,0
sz002751,274,285,0
sh603778,0,0,0
sh603889,3023,0,0
sz002599,0,0,0
sz002036,0,0,0
sz300269,0,1090,0
sh600603,1297,5166,0
sh600131,0,0,0
sz002228,0,0,0
sh600540,0,0,0
sh603898,0,0,0
sz002007,2932,9352,0
sh603737,0,0,0
sz300513,408,0,0
sz002919,2011,801,0
sh600100,1434,5605,0
sz002080,8344,13758,1191
sz300111,0,0,0
sz000780,2527,10669,0
sz002311,1017,547,0
sz300597,0,0,0
sz000043,0,1200,0
sz002827,0,0,0
sz002454,0,0,0
sh601233,15028,15339,460
sh600824,0,0,0
sh603178,0,0,0
sz002253,0,0,0
sz300686,0,0,0
sz300068,5653,4352,0
sz000837,0,0,0
sh603157,13472,12477,2746
sz000829,0,0,0
sz300447,0,0,0
sz002668,0,0,0
sh600327,0,0,0
sz300140,0,0,0
sh601996,0,3005,0
sh600713,0,4468,0
sz002247,1000,0,0
sh600195,701,0,0
sz002414,0,1350,0
sz300155,0,0,0
sz300400,860,0,0
sz000632,0,0,0
sh600622,0,4428,0
sz000630,283278,368077,0
sz002590,0,0,0
sz002369,6011,16896,0
sz000659,0,5000,0
sz002336,2101,2968,0
sh600193,6015,0,0
sz002486,0,0,0
sh600796,0,0,0
sz000788,0,0,0
sh600691,16996,14751,0
sz002363,0,0,0
sz002733,0,0,0
sz300517,0,0,0
sz002514,0,0,0
sh600130,31358,20623,0
sz002318,0,2798,0
sz300243,0,0,0
sz002151,1628,4862,0
sh600814,0,0,0
sh600530,0,0,0
sh600095,0,0,0
sz002497,1008,6965,1246
sz000856,772,1461,0
sh600133,0,0,0
sz300520,0,0,0
sh600035,5005,25304,0
sz300613,0,0,0
sz300384,0,0,0
sh600021,0,0,0
sh600106,0,0,0
sh600029,791617,545034,41595
sz002440,27230,15539,1475
sz002547,22661,23104,1397
sz300456,0,300,0
sh600036,214783,188119,22558
sh601155,75616,44887,2788
sh600382,817,2150,0
sh600476,0,0,0
sz300218,0,0,0
sh600037,0,0,0
sz002513,0,0,0
sz000922,0,0,0
sz300382,5592,1118,790
sz002184,0,0,0
sh603617,0,0,0
sh600301,0,0,0
sz300617,0,0,0
sz000890,0,0,0
sh600777,5018,0,0
sz300094,2000,3030,0
sz300430,0,0,0
sh600726,0,0,0
sz000977,1428,1434,0
sz002551,0,0,0
sh603919,679,0,0
sz000417,0,0,0
sz300451,0,0,0
sh600316,0,0,0
sh600143,0,0,0
sh603298,0,0,0
sh600536,0,2665,0
sh600061,0,878,0
sh600831,0,0,0
sz002391,0,0,0
sh600978,0,3119,0
sh600725,0,0,0
sz002696,0,0,0
sh600895,0,0,0
sh603677,0,0,0
sz000980,4502,0,0
sh601006,147762,109834,0
sz002855,0,0,0
sz002877,0,0,0
sz000090,0,2430,0
sh600841,0,0,0
sh603277,0,0,0
sz002274,0,0,0
sh601799,488,0,0
sz000936,0,3700,0
sh600887,228634,284782,26815
sh600683,0,0,0
sz300123,0,0,0
sh603063,0,0,0
sz002883,0,0,0
sz002140,0,1461,0
sh600872,6992,2770,0
sz000885,0,2820,0
sh603768,0,0,0
sh600604,3920,0,0
sz300185,5001,5325,0
sh600406,3513,23589,1459
sh600708,8182,9277,0
sh600159,0,0,0
sz000620,0,0,0
sz000882,4809,0,0
sz300465,0,0,0
sz000423,1812,5887,294
sz002817,0,0,0
sh600186,34869,83852,0
sz300620,0,0,0
sh603359,0,0,0
sh603108,5589,909,0
sz002038,1666,4524,0
sz002638,6641,5012,0
sz300230,0,0,0
sz300460,0,0,0
sh601801,0,13040,0
sz000551,0,0,0
sz002780,664,0,0
sz300583,0,0,0
sh600990,426,0,0
sz002123,1742,0,0
sz002158,0,0,0
sz000610,0,0,0
sh600748,0,0,0
sz000897,0,0,0
sz000539,0,0,0
sz002812,137,400,0
sh603567,0,0,0
sh600847,0,0,0
sz002554,0,0,0
sh600822,0,0,0
sz002686,1151,3304,0
sz002157,28093,23228,0
sz000561,0,0,0
sh603906,0,0,0
sz002557,0,0,0
sh600668,0,0,0
sz000717,364596,333148,17807
sz300515,0,0,0
sh603083,0,0,0
sz300342,0,0,0
sz002723,887,0,816
sh600161,2501,3189,0
sz000166,21571,27459,0
sh600753,0,0,0
sh603939,0,870,0
sh600761,0,0,0
sz002034,0,287,0
sz300033,6542,4994,220
sz300558,0,0,0
sz002295,0,1000,0
sh603496,0,0,0
sh603980,0,600,0
sh600202,0,0,0
sz300211,0,0,0
sz300006,2077,0,0
sh600360,0,0,0
sz002347,0,0,0
sz300624,6621,6088,709
sz002269,0,0,0
sz002204,0,0,0
sz300499,0,0,0
sh600898,1669,0,0
sh600868,93758,170093,0
sz002218,2835,8392,0
sz300231,0,0,0
sh600510,0,0,0
sz002561,0,0,0
sh600118,0,2631,0
sz300263,0,0,0
sh601016,0,4002,0
sz300538,0,0,0
sh600480,0,821,0
sh600168,0,0,0
sz000723,0,1866,0
sz300082,0,0,0
sz300336,0,2204,0
sh600231,81766,30228,0
sz300697,945,5343,0
sz000993,0,0,0
sz000695,0,0,0
sz000506,0,0,0
sz300079,6826,7000,0
sh603848,0,0,0
sz000962,0,0,0
sz300518,0,0,0
sz000968,0,889,0
sh603628,0,0,0
sz002242,0,989,0
sh603606,0,0,0
sz000776,118085,106313,1753
sh600640,3512,1646,0
sh600642,8287,10234,0
sz002236,25021,27251,1964
sz002896,0,0,0
sz002126,0,1200,0
sz002109,0,2802,0
sz300560,0,0,0
sz002658,0,0,0
sh601366,0,0,0
sh600493,0,0,0
sh600448,0,2797,0
sz002362,0,513,0
sz002483,0,0,0
sz300379,0,0,0
sz300138,0,0,0
sz000528,11216,2824,0
sz300053,2963,8809,0
sh600836,0,0,0
sz002881,650,0,0
sz300376,3491,1721,0
sz300153,0,0,0
sz002060,0,0,0
sh603676,13859,22485,6407
sz002394,0,0,0
sh600926,90841,34594,3983
sz300592,0,0,0
sz300207,1201,0,0
sz002460,9073,14992,1404
sz300260,0,0,0
sz300194,0,0,0
sz002535,0,0,0
sh601599,0,0,0
sh600328,0,1352,0
sh603909,0,0,0
sh603398,0,0,0
sz300398,803,1901,0
sz300713,0,0,0
sz000611,0,0,0
sh603789,1075,0,0
sz002745,0,0,0
sh600707,24071,1253,0
sh601985,8242,24484,0
sz002864,0,0,0
sz002376,916,0,0
sz002067,20726,12757,0
sh601952,46424,38157,3024
sz002841,0,0,0
sz002608,0,0,0
sz000537,12130,23973,663
sh600079,5416,3316,677
sh603020,6700,0,0
sz000712,1722,10753,0
sh600560,0,0,0
sh600160,52509,21249,0
sz002649,0,0,0
sz000978,0,0,0
sh600275,0,0,0
sz002889,0,0,0
sh600082,0,0,0
sh600279,0,0,0
sh600218,0,0,0
sz002588,0,3917,0
sz000001,791386,635556,23548
sz300085,0,0,0
sh601858,0,0,0
sz300695,0,0,0
sz300319,0,0,0
sh603721,0,0,0
sz002322,804,889,0
sh600673,91857,48031,0
sz300350,0,0,0
sz000892,0,0,0
sz300413,2804,413,0
sz002329,0,8928,0
sz000070,0,0,0
sh600060,12419,10227,818
sz002591,0,0,0
sz000418,641,797,0
sz300062,1841,0,0
sz002637,0,1161,0
sh603103,3287,2429,0
sh600834,0,0,0
sh603177,0,0,0
sz002110,87109,55362,4402
sh603901,0,0,0
sz300365,0,344,305
sz300102,18918,0,0
sh603456,2483,12002,0
sh601500,0,0,0
sz300433,953,5267,0
sh600429,0,0,0
sz002220,0,0,0
sh603928,0,0,0
sz000488,214455,108415,3496
sz300077,6736,9711,3471
sh600105,0,0,0
sz000596,4375,4178,0
sz002445,5843,2637,0
sh600808,462865,538089,14801
sh603883,0,0,0
sz000553,903,3377,0
sz002562,4371,9292,0
sz300182,16086,6966,0
sz000826,4915,8788,0
sz000617,0,0,0
sh600585,196667,177887,13104
sz002155,0,1710,0
sz002572,3312,9289,0
sh600188,98718,117979,4992
sz002001,22173,17945,2375
sz002771,0,0,0
sh600649,0,0,0
sh600559,4753,10740,0
sz002840,3941,4974,0
sh600356,0,0,0
sh600067,1697,0,0
sh601689,0,1497,0
sh601163,0,0,0
sh600521,2130,1671,0
sh600249,0,0,0
sz000863,0,0,0
sh600782,299024,213071,7474
sz000005,0,0,0
sh600747,0,0,0
sh600016,696015,479806,4477
sh600718,4091,3408,0
sz000045,0,0,0
sz002603,0,1600,0
sz002786,0,0,0
sz000518,0,0,0
sh600028,1046613,923381,28764
sz002201,0,0,0
sz300257,969,754,0
sh600639,0,0,0
sh601238,15893,6639,0
sh603535,0,500,0
sz002533,2500,0,0
sz300459,1100,0,0
sh603855,0,0,0
sz300023,0,0,0
sh603166,0,0,0
sh600097,0,0,0
sh600973,0,0,0
sz300217,0,0,0
sz300357,450,0,0
sz300391,0,0,0
sh601717,0,4903,0
sh603477,11831,20944,0
sz002598,0,0,0
sz002639,0,0,0
sz002291,0,0,0
sh600876,0,0,0
sz002635,2441,6835,0
sh600391,0,0,0
sz300065,0,1904,0
sh603803,0,0,0
sz002895,10915,10939,0
sz002676,35396,26366,0
sz002411,6365,1458,2664
sz002127,800,6697,868
sz002026,0,0,0
sh603123,0,0,0
sz000809,0,0,0
sz002389,0,1515,0
sz000915,500,4009,0
sh603861,0,0,0
sh601108,34150,17293,625
sh600291,5590,3988,0
sh603305,0,0,0
sh603813,3668,913,0
sh601139,3007,0,0
sz002270,0,0,0
sz002441,0,0,0
sz002496,0,4574,0
sh600742,968,760,0
sz300203,5220,3355,0
sz300445,0,0,0
sz002823,0,0,0
sh600977,5427,1430,0
sh601100,1258,404,0
sz300732,0,1147,0
sz002317,0,0,0
sz000014,0,0,0
sh600386,0,0,0
sh603619,968,2080,311
sz000063,247277,215568,20174
sh603168,0,0,0
sz002522,0,0,0
sz002660,0,0,0
sz002783,0,649,0
sh600052,0,0,0
sz002107,0,0,0
sh600606,255642,217866,14543
sz000622,0,0,0
sh603639,0,289,0
sh600235,0,0,0
sz300016,0,810,0
sh603665,0,0,0
sz002262,0,1002,0
sh603648,0,581,0
sz002415,52514,66870,2302
sz002563,13650,3733,0
sz002797,53879,26701,1178
sh603678,641,468,0
sh603069,0,0,0
sz000498,0,0,0
sh600757,0,0,0
sz000726,0,0,0
sh603036,0,0,0
sh601158,0,0,0
sz300035,0,0,0
sz002717,0,0,0
sz002277,0,0,0
sz002826,0,0,0
sz002792,802,0,0
sh603993,294233,282110,5609
sz300554,0,656,0
sz000725,1845964,1436310,13537
sh601375,0,0,0
sz000425,218047,153026,0
sz300377,0,5964,0
sh601611,1402,0,0
sz300579,0,0,0
sz300093,0,0,0
sz002092,31027,22543,0
sz000631,2529,2567,0
sz300201,0,0,0
sh601128,25497,26485,1531
sz300234,0,0,0
sh601010,0,0,0
sz000816,35145,17904,0
sz300516,0,670,0
sz002385,25672,11396,2379
sh600714,0,0,0
sz000735,50621,60147,2028
sz002642,0,0,0
sh600605,0,0,0
sz002897,0,0,0
sh600222,0,0,0
sz002680,0,0,0
sz300101,9700,2307,0
sz002095,328,976,0
sz300015,4799,7411,483
sz000811,0,0,0
sz002539,0,0,0
sz002330,5909,0,0
sh600958,6261,6199,0
sz000428,0,0,0
sz002222,800,0,0
sz002600,6121,5112,0
sh601878,1433,3953,0
sz002243,0,0,0
sz000888,3814,0,0
sz002314,2010,1867,0
sh600785,0,0,0
sz000990,0,775,0
sh603900,0,0,0
sh601727,0,3978,0
sh601800,44085,13038,705
sz300591,0,0,0
sh601168,14670,23934,0
sh600064,0,1818,0
sh600615,0,0,0
sh600675,0,2552,0
sh600572,0,0,0
sz300045,0,0,0
sz000637,0,0,0
sz002506,6661,14984,0
sh603269,912,0,0
sh603299,0,0,0
sh600894,0,0,0
sz300565,0,0,0
sz300628,298,218,115
sz000899,0,0,0
sz300283,0,0,0
sz300525,0,0,0
sz000065,0,0,0
sh600388,5285,4907,0
sz002035,901,2572,0
sh600292,2444,0,0
sz002760,6025,0,0
sz002747,0,0,0
sz002882,0,0,0
sz000599,1900,0,0
sz300401,8919,12803,558
sz000850,0,0,0
sz002462,0,0,0
sz002360,0,0,0
sz300438,0,0,0
sh601798,0,0,0
sz300716,0,999,0
sz300618,5276,6133,1217
sz000420,0,6500,0
sh600396,0,0,0
sz002051,0,624,859
sh601368,0,0,0
sh603703,900,0,0
sz300404,0,0,0
sz002641,0,0,0
sz002918,0,665,0
sh600276,11830,20558,1643
sz002215,5299,2092,0
sh603538,0,0,0
sz002540,8174,2402,0
sz300539,0,0,0
sz002752,0,0,0
sz300437,0,0,0
sz000852,0,0,0
sz002041,0,0,0
sz000751,6189,18840,0
sz300057,0,0,0
sh600456,1664,583,0
sz300611,0,0,0
sz002014,0,0,0
sz300637,0,0,0
sz000836,19085,18475,0
sh603968,0,0,0
sz002342,0,0,0
sh603558,0,0,0
sz300252,0,0,0
sz300300,903,807,0
sh603819,0,0,0
sz000969,0,0,0
sz001896,0,0,0
sz300265,0,0,0
sh601113,0,2703,0
sz002020,0,0,0
sh600113,0,0,0
sz000881,0,0,0
sh603306,0,421,0
sh600500,6791,12796,0
sh603016,0,1058,0
sz000739,0,0,0
sz300008,0,0,0
sz002178,103096,53202,12695
sz002544,6572,4230,0
sz000795,0,2300,0
sh603799,59634,76184,10629
sz000523,0,0,0
sz300719,0,0,0
sh600518,2333,7756,0
sh600025,12814,72814,4593
sz002049,9005,8586,885
sh600716,3909,0,0
sh600408,0,9267,0
sh600319,5229,1184,0
sz002627,0,0,0
sh600612,358,396,0
sz000995,0,0,0
sz000039,6449,8533,0
sz002476,0,0,0
sz002444,1021,2094,0
sz002042,1600,0,0
sz002648,3050,9047,619
sh600674,2000,22601,0
sz002701,0,28795,2985
sh600830,8976,29170,0
sz002796,0,0,0
sh603767,0,0,0
sz002339,0,0,0
sz300736,379,0,0
sh600481,3005,3628,0
sz002120,0,780,0
sh600132,0,490,0
sz300309,852,0,0
sh603601,0,0,0
sz000677,0,0,0
sh603288,541,1078,0
sz002401,0,0,0
sz002654,0,0,0
sh603997,1302,0,0
sh603055,0,932,0
sh600864,0,2474,0
sz300216,27710,130845,3398
sz002180,0,0,0
sz002482,0,0,0
sz300692,0,0,0
sz002671,0,0,0
sz000792,36117,47332,1315
sz000593,0,0,0
sz300542,0,862,0
sh600851,22238,12843,0
sz002632,0,0,0
sh601882,0,0,0
sz300668,180,464,0
sh603696,0,0,0
sh603388,0,0,0
sh600677,0,0,0
sz000783,0,12287,0
sz002651,0,0,0
sh600311,0,0,0
sh600197,2867,11540,0
sz002571,0,0,0
sh601998,357166,185549,1483
sh603626,0,0,0
sh603019,14662,39574,1329
sh603320,0,0,0
sh600460,76839,55467,4315
sh600552,0,1457,0
sh600062,500,500,0
sz002836,0,0,0
sz002350,0,0,0
sz300669,0,0,0
sz002624,0,0,0
sz002863,917,6313,0
sh600710,0,0,0
sh600988,3861,10092,0
sh600372,0,0,0
sh600343,0,0,0
sz002090,0,0,0
sh603515,623,0,0
sz000568,39290,54492,6293
sh601098,11258,1753,0
sz300623,0,0,0
sh600900,34510,13005,0
sz002800,0,647,0
sh603615,0,0,0
sz002310,7616,9468,0
sh600238,4690,3063,0
sz002338,0,0,0
sh600528,2562,3383,0
sz000408,6890,1202,0
sz002471,0,0,0
sz000597,3593,2499,0
sz002191,0,3940,0
sh600366,626,653,0
sh600172,0,0,0
sh600608,0,0,0
sh601116,594,0,0
sh603318,0,0,0
sh600805,0,0,0
sz002387,0,3534,0
sz002217,44503,34746,0
sz002873,0,0,0
sz300193,0,0,0
sz300362,0,0,0
sz300132,0,0,0
sh600479,2914,0,0
sz002708,0,0,0
sh600655,1134,10452,1050
sz002501,0,0,0
sz002908,795,709,879
sz300341,0,0,0
sz300078,0,0,0
sz002273,6358,10773,0
sh600775,0,0,0
sz002564,0,0,0
sz002732,0,0,0
sh601002,4110,28171,0
sh603180,0,0,0
sh600976,0,479,0
sh600684,15136,14304,0
sh600589,0,0,0
sh603110,0,0,0
sz002115,0,0,0
sz000068,0,0,0
sz000032,0,0,0
sz000937,58755,28567,2806
sh600837,23408,18624,1543
sh601186,111088,82533,2740
sz300422,0,962,0
sh603393,0,0,0
sz002675,0,1212,0
sz300315,24432,15470,0
sz000608,14368,18735,0
sz002542,0,0,0
sh600738,0,0,0
sz300604,0,296,0
sz002802,0,0,0
sh600039,0,0,0
sh600397,0,0,0
sh600512,5875,3942,0
sz300135,0,4000,0
sz300439,0,0,0
sh600262,0,0,0
sh603517,0,0,0
sh600242,1000,0,0
sh600312,1207,0,0
sh603203,0,0,0
sh600241,0,0,0
sh601117,43307,25497,0
sz002258,2208,2773,0
sz300505,0,0,0
sh600537,0,4010,0
sz002634,0,0,0
sz300718,751,792,520
sz002679,0,0,0
sz002670,2021,1451,0
sz000886,43185,35059,0
sz002763,0,0,0
sz002843,0,0,0
sh603488,45951,8163,4758
sh603003,0,0,0
sh603685,0,0,0
sz002234,0,0,0
sh600345,419,0,0
sh600853,0,0,0
sh601377,20055,43674,0
sz000652,0,0,0
sh601628,65261,56340,3315
sz300463,2265,3317,0
sh600333,2070,2185,0
sz002416,0,0,0
sz000667,9201,11560,0
sh603444,0,0,0
sh600495,0,0,0
sz002380,0,0,0
sh601211,23657,15824,1487
sz300175,0,0,0
sz000948,0,0,0
sh600201,3375,9947,404
sh600555,4358,3002,0
sh603066,0,13307,0
sz300374,0,0,0
sh601636,63440,62445,0
sz002325,0,0,0
sz300681,0,0,0
sz300414,0,0,0
sz000752,1000,0,0
sz300019,0,0,0
sh600617,0,0,0
sz300573,0,0,0
sh603903,0,0,0
sz000042,758,0,0
sz002707,950,0,0
sz002899,0,0,0
sz002489,3107,9426,0
sz300575,0,319,0
sh603859,0,0,0
sz300359,0,0,0
sh600251,0,0,0
sh600075,2244,0,0
sz002117,0,0,0
sz300347,894,1754,0
sz000868,17049,28235,0
sz300297,0,0,0
sz300349,1231,384,0
sz002481,2798,5371,0
sz002691,0,0,0
sh603321,0,0,0
sh600802,1600,0,0
sz000572,0,0,0
sh600215,0,0,0
sz300076,0,0,0
sh603086,0,0,0
sz002417,0,0,0
sz002548,0,0,0
sh600770,3198,1600,0
sh600815,0,0,0
sz300007,0,0,0
sh600863,0,5000,0
sz000025,0,0,0
sz002878,0,0,0
sh603878,0,0,0
sh603633,0,0,0
sz000595,0,2471,0
sz300586,0,0,0
sh600256,9691,30856,0
sz300639,0,0,425
sz300720,0,0,0
sz300351,0,1000,0
sz002455,0,0,0
sz002421,0,0,0
sh600018,120051,77242,2102
sz002478,0,0,0
sh603011,1068,0,0
sh601106,3058,0,0
sh600489,5770,22742,0
sh600551,0,0,0
sh603127,0,0,0
sh601881,26070,20244,1147
sz002586,0,0,0
sh603200,0,0,0
sz300036,0,0,0
sz300535,0,0,0
sz000411,0,0,0
sz002351,1978,2662,0
sz000573,0,0,0
sh603118,0,0,0
sz002134,5500,0,0
sz002473,3068,0,0
sz000732,60703,45760,3349
sz002773,227,1252,0
sh600271,37194,26966,9007
sz000676,1075,0,0
sz002328,0,0,0
sh603655,1881,4853,0
sh600206,3804,8152,0
sh600828,0,0,0
sh603113,510,0,0
sh600119,0,0,0
sh600598,31979,53324,5947
sz300288,721,1652,0
sz300274,11780,27888,1046
sz300721,532,0,0
sz300190,0,0,0
sh600825,0,2000,0
sh600578,0,0,0
sz002261,1667,1796,0
sh601101,30987,18972,0
sz300415,0,0,0
sz002334,0,2050,0
sh603081,0,536,0
sz300706,0,0,239
sh603380,0,0,0
sz300180,500,0,0
sh600057,0,0,0
sh600516,152167,172273,13094
sh603258,0,0,0
sh600961,0,0,0
sh600741,35966,42667,393
sh600030,833439,703373,44353
sz000987,0,0,0
sz300512,0,0,0
sz300467,0,317,0
sh600111,16832,24902,1088
sh603860,0,0,0
sh600483,0,0,0
sz002230,31942,44782,4508
sz300228,0,0,0
sz000697,551,914,0
sh603056,156450,149390,28762
sh601228,0,0,0
sz300164,1885,0,0
sz002757,0,1300,0
sz300343,7332,12082,0
sh600237,0,0,0
sh601901,0,3274,0
sz002152,12816,17504,0
sh603338,437,361,0
sh601666,235178,162617,7332
sz300601,255,350,0
sz300136,15511,34801,3103
sz300322,0,0,0
sz300432,0,0,0
sh600693,2977,0,0
sz002145,2407,0,0
sz300183,733,0,0
sh600446,1000,0,0
sz000778,23760,11749,0
sz000810,0,0,0
sz000861,0,0,0
sh601166,1400796,1112341,33693
sh600724,0,0,0
sz000027,0,0,0
sh603726,0,388,0
sh600300,0,0,0
sh600667,0,26293,0
sz002857,0,0,0
sh601179,0,4562,0
sz300405,0,0,0
sz002233,0,2101,0
sz002137,0,0,0
sh603183,0,0,0
sz002718,0,0,0
sh601958,25176,22267,0
sz000557,0,0,0
sz002567,2034,0,0
sh600801,58628,37693,1377
sz300368,0,0,0
sz002865,0,5186,0
sz002353,751,4659,0
sz000514,0,0,0
sh603322,0,0,0
sh600008,8719,53716,0
sh601222,14586,19139,0
sz000623,4408,3746,0
sh603128,0,0,0
sh601225,347332,279852,16216
sz000976,0,3156,0
sz000753,0,0,0
sz002687,1583,0,0
sh603788,654,0,0
sz002770,0,0,0
sh600466,20421,14202,0
sh600778,0,0,0
sh600966,81939,23023,2115
sz300488,0,0,0
sz300541,0,0,0
sh600070,0,0,0
sz002579,31135,1321,0
sh600843,0,0,0
sz002053,0,1321,0
sz000822,3126,1657,0
sh600597,2920,5557,0
sz300661,0,0,0
sz300650,0,0,0
sz300039,0,0,0
sh600467,0,0,0
sz002002,8387,1692,0
sz000635,0,0,0
sh600526,1342,0,0
sz000983,295068,230433,11286
sz300364,48718,43106,12173
sz000612,0,0,0
sz300627,0,0,0
sh600862,0,0,0
sh603218,0,0,0
sz000953,0,0,0
sh600326,3435,1422,0
sz000705,0,0,0
sz002715,55347,0,0
sh601688,116288,98349,811
sh600377,0,3736,0
sz300519,0,0,0
sz300553,0,0,0
sh600519,35831,40912,6945
sh600137,0,0,0
sz002636,800,0,0
sz002629,0,0,0
sz300241,0,0,0
sz000590,0,0,0
sz002456,49021,46986,3095
sh600321,0,0,0
sh600727,1686,1164,0
sz300585,0,669,0
sh600594,0,0,0
sz000767,0,5317,0
sz300070,32781,37385,804
sh600719,0,0,0
sh603038,0,0,0
sz300037,0,0,0
sh600671,1529,0,0
sh601226,0,0,0
sz300137,1540,1236,0
sh603955,0,0,0
sz002194,0,0,0
sz002139,1196,2539,0
sz000550,800,0,0
sh600403,0,2461,0
sh600259,1167,407,0
sh600549,11523,7575,0
sh603516,0,0,0
sh603856,1587,1578,0
sz000880,2125,0,0
sz300699,609,657,0
sh600629,0,1040,0
sz300475,0,0,0
sz002650,26937,4596,0
sz300534,0,0,0
sz300001,0,0,0
sz002023,1354,7163,0
sz002046,0,0,0
sh600970,96430,65128,2746
sh600756,0,0,0
sh603602,0,0,0
sz002104,0,0,0
sh600439,6625,4380,0
sz000985,0,0,0
sz000927,0,0,0
sh600385,0,0,0
sh600531,39127,76734,22007
sz300131,0,4058,0
sz000639,0,0,0
sz002819,0,0,0
sh600648,0,0,0
sh600654,21679,7671,0
sz002292,0,921,0
sz000918,2212,1426,0
sz002128,183723,128707,5305
sz000055,17357,27755,2017
sz002485,2667,1065,520
sh603725,0,0,0
sh600302,0,0,0
sz300679,0,126,0
sh600595,13062,5312,0
sh600433,0,0,0
sz000545,0,0,0
sz000999,1073,411,0
sh600820,0,1268,0
sz000736,8196,10281,1686
sz002643,0,1686,0
sh603260,5853,2904,887
sz002529,3028,0,0
sz000813,0,0,0
sz300511,0,0,0
sh600643,8978,13768,0
sz300677,2110,4982,0
sh600903,29688,18959,1523
sz300329,0,0,0
sz300641,0,0,0
sz300339,0,0,0
sz002352,1610,1941,0
sz002248,9457,0,0
sz002903,0,787,0
sz002337,0,0,0
sz300537,0,0,0
sz300030,0,0,0
sh601588,0,13878,0
sz002205,0,0,0
sz002125,0,0,0
sz300461,0,0,0
sz300088,10662,14338,0
sz300389,0,0,0
sz002386,0,0,0
sh603536,0,0,0
sz000669,4815,5436,0
sz000789,31328,48546,986
sh601899,2001993,1642186,18764
sh603659,983,4446,0
sz002516,0,0,0
sz002705,0,0,0
sh600216,10551,1762,0
sh600280,2009,0,0
sh601336,52049,38542,2558
sz002926,0,1212,0
sh601699,473173,446146,54678
sz300253,24245,18890,2168
sz002630,0,0,0
sz002492,0,0,0
sz000563,0,0,0
sz002808,0,0,0
sz300059,450920,358899,33529
sz000929,0,0,0
sh600383,32639,36076,0
sh600461,0,0,0
sz000603,2554,1693,0
sz300388,0,2212,0
sz300277,36422,29149,5882
sh600880,0,0,0
sz002769,0,998,0
sz300205,0,0,0
sz002631,0,0,0
sh600593,2152,355,0
sz002921,0,738,0
sz000002,120424,147147,14760
sh603839,0,928,513
sz002612,0,0,0
sz002009,1936,2208,772
sz002913,356,0,0
sh600340,73399,82314,6133
sh601127,600,672,0
sz000691,3562,0,0
sz300179,0,0,0
sz300730,0,426,0
sz002831,862,1628,0
sz000037,6000,0,0
sz300100,0,0,0
sz300104,0,0,0
sz002111,0,0,0
sh603779,0,0,0
sz300409,2548,832,0
sz002226,0,0,0
sz000785,0,0,0
sz000919,0,0,0
sh603817,0,0,0
sz002549,0,0,0
sz300533,0,0,0
sz002666,26201,1668,0
sz300727,1917,4852,2572
sz000513,3137,4697,186
sz300174,0,0,0
sz300027,188207,118597,10810
sz300631,0,0,0
sz000821,0,0,0
sh600236,20320,0,0
sz300124,8703,4011,1024
sh600507,107469,93137,6347
sh603466,827,16430,0
sh603970,2224,3042,485
sz002488,0,0,0
sh603029,0,0,0
sz300099,0,0,0
sz300087,0,0,0
sh600835,2892,1606,0
sz002900,0,0,0
sz002216,0,0,0
sz002006,0,0,0
sz002449,1377,0,0
sh600477,3471,1216,0
sh600543,0,0,0
sh603933,0,892,0
sz000893,16901,9505,0
sh600093,8196,9589,2673
sh603229,0,0,0
sh603017,0,0,0
sz000672,67879,63204,19561
sz300473,0,0,0
sz300590,0,0,0
sz000851,0,0,0
sz300725,284,656,0
sh601997,179062,149815,9464
sz300058,207312,256890,17109
sz002159,0,671,0
sh600698,0,5161,0
sz002518,0,0,0
sh600121,2001,2500,0
sz300606,0,0,0
sz002408,7940,2184,0
sz002156,1327,3264,0
sz300245,0,0,0
sh603877,1171,2538,0
sh601933,93409,128429,4331
sh600780,0,0,0
sh600557,0,0,0
sh601669,12459,16116,0
sz300543,0,0,0
sh600821,0,0,0
sz002377,0,0,0
sz300313,0,1310,0
sz000529,0,0,0
sh600239,42476,46778,0
sz002560,0,0,0
sz300242,0,0,0
sh603339,0,0,0
sz002681,0,0,0
sz002320,7706,3438,0
sz300229,0,0,0
sz002119,873,0,0
sz300308,224,748,202
sh600810,41562,61766,0
sz000538,3120,4346,230
sh600053,597,500,0
sz000657,0,865,0
sh600031,245547,190375,7261
sz300643,0,0,0
sz000965,1889,2809,0
sh600884,1266,2537,0
sz300282,1200,0,0
sh600563,812,259,0
sz000989,0,575,0
sz300249,0,0,0
sz002055,2000,0,0
sh600730,0,0,0
sh600732,0,0,0
sh600523,0,0,0
sz002097,1952,0,0
sz300200,0,0,0
sz000099,0,0,0
sh600192,0,0,0
sh600088,0,0,0
sh600548,0,0,0
sz002585,0,0,0
sh603133,0,0,0
sz300160,0,1997,0
sz300660,0,0,0
sz000708,4125,1000,0
sh603966,0,0,0
sh600393,28713,32746,0
sh603833,200,200,94
sz300508,0,0,0
sz002206,0,0,0
sh600509,0,0,0
sh603991,0,0,0
sz300385,0,0,0
sz300386,0,0,0
sz002287,0,0,0
sz300531,0,0,0
sz002726,0,0,0
sh600743,0,6493,0
sz300107,87516,89409,0
sz002169,0,0,0
sz002494,0,1276,0
sz002076,0,0,0
sz300739,0,0,0
sz002404,0,0,0
sz300723,0,2388,0
sz300106,2001,0,0
sz002237,1184,6530,1654
sh600583,32940,23437,0
sz300501,0,0,0
sh603329,8696,6897,626
sh603806,0,0,0
sh603580,0,0,0
sh601969,0,0,0
sz000860,1354,3138,0
sz000799,0,5024,0
sz300151,0,0,0
sz000607,0,0,0
sh601811,0,0,0
sz002824,0,0,0
sh603811,0,0,0
sh600854,0,0,0
sh600811,9106,7327,0
sh603429,13682,0,0
sh603223,0,0,0
sz002511,773,752,0
sz002912,2610,4162,437
sz000524,0,0,0
sh603165,0,0,0
sh600182,0,0,0
sh603577,0,0,0
sz300470,0,0,0
sh601818,1584906,946736,50074
sz002872,0,0,0
sz000971,0,775,0
sh601678,48345,5311,0
sz300378,0,0,0
sz300452,0,546,0
sz300449,0,0,0
sz002272,0,0,0
sz300011,0,0,0
sz000966,0,0,0
sz002920,0,1550,0
sz002182,0,0,0
sh601999,0,0,0
sz300546,0,0,0
sh600858,1318,1337,0
sh600146,58982,21235,1117
sh603377,0,300,0
sz300122,17483,19946,505
sz300158,0,765,0
sz000729,60268,16460,4543
sh603043,0,4774,0
sz000061,0,0,0
sz300335,900,0,0
sz300323,707,0,0
sz300251,116848,188497,21397
sh600817,0,0,0
sz000419,0,0,0
sz300114,0,0,0
sz300327,0,445,0
sz000961,10617,11822,0
sz300510,0,0,0
sh603507,0,445,0
sh601966,0,0,0
sh601038,0,0,0
sh603801,207,0,0
sz002753,0,0,0
sz300569,0,0,0
sz300483,0,544,0
sh603076,0,0,0
sz300066,0,0,0
sh600611,2197,18282,0
sz002555,0,1636,0
sz000400,1507,6971,0
sh600581,183165,188143,13379
sz000010,0,0,0
sz002011,0,2635,0
sz002688,0,0,0
sz002343,2722,1787,0
sz300367,0,951,0
sz300246,0,0,0
sz002074,4161,10551,0
sz000758,17506,21730,0
sz300148,26939,7731,0
sh600455,0,0,0
sz002048,902,500,0
sz300675,417,379,0
sz002665,1568,1730,0
sz002581,8004,6241,715
sz300500,0,0,0
sz002429,3681,0,0
sh600243,0,0,0
sz002791,0,0,0
sz300256,0,3544,0
sz000715,0,0,0
sh600750,0,3231,0
sh600081,0,0,0
sz002294,2601,304,0
sz002868,0,0,0
sz002767,0,0,0
sh603006,0,0,0
sz000587,92018,29793,0
sz000096,0,0,0
sz300236,489,572,0
sh600566,289,1366,0
sz002045,3222,7135,0
sh603233,0,250,0
sz300609,350,475,0
sz002018,0,2150,0
sh603609,0,0,0
sz000682,0,0,0
sz000020,0,0,0
sz300474,211,685,0
sh600697,0,0,0
sh600755,17971,18599,0
sz000507,0,1815,0
sz002064,0,7040,0
sh600737,3132,3556,0
sh601618,18629,5875,0
sh600156,0,0,0
sz002079,0,0,0
sz000975,5235,10019,0
sz300705,0,0,0
sz300287,4123,10527,0
sh603618,0,0,0
sh600630,0,0,0
sh603101,0,0,0
sz000158,1842,0,0
sz002916,2416,5471,0
sz002508,3128,7204,804
sh603920,0,0,0
sh601608,5100,33710,0
sh603238,0,0,0
sh600298,2177,1595,607
sh600812,0,0,0
sh601965,0,0,0
sh603690,0,0,0
sz300532,0,0,2005
sz002061,728,0,0
sh600435,1120,0,0
sz002030,766,1170,0
sz002108,1237,2297,0
sz002475,35031,22520,502
sz002830,0,0,0
sh600409,157180,103739,2369
sz000581,12770,7901,0
sh600983,0,0,0
sz300248,0,0,0
sh600462,0,10889,0
sh600234,0,0,0
sh600582,12543,5478,0
sz002422,3961,671,0
sh600289,0,0,0
sz000798,2000,0,0
sh600561,0,0,0
sh600497,484400,402003,24805
sz300584,0,0,0
sh603027,0,931,0
sh600676,2460,0,0
sz002227,0,0,0
sh600283,4200,0,0
sz002300,0,0,0
sh600362,368188,281476,37775
sh600573,0,0,0
sz300215,0,0,0
sh601890,0,0,0
sh600370,0,0,0
sz002785,5022,0,0
sz002063,6291,5027,0
sh600103,6528,4660,0
sz002114,0,1727,0
sz002515,0,0,0
sz000558,0,2748,0
sh600398,0,89634,0
sh603578,0,0,0
sz300397,0,0,0
sh600287,0,0,0
sh600338,8233,5409,0
sz002594,3025,3459,0
sh603880,0,0,0
sz002530,0,0,0
sz300210,0,0,0
sh601828,30652,72263,5833
sz300536,0,0,0
sz002789,0,0,0
sz300219,0,0,0
sz002782,0,0,0
sz002682,0,0,0
sz300177,0,0,0
sz000422,11002,0,7233
sz300673,0,0,0
sh601788,3459,12989,0
sz000671,62691,44550,1084
sz300667,0,0,0
sz300662,0,0,0
sh601918,13024,0,0
sz002165,0,2500,0
sh601008,0,0,0
sz300408,4115,10481,0
sh600354,18152,6448,0
sh600162,0,0,0
sh600233,2789,0,0
sz300729,0,0,0
sh603035,0,0,0
sz300419,0,0,0
sh600861,1579,3216,0
sz300113,33405,37582,2089
sh600749,0,0,0
sz002286,0,0,0
sz000585,0,0,0
sh601009,273105,212198,13650
sh600686,1500,0,0
sh600371,0,0,0
sh603976,0,0,0
sh600000,492936,373649,15032
sh600936,0,0,0
sz000429,0,0,0
sz002848,0,0,0
sz300328,0,0,0
sz000554,1795,0,0
sz300250,0,0,0
sz002225,0,0,0
sz000887,0,714,0
sz002021,0,0,0
sh600588,6276,5155,701
sz002313,1902,2564,0
sh603777,0,0,0
sz002346,0,0,0
sz002264,0,0,0
sh600367,0,0,0
sh603890,0,0,0
sh603323,9999,8517,0
sz000017,0,0,0
sh600769,0,0,0
sh601169,442209,246475,0
sz002083,0,2304,0
sh603360,0,0,0
sz000683,4061,3559,0
sh603656,0,0,0
sh600860,0,0,0
sz002706,0,0,0
sz300655,0,0,0
sh603605,0,0,0
sz300176,91,341,0
sh600387,0,0,0
sz300293,0,0,0
sh600223,0,0,0
sh600704,1494,3352,0
sz300403,0,0,0
sh600127,0,0,0
sh600981,0,0,0
sz002399,0,0,0
sz300129,0,0,0
sh603078,271,0,0
sz000908,0,0,0
sh600505,0,0,0
sz000790,0,0,0
sz002766,836,1400,0
sz002558,1553,457,0
sh600809,11259,0,0
sz002568,0,0,0
sz002186,0,0,0
sh600228,0,0,0
sz300348,2212,4040,0
sz300108,0,0,0
sh601888,13715,19990,459
sz300453,0,1120,0
sz300050,0,0,0
sz000004,1130,0,1000
sh601311,0,3097,0
sz300731,0,0,0
sh600823,30275,25440,0
sh600999,18271,9850,0
sz002066,0,0,0
sh600626,0,0,0
sh603918,0,0,0
sh601677,856,0,0
sh600545,0,1610,0
sh603126,0,0,0
sz000720,0,0,0
sz000797,0,0,0
sz300556,0,0,0
sz000036,9831,20449,0
sz000825,536353,572246,11785
sh601567,0,0,0
sz002116,0,0,0
sh600736,0,2000,0
sh600331,0,2177,0
sh600305,1000,2077,0
sh600019,737773,777237,25301
sh603886,0,0,0
sh600048,574031,581686,62341
sz002271,16291,7357,812
sh600426,50809,23894,2178
sh600760,1715,2941,0
sz300416,0,0,0
sz300633,0,0,0
sh600390,0,0,0
sz000938,968,1071,0
sz002057,0,0,0
sz002166,0,0,0
sz300366,0,0,0
sz002382,7525,760,1721
sh600703,53577,76751,1882
sh600169,0,3333,0
sz002136,3635,907,0
sh600790,0,0,0
sz300603,0,0,0
sh600765,1030,3305,0
sh600173,0,3997,0
sz300034,0,1469,0
sh600711,58925,56694,2037
sz002828,0,0,0
sz002610,19921,26956,0
sz002458,0,0,0
sh603758,0,0,0
sz002463,3007,2499,0
sh603527,0,0,425
sh603505,2622,2053,0
sz000636,22908,15570,0
sz002892,610,295,0
sz002181,0,0,0
sh601595,0,0,0
sz002790,0,0,0
sz300370,41412,15929,0
sh603828,0,0,0
sh600227,220446,76263,6006
sz002167,3245,0,0
sh600897,0,720,0
sz300105,0,0,0
sz000680,4541,0,0
sh600421,0,0,0
sz002447,119028,148126,10445
sh601616,0,0,0
sh600114,0,1200,0
sh600687,5025,2118,0
sz002901,0,0,0
sz002199,0,0,0
sz002778,0,0,0
sh601989,115273,142708,2788
sz002081,12777,15814,0
sh603386,0,1613,1849
sz002491,0,0,0
sz002552,0,0,0
sz300577,0,366,0
sz002396,1382,904,0
sz000050,2315,18114,3052
sz002615,0,0,0
sz300664,578,4349,0
sh600074,0,0,0
sz002457,0,0,0
sh600792,0,0,0
sh600373,2127,1051,0
sz300494,0,0,0
sh603518,0,0,0
sz300616,120,165,0
sh600135,0,0,0
sh600609,0,0,0
sh600979,0,0,0
sz000333,146632,172532,17570
sz300478,864,300,0
sh603896,0,0,0
sh600789,201467,144304,1729
sh601877,1469,4092,0
sz000155,2797,0,3593
sz300002,3935,6000,0
sz300214,0,0,0
sz300154,0,0,0
sz002713,0,0,0
sh600731,1770,0,0
sz300117,0,0,0
sz300115,552,4179,964
sz300048,14872,0,0
sz002835,0,0,0
sh600506,8858,2634,0
sz002657,4341,6061,0
sz000504,1010,0,0
sh600800,0,0,0
sz002392,0,0,0
sh600125,1187,5184,0
sz300005,0,0,0
sh603895,8354,2759,239
sh603818,938,5116,0
sh603508,0,0,0
sz000996,795,1320,0
sz002439,500,2294,0
sz300708,3099,3502,862
sh600109,3226,14115,2362
sz002003,0,935,0
sh601107,0,0,0
sz002250,1520,4540,0
sz300169,0,0,0
sh600502,0,7583,0
sz000905,0,1079,0
sz002378,0,0,0
sz002816,0,0,0
sz002164,0,0,0
sz000750,6490,11692,0
sh600645,2570,0,0
sz002611,0,0,0
sz300443,0,0,0
sz300684,1744,5239,238
sz002645,0,0,0
sz002565,0,0,2629
sh603198,0,672,0
sh601058,19592,18952,0
sz300145,0,1943,0
sz002858,0,0,0
sh603286,0,0,0
sh603989,0,0,0
sz002543,0,0,0
sz002479,3962,1603,0
sz000601,2030,0,0
sh603963,0,0,0
sh600844,2000,5132,0
sz300621,0,0,0
sh600827,0,874,0
sz000552,93249,97931,0
sh600090,0,0,0
sh600350,32564,8552,0
sz300314,0,0,0
sz002472,0,0,0
sz002772,0,0,0
sh603888,0,503,0
sz002355,14021,5244,1381
sz300685,0,283,0
sz300576,0,0,0
sh601086,36889,41813,996
sz000023,0,0,0
sh600080,0,1410,0
sz000510,1576,0,0
sz002867,0,0,0
sh600712,0,0,0
sh603868,0,0,0
sz300072,14124,7842,2131
sz300014,695,1514,0
sz300484,0,0,0
sz300324,0,0,0
sh601118,8496,9098,2004
sh600083,1311,0,0
sz300161,0,1634,0
sh600189,0,0,0
sz000768,728,4310,0
sz000823,5545,0,0
sh600881,2110,0,0
sz002354,2910,1545,0
sh603585,0,0,0
sz000570,0,0,0
sz000598,0,0,0
sh600098,0,0,0
sz002490,0,0,0
sh600247,0,0,0
sh601880,4937,5035,0
sz300373,0,2424,0
sz002879,59129,7759,800
sz002349,0,0,0
sh601231,0,0,0
sz002541,0,0,0
sz002493,6533,6773,0
sz300570,0,0,0
sz300632,0,0,0
sh603300,9054,0,0
sz000760,0,4258,0
sh600346,18544,3946,840
sh600272,0,0,0
sh600845,2671,517,0
sh603979,0,0,0
sh603116,0,0,0
sz000830,135211,118056,17388
sh603559,8653,3054,1199
sz300640,0,0,0
sz002323,4047,4332,0
sh601288,4810356,2584202,0
sz002202,33707,68709,0
sh603022,0,0,0
sh603595,506,0,0
sz002078,95258,60275,1859
sz300645,0,0,0
sh600720,132282,110356,4191
sh601218,0,0,0
sh603225,0,1526,0
sh603917,0,470,0
sh600012,0,1200,0
sh601177,0,0,0
sz000544,0,0,0
sh600986,1172,0,0
sz300187,0,0,0
sz002150,0,0,0
sz000021,2201,1739,0
sz300307,0,0,0
sh600335,2683,1209,0
sz300172,0,0,0
sz000661,1231,2221,0
sh603922,0,0,0
sz002685,0,0,0
sh601908,0,2936,0
sz300503,0,904,0
sz300683,0,0,0
sz000089,3747,2728,0
sh603356,21587,8226,0
sz000016,0,12734,0
sh600066,6856,9486,0
sz002628,0,0,0
sh603345,0,0,0
sz002298,0,0,0
sz000589,0,0,0
sz000040,0,0,0
sh600199,0,0,0
sz002252,0,778,0
sh600050,757288,662608,17630
sz002224,0,3221,0
sh600562,844,1760,0
sh600128,0,0,0
sz002728,0,0,0
sz300127,0,0,0
sz002468,801,0,0
sz002032,794,529,0
sh603337,0,0,0
sh603227,0,0,0
sh603313,0,0,0
sz000009,1800,2042,0
sh603566,0,600,0
sz002907,4338,836,0
sh600108,0,6046,2701
sh603239,0,0,0
sz300052,0,1010,0
sz002616,0,0,0
sh600077,0,0,0
sh603599,0,0,0
sh600499,9801,15832,0
sh600650,0,0,0
sz000403,0,0,0
sh600896,0,3800,0
sz002448,0,0,7485
sz000957,0,1186,0
sz000722,0,0,0
sz002162,0,0,0
sz002308,0,3061,0
sz000049,0,906,346
sh600269,7893,4144,0
sh603378,0,0,0
sz002461,0,1046,0
sz000541,0,0,0
sz002719,600,0,0
sz300481,0,1200,0
sz002333,0,797,0
sz300276,0,0,0
sz300562,886,753,0
sz002833,0,374,0
sz000700,0,0,0
sz002059,0,0,0
sz300610,0,0,0
sz300527,1439,451,0
sh600363,0,0,0
sz002887,0,200,0
sz002017,0,0,0
sz300304,0,0,0
sz300046,0,0,0
sz000543,2108,0,0
sz002886,897,654,0
sh603519,0,0,0
sz000963,2084,4127,207
sz000701,0,0,0
sh600882,0,0,0
sh603018,0,0,0
sz000819,0,0,0
sz002813,0,0,0
sh600855,1200,0,0
sz000078,1786,2308,0
sh600320,2014,4221,0
sz002885,0,0,0
sz300227,0,0,0
sz300028,0,0,0
sz300206,0,0,0
sz000731,0,4518,2509
sz000157,25695,17169,0
sz000815,0,0,0
sh600993,803,3785,0
sh603829,0,0,0
sh603611,0,0,0
sh601318,368491,352760,50137
sh601021,280,356,0
sh603289,865,2915,0
sh600717,0,2329,0
sz000100,45504,46343,0
sh600616,2027,0,0
sh600613,0,0,0
sz002735,0,0,0
sz000931,0,0,0
sh603005,0,0,0
sh600570,6035,6585,799
sh603579,0,0,0
sh601566,3421,4681,0
sh600033,6729,8697,0
sz000958,2328,0,0
sh600885,544,270,0
sz300221,0,800,0
sh600126,18042,1500,0
sz300239,0,0,0
sz300170,9222,22483,1439
sh603843,2600,800,0
sz300226,6967,6985,774
sh600203,0,0,0
sz000901,2000,0,0
sz300281,0,0,0
sh600586,0,0,0
sh603040,0,0,0
sz300435,0,0,0
sz300434,2856,0,0
sh600893,1662,437,0
sz300431,5962,3831,0
sz000656,264539,322136,7718
sh600768,0,0,0
sh603636,0,0,0
sh600177,20076,6243,0
sh600059,0,1569,0
sz002179,1500,301,0
sz300196,0,0,0
sz002459,0,0,0
sh603717,0,0,0
sz002672,0,0,0
sh600190,0,0,0
sz002235,0,7925,0
sh600764,0,425,0
sh603228,0,0,0
sh600728,2435,6758,0
sh600288,0,0,0
sh603136,0,0,0
sh603787,0,0,0
sz300689,0,0,0
sz001696,0,3000,0
sh603042,0,0,0
sh601668,1381689,1123815,13959
sz002133,0,0,0
sz300197,4358,7015,0
sh600438,121360,111761,3529
sz000402,21408,21587,0
sh600307,47129,59326,0
sz002526,0,0,0
sz300615,0,0,0
sh600355,0,0,0
sz002906,0,0,0
sz300642,0,0,0
sz300091,0,1637,0
sh600115,452639,293271,11993
sz002409,0,0,761
sz000727,4714,0,0
sz300171,0,0,0
sh600647,800,0,0
sh600838,0,0,0
sz000878,45184,47725,1078
sz002173,0,0,0
sz300047,935,5865,0
sz300489,0,0,0
sh603041,0,0,0
sz300395,0,1800,0
sh603131,0,0,0
sh600600,5060,5336,660
sh601939,665960,659930,12472
sz300080,0,0,0
sz002498,0,0,0
sz002412,0,0,0
sh603333,0,0,0
sh601005,10177,18295,0
sh603557,0,0,0
sh600874,956,1001,0
sh600857,0,0,0
sz000011,0,0,0
sz300181,0,0,0
sz001979,118189,84873,7448
sh601558,0,24985,0
sh600620,2164,0,0
sz000952,0,0,0
sz000869,672,313,0
sz002595,0,0,0
sz002536,0,0,0
sz300552,0,0,0
sz000430,0,0,0
sh600679,0,0,0
sz002570,0,3014,0
sh603387,0,0,0
sh601866,0,0,0
sh600252,0,12721,0
sh603738,0,0,0
sh603099,0,0,0
sz002838,0,250,0
sz002280,7612,15284,0
sh600665,0,0,0
sz000802,0,0,0
sz300464,0,0,0
sh600225,0,0,0
sz002365,2513,550,0
sh600183,16180,9828,0
sz300222,0,0,0
sz002229,25293,22426,1362
sh603311,0,0,0
sh600661,1337,0,0
sh600532,2091,0,0
sz300259,0,0,0
sz002504,0,0,0
sh600107,0,0,0
sz000548,0,0,0
sz002231,0,0,0
sz002031,0,0,0
sh600148,0,730,0
sh600303,0,0,0
sz002862,0,0,0
sz002799,1367,0,0
sz300709,227,193,0
sz002124,4632,0,0
sz002105,0,0,0
sh603336,0,0,0
sh600332,5300,5880,0
sz002056,1171,0,0
sh600268,0,0,0
sz300626,0,0,0
sz002388,0,0,0
sh603908,0,0,0
sz300691,224,830,0
sz002022,0,0,0
sz002653,0,0,0
sh600151,4179,7287,0
sz300152,373433,57768,0
sz002905,0,0,0
sz300587,751,0,0
sz000560,0,0,0
sh603716,0,0,0
sh600771,2012,1281,0
sz300223,449,0,0
sz300693,0,0,0
sz002266,3031,3006,0
sh601099,32090,27781,0
sh601188,0,0,0
sh603188,948,1798,0
sh603998,0,0,0
sz002880,0,219,0
sz002593,0,0,0
sz000012,2984,4268,0
sh603506,0,0,0
sh600381,0,2004,0
sz000062,0,500,0
sz002534,0,0,0
sh600322,6691,22771,0
sz300701,0,0,0
sz002013,0,4116,0
sz002148,0,0,0
sh600985,25994,11684,4817
sh600444,0,0,0
sh601777,0,3114,0
sz300710,0,0,0
sz300703,0,0,0
sh600285,0,0,0
sz002290,0,0,0
sh603098,0,0,0
sh603060,0,0,0
sz000628,0,0,0
sz002043,15101,7484,0
sh600558,0,2620,0
sh603129,0,0,0
sz300074,0,0,0
sh601398,1469469,1187417,22237
sz002678,0,0,0
sz000906,0,1448,0
sz300509,0,0,0
sh600602,0,0,0
sh600490,1560,4158,0
sz002154,0,0,0
sz000668,1001,0,0
sz002016,13975,39535,3332
sz000875,0,0,0
sz300162,0,0,0
sz300528,0,0,0
sz002667,0,0,0
sh600962,0,0,0
sz300163,0,0,0
sh600250,0,0,0
sh603879,0,1251,0
sh600094,0,0,0
sh600556,4048,0,0
sz000777,0,0,0
sz300084,0,0,0
sz300258,0,0,0
sz002917,623,409,0
sh601198,1429,3502,0
sh600779,24362,13151,819
sz002432,0,0,0
sz000988,2003,5190,0
sz300469,310,0,0
sz002383,2044,3562,0
sz002367,0,0,0
sh600783,0,0,0
sh603608,0,0,0
sz000833,0,0,0
sh600085,5886,9662,0
sh600010,189352,86803,0
sz002709,0,760,0
sh600139,0,2002,0
sz002430,1614,5050,0
sh600006,0,5070,0
sz000038,555,0,0
sz300629,0,0,0
sh600281,0,0,0
sh600584,14252,33997,0
sh601518,3052,0,0
sh600469,0,0,0
sz002265,0,0,0
sz002737,0,1551,0
sh600220,0,0,0
sh601007,0,0,0
sz300026,0,14363,0
sz300092,1267,4907,0
sz300095,0,0,0
sz002410,543,3332,0
sz300289,0,0,0
sz300318,0,0,0
sz300559,0,0,0
sh600610,0,3276,0
sh600007,0,0,0
sh603727,0,0,0
sz002748,0,0,0
sh600550,0,0,0
sh600577,0,0,0
sh603226,357,0,0
sz300589,0,0,0
sz300189,0,0,0
sh600023,7003,17493,1992
sh603823,0,0,0
sz300479,0,0,0
sh600763,596,1805,0
sz002331,0,0,0
sz300139,0,0,0
sh603208,0,0,0
sh603385,0,0,0
sh600475,0,0,0
sh603357,0,0,0
sz002602,6693,5179,0
sz000702,0,2289,0
sz002807,13275,6084,0
sh600266,5208,8110,1001
sz002371,2649,5526,0
sh600879,5004,11774,0
sz002303,0,3894,0
sz300676,1386,2568,194
sz000721,0,0,0
sh603008,0,0,0
sz002573,4307,17204,0
sh600663,0,0,0
sz300168,13317,5074,882
sz002743,0,0,0
sh600295,0,870,0
sh600163,0,2932,0
sz002583,14044,27767,0
sh600773,0,1000,0
sh603030,0,0,0
sh601126,0,2300,0
sz002646,0,0,0
sz002040,0,0,0
sz002750,0,0,0
sz000709,332716,236159,0
sh600729,0,504,0
sh603866,0,0,0
sz000719,0,0,0
sz300417,0,0,0
sz002039,0,0,0
sz300678,398,312,0
sh603160,127,325,0
sz002578,12636,6375,0
sh603458,0,217,0
sz002815,0,0,0
sz002528,0,0,0
sz002344,0,0,0
sh600721,0,0,0
sz002902,0,0,441
sh600167,506,0,0
sh600517,0,0,0
sh600587,800,4760,0
sz002239,0,0,0
sh603776,181,0,0
sh600641,0,0,0
sh603858,301,1065,0
sh600055,0,2505,0
sh603167,1013,3002,0
sz300098,0,3105,0
sh603808,613,1199,0
sh601328,1519641,1190924,10546
sz000665,1066,1778,0
sh600501,0,0,0
sh600122,45040,11397,1383
sz002393,0,0,0
sz002096,0,0,0
sz000582,0,0,0
sz002381,0,0,0
sz300497,0,307,0
sh600308,13968,5123,0
sz002644,0,1207,0
sz002730,0,0,0
sh600395,49139,37132,0
sz002420,0,0,0
sz300232,0,0,0
sh601919,23134,32454,2561
sh603958,0,0,0
sz300654,347,460,0
sh600635,0,0,0
sh600449,18772,12592,0
sz300063,0,0,0
sz000713,0,0,0
sz002135,0,1740,0
sz002431,0,0,0
sh601886,0,0,0
sz000530,0,0,0
sh603586,0,0,0
sz300462,0,603,0
sh600797,1078,2230,0
sh603686,0,500,0
sz300738,11741,10451,2478
sh600525,0,2349,0
sh603683,3195,1393,719
sz300733,0,1880,0
sz300184,1288,0,0
sz300526,0,0,0
sz000803,0,0,0
sz002244,7385,8154,0
sh600487,25821,26893,2044
sh600826,0,0,0
sz002474,0,0,0
sz002196,0,0,0
sz000951,3381,1294,0
sh603316,0,0,0
sz300485,0,0,0
sz002832,0,0,0
sh600678,0,3850,0
sz000967,1361,5968,0
sz300165,0,0,0
sz300702,0,0,0
sh603001,0,0,0
sh600149,0,1516,0
sz002825,0,0,0
sh600793,719,0,0
sh603010,2461,508,0
sz002305,0,0,0
sz002268,0,5356,0
sz300605,0,0,0
sh600997,73009,65238,0
sh600141,1511,2084,0
sh600660,6413,10407,0
sz300262,0,0,0
sz000501,0,3304,0
sz000859,0,3433,0
sz002452,0,0,0
sh600410,1147,0,0
sz300651,0,0,0
sh603959,343,0,0
sh603399,0,0,0
sh600889,0,0,0
sz300332,0,1943,0
sh600129,0,0,0
sh603026,0,0,0
sh600170,85008,87931,0
sz002390,34526,5449,0
sz300507,0,0,0
sz002712,0,0,0
sh600063,0,0,0
sz000416,0,0,0
sh600791,0,0,0
sz300298,546,1564,0
sz000301,0,0,0
sz300596,0,0,0
sz002177,0,0,0
sz300012,9262,4017,0
sz000858,243174,277357,30197
sz300647,0,0,0
sz000876,37576,37444,0
sh603389,0,0,0
sh601137,0,0,0
sz000532,0,0,0
sz002556,7346,20920,0
sz300514,0,5902,0
sz002283,0,0,0
sh603090,0,0,0
sz002613,0,0,0
sz000926,2093,2675,0
sz300130,5447,997,0
sh600651,0,2030,0
sz002275,0,0,0
sz300486,0,0,0
sh603100,0,0,0
sz000150,1404,0,0
sz002866,0,0,0
sh603319,0,392,0
sz300394,0,0,0
sz002787,0,0,0
sz000935,615,1257,0
sz002576,0,0,0
sz300020,0,0,0
sz300344,0,0,0
sz300166,20492,17798,3030
sz300119,0,0,0
sh601111,293416,244652,20831
sh600009,1947,4958,794
sh600767,0,0,0
sh603050,0,0,0
sh600425,0,0,0
sz002677,0,0,0
sh600352,327539,197002,6417
sz000759,0,0,0
sz000655,0,0,0
sh603988,383,808,0
sz002466,11673,22228,2448
sz300551,0,0,0
sz000933,64941,101143,1433
sz002821,0,0,0
sz002153,0,1313,0
sz300199,0,0,0
sz002729,0,734,0
sh603800,0,0,0
sh601212,3678,11963,0
sh600468,0,0,0
sz300625,0,0,0
sz002238,0,0,0
sz002279,0,0,0
sz300436,0,0,0
sz300097,0,3510,0
sz000831,994,4800,0
sz300073,0,1150,0
sz300665,0,0,0
sh603369,5178,6338,0
sz002755,0,0,0
sh601808,4755,4976,1211
sh600165,1665,0,0
sh600153,123611,65588,3688
sz000030,0,0,0
sh603569,0,0,0
sz000615,0,4132,0
sz000902,1157,3005,0
sz000619,0,0,0
sh600359,0,10768,0
sh603023,0,0,0
sz000848,0,1227,0
sh600776,0,0,0
sh603600,0,0,0
sz002477,0,10367,0
sz300612,1857,947,373
sh603826,0,0,0
sz002869,0,0,0
sh603990,0,0,0
sz000626,0,0,0
sz002559,0,0,0
sz002703,0,0,0
sz002436,2107,0,0
sz000909,0,0,0
sz002341,1355,0,0
sh601000,15366,13826,0
sz002849,0,0,0
sh600890,0,0,0
sh603268,960,0,0
sz300450,794,4057,0
sz002316,0,1155,0
sz300120,0,0,0
sz002221,9386,3655,0
sz300025,0,0,0
sz002443,2000,0,0
sz300247,0,0,0
sh600688,22206,48900,0
sh603330,0,0,0
sh600795,8472,23108,0
sz002364,0,0,0
sz002765,0,0,0
sh600963,14316,5738,0
sz002208,0,0,0
sh600774,0,0,0
sz002749,0,0,0
sh601766,124351,126099,3352
sz300599,0,1007,0
sz002465,2678,6783,0
sh600883,0,0,0
sz000718,0,3381,0
sh603421,0,0,0
sz002327,1985,5665,0
sh600998,648,0,0
sz300600,0,0,0
sz002589,1693,11908,0
sz002810,585,0,0
sz002689,0,0,0
sz300482,199,578,0
sz002702,0,0,0
sz002141,0,3000,0
sh600392,2918,21987,2261
sh603189,0,0,0
sh601515,0,0,0
sh600546,20544,15292,0
sz002716,10692,17054,1012
sz002697,0,0,0
sh603159,0,0,0
sz002625,0,0,0
sz002626,0,0,0
sh600260,13707,4818,0
sz002587,0,0,0
sh603266,0,0,0
sz002132,0,0,0
sh600072,0,0,0
sh600020,8667,0,0
sz002193,0,700,0
sz001965,5303,3344,0
sh603037,0,0,0
sz300715,0,971,0
sh603169,0,0,0
sz000410,1080,1200,1341
sz300688,344,0,0
sz002850,0,0,0
sh603278,0,0,0
sz000426,33785,41934,4865
sz002727,2567,0,0
sh600123,53808,40546,0
sz000153,0,0,0
sh600136,1000,0,0
sz002024,22399,25608,0
sh600207,0,0,0
sz000960,95636,87567,3057
sh600155,4323,12291,0
sz300421,0,0,0
sz002315,0,0,0
sz300493,0,0,0
sz300237,3808,4345,0
sh600368,0,0,0
sz000591,2467,2010,0
sz300672,0,0,0
sz002285,27874,16001,0
sz002361,0,0,0
sz300602,0,0,0
sz002734,0,0,0
sz000707,0,0,0
sz002015,0,2300,0
sh603500,0,0,0
sh603199,0,0,0
sh600596,113131,86766,7857
sz300549,0,0,0
sh600418,0,0,0
sh603668,0,0,0
sh600011,2210,5202,0
sz002890,0,0,0
sz000633,5001,0,0
sz002795,0,0,0
sh603658,0,0,0
sz300595,0,234,0
sh600848,500,464,0
sh600246,0,0,0
sz300690,0,0,0
sz002652,0,0,0
sz000059,16664,6496,0
sh600416,12707,6046,0
sz300334,1000,0,0
sh600329,0,0,0
sh600909,9669,0,0
sz002379,0,2218,0
sz300055,0,0,0
sz300371,700,0,0
sz300696,0,0,0
sz002875,0,0,0
sz300582,0,1966,0
sz002910,0,0,0
sz002372,600,4532,0
sz002065,1357,12622,0
sh600681,0,0,0
sh601857,242504,129901,0
sz002058,0,0,0
sz002740,0,0,0
sh600184,609,0,0
sh600633,0,3226,0
sz300345,0,0,0
sz000565,0,3776,0
sh600886,8204,2750,4014
sh600116,2451,0,0
sh600068,94188,55816,7379
sz002845,0,0,0
sh603885,6824,9812,0
sz002809,0,0,0
sh600191,0,0,0
sz300457,1951,0,0
sz300192,0,1400,0
sz300472,4216,500,0
sz300316,5523,4480,0
sh600261,0,0,0
sh600419,0,651,0
sz300557,0,0,0
sz300017,104678,115841,5482
sz002859,0,0,0
sh600310,0,2129,0
sh601992,31374,23045,0
sz300393,289,0,0
sz002077,8225,3564,0
sh600278,0,0,0
sh601069,0,0,0
sh600745,19104,4231,0
sz002925,19083,16043,3176
sh600488,0,0,0
sh600865,0,0,0
sz300051,0,0,0
sz002605,0,0,0
sz300425,0,0,0
sz002861,0,0,0
sh600317,0,0,0
sz002102,5998,7062,0
sz000733,0,0,0
sz002736,6965,5032,0
sh603688,0,0,0
sz002842,1558,0,0
sz002822,0,0,0
sz000898,171365,233208,5555
sh601555,0,1085,0
sz002640,2270,8441,0
sz000609,0,0,0
sz002898,0,0,0
sh600369,0,3369,0
sz300406,0,0,0
sz002187,0,0,0
sz002768,0,0,0
sz000970,2511,5718,910
sz000650,0,0,0
sz002406,0,0,0
sz002803,0,0,0
sz002340,17022,13641,0
sz300735,2334,1840,0
sz002550,5000,0,0
sh600459,836,1426,0
sz300635,0,0,0
sz300568,0,0,0
sz002190,6828,7047,512
sh600569,387783,250337,2474
sz002395,0,0,0
sh600428,0,0,0
sh600982,0,0,0
sh603308,0,0,0
sz300188,0,3192,0
sh603232,429,0,0
sh600579,0,0,0
sh603186,0,0,0
sz002029,8660,0,0
sh601991,4274,15449,0
sh600939,0,0,0
sz300418,31948,25959,984
sz002805,0,0,0
sz002324,0,0,0
sz002319,0,1167,0
sz000605,0,0,0
sz000600,0,0,0
sz002397,0,0,0
sz000088,0,0,0
sh601258,9836,76065,0
sz300663,4562,1787,0
sh603000,0,4978,0
sh600026,2787,0,0
sz002690,0,0,0
sz002101,16215,0,0
sz300126,0,0,0
sz002746,0,0,0
sz300476,14603,11348,4047
sz002433,1500,0,0
sz002426,6396,7095,0
sz300426,0,0,0
sz000949,2836,0,0
sh601988,1564950,1078997,0
sh600351,0,0,0
sz000026,0,985,0
sh600022,515344,436812,0
sz300563,0,0,0
sh603533,330,3114,0
sh600348,301538,203883,19728
sz300254,0,0,0
sz300381,0,0,0
sz002500,10244,13020,0
sz300255,0,0,0
sh600706,0,1199,0
sz300061,0,0,0
sz002758,0,0,0
sz300698,555,497,0
sz002876,0,0,0
sz000404,0,0,0
sz300340,401,1383,0
sh600759,6395,7020,0
sz000910,1129,1074,0
sz002131,4804,8566,0
sz002171,0,0,0
sz000521,0,3084,0
sh603987,0,3203,0
sh603080,2620,9586,1779
sz300195,0,0,0
sh603138,0,0,0
sh603698,0,0,0
sh600361,0,0,0
sz002332,1507,4116,0
sz300711,0,0,0
sz300548,0,0,0
sh600158,71375,79162,4571
sh600240,1831,0,0
sz000972,0,0,0
sz002698,0,0,0
sh600452,0,864,0
sh600702,29244,29504,1503
sh600230,3622,3488,218
sz300545,0,0,0
sz300468,300,0,0
sz300284,748,2835,0
sz002566,0,0,0
sz300540,0,0,0
sz300202,0,0,0
sz002781,0,0,0
sz000982,0,0,0
sz002435,0,600,0
sz300354,0,0,0
sz300213,0,0,0
sh600337,0,0,0
sz000862,0,0,0
sh601601,155093,122296,13333
sh600078,0,2419,0
sh600621,2334,2855,0
sh601011,5313,15759,0
sz300496,0,0,0
sz002403,1400,0,0
sz300338,0,0,0
sh600690,180265,213173,12629
sz300264,0,0,0
sh600992,0,0,0
sh600210,0,0,0
sz002741,0,767,0
sz300423,0,0,844
sz300707,0,271,0
sh600873,0,7842,0
sh600458,0,0,0
sz002633,0,0,0
sz002118,3259,5045,0
sh600389,0,0,0
sh600423,0,15908,0
sh600787,2880,6599,0
sh600208,56945,111296,0
sz300021,5754,74237,0
sz300529,0,874,0
sz002348,0,0,0
sh603916,0,742,0
sz002254,6094,865,0
sz300658,0,0,0
sz002725,0,3196,0
sz300331,0,946,0
sh600293,0,0,0
sh601200,0,1175,0
sz300588,0,0,0
sh603416,0,0,0
sh603331,0,1100,0
sz000997,1963,4002,0
sz002664,1904,2700,400
sh601519,0,2635,0
sz002296,0,0,0
sh600339,0,2300,0
sz300305,0,0,0
sz002240,8518,800,0
sh603179,0,0,0
sz300638,0,0,0
sz002915,1086,2011,479
sz002532,0,0,0
sh603999,0,0,0
sh600265,650,0,0
sz000555,0,0,0
sz000779,0,0,0
sz300225,11138,12284,2787
sh603358,0,0,0
sh600722,0,0,0
sh600529,0,1222,0
sh600248,0,0,0
sz300491,0,0,0
sh600071,0,0,0
sh601900,0,1088,0
sh601949,0,0,0
sh600694,0,0,0
sz300303,0,0,0
sh600653,0,0,0
sh603612,555,1279,0
sz002192,1081,3127,0
sz300204,0,0,0
sz300498,7372,7245,0
sz300657,861,600,0
sh600522,91208,122440,0
sh600908,7694,2975,0
sz002693,0,0,0
sz002302,25075,31000,688
sh601326,0,0,0
sz002521,3115,0,0
sz300671,0,0,0
sz002852,0,0,0
sz000546,0,0,0
sz000807,122582,189425,4860
sz002368,0,0,0
sh603096,0,0,0
sz000666,0,1990,0
sz000839,8799,19972,0
sz300530,0,0,0
sz000060,142046,182207,2050
sz300521,0,0,0
sh600975,0,0,0
sz300109,0,512,0
sz002893,6079,6861,722
sz000917,0,9792,0
sh600185,2325,0,0
sz000503,125810,22234,1911
sh600599,0,0,0
sh600482,3528,2270,0
sh600754,2788,1999,0
sz002531,1520,0,0
sz300178,0,1806,0
sz000903,0,0,0
sh603912,754,0,0
sz300427,800,0,0
sz000520,0,0,0
sz002172,0,0,0
sh601028,0,0,0
sh603161,0,1117,0
sh603607,311,0,0
sh603996,22335,4708,0
sz002062,0,0,0
sh600567,269482,97460,0
sz002700,0,0,0
sz300311,0,0,0
sh603630,0,0,0
sz002495,0,0,0
sh600590,0,0,0
sz002582,0,0,0
sh600869,0,0,0
sh600178,0,0,0
sz002674,0,0,0
sz002211,3065,0,0
sh600180,0,0,0
sh600478,0,0,0
sz002484,6600,0,0
sh600859,2058,503,0
sh601208,0,0,0
sh601333,12660,29605,0
sz002806,0,0,0
sz000710,0,260,0
sz002655,0,0,0
sz000519,1313,1572,0
sz002761,11192,3649,0
sz300040,0,0,0
sz000069,95045,86690,1929
sz002356,0,0,0
sh600436,2059,1162,434
sh600323,734,0,0
sh601929,4391,0,0
sh600138,10257,15014,0
sh603015,0,0,0
sh600533,0,4166,0
sz002142,116949,119382,8444
sh603969,0,1400,0
sz000838,0,0,0
sz002054,0,0,0
sh600091,0,0,0
sh600054,0,0,0
sh600580,0,0,0
sz300490,0,0,0
sz000692,0,0,0
sh600919,328069,130382,4833
sh600644,0,0,0
sh600996,7378,0,0
sh603616,0,0,0
sh601700,31401,0,0
sz002923,4422,7770,930
sh600547,22741,16120,605
sh600038,274,563,0
sz300286,0,0,0
sh603729,2739,461,0
sz300630,0,180,0
sz002255,0,0,0
sz000981,0,0,0
sz300125,0,0,0
sh601339,1901,5044,0
sh600405,0,0,0
sz300031,1770,1927,0
sz300220,0,0,0
sh603181,0,0,0
sh603326,0,0,0
sz300598,0,0,0
sh603708,1012,0,0
sh600624,0,0,0
sh603363,25298,27035,6417
sz002434,1513,0,0
sh603978,0,0,0
sz002232,0,0,0
sh600376,0,0,0
sz002722,0,0,0
sz002245,0,5802,0
sz000889,2000,1000,0
sh600995,1163,0,0
sh603303,0,0,0
sz300261,0,0,0
sz002847,884,2484,0
sh603929,0,1243,0
sz002374,0,0,0
sz300133,51935,56884,0
sh603689,0,0,0
sh603367,0,0,0
sz300291,0,2312,0
sh600696,4326,0,0
sh600723,0,0,0
sh601019,1466,924,0
sh600470,2150,1816,0
sz300572,0,370,0
sz002223,1477,6819,0
sz000761,33571,32769,0
sz300375,0,0,0
sz300402,0,0,0
sz002375,0,1768,0
