sz002372,1478,503,0
sz300577,0,0,0
sz002728,0,0,0
sz300446,0,0,0
sz002491,0,2656,0
sh603608,0,0,0
sh600246,0,0,0
sz001696,0,0,0
sz002185,27751,18769,0
sh603268,0,0,0
sh600053,0,707,0
sz002560,1500,0,0
sh600391,2578,3297,0
sz002634,0,0,0
sh600217,0,0,0
sz300139,0,0,0
sh600803,1210,0,0
sz002929,45034,40835,13181
sz300269,0,1005,0
sh601108,1964,3244,0
sh603986,9406,10916,866
sh600975,0,0,0
sz000829,0,0,0
sh603555,2267,0,0
sz300515,0,0,0
sz000638,8936,0,0
sz002124,1155,3000,0
sz002355,4428,0,0
sz002443,0,0,0
sh603323,1249,5601,0
sz000550,0,0,0
sz000680,3089,0,0
sz000417,1617,0,0
sz300711,482,0,0
sz000008,0,2069,0
sz002910,550,0,0
sz002497,67141,128196,1004
sh603002,0,2998,0
sh601766,30490,27546,0
sz000100,314691,172314,0
sz002835,0,0,0
sh600303,0,0,0
sz002847,2333,8826,0
sz000906,0,0,0
sh601933,50109,78773,0
sz000988,5159,4859,0
sh603069,0,0,0
sz300296,4775,4675,0
sh601677,0,0,0
sh600766,0,0,0
sh603969,6951,3734,0
sh600516,62586,56391,3944
sz002249,0,0,0
sz300600,0,0,0
sh601177,0,0,0
sh600959,0,3718,0
sz002553,0,0,0
sz000011,1245,1815,0
sz002639,23261,10085,0
sh600569,21577,57857,0
sz002596,0,11738,0
sh600653,0,9548,0
sh603855,0,0,0
sh603367,2200,24128,0
sh600130,0,0,0
sh603239,0,600,0
sz002273,4954,4159,0
sz002220,4000,0,0
sz300307,0,0,0
sh601688,17434,17432,0
sz002642,0,3713,0
sz000700,0,0,0
sz002195,6324,13947,0
sz300648,186,0,0
sh600727,0,0,0
sz002230,47166,52308,3303
sh603900,0,0,0
sz300302,1000,995,0
sz300637,0,0,0
sz000404,36176,88959,5124
sz000411,0,0,0
sh603233,0,0,0
sz002337,0,0,0
sz300054,4220,0,0
sh600332,6345,1830,0
sz002425,0,1444,0
sz002494,4961,1750,0
sz300220,0,0,0
sz000408,1010,0,0
sh601886,1676,0,0
sz002489,0,0,0
sh601019,0,0,0
sh600535,3564,1034,0
sz002698,1110,4845,0
sh600031,40887,52214,3577
sh603937,0,1895,0
sh601001,0,0,0
sh603505,1917,0,0
sh603988,601,0,0
sz000062,0,499,0
sh600280,2755,1436,0
sz000061,0,2774,0
sz002831,0,467,0
sz002519,0,0,0
sh603111,0,0,0
sh600556,0,0,0
sz300611,0,0,0
sz000836,6831,18601,0
sh600857,0,0,0
sh600841,0,0,0
sh600763,0,637,0
sz000513,7172,2965,202
sz300323,0,6749,0
sz300224,0,3109,0
sz002405,31962,29982,937
sz300099,0,2079,0
sz300606,0,0,0
sz002502,0,0,0
sh603668,0,1000,0
sh600830,5539,0,0
sz300490,0,0,0
sh601127,0,0,0
sz300216,72975,134217,16484
sh600278,0,0,0
sh600736,0,0,0
sh600764,3807,8054,0
sz300299,5152,2407,0
sz002803,0,0,0
sh603858,277,2278,0
sz002885,435,0,0
sz002109,0,0,0
sh600755,8408,23543,0
sz300084,4015,0,0
sz300154,0,0,0
sh600855,1000,1827,0
sh600882,0,0,0
sz000768,1949,3873,0
sz002435,0,0,0
sh600822,6471,2775,0
sh600219,41335,62963,0
sz300028,0,0,0
sh600282,56224,76051,0
sh600133,0,1139,0
sh603601,0,1089,0
sh603380,0,0,0
sz002327,1347,0,0
sz300469,0,0,0
sh603879,0,0,0
sz002083,0,0,0
sz002716,1644,0,0
sz002224,0,0,0
sh600644,0,0,0
sz002625,0,0,0
sz000758,3335,14939,0
sh600834,0,0,0
sz300641,0,0,0
sz300476,19747,15340,1572
sz002324,0,0,0
sz300451,2269,8557,999
sz002293,0,0,0
sz300463,0,0,0
sh600301,0,0,0
sz300334,2135,0,0
sz000767,0,3664,0
sh601579,0,0,0
sh600022,100284,41060,0
sz002239,0,11858,0
sh603757,0,0,0
sz002269,0,0,0
sz002860,0,0,0
sh603326,0,0,0
sz000027,10982,9090,0
sh600177,0,2479,0
sz000510,0,0,0
sz300005,2812,2720,0
sz000545,0,0,0
sz002603,2918,970,0
sh600120,0,3188,0
sz002563,0,0,0
sh600609,0,0,0
sz002882,0,0,0
sh600444,0,0,0
sz000671,78304,25203,0
sz000672,20640,15365,0
sz002291,0,0,0
sz300689,310,466,0
sz002795,0,0,0
sh600136,0,0,1005
sz000040,0,0,0
sz002529,0,0,0
sz300542,1487,11134,324
sh600958,0,5076,0
sh603179,0,0,0
sh603116,0,0,0
sz002123,0,0,0
sh600452,0,443,0
sz002391,0,3773,0
sz002800,0,0,0
sh601015,0,0,0
sz300596,0,0,0
sh600071,0,876,0
sh603336,0,0,0
sz300170,24282,21510,2323
sh600351,0,0,0
sz002232,13112,12426,3043
sh603616,42307,62620,8423
sz002797,17183,26150,0
sz002088,0,0,0
sh600260,6159,10676,300
sh600562,0,519,0
sh603955,0,0,0
sz300421,1330,0,0
sz002569,0,543,0
sz002640,11398,12563,0
sz300398,0,500,0
sz002842,400,0,0
sh600678,0,0,0
sh601311,6502,0,0
sh600058,0,0,0
sz300303,0,0,0
sh601258,186921,76024,0
sz000933,101180,139569,3987
sz002776,0,800,0
sh600811,0,4017,0
sz300326,1748,0,0
sh601992,352884,214038,0
sh600597,4025,0,0
sz000001,109283,131531,2064
sh600705,1917,13580,0
sz300483,0,0,0
sz002264,4481,0,0
sz300677,1918,3406,0
sz000877,9088,3641,0
sz300324,1874,4204,0
sh603987,891,0,0
sz300563,0,0,0
sh600633,831,2300,0
sh600668,0,0,0
sz300107,26951,20860,0
sh600463,0,0,0
sh601229,24253,20416,0
sz000037,9227,12062,0
sh603599,0,0,0
sz002498,0,0,0
sz002339,0,0,0
sz300664,4430,7801,0
sz002214,0,0,0
sz002458,0,904,0
sh600173,0,0,0
sh600555,3742,24446,0
sz300122,5006,6515,0
sz002114,0,787,0
sh600500,0,0,0
sz000669,0,0,0
sh600626,0,1543,0
sh603359,0,0,0
sz002306,0,0,0
sz002158,10733,8982,0
sh600000,19573,30228,0
sz002010,0,876,0
sz002611,0,0,0
sz300206,0,0,0
sz300517,0,0,0
sz000541,0,0,0
sh600018,49662,34233,0
sh601360,59883,46540,15458
sh600420,2716,0,0
sz000795,0,10598,0
sz300271,5603,8309,0
sh603787,0,0,0
sz300152,2401,0,0
sz000869,0,300,0
sz000710,528,0,0
sh601798,0,0,0
sh601949,3409,0,0
sh603128,1360,0,0
sh601788,3536,1220,0
sh600233,14558,1755,1013
sz300291,2000,0,0
sz000968,2838,1137,0
sh600499,5446,29205,0
sh600796,0,0,0
sz000610,0,0,0
sz000030,0,0,0
sh603500,0,0,0
sz002915,4002,3105,0
sz002669,468,700,0
sh600151,0,3509,0
sh601106,0,0,0
sh603136,0,0,0
sh600153,28732,8956,2020
sz002058,0,0,0
sz300113,5966,25328,611
sz002125,0,0,0
sh600629,0,0,0
sz000005,19653,32470,0
sh603028,0,0,0
sz000538,6912,2496,100
sh600789,57976,34429,1431
sz300693,0,0,0
sz002430,800,0,0
sh603366,0,0,0
sh603806,0,0,0
sh603709,0,0,0
sh601126,0,0,0
sz000543,196781,96557,2098
sh600549,26673,26342,1132
sz002796,0,0,0
sz002629,5996,4465,0
sz300559,600,0,0
sz002462,427,0,0
sh601882,0,0,0
sh600083,0,0,0
sz300602,1015,0,0
sz000539,0,0,0
sz000692,0,0,0
sz300164,0,0,0
sz000584,964,1486,0
sh601997,6725,15692,0
sz002112,1004,1130,0
sh600511,2072,1461,0
sz002620,0,0,0
sh600647,0,0,0
sh603232,0,0,0
sh600650,0,0,0
sz002900,1229,0,0
sh600370,10220,0,0
sh600775,0,0,0
sh600706,0,0,0
sz300007,762,0,0
sh600961,0,0,0
sh600608,0,0,0
sh600563,0,0,0
sz300485,0,0,0
sh603727,0,0,0
sz002577,0,0,0
sz000826,2596,1090,0
sz300265,0,0,0
sz300277,0,2957,0
sh600321,3198,0,0
sh603029,1468,0,0
sh600388,6815,2546,0
sz002362,1610,1650,0
sz002051,1000,1068,0
sz000055,8610,1709,0
sz300158,2935,1722,0
sz300709,427,368,0
sh600884,11322,27621,0
sz300450,10308,8184,1403
sz000996,5228,3218,0
sz300657,0,0,0
sh601390,6227,12353,0
sz300131,0,0,0
sh603506,1766,909,0
sh603899,0,518,0
sh600529,0,1005,0
sz002573,17884,3920,0
sz000069,63607,26530,0
sz002408,7468,1503,0
sz300495,10522,4200,0
sh600649,0,1236,0
sz300503,0,0,0
sz300638,651,0,0
sz002822,0,0,0
sh603738,0,0,0
sz000601,0,1723,0
sh600277,0,0,0
sh600901,268684,341415,20460
sz000004,0,0,0
sz002727,451,553,0
sz000521,0,0,0
sh603856,0,0,0
sz300375,0,0,0
sh600795,334055,153212,0
sz300316,6837,16081,1147
sz002819,0,0,0
sz002650,39806,10543,0
sz002296,0,2052,0
sz300012,9040,0,0
sz002681,2315,5959,0
sh603007,0,2364,0
sh601212,2210,2168,0
sz002176,28609,115731,3062
sz000430,0,0,0
sz300320,0,1400,0
sz000666,0,628,0
sh603996,710,0,0
sz300340,0,2741,0
sh600268,0,0,0
sz002118,23230,23553,3074
sz000965,4896,0,0
sz002813,897,0,0
sz000862,0,0,0
sz002117,894,0,0
sz000848,0,1066,0
sz002003,0,0,0
sz002432,7049,14013,0
sz002175,0,0,0
sh603298,0,0,0
sz300268,1532,0,0
sh603818,0,0,0
sz000423,3647,4637,0
sh600052,0,0,0
sh600701,4223,2110,0
sh600305,0,0,0
sz300488,0,0,0
sz002540,0,0,0
sz002386,0,0,0
sz002906,600,0,0
sz300232,696,667,0
sz002119,0,0,0
sz300293,0,0,0
sh600056,11135,2581,0
sz000585,6855,0,0
sh600158,5467,13541,0
sh600787,40091,11193,1010
sz002015,0,2454,0
sh603387,240,0,0
sz000532,0,0,0
sz300016,1080,0,0
sh600847,0,0,0
sh601666,17919,39174,0
sh600986,1249,0,0
sz002711,45618,3366,4471
sh603898,0,0,0
sz300705,0,0,0
sh601877,8030,4130,0
sz300358,0,0,0
sz300608,0,0,0
sz002094,1520,2946,0
sz000063,54558,68915,1635
sh600212,5485,1455,0
sz002247,0,0,0
sz000042,0,0,0
sz000831,3007,4415,0
sh600422,3408,2397,0
sz002359,3154,9901,1041
sh600980,0,0,0
sz002557,0,0,0
sz002173,0,0,0
sz002881,0,0,0
sh600767,0,0,0
sh603729,0,560,0
sh603638,0,0,0
sz300069,0,0,0
sh603006,4334,33967,5176
sz300351,0,0,0
sh601038,0,0,0
sz300458,483,2603,1233
sh601515,0,0,0
sz000338,25478,63747,0
sh603311,0,0,0
sz300097,973,1818,0
sz300234,0,0,0
sh603156,913,1464,0
sh600531,2659,7033,0
sh600744,3175,0,0
sh601006,12408,48046,0
sz000560,0,0,0
sh600517,0,0,0
sz002009,606,0,0
sz000503,16936,16333,813
sz002559,0,1315,0
sz300091,3682,0,0
sh600545,0,0,0
sh603689,0,959,0
sz002808,0,0,0
sz002658,0,0,0
sh600966,20299,11257,0
sz002333,0,2308,0
sz002568,0,800,0
sh601908,0,0,0
sh600714,0,0,0
sz002377,0,1500,0
sz300100,2400,1361,0
sz002331,0,0,0
sh603833,103,89,0
sh603588,0,0,0
sz002283,0,0,0
sh603916,3239,0,0
sz000697,0,539,0
sz300142,10044,2414,0
sz300480,0,0,0
sz300040,0,0,0
sz000009,2102,3316,0
sz300580,0,0,0
sh603038,0,0,0
sh600782,21990,60677,0
sz000687,4521,0,0
sh600936,0,0,0
sh603868,581,690,0
sz002825,0,0,0
sh603339,0,0,0
sh603566,0,0,0
sz002172,0,0,0
sh600571,2115,0,0
sz002562,2973,2228,0
sh603637,0,0,0
sz002452,0,0,0
sz300275,0,0,0
sh603183,0,0,0
sh601088,26355,46577,0
sz000702,2265,1750,0
sz000739,0,2006,0
sz000927,0,0,0
sz002868,0,0,0
sh600188,14919,21933,0
sh600730,0,0,0
sz300598,0,1733,0
sz000519,1919,1500,0
sz300178,0,0,0
sz300024,4994,3164,0
sh603165,286,0,0
sz000727,139746,135920,0
sh603958,1084,2321,0
sz002644,1507,869,0
sh603589,5198,1163,0
sz002329,0,0,0
sh600722,5411,0,0
sz002775,600,0,0
sz300620,463,2695,0
sh600475,0,0,0
sh600428,2163,2013,0
sz002651,0,0,0
sz002762,0,0,0
sz300649,7229,9620,0
sh600713,0,0,0
sh601111,67760,46561,1389
sh600385,0,0,0
sz300603,1207,0,0
sz300610,0,0,0
sz002390,0,1534,0
sh600967,1211,2181,0
sh600780,17961,14340,0
sh600606,165804,115722,0
sh600586,0,0,0
sz000880,0,0,0
sz002550,0,0,0
sh600616,4497,0,0
sh600599,0,0,0
sz002490,0,0,0
sz300310,0,0,0
sh600105,0,1953,0
sz002767,914,0,0
sh600080,0,5120,0
sz300619,0,0,0
sh601558,0,0,0
sh600748,0,0,0
sh603050,4792,9486,0
sh603585,0,0,0
sz000026,0,0,0
sh600981,0,0,0
sh603059,25403,28964,9075
sz002064,2238,0,0
sz300554,0,0,0
sz002811,0,0,0
sz000975,1486,4693,0
sh600655,0,0,0
sz300432,0,0,0
sz000636,10667,17868,0
sz002492,1865,0,0
sz300665,0,0,0
sz300203,2049,4800,0
sz300150,0,0,0
sz000719,0,0,0
sz300400,0,0,0
sh603516,11302,35464,2496
sz300566,390,0,0
sh600094,0,2000,0
sz000582,0,0,0
sh603595,813,764,0
sz300597,884,0,0
sh600533,0,0,0
sh603308,0,0,0
sz002588,0,1622,0
sh600761,0,0,0
sh601880,0,12156,0
sz300496,6209,4614,0
sh600985,0,0,0
sh601607,34142,5443,1006
sh601058,15864,0,0
sz300244,7277,3002,0
sz002149,0,0,0
sz002583,0,1806,0
sz002556,0,0,0
sz000861,0,0,0
sz002807,1374,4073,0
sh603356,1504,1387,0
sz300112,0,0,0
sh600248,0,0,0
sh603999,0,0,0
sh600546,0,0,0
sh603388,0,0,0
sz002824,0,0,0
sh603023,0,0,0
sh600237,0,4923,0
sz300011,0,0,0
sh600112,4710,5578,0
sz300639,488,768,0
sh603906,0,932,0
sz002925,11470,12665,1393
sh603300,1303,0,0
sz002486,0,3320,0
sz002508,8391,10011,275
sz002725,0,0,0
sz300541,0,0,0
sz002298,0,0,0
sh600816,0,4866,2287
sz300442,0,0,0
sz300720,1052,0,0
sz300109,2032,974,0
sh603730,0,0,0
sh601800,6824,830,0
sh600446,808,1471,0
sh600292,0,0,0
sz000908,2000,0,0
sh601009,53297,79797,2614
sz002582,0,1002,0
sz002347,0,0,0
sz300196,0,0,0
sh600747,4949,10000,0
sz300080,0,0,0
sz002290,0,0,0
sz002029,2002,4165,0
sh603077,331128,199055,0
sh600192,0,0,0
sh600741,25388,11538,529
sz300572,517,0,0
sh600439,0,7911,0
sh603117,4511,1300,0
sz000498,1945,0,0
sz000065,0,1365,0
sz002789,0,0,0
sz300059,58832,94914,3526
sz002774,0,0,0
sz000528,9480,11103,3060
sz300319,0,0,0
sz000418,0,183,0
sh600079,41312,12264,0
sh600462,5026,0,0
sz300565,0,0,0
sh600210,0,2571,0
sz002531,5590,1489,0
sh603227,0,0,0
sz300076,0,0,0
sh600581,15282,12041,0
sh600461,0,0,0
sz000605,3555,5928,0
sz300144,952,1011,0
sz000783,0,0,0
sh603636,0,0,0
sh600683,6783,0,0
sz002018,8805,35120,0
sh603661,0,0,0
sh600293,0,0,0
sz000667,10345,0,0
sz000990,0,0,0
sz300525,0,0,0
sz300022,0,0,0
sh600776,0,0,0
sh603882,462,813,0
sz002184,39912,51644,3485
sz002608,0,0,0
sz300026,6717,0,0
sz002134,0,0,0
sz300135,0,0,0
sz002110,12898,10716,0
sh601965,1250,0,0
sz300223,0,1356,390
sz000593,0,0,0
sz002334,0,2486,0
sh600326,0,2329,0
sh603331,0,0,0
sh601007,1060,0,0
sz002251,1104,678,0
sh600696,0,0,0
sz000709,178440,67495,0
sh603801,359,0,0
sz000628,0,0,0
sz300314,0,0,0
sz000597,1024,7402,1603
sh600743,0,0,0
sh600977,3252,4064,0
sh600557,4319,0,0
sz002826,1774,730,0
sz002332,12552,1208,0
sz002348,0,0,0
sh600561,0,0,0
sz300633,0,0,0
sz002493,0,2841,0
sz002786,0,0,0
sh600155,3668,2269,0
sz002627,0,0,0
sh600123,0,1578,0
sz000902,0,0,0
sz300440,0,0,0
sz300077,5927,5340,0
sz002546,0,0,0
sh603063,1014,1019,0
sh600812,0,0,0
sh600992,0,0,0
sz002192,3637,4578,0
sh600815,0,0,0
sz000632,0,0,0
sz300727,2268,1577,0
sh603018,0,0,0
sz002157,0,0,0
sz300521,0,836,0
sh600373,883,0,0
sh600893,7398,4913,0
sh603060,0,0,0
sh600350,0,3718,0
sz300396,0,0,0
sz002672,0,809,0
sz000651,186366,116146,11556
sh603660,279,282,0
sz002782,0,0,0
sz300740,10145,13099,945
sz000691,0,0,0
sz002687,0,0,0
sz002920,2803,2857,0
sh601388,7202,18409,0
sz000876,0,7313,0
sz300691,0,0,0
sz300029,0,0,0
sh600874,89203,27890,1618
sh600227,0,6693,0
sh600505,0,0,0
sz002314,3000,0,0
sz300347,2886,3841,0
sz300274,0,848,0
sz300721,655,0,0
sz002666,0,0,0
sh603618,0,0,0
sz300420,0,9301,0
sz300688,4567,6096,393
sz002142,12963,16145,2581
sz002773,1661,2789,0
sz002616,0,0,0
sz002471,5954,0,0
sz002500,0,3935,0
sh601137,0,0,0
sz002777,0,0,0
sz000898,24881,36932,0
sz002028,1000,2000,0
sz300557,0,0,0
sz000673,0,0,0
sh603920,0,1251,0
sz300074,5376,1628,0
sh603889,2250,0,0
sz300033,969,852,0
sh601000,20174,11434,0
sh600017,3002,12221,0
sz000828,0,0,0
sz300428,755,833,0
sh603037,0,0,0
sh600480,2067,972,0
sh603896,1368,209,0
sh600837,7451,15140,0
sh600558,2300,0,0
sh603188,800,1601,0
sz000720,0,2388,0
sz000611,0,4723,0
sz002349,0,0,0
sh603939,300,0,0
sz002718,0,0,0
sz002197,0,0,0
sh603871,1712,968,158
sz002624,1471,1963,0
sh600919,26591,13266,0
sh603036,0,0,0
sz300520,2515,1121,0
sz300251,9924,21623,844
sh600771,2589,1996,0
sh600642,3145,7439,0
sz300030,0,0,0
sz002665,19229,0,0
sz002708,0,0,0
sz002446,0,0,0
sz000985,0,0,0
sz300416,0,0,0
sh601200,4177,1652,0
sz300061,0,0,0
sh600466,11236,6941,0
sz002779,0,0,0
sh600247,0,0,0
sz002907,18291,12380,1493
sz000920,0,0,0
sz002485,0,1930,526
sz300248,1186,0,0
sz002527,0,0,0
sh601222,0,2983,0
sz300366,0,1142,0
sh603838,0,0,0
sz300308,1961,716,0
sz300710,341,0,0
sz002246,0,0,0
sz002325,0,0,0
sz002862,436,1203,0
sz300177,0,0,0
sh600409,4899,4737,0
sz000810,1589,0,0
sz000955,0,3975,0
sz000153,2304,2400,0
sh600449,0,2046,0
sh600216,12324,11015,0
sz000157,10947,15659,0
sh600509,1686,0,0
sh600890,0,1007,0
sz000856,66213,25520,844
sz002354,3216,2639,968
sh600033,3456,0,0
sz002186,0,0,0
sh603026,0,0,0
sz002254,5604,2220,0
sz000518,7090,16985,2020
sz000895,13444,3880,0
sz002589,21763,5289,0
sh600359,0,4459,0
sh600330,4974,10233,0
sh600256,11464,4971,0
sz300502,0,455,0
sh600199,0,0,0
sz002062,3010,0,0
sz300466,0,3096,0
sz300397,673,0,0
sh600311,0,6210,0
sh603615,1880,0,0
sh600325,22351,18133,0
sz300402,0,0,0
sz300539,1104,0,0
sz000712,887,1010,0
sh600754,387,697,0
sz300115,2323,9055,0
sz002473,0,0,0
sz002579,0,0,0
sz300042,0,0,0
sz000926,5371,4745,0
sh603288,0,936,0
sh600319,0,0,0
sh600088,0,0,0
sh600621,0,2068,0
sz002215,0,0,0
sz000962,0,0,0
sh600724,0,0,0
sz300462,2114,864,0
sh600519,12363,8187,860
sh603558,0,0,0
sz300626,0,0,0
sz300301,0,0,0
sz000967,0,1956,0
sz002281,3610,10312,0
sh600027,129930,73218,0
sz002815,0,0,0
sz300260,1002,9150,3003
sz002456,38243,20710,1504
sh601100,458,882,0
sz002659,0,0,0
sz300481,0,0,0
sh600011,113549,63621,0
sz300399,0,0,0
sz000791,0,3490,0
sz000657,0,0,0
sh601890,0,0,0
sz300669,0,0,0
sh600962,0,0,0
sz002400,8111,3580,0
sh600116,0,0,0
sz002510,2048,0,0
sz300213,2775,0,0
sh600131,0,0,0
sh600180,0,0,0
sz300422,790,0,0
sz002086,9282,1121,0
sh603823,0,0,0
sh603330,0,0,0
sz300343,0,3194,0
sz002518,0,0,0
sh600383,30356,18738,0
sh600482,2202,0,0
sh601012,23089,30886,966
sh603127,1035,3681,0
sz300239,0,0,0
sh600008,320546,153757,0
sz002821,1883,970,205
sz002244,11013,7604,5023
sh600100,8548,20060,0
sz300536,0,0,0
sz300622,0,0,0
sh603679,500,0,0
sz300615,0,0,0
sz000858,128321,81585,5183
sz300096,0,1005,0
sz300601,18879,3806,332
sh600585,47396,37642,1761
sh601228,16971,16817,0
sh600871,19733,5840,0
sh600302,0,0,0
sz300289,0,6100,0
sh600333,0,0,0
sh600836,26181,8022,0
sh601888,14890,4563,248
sz300489,0,0,0
sh600129,1200,6196,0
sh603633,0,0,0
sz002663,2500,58008,0
sz002470,0,0,0
sz000078,4861,17933,0
sh600665,7500,0,0
sz002211,0,0,0
sz300573,0,0,0
sh600127,0,0,0
sz002132,0,0,0
sz300328,0,1150,0
sz000777,0,0,0
sz300741,2400,3714,196
sh600687,9045,0,0
sz300569,0,0,0
sz300066,0,0,0
sh601699,43365,67916,0
sz002206,0,0,0
sz300484,576,0,0
sz000731,0,4741,0
sz300616,127,63,0
sz000713,1716,0,0
sz300736,234,0,0
sh603669,0,0,0
sz002706,0,0,0
sz000530,0,0,0
sh600838,0,1940,0
sz300236,2919,5280,302
sz002806,0,0,0
sz000780,0,0,0
sz002200,0,0,0
sh603383,0,0,0
sh600267,10339,8867,0
sz300270,0,0,0
sh600265,0,0,0
sh603665,0,0,0
sz300348,0,0,0
sh600495,0,0,0
sz002266,0,4500,0
sh603020,0,0,0
sh601966,2776,4166,0
sz300680,0,0,0
sz002343,368,816,0
sz000625,3926,2123,0
sh601377,3329,18467,0
sz000951,0,0,0
sz300117,2013,0,0
sz002873,285,0,0
sh601318,272773,217473,22005
sz000401,241813,111083,7607
sh603017,0,0,0
sz002217,5308,8239,0
sz002564,1848,0,0
sh603067,0,0,0
sh600368,3105,0,0
sz000963,9013,5345,484
sz000750,9796,5808,0
sz002046,0,0,0
sh603690,0,0,0
sz000921,2478,0,0
sz002850,0,0,0
sz000735,6784,39515,0
sz002063,12603,6599,1736
sh600674,3810,1210,0
sz002467,0,0,0
sz002440,10384,11766,943
sh603586,0,0,0
sz300438,0,0,0
sh600038,4338,3288,0
sh600810,15209,25421,2355
sz000088,3510,4004,0
sz000886,0,1862,0
sh603528,0,4005,0
sz300712,0,0,0
sh601801,0,0,0
sh600550,24015,17454,0
sh603329,9544,8384,0
sz002533,0,0,0
sz002433,1814,5010,0
sz002027,41493,22723,1491
sz002396,1782,5833,0
sz300429,0,407,0
sz000981,0,0,0
sz002397,0,0,0
sz002376,7407,24205,0
sz300017,74423,70512,2891
sz002660,0,0,0
sh600225,0,0,0
sz002101,0,0,0
sz000682,0,0,0
sz002369,8698,4615,0
sz002923,1007,649,0
sh600587,0,0,0
sh603337,0,0,0
sz300405,0,0,0
sz300365,0,0,0
sz002626,17398,6192,558
sz000938,1709,1674,0
sz000922,0,2066,0
sz002320,4343,9873,0
sz300707,13999,11359,1214
sz002469,0,2000,0
sh600007,0,0,0
sz002598,0,0,0
sz300703,0,0,0
sz300357,1528,189,0
sz002394,0,0,0
sh600405,0,0,0
sz300018,0,1700,0
sz002026,0,0,0
sh603938,1177,3886,0
sz300230,1050,6510,973
sh600518,55598,26494,0
sh600160,81704,82165,5418
sh603777,472,524,0
sh600543,0,0,0
sh600589,0,0,0
sz300126,0,0,0
sz300650,11164,8684,514
sz000158,1791,0,0
sz002817,0,0,0
sz002031,0,0,0
sh603283,1627,634,0
sh600688,2120,2000,0
sz000909,0,0,0
sh600172,29822,9498,0
sz002863,36477,49839,2069
sz002171,0,1900,0
sz002048,1303,612,0
sh600213,0,2565,0
sh600477,27184,16807,0
sz000557,0,0,0
sz300717,0,0,0
sh603177,0,0,0
sz000755,0,0,0
sh600623,6023,5840,0
sz000999,1392,0,0
sh601777,0,0,0
sz300318,0,0,0
sh600530,3000,0,0
sh603168,0,0,0
sz000529,0,0,0
sz300092,0,0,0
sh603042,0,0,0
sz002695,639,3173,0
sz002722,10052,2051,0
sz300499,0,0,0
sz300063,2790,26300,0
sz300658,0,0,0
sh603306,0,0,0
sz300621,3417,0,0
sh600070,0,1897,0
sh600167,0,0,0
sz000036,0,8894,0
sh600723,0,0,0
sh600868,37847,75066,2907
sh600098,0,0,0
sh603619,797,1649,0
sz002272,0,0,0
sh601878,0,830,0
sh600202,0,0,0
sz002323,0,0,0
sh603839,0,0,0
sz300350,0,0,0
sz002155,1292,1424,0
sz300137,28381,7544,0
sh603683,2197,907,0
sz000717,7333,22284,0
sz000652,0,0,0
sz300737,5993,8631,0
sz000825,188742,174285,0
sh600109,1398,2000,0
sh600320,0,2491,0
sz000637,0,0,0
sz002922,466,505,0
sz000596,909,185,0
sh600853,0,0,0
sh603186,583,0,0
sh600729,0,0,0
sz002315,0,0,0
sh601611,2300,0,0
sz300516,0,0,0
sh603056,11500,7181,632
sh600584,18143,30314,0
sh603656,0,0,0
sz002209,0,0,0
sz002223,9538,4110,0
sz002871,0,0,0
sz000893,0,5674,0
sh601678,28175,33740,0
sz002454,1148,0,0
sz000801,0,2062,0
sh603058,1516,0,0
sh600238,3384,9019,0
sh603686,0,0,0
sh600658,0,0,0
sh601028,0,0,0
sh600605,4085,0,0
sz300300,1126,0,0
sz300673,0,0,0
sh603933,270,0,0
sz000860,0,1859,0
sh600386,0,0,0
sh603226,0,0,0
sz300511,1195,0,0
sh600152,0,0,0
sz300549,0,0,0
sz300731,2328,774,432
sz300218,0,0,0
sz000620,0,1713,0
sz000997,6939,1105,0
sz002154,0,0,0
sz300475,0,0,0
sz002635,4403,6643,0
sh601555,5720,1341,0
sz002255,0,0,0
sh600854,0,0,0
sz002403,0,0,0
sz300713,279,0,0
sh603909,0,0,0
sz300279,0,0,0
sh600604,0,9281,0
sz300181,3442,1650,0
sz000738,43358,44377,750
sz002265,0,0,0
sz002463,0,0,0
sz002205,0,0,0
sh600138,702,0,0
sh600887,426650,411834,46417
sz002116,0,0,0
sz002908,1415,2137,0
sz002888,0,0,0
sz300531,0,0,0
sz000899,0,0,0
sh600478,0,0,0
sz300660,0,0,0
sh600873,10478,6112,0
sz000798,0,0,0
sh603829,0,0,0
sz002676,10491,8963,0
sh603161,0,498,0
sz000752,1567,811,0
sh600193,2544,4834,0
sh600489,5567,5341,0
sh603225,339,1355,0
sz000970,25180,13993,0
sz300706,741,574,0
sz300195,0,1030,0
sz000762,1814,11257,0
sz002671,0,0,0
sh600996,0,0,0
sz002872,0,0,0
sz002050,3387,6699,0
sh603005,0,0,0
sh603708,4284,2419,0
sz002912,799,105,0
sh603080,4190,2992,587
sz300267,0,9626,0
sh603089,0,0,0
sz002654,0,2480,0
sh600367,0,0,0
sh600467,0,0,0
sz000567,0,520,387
sh600353,0,0,0
sh600308,0,0,0
sz000151,0,979,0
sz002194,2636,0,0
sz000690,0,0,0
sz002585,1873,0,0
sz002007,14071,1084,0
sh600323,0,0,0
sz002735,0,311,0
sh600538,0,0,0
sz002302,20436,20228,917
sz002228,3000,0,0
sz002208,5914,17400,0
sh601328,175995,185279,2179
sh601669,0,2102,0
sh600201,8077,4598,0
sh601789,0,0,0
sz300263,2570,0,0
sz002548,0,0,0
sh601113,12342,0,0
sh603677,0,0,0
sz300553,0,0,0
sh600029,99102,108729,959
sz300287,19765,38152,0
sz000045,0,1478,0
sz300404,880,0,0
sz300148,2000,1689,0
sh600078,0,0,0
sz000802,0,2118,0
sz002052,0,0,0
sz002105,0,0,0
sh600119,1700,0,0
sz000633,0,0,0
sz300172,0,0,0
sh601689,0,0,0
sz300552,0,0,0
sz002277,0,2266,0
sz002757,0,0,0
sh603628,0,0,0
sz000623,550,781,0
sz002707,0,916,0
sz000887,10568,3891,0
sz300378,0,0,0
sh600057,0,0,0
sh603197,0,0,0
sz000096,0,0,0
sh600215,0,0,0
sh600982,0,0,0
sz002712,0,0,0
sh603030,0,0,0
sz002740,0,0,0
sz002421,14980,10217,0
sz002148,0,0,0
sz300371,0,0,0
sz000607,0,0,0
sz002717,1845,1256,0
sh603385,0,0,0
sz002248,1150,0,0
sh600635,10022,52487,0
sz000799,1057,736,0
sh600818,0,0,0
sz002758,1427,0,0
sh600166,28180,4000,0
sz002901,0,0,0
sh600398,7441,31603,1140
sz000400,1040,0,0
sz002420,0,0,0
sh603015,0,3900,0
sz002869,1400,3682,0
sz300579,0,0,0
sh600379,2049,2536,0
sz002178,14695,7430,0
sh603848,1854,820,0
sh603008,0,0,0
sz002395,0,0,0
sh601872,0,0,0
sh600833,0,0,0
sh600559,0,0,0
sh601226,0,0,0
sz000681,2060,17228,0
sz300655,0,0,0
sz300036,0,0,0
sz002893,2736,1105,463
sz300253,8718,34478,0
sh603083,4685,487,282
sh603025,0,300,0
sz300072,14889,9321,0
sz300008,0,0,0
sz300161,1305,4156,0
sh603885,659,659,0
sh600663,0,0,0
sh600249,0,1999,0
sh601169,17540,14360,0
sh603229,0,0,0
sh603496,0,0,0
sh603010,0,1898,0
sz002594,4628,8002,262
sh601336,12568,7683,764
sz000676,3196,0,0
sz300189,0,0,0
sz002499,0,0,0
sz300644,3603,2129,501
sz300006,14100,0,0
sz002190,1217,1487,0
sz002475,3089,10763,0
sh600490,209769,232091,49162
sz300604,0,0,0
sz002785,0,0,0
sh600720,12880,3771,0
sz002737,8878,2083,375
sh600128,0,0,0
sz002820,0,0,0
sh600869,13970,11741,0
sz002769,33190,36285,538
sh600829,0,0,0
sh600783,0,0,0
sz300305,0,0,0
sh600704,1515,0,0
sh600886,39080,24737,0
sz300494,0,800,0
sz300045,0,0,0
sz002855,894,0,0
sh601919,92706,50283,0
sz300607,0,0,0
sz300730,2977,10409,0
sz002225,0,0,0
sz002286,0,0,0
sz000552,0,0,0
sz300453,0,0,0
sz000761,0,3967,0
sh600207,25676,32374,6801
sh600389,0,0,0
sh603828,0,0,0
sz002127,0,9298,0
sz002683,0,0,0
sz300523,0,0,0
sz300547,0,367,0
sh603519,0,0,0
sh603378,0,0,0
sz002336,0,0,0
sz002410,5769,1197,0
sz002693,0,0,0
sz000707,0,0,0
sh600506,0,0,0
sz300687,436,284,0
sz002747,0,1000,0
sz002805,0,0,0
sz002096,0,0,0
sh600654,0,0,0
sh600392,69867,46325,4699
sh603993,811394,955585,14333
sh601633,836,0,0
sh600862,0,0,0
sz000068,2702,0,0
sz000859,0,0,0
sz300406,0,0,0
sz002040,0,0,0
sz002748,0,0,0
sz002278,2893,0,0
sh600619,0,0,0
sz002680,16756,11650,0
sh600298,12541,3292,0
sh600004,3027,0,0
sh600496,27318,0,0
sh600690,150303,80705,4450
sh603429,300,0,0
sh600346,6746,20814,0
sz300104,266725,193818,0
sh603703,0,0,0
sz002406,0,0,0
sh600525,2980,3530,0
sz002636,0,0,0
sh603568,0,0,0
sz300002,3562,18395,0
sz300568,0,0,0
sz002138,0,3666,0
sz002439,2914,5310,0
sz300699,916,864,0
sz300739,1995,2327,370
sh603577,0,0,0
sh603139,0,0,0
sz300528,0,0,0
sh600498,0,2785,390
sh600481,0,0,0
sz000020,5448,27036,5792
sh600114,0,1006,0
sh603160,561,150,0
sz300473,0,0,0
sh603238,0,0,0
sz002011,4526,0,0
sh600580,1401,0,0
sz002120,2381,1230,0
sz002237,1205,2979,0
sh603278,0,0,0
sz002921,647,522,0
sz300153,0,0,0
sh603569,0,0,0
sz300106,0,1895,0
sh600190,0,0,0
sz300250,0,0,0
sz002864,532,0,0
sz000155,5793,16692,0
sh603579,0,0,0
sh603963,0,7810,0
sz002167,1000,1001,0
sz000935,2091,2726,0
sz300294,601,0,0
sz002887,502,0,0
sz000599,0,0,0
sh601928,0,1474,0
sh600547,21750,13254,1547
sz300339,9272,4399,0
sz300692,781,449,0
sz000925,0,0,0
sh600883,0,0,0
sz000416,0,0,0
sh600170,9696,10914,0
sz002129,152746,106204,0
sh600513,0,0,0
sh600652,4691,0,0
sz000683,3562,9513,0
sz002845,523,0,0
sz300121,0,0,0
sh600211,0,0,0
sz300667,296,270,0
sz300286,0,0,0
sz002630,0,3879,0
sz300389,0,0,0
sh600113,1322,4482,0
sz300377,8054,23060,1028
sh600503,3572,4373,0
sz002001,17031,13059,878
sz000789,10046,4328,0
sh600889,0,16918,0
sz002188,0,0,0
sz002734,689,0,0
sz300733,1068,938,0
sh600998,10857,1069,0
sz002234,1010,5940,0
sz300261,0,0,0
sh600507,12651,27596,0
sz002326,2783,2000,0
sz001979,55473,24438,0
sh603707,1522,721,0
sz300678,1842,8657,859
sz000421,0,0,0
sh603877,398,590,0
sz300160,0,0,0
sz300246,0,0,0
sz000915,9119,3908,0
sz002156,1891,15429,0
sz002759,0,0,0
sz300256,0,1630,0
sz000608,0,0,0
sz300094,1522,0,0
sz002586,0,0,0
sz002111,0,0,0
sz300630,1031,0,0
sh600200,1039,0,0
sh601333,13231,0,0
sz300671,0,0,0
sz000677,0,0,0
sz002426,4949,3000,0
sh603126,0,1940,0
sz002089,2000,1698,0
sh603922,0,0,0
sh600336,0,0,0
sh600139,0,0,0
sz300228,0,1342,0
sz000881,0,0,0
sz000413,4292,19802,0
sz300105,0,0,0
sz300315,24351,16629,0
sh600997,0,0,0
sh603198,0,0,0
sh600171,6123,19188,0
sz000537,4961,20521,0
sh600135,0,1492,1307
sz300306,0,667,0
sh600628,1049,0,0
sz000931,0,2280,0
sh601828,49424,25960,1785
sz300330,0,0,0
sz002544,0,0,0
sz002802,0,0,0
sh600360,3504,3500,0
sz002136,0,0,0
sh600361,0,0,0
sh601101,0,0,0
sz300529,1270,1033,0
sz000656,4836,10983,0
sz000809,2984,0,0
sz002282,0,0,0
sh600885,1339,259,0
sh603012,0,0,0
sz002670,0,3065,0
sz002617,711,0,0
sz002476,0,3344,0
sz000903,0,8570,0
sh601238,1279,3852,0
sh603086,0,0,0
sz002878,1109,1715,2154
sz000982,0,3845,0
sh600220,0,0,0
sh603997,0,0,0
sz002495,0,0,0
sz300133,10562,13912,0
sz300666,6083,7788,485
sh601595,0,0,0
sh603396,0,0,0
sh600594,11129,10463,0
sz300388,0,0,0
sh600643,9706,17508,0
sh600572,10230,7866,0
sh600979,0,0,0
sz002852,0,0,0
sh603866,0,0,0
sz002042,15026,1870,0
sh600819,0,0,0
sh603883,1421,568,0
sz002417,0,0,0
sz000014,0,3911,0
sh600801,2110,1768,0
sz300487,21955,15740,3968
sz002428,9812,1854,0
sh600339,0,2713,0
sh600295,1614,0,0
sz002076,2124,0,0
sh603991,0,0,0
sz300009,7378,7247,410
sz002541,0,0,0
sh600844,0,0,0
sh603966,0,0,0
sz300210,0,0,0
sz300176,237,0,0
sh600532,0,0,0
sz002459,0,0,0
sh600037,0,2507,0
sh600843,0,0,0
sz002053,0,0,0
sh600476,0,0,0
sz300165,0,0,0
sz300700,1409,151,201
sh601231,9443,31531,0
sh603663,0,0,0
sz000090,1292,2255,0
sz002637,0,0,0
sz002289,0,0,0
sz300184,0,0,0
sh603133,0,0,0
sh601601,13234,14347,1818
sh603648,7919,4192,0
sz002099,2463,0,0
sh600329,0,0,0
sz300295,0,0,0
sz300695,0,0,0
sh600805,0,0,0
sz002686,0,0,0
sh600573,0,0,0
sh600396,0,4459,0
sh600196,61071,35277,3488
sz002434,1734,1220,0
sh603556,0,0,0
sz300001,2692,1016,0
sh600230,917,2194,0
sh600984,0,0,0
sz300200,0,0,0
sh600693,1900,4203,0
sh600025,56652,103992,0
sz300157,17392,3720,7091
sz300025,0,0,0
sz002402,2392,5865,0
sh603189,0,0,0
sz002041,0,0,0
sz002087,0,0,0
sz300379,4206,1214,0
sz300708,7387,4287,421
sh600667,4839,8532,1714
sz300595,580,0,0
sz002250,6327,1051,0
sh603159,0,0,0
sz002649,0,929,0
sh600081,847,0,0
sz300021,5000,2000,0
sz300035,1700,0,0
sz300023,0,0,0
sh600161,968,500,0
sz000425,31440,57455,0
sh603118,3217,0,0
sz002927,23913,51323,7310
sz002516,0,6986,0
sz300188,2740,1751,0
sh603499,411,383,0
sh601188,0,0,0
sz000716,0,0,0
sh600522,22211,45934,0
sh600707,0,0,0
sh600731,0,0,0
sz000627,10005,1403,0
sz002287,1118,1421,0
sh603901,0,0,0
sz000952,0,0,0
sz300322,1744,0,0
sh603088,0,2001,0
sz002465,0,4162,0
sh600848,430,0,0
sz000953,0,0,0
sz000099,0,0,0
sz300355,27220,14126,0
sz002668,2415,6978,0
sz300019,0,0,0
sh601899,2558489,1800559,19092
sh600322,1781,1962,0
sz000554,0,0,0
sh600548,0,0,0
sh600218,0,0,0
sz002231,0,0,0
sh603816,0,0,0
sz002135,0,0,0
sh603043,0,0,0
sz000753,0,3075,0
sz002317,15276,3551,0
sz300532,0,434,0
sh600354,1706,3218,0
sh601021,0,1166,0
sz300472,0,0,0
sz000032,0,1421,0
sh601208,0,0,0
sz300723,4205,4433,0
sz300519,898,1339,0
sz002203,0,0,0
sz002024,31931,55217,815
sh600009,962,1118,0
sz300298,1013,2142,0
sz002153,4223,12392,0
sz002382,1449,1490,1019
sz002696,0,0,0
sz002917,0,4866,0
sz300513,0,0,0
sz002555,5206,16765,0
sz002513,14056,29030,0
sz300492,1007,0,0
sh600397,0,0,0
sh601718,0,2617,0
sz000751,2309,3039,0
sz300635,0,0,0
sz300701,0,0,0
sz002591,0,1000,0
sh600662,0,0,0
sz002322,699,1491,0
sh603880,500,0,0
sz002187,0,0,0
sh600085,12432,2707,304
sz002216,0,0,0
sh603076,0,0,0
sz002270,0,0,0
sh600797,6548,5431,0
sh600602,0,0,0
sh600403,0,0,0
sz002189,2139,3575,0
sh600243,0,0,0
sh600865,0,0,0
sh603321,2280,0,0
sz000524,0,0,0
sz002304,4373,1438,701
sz002054,2400,1546,0
sh600229,0,0,0
sz300418,14968,20776,697
sz000655,0,0,0
sz002455,0,0,0
sh603737,0,0,0
sz000725,1205046,922442,0
sz002222,23157,6435,0
sh603767,1556,0,0
sh600858,0,0,0
sh600312,0,0,0
sz002768,0,1200,0
sz002618,0,0,0
sz002258,2821,2127,0
sz300493,0,0,0
sz002233,3094,0,0
sh601155,15905,14662,0
sh600846,54269,14715,2362
sh600375,0,3027,0
sz300562,640,0,0
sh600470,3924,0,0
sh600035,0,0,0
sz300585,0,597,0
sz300571,0,369,0
sh603602,0,476,0
sh600745,364,1294,0
sh600236,0,2600,0
sh603200,0,0,0
sh603825,0,0,0
sz000850,0,0,0
sz300057,0,0,0
sz002772,0,0,0
sz002537,2872,0,0
sh603813,0,0,0
sz000426,3942,2509,0
sh600077,0,0,0
sh600523,0,0,0
sh601326,30952,11362,0
sh603639,500,0,0
sz300543,1563,1042,0
sz002081,0,3912,0
sz002468,47305,17390,0
sh601199,0,2003,0
sh600095,0,0,0
sh601991,16960,5554,0
sz002572,0,0,0
sh601003,3997,4892,0
sz300725,4050,2765,193
sz002080,2982,456,0
sz000961,4604,9016,0
sz002065,16863,14262,0
sz000728,2530,1960,0
sz002371,11206,4810,1249
sh600582,0,10488,0
sz300247,5005,2123,0
sh601398,766799,675867,0
sh600232,0,0,0
sz000505,0,0,0
sh603559,1681,1156,305
sh603536,0,0,0
sh603926,0,1370,0
sh601566,0,0,0
sh603758,0,0,0
sh603501,0,767,0
sz002853,808,532,0
sh600645,3359,2035,763
sz002066,0,0,0
sh600235,0,0,0
sz002141,0,0,0
sz002567,0,0,0
sz000016,8885,4946,0
sz002012,3446,0,0
sz300214,0,0,0
sz002690,1000,1788,0
sz002407,2906,747,0
sz300486,0,0,0
sz300175,0,6138,0
sh603123,0,0,0
sz000786,52024,17599,4090
sz300125,0,0,0
sh600377,1040,0,0
sz000587,12011,1516,0
sh600718,918,6075,0
sz300194,2200,0,0
sh601016,3377,3301,0
sh603766,5574,3535,0
sz300530,0,0,0
sz300046,0,0,0
sh600651,1221,0,0
sh600611,0,3386,0
sh600433,7753,10141,0
sz000816,91800,117339,0
sh600331,0,0,0
sh603368,0,0,0
sz300055,5711,4034,0
sz300526,0,817,0
sz000852,6057,2047,0
sh603477,2572,0,0
sh600676,1801,0,0
sz000823,7897,6546,0
sz002890,0,0,0
sh601107,0,0,0
sh603289,719,0,0
sh603208,0,0,0
sh601857,30760,20594,0
sz002866,17516,15714,1908
sz002691,0,0,0
sz000759,0,0,0
sh600774,0,0,0
sz002638,2019,10557,0
sz002466,38095,58207,5284
sh601163,0,0,0
sh600860,0,0,0
sz300437,0,0,0
sz000573,0,0,0
sz300459,0,0,0
sz002595,0,0,0
sh601996,0,0,0
sz300722,312,330,0
sz002488,1000,0,0
sz002905,394,1086,0
sz300683,0,0,0
sz002504,0,0,0
sz002102,27393,36384,0
sh600677,0,0,0
sh600468,0,0,0
sh603369,1063,1001,0
sh600281,0,0,0
sh600106,0,2500,0
sz000688,0,1550,0
sz002019,67032,32029,3511
sh603890,1646,0,0
sz300696,0,200,0
sh600448,0,0,0
sh600978,0,0,0
sz002752,0,0,1342
sh600691,0,6959,0
sh600879,1981,12674,0
sz300259,0,0,0
sz300068,0,0,0
sz300408,5630,3527,0
sz002836,3839,0,0
sz002073,3344,10210,0
sz000776,13483,6098,807
sh600851,0,0,0
sh600825,1818,0,0
sz300201,0,0,0
sh603917,0,0,0
sz002243,0,0,0
sz300482,195,201,0
sz300227,0,0,0
sh603979,0,0,0
sz300570,0,0,0
sh600469,0,2167,0
sh603968,0,0,0
sz300474,0,931,0
sz000017,3574,3989,0
sz000668,0,0,0
sz002165,0,0,0
sh601117,1715,11765,0
sh600508,0,0,0
sh600352,123290,67788,0
sz300618,4156,6577,595
sh600410,40947,67789,4848
sz300221,5702,0,0
sz300168,5885,14898,0
sz300166,12137,19377,1774
sz300048,4625,3050,0
sh603108,13226,8856,0
sz300550,0,0,0
sh600648,0,0,0
sz300567,388,96,0
sz000409,0,0,0
sh600521,17498,10940,0
sh600578,3145,0,0
sz002106,0,4011,0
sh600622,0,0,0
sh600926,1613,3932,0
sz002730,0,1257,0
sz300551,0,0,0
sh603808,0,0,0
sz000685,0,0,0
sz002566,0,0,0
sh601158,1965,0,0
sz300509,0,0,0
sh600316,2072,0,0
sh600933,5086,1300,0
sz002043,0,2337,0
sh603303,0,0,0
sh600710,0,0,0
sz002202,25504,10254,0
sz002902,295,0,0
sz002743,1140,0,0
sz002884,202,0,0
sh603918,0,0,0
sz300242,1659,1994,0
sz000501,682,1000,0
sz002267,0,0,0
sh600716,0,3700,0
sz300014,4707,5128,0
sh600030,168657,162885,2736
sz002483,0,0,0
sz002472,0,0,0
sz000969,0,0,0
sh600421,0,0,0
sz000635,0,0,0
sz000619,0,0,0
sz000987,0,1053,0
sz002547,65453,54548,2093
sz300027,12285,36821,0
sz300413,1229,6697,0
sh603776,0,837,0
sh601225,21239,20388,1251
sz300162,0,0,0
sz002418,18816,8395,0
sz002602,0,0,0
sz300537,0,0,0
sz000420,8137,15945,0
sz000782,0,0,0
sz300445,0,0,0
sh603676,4732,3323,0
sz002227,0,0,0
sh603726,0,0,0
sz000715,1476,0,1557
sh600143,0,0,0
sz300716,496,0,0
sz000837,0,0,0
sh603977,800,0,0
sz300058,123321,140115,3975
sh601166,49429,70598,566
sh603929,0,0,0
sz002606,2154,15470,0
sz300738,4804,1760,0
sz002633,0,0,0
sh603001,0,0,0
sh603701,648,0,0
sz002017,0,0,0
sz002104,3453,0,0
sz002664,0,0,0
sh600695,874,0,0
sz000630,72994,14183,0
sz300282,0,0,0
sz002100,0,0,0
sz000006,17287,0,0
sz000581,8168,3905,0
sz300434,0,0,0
sh601918,0,5040,0
sz002330,0,1500,0
sh600520,0,0,0
sh600894,0,1270,0
sh600759,8816,6060,0
sh603580,0,0,0
sz300417,0,0,0
sh603320,1567,546,0
sz300560,0,0,0
sz000546,0,0,0
sh601952,1742,0,0
sh600460,185623,234719,12921
sz000012,12031,5707,0
sh600483,0,0,0
sh600510,0,0,0
sz000089,0,1433,0
sh600456,0,0,0
sh600020,0,0,0
sz002092,2007,13525,992
sh600758,1962,0,0
sz300423,0,0,0
sz002196,0,0,0
sh600355,0,2167,0
sz300015,9335,1762,0
sh600183,9537,11628,810
sz300136,10349,17155,526
sz300095,0,0,0
sz300199,7276,2140,0
sh603518,0,0,0
sz300311,0,0,0
sh603799,45276,52886,10097
sh600828,0,0,0
sz000976,0,0,0
sz002780,0,0,0
sz002643,0,0,0
sh600315,1409,300,0
sz002581,0,0,0
sh600864,0,0,0
sz300183,709,641,0
sz000822,1594,0,0
sz300010,0,1168,0
sz002587,0,0,0
sh601727,0,11486,0
sz002474,0,2369,0
sh600231,9704,2576,0
sz002035,440,0,0
sh600808,12538,46345,0
sh600283,0,0,0
sh600708,8611,9446,0
sh603096,0,155,0
sz300561,843,0,299
sz000813,0,0,0
sz002816,0,0,0
sz000615,36789,14453,1167
sh603110,0,0,0
sz000905,0,0,0
sh603699,1810,600,0
sz002628,0,2100,0
sz300431,18184,15150,514
sh600132,0,0,0
sh600739,0,874,0
sz300735,4974,2224,0
sz002877,0,1868,0
sz000066,9014,17479,0
sz300229,3892,0,0
sz002771,0,0,0
sz002648,1423,4497,0
sh600600,915,1094,0
sh603103,304,1801,0
sh600062,2511,2543,0
sh600059,0,0,0
sh600719,0,0,0
sh601811,0,0,0
sz002364,0,0,0
sz002130,0,0,0
sz002760,948,631,0
sz002899,0,0,0
sh600242,0,0,0
sz002340,512753,321868,5541
sz300533,0,0,0
sz300108,0,0,0
sz002380,0,0,0
sz300654,474,488,362
sz300390,16978,6988,0
sz002506,22521,8958,0
sz300288,0,499,0
sz002240,2725,678,0
sz300235,1576,0,0
sh603716,0,1009,0
sz002378,0,0,0
sz002416,0,0,0
sh600073,0,0,0
sz002351,0,0,0
sh600369,0,6797,0
sz002014,3532,45277,0
sz000590,0,0,0
sh601901,0,2467,0
sh600091,0,0,0
sz002297,0,0,0
sz300584,956,303,0
sz002447,21548,38523,0
sz002798,0,565,0
sh601998,24756,43251,0
sz300039,4605,1999,0
sz000502,0,0,0
sh600338,0,2522,0
sz300645,521,1594,0
sh600184,0,0,0
sz000028,385,226,0
sz002145,1975,0,0
sh603035,0,798,0
sz002090,0,0,0
sh600624,0,0,0
sz300415,699,0,0
sh600176,8085,5942,0
sz002733,0,0,0
sz300461,0,0,0
sh603809,0,375,0
sh600814,0,0,0
sh601717,2115,1988,0
sh600732,0,2220,0
sh600097,0,0,0
sh603678,0,0,0
sz300369,2509,3283,0
sz002641,0,0,0
sz300627,315,591,0
sz002392,3237,0,0
sz300631,0,0,0
sh600168,0,0,0
sz002517,31512,46164,590
sz002279,1749,0,0
sh600821,0,0,0
sz002688,0,0,0
sz002610,15775,4900,0
sh600075,0,1688,0
sz300427,1733,3575,0
sh600995,0,0,0
sz300385,0,0,0
sh600703,14999,24567,917
sh600380,10528,7515,0
sh600426,14774,10114,0
sh603817,0,0,0
sz002352,6093,1086,0
sz300599,0,0,0
sz002646,0,0,0
sz002140,3920,0,0
sh600689,0,0,0
sh600068,106000,133576,0
sh600636,1915,2690,0
sz002501,1811,2000,0
sh603881,401,954,0
sz300718,301,0,0
sh600737,0,0,0
sh601020,688,0,0
sh600251,0,5800,0
sz000551,0,0,0
sz002344,0,3393,0
sz002511,1785,708,0
sz300663,6551,2491,894
sh600390,0,3877,0
sz002554,0,2601,0
sz002303,0,0,0
sz002719,876,0,0
sz300031,0,0,0
sh600999,1466,6060,0
sz002401,3899,0,0
sz002292,23578,5542,0
sz002703,0,0,0
sz000617,0,0,0
sz300088,22093,36455,0
sz002689,0,4283,0
sz000978,0,0,0
sz300497,0,0,0
sh600126,0,0,0
sz300003,9581,8591,0
sz300364,36838,18227,849
sh600063,0,4300,0
sz300505,0,0,0
sh600671,0,0,0
sz000878,1772,6348,0
sz002365,0,2148,0
sz000548,0,0,0
sz002840,20135,2899,2447
sh601567,0,0,0
sh603605,0,0,0
sh600328,0,4048,0
sz000150,0,0,0
sh600502,0,3000,0
sz300414,0,0,0
sh603079,0,597,0
sh600275,0,0,0
sz002623,0,0,0
sz002763,0,0,0
sh601098,0,0,0
sh603203,0,0,0
sh600757,0,0,0
sz000544,0,0,0
sh600458,0,0,0
sh600526,1472,2619,0
sh600750,0,942,0
sz000736,0,0,0
sz002543,0,0,0
sz002038,4463,1396,0
sh600169,11840,3516,0
sz000639,0,0,0
sz002677,0,600,0
sh600493,0,0,0
sz300652,0,0,0
sh603985,0,0,0
sh603617,0,0,0
sz000790,39343,20047,5901
sh600175,26702,261116,4781
sh600039,0,0,0
sh600618,2100,0,0
sz002068,42527,47131,0
sz300050,0,0,0
sz300393,744,300,0
sh600345,0,587,0
sh600104,36484,36716,2149
sh603019,32102,37537,3515
sz300425,999,0,0
sh600415,0,0,0
sz000890,0,0,0
sz300047,0,867,0
sh603456,3670,0,0
sh603085,604,0,0
sz300202,700,5767,0
sh603113,0,727,0
sz300141,0,0,0
sz002732,0,0,0
sz002918,0,0,0
sh600817,0,0,0
sh600638,0,731,0
sz002139,3271,6638,0
sz002496,0,2031,0
sz002179,2915,1558,0
sh603363,0,673,0
sz000811,0,0,0
sh603169,0,0,0
sh600021,0,0,0
sz002305,16025,3110,0
sz300514,1611,1220,396
sh601069,3356,7796,0
sz002032,0,0,0
sz300518,0,0,0
sh600756,891,1283,0
sh601600,399336,406586,0
sh603800,0,0,0
sz300338,0,0,0
sz300675,16978,7765,2925
sh600366,1592,849,0
sz300163,6852,3988,0
sh601375,1673,6434,0
sz000023,757,511,0
sh600318,0,1331,0
sh603886,0,0,0
sh601881,7322,7434,2242
sz300079,17067,17508,0
sh600307,51154,10001,0
sz002898,598,5534,0
sh601099,107499,133794,0
sz002667,0,0,0
sz300558,2725,1578,0
sz002792,0,0,0
sz300506,0,0,0
sz300149,0,0,0
sh600363,0,0,0
sh600146,5652,588,0
sz002895,1970,540,0
sz000792,11224,46178,0
sz002652,0,0,0
sh600939,0,0,0
sz002393,0,0,0
sh600570,11997,13018,228
sz000571,0,0,0
sh600182,0,0,0
sh600888,0,0,0
sh600577,77174,140735,2243
sh603129,0,0,0
sh603178,0,0,0
sh600372,953,1263,0
sh600900,30857,11848,826
sz300470,0,0,0
sh600641,0,3046,0
sh600681,0,0,0
sz300119,0,0,0
sh600537,0,2358,0
sz300653,423,2400,0
sz002751,0,288,0
sh603027,713,0,0
sh601168,5773,1589,0
sz000536,2609,0,0
sz300395,0,0,0
sz300534,1500,0,0
sz002505,0,4700,0
sh600406,0,2352,0
sz000589,0,0,0
sz002724,0,0,0
sz000882,0,4021,0
sz300179,0,0,0
sz002678,0,0,0
sh600418,0,2240,0
sz000410,56356,61767,3700
sz002503,0,0,0
sz000732,64676,50178,6458
sz300368,0,0,0
sh600371,0,0,0
sz002749,0,0,0
sz300297,0,1377,0
sh600099,0,0,0
sh603960,0,0,0
sz000043,2648,2387,0
sz002445,2000,2307,0
sh600908,2000,5540,0
sz002599,0,0,0
sz002057,0,0,0
sz000797,0,0,0
sz000995,0,0,0
sz002342,16903,2998,0
sh603878,0,0,0
sz002021,0,3740,0
sz002926,45377,35313,1764
sz002682,0,0,0
sz000778,91582,26739,0
sh603180,152,0,0
sh603888,0,0,0
sz000815,0,819,0
sz300182,12813,28848,2410
sh601866,24836,5000,0
sz300376,2242,1350,0
sh600252,16362,13140,0
sh603626,1246,2442,0
sz300545,0,400,0
sh600528,3167,0,0
sh603797,0,0,0
sz300457,0,0,0
sz300219,1299,0,0
sh600560,0,1094,0
sh601288,1817470,2047696,0
sz000603,0,0,0
sz002150,0,0,0
sh603335,0,0,0
sz002137,0,7141,0
sh603138,550,316,0
sh600802,0,0,0
sz300612,14843,12124,5894
sh603228,200,0,0
sh601118,4277,31842,0
sz300382,0,0,0
sz000721,0,0,0
sh601018,0,7139,0
sz000889,0,0,0
sz300591,0,32213,0
sz002253,0,0,0
sz002069,0,0,0
sh603912,1884,0,0
sh600576,0,0,0
sh600115,55214,31766,0
sh603158,0,0,0
sz002609,8074,3025,0
sh600657,6851,2397,0
sz300447,0,0,0
sz300187,1196,0,0
sz300362,0,0,0
sh600023,7687,0,0
sh600765,950,0,0
sz000959,0,2030,0
sz002373,80718,52074,3737
sz300448,0,0,0
sz002809,2375,459,0
sz000830,120528,125952,4677
sz002858,0,0,0
sz002827,0,0,0
sz002674,0,0,0
sh600066,1896,1564,0
sz002673,9810,3130,0
sz300171,0,0,0
sz002226,0,15242,0
sh603658,300,936,0
sh603016,0,613,0
sh600903,146165,102646,43707
sh603081,0,0,0
sz002570,0,0,0
sz300143,613,0,0
sz002790,0,0,0
sz002576,1038,0,0
sh600289,0,3003,0
sz300556,1804,6711,0
sh603360,0,0,0
sh601799,0,0,0
sz002528,0,0,0
sh600692,0,1379,0
sz300207,12687,8716,0
sh600881,0,7335,0
sh600223,0,4667,0
sh600637,2541,0,0
sz002276,0,0,0
sh600358,0,0,0
sz300374,6241,5462,0
sz000911,0,0,0
sz002350,1181,3489,0
sz000504,947,598,0
sz002221,6450,2112,0
sh600590,0,1172,0
sz002152,6033,3980,0
sz002070,0,0,0
sh600712,0,0,0
sz000559,0,1487,0
sz002284,0,0,0
sh603578,3489,319,0
sh601628,4139,973,0
sh601588,15947,5300,0
sh600583,2025,12548,0
sz300209,0,0,0
sh601988,166899,262393,0
sz300661,0,233,0
sz000788,2047,2500,0
sh600790,29356,42680,0
sz000523,0,0,0
sz002615,0,0,0
sz002299,0,0,0
sh600809,2932,3413,208
sz002812,877,552,0
sh603712,0,0,0
sh601939,225998,342620,1672
sh601179,0,0,0
sh600820,0,0,0
sz000917,19126,36546,0
sh600006,0,0,0
sh600107,966,0,0
sz000679,0,0,0
sz002742,8830,1290,0
sz000403,0,0,0
sz000980,987,0,0
sz002838,0,0,0
sz300479,3132,0,0
sh600287,0,0,0
sh600702,0,509,0
sh603990,0,0,0
sz000979,650347,210618,9106
sz300331,840,0,0
sz002388,0,0,0
sh600876,2093,2982,0
sz300426,0,0,0
sz002590,0,0,0
sz300258,0,0,0
sz002061,849,1506,0
sh603600,0,0,0
sz000705,0,0,0
sh600266,3817,1904,0
sz300642,520,100,0
sz000570,0,3410,0
sz300590,465,0,0
sz002701,0,0,0
sh600317,0,0,0
sh601618,22866,110975,0
sz000803,0,0,0
sh600896,0,0,0
sh603357,1664,0,0
sz300070,43790,15843,0
sh603313,0,0,0
sh603286,0,0,0
sh600186,5747,9813,0
sz002536,0,0,0
sz000558,16049,2843,0
sh603022,0,0,0
sz300548,0,0,0
sz300098,6226,3212,0
sh600408,0,0,0
sh603377,0,0,0
sh600760,11690,6875,0
sh600019,95119,91184,4247
sz000592,0,5620,0
sh600291,9300,2507,0
sz000025,21005,33640,3572
sz300617,0,0,0
sz001965,10047,7244,953
sh603416,346,500,0
sz002368,0,467,0
sz000419,0,10000,0
sz002180,496,488,0
sh601616,0,0,0
sh600610,4896,6555,3973
sh603338,0,0,0
sz300222,4057,5011,0
sz002374,3026,6748,0
sh601999,0,0,0
sh601599,0,4308,0
sz300697,10803,4356,1902
sz002453,0,0,0
sz300129,2000,0,0
sz300387,0,0,0
sz002449,703,11069,0
sz002241,66355,72893,3043
sz300065,5428,4153,0
sh600455,0,0,0
sz300468,1315,594,0
sz300020,7081,2015,0
sh603598,1433,9205,1682
sz300471,17256,52877,0
sh600497,13890,34213,0
sh600060,1642,0,0
sz300477,50454,38640,2563
sz002060,0,0,0
sz000301,0,3910,0
sz000662,0,2033,0
sz002613,0,0,0
sz002655,0,7797,1242
sz002736,3929,0,0
sh603989,0,0,0
sz000949,11427,0,0
sh600835,0,470,0
sh600661,0,500,0
sh603978,0,129,0
sz300478,2126,0,0
sz000429,0,0,0
sz300498,4775,6308,0
sz002316,0,4284,0
sz000333,131325,54699,5988
sz300436,0,0,0
sz002071,3203,13897,0
sh603936,0,0,0
sz000923,13363,12985,481
sz002679,0,527,0
sz002883,650,4363,0
sz002632,0,0,0
sz300719,0,0,0
sh603315,0,0,0
sz000595,0,0,0
sh603322,0,0,0
sz002177,4000,0,0
sz002746,0,0,0
sh600971,3740,6427,0
sh603386,0,0,0
sz300684,4055,6030,2551
sz002526,0,0,0
sh600297,5348,4857,0
sh600335,4997,6421,0
sz000918,7309,7276,0
sz002319,681,652,0
sz300215,0,0,0
sh601808,0,0,0
sh603768,0,0,0
sz000875,19976,0,0
sh603609,1788,0,0
sz002750,0,0,0
sz002084,0,0,0
sz002705,887,0,0
sh600823,41621,18437,0
sh600028,153761,176270,0
sh600261,0,0,0
sz000897,3192,0,0
sz300670,2324,1621,0
sh600859,477,1067,0
sh603003,0,0,0
sz300321,0,0,0
sh600773,0,2753,0
sz300327,418,2082,0
sz002280,16508,7876,0
sz002928,0,16076,0
sh600082,0,0,0
sz002310,7292,2969,0
sh601900,0,3009,0
sz300609,0,0,0
sh600250,0,0,0
sz002146,138126,66183,0
sz002549,3000,0,0
sz300140,5675,3498,0
sz000665,0,0,0
sh600551,0,0,0
sz000929,0,0,0
sz002875,0,0,0
sz002534,0,0,0
sh600679,0,0,0
sz300522,828,0,0
sz000722,0,1200,0
sz300180,8239,3522,0
sz300349,411,1271,0
sh600050,133900,154801,0
sz000428,0,0,0
sz002793,0,0,0
sz300535,0,0,0
sh603269,312,0,0
sh600588,112214,115561,15404
sh600630,1520,0,0
sh603399,656,0,0
sz002049,34385,51140,6272
sz002715,0,0,0
sz000833,0,0,0
sh600416,0,5084,0
sh601005,0,0,0
sz000957,0,0,0
sz002207,0,0,0
sz002856,807,1073,0
sz000910,614,900,0
sh600288,0,0,0
sz300075,6167,2857,0
sz002438,0,0,0
sz002174,0,462,0
sz300353,174451,118189,25497
sz300155,6901,0,0
sh600620,1131,12606,1821
sz002311,488,0,0
sz300262,6771,0,0
sh600103,3547,0,0
sz002006,0,0,0
sz300508,0,0,0
sz300285,2176,998,826
sh603011,0,0,0
sh600988,1927,2224,0
sz300690,0,0,0
sz002444,6999,2201,0
sh603458,342,513,0
sz300510,417,0,0
sh600423,5392,2414,0
sz000070,0,1500,0
sh603567,0,0,0
sz300360,0,0,0
sz300034,0,0,0
sz300575,0,0,0
sz000049,0,1174,0
sz002828,0,0,0
sz002218,0,0,0
sz002367,0,0,0
sh600090,0,2273,0
sz300729,1329,0,0
sh600387,0,1520,0
sz002539,0,0,0
sz002514,2000,2040,0
sz002431,24619,4639,0
sz002859,0,1565,0
sh600738,0,0,0
sz300715,1219,1095,0
sh601636,37660,34250,2251
sz002729,0,0,0
sz002791,0,0,0
sz300051,0,1000,0
sz000958,21750,2338,0
sz300583,0,0,0
sh600435,0,5227,0
sz002204,0,0,0
sz000723,72509,31970,2296
sh600983,0,0,0
sz300456,0,0,0
sz000659,0,3474,0
sh603655,2450,3611,615
sz300114,0,0,0
sz002756,2761,0,0
sz000821,2951,0,0
sz300145,1000,0,0
sz300110,38556,54502,0
sz002697,0,2260,0
sz002903,2279,8489,370
sz002360,0,0,0
sz300169,0,0,0
sz002561,1269,0,0
sz300082,0,0,0
sz002288,0,2169,0
sz002191,2892,3300,0
sz300249,0,0,0
sz300329,0,0,0
sz002839,24958,17353,0
sz300507,0,0,0
sz300538,0,0,0
sh600617,0,0,0
sh600272,0,0,0
sz300151,0,2016,0
sz000901,553,2248,0
sh603328,0,0,0
sz000888,0,0,0
sz300281,0,0,0
sh600026,2000,0,0
sh601989,70661,85916,0
sz300346,0,0,0
sh600993,2899,0,0
sz300085,48673,42396,6140
sz000622,2409,0,0
sz002115,1500,0,0
sh603721,0,0,0
sz300284,0,0,0
sz000972,0,3152,0
sh603000,2046,3831,0
sz002480,0,0,0
sh601211,950,4488,0
sh603099,0,0,0
sh600436,12034,6374,299
sh603131,0,0,0
sh600300,0,0,0
sz300252,0,0,0
sh603199,0,0,0
sz000059,5400,6756,0
sh603040,169,0,194
sz002422,37138,15788,0
sz000002,53775,36038,2598
sh601858,0,0,0
sz300439,0,0,0
sh600262,0,0,0
sh601958,23992,7487,5633
sh603488,4052,1440,0
sz000572,0,9633,0
sz002059,0,0,0
sh600664,8029,19423,0
sz300672,200,350,0
sz000971,1214,0,0
sh603908,0,0,0
sz000039,16031,3448,0
sh600603,2366,0,0
sz300651,0,0,0
sz002823,0,0,0
sz300245,0,0,0
sz000928,0,2104,0
sh603798,0,0,0
sh600566,3686,2703,234
sz000807,122651,97535,0
sh600061,0,0,0
sz300373,607,1248,0
sz002020,6448,945,0
sh600206,0,16398,0
sh600785,0,0,0
sh600684,1600,2538,0
sz000488,115705,36307,2771
sh603166,0,0,0
sz300623,0,0,0
sz300698,1221,0,0
sh601518,0,0,0
sh600111,90591,66746,805
sh600675,0,0,0
sz002741,0,0,0
sz300624,1291,6231,4042
sh600698,0,1901,0
sh603717,1877,2666,0
sh600680,0,0,0
sh603009,0,811,0
sz002358,15313,14924,0
sz300243,0,0,0
sz002164,0,0,0
sz000678,1925,2154,0
sh600769,2200,0,0
sz002039,0,0,0
sh603345,0,0,0
sz300629,0,0,0
sh600898,0,0,0
sh600779,574,302,0
sh601139,1453,0,0
sh603606,0,0,0
sz000839,26820,7658,0
sz000919,0,0,0
sh603041,0,0,0
sh600725,0,0,0
sz002848,6633,7069,0
sz002911,8008,7360,0
sh600343,0,0,0
sz002160,0,3237,0
sz300540,0,0,0
sz300686,0,0,0
sh600195,6045,1875,505
sz002078,6102,18686,1377
sh600970,0,0,0
sz002685,0,0,0
sz002023,0,1192,0
sz002022,844,0,0
sz300237,2702,0,0
sh600198,3023,2861,0
sh600048,148892,142040,6242
sh601233,8255,11499,894
sz002159,0,640,0
sh603612,2149,542,0
sz002457,54437,30703,4078
sh600845,6928,1409,0
sz300197,11759,1017,0
sz002460,83653,138228,19585
sh600279,0,1800,0
sz002424,6271,6721,0
sz300052,0,746,0
sh603258,0,0,0
sz002128,3353,4262,0
sh600072,4793,0,0
sz002913,30228,17927,2654
sz300111,0,0,0
sh600697,0,1100,0
sz002346,0,0,0
sh601086,0,11374,0
sh603811,364,0,0
sz002521,7379,0,0
sh603630,0,0,0
sz002387,0,1782,0
sz002210,5560,7634,1244
sz002036,2040,3417,0
sh600299,0,0,0
sz002375,0,0,0
sh600162,0,4500,0
sh600778,0,2615,0
sz002262,0,0,0
sh603196,0,0,0
sz002605,0,0,0
sh600963,29303,13132,0
sz002481,6235,6422,0
sz002144,0,0,0
sz300123,0,0,0
sz300419,0,0,0
sz000819,0,0,0
sh603533,657,405,0
sh600793,0,0,0
sz300037,609,0,0
sz300255,0,0,0
sh603928,0,0,0
sz002055,0,0,0
sh600285,4385,3459,1888
sz000561,0,0,0
sz002530,0,0,0
sz300264,0,0,0
sh603527,390,0,0
sz300589,0,0,0
sh603333,0,0,0
sz300668,122,125,0
sh600149,0,0,0
sz002700,0,0,0
sz002713,1966,2254,0
sz300118,1081,0,0
sz000785,0,0,0
sz000520,0,0,0
sz000661,6020,2244,64
sz300138,0,0,0
sz300191,700,0,0
sz300592,0,0,0
sz002843,2929,7258,0
sz000563,0,3203,0
sz300335,6553,1282,0
sz002093,0,0,0
sz002133,0,0,0
sz002631,0,0,0
sh603859,0,0,0
sh603607,0,0,0
sz000779,0,0,0
sh603223,0,0,0
sh603970,453,468,0
sz000883,2367,5470,0
sz002551,0,0,0
sz002597,3246,16084,407
sz300467,271,0,0
sz300233,0,0,0
sh603698,0,0,0
sz002753,2427,2075,0
sz002865,826,0,0
sh601002,0,0,0
sh600340,35991,29257,3036
sh601968,0,0,0
sh600699,739,2393,0
sz002841,0,0,0
sz300352,21035,3018,0
sh600258,4946,3449,0
sh601116,0,0,0
sh600276,32122,20214,921
sz002385,12156,2128,0
sz300226,1133,1566,0
sh603421,0,0,0
sh600159,0,0,0
sh600067,2118,0,0
sh600770,7493,35172,0
sh603895,2435,1170,458
sh600137,0,0,0
sz300491,0,0,0
sh600792,0,0,0
sh600362,49735,46439,3707
sh600234,0,0,0
sz002307,8827,9848,0
sz300401,15881,4509,202
sz002412,0,0,0
sz002512,0,0,0
sh600271,1302,3861,0
sh600800,0,0,0
sz002801,0,0,0
sz002300,1945,0,0
sz002436,0,0,0
sh600141,714,648,0
sz002441,0,0,0
sz300676,2003,1237,0
sz002479,14624,31170,0
sh600400,0,0,0
sh600909,0,1387,0
sh601838,38777,71390,2525
sz002308,947,3003,0
sz002571,0,0,0
sh600824,0,0,0
sh603355,300,284,0
sz300345,8499,0,0
sz300581,0,0,0
sh600239,0,4840,0
sh600613,0,0,0
sz300501,0,0,0
sz000993,0,0,0
sh600831,0,0,0
sz300292,4174,1895,0
sh603861,0,0,0
sz300394,0,1163,0
sh600615,0,1375,0
sz300013,784,0,0
sz300257,0,0,0
sh600973,0,0,0
sh600054,0,2042,0
sh600861,0,0,0
sz300276,816,0,0
sh603976,0,0,0
sz002916,10337,10180,1822
sz002621,0,0,0
sz002896,0,0,0
sh600284,10930,12153,0
sh601519,4216,0,0
sz002601,4262,1849,0
sh603358,0,0,0
sz002886,0,0,0
sz000937,0,4555,0
sh600863,47079,18269,0
sh600156,0,0,0
sz000576,6709,0,1487
sh600016,59850,82656,0
sz002578,0,0,0
sh603299,0,0,0
sh600592,10967,1485,0
sh600565,13021,15487,0
sz002761,4103,2816,800
sh603181,0,0,0
sz300283,0,0,0
sh600203,0,0,0
sz300381,0,0,0
sz300333,0,1526,0
sh600273,12612,42197,2760
sz002030,0,0,0
sh603039,550,247,0
sz300380,0,0,0
sz300204,0,0,0
sh600327,0,0,0
sz002131,8968,0,0
sz000670,10094,6794,0
sz002880,0,217,0
sz000966,0,0,0
sz002832,0,453,0
sz002295,0,0,0
sz300254,0,0,0
sh600010,59273,25027,0
sh600875,13989,0,0
sh603722,328,0,0
sz002612,0,0,0
sz002889,0,0,0
sz000568,7326,2438,0
sz000760,4240,3000,0
sz002415,43600,27705,893
sh601218,0,3164,0
sz000851,0,1863,0
sz000050,7640,8508,0
sh603903,0,0,0
sh603685,0,0,0
sz300078,1478,1113,0
sh600749,800,2706,0
sh600768,0,0,0
sz002245,3377,0,0
sh603305,1010,757,0
sh600074,0,9716,0
sz002709,6141,7492,1081
sz300217,8443,0,0
sh603098,0,0,0
sz300062,0,0,0
sz000936,5234,2000,0
sz300132,0,0,0
sh600527,13890,0,0
sz300354,0,0,0
sz002778,0,0,0
sh600487,11839,13097,0
sz300087,0,0,0
sh601128,3891,11255,0
sh600429,0,0,0
sz002448,1274,0,0
sz000514,25131,26107,3203
sh603316,0,0,0
sz300702,0,0,0
sz000989,8762,3087,0
sz000708,0,2251,0
sz002013,27299,5201,3040
sz002056,11182,3017,0
sz002702,31416,26338,2068
sh600969,0,1000,0
sz000613,0,0,0
sh600382,0,0,0
sz300102,1547,0,0
sh603869,0,0,0
sz300587,0,0,0
sz002328,0,0,0
sz300443,862,800,0
sh600593,900,302,0
sz002151,642,3900,0
sz002411,11055,0,0
sh600093,53842,79436,2947
sh600395,0,0,0
sz300190,0,0,0
sz000913,0,750,0
sh603535,0,1375,0
sz002261,3184,1564,0
sz002016,15487,22686,1583
sz002684,2450,816,0
sz002169,0,0,0
sz002429,20973,43978,0
sh600348,6995,23186,0
sz300313,0,0,0
sh600891,0,0,0
sz300041,0,0,0
sh600488,0,0,0
sh600742,0,600,0
sz000818,0,2970,0
sz002487,0,0,0
sh600726,8124,0,0
sz300044,2087,5006,0
sz002829,0,0,0
sz300205,0,0,0
sh600728,384670,297660,50505
sz000695,0,0,0
sz002909,0,0,0
sh603688,0,1886,0
sh600872,580,2543,0
sh600125,3978,32906,0
sh600598,2531,16021,0
sz300174,0,0,0
sz000892,0,0,0
sz300605,0,0,0
sz000402,0,1000,0
sh600567,204350,146171,0
sz000609,0,0,0
sz300081,0,0,0
sz300732,520,156,0
sh600639,0,0,0
sz002653,0,935,0
sz002879,300,447,0
sz300336,0,1181,0
sz002274,0,0,0
sz300613,0,405,0
sh600208,7333,20216,0
sz300460,0,0,0
sz300588,775,500,0
sz300412,0,0,0
sz002353,1200,1030,0
sz300093,0,0,0
sz002818,0,0,0
sz300053,0,0,0
sz002229,18382,64492,0
sz002919,1564,863,0
sz000021,13658,10312,0
sh600222,0,0,0
sz002522,1089,0,0
sz002755,0,0,0
sh600917,0,0,0
sz300363,845,1924,0
sz002077,0,0,0
sz002002,0,3274,0
sh600089,23294,20436,0
sz000983,8631,8052,0
sz300512,0,0,0
sh603277,0,0,0
sz300304,15442,0,0
sz000733,0,862,0
sz002313,1060,759,0
sh603789,0,0,0
sz002389,2630,0,0
sh603055,0,0,0
sz000698,3079,0,0
sh603517,0,1824,0
sh600740,25908,36299,1353
sz002745,887,3182,0
sh600501,0,0,0
sh600269,21764,2475,0
sz000553,0,0,0
sh600096,0,0,0
sz000010,0,0,0
sz000977,267157,163368,10896
sh603260,1792,1096,0
sz300332,6103,0,0
sh601929,8557,17999,0
sz002201,0,0,0
sh600036,72088,72319,3479
sz002199,0,0,0
sz300124,2423,2432,0
sz002892,300,345,0
sh600356,0,1344,0
sz002108,18425,8385,0
sh600895,0,3808,0
sh600381,2347,1507,0
sh603779,0,0,0
sh600110,3619,13935,0
sz300272,0,0,0
sz002235,14863,6952,1078
sh600337,0,0,0
sz002025,0,700,0
sh600640,0,0,0
sz300386,0,0,0
sz300407,2740,0,0
sh600892,0,0,0
sh600746,0,0,0
sz002318,0,0,0
sz000756,1045,0,0
sh600839,187861,78656,0
sh600185,3949,0,0
sz002044,13350,4173,0
sz000863,0,0,0
sz000517,5040,10983,0
sz000885,3330,0,0
sh603031,1360,867,0
sz000960,61416,30445,4858
sz000800,1106,7668,0
sz300430,0,0,0
sh600479,660,908,0
sz000507,20061,18304,0
sz002788,0,0,0
sh603711,1130,540,0
sz002846,10819,19318,0
sz300130,1995,0,0
sh600721,0,3389,0
sz002074,3041,1424,0
sh600575,0,0,0
sh601369,13941,3484,0
sz300628,0,440,78
sz002182,0,2400,0
sz300241,887,0,0
sh600827,0,1053,0
sz002166,0,0,0
sz002162,3859,0,0
sz300582,0,0,0
sz300555,0,0,0
sz002614,0,0,0
sz000159,0,0,0
sz002787,0,0,0
sh601985,29348,10594,0
sz000650,28011,19373,0
sz000711,0,0,0
sz300359,6073,0,0
sz002535,0,0,0
sh603101,0,0,0
sh603860,520,0,0
sh600101,0,1388,0
sz000612,0,0,0
sh600976,0,0,0
sh603319,0,0,0
sh603788,0,0,0
sz000531,0,0,0
sz002478,0,0,0
sz002045,0,865,0
sh600552,0,0,0
sz002271,4741,4869,326
sz000018,5596,0,0
sz002363,0,0,0
sz002833,401,0,0
sz002714,838,2740,235
sz300643,0,0,0
sz002338,0,0,0
sh601010,0,0,0
sz002404,0,0,0
sh600694,0,0,0
sz300043,6479,0,0
sh600189,0,0,0
sz300625,0,0,0
sz002552,2540,2744,0
sh600313,0,9003,0
sz000586,0,0,0
sh600601,5095,0,0
sz000718,0,0,0
sz002236,33610,30338,1417
sz300435,0,0,0
sz002107,0,0,0
sz002361,0,0,0
sz002285,15499,10126,0
sz002381,0,0,0
sz002461,0,0,0
sh600259,1320,2266,0
sh600376,0,0,0
sh603090,0,0,0
sz002867,1201,0,0
sz002645,0,0,0
sz300681,400,0,0
sh600781,1000,802,0
sz300685,887,95,0
sh601186,14521,5374,0
sz002419,1827,3298,0
sh600121,0,0,0
sz300679,0,0,0
sz000525,938,5450,0
sh603078,0,0,0
sh603389,1240,0,0
sz002008,15501,14708,707
sh603365,926,500,0
sz300384,0,0,0
sz000626,8781,57488,0
sh600660,1474,3847,0
sz300452,0,0,0
sz300127,0,0,0
sz300309,0,452,0
sz300083,14438,0,0
sh601969,0,0,0
sz300636,0,0,0
sh601011,2543,8343,0
sz002095,1623,288,0
sh600118,1601,4453,0
sz000838,2612,0,0
sz000737,0,0,0
sz300391,0,0,0
sh601008,0,0,0
sh600897,0,0,0
sh600686,0,0,0
sz300527,1905,0,0
sh603167,1132,0,0
sz002091,0,0,0
sz002783,0,0,0
sz002731,0,0,0
sh603515,0,0,0
sh603507,0,668,0
sz300344,40570,222351,0
sz000631,0,0,0
sz002781,735,0,0
sz300403,0,0,0
sz300101,0,2300,0
sz002067,23687,5274,0
sh601368,0,0,0
sz002574,0,0,0
sh600178,0,0,0
sz300647,0,569,0
sz002183,2790,5198,0
sh600163,0,0,0
sh601898,0,0,0
sz002383,2153,0,0
sz002766,3069,5337,0
sh603611,0,0,0
sz000726,1000,0,0
sz002126,0,0,0
sz002414,0,0,0
sz002335,0,0,0
sz300185,31585,5156,0
sz002694,51193,61429,2395
sh603980,0,0,0
sh600965,0,0,0
sz000973,0,3889,0
sz000598,0,10709,0
sh600240,0,0,0
sz002097,2306,0,0
sh601818,219757,179353,0
sz300433,2783,3767,0
sz300546,0,0,0
sh600425,0,0,0
sh600491,13637,1300,0
sz000729,0,3656,0
sz002657,584,529,0
sz000565,0,0,0
sz000591,15377,2355,0
sz002079,0,0,0
sz002181,0,0,0
sz002193,0,0,0
sz000701,1245,0,0
sz002275,0,0,0
sz002379,0,0,0
sh603819,0,0,0
sz002268,1999,2732,0
sh603266,0,0,0
sh600015,12191,9279,0
sz000526,0,0,0
sz002897,0,1059,0
sz002565,11000,3000,0
sh600826,819,0,0
sz300465,6943,7107,0
sh600579,4035,3476,0
sh603919,0,0,0
sh601668,205170,348065,12740
sz002861,0,0,0
sh600850,0,616,0
sz000806,7937,3846,0
sz001896,0,0,0
sh603100,0,0,0
sh600012,0,0,0
sh600438,6152,18518,0
sh600197,0,622,0
sh600055,0,0,0
sz002876,1354,169,0
sz002723,0,0,0
sz002484,1255,0,0
sz000422,0,3000,0
sz000048,0,0,0
sh603157,1516,0,0
sz002558,2669,436,0
sh600419,258,263,0
sz002356,0,0,0
sz002542,21745,1426,0
sh603803,0,0,0
sz300370,0,0,0
sz300576,0,0,0
sz002477,46450,19592,0
sz000166,12495,5295,0
sh600536,2858,1009,0
sz000060,10766,24101,0
sz002593,0,0,0
sz300632,0,1559,0
sz300193,0,0,0
sh603826,0,0,0
sz002170,0,0,0
sh603106,2974,1928,0
sh603959,1510,1117,0
sz002810,0,0,0
sz000868,0,6392,0
sh600209,5492,39527,0
sz300726,504,0,0
sz300449,0,0,0
sh600064,0,2086,0
sz000686,2926,1433,0
sh600717,13090,6177,0
sz000600,69659,32293,15986
sz002370,3795,670,0
sz002294,6541,2439,292
sh600612,0,551,0
sh603444,138,67,0
sz300367,4016,11211,0
sz002675,17730,89327,1093
sz002849,0,0,0
sz300211,0,0,0
sh600486,0,253,0
sz300167,3359,1305,0
sh603557,0,639,0
sh600459,2343,1425,0
sz300273,2841,4038,0
sh601339,0,0,0
sz300500,4261,4798,0
sh600867,29954,8703,2070
sh600540,0,0,0
sz002891,0,0,0
sh600310,0,0,0
sh601198,0,2944,0
sz002399,721,0,0
sh603466,1270,2611,0
sz300212,3316,6987,0
sh600791,0,0,0
sh600596,23102,40265,0
sz300192,0,2000,0
sz002482,0,0,0
sz000407,0,0,0
sh600595,2610,3623,0
sh603728,0,0,0
sz300147,0,2506,0
sz300120,0,0,0
sh603218,525,0,0
sh601608,6370,0,0
sh600191,1481,0,0
sh603680,2243,2524,240
sz002242,0,0,0
sz002600,49103,46428,0
sh600108,0,0,0
sz300342,0,0,0
sz000058,0,0,0
sh600990,239,1389,0
sz002830,0,0,0
sz002238,0,0,0
sz000835,0,0,0
