sz300068,28135,1675,0
sz002496,8112,0,0
sh603090,0,0,0
sz300339,1100,0,0
sz002642,1630,0,0
sh601225,32217,39032,2024
sz002749,527,0,0
sh600783,0,3627,0
sz002539,0,0,0
sh600871,0,4602,0
sz300184,1062,1149,0
sh600018,4774,5966,0
sz000518,0,0,0
sz300051,36828,25677,1126
sz000020,850,3094,0
sz300070,23089,23919,0
sz002220,0,0,0
sh600048,180105,236125,5868
sh600198,0,1566,0
sz002885,0,0,0
sz002714,7904,10354,0
sz002842,0,0,0
sh600675,0,0,0
sh603035,2132,709,0
sz300403,0,0,0
sz000792,24009,36092,0
sz002473,0,0,0
sh600855,14043,7117,962
sh600520,13939,10301,5157
sz002011,0,1876,0
sz002211,0,0,0
sz000952,0,0,0
sh600259,1916,691,443
sh600060,2789,8056,0
sz000036,1418,3675,0
sz300234,0,0,0
sz002574,0,3746,0
sz002368,500,1471,0
sh603535,0,0,0
sh601595,0,0,0
sh603323,1473,1615,0
sz000925,1022,1404,0
sz000100,85194,146219,0
sz002104,0,2116,0
sz000532,38577,31367,0
sh603037,0,0,0
sz002829,0,13923,0
sh600868,16497,11589,0
sz000428,0,0,0
sz000567,1583,483,0
sz300385,0,0,0
sz002307,0,2481,0
sh601012,33902,34568,1067
sh600463,0,0,0
sz300363,1140,5808,0
sz300219,0,0,0
sz002140,3163,0,0
sh603637,0,0,0
sz002412,0,0,0
sz002428,30791,19978,1892
sz300485,0,904,0
sh600881,0,11073,0
sz002923,922,1408,0
sh600123,1548,0,0
sz002709,4009,4396,0
sh600249,0,0,0
sh600640,0,0,0
sz002678,0,0,0
sh603161,0,0,0
sz002916,6469,4934,0
sz002205,0,0,0
sh603315,0,0,0
sz300349,6057,8727,0
sh600359,25584,35867,0
sz300459,0,0,0
sz300210,0,0,0
sz000422,0,0,0
sz002155,58153,35813,3939
sh600179,4958,0,0
sz300623,1641,555,0
sz002723,0,0,0
sh603399,10738,1472,0
sh603028,0,0,0
sz300340,1143,918,0
sz002444,1612,4676,0
sz002583,7439,3006,0
sz300691,314,0,0
sz000062,0,0,0
sh600072,1627,4074,0
sz002476,0,1722,0
sz000014,0,4460,0
sh601919,11156,23506,0
sz000717,49258,27416,2490
sh603017,2270,2336,0
sz300221,3249,4831,0
sz002325,0,0,0
sz000995,0,0,0
sh600158,15211,4577,0
sh603500,0,0,0
sz300346,0,0,0
sz300269,1113,2165,0
sh603018,0,0,0
sz002271,11687,10643,399
sh601828,1530,11048,822
sz300588,0,0,0
sz002281,21565,6906,1001
sz300014,7317,9667,0
sz300690,0,0,0
sz300414,0,0,0
sz002063,4025,1192,0
sz300119,0,0,0
sh601108,3901,3947,0
sh600230,4828,4387,0
sz000821,1000,0,0
sz000719,0,0,0
sz300326,0,0,0
sz300200,0,0,0
sh600405,11447,0,0
sz300400,0,0,0
sz300652,0,0,0
sz300172,0,0,0
sz002328,0,0,0
sz002907,14259,9482,1413
sh603600,0,0,0
sz002065,20301,3720,0
sz300164,0,0,0
sh603939,2316,2347,0
sz002333,0,0,0
sz000426,5397,5091,0
sz300166,47807,21340,0
sh600289,4767,0,0
sz300351,1753,0,0
sh603339,0,0,0
sz002499,0,0,0
sz002881,404,544,0
sz002425,18034,2100,0
sh600079,5792,2339,0
sz002035,1554,890,0
sh603528,0,0,0
sh600779,26603,6091,1066
sh600323,0,0,0
sz002617,4817,1000,0
sz002299,1075,1431,0
sh603167,0,1275,0
sh600372,34773,4559,0
sz000429,0,0,0
sz300569,1876,442,0
sz300150,0,0,0
sh600262,700,5235,0
sz002330,2285,0,0
sh601699,25738,18089,1277
sz002828,0,704,0
sz300305,0,0,0
sh600891,0,0,0
sz002783,0,0,0
sz002629,0,1771,0
sh600636,0,0,0
sz300537,0,1000,0
sz002644,0,0,0
sz300470,0,0,0
sh600482,1232,1012,0
sh603010,1072,0,0
sz002199,0,0,0
sz002133,0,0,0
sh601188,0,0,0
sz002872,0,0,0
sh603709,0,821,0
sh600690,41298,44441,6262
sz300355,5330,12792,1465
sz002188,0,0,0
sz002769,712,4276,0
sz000828,0,0,0
sz300117,9330,2058,0
sz002740,0,2916,0
sz000563,0,0,0
sh600380,12846,14621,0
sz002896,3943,2393,371
sz300069,512,0,0
sh600316,26404,14764,924
sh601111,44739,70548,6500
sz300192,4209,0,0
sh600080,1047,3459,0
sz300481,0,0,0
sh600608,0,0,0
sh603558,0,0,0
sh600027,0,0,0
sz002869,0,0,0
sz002548,1369,0,1460
sh600641,0,1001,0
sh603321,0,0,0
sz300324,20551,6483,0
sh600499,6124,13096,0
sz002773,493,2089,0
sz300124,19313,7677,2095
sz002191,0,0,0
sz002431,2047,0,0
sz000819,2119,2169,0
sz002269,0,0,0
sh600550,8840,1868,0
sz300162,0,0,0
sz000727,19529,4865,0
sz002311,1109,1175,0
sh600170,0,0,0
sz000026,1649,0,0
sz002270,0,0,0
sh601558,0,10036,0
sh603169,0,0,0
sz000600,28475,1701,0
sz000025,544,995,0
sz002751,0,0,0
sh600246,0,0,0
sh600391,5565,2539,0
sz000786,19810,13134,0
sh600702,1712,580,0
sz002445,10420,7485,0
sh600795,11660,33252,0
sz000045,36581,20763,0
sh600285,0,0,0
sz300573,0,0,0
sz000931,0,0,0
sz000806,4009,4536,0
sz300670,0,0,0
sh600203,18020,3103,1725
sh600708,3000,0,0
sz000528,7408,8057,0
sh600338,0,719,0
sz000692,0,0,0
sh600610,0,0,0
sz002577,0,0,0
sz000018,12238,0,0
sz002268,30840,5898,1176
sz300736,433,0,0
sz300263,2000,0,0
sz000010,0,0,0
sz002569,0,0,0
sz002918,580,0,0
sh600634,24033,35242,1152
sh603889,0,0,0
sh603806,5020,738,0
sh603041,0,0,0
sz002634,0,0,0
sh601117,10167,17110,0
sz300310,1458,0,0
sh600776,2202,0,0
sh600067,0,13923,0
sh600019,293489,231419,1619
sz002671,0,0,0
sz000509,0,2766,0
sz000691,1761,0,0
sz300331,0,0,0
sz002806,0,0,0
sh603519,0,0,0
sh600516,107067,107810,10054
sh600962,17661,60109,12339
sz300395,0,0,0
sh601009,54078,96565,0
sz300612,1860,4289,0
sh600869,0,0,0
sz002090,0,0,0
sh603708,0,0,0
sz002919,13354,5113,815
sh600496,3797,0,0
sz300194,0,0,0
sz002891,0,0,0
sz002492,0,0,0
sh603002,0,0,0
sh601500,0,0,0
sz002320,54382,14500,2112
sz000403,0,500,0
sz002427,0,0,0
sz000537,2560,2266,0
sz002731,0,0,0
sz002576,0,0,0
sz300101,23844,4106,1907
sz000980,0,0,0
sz000548,0,0,0
sz002221,943,0,0
sz002207,0,0,0
sz300201,3479,0,0
sz300520,1625,828,0
sz000513,5766,6891,205
sh601100,0,441,0
sh600548,0,1849,0
sz000633,0,1512,0
sz000767,0,4193,0
sh600897,0,0,0
sz002017,1485,1900,0
sh603920,0,0,0
sz002697,0,3455,0
sz002737,1836,1194,265
sh601818,110353,196541,0
sh603688,0,0,0
sh603757,674,806,0
sz300202,0,0,0
sz300695,0,0,0
sz300489,0,0,0
sz000598,0,0,0
sz300008,1743,6014,0
sh601200,0,1889,0
sh603969,0,0,0
sz300077,2897,1962,0
sh600673,70816,30186,0
sz300627,497,0,0
sh600791,0,0,0
sz002334,0,2033,0
sz300517,0,0,0
sh600560,9239,963,1792
sz002563,3769,2185,0
sh600867,14014,19044,2059
sz300304,1683,1716,0
sh600533,0,0,0
sz002006,0,0,0
sh603181,0,0,0
sh603099,0,0,0
sz002347,0,0,0
sz000798,1139,0,0
sz000002,26104,35287,2466
sz300120,0,0,0
sz000829,0,0,0
sh601518,0,0,0
sh600317,0,0,0
sz300610,0,0,0
sz002546,6416,5529,0
sh600789,11740,1096,0
sz002430,0,0,0
sz300697,0,0,0
sz002852,1888,338,362
sz002287,1000,0,0
sz002105,0,0,0
sz002582,9945,1294,0
sz002562,0,2012,0
sz300693,0,0,0
sh601163,0,0,0
sz000780,0,0,0
sz002540,0,0,0
sz002927,7331,7002,3681
sz300365,713,2860,0
sh601789,0,0,0
sz002855,0,0,0
sz002322,0,698,0
sz300160,0,0,0
sh603025,0,500,0
sh601177,0,0,0
sh600015,4338,26505,0
sz000753,0,0,0
sz002389,936,0,0
sz002036,1576,806,0
sh603337,0,0,0
sz000613,1837,0,0
sz300185,5213,27052,0
sh603888,0,0,0
sz000409,0,0,0
sh601199,0,0,0
sh600833,0,0,0
sz002588,0,0,0
sh600325,12167,20315,0
sz000739,0,0,0
sh601958,0,2248,0
sz300336,4037,2000,0
sz002189,0,0,0
sz300428,0,671,0
sz002470,4156,4405,0
sz000068,0,0,0
sz300125,0,0,0
sh603722,400,0,0
sh600188,33036,13958,0
sh601788,2486,0,0
sz300412,0,0,0
sh601989,136681,144131,0
sh600559,0,469,0
sz002009,5890,1000,0
sz000638,1229,0,0
sh600277,0,0,0
sz300281,0,0,0
sh603488,0,0,0
sz000011,0,872,0
sz002240,0,0,0
sh603166,0,0,0
sz000630,62908,40071,0
sz002868,0,0,0
sz002795,936,0,0
sh603003,909,0,0
sz002846,0,0,0
sz002542,0,0,0
sz300457,1237,0,0
sz000768,150105,126702,16319
sh603661,0,0,0
sh600900,15876,17202,0
sh603080,1571,1278,0
sz000686,1414,2780,0
sz002248,0,0,0
sh601211,11158,2960,4226
sz002820,0,0,0
sh603019,94535,60681,8763
sz300052,825,0,0
sh600177,2002,0,0
sz300505,0,0,0
sz002493,21827,12564,0
sh601369,4180,2000,0
sz002397,3771,0,0
sz300570,0,0,0
sh600103,0,7882,0
sh600530,0,0,0
sh600469,0,0,0
sz300399,0,0,0
sz000959,0,0,0
sh603186,0,0,0
sz300622,0,0,0
sz000852,0,0,0
sz002222,2609,1606,0
sh600078,0,0,0
sz002206,0,0,0
sz300591,0,0,0
sz000635,0,0,0
sh603636,1866,1152,0
sh600619,1512,0,0
sh603929,513,0,0
sh600178,3241,4403,0
sz300557,0,0,0
sz002489,0,2500,0
sz300153,0,0,0
sz300709,200,0,0
sz000676,0,0,0
sz300332,0,0,0
sz300607,0,0,0
sz002044,11216,3397,0
sz002217,3916,5289,0
sz300477,13730,15340,1393
sh600106,0,0,0
sh600594,50303,30668,4007
sh600307,19826,46736,0
sh600982,0,3530,0
sz000671,28217,39587,0
sh600886,1500,1503,0
sh601991,0,0,0
sz000523,0,0,0
sz300175,37296,53867,1816
sh603798,0,0,0
sh600495,0,0,0
sh603817,0,0,0
sz002153,2545,2815,0
sh600817,0,0,0
sh600388,2728,0,0
sz000514,2312,0,0
sz002810,0,0,0
sz300418,22167,35244,2423
sz002149,2107,0,0
sh600506,0,1944,0
sz002349,0,0,0
sh600768,0,0,0
sh603335,0,0,0
sh603278,0,0,0
sz300582,0,702,0
sz300311,0,0,0
sh603277,0,0,0
sz002677,1368,0,0
sz000670,50844,29721,0
sh600693,4589,15652,0
sz000807,42512,41721,0
sz000839,23730,13923,0
sz300137,4168,6383,0
sz300208,0,0,0
sz002503,0,0,0
sh600742,1002,793,0
sz000030,1803,0,0
sh600510,0,0,0
sh600612,300,812,0
sz300370,0,3000,0
sh600107,0,0,901
sz002456,41663,35790,2243
sh603128,0,6592,0
sh600736,1874,2413,0
sh603383,0,0,0
sh603767,804,0,0
sz300545,464,0,0
sz002351,1246,0,0
sz002194,10022,0,0
sh600739,0,0,0
sh600287,0,0,0
sz002118,8758,6915,0
sh600355,2000,0,0
sz300079,0,0,0
sz300257,0,0,0
sz300228,0,1562,0
sh600185,0,0,0
sz002815,0,350,0
sh600973,0,0,0
sh600467,0,7201,0
sh600272,0,3437,0
sh600572,4113,2597,0
sh603050,0,0,0
sz002138,0,0,0
sz001965,0,0,0
sh600373,3631,1917,0
sh600215,0,0,0
sz002561,1955,0,0
sh603678,5402,1136,0
sz000017,0,0,0
sh600346,9591,5307,0
sz002176,73533,70486,1272
sh600611,4002,0,0
sz300692,0,0,0
sh603183,0,0,0
sh600770,5213,3569,0
sz002899,0,522,0
sh600480,1000,1779,760
sz002407,2628,1993,653
sz000951,0,781,0
sz000826,6124,13474,0
sh603081,4841,0,0
sz300616,75,264,0
sh603818,0,0,0
sh601688,24507,31228,0
sz000778,23472,8871,0
sh603055,0,0,0
sz000065,746,2771,0
sh601005,0,0,0
sz002060,0,0,0
sh603333,0,0,0
sz002305,0,0,0
sz300204,0,0,0
sz002321,46901,0,0
sh603303,0,0,0
sz300657,3637,272,0
sh603860,0,0,0
sh603160,666,2232,0
sh603698,1598,0,0
sz300248,0,0,0
sz002902,0,747,0
sz000043,0,0,0
sz000004,0,0,0
sz000408,0,1025,0
sz002758,0,0,0
sz300596,647,1407,0
sz300159,63551,55661,3830
sz002675,2190,0,0
sz000333,81086,70626,4247
sh600293,0,1657,0
sh600653,0,5157,0
sz300111,0,0,0
sz002204,0,0,0
sh600926,3226,5234,0
sz002781,0,0,0
sz000016,37202,14006,0
sz002088,0,825,0
sh603766,5575,1631,0
sz300072,8069,4422,452
sz002840,1408,455,0
sh603816,0,1514,181
sz300092,0,0,0
sh603578,606,0,0
sz002719,0,602,0
sz002419,607,2484,0
sh600180,0,0,0
sz002689,0,0,0
sh600077,0,3488,0
sz000488,10545,8281,0
sz002092,17682,23700,0
sz300550,0,0,0
sh600291,3389,673,0
sz300494,2119,3775,0
sh600319,0,0,0
sz000880,0,0,0
sz000825,106088,177982,0
sz002275,0,0,0
sz000933,63712,46195,0
sz002494,0,0,0
sh600529,0,0,0
sz002100,0,0,0
sh600478,0,0,0
sz300633,393,0,0
sh600462,25051,36509,0
sh600313,152842,182256,0
sz300141,0,0,0
sz300108,0,0,0
sz300511,0,0,0
sz002454,1612,840,0
sh600111,196748,142098,13691
sh603787,750,0,0
sh603517,302,0,0
sz300151,0,0,0
sz002660,0,0,0
sz300530,0,0,0
sz300589,661,2888,0
sz002727,4976,4742,0
sz002030,0,0,0
sz000758,0,5396,0
sz002624,5681,3126,0
sz002785,0,0,0
sz002441,0,0,0
sz000926,2589,3009,0
sz002471,0,0,0
sz300369,11075,4822,0
sh603577,0,0,0
sz002414,0,0,0
sz300488,0,0,0
sz002236,42285,24768,3928
sh600630,1460,0,1276
sh600104,71558,75320,4888
sz002042,0,3992,0
sz002447,26422,18537,0
sh600167,5789,5323,0
sz002591,0,0,0
sh600797,13384,3341,0
sh603580,3976,5184,0
sh600500,2249,6471,0
sz000728,2854,4842,0
sz002807,4735,0,0
sz000672,4994,7984,5078
sh603808,0,0,0
sh603363,59209,35804,8612
sh600370,0,0,0
sh603123,0,0,0
sz002362,577,1536,0
sh600396,0,0,0
sh603159,0,0,0
sh600270,30662,110540,6602
sz000752,0,0,0
sh603738,414,516,0
sh600890,0,0,0
sz000050,4566,1948,0
sh603823,0,0,0
sh600545,0,0,0
sz300298,0,0,0
sz002078,14168,7035,0
sh600210,2226,0,0
sh600829,0,0,0
sz300345,0,0,0
sh601186,4917,9705,0
sz300314,0,0,0
sz300528,0,0,0
sh601228,2062,0,0
sz002021,5800,0,0
sz000860,1200,0,0
sz300178,0,0,0
sh600023,0,2222,0
sz002514,2005,5000,0
sz000555,55613,87931,12209
sh600853,0,0,0
sh600206,4407,1147,0
sz300634,0,0,0
sz300422,0,0,0
sz002353,0,706,0
sz300025,2112,0,0
sz002208,29275,28615,3972
sh603027,0,0,0
sz000693,0,0,0
sz002242,0,0,0
sz002390,26944,19166,0
sh601128,0,2577,0
sh600418,8220,3230,0
sz000985,5045,3397,0
sz000601,0,0,0
sz002567,4185,2371,0
sz300318,0,0,0
sh600727,0,0,0
sh600774,0,0,0
sz000418,780,417,0
sz000505,11828,5118,0
sh603378,0,0,0
sz002007,6949,1260,0
sz300718,1903,0,305
sz002511,0,0,0
sz002509,4702,0,0
sz002864,12341,22790,575
sh603648,0,0,763
sh600676,0,0,0
sz000517,9751,0,0
sh600984,0,0,0
sh600242,0,739,0
sz300112,0,0,0
sh603199,0,0,0
sz000738,8267,18417,0
sz002897,0,0,0
sz300599,0,0,0
sh600589,0,0,0
sh600261,0,3027,0
sz002046,0,0,0
sz300408,7968,3645,0
sh601233,18967,17594,2260
sz002154,0,0,0
sz002913,0,1625,0
sz002145,6276,2876,0
sh603585,0,0,0
sz002396,8398,3781,647
sz002292,0,0,0
sh603589,1948,1801,0
sz300333,2007,1605,0
sz002371,47850,41347,3656
sz300156,101248,115757,16957
sh600620,0,0,0
sh601218,0,0,0
sz002253,0,0,0
sz002708,0,0,0
sz002436,7438,0,0
sz300565,0,0,0
sz300716,0,2417,0
sh603933,405,0,0
sz300715,704,1521,0
sz000838,0,0,0
sh603803,0,0,0
sh603012,0,0,0
sz300719,43170,57034,8876
sh601579,0,0,0
sh600233,0,0,0
sz002672,737,760,0
sz300002,12310,12885,0
sh600959,0,0,0
sh600713,0,0,0
sz300431,14790,5325,1199
sz300115,15011,16356,4286
sz300303,0,0,0
sz300059,647247,498058,34012
sh600609,0,0,0
sh600997,3010,0,0
sz002438,0,0,0
sz002640,19083,13859,2411
sz300645,0,352,0
sz000782,0,0,0
sz000551,0,0,0
sh603858,219,665,0
sh600152,0,0,0
sh603639,0,0,0
sh600546,5000,0,0
sz002395,0,0,0
sh600674,0,0,0
sz000887,3664,1152,0
sz300613,293,177,0
sz000707,0,0,0
sz000543,2847,2356,0
sh600740,16143,18926,0
sz002178,30301,5240,0
sz002682,0,0,0
sz002559,0,0,0
sz000568,6522,7244,1205
sz300199,5682,0,0
sz002614,2117,610,0
sh603326,507,703,0
sz300130,442,2752,0
sh600071,0,0,0
sz000716,2471,0,0
sz002786,2752,0,0
sh603567,0,900,0
sz000546,1550,722,0
sz300017,163963,92107,8215
sh600279,0,0,0
sh603067,0,0,0
sz002825,0,0,0
sz300482,400,0,0
sz300666,24426,28435,1278
sz300041,0,0,0
sz300562,1883,13707,0
sh603059,8937,2952,0
sz000582,0,0,0
sh603031,0,0,0
sh600706,800,0,0
sz002643,0,1000,0
sz300469,2964,3213,0
sz002439,19925,4224,929
sh601952,28332,30062,1450
sh600452,0,0,0
sz002061,10569,1229,0
sh600718,0,1043,0
sh603598,0,0,0
sz002741,4514,1017,0
sh600887,550659,513820,47612
sz002659,1000,0,0
sz000587,66784,14205,0
sz000929,0,0,0
sh600535,34181,14018,734
sh601918,3446,3367,0
sh600273,0,3896,0
sh600649,0,0,0
sz002590,0,0,0
sz300015,13576,3136,776
sz002903,1909,535,0
sz002724,0,0,0
sh600993,0,3678,0
sh603980,0,0,0
sh603919,0,0,0
sz300386,0,0,0
sz300735,1030,1852,0
sh603586,0,0,0
sz000831,30628,105915,0
sz300046,0,0,0
sh603900,831,0,0
sh603233,231,0,0
sz002313,3428,2873,476
sh603605,0,1454,0
sz002517,16841,28377,2309
sz300080,0,1908,0
sz000410,10478,7885,6356
sh600298,1510,2643,401
sh600714,0,0,0
sz002067,1958,3851,0
sz000997,5343,17559,0
sh600586,0,0,0
sz000552,0,3900,0
sz300076,0,0,0
sz300096,2030,1712,0
sh600271,10421,9765,0
sz002032,2014,1128,0
sh603607,484,0,0
sh600573,0,0,0
sz002502,20579,5335,0
sh600031,21386,43130,0
sz300420,2351,0,0
sh600025,46488,45496,0
sh600322,3860,5813,0
sz000063,172093,136461,9611
sz300548,0,0,0
sh603788,0,0,0
sh603712,122509,235134,27057
sh600350,4669,2188,0
sz000592,3000,0,0
sz002768,1683,0,0
sz000570,0,0,0
sz002581,701,769,0
sz300539,0,0,0
sz002387,0,0,0
sz002813,0,0,0
sz000625,2031,1879,0
sz300568,0,0,0
sz002289,0,0,0
sz002317,2062,1010,0
sh600854,0,0,0
sh600593,0,0,0
sz300359,1297,2258,0
sz000099,8176,3000,0
sh601028,0,2000,0
sh601229,12736,16911,0
sz002303,0,0,0
sz000863,0,0,0
sz002094,621,1233,0
sz002481,0,0,0
sz002241,47367,60816,1091
sz000572,0,0,0
sz300498,16068,43467,0
sz300374,0,0,0
sz002364,1162,1133,0
sh600845,7368,2002,0
sz002803,0,300,0
sz002314,0,0,0
sz000536,0,0,0
sh603131,0,0,0
sz002599,0,0,0
sz300144,1098,522,617
sh600860,0,0,0
sh600643,2060,5348,0
sz300538,0,0,0
sz300042,0,0,0
sz002274,0,0,0
sh600207,11267,10971,0
sz002375,1824,0,0
sh601997,4547,14681,0
sz300452,0,0,0
sh600602,0,0,0
sh600030,270094,201639,10703
sz300205,7324,5330,0
sh600410,41659,12760,0
sz002921,574,1970,1254
sz002805,0,0,0
sz300605,0,0,0
sh601882,1996,0,0
sh601777,0,1928,0
sz300179,0,0,0
sz002052,0,0,0
sh600011,3718,5866,0
sh600543,3967,0,0
sz300577,0,0,0
sz002472,0,3129,0
sz002756,800,805,0
sh600459,0,0,0
sz002884,0,0,0
sz002400,2838,10909,0
sh600247,1812,3564,0
sh600340,76640,89232,3225
sh601908,0,0,0
sz002657,0,813,0
sz300222,2152,1827,0
sz000620,0,2110,0
sz002597,4482,3116,0
sh600691,9328,10746,0
sz002691,0,0,0
sz002551,0,0,0
sz000751,0,0,0
sz300251,31283,10774,0
sh603179,0,1083,0
sz000581,5576,10015,0
sz002277,0,0,0
sh600754,570,588,0
sz002669,0,0,0
sh600386,0,0,0
sz002372,640,0,0
sh603320,0,0,0
sh600677,13754,8021,0
sh601616,0,0,0
sz002014,0,0,0
sh601636,70618,42933,0
sh601555,3698,0,0
sh603286,601,0,0
sz002621,0,1000,0
sz300082,0,2000,0
sz000571,0,0,0
sz000993,26923,9769,2180
sz002898,621,0,0
sz300712,0,0,0
sh600903,72954,68130,10803
sz000975,26688,2091,0
sz002150,0,0,0
sz300479,2273,2154,0
sh603978,954,546,0
sz002606,4813,0,4522
sz300529,2536,1234,0
sz002278,17347,2327,0
sh601801,3095,2300,0
sz000688,8307,16887,0
sz300309,450,456,0
sh603658,1543,493,0
sh600570,37038,19446,879
sh603299,1915,0,0
sh600139,3614,0,0
sh600963,0,1901,0
sh600118,12611,10832,1014
sz002084,0,0,0
sh603869,0,0,0
sh603042,0,0,0
sh600741,17952,22944,541
sz000822,0,0,0
sh603063,0,0,0
sz000936,5806,0,0
sh600088,7535,7298,1563
sz000008,38255,13593,0
sz300618,4080,2492,366
sh603429,0,0,0
sz300699,14910,4451,705
sh600896,0,0,0
sz002628,0,0,0
sz300098,3102,4075,0
sz002888,0,0,0
sh600917,0,0,0
sh600624,1780,0,0
sh603979,0,1363,0
sz300265,0,0,0
sh600358,26758,6254,0
sh601668,77907,175143,0
sh603103,894,874,0
sh600390,0,0,0
sz002531,0,3644,1510
sz000906,0,0,0
sh600715,12563,7252,2014
sz002850,253,520,0
sz002233,1708,2823,0
sz300669,0,0,0
sh600665,0,0,0
sh603559,2720,2245,370
sz300327,3147,788,0
sh603813,0,0,0
sh600595,2769,2582,0
sz000529,1657,1897,0
sh600642,0,1990,0
sz300447,0,0,0
sh600848,2106,968,0
sz300672,2571,7773,1414
sh600626,0,0,0
sh600493,0,0,0
sz300377,49715,14616,2198
sh603685,0,0,0
sz300154,0,0,0
sh600368,0,0,0
sh600655,1309,0,0
sz300227,0,0,0
sh603085,0,0,0
sh600865,0,0,0
sz300525,0,0,0
sh603966,0,0,0
sh600508,0,0,0
sz000911,0,0,0
sh600518,28170,5769,0
sh600969,0,0,0
sh603338,0,669,0
sz000421,0,0,0
sz300499,0,0,0
sh600526,2500,0,0
sz300451,2665,4844,0
sh600688,0,8321,0
sz300315,7835,20893,0
sh600483,0,0,0
sz300062,0,0,0
sh600211,0,0,0
sh603928,0,0,0
sh600301,0,0,0
sz300419,0,1315,0
sz000338,16625,42321,0
sz300262,0,0,0
sz300701,443,867,0
sh600828,0,0,0
sz000878,0,4256,0
sh600657,0,0,0
sz000988,1899,1903,0
sh600073,8143,5774,1715
sh600958,5674,3441,0
sz300513,0,0,0
sz300502,0,608,0
sh600017,0,0,0
sz002076,0,0,3366
sz000561,0,0,0
sh601515,0,0,0
sh600128,0,1327,0
sz300171,0,0,0
sh600645,13603,3426,562
sz300243,0,0,0
sh603083,601,392,0
sz000166,0,3000,0
sh600446,6833,1236,0
sh603369,694,998,0
sz002920,845,0,0
sz002170,0,0,0
sh600101,0,0,0
sz000584,0,0,0
sh600250,0,0,0
sz000089,1413,0,0
sz300174,0,0,0
sz300107,11395,7177,0
sz300601,3820,2499,0
sh600505,0,0,0
sz002802,0,0,0
sh600321,0,0,0
sz002478,0,0,0
sz002443,1300,0,0
sz300055,762,3021,0
sz002637,0,0,0
sh603986,12004,12419,2201
sz002878,0,0,0
sz002558,0,693,0
sh601231,0,881,0
sz300036,9037,757,669
sz002449,7700,5729,0
sh600978,7547,3388,0
sz002272,0,0,0
sz000009,11409,12108,0
sz300218,0,0,0
sz300637,0,0,0
sz300740,7915,10032,1471
sh603800,0,0,0
sz000973,6730,6424,0
sz002605,0,0,0
sh601001,0,6096,0
sh600083,0,0,0
sz002280,5222,2422,0
sz002374,0,7750,0
sz300168,64406,36170,4317
sz002026,0,0,0
sh600153,2474,4079,0
sh603305,911,376,0
sz300429,0,0,0
sz002879,0,0,0
sh601127,0,0,0
sh603908,0,0,0
sz300196,0,1351,0
sh600387,0,0,0
sh600825,0,0,0
sh601086,35896,21157,1447
sz000802,1189,0,0
sz002304,3779,3213,401
sh600117,0,2835,0
sz000809,0,0,0
sz000903,4371,0,0
sz002510,2128,3041,0
sz300531,0,0,0
sz300624,14249,15206,4813
sz300710,0,0,0
sh600182,0,626,0
sz002649,2764,3851,0
sz300007,810,871,0
sh601021,407,0,0
sh600362,8334,15374,635
sz300135,0,0,0
sz002685,0,1187,0
sz300246,0,0,0
sh600216,2756,8166,0
sz002329,0,0,0
sh603229,0,0,0
sz300658,0,0,0
sz000963,10593,5149,169
sh601098,0,801,0
sz002632,0,0,0
sz300163,0,0,0
sh603225,0,575,0
sz300597,0,0,0
sh600603,0,0,0
sh603826,0,0,0
sh600678,0,0,0
sz002394,0,0,0
sz000966,4161,10582,0
sh601390,7645,1390,0
sz002875,0,0,0
sz300668,0,0,0
sz002066,2116,0,0
sz300250,0,0,0
sz000731,0,0,0
sz300681,0,0,0
sz002912,218,432,0
sz300063,7758,11705,0
sh600392,85204,51696,8259
sh600029,70419,132019,5197
sz002789,0,0,0
sh603729,0,0,0
sz300131,0,0,0
sz002114,0,0,0
sh600981,60872,10602,0
sz002446,4238,2743,0
sh600416,2402,2349,0
sz002779,0,0,0
sz002262,0,800,0
sh603238,0,0,0
sz000823,2601,8586,0
sh603728,0,0,0
sz300356,19744,1994,0
sh600199,0,0,0
sz300583,0,0,0
sz300471,0,1331,0
sz002361,0,3000,0
sh603203,0,0,0
sh600400,0,1730,1984
sh600618,0,0,0
sh600403,0,0,0
sz002566,29374,38140,1802
sz002826,0,0,0
sh601766,34315,36775,1221
sz300329,0,0,0
sz000851,0,4200,0
sz002226,4432,1752,0
sh600502,0,8442,0
sh603322,0,400,0
sz002475,18339,20595,1083
sh603676,28201,57089,0
sh603076,0,0,0
sz002434,0,0,0
sz300245,0,0,0
sh600353,0,0,0
sz300188,56068,38112,1938
sh600012,1406,0,0
sz000590,0,0,0
sz300439,0,0,0
sh603088,0,0,0
sz300358,0,2557,1400
sz300187,0,0,0
sz000759,5231,2077,0
sh600028,551998,618225,73107
sh600717,1405,4115,0
sh600220,8904,20112,0
sz000713,57798,47028,11763
sh603616,8742,5089,0
sz002284,0,0,0
sz300490,776,0,0
sz000810,0,5975,0
sh603336,5970,59478,1527
sz300460,0,0,0
sz002273,2750,6958,2695
sz002625,0,487,0
sh600885,925,303,0
sz000419,0,0,0
sh600760,32213,29557,2791
sz300445,0,0,0
sz002529,0,0,0
sh603789,0,0,0
sz002766,0,790,0
sz300299,0,0,0
sh600967,62400,51654,1560
sz002002,0,0,0
sz300195,0,0,0
sz002695,0,0,0
sz300592,0,0,0
sz002074,3192,3556,0
sz002687,0,0,0
sh603319,0,0,0
sh603178,0,0,0
sh600385,0,0,0
sh601139,0,0,0
sh600310,0,2183,0
sh600303,0,0,0
sz002197,3292,2190,0
sz300620,311,0,0
sz002442,0,0,0
sz000521,0,0,0
sh603896,361,804,0
sh600592,1318,1525,0
sz002593,0,0,0
sh600790,0,0,0
sz002458,6489,0,0
sh600268,12864,10702,0
sh603329,931,493,0
sz002651,0,0,0
sz300277,1164,6698,0
sz002293,0,0,0
sz300013,0,0,935
sz000883,3167,0,0
sz000560,0,0,0
sh600687,5206,0,0
sh603725,659,0,0
sz300536,0,0,0
sz300001,0,0,0
sz300553,0,0,0
sz000627,0,0,3117
sz002817,0,0,0
sh603617,0,0,0
sz002533,0,0,0
sz300526,0,0,0
sz002748,11584,0,0
sz000565,13721,7008,1615
sh603737,0,0,0
sh600284,0,0,0
sz000667,0,10000,0
sz000859,0,0,0
sz002261,4842,2582,0
sh600787,84967,8959,0
sz300261,0,0,0
sz002527,0,0,0
sz002187,0,0,0
sz000681,7706,5921,431
sz000877,3151,0,0
sh600227,5136,11896,0
sz002218,0,0,0
sz002001,58922,55407,1922
sz002015,4952,0,0
sz002787,0,0,0
sz300373,3740,0,0
sz002142,22396,36963,0
sz300425,0,0,0
sh603877,0,0,0
sz000411,487,0,0
sz300560,0,0,0
sz300563,0,0,0
sz000631,0,4360,0
sh600099,0,5517,0
sz300306,0,0,0
sh600196,94706,86787,3909
sz002392,0,0,0
sh603157,0,0,0
sz002216,0,0,0
sh600835,528,495,0
sh600578,0,0,0
sz300133,8343,4374,0
sz300671,323,0,0
sz002608,0,0,0
sz000400,22794,8691,0
sh600371,21941,24919,887
sz300161,1621,0,0
sz300543,0,0,0
sh600651,1167,1258,0
sz002759,0,0,0
sh603665,0,288,0
sh600422,60013,64729,8627
sz002460,97147,62578,12067
sz300713,519,177,0
sz300231,31716,18164,0
sh603138,0,475,0
sh600187,180369,138903,2780
sz000632,0,0,0
sz000088,1632,0,0
sz000897,0,0,0
sh600810,7805,0,0
sz000816,94506,96120,0
sz002856,0,0,0
sz002152,1935,3354,3535
sh600329,0,0,0
sh601933,84884,97959,0
sz300523,1781,367,0
sz300396,0,0,0
sh601113,0,0,0
sh600892,17478,8009,3000
sz000776,25655,27364,0
sz300398,498,1114,0
sh600844,0,0,0
sz300687,428,721,0
sz002338,0,0,0
sz002603,715,1073,0
sz300677,2751,780,270
sh603936,0,0,0
sz002083,0,0,0
sz002101,0,0,0
sh603599,0,0,0
sz002175,0,1580,0
sz002190,5988,3449,1984
sh600857,0,0,0
sz300426,0,509,0
sz002655,3778,7483,0
sz000837,0,0,0
sz002141,1932,2063,3004
sz300368,0,0,0
sz000055,0,3531,0
sz300649,0,0,0
sz002297,43036,126225,6859
sz300278,0,0,0
sz002760,0,1647,1361
sh600802,0,0,0
sz002203,1504,1348,0
sh603000,0,0,0
sh600549,32277,25537,4255
sz002780,0,0,0
sz300626,0,0,0
sz002474,1476,7307,0
sh600460,188896,131395,15204
sh600563,0,388,0
sz002398,0,2459,0
sh600637,0,0,0
sz000524,0,0,0
sh600283,0,0,0
sh600269,7423,8175,0
sh603069,18194,28075,1009
sz002646,0,0,0
sh601666,30851,17606,0
sz002448,0,0,0
sh601169,20125,49360,0
sh603110,0,0,0
sz000961,5984,4466,0
sz300461,0,0,0
sh600172,26405,4368,0
sz002745,0,1031,0
sz000960,13480,16128,805
sz300435,0,0,0
sh600311,125547,92333,11806
sz000876,26133,41054,0
sz002778,0,0,0
sz300109,1358,301,0
sz000733,896,0,0
sz300347,6702,3010,273
sz000789,7523,14133,3840
sz002350,1800,0,0
sh600596,4376,7279,2322
sh600862,1820,0,0
sh600343,110677,87667,13523
sz002267,0,0,0
sh600197,726,650,0
sh600265,0,0,0
sh601808,5636,2656,1047
sh603380,657,4217,0
sh603444,169,101,0
sz002755,0,0,0
sz002717,2631,0,0
sh600292,0,0,0
sz002415,46084,35158,2467
sz002401,3168,2014,0
sh600590,1063,2157,0
sz300723,3986,1944,0
sh600873,15694,32047,0
sz300286,0,0,0
sz002906,0,659,0
sh600747,0,0,0
sh600679,0,0,0
sh603477,1080,1268,0
sh601689,0,821,0
sh600613,0,0,0
sh603015,0,0,0
sz002535,0,0,0
sh603856,0,0,0
sz300621,0,0,0
sz300229,778,852,0
sz300506,0,1640,0
sh600381,0,0,0
sz002235,3969,0,0
sh600600,2578,1175,0
sz002247,1106,3378,0
sh603356,536,0,801
sh603360,0,0,0
sz300023,0,0,0
sz000922,0,0,0
sh600859,501,1650,0
sh600582,0,0,0
sh600765,2145,1000,0
sh603505,2467,507,0
sh603416,0,0,0
sz300193,0,0,0
sz000498,0,0,0
sz002523,50708,163774,10703
sh603989,0,0,0
sh603809,0,0,0
sz002214,2000,0,0
sz300737,1194,798,749
sh600758,0,0,0
sz002135,0,0,0
sz002369,11376,7830,0
sh600382,3013,1156,0
sh600235,0,0,0
sz300054,2364,2557,0
sh603918,0,0,0
sh603385,0,0,0
sz002295,3364,0,0
sh603507,0,0,0
sz000848,0,2000,0
sz000850,2536,0,0
sz300242,1800,4274,0
sz002266,8561,11427,0
sz002116,1264,0,0
sz002735,0,0,0
sz000678,0,0,0
sz300371,0,0,0
sh601008,0,0,0
sz002025,10538,10892,613
sh600587,0,0,0
sh600558,0,0,0
sh601996,2417,0,0
sz002363,0,0,0
sh600884,16255,17404,0
sh601101,2100,0,0
sz002538,2900,3842,0
sz002294,8662,4430,0
sz002771,3291,0,0
sz000040,1000,0,0
sz000550,1918,2917,0
sz002730,0,0,0
sz300394,0,0,0
sh600160,46383,51240,4901
sh600267,4060,3594,0
sz300319,0,0,0
sz000425,23761,66575,0
sz300404,0,1043,0
sh600332,14655,11615,1393
sh600477,0,2868,0
sh600846,1735,2793,0
sz002174,0,1623,0
sh600668,0,0,0
sz000712,0,941,0
sh603260,2384,2280,0
sz002486,0,0,0
sh603156,209,1323,293
sh603101,0,0,0
sz002706,0,1124,0
sh600070,0,0,0
sz000153,0,0,0
sz002845,0,0,0
sz300534,0,0,0
sh601007,0,0,0
sz002816,0,0,0
sh600639,1802,685,0
sz002332,2106,0,0
sh600647,0,0,0
sz002403,0,0,0
sh600616,0,0,0
sz300099,0,0,0
sz002793,0,0,0
sh600540,0,0,0
sh600683,0,0,0
sh601222,2112,0,0
sh601800,0,2237,0
sz000976,0,1767,0
sz002702,3890,2041,0
sh600838,32261,32883,5760
sz002435,0,0,0
sz300480,0,0,0
sz002508,7218,3586,327
sh600583,4805,13301,0
sz300364,15364,13774,0
sz000981,0,0,0
sh600007,0,0,0
sz000815,0,0,0
sh600796,0,0,0
sz002370,4532,3050,0
sh603890,0,376,0
sz300397,0,0,0
sh600782,38544,46241,5724
sh600425,4000,0,0
sz300087,6665,2396,0
sz300206,0,0,0
sz300463,0,0,0
sh600096,35518,40798,1610
sz002130,20003,2000,0
sh600888,0,0,0
sz300093,0,0,0
sz300307,0,1518,0
sz000591,0,4991,0
sh600662,21563,39156,0
sz300009,16547,7053,969
sz000608,0,0,0
sz300053,5341,754,0
sz002676,0,3982,0
sz300609,3417,2241,0
sh601016,0,0,0
sz300209,0,0,0
sz300292,0,0,0
sz002038,8785,5250,502
sh601318,545995,554729,75231
sz002556,0,1650,0
sh603368,0,301,0
sz002251,13791,8820,1260
sz300296,9607,11384,3845
sz002165,0,0,0
sh600137,0,0,0
sh600476,1048,0,0
sh603345,0,0,0
sh600369,6000,0,0
sz300702,1425,1067,426
sh600965,0,0,0
sz002688,0,0,0
sh600383,24545,39309,0
sz002341,4450,0,0
sz000895,19799,40443,0
sz300182,33400,15310,0
sz002917,840,421,0
sz002568,4703,6643,0
sz002776,3462,0,0
sh601019,0,0,0
sz300660,0,0,0
sh600712,0,0,0
sz002641,0,0,0
sz000735,69983,45081,1530
sz000420,0,0,0
sh603689,0,0,0
sh600225,0,6100,0
sz002109,0,0,0
sz002767,0,0,0
sz002901,0,0,0
sz300555,0,0,0
sh600763,5819,2895,1564
sh603901,0,0,0
sz002056,18665,0,0
sz300696,0,1618,0
sh600850,0,0,0
sz000799,1076,4317,0
sz300239,0,0,0
sz000576,1106,0,0
sh600151,0,0,0
sz300010,0,1096,0
sh603555,2060,0,0
sz002285,40529,19284,0
sh600694,0,0,0
sh603030,1483,0,0
sh601238,1473,578,0
sz000905,0,0,0
sz002468,5784,501,0
sh600278,0,0,0
sh601601,44040,70205,6657
sz300468,617,0,0
sz300029,0,0,0
sz002012,7121,0,0
sz002112,0,0,0
sz300143,0,0,0
sh600537,0,4887,0
sz000027,0,0,0
sh603701,0,0,0
sh600218,2996,10766,0
sh600569,43547,31151,7037
sh603819,0,0,0
sz000761,0,0,0
sh603612,1094,978,0
sz000737,0,0,0
sz002893,0,0,761
sz002602,1080,1279,0
sh603880,0,0,0
sz300474,16684,16971,611
sh600486,2256,2393,320
sz000935,21842,31769,10304
sz000862,3000,0,0
sh600707,0,0,0
sh600703,41002,35096,4035
sz300432,4017,0,0
sh601000,11470,8083,0
sh600054,0,0,0
sz002596,24925,22929,897
sh600663,0,599,0
sz002818,0,0,0
sz002630,13722,1159,0
sz300654,0,6559,0
sz300122,14075,7063,1014
sz002234,2894,2109,0
sz300731,4493,4743,433
sz300033,2933,1339,207
sh601003,9241,9999,0
sz002910,31760,28904,7943
sz002833,0,300,0
sh600617,2358,0,0
sz002847,14233,1869,0
sh603886,0,0,0
sh600778,0,0,0
sh600605,976,0,0
sz000622,0,0,0
sz300211,0,0,0
sh603828,0,0,0
sh603595,999,650,0
sz300003,29343,12838,1410
sz300663,0,686,0
sz002091,2169,0,0
sz002928,1333,1147,314
sh601700,10096,24050,0
sh600836,0,0,0
sz300073,3674,4555,0
sh603660,315,299,0
sh603331,0,0,0
sz300703,0,0,0
sz300252,3019,0,0
sz300381,1316,0,0
sz002365,0,500,0
sz002686,0,0,0
sz002156,11288,11163,0
sz002282,1238,1214,0
sh603833,0,521,0
sz002383,8785,4531,655
sh603707,2473,1160,0
sz300047,7172,1882,847
sh600692,1787,1130,0
sh603568,0,0,0
sh603330,0,0,0
sh603799,74296,64767,10753
sh600248,0,0,0
sz002573,1960,5295,1041
sz000049,559,408,0
sh603883,1743,2493,0
sh600376,0,3040,0
sz300260,0,0,0
sz000996,9346,19973,0
sh600150,75005,99896,11334
sh600398,8346,8746,1074
sz002876,0,283,0
sz300169,0,0,0
sh600121,2008,0,0
sh600584,53160,36483,1712
sh601010,0,0,0
sz300378,0,1648,0
sh600237,0,0,0
sz300226,19089,12885,409
sz300486,0,0,0
sz300388,0,0,0
sh600517,9091,8220,3705
sz002316,0,2373,0
sz002491,3601,856,0
sz002010,0,0,0
sh603726,0,0,0
sh600171,20290,2949,0
sz000969,1641,0,0
sh600933,2077,0,0
sz002495,4000,0,0
sz300487,962,3659,0
sz300110,23379,26275,0
sh603008,0,0,0
sz002417,0,0,0
sh603619,2688,3161,1508
sz002099,0,0,0
sz000682,2352,0,0
sz002831,350,311,0
sz002424,1983,7556,742
sz000856,4262,3710,2774
sh600764,3333,4199,0
sz000669,0,0,0
sh601899,750704,757774,6528
sz001696,0,0,0
sh600841,0,0,0
sz002239,0,0,0
sh600503,2091,0,0
sh600367,0,0,0
sh600038,17657,20649,1288
sz300034,9442,34131,0
sh603288,1535,1645,0
sh603118,0,0,0
sz000889,0,0,0
sh603039,140,841,0
sz300081,4384,1115,0
sz002209,0,0,0
sz002571,1500,1774,0
sz002653,0,0,0
sh600365,0,0,0
sz000510,0,0,0
sh600229,0,0,0
sh600131,0,0,0
sz000507,7133,1762,0
sz000503,24742,23849,1243
sh603997,0,1120,0
sh600305,0,0,0
sh600501,4208,0,0
sh600980,0,0,0
sh600695,1582,0,0
sh600191,9272,11887,0
sh601006,75956,26779,10092
sz300006,0,4091,0
sz002096,0,0,0
sz000898,15154,16795,0
sz002020,0,0,0
sz000157,2492,12392,0
sz002792,0,0,0
sz000070,0,0,0
sz300552,0,0,0
sz000060,15262,12811,0
sz300203,2598,1067,0
sh600089,11451,9490,0
sz002225,0,0,0
sz002667,800,0,0
sh603848,0,651,0
sh601336,21077,35252,1639
sh601898,0,2031,0
sz300497,0,0,0
sz000005,0,0,0
sh600050,192889,239518,10010
sh600186,0,5960,0
sz300443,0,0,0
sh600475,0,0,0
sz300675,12908,13398,0
sz300632,0,0,0
sh600507,11635,13601,810
sz300473,0,0,0
sh603679,0,0,0
sz002463,0,0,0
sh600020,0,3170,0
sz002631,0,1403,0
sz300685,2051,756,0
sz300733,598,0,0
sh600531,6630,6271,0
sh600704,3932,2482,0
sh600719,0,0,0
sh600875,6196,8111,0
sh600449,0,3260,0
sz002485,0,0,0
sh601881,5225,3551,0
sz000151,79306,85670,16800
sz002774,0,0,0
sh600119,2042,6544,0
sz002732,0,0,0
sh601888,15067,19321,1896
sz002308,3008,0,0
sh600345,451,0,0
sh601099,83117,51734,0
sh600130,65929,11640,0
sh603990,0,0,0
sz000628,0,0,0
sh601877,4240,4955,503
sh603506,0,727,673
sh601718,6990,0,0
sh600858,0,0,0
sz002296,0,0,0
sh600163,0,0,0
sz300113,9217,10630,671
sh600882,0,0,0
sz002124,0,0,0
sz300212,3796,1607,470
sz002713,0,0,0
sz002466,53286,32639,7582
sz002859,409,500,0
sh603043,0,0,0
sz000698,3000,0,0
sh600757,0,3022,0
sh600820,0,2114,0
sh601388,6569,6658,0
sh600696,2028,0,0
sz300641,0,0,0
sz300579,0,0,0
sz300661,1790,587,0
sh603365,0,0,0
sz002911,0,1776,0
sh601311,0,0,0
sh600633,2007,2083,0
sz300244,2608,1667,0
sz002346,1017,1922,0
sz000656,38317,6066,0
sh600189,0,0,0
sz300516,0,0,0
sh601326,0,0,0
sz002144,0,0,0
sz000990,795,0,0
sz300522,0,0,0
sh603111,0,0,0
sz300619,0,0,0
sz000835,0,0,0
sh600936,0,0,0
sz300094,4436,2151,0
sh600872,575,558,0
sh600861,1500,0,0
sz000910,2544,2307,0
sh600750,933,899,0
sh600652,0,0,1622
sz000538,5081,2702,0
sz300602,982,1263,0
sh600893,29720,14832,0
sh603855,0,0,0
sh600756,8152,2765,0
sz300181,0,0,0
sh601858,0,0,0
sz002327,1888,0,0
sz002915,391,1046,0
sh600816,5164,1187,0
sz300027,29451,29772,0
sz300503,0,0,0
sz300366,1299,1044,0
sz002073,0,2824,0
sz000978,0,0,0
sh600648,0,0,0
sz002378,2014,2000,0
sz002169,0,0,0
sh600240,0,0,0
sh603968,0,0,0
sz300493,0,0,0
sh600699,4745,3938,0
sz002595,0,0,0
sz002680,6347,4098,0
sh600939,0,0,0
sh600601,0,3574,0
sz000554,0,7934,0
sh601969,0,2169,0
sz002158,3000,0,0
sz000615,14331,19920,0
sz300123,0,0,0
sz000913,0,0,0
sh603126,1379,3548,0
sh603960,0,0,0
sz002718,0,0,0
sz300158,0,0,0
sz300344,15937,11677,0
sz002160,0,0,0
sz000042,0,0,0
sh600977,2306,1354,0
sh601519,0,0,0
sz000006,12403,23756,0
sz002224,0,0,0
sh601212,42743,64780,0
sh600252,0,6411,0
sz300635,0,0,0
sz002483,3054,0,0
sz300022,3397,2219,0
sz000677,0,0,0
sz000755,0,0,0
sz000721,0,0,0
sh603730,0,0,0
sz300102,2953,2051,0
sh601600,267117,375845,4006
sz300095,0,0,0
sz002827,0,0,0
sz002157,0,5231,2386
sz002250,4909,7987,0
sz300617,352,0,0
sz001896,0,0,0
sz300595,0,260,0
sz002738,11936,4243,0
sz002645,0,0,0
sh601886,0,0,0
sh600036,217227,234289,10821
sz300328,4992,1053,0
sh603778,0,0,0
sz002186,0,0,0
sh600773,5141,0,0
sz002487,0,0,0
sz002696,606,0,0
sz300020,6375,3303,0
sz300467,299,0,0
sh600697,0,0,0
sh600689,11963,21494,0
sh600109,4165,15864,0
sh603776,0,669,0
sz300730,4629,4371,889
sz300640,545,2927,0
sh603859,0,0,0
sz300401,792,2075,0
sz300535,0,0,0
sh603655,0,681,0
sz002505,567080,459694,70730
sh603089,0,0,0
sh600966,0,2530,0
sz300450,2756,1987,441
sz002003,0,0,0
sz002376,3918,4702,1003
sz002192,2628,2121,0
sz002867,0,0,0
sh600986,909,0,0
sh603456,1833,0,0
sh600513,0,0,0
sz300293,0,0,0
sh600122,40503,11355,0
sh601965,0,2000,0
sz002453,0,1609,0
sh600721,0,0,0
sh600809,968,0,0
sz002565,2053,0,0
sz300603,0,361,0
sh603127,3794,1122,0
sz300220,0,0,0
sz002812,1455,1176,0
sh603139,0,0,0
sh603536,0,0,0
sh600628,0,0,0
sz002462,0,0,0
sz300018,1814,0,0
sz300510,0,0,0
sh600557,0,770,0
sz002877,3864,3214,469
sz300145,2071,2510,0
sh603158,0,0,0
sh603077,12982,8150,0
sz002666,42623,25505,0
sz002049,214235,117629,18523
sz002909,0,0,0
sh600834,0,0,0
sh600466,9358,16051,0
sz000998,13991,12977,0
sz000800,0,2342,0
sz300705,19722,14372,0
sz002202,85866,92495,5204
sh600239,6896,0,0
sz002151,9637,33226,560
sz002405,47454,25146,4630
sh603630,0,0,0
sz002722,0,0,0
sz002290,0,0,0
sh603566,0,0,0
sz002040,0,0,0
sh603036,0,0,0
sz002658,0,0,0
sz002013,57697,8413,0
sz300279,0,0,0
sz300376,6812,4982,0
sz002490,0,0,0
sz002668,6066,0,436
sh603007,1600,0,0
sz002167,0,0,0
sz300335,3055,5364,0
sz000685,1058,1274,0
sz300011,0,0,0
sh603885,0,0,0
sh603717,0,0,0
sz002518,0,0,0
sh600730,0,0,0
sz002429,15284,7126,0
sz300417,0,0,0
sz002418,2000,20914,0
sz002835,0,0,0
sz300644,0,0,0
sh600360,47652,108921,8372
sh600650,0,0,0
sh603389,0,0,0
sz300088,43432,88951,0
sz300308,2959,2907,201
sh600804,1000,967,0
sz000661,3219,3381,80
sz300628,1611,901,0
sz300114,6036,1781,0
sh600300,2551,21271,0
sh601375,3795,0,0
sz000651,150283,137231,6617
sh600098,0,0,0
sh603999,0,0,0
sz000777,0,0,0
sz000811,0,0,0
sz300334,0,1160,0
sz300031,0,800,0
sz002367,1708,16342,0
sz002579,0,0,0
sz002107,0,0,0
sh600561,0,0,0
sz002887,0,405,0
sh600823,2659,0,0
sz300642,902,1939,0
sh600889,0,0,0
sh600058,0,0,0
sz000597,0,0,0
sz300631,3984,2030,1246
sh601377,7062,4104,0
sh603903,0,0,0
sh600436,9967,7601,1093
sh600361,0,0,0
sh600175,9108,5573,0
sh603985,0,0,0
sz000586,0,0,0
sz002339,2175,0,0
sz002822,5288,2063,0
sz002747,0,0,0
sz002028,2925,0,0
sh600532,10442,1985,0
sh600811,15472,9810,0
sz300383,199459,181250,6116
sh600746,0,0,0
sh600519,12768,14998,1459
sz000938,2849,6861,0
sh600654,12782,0,0
sz002064,0,3079,2489
sz000028,0,511,0
sh601890,3160,0,0
sz002231,0,0,0
sz300732,139,0,0
sh600722,0,0,0
sz002409,3402,1129,0
sh603669,0,0,0
sz000402,14419,1020,0
sz000690,4015,0,0
sz000585,0,0,0
sz300247,7442,4261,0
sz002663,0,3192,0
sz002616,0,0,0
sh603200,0,0,0
sz300402,0,0,0
sh600744,0,0,0
sz002162,0,0,0
sz300721,0,0,0
sz002132,0,0,0
sh601038,1633,0,0
sz300285,621,0,0
sh600576,0,0,0
sh603308,0,0,0
sz300268,0,652,0
sh600312,0,3385,0
sz000150,0,0,0
sh603020,0,0,0
sz002136,0,0,0
sh601677,0,0,0
sz300549,0,0,0
sz002062,0,0,0
sz002564,0,0,0
sz300449,0,0,0
sz002230,152182,104854,17701
sz002693,0,0,0
sz300148,104397,23103,0
sz300323,11290,1771,0
sz300720,0,530,0
sh600282,63216,95643,2535
sz300321,0,0,0
sz300012,49512,16607,5487
sh601811,0,0,0
sz000881,0,0,0
sh603970,15878,127050,1401
sh600528,1003,0,0
sz000301,5240,5661,0
sh600635,30300,34824,0
sz002399,0,750,0
sz300283,0,0,0
sh603882,1097,0,0
sz002433,0,0,0
sh603386,0,0,0
sh603839,0,0,0
sh600243,0,0,0
sh600566,2593,2337,0
sh601566,0,1000,0
sh603533,24203,12489,2925
sz300572,1464,556,0
sh600847,0,0,0
sh600766,4727,4374,0
sz000662,828,0,0
sz300066,9927,0,0
sz000680,0,0,0
sz002863,4605,0,0
sz300105,0,0,0
sh600336,0,0,0
sz002761,0,0,0
sz000663,0,0,0
sh600680,0,0,0
sh600339,3024,5720,0
sh603909,0,0,0
sz002068,0,0,0
sh600552,0,0,0
sz000417,0,0,0
sz000756,4361,0,0
sh600354,283220,295254,13255
sz002432,1251,0,0
sz000989,20514,7691,1865
sh600629,0,0,0
sh600297,1681,2501,0
sz300230,0,0,0
sz002410,14075,1806,0
sz300354,0,0,0
sh600990,846,1100,305
sz300121,0,0,0
sh600830,0,0,0
sh600433,0,2535,0
sz300466,1567,0,0
sz002080,8028,2502,0
sh601116,29808,38569,5235
sh600716,2140,0,0
sh600136,850,0,0
sz002183,14592,12596,0
sh600125,13031,26585,2618
sh600710,0,0,0
sh600213,0,2213,0
sz002459,0,0,0
sz000858,53391,52293,5257
sz000032,0,0,0
sz000785,0,0,0
sz300291,9823,0,0
sh600814,0,3708,0
sz300521,0,0,0
sz300576,0,0,0
sh600037,0,2565,0
sz300492,0,893,0
sz300476,44564,14649,807
sz002324,0,0,0
sz300274,29216,11694,1236
sz002648,1668,1142,0
sh603023,0,0,0
sz002589,5388,0,0
sz300264,0,0,0
sh601058,0,0,0
sh600826,1229,2689,0
sz300272,0,0,0
sh600490,17986,29653,1211
sh603898,364,0,0
sh600667,14613,0,0
sz002908,852,409,0
sh600276,48661,38571,2652
sz002227,0,941,0
sz002477,54299,57074,0
sz000968,0,1026,0
sh600315,4593,2356,0
sz000932,87154,65434,7147
sh600821,0,0,0
sh600275,0,0,0
sz000948,0,0,0
sz002179,13457,11454,508
sz002111,0,0,0
sh603359,889,0,0
sz002286,0,0,0
sz002051,850,888,0
sz300542,4402,3068,0
sh600604,0,1666,0
sz000750,10815,13237,0
sh603283,537,455,0
sh600228,0,0,0
sz000928,2736,11063,0
sz000695,0,1787,0
sh600998,585,0,0
sz000558,0,3540,0
sz000917,3557,1700,0
sh603987,0,0,0
sh600126,0,0,0
sz002506,20114,26280,0
sh603917,0,0,0
sz300647,1132,0,0
sz000921,0,978,1107
sz000977,227037,178387,35016
sh600097,0,0,0
sz300217,0,0,0
sh600059,0,0,0
sh603912,567,0,0
sh603916,0,0,0
sz002355,0,2340,0
sz000885,0,0,0
sz002743,0,0,0
sz002861,0,417,0
sz002860,334,1650,337
sh600999,2438,2708,0
sh601985,18296,25302,0
sh600120,1374,535,0
sz000609,0,0,0
sz300057,0,0,0
sz300678,696,759,0
sz002326,0,0,0
sz300653,400,0,0
sh603515,703,300,0
sz002837,0,671,0
sz300590,681,0,0
sh600389,0,0,0
sz002925,7940,5348,1205
sz002536,1380,877,0
sh600556,0,0,0
sh600090,12866,4036,0
sh601838,8637,8503,0
sz002379,3000,0,0
sh601633,1459,0,0
sh603316,0,0,0
sz000869,2878,0,0
sh600803,2069,2775,0
sh601360,16536,20696,5081
sh600808,81140,87028,0
sz300165,0,0,0
sh600874,5753,8270,0
sz000430,0,0,0
sz300729,0,0,0
sz300241,0,0,0
sh601866,0,0,0
sz300191,0,0,0
sh600421,0,0,0
sz000708,0,0,0
sh600975,49653,79414,19813
sz000702,0,0,0
sz300343,9031,12917,1905
sh601126,2000,0,0
sh600522,16706,24321,2015
sh600016,81550,100844,1788
sz002126,2343,3388,1175
sz300024,7626,10329,0
sh603926,0,0,0
sz300575,0,0,0
sz000813,0,0,0
sz300271,11487,9506,674
sh603996,4452,2061,0
sz002181,0,0,0
sz002832,0,0,0
sz000520,0,0,0
sz300375,0,0,0
sz300083,18490,6465,0
sz300367,48646,11431,1806
sz002892,0,331,0
sz000919,1900,1801,0
sz002467,0,2126,0
sz300393,1068,0,0
sz002131,157423,152019,0
sz300035,0,2007,0
sz002753,0,0,0
sz000820,121155,126286,12324
sh600597,7710,5841,0
sh600053,4470,913,0
sz300157,1641,4000,0
sz002173,0,0,0
sz002800,0,0,0
sh603680,0,0,0
sh601069,152123,106739,24051
sz300643,0,0,0
sh603557,0,0,0
sh601168,1521,17671,0
sh600010,130062,38922,0
sz002215,0,1396,0
sh600266,3379,1148,0
sh600745,577,1474,0
sz300320,0,0,0
sz000927,4000,0,0
sh601018,7883,17115,0
sz002352,0,551,0
sh600428,0,0,0
sh603626,1073,0,0
sz002757,0,0,0
sh603878,1598,4306,0
sz002553,3000,0,0
sh600352,75097,58119,0
sh601599,0,1701,0
sz000155,27778,11752,0
sz300139,0,0,0
sh603727,0,0,0
sh600901,20596,59484,0
sh600223,0,2983,0
sz002500,1922,12002,0
sz300518,0,0,0
sh600767,0,0,0
sh600726,0,0,0
sz002639,0,0,0
sh600769,0,0,0
sz000636,210729,94619,10417
sz002184,11654,6015,0
sz002895,0,0,0
sh600419,0,0,0
sz300284,696,0,0
sz000902,0,3605,0
sz000893,21528,104284,1608
sz000967,0,0,0
sh601155,18979,13460,808
sz300458,6656,2118,0
sz002344,0,0,0
sz000589,0,0,0
sh603387,0,0,0
sz002684,736,0,0
sh603601,0,1966,0
sz002343,2896,2371,0
sh603768,7424,702,0
sz300580,0,0,0
sh600035,3026,0,0
sz002623,0,0,0
sh600567,57517,44901,4988
sh600785,0,0,0
sh601949,0,0,0
sh600115,46669,88042,0
sh603988,2062,1331,0
sh600004,2896,2439,0
sh600091,0,0,0
sh601398,906222,1133880,10573
sh603388,0,0,0
sh600565,4000,0,0
sz002306,0,0,0
sz300273,0,0,0
sh603357,0,0,0
sz002358,9290,1537,0
sz002554,0,0,0
sh600022,76288,71768,0
sz300532,2241,4760,0
sh600169,0,0,0
sh603868,0,0,0
sz002420,0,0,0
sz300232,3684,9420,0
sz002674,0,0,0
sh603239,0,0,0
sz300680,908,0,0
sz002125,0,0,0
sz300384,0,0,0
sh603906,0,0,0
sh603758,4031,1170,0
sh603703,0,0,0
sz002841,195,0,0
sh600580,7489,1464,0
sz300233,2200,642,0
sz000069,21100,51451,0
sh600575,4063,0,0
sh603177,0,0,0
sh600114,0,698,0
sz001979,11967,13678,546
sh600898,0,0,0
sh601107,0,0,0
sz000908,0,0,0
sz002406,0,0,0
sz002045,0,4661,0
sh603922,0,0,0
sh600995,0,0,0
sz002244,6196,15297,0
sz000723,97349,63370,0
sh601727,0,2128,0
sz000818,949,2300,0
sz300554,0,0,0
sz002440,10540,5303,0
sz000715,0,0,0
sz002348,0,0,0
sz300297,0,0,0
sz300707,2672,1421,0
sz300726,7091,12576,982
sh600681,0,0,0
sz002264,132922,71003,10643
sh603022,2381,1004,0
sz300126,0,0,0
sh600988,233069,182594,26525
sh601002,0,0,0
sz002095,789,2676,281
sh601669,1560,1545,0
sh600173,0,0,0
sz002258,1362,0,0
sh600397,0,0,0
sz300413,4276,975,0
sh603058,1198,1657,0
sh600085,6872,4148,330
sh600075,0,1601,0
sz000657,0,1000,0
sz300021,1677,3886,0
sz002636,0,0,0
sh603866,0,222,0
sz002848,0,0,0
sh601678,9269,12772,0
sz002385,35075,30538,0
sz002821,2655,1183,137
sz000687,13223,8195,2072
sh600461,0,0,0
sz002117,0,0,0
sz002733,0,0,0
sh601618,52596,14985,0
sz000957,1259,0,0
sh601015,0,0,0
sz002557,0,0,0
sz002638,0,5457,0
sz300270,0,0,0
sz300615,0,0,0
sz300436,0,0,0
sz300600,0,250,0
sh600190,0,0,0
sz300084,0,0,0
sz002742,257940,23163,2218
sz002185,30196,14059,0
sz300571,1212,593,0
sh603289,0,0,0
sz002041,41519,45965,1587
sz002673,9290,7987,0
sz000659,0,0,0
sh603976,0,0,0
sh603218,0,0,0
sz002315,0,0,0
sh600725,0,0,0
sz000861,0,0,0
sh600082,0,0,0
sz002043,1966,1030,0
sz000892,0,0,0
sz002610,12322,17134,0
sh601339,0,0,0
sz300519,503,1545,0
sz000899,0,0,0
sh600521,7338,4321,0
sh600061,0,0,0
sh600579,1157,0,0
sz000979,141052,57779,0
sz002029,8003,0,0
sh600377,1778,0,0
sz300648,315,0,0
sz002342,8089,5427,0
sz002886,0,0,0
sz300567,331,84,0
sz002291,1773,0,0
sz002310,13720,5397,0
sz002734,3772,1722,0
sh600723,0,0,0
sh600208,49443,68036,0
sh600686,3892,2049,0
sh600824,0,5435,0
sz002452,0,0,0
sh600658,0,2926,0
sh600327,0,0,0
sz002077,0,0,0
sz002426,0,2575,0
sz002690,0,0,0
sh600851,0,1000,0
sz002057,0,0,0
sz300667,1574,1472,0
sz000760,0,0,0
sz300048,3691,0,0
sz002626,2784,2473,0
sz002058,0,697,0
sh603227,0,0,0
sh600009,3520,6871,423
sh600812,0,0,0
sh603016,0,764,0
sz300427,1012,0,0
sh600761,0,0,0
sh600664,4263,2434,0
sz000553,993,0,0
sz002790,0,0,0
sz300508,201,0,0
sz300276,0,0,0
sh600970,2297,7782,0
sz002422,26595,14188,925
sz300665,0,0,0
sz002106,0,0,0
sh603133,0,0,0
sz300453,0,0,0
sz002177,0,2899,0
sh600581,22136,26956,2618
sh600801,4365,10987,1171
sh600008,33608,15326,0
sz002544,777,759,0
sz300302,12756,15195,0
sz000923,510,684,0
sz300075,1358,0,1557
sh600781,0,681,0
sh603656,0,0,0
sz002633,0,0,0
sz002182,0,0,0
sh603136,0,0,0
sz300045,0,13053,0
sh600159,0,0,0
sz002611,1930,2500,0
sz002139,3577,3024,0
sh603458,0,0,0
sh603977,0,0,0
sz002750,0,0,0
sz002457,4065,2659,1482
sz002612,0,0,0
sz300424,14812,7359,485
sz000705,0,0,0
sh603618,0,0,0
sz000803,0,0,0
sz002421,0,0,0
sz002618,3594,1500,0
sh600095,152835,462793,9880
sh600184,3740,1212,0
sz300330,0,0,0
sh603606,0,0,0
sz300406,0,0,0
sz002373,9392,7029,0
sz002880,0,0,0
sz000407,0,0,0
sh603779,2437,2293,764
sz000617,0,0,0
sh600660,4125,2959,1021
sz300500,430,0,0
sz002482,0,0,0
sz002701,7899,4407,0
sz000965,0,0,0
sh601798,0,0,0
sh600737,1562,18713,0
sz002469,0,0,0
sz002594,8531,8540,220
sz300236,6290,4031,401
sz300074,0,0,0
sz002337,0,0,0
sz002411,10788,9249,502
sz000423,368,2991,643
sz000059,1253,2985,2363
sz002465,16410,10827,0
sz002086,5801,0,0
sz300030,0,0,0
sh603991,0,0,0
sh600894,0,0,0
sh603189,0,0,0
sz000718,0,12841,0
sh603881,0,0,0
sh603633,0,0,0
sz300440,0,0,0
sh600162,0,0,0
sz002254,23730,8775,0
sz000610,0,4478,0
sh600599,0,0,0
sz300706,1315,940,334
sh600064,805,0,0
sh600438,27025,31780,0
sz000158,0,0,0
sz002811,0,0,0
sz000920,0,0,0
sz002926,21472,16725,0
sz300267,13717,36694,0
sz002031,0,5800,0
sh603098,0,0,0
sz300255,0,0,0
sz002570,0,3070,0
sz300106,4370,0,0
sz002388,0,0,0
sz002408,0,0,0
sh600498,3920,2409,0
sz002791,894,0,0
sh603721,0,0,0
sz002488,3575,0,0
sz300214,0,0,0
sh600961,0,0,0
sz002711,0,0,0
sz300379,0,0,0
sh600458,0,0,0
sz300717,0,338,0
sz002164,0,0,0
sz002335,0,595,0
sz000665,0,0,0
sh603056,3809,2642,0
sh600684,4364,0,0
sz300636,0,0,0
sz300390,17492,10635,0
sz002600,29593,3354,0
sh603608,0,0,0
sh600551,0,0,0
sh600348,37523,31095,2184
sz300741,933,470,0
sh600815,0,0,0
sz002620,0,1260,0
sh603168,0,0,0
sh600705,23428,8495,0
sh603777,0,542,0
sz300437,0,0,0
sz300509,0,644,0
sh603838,0,0,0
sh600129,702,0,0
sh600976,0,0,0
sz002809,0,0,0
sh600146,45010,28049,2777
sz002882,0,0,0
sz002694,54478,14830,0
sh603516,1208,1730,214
sz000725,1768533,1522515,34774
sz000404,0,3004,0
sz002715,540,564,0
sh603226,0,0,0
sz000539,0,0,0
sz300514,0,0,0
sz000901,5724,1876,0
sz000683,14555,15562,0
sz002707,2500,0,0
sz300679,0,168,0
sz300322,0,0,0
sz300456,0,0,0
sz300448,0,0,0
sz300673,0,0,0
sz002120,1011,261,0
sh600479,0,1905,0
sz300380,1628,0,0
sz002534,0,0,0
sz000726,0,0,0
sz300700,2160,1217,188
sz300430,0,0,0
sz002232,1073,0,0
sz000886,64458,56017,0
sz300259,0,0,0
sz002889,0,0,0
sh600112,0,0,0
sz000720,0,0,0
sz300040,0,0,0
sh603677,0,0,0
sz002796,0,0,0
sz300282,0,0,0
sz002283,0,0,0
sh603196,0,0,0
sh603801,267,550,0
sh601179,0,0,0
sz300176,1430,211,0
sz002391,0,0,0
sz300275,0,0,0
sz300478,397,0,0
sz002498,15543,0,0
sz002166,0,0,0
sz002008,15671,8322,963
sh600622,0,0,0
sz000971,0,10883,0
sz002698,0,0,0
sz300253,139080,109925,3028
sz002801,0,0,0
sz002627,697,0,0
sz000502,0,0,0
sz300546,0,0,0
sz002070,0,3140,0
sz300295,656,0,0
sh600200,0,0,0
sh601328,77137,158967,0
sz002865,0,0,0
sz300421,0,0,0
sh600222,0,0,0
sz002238,0,0,0
sz000159,0,0,0
sh601929,15154,5000,0
sz000655,0,0,0
sz300585,0,0,0
sz002079,4378,0,0
sh600523,1299,2775,0
sz300044,0,1452,0
sh600724,0,0,0
sh600288,5994,1545,0
sz002356,0,0,0
sz300190,0,0,0
sz000955,1778,1700,0
sh603628,0,0,0
sz002461,0,0,0
sh600429,0,0,0
sh600992,0,0,0
sh603086,0,0,0
sz000788,0,0,0
sh600093,8103,2932,0
sz300353,32277,25499,2731
sz000722,0,0,0
sz000700,0,0,0
sz300558,1730,2713,0
sh600212,0,2345,0
sh601333,0,7399,0
sh600258,7498,4284,0
sz300638,0,0,0
sh603963,1133,1117,0
sz002541,0,0,0
sh600839,0,10382,0
sh603871,406,0,0
sh600356,0,0,0
sh600375,0,0,0
sz002393,0,0,0
sz000058,0,0,0
sz000078,2142,1887,0
sz002201,0,0,0
sh603699,700,0,0
sz002504,0,0,0
sz300078,8616,4253,0
sz300475,0,0,0
sz002102,8028,43490,0
sz002905,320,300,0
sh601011,9971,6069,0
sz002900,986,931,0
sz300551,0,0,0
sh600366,1510,2591,0
sz300587,0,0,0
sh600057,0,0,0
sz300581,1586,373,0
sz000607,0,0,0
sh601880,5159,0,0
sz002048,16472,34201,1503
sz300050,0,0,0
sz300655,1823,782,668
sz300630,1057,0,0
sh600335,27556,40632,0
sh603038,0,0,0
sz002381,0,0,0
sh600455,0,0,0
sz300496,4194,2224,380
sz002016,3716,4085,0
sz002652,0,2964,0
sh600588,131013,114698,15337
sz000679,0,0,0
sz000833,0,0,0
sz000012,0,1734,0
sh601258,67469,15536,0
sz002513,0,0,0
sh603668,0,1047,0
sz002613,0,0,0
sh603496,0,0,0
sz000559,0,0,0
sh600299,3958,0,0
sz002123,2518,0,0
sz002243,3270,1500,0
sh600671,0,0,0
sz002819,0,0,0
sh603638,0,0,0
sz002093,0,0,0
sh600979,0,0,0
sz300686,10170,2996,0
sz000021,1851,2779,0
sz002097,0,0,0
sh600908,2692,0,0
sz300515,0,0,0
sh601608,0,0,0
sh603686,0,0,0
sz300512,0,0,0
sz002071,3212,19008,3892
sh601968,0,0,0
sh600068,22469,25852,0
sz002024,196319,144302,6551
sz002004,0,5031,0
sz000573,0,0,0
sz002223,40815,29980,0
sz300415,0,0,0
sh603165,400,0,0
sh603829,0,0,0
sh600217,0,0,0
sh603009,0,0,0
sz300442,1619,0,0
sz002033,0,0,0
sz002836,0,0,0
sz000949,0,0,0
sh600135,52631,195596,28751
sz300389,1000,0,0
sh601567,0,0,0
sz002279,0,881,0
sh601366,0,0,0
sz000090,0,0,0
sz002039,0,0,0
sh603040,0,0,0
sh600792,0,0,0
sz300348,0,900,0
sh600728,88530,95058,9293
sz300584,0,0,0
sz002849,0,0,0
sz002288,0,2104,0
sh603895,328,1098,0
sz000413,26997,46829,0
sh600127,3189,3000,0
sz002501,2562,1316,0
sz300039,0,0,0
sz000037,7500,15541,0
sh600738,0,0,0
sz300058,26113,17785,4505
sh600487,40845,30949,1231
sz300352,2948,7055,0
sh600281,0,12816,0
sh600201,4228,466,898
sz300682,37980,33094,2684
sz002521,0,0,0
sz300566,0,0,0
sz002746,0,544,0
sh601966,0,0,0
sh600470,2511,0,0
sz000023,0,0,0
sz300026,0,0,0
sz000909,0,0,0
sh600827,0,4567,0
sz300608,0,447,0
sh603197,300,0,0
sz000709,26512,18418,0
sh600919,6217,29819,0
sz002516,0,0,0
sz000999,1741,501,492
sz300604,1998,384,0
sh603298,0,0,0
sh600525,21752,23165,0
sz300711,8694,12194,0
sz002089,0,2000,0
sh600837,12887,19774,0
sz000836,0,0,0
sz002037,0,2136,0
sh600066,5777,15367,0
sh600302,0,0,0
sz300213,1546,2272,0
sz002200,0,0,0
sz002336,0,0,0
sz300170,60473,36562,5207
sz000530,2154,2509,0
sz002148,3241,2365,0
sz000619,0,0,0
sz300223,0,0,0
sh600793,0,0,0
sh600094,4852,2501,0
sh603001,0,0,0
sz002762,0,0,0
sz000048,0,0,0
sz000007,0,3760,0
sh600577,9508,4418,0
sz000639,0,0,0
sh600818,900,0,0
sz002843,0,0,0
sh600444,0,0,0
sh603958,0,0,0
sh600234,0,0,0
sz002087,0,0,0
sz300547,368,0,0
sz300127,0,0,0
sh600202,0,0,0
sz300294,1155,2364,0
sz002585,1900,0,0
sz000970,18503,17182,0
sh603396,0,378,0
sz300149,0,0,0
sh603716,1237,0,0
sz000701,0,2902,0
sz002772,3497,4087,0
sz000595,0,0,0
sh600141,775,0,0
sz002552,0,0,0
sh601857,53863,85961,0
sz000882,0,14333,0
sz002380,0,0,0
sz300287,19525,21250,2094
sz300416,0,0,0
sz002728,0,0,0
sh601198,1730,3719,0
sh600149,1654,1839,0
sz002871,0,0,0
sh603328,0,0,0
sz300559,0,0,0
sz002512,5205,3274,0
sh600985,0,0,0
sz300650,1048,5345,0
sh603223,0,0,0
sz300350,0,0,0
sh603300,0,0,0
sz002129,212769,132611,2294
sz002700,0,0,0
sz002654,0,0,0
sh600176,27173,9314,0
sz002404,0,0,0
sh603079,0,978,0
sz300224,0,0,0
sz000637,0,0,0
sz000710,905,0,0
sh600749,0,0,0
sh600731,0,0,0
sh600843,0,0,0
sh603228,1307,0,0
sh600409,9472,11085,0
sh603106,3204,1618,0
sz300132,0,0,0
sz000401,42664,27949,0
sh603959,307,360,0
sh600562,4388,545,0
sz300433,6673,3872,1175
sz002127,10336,3626,665
sh600621,23588,7322,0
sh601368,0,0,0
sz000790,11286,12614,0
sh600209,6021,13158,0
sh601878,0,3304,0
sz002572,807,1109,0
sz002725,0,0,0
sz002228,0,0,0
sz000557,0,0,0
sh600439,5831,0,0
sz300533,0,0,0
sh603266,0,0,0
sz002171,0,1600,0
sh603029,0,0,0
sh600755,13808,8258,0
sh600039,5000,4132,0
sz000982,0,0,0
sz002922,2461,4331,426
sh603993,924874,692693,28975
sz002752,0,0,0
sh603355,473,0,0
sh600638,0,0,0
sh600074,31525,22729,0
sh600155,0,1987,0
sh600395,3394,2868,0
sz300300,19061,7082,3321
sz000697,0,751,0
sz300043,2586,0,0
sz300387,0,0,0
sz300258,2370,0,0
sh600448,0,0,0
sz002883,0,0,0
sz000937,2612,2521,0
sh600895,774,1734,0
sz000868,13459,6506,0
sh603937,679,0,0
sz300507,0,0,0
sh600108,75054,122598,0
sz300183,2388,906,0
sh600195,2384,600,0
sz000066,35387,23468,0
sh600337,0,0,0
sz002703,0,0,0
sz000915,0,0,0
sz000958,0,4709,0
sz002890,0,0,0
sh600909,1536,0,0
sz300434,0,0,0
sh600456,0,916,0
sz002665,0,1800,0
sh600481,0,0,0
sh601088,26452,65238,2661
sh600063,0,0,0
sh600006,0,0,0
sh600864,0,0,0
sh603198,0,0,0
sz300197,2678,3681,0
sh600328,3407,1158,0
sz002679,0,0,0
sh601137,0,0,0
sz300391,0,0,0
sh600033,0,0,0
sz002229,9811,22982,0
sh600406,6080,4956,0
sh601717,1733,0,0
sz300625,0,0,0
sz300134,3623,7484,1968
sh600527,0,0,0
sz000652,0,2231,0
sh600468,0,0,0
sz000605,0,0,0
sz300005,0,0,0
sz300142,49063,18042,1062
sz002019,13651,21392,1541
sz300118,0,0,0
sh601900,0,0,0
sh600161,4519,975,960
sh600055,0,0,0
sh603797,0,0,0
sh601988,194407,476759,0
sh600168,0,0,0
sz300037,745,555,0
sz002824,19258,3070,1038
sh601106,3656,0,0
sz000875,0,3626,0
sh600116,4727,0,0
sz300177,0,0,0
sz002615,0,0,0
sh600863,0,11078,0
sh600615,0,0,0
sh601998,20542,52709,1663
sh600879,49808,26117,0
sh603609,3623,20516,0
sh603005,0,0,0
sh603096,410,0,0
sh601628,4357,6131,0
sh600585,55332,67909,1969
sh600822,0,1055,0
sz000596,776,197,0
sz002137,43896,25421,12016
sz300136,33055,37944,6459
sh603311,0,0,0
sh603879,0,0,0
sz300561,281,0,0
sh600132,1008,0,0
sz300288,0,0,0
sh601288,1573155,1808274,0
sz300598,0,368,0
sz000972,4081,0,0
sh603938,0,0,0
sz000953,0,0,0
sh600138,504,4638,0
sz002246,3024,7250,0
sh601158,2001,0,0
sz300611,0,0,0
sh600320,0,2293,0
sh603366,2236,0,0
sz002853,0,0,0
sh601939,309414,445829,0
sz002763,0,0,0
sz002265,64939,67816,15768
sh600732,0,0,0
sz002331,0,0,0
sh600062,9471,3505,0
sh600996,0,0,0
sz000729,6895,1803,0
sh603268,0,0,0
sz002195,7110,19317,0
sh600771,782,690,0
sh603100,0,0,0
sh600156,0,0,0
sh600775,4145,0,0
sz300289,0,0,0
sz002377,0,0,0
sz300683,0,0,0
sh603258,0,0,0
sz002838,270,0,0
sz002479,3843,1267,0
sh600536,29548,20273,3703
sz002196,1212,0,0
sh600100,9192,3544,0
sh600026,0,0,0
sz002300,0,0,0
sz002480,0,0,0
sh600748,0,0,0
sz002839,45869,16958,0
sh603811,0,0,0
sh600330,1330,0,0
sz002354,2551,2346,0
sh600509,0,0,0
sz300167,3575,0,0
sz300235,0,0,0
sz300064,54200,49409,4457
sz002022,1700,0,0
sh600698,19692,30597,0
sz300360,0,0,0
sh600497,22757,9975,0
sh603499,541,1849,0
sz002497,82904,48274,3018
sz300462,3806,2166,0
sh603579,216,0,0
sz300606,0,0,0
sz002777,0,0,0
sh603825,0,0,0
sz300362,0,0,0
sz000888,0,0,0
sh600606,47831,52185,3012
sz000783,3519,1779,0
sh600052,0,0,0
sz002729,0,0,0
sz002484,0,0,0
sz002081,6019,8098,2534
sz300382,0,0,0
sh600105,0,0,0
sz002108,0,6125,0
sz002870,1265,439,0
sz000762,2226,2773,826
sz300664,886,599,0
sz000668,0,0,0
sz300189,0,4076,0
sh601607,15418,8270,658
sz002416,0,0,0
sz300338,0,0,0
sz300651,0,0,310
sz002302,3350,700,0
sz000736,0,0,0
sz002526,0,0,0
sz002549,0,0,0
sz000525,1255,2663,0
sz002705,0,0,0
sz300540,0,0,0
sz300342,0,0,0
sz300237,0,0,0
sz300085,6151,1348,0
sh600491,0,1000,0
sh603306,0,0,0
sz002670,1430,0,0
sz300254,1289,0,0
sh601226,0,0,0
sh600489,223485,214059,8997
sh600183,12300,8995,980
sz000061,3209,3014,5347
sh600081,0,0,0
sh600644,0,0,0
sz300065,8170,2688,0
sh600295,0,1209,0
sh600876,1456,1584,0
sz300639,0,0,0
sh600555,0,2651,0
sz000001,254598,304518,5076
sh600280,3553,0,0
sh600166,19799,5005,0
sh600193,0,0,0
sh603269,850,377,0
sz000791,0,0,0
sh603078,504,574,252
sh603861,0,0,0
sz002683,0,0,0
sh600538,0,0,0
sz002609,0,0,0
sh603556,0,0,0
sz300313,0,0,0
sh600251,11337,5541,0
sz300722,1295,2943,0
sz000673,17773,1677,0
sh600143,0,2191,0
sh600983,0,0,0
sz000039,8080,5268,1268
sz002119,0,0,0
sz002782,4263,1468,4145
sz002547,18717,4313,1555
sz002249,4486,7623,0
sz000830,120290,86695,4105
sh603180,273,285,64
sh603501,17307,11820,844
sz300028,0,0,0
sz002550,12607,0,0
sh603518,0,0,0
sz300501,0,0,0
sh601799,0,510,0
sh603711,0,521,0
sh600571,6611,1255,0
sh600236,0,4646,0
sz000501,0,0,0
sh600110,2000,2885,0
sh603026,0,0,0
sz002402,1702,0,0
sz000504,0,500,500
sz002808,0,1562,0
sz002027,25643,49808,5274
sh600488,0,0,0
sz300739,794,878,0
sh600219,24800,28098,0
sz002716,38147,23002,2077
sz300556,1579,3176,0
sh603421,0,0,0
sz300495,1266,0,0
sh603313,0,0,0
sh603899,825,1285,0
sh603129,0,0,0
sz002054,0,6294,0
sz002537,7267,7817,0
sh600000,21609,33990,0
sz002245,4233,3250,0
sz300484,0,0,0
sz000987,1351,1439,0
sh600720,3984,12924,0
sh600800,55103,56600,0
sz002159,0,0,0
sh603188,0,858,0
sh603611,0,0,0
sz002530,0,0,0
sh600929,0,0,0
sh603466,0,0,0
sh600971,1546,4914,0
sh603113,0,0,0
sz300407,0,0,0
sz002830,2052,11870,0
sh603011,0,0,0
sz000623,501,1206,0
sz002712,0,0,0
sh600743,0,0,0
sh600759,44211,23118,0
sh600056,3871,2561,0
sz002180,0,410,0
sz300097,0,0,0
sh600819,0,0,0
sz002664,0,0,0
sz000795,8866,32023,0
sh600426,3275,4827,0
sh600435,172047,81143,3062
sz300155,0,0,0
sz300316,59619,29761,3116
sh600415,5902,5192,0
sz002193,0,0,0
sh600420,0,954,0
sz002255,0,0,0
sh600379,0,0,0
sh603602,0,0,0
sh603232,0,0,0
sh600408,0,0,0
sh603527,0,0,0
sz002237,35540,32437,2462
sh601208,0,0,0
sh603358,0,0,0
sh603588,0,1130,0
sh600685,3197,5249,0
sh600805,0,0,0
sh600231,0,0,6315
sh600780,0,0,0
sz300138,0,0,0
sz002543,0,1227,0
sh600333,0,0,0
sz002115,0,0,0
sz000797,1208,0,0
sz000611,0,0,0
sz002635,21206,26433,2930
sz002823,0,0,0
sh600331,0,0,0
sz300708,2148,1806,0
sz000416,0,0,0
sz000650,0,0,0
sh603569,0,0,0
sh603615,0,0,0
sh601166,119132,212653,1498
sz000801,23482,99179,3681
sz300129,0,0,0
sz002798,0,0,0
sz002359,12051,14048,598
sz000732,13674,14626,825
sz300541,496,0,0
sz300256,3176,0,0
sz002797,37359,48521,0
sz002598,0,0,0
sz000545,0,0,0
sz000612,0,0,0
sh600598,211701,270973,13371
sh600351,0,0,0
sh600547,168739,174753,39666
sz002519,0,0,0
sz300357,0,780,0
sz002788,815,0,0
sz000544,0,0,0
sz000096,0,0,0
sh601992,34647,31882,0
sz002522,18919,1141,0
sh600308,0,2048,0
sz000983,25678,30323,0
sz002587,1545,0,0
sz300676,974,611,0
sh600021,2877,0,0
sz300215,0,0,0
sh601588,0,2850,0
sz300689,383,0,0
sh600192,2433,0,0
sz300180,1454,0,0
sz300019,1258,0,0
sh603060,0,2442,0
sh603108,13718,5079,0
sz002862,1041,428,0
sz300472,0,0,0
sz002050,11210,4991,0
sh601118,14531,9736,0
sz002528,0,0,0
sz002053,0,0,0
sz000519,32401,20830,4389
sz002146,20238,28648,0
sh603116,0,0,0
sz002555,1519,4179,0
sz300091,0,0,0
sh603208,0,0,0
sz000599,0,0,0
sz300140,15314,21266,1385
sh603117,1612,0,0
sz002386,0,0,0
sz300527,4331,0,0
sz002023,9080,2400,0
sz300465,6789,5499,0
sh600363,859,0,0
sz300438,0,1011,0
sh600831,0,0,0
sh600260,13983,8097,0
sh601872,2970,0,0
sz002134,0,0,0
sz002172,0,0,0
sz002069,0,2500,0
sz002298,0,0,0
sz002586,7309,0,0
sz300725,1113,619,114
sz002360,1585,1800,0
sh600883,0,0,0
sz002858,0,1544,0
sz002276,9229,1868,0
sz002681,0,1100,0
sh600623,3826,0,0
sh603663,0,0,0
sz300629,370,301,0
sz300405,0,0,0
sz002455,0,0,0
sz300249,0,0,0
sz300738,3859,3602,367
sz300216,11058,12399,0
sz002055,0,0,0
sz002318,4164,0,0
sh601928,0,0,0
sz300446,0,0,0
sz300147,0,0,0
sz300152,0,0,0
sz300727,515,899,0
sh601999,0,0,0
sh600232,0,0,0
sz000626,0,0,0
sz000541,0,0,0
sz002873,0,391,0
sz300684,421,0,298
sz002319,0,0,0
sz300061,0,0,0
sh600238,0,0,0
sh601611,0,0,0
sz002340,401499,317017,10579
sz000603,0,999,0
sh603683,0,635,0
sh600511,872,1493,0
sz002929,34166,35188,3299
sh601901,0,2071,0
sh603367,11724,4877,610
sz300698,0,0,0
sz300483,0,0,0
sz000531,0,0,0
sh600326,2732,0,0
sz000918,0,2383,0
sh603377,0,0,0
sz002323,2940,4852,0
sz002736,2350,1493,0
sh600661,0,0,0
sh603006,1034,0,0
