sh600128,0,0,0
sz002035,8977,7951,0
sz002516,97385,46329,8132
sh600069,0,1371,0
sh600533,11104,2097,0
sh600714,0,0,0
sz300532,0,0,0
sh603001,0,0,0
sh603758,0,0,0
sz000828,0,0,0
sz300565,0.0,0.0,0.0
sz300331,3184,1861,0
sz000603,2056,0,0
sh600361,0,0,0
sh600097,0,0,0
sz000672,117372,34785,1097
sh601336,15761,22160,1347
sz300677,5739,4268,0
sz300627,905,0,0
sh600997,20912,3635,0
sz000815,0,2049,0
sz002276,0,0,0
sz300311,0,0,0
sz300599,829,0,0
sz002025,1272,3394,0
sz002655,100885,264227,6263
sh603444,67,0,0
sh600300,0,3584,0
sz300688,0,0,0
sh600790,0,0,0
sh600919,60015,28041,0
sz002126,1080,1439,0
sz002796,662,3573,2219
sz000558,2060,0,0
sz002055,850,1050,0
sz300440,0,0,0
sz002617,0,7382,0
sz002134,0,0,0
sz002536,0,1570,0
sh600403,0,2200,0
sz300557,0,0,0
sz000949,0,0,0
sz000903,0,4762,0
sh600230,2133,1309,0
sz002245,3948,8138,2551
sh603798,0,0,0
sz300258,0,0,0
sz300118,3724,0,0
sz000008,4847,4318,0
sh600372,1155,1053,0
sz002153,1941,2633,0
sz002262,0,951,0
sh600537,0,0,0
sz000719,0,0,0
sh603813,0,0,0
sz300698,0,1134,0
sh600992,0,0,0
sh603626,0,448,0
sz300404,0,0,0
sh600161,9867,4713,0
sh603026,0,0,0
sh603077,133641,40262,0
sz300243,0,0,0
sz000935,8171,5546,1006
sz002286,1529,0,0
sh600483,0,0,0
sh600855,0,0,0
sh600649,1482,0,0
sz000530,0,5960,0
sz300445,0,0,0
sh603165,0,0,0
sz300343,0,0,0
sz000612,0,0,0
sz002563,1613,2970,0
sh603393,0,374,0
sh600094,0,1949,0
sh603958,0,0,0
sh603083,1251,834,0
sh600435,2868.0,0.0,0.0
sz002562,2937,5042,0
sh603808,0,0,0
sz300476,0,0,0
sz002056,21790,12100,0
sz002172,0,0,0
sh600869,0,0,0
sh603365,3488,3207,0
sz002321,6872,3743,0
sz002451,968,0,0
sz002919,0,0,0
sz300023,0,0,0
sh601727,26735,3769,0
sh600769,0,0,0
sh603016,0,0,0
sh601318,517234,500090,50200
sz002466,9658,12851,611
sz000889,951,0,0
sh601128,1767,4208,0
sh600290,0,5862,0
sz300215,0,0,0
sh603860,0,0,0
sh600477,8536,8167,0
sz002395,0,1500,0
sh600106,0,0,0
sh600600,2386,640,0
sz300254,0,0,0
sh600057,0,0,0
sz002456,51543,58936,5910
sh600405,1847.0,3000.0,0.0
sz000890,1849,0,0
sz300623,0,0,0
sh601678,42655,9658,0
sh601717,0,3339,0
sz002863,0,0,0
sz002725,0,0,0
sh600987,5555,922,0
sz300466,0,0,0
sz002614,0,4325,0
sz300637,844,0,0
sh601368,0,0,0
sz002639,1443,0,0
sh600186,8920,0,0
sz002426,2287,2064,0
sz300113,4176,2963,0
sz000400,2612,2807,0
sz002267,3253,3190,0
sz300647,0,0,0
sh600793,0,0,0
sh600212,0,3299,0
sh603920,8028,11126,1262
sh600617,0,0,0
sh600549,8409.0,13547.0,1723.0
sh603979,0,0,0
sz000881,802,1534,0
sh600615,0,0,0
sz002590,0,0,0
sz002142,39442,28051,1120
sh600400,0,0,0
sz002647,1802,0,0
sz300359,0,0,0
sh600190,0,0,0
sz002255,0,0,0
sz002119,0,0,0
sz002513,0,0,0
sz002043,18924,12131,4423
sh600777,100524,18782,0
sz300168,0,4921,0
sh603969,961,0,0
sh601126,2385,0,0
sh600127,0,0,0
sz000698,3408,3772,0
sh600975,0,2000,0
sh600996,1010,0,0
sz300097,471,801,0
sh601882,6527,1899,0
sz002353,4951,1787,0
sh603676,9589,6036,3802
sh600698,13890,1424,0
sz000537,20373,21944,0
sz000673,30405,10682,0
sz002258,6707,8019,0
sz002190,0,0,0
sz002375,3486,0,0
sh603496,0,0,0
sh603320,402,0,0
sh603031,0,0,0
sh601116,0,0,0
sh601880,0,9871,0
sh600125,20907.0,26343.0,2458.0
sz300239,0,0,0
sz000792,64354,64584,779
sz002085,1486,5108,0
sh600159,0,0,0
sz300174,0,0,0
sh600377,4886,7687,0
sz300077,12322,23541,1359
sz002406,0,0,0
sh600153,52354,5136,2770
sh600749,749,510,0
sz000089,0,1154,0
sh600173,0,0,0
sz300649,0,336,0
sh600850,0,0,0
sh601339,2411,2310,0
sh600648,0,0,0
sh600973,0,0,0
sh600381,0,0,0
sh600419,0,0,0
sz000568,19005,30554,669
sz002588,2132,0,0
sz000301,4360,0,0
sz000528,24861,4668,0
sh600609,0,0,0
sz002145,42998,27698,0
sz000933,316657,234707,13931
sz300210,0,0,0
sz002014,0,0,0
sh600837,32331,7541,0
sz002106,2921,0,0
sh603288,0,1955,0
sz300166,0,12182,0
sz002337,0,0,0
sz002610,5009,6139,0
sh601877,2758,6075,0
sh603678,0,0,0
sh601019,5387,3107,0
sz300628,92,0,0
sz002809,1161,304,0
sh600306,0,0,0
sh600981,0,0,0
sz000977,40760,23623,842
sz002671,0,0,0
sz002542,1521,4200,0
sh603005,27623,53380,2324
sz300047,0,1278,0
sz002388,0,0,0
sz300285,7962,1792,0
sh603912,1305,1400,0
sz300219,0,1097,0
sh603477,97956,38676,12325
sz002532,0,1600,0
sz000042,0,0,0
sz300133,12095,0,0
sz000760,0,0,0
sz002029,0,0,0
sh601898,17489,3991,0
sh603060,0,0,0
sh601886,0,3763,0
sz002790,0,0,0
sz000628,0,0,0
sz002659,954,1171,0
sz002468,2066,980,0
sz002303,1612,0,0
sh600476,0,0,0
sz300126,0,0,0
sh603041,0,0,0
sz002627,0,0,0
sh603978,0,279,0
sh601669,28667,1574,0
sh600108,0,5552,0
sh600882,0,0,0
sz002530,0,0,0
sh600881,10174,8355,0
sz000908,0,0,0
sh603108,0,0,0
sz000801,3054,0,0
sz000978,0,0,0
sz000860,951,588,0
sh600526,0,0,0
sz002818,0,500,0
sz000539,0,0,0
sh600189,0,0,0
sz002063,0,1000,0
sz002298,0,0,0
sh603901,1880,0,0
sh600070,3955,3184,0
sz001896,3000,0,0
sh600307,4224.0,0.0,0.0
sz002360,0,0,0
sz002724,0,0,0
sh600311,0,0,0
sz000931,2898,0,0
sz002222,1472,3549,0
sz000582,9384,0,0
sz002208,0,0,0
sz300351,0,0,0
sh600056,953.0,1550.0,0.0
sh600078,0,0,0
sz002713,0,1000,0
sh600220,0,6966,0
sz300719,0,0,0
sh600620,0,0,0
sh603322,0,0,0
sh600025,857900,818505,15681
sz300299,1918,0,0
sz002059,0,0,0
sz002602,382,388,0
sh601127,0,0,0
sz000408,1954,3879,0
sh600593,0,0,0
sz002023,4091,11957,0
sz300082,0,0,0
sz300428,0,0,0
sh601058,4106,8429,0
sh600071,0,0,0
sz000786,128928,61517,3803
sz300182,55604,11749,2020
sz300679,0,0,0
sh600213,0.0,1069.0,0.0
sz000409,0,0,0
sh600841,0,0,0
sz300468,0,0,0
sz002793,0,1687,0
sh603738,0,0,0
sh600726,0,0,0
sh600379,0,1200,0
sh600370,30500.0,0.0,0.0
sz002173,0,0,0
sh601002,33432,17294,1063
sh600893,1001,1696,0
sz300701,1150,0,0
sz000739,0,0,0
sh600067,0,0,0
sz000061,0,3378,0
sz000429,0,0,0
sz002463,13057,23079,0
sz300349,2192,3967,0
sz000910,12356,3897,0
sh601998,57803,29813,0
sh600180,0,0,0
sz300471,0,0,0
sh603767,0,0,0
sh603017,0,0,0
sz300011,0,0,0
sz300484,0,0,0
sh603043,0,0,0
sz300320,0,917,0
sh600816,4942,2043,0
sz300630,381,426,0
sz000596,1472,1360,0
sz000829,0,0,0
sh600874,5828,793,0
sz300057,0,0,0
sz300102,9404,12739,0
sh600037,0,0,0
sh600251,0,0,0
sh603228,422,206,323
sh603727,0,743,0
sh600135,1329,0,0
sh600382,0,0,0
sz002688,2005,0,0
sz300230,0,2139,0
sz002690,2573,1250,0
sh603131,0,0,0
sz002533,0,0,0
sz000996,9437,6323,0
sh600266,748.0,0.0,0.0
sh600279,0,2000,0
sh600303,0,0,0
sz300652,0,0,0
sz000043,0,1560,0
sh603116,0,0,0
sz002424,727,0,0
sz300333,0,0,0
sz300527,0,0,0
sh603889,2258,0,0
sz002716,0,0,0
sz002515,0,0,0
sz002047,0,2799,0
sz002649,5648,6731,0
sz300696,0,0,0
sz000070,0,0,0
sz300385,0,0,0
sz002064,9506,2515,0
sh600722,11906,26623,0
sh600827,0,1116,0
sh600740,83511,48243,4437
sz300546,0,0,0
sh600532,0,0,0
sz002250,0,4129,0
sh603601,0,0,0
sz000517,0,0,0
sh603638,374,0,0
sz000150,0,861,0
sh600495,1504.0,0.0,0.0
sz000026,944,0,0
sz300572,0,0,0
sz000607,0,0,0
sz000541,2646,0,0
sz300093,0,0,0
sh600015,7284,7323,0
sz002895,561,1809,0
sz300257,0,0,0
sz000617,0,0,0
sz002611,0,0,0
sh603966,0,0,0
sz300043,0,5757,0
sz002359,6674,911,0
sh600356,0,0,0
sh603648,965,1056,0
sz000955,0,0,0
sh603076,13615,9222,742
sz002266,0,3000,0
sz002414,0,0,0
sh603222,2256,0,0
sz000951,3629,3104,0
sz300064,5056,3503,0
sh600456,5135,7558,0
sz300237,689,0,0
sh600250,0,0,0
sz300085,0.0,0.0,0.0
sz300214,0,2854,0
sz000897,0,0,0
sz300463,1655,3108,0
sz300163,3461,0,0
sz300549,0,0,0
sz000048,0,0,0
sz002092,106156,43276,2028
sz300055,19695,9657,0
sh600246,0,0,0
sz002526,0,0,0
sz300330,0,0,0
sz000652,0,0,0
sz002385,0,12253,0
sz300459,0,0,0
sz000850,0,0,0
sz002621,0,0,0
sh600725,0,0,0
sz000666,0,3187,0
sz000989,0,1035,0
sz000062,0,0,0
sz002383,4304,3073,0
sz300397,0,0,0
sh600343,782,0,0
sh601872,8419,0,0
sz300600,0,0,0
sh601375,35894,20757,0
sz000822,23800,6973,0
sz002318,4703,0,0
sh600696,0,0,0
sz002780,0,0,0
sz000816,3776,0,0
sh601020,0,0,0
sh603558,0,0,0
sh603096,0,0,0
sh600589,0,0,0
sz002236,41470,48939,3486
sz000595,0,6698,12295
sh600758,1854,0,0
sh603357,0,0,0
sz300509,0,574,0
sz300300,600,0,0
sz002672,2501,2055,0
sz002228,0,0,0
sh600650,0,0,0
sh601519,4762,2020,0
sz300251,64995,23327,2020
sh600182,0,0,0
sh603970,1792,3817,440
sz002673,9702,3399,0
sh600481,0,0,0
sh600488,0,0,0
sh600990,0,484,0
sz300181,11350,17998,3654
sh600673,8888,4800,0
sz000533,26167,0,0
sz002737,423,0,0
sh600742,2537,1514,0
sz002529,0,4986,0
sz300323,7609,803,0
sh600499,70388,28348,0
sz300535,0,0,0
sh603101,0,0,0
sz002644,0,0,0
sh603336,0,0,0
sz000627,0,1404,0
sh600531,0,0,0
sz300561,0,0,0
sz002363,0,0,0
sh603086,0,0,0
sh601518,0,0,0
sz002531,23251,9241,0
sz000563,0,0,0
sh600694,0,887,0
sh601155,65573,65508,8789
sz002782,3577,1282,0
sh601789,0,2600,0
sz300715,0,0,0
sh600985,14825,9769,0
sz002849,0,0,0
sh603737,0,167,0
sz300367,9024,5060,0
sz300373,1876.0,1997.0,0.0
sh600371,0,0,0
sh600718,907,1445,0
sz002089,0,1999,0
sh603208,0,0,0
sz002368,500,2661,0
sz002155,10768,3181,0
sz300579,0,0,0
sz002749,0,0,0
sz300327,1934,326,0
sz002080,3243,4084,0
sz002027,53989,46549,0
sh600894,0,0,0
sh600197,1516,3773,0
sz002071,1208,0,0
sz300108,0,0,0
sz002211,0,0,0
sz002921,0,0,0
sz300691,0.0,359.0,0.0
sh601899,3280024,3532343,26925
sz300067,7311,5542,0
sz000559,14320,18553,1602
sz300363,0,2700,1605
sh600824,0,0,0
sz300506,0,0,0
sz300255,0.0,0.0,0.0
sz000959,5348,0,0
sz002296,0,0,0
sz000927,9449,11217,0
sh603955,0,321,0
sh600678,0,0,1300
sh600410,3574,12011,0
sz000936,0,0,0
sh603580,0,0,0
sz300294,1932,343,0
sz002180,0,1503,0
sh601808,1272,1042,0
sh603605,405,0,0
sh603985,0,0,0
sz002786,0,0,0
sz300211,0,0,0
sh600767,0,0,0
sh600879,11507,6316,0
sh600262,0,0,0
sz300563,0,0,0
sz000717,240459,138079,6568
sz002100,0,0,0
sz300710,0,0,0
sz002608,0,1520,0
sh600176,105222,57322,4633
sz300676,210,485,0
sz002862,0,0,0
sz002233,29193,14912,0
sz000063,240962,296787,28353
sz002343,340,300,0
sz300139,0,0,0
sz000983,135099,143256,2455
sh600072,0,2276,0
sz002776,0,0,0
sz300611,0,0,0
sz002549,4016,0,0
sz300200,0.0,0.0,0.0
sh603022,0,0,0
sh603308,0,0,0
sz002479,2002,1116,0
sz300172,1471,0,0
sz300223,10273,12575,657
sz000887,2238,3540,0
sh600029,267545.0,224457.0,13192.0
sz300376,1362,20075,0
sz000573,0,0,0
sz000671,114220,103771,4029
sz300290,0,0,0
sz002137,0,0,0
sz002699,0,0,0
sz002698,0,0,0
sz000700,2115,2010,0
sh600557,0,917,884
sz300390,0,0,0
sz000651,175704,142560,11991
sz300499,0,0,0
sh600846,3117,1745,0
sz000833,0,0,0
sh600573,0,0,0
sh600629,0,0,0
sh600201,2600,2941,0
sz300530,0,0,0
sh600461,0,0,0
sz300256,0.0,0.0,0.0
sh601177,1220,0,0
sh600315,2909,10706,327
sz300303,0,19187,0
sz000823,8580,16810,0
sh600520,3636,4845,0
sz002829,0,0,0
sh600926,10105,13309,0
sz000982,0,0,0
sh600354,0,3705,0
sz002279,0,0,0
sz000069,186453,147683,14462
sz000532,0,0,0
sz000505,0,0,0
sz002024,68234,28784,0
sz300137,5805,1572,0
sz300474,490,2077,0
sz000411,0,0,0
sz300144,569,0,0
sz300242,0,0,0
sz000520,0,0,0
sh600338,0,360,0
sh600330,4290.0,5373.0,0.0
sh600486,8838,5123,460
sz002408,5858,7515,0
sh600031,201959.0,192780.0,2321.0
sh600236,0,0,0
sz002317,2759,994,0
sz300203,8618,1861,383
sz000835,0,0,0
sh603633,0,0,0
sh601965,0,0,0
sz300122,689,1100,0
sh603898,0,0,0
sh600398,0.0,5380.0,0.0
sz002277,3746,0,0
sz002480,0,0,0
sz300192,0,0,0
sz002232,0,0,0
sz002774,0,0,0
sz300098,13187,3974,0
sz002850,0,0,0
sz000544,0,0,0
sh600868,12415,4064,0
sz002798,0,627,0
sz000659,0,0,0
sz002049,51460,64645,4582
sz300409,3765,3261,409
sz002156,11123,16294,795
sz300185,38235,20903,0
sh600385,0,0,0
sz002791,0,0,0
sh600416,819.0,4964.0,0.0
sz300662,0,0,0
sh600355,1200,0,0
sz002384,2048,1830,0
sh600052,0,0,0
sh600543,0,0,0
sz002882,0,0,0
sh600848,0,1300,0
sz002099,2160,5630,0
sh603315,0,0,0
sz000776,75962,49704,630
sh600727,2008,4189,0
sz300508,0,0,0
sz000668,0,0,0
sh600657,4027,9617,0
sh603578,0,0,0
sz002616,1094,0,0
sz000025,0,0,0
sz300478,890,0,0
sh600215,0,1616,0
sh600971,29104,15434,0
sz002557,0,0,0
sz002866,0,0,0
sh601588,6622,1814,0
sz300301,0,0,0
sh600567,100810,12141,0
sz000581,24404,43646,0
sz002179,5335,2292,1357
sz300654,0,0,0
sh600433,0,0,0
sh600586,13067,0,0
sh600706,0,629,0
sz300700,3188,721,0
sh603817,0,884,0
sh600675,0,0,0
sz300036,0,0,0
sh601179,0,3690,0
sz000415,3066,5131,0
sz002290,0,0,0
sz002115,0,1555,0
sh603858,267,217,0
sz300340,506,0,185
sh600590,0,0,0
sh603099,0,0,0
sz300497,0,0,0
sz002913,2216,1032,0
sh600406,15291,18876,1003
sz000807,311808,226994,7228
sz002338,0,0,0
sh603757,179,0,0
sz002851,0,0,0
sh600496,5388,7346,0
sz002013,2637,1002,0
sh603233,0,0,0
sz300252,623,0,0
sh600010,45451.0,20374.0,0.0
sz002577,8426,4340,610
sz002247,4109,0,0
sz000758,3881,3284,0
sh601579,0,0,0
sh600811,5495,0,0
sz000020,0,0,0
sz000597,939,1105,0
sz300155,0,0,0
sz300106,0,0,0
sh600576,0,0,0
sz300012,2350,0,0
sz002619,13293,1571,0
sz300423,0,0,0
sz002457,2038,2016,0
sh603636,1189,0,0
sz300661,113,581,0
sz002411,755,850,0
sh601616,0,0,0
sz300650,0,0,0
sz000626,0,2000,1000
sz300170,29734,9095,0
sz002355,8946,4646,1015
sh600500,28897,12076,0
sh600546,0,6763,0
sz002848,0,0,0
sz300475,0,0,0
sz002467,0,5227,0
sh600995,0,0,0
sh600845,807,712,0
sh603110,0,0,0
sh600079,20669,8764,0
sz300062,0,0,0
sz002281,9875,7941,915
sz300042,0,0,0
sz000925,0,0,650
sh601949,3617,0,0
sz002878,552,0,0
sz000800,7586,8281,0
sh600207,0,0,0
sh600352,191879.0,140570.0,2115.0
sh600275,0,0,0
sz300517,0,0,0
sz002846,537,0,0
sz002538,0,0,0
sh600638,0,0,0
sz002582,0,0,0
sz300154,0,0,0
sz300687,0,211,0
sh600167,0,0,0
sz002284,1808,0,0
sz002490,0,0,0
sz002728,0,0,0
sh600716,0,0,0
sh600428,3000,3888,0
sz300041,0,0,0
sz002603,0,1966,0
sz300660,0,0,0
sh603886,506,0,0
sz300655,0,0,0
sz001965,114200,120312,12474
sz002778,1276,0,752
sz300188,532,509,0
sz300150,0,0,0
sz002058,0,0,0
sh600241,0,0,0
sh603305,0,0,0
sz000726,0,0,0
sz000555,0,0,0
sh601021,1053,0,0
sz000404,3756,13137,0
sz300505,0,364,0
sz000861,0,0,0
sz300244,477,1656,0
sz300491,0,0,0
sh600337,0,2101,0
sh600022,100103,98854,0
sh600388,0,0,0
sz002892,0,0,0
sz002756,502,0,0
sz002435,0,0,0
sz002207,0,0,1141
sz300419,0,0,0
sh600367,1028,0,0
sh600730,0,0,0
sh603178,0,0,0
sh600020,26122,16276,0
sh603366,0,0,0
sz002504,1879,0,0
sh603997,0,0,0
sz002131,70864,33528,0
sz002445,0,1088,0
sz002361,0,0,0
sh601595,0,1151,0
sz300717,0,0,0
sh600491,3582,4916,0
sz300543,0,0,0
sz002038,2843,6828,0
sz000421,0,0,0
sh603878,0,0,0
sh601333,96927,159162,0
sh603306,0,0,0
sz300075,1565,0,0
sh601997,9507,11281,1050
sz300585,720,572,0
sh603888,0,0,0
sz002354,0,701,0
sz300722,0,0,0
sz300342,0,0,0
sh601699,273106,209018,13420
sh603158,0,0,0
sh600059,0,0,0
sz002637,0,0,0
sz002021,0,0,0
sz002068,7684,18083,0
sh600233,0,0,0
sz300136,11599,11937,836
sz002149,0,0,0
sh600822,782,0,0
sh600967,5902,3646,0
sh603809,0,0,0
sz000610,0,0,0
sz002123,999,0,0
sz002677,640,0,0
sh603660,600,0,0
sh603856,0,0,0
sz002053,0,898,0
sh600490,10538,19008,0
sh600467,0.0,0.0,0.0
sz300559,0,0,0
sh600256,125002.0,111606.0,0.0
sz002906,0,0,0
sz000797,0,0,0
sh603385,0,500,0
sh600703,47632,47010,0
sh603519,519,1001,0
sz002821,200,0,0
sh601388,37718,75638,0
sz300238,0,0,0
sz300334,0,0,0
sz300426,0,0,0
sz300396,632,2484,0
sz002773,674,1731,0
sz002576,0,0,0
sz002327,2137,1000,0
sh601878,0,1386,0
sz000418,914,1622,0
sz300147,0,0,0
sh603166,0,0,0
sz300438,551,1631,0
sz300516,0,0,0
sz300250,0,0,0
sh600366,15153,6109,0
sz002302,36097,27269,0
sz300417,0,0,0
sh600885,1043,301,0
sz002261,0,1845,0
sz300570,0.0,2029.0,0.0
sz002478,0,0,0
sh600148,0,0,0
sh600091,0,0,0
sz300315,2310,4360,0
sh600873,47230,8750,0
sh600326,36811,28008,3594
sz000980,876,2092,0
sz002638,8387,0,0
sz002645,0,0,0
sz300298,0,1169,0
sz002050,74477,70525,659
sh600884,6179,11232,0
sz300731,672,3720,702
sz000005,11963,0,0
sz300515,0.0,0.0,0.0
sz300450,5427,304,0
sh600550,4012,0,0
sh601238,6342,30332,0
sh603879,0,0,0
sz000423,3949,1138,0
sz000049,757,661,0
sh603826,0,1630,0
sz002166,0,0,0
sh600865,0,1700,0
sz002857,0,0,0
sh600558,0,1860,0
sh600111,201599,202280,5556
sz300325,3782,0,0
sz000731,20852,14723,0
sz000616,0,0,0
sz000425,513719,527095,12550
sh600747,0,0,0
sz002225,0,0,0
sz300436,0,0,0
sz002488,1832,0,0
sz002686,0,0,0
sh600753,0,0,0
sz000799,793,1395,0
sh603416,0,0,0
sz002819,0,0,0
sh600141,6567.0,0.0,0.0
sh600653,0,0,0
sz002102,5591,6106,0
sh603289,4402,554,0
sh600888,24469,32374,0
sz002197,0,0,0
sz300393,0,0,0
sz002845,0,1530,0
sz300496,4334,0,0
sh603159,0,0,0
sz000965,0,1863,0
sh600569,47595.0,23170.0,0.0
sz300711,1682,0,0
sh601599,0,0,0
sz300422,0,0,0
sz000676,0,0,0
sh603803,0,0,0
sz300058,0,0,0
sh600391,0,0,0
sh600858,0,0,0
sh600119,787,800,0
sh600272,0,3735,0
sh603111,5102,1568,0
sz300534,0,0,0
sh600339,0,0,0
sh600327,0,0,0
sz300287,1507,5592,0
sz000630,184865,213981,0
sz300335,5902,5190,0
sz300326,0,8370,0
sz002613,0,0,0
sz300709,0,207,0
sh600089,66910,36144,0
sz300395,0,0,0
sh603180,0,0,0
sh600288,0,0,0
sh603328,0,1824,0
sz002154,0,0,0
sh603225,1997,1328,0
sz002234,0,0,0
sh603918,0,0,0
sh600392,23292,16654,0
sz000798,0,0,0
sz002703,0,0,0
sh600502,10430,1827,0
sz002136,0,0,0
sh603335,0,0,0
sz002264,5451,9036,0
sh600351,0,0,0
sz002114,4383,2210,0
sh600508,4974,3872,0
sh600062,6450,8787,0
sz002193,1300,0,0
sz300663,0,0,0
sh603118,0,0,0
sz002681,0,1479,0
sz002326,2000,2481,0
sz000601,0,0,0
sh600231,63600,8646,0
sh600390,0,1049,0
sz300718,0,0,0
sh600781,0,0,0
sh600222,0,0,0
sz002016,997,13284,0
sz300304,0,0,0
sh603586,0,0,0
sh600200,0.0,0.0,0.0
sz002340,46570,63122,0
sh600522,133755,147041,2536
sz300261,0,2661,0
sh603567,0,0,0
sh600743,0,0,0
sh603936,0,0,0
sz000777,4589,0,0
sz300105,0,0,0
sz002412,0,0,0
sz300345,0,0,0
sz002124,0,0,0
sh603568,0,0,0
sh600757,3924,1499,0
sz002377,0,0,0
sz000858,84644,86091,5424
sz300555,0,0,0
sz300164,2417,0,0
sz002389,2188,1978,0
sh603585,0,0,0
sh600886,41342,29728,0
sz002110,94605,56084,2780
sz002886,0,0,0
sz300336,0,0,0
sh603716,0,0,0
sz000818,36840,19130,0
sz000715,0,0,0
sz300322,1111,873,0
sz000504,1311,1863,0
sz002185,66840,44538,0
sh603501,2739,4262,752
sh600260,748,1585,0
sz300626,0,0,0
sz002903,337,0,0
sh603980,1509,1141,0
sh603011,0,0,0
sz300493,0,0,0
sz300296,6127,2407,0
sh600983,0,0,0
sz300222,2103,0,0
sh600783,0,0,0
sz300072,17039,5089,306
sh603536,0,0,0
sh600195,1256,521,0
sz300481,0,0,0
sh600510,1485,0,0
sh603027,773,0,0
sz300651,865,2172,0
sz002419,7289,6495,0
sh600121,5973,0,0
sz000826,3523,7891,0
sz300398,0,0,0
sz000791,1351,2171,0
sh600958,12437,5467,0
sz000622,0,0,0
sz300352,5747,0,0
sz002084,0,0,0
sz000913,3615,0,0
sz300328,0,0,0
sz002143,896,2601,0
sh600612,0,0,0
sz000548,0,0,0
sz002555,4493,2638,0
sz002362,3553,2436,0
sh600130,33129,13313,0
sh603396,0,0,291
sz300249,0,0,0
sz000551,0,0,0
sz300447,0,0,0
sh601991,0,0,0
sh603106,0,0,0
sz300092,0,0,0
sh600826,0,0,0
sz002502,0,0,0
sz002856,12966,3195,759
sz300695,0,0,0
sz002723,0,0,0
sh600838,0,1789,0
sz300006,0,0,0
sh600249,0.0,0.0,0.0
sz300063,7787,0,0
sh600048,147892,99867,5154
sh600689,0,0,0
sh603098,0,0,0
sh600787,5161,1165,0
sz000729,25136,35139,0
sz002324,4200,0,0
sh600736,1800,0,0
sz300560,0,0,0
sz300498,7932,1914,0
sh603665,0,0,0
sz300111,0,0,0
sh603612,1161,1197,0
sh601888,3552,7742,0
sh600535,429,773,0
sh601111,152773,227791,7787
sh603608,0,0,0
sz300268,3887,11147,4485
sz002241,17944,22559,0
sh603928,0,0,0
sz000598,9270,16528,0
sh603313,0,0,0
sz300191,0,500,0
sz002171,0,2180,0
sh600501,0,0,0
sh600652,4390,0,0
sz300622,0,0,0
sz002034,0,300,0
sh603637,0,0,0
sz300053,1576,4747,0
sz002805,0,0,0
sh600380,950,4979,0
sz300269,1115,0,0
sz300321,500,0,506
sh600217,0,0,0
sz300485,0,0,0
sh603030,0,0,0
sz300556,0,0,0
sz002194,0,2435,0
sz300458,0,367,0
sz002223,5383,5660,0
sz002147,0,0,0
sz002474,0,0,0
sz002454,0,0,0
sz300259,0,0,0
sz002598,0,0,0
sh600036,182908,147861,8957
sz000802,1773,2995,0
sh600468,0,0,0
sz000538,2566,3210,0
sz300246,0,0,0
sh600480,0,0,0
sz300442,0,0,0
sh600158,0,0,0
sz002788,0,0,0
sz002511,0,626,0
sz002888,0,0,0
sz000972,0,0,0
sz002750,0,0,0
sz000710,0,196,0
sz002835,0,0,0
sh600478,0,0,0
sh600710,0,0,0
sz300581,0,0,0
sz002148,10232,2031,2078
sz002840,1347,1784,0
sh600183,51251.0,12124.0,0.0
sh600551,838,0,0
sh601139,7808,4532,0
sh600819,0,0,0
sh601106,0,0,0
sz002586,0,0,0
sh600322,0,0,0
sz002825,0,0,0
sh600238,0,18936,0
sz000831,6405,4969,0
sz000426,17426,7344,0
sz300433,8247,14670,1618
sh600448,0.0,0.0,0.0
sh603877,396,0,0
sh601969,0,0,0
sz002052,0,0,0
sh600979,0,0,0
sz300399,0,0,0
sh603508,0,0,0
sh600798,2050,0,0
sh600122,0.0,0.0,0.0
sz300306,0,0,0
sz000498,4715,0,0
sh603117,0,0,0
sz001979,139167,101287,3527
sz002434,1190,3509,0
sh600761,2209,2358,0
sz300358,0,0,0
sz002036,658,700,0
sz300562,0,447,0
sz002687,0,0,0
sh600426,0.0,17576.0,0.0
sz300540,0,0,0
sh601228,3491,1841,0
sz300141,0,0,0
sh600116,1382,0,0
sz300329,0,0,0
sz000929,0,0,0
sh600129,0,0,0
sh600697,0,0,0
sz300625,511,0,0
sh600654,6371,3875,0
sz000428,0,2450,0
sz300046,0,0,0
sh600120,0.0,0.0,0.0
sz002747,0,0,0
sz300578,0,0,0
sh600444,0,0,0
sz002612,0,0,0
sz002105,0,0,0
sh600267,0.0,0.0,0.0
sz300411,0,0,0
sz002651,0,0,0
sz002920,0.0,253.0,0.0
sh600252,2992,11433,0
sz300405,0,0,0
sz300004,0,0,0
sz002707,0,0,0
sz002433,0,2300,0
sh601000,58245,18898,0
sh603869,0,0,0
sh600117,0.0,0.0,0.0
sz300070,6415,11339,0
sh600506,0,0,0
sz300196,7738,0,0
sh603555,901,800,0
sz002682,0,0,0
sz300684,0,0,0
sz000920,0,0,0
sh601818,355900,255223,0
sh603916,35059,14243,3245
sh600776,0,0,0
sz002380,0,0,0
sz000567,0,0,0
sh600889,0,0,0
sz002159,561,904,0
sz000040,0,1528,0
sh600572,3626,7086,0
sz002328,0,0,0
sz300429,0,0,0
sh601788,12919,4121,0
sz300723,309,1017,0
sh600139,7177,4842,0
sh600160,33272.0,13727.0,958.0
sz002107,0,0,0
sz000037,0,0,0
sz300218,0,0,0
sz002320,1636,4643,0
sz000880,0,0,0
sh600373,0,0,0
sh603028,0,0,0
sh600051,0,0,0
sz002431,11871,7734,0
sh601929,14342,0,0
sh601011,40608,46240,4115
sz300702,0,0,0
sh600449,0,2291,0
sh600875,10157,12059,0
sh600523,0,0,0
sh600455,0,0,0
sh603663,0,0,0
sz000788,0,4100,0
sz300180,0,0,0
sh601168,38609,15952,0
sz002658,0,0,0
sz002325,2500,5335,0
sh603278,0,955,0
sh600415,3267,2068,0
sz002310,15499,14856,0
sh600297,1990,6289,0
sh600329,0,0,0
sz002121,0,0,0
sz002641,0,0,0
sz300708,8816,7560,943
sz002259,11000,15556,0
sh603227,0,0,0
sh603799,13396,14010,440
sz300699,1071,2766,0
sz002293,1000,752,0
sz300131,0,3275,0
sz300197,3494,3000,0
sz002051,2559,0,0
sz000523,0,0,0
sz000001,686573,543266,20269
sz002636,0,0,0
sz002567,3622,1654,0
sz300613,903,562,0
sh603183,0,283,0
sz002859,6120,1141,303
sz000966,0,2662,0
sh600588,1460,2460,0
sz000886,0,3971,0
sz300002,0,0,0
sz300477,0,0,0
sh600909,10644,1631,0
sz300324,0,0,0
sh600185,4455,0,0
sz002169,0,0,0
sh601233,75918,125459,3748
sz002294,6433,12008,0
sz300374,0,0,0
sh600662,0.0,0.0,0.0
sh603138,507,578,0
sz002855,0,0,0
sh600188,52570.0,38456.0,1001.0
sh600281,0,0,0
sz000711,1700,0,0
sz300669,0,0,0
sz002175,0,0,0
sz300297,0,0,0
sz002227,0,0,0
sz300533,0,0,0
sz002918,2623,1432,0
sh600613,0,0,0
sh603316,0,0,0
sz002607,3092,0,0
sz300635,0,0,0
sh600851,6010,0,0
sz000570,0,0,0
sz300448,0,0,0
sh601137,1000,1322,0
sh600053,0,0,0
sh600359,0,0,1733
sz300596,0,0,0
sh600009,1473,2531,0
sz300414,0,0,0
sh603559,4815,12382,567
sz002447,9426,0,0
sh603993,321571,326713,0
sh600363,0,3763,0
sz000681,0,0,0
sz000661,2547,4376,150
sz300538,0,0,0
sh603181,0,0,0
sz000809,0,0,0
sz002736,0,4545,0
sz300584,0,0,0
sh600317,0,8500,0
sh603040,0,600,0
sz300074,0,0,0
sh603090,0,0,0
sz002777,0,0,0
sz300341,0,0,0
sh601996,9590,4306,0
sh600060,13620,9407,0
sh600346,2985,815,0
sh600641,7285.0,3912.0,0.0
sz002500,39912,11845,0
sz300418,1181,2755,508
sz300267,2433,0,0
sz002319,0,0,0
sz300162,0,0,0
sz002601,23322,6945,0
sh603589,1972,1448,0
sz002271,16922,4627,0
sz002841,0,0,0
sz300437,0,0,0
sz002896,0,0,0
sz300169,0,0,0
sz000589,0,0,0
sz002041,795,0,0
sz002634,1641,0,0
sz000633,2455,0,0
sz300522,0,0,0
sh600862,0,0,0
sh600429,0,0,0
sh603538,492,0,0
sz000963,3632,2926,0
sz000821,0,0,0
sh603037,0,0,0
sh600642,1815,9821,0
sz300065,0,1015,0
sz002450,22786,27336,0
sz300665,0.0,0.0,0.0
sz002807,1313,9235,0
sh601198,0,0,0
sz000065,2241,1995,0
sh600193,0,0,0
sh600872,3717,438,0
sh600608,0,0,0
sz000785,0,0,0
sh600278,0,0,0
sz002684,0,0,1502
sz002858,0,0,0
sz002770,0,0,0
sz300725,3601,3344,176
sz000403,589,0,0
sz002135,0,0,0
sz000837,0,0,0
sh600763,0,709,0
sh600004,10890,10747,0
sh600970,79517,50132,0
sz002589,3526,2746,0
sz002413,0,1589,0
sh600109,41248,18230,0
sz002871,0,0,0
sz300121,900,0,0
sh603789,0,0,0
sh600803,24652,8231,746
sh600965,0,0,0
sz300360,905,0,0
sz002489,9410,1747,0
sh600836,0,0,0
sz002708,0,0,0
sh600778,0,0,0
sz300507,0,0,0
sh601088,73041,38927,1798
sz002476,2000,2000,0
sh600066,4733,9870,664
sh600963,0,0,0
sh600660,22179,11124,0
sz300612,6075,5230,0
sz300050,0,0,0
sz300487,0,0,0
sz300494,0,0,0
sz000669,825,2911,0
sz002229,0,2784,0
sz300370,0,0,0
sz000938,2231,2960,0
sz002889,500,0,0
sh600693,0.0,0.0,0.0
sh600982,0,0,0
sz002748,0,0,0
sz002900,0,0,0
sz000895,11380,8462,0
sz300545,0,0,0
sh603318,2705,0,0
sh603900,0,382,0
sh600860,0,0,0
sz000506,0,0,0
sz300500,299,0,0
sz000503,15865,17784,2461
sz002546,0,0,0
sz002757,0,0,0
sh603500,0,0,0
sz002378,1131,0,0
sh600867,2677,2139,0
sh603823,0,0,0
sh600760,14152,19557,596
sz002596,6245,950,0
sh600810,1388,0,0
sh600308,9745.0,1598.0,0.0
sh600571,0,0,0
sh603067,0,0,0
sz002652,0,0,0
sh603069,0,0,0
sz002139,0,1060,0
sh600519,7513,4452,475
sz000620,0,0,0
sh601688,174294,107777,4351
sz000761,17711,5301,0
sz002803,0,0,0
sz300453,0,0,0
sh600984,0,0,0
sh601567,0,0,0
sz002295,0,0,0
sz000961,70656,28212,7497
sh603113,0,2121,0
sz300641,0,0,0
sh603128,1523,4676,0
sh601311,0,2077,0
sz000901,0,2703,0
sh603848,19162,21437,497
sh600959,0,0,0
sz002865,1490,0,0
sz002196,0,0,0
sz002497,12665,8529,0
sz002727,1100,1001,0
sz300224,0,0,0
sh600741,49560,77635,1456
sh600688,88786.0,36742.0,0.0
sz000157,95816,74403,0
sz002664,1473,0,0
sz000721,0,0,0
sh603618,29885,32248,0
sz002726,0,0,0
sz000543,7510,0,0
sh603600,0,0,0
sh603136,0,0,0
sh603730,0,0,0
sz300597,1107,0,0
sz002722,580,0,0
sz002631,0,0,0
sz000735,11956,45393,0
sh603337,615,216,0
sh603701,0,0,0
sh600618,0,2306,0
sz000488,71434,37389,0
sz002371,12052,9179,0
sz002184,0,0,0
sh600622,656,1478,0
sz300190,0,0,0
sz002019,21936,11762,2453
sz002679,0,603,0
sz002429,3528,8927,0
sh601939,510321,737974,13612
sh603036,0,0,0
sz002288,0,0,0
sz002373,5784,11343,0
sh600661,0,500,0
sh600565,0,7004,0
sz002101,1301,4878,0
sz002459,0,0,0
sz002890,0,0,0
sz002477,68668,73662,0
sh600527,2693,6822,0
sh600610,2027,0,0
sz000893,0,2005,0
sh600085,1926,2359,0
sz000590,0,0,0
sh600773,4395,3117,0
sh600555,0,0,0
sh601069,758,1352,0
sz002823,0,0,0
sz002847,0,0,0
sh603507,0,1072,510
sz002797,46827,33297,0
sz300441,0,0,0
sz300199,3285,862,0
sz002564,0,0,0
sz000856,5228,1565,704
sz300213,0.0,1500.0,0.0
sz000780,0,0,0
sz002812,0,306,0
sz000720,2913,0,0
sz000066,121131,108644,25925
sz300416,0,0,0
sz300381,0,0,0
sh600298,2065.0,3404.0,0.0
sz002246,814,0,0
sh603707,13796,9269,5092
sz300029,0,0,0
sz002869,0,0,0
sz000586,0,0,0
sz002031,10000,0,0
sz002669,0,0,0
sh601801,1354,0,0
sh600717,0.0,0.0,0.0
sz300446,0,0,0
sh600815,0,0,0
sz002544,1667,0,0
sz300573,0,0,0
sz000502,0,0,0
sz002397,0,0,0
sz300512,0,0,0
sz002304,3242,2471,184
sz002706,765,0,0
sz300189,0,4000,0
sh600101,1240,0,0
sh600556,0,0,0
sz002235,0,999,0
sh600255,19549,19502,0
sz002096,0,0,0
sz002203,0,0,0
sz002759,0,684,0
sz002565,0,0,0
sh603229,0,0,0
sh600243,0,0,0
sz002817,0,0,0
sz300479,0,0,0
sh601858,0,15156,0
sh600093,0,977,0
sh600291,10219.0,4776.0,508.0
sz300640,0,0,0
sz002330,0,0,0
sz300519,0,0,0
sh603639,0,0,0
sh600282,212473,41703,0
sz002508,8957,4750,0
sz000909,0,0,0
sh603089,0,0,0
sh603518,0,0,0
sh600856,22740,24819,0
sh600074,0,0,0
sz002379,0,0,0
sz002022,1875,0,0
sz002118,5638,1441,0
sz000605,0,0,0
sz002018,2000,7555,0
sz002781,0,0,0
sh600218,0,0,0
sz002898,0,0,0
sh603883,2543,0,0
sz300721,743,427,0
sz300206,0,0,0
sh603129,0,0,0
sh600595,55551,50017,0
sh603517,320,0,0
sz000919,0,0,0
sh600746,0,0,0
sz000009,9593,10393,0
sz300248,0,0,0
sz000937,71047,35695,0
sh603800,0,0,0
sh600075,3476,1519,0
sh600362,123585,124680,4623
sz300099,0,0,0
sz002915,30945,31327,16227
sh600683,0,0,0
sz300638,0,239,0
sh600690,43401,36062,563
sh603939,225,0,0
sh603309,0,0,0
sh603722,0,0,0
sz002685,0,0,0
sz002629,0,0,0
sz002763,0,0,0
sz002539,0,0,0
sh600732,0,0,0
sh600277,3884,0,0
sz000795,1611,0,0
sz002828,0,0,0
sz300083,8076,0,0
sz000737,0,0,0
sz002191,0,6144,0
sz000789,83802,74297,0
sh600289,0,0,0
sz300653,0,0,0
sh600636,4562,800,0
sh603008,3253,0,0
sh601633,34781,15873,0
sh600791,0,0,0
sh601881,5535,6041,0
sz002116,0,0,0
sh600509,0,0,0
sz000708,3417,0,0
sh603160,202,382,0
sz300052,0,0,0
sz002487,0,0,0
sh603926,0,0,0
sh601117,76490,59348,0
sz300183,0,0,0
sz300648,357,0,0
sz300482,1393,150,0
sh600099,0,0,0
sz000988,1286,11647,0
sz000810,0,0,0
sz300193,0,0,0
sz002441,0,0,0
sh603818,969,0,0
sz000948,0,0,0
sh600737,0,19923,0
sz002891,329,0,0
sz300157,15041,0,0
sh600598,8435,34855,0
sz300207,18739,6813,0
sz002133,3078,0,0
sh600854,4070,0,0
sz002547,12218,1310,0
sh600655,5619,0,0
sz300003,3071,7418,0
sh603167,0,3600,0
sz300138,0,0,0
sh603127,0,0,0
sh601800,9830,4024,0
sz000928,1863,4134,0
sz002481,0,4465,0
sz002779,509,0,0
sh603303,0,0,0
sh601258,23161,4066,0
sz002226,0,0,0
sh600682,5165,1502,0
sz300571,0,0,0
sz002205,0,0,0
sz002040,0,0,0
sz000838,8627,0,0
sz300277,0,0,0
sz002883,1119,0,0
sz000501,2610,0,0
sh600068,98425,49143,0
sh600751,0,3544,0
sz002870,0,0,0
sz002091,1970,5682,0
sh603959,0,0,0
sh601211,40043,17158,0
sz002462,12000,1537,652
sh603588,899,3004,0
sh603226,0,0,0
sh603843,0,1500,0
sh603725,0,0,0
sh600998,0,601,0
sh600090,0,0,0
sh600597,762,2632,0
sh603380,1515,0,0
sz300408,3512,7831,0
sz300470,1350,0,0
sz300178,0,0,0
sh601992,95909,33093,0
sz002760,14554,7069,0
sh600667,75355,55913,2963
sh600175,2090,7718,0
sz300040,1113,1063,0
sz300286,0,0,0
sz002810,0,0,0
sh603198,0,0,0
sh600619,0,0,0
sz002329,0,0,0
sh603003,3411,1047,0
sz300706,2746,1004,119
sz000691,2000,0,0
sz002420,0,0,0
sz002436,2113,15467,0
sz002717,4878,9771,617
sh600302,0,0,0
sh601999,0,0,0
sz002469,0,0,0
sh600131,0.0,0.0,0.0
sz300204,0,0,0
sh600497,3574.0,3970.0,0.0
sz002305,0,9928,0
sz300276,0,0,0
sh600647,0,599,0
sh600393,0,0,0
sh603388,0,0,0
sz000153,0,0,0
sh603667,0,0,0
sz300135,0,3000,0
sh600721,0,0,0
sh603377,0,0,0
sz300642,0,0,0
sh600796,0,1984,0
sz300592,0,0,0
sh603628,0,0,0
sh603729,0,0,0
sh600847,0,0,0
sz000756,0,0,0
sz002216,0,0,0
sz300590,391,1216,0
sz002832,0,176,0
sz002808,0,0,0
sz002212,501,2703,0
sh600580,0.0,0.0,0.0
sh600409,93976,33365,0
sh603038,0,0,0
sz300667,0,0,0
sh600755,22347,24177,0
sz002553,0,0,0
sz000507,5164,11985,0
sh600834,0,0,0
sz300009,36693,24014,3637
sz002417,0,0,0
sz002755,0,0,0
sh603890,4334,5050,461
sz300604,0.0,0.0,0.0
sz300643,0,0,0
sz002624,0,1198,0
sh600895,4236,0,0
sh600800,0,0,0
sz300569,0,0,0
sz300130,505,1001,0
sz300129,7328,0,0
sz300712,0,887,0
sz002566,0,0,0
sz002535,0,0,0
sh600016,128425,96566,1240
sz002730,0,0,0
sh600513,0.0,0.0,0.0
sz002712,1147,0,0
sz300107,0,2500,0
sh603066,0,0,0
sz000793,17336,28917,0
sz002333,0,0,0
sh600517,0,3848,0
sh603987,0,0,0
sz300233,0,0,0
sh600007,0,0,0
sz002192,320,832,0
sz000096,0,0,0
sz000637,4256,0,0
sh600436,5006.0,1347.0,358.0
sz002177,0,0,0
sh601901,10309,9654,0
sz002541,0,0,0
sh603169,0,0,0
sh601799,0,0,0
sh600785,0,0,0
sz002369,0,8104,0
sz002912,2860,1360,295
sz002044,1292,3909,0
sz000981,8372,2473,0
sz000733,719,3338,0
sh603696,0,0,0
sz300125,500,0,0
sz000915,0,0,0
sz002552,0,0,0
sz000155,28169,31466,0
sz002200,0,0,0
sz300621,0,0,0
sz300425,0,1667,0
sh600100,5292,5824,0
sz002045,29548,19603,0
sz300552,0,0,0
sh600098,2000,2800,0
sz000576,0,1900,0
sh600835,4481,5527,0
sz002830,0,0,0
sh603887,0,0,0
sh600626,0,1325,0
sz000999,2324,1060,0
sz002039,0,1013,0
sz300384,0,0,0
sh603015,0,0,0
sh601208,0,0,0
sz002405,16101,20964,1550
sh603055,0,0,0
sh600581,78229,43741,718
sh600857,0,0,0
sh603100,0,0,0
sz300127,0,0,0
sz000572,0,0,0
sz000606,0,0,0
sz300095,0.0,1887.0,0.0
sh603078,0,0,0
sh600828,0,0,0
sh600475,0,0,0
sz002743,0,0,0
sz002852,0,0,0
sz000709,138163,90771,0
sz002623,0,0,0
sz300158,0,0,0
sh601107,3677,0,0
sz002522,0,2057,0
sz002076,0,0,0
sh600892,0,0,0
sz300056,0,0,0
sz000960,10120,30308,0
sh600336,2252,0,0
sz300588,0,0,0
sh600735,2291,1270,0
sh600271,3367.0,4055.0,0.0
sz000059,82714,39494,0
sh601101,14400,10882,0
sz300566,998,0,0
sz002440,28556,17781,536
sh603126,0,0,0
sz002165,5625,0,0
sh600285,2000,2400,0
sz000021,13198,14334,0
sz002630,0,0,0
sz300387,0,0,0
sh600105,0,0,0
sz300531,0,0,0
sz000017,0,0,0
sh600739,2982,1745,0
sh600521,5049,7477,413
sz000848,0,1620,0
sh601169,70003,70203,0
sh600261,2412.0,2102.0,0.0
sz300221,0,1196,0
sz300034,0,0,0
sz000722,0,0,0
sh600178,0,0,0
sz000716,0,0,0
sz002860,0,600,0
sh603199,4025,1072,0
sh600179,3335,3392,0
sh603023,8380,10840,0
sz002792,0,720,0
sz002078,86481,40663,0
sz300672,0,0,0
sh600729,737,0,0
sz002605,0,0,0
sz300528,0,0,0
sz002444,0,0,0
sz300365,401,425,0
sh600301,0,1288,0
sz300110,19316,5001,0
sz002077,3157,3686,0
sh600668,6695,3580,0
sz002653,0,0,0
sz000923,500,819,0
sz300094,0,0,0
sz002648,15954,6644,0
sz000635,3173,0,0
sh603690,0,0,0
sh600528,21869,18352,0
sh601766,963615,694276,27561
sz300231,3546,5138,0
sz300132,0,0,0
sh600999,17825,11872,0
sz000912,1848,0,0
sz000703,58394,70642,1261
sh600136,0,0,0
sz000099,0,0,0
sh600023,10058,0,0
sz002073,0,0,0
sz002665,0,3516,0
sh603177,1562,0,0
sz002715,0,1200,0
sz002884,0,0,0
sz300177,0,2080,0
sz300016,1224,785,0
sz300284,0,0,0
sz002065,44875,9987,0
sh603609,0,0,0
sz002170,0,0,0
sh601928,2240,0,0
sz002573,13707,9858,555
sh600744,0,0,0
sh600000,1026,1809,0
sh600138,14017.0,2864.0,0.0
sz002873,0,0,0
sz002683,0,0,0
sz002181,0,0,0
sz002581,0,674,0
sz002758,0,0,0
sz000752,1000,1000,0
sh603668,0,0,0
sh601212,11187,3368,0
sh600389,628,570,0
sh601218,0,0,0
sh603203,0,0,0
sz002391,863,954,0
sz300389,0,0,0
sz002548,0,0,0
sz000723,0,0,0
sz002292,0,1407,0
sh600933,0,0,0
sh603527,1371,691,0
sh603189,0,0,0
sz300235,0,0,0
sz000690,27845,8350,0
sz300232,0,0,0
sz002421,1697,3000,0
sz002875,0,0,0
sz002766,0,800,0
sz002908,346,428,0
sh603999,0,0,0
sz002753,0,520,0
sz000667,33206,8098,0
sz300275,1150,5541,0
sz000100,178895,145299,0
sh600221,54893,42550,0
sz002307,2351,2089,0
sh603326,0,0,0
sz002249,4074,2000,0
sz300120,0,0,0
sz000922,0,0,0
sh603360,0,0,0
sz002438,0,0,0
sz300401,288,0,0
sz300673,0,0,0
sh600118,1448,773,0
sh600825,5827,2000,0
sh600592,15384,1033,0
sz000968,886,2982,0
sh603323,1240,0,0
sz000410,9224,9181,0
sh600163,0,0,0
sz000631,0,5914,0
sz300005,2578,0,0
sh600055,763,1379,0
sz300617,0,0,0
sh600077,0,0,0
sh600606,368995.0,242708.0,1406.0
sz000869,671,0,0
sh600422,0,0,0
sh600418,1509,7237,0
sh600295,3985,1101,0
sz002893,1509,0,0
sh600151,0,3199,0
sz300666,2245,3353,0
sz300262,1132,0,0
sh600805,0,0,0
sz000587,87842,38961,0
sh600578,0,0,0
sz300020,1354,1100,0
sz002066,0,0,0
sz300179,0,0,0
sh603819,0,0,0
sh600515,0.0,901.0,0.0
sz002308,0,0,0
sh600676,0,0,0
sh600584,54000,28985,2651
sz000036,16137,2792,0
sh601099,56083,16800,0
sh600658,0,1362,0
sz300371,0,0,0
sh600701,3231,2526,0
sh600768,0,0,0
sz300175,0,1680,0
sz300703,0,0,0
sh600809,1369,3600,0
sz002162,0,0,0
sz300061,4584,0,0
sz300391,0,0,0
sz002167,0,0,0
sh600792,0,0,0
sz002826,0,0,0
sz000518,0,0,0
sz000997,20513,3103,3127
sz002394,0,2611,0
sz002714,3961,4530,0
sz300015,1240,7050,0
sh603535,0,0,0
sh603123,0,0,0
sh600512,21211,0,0
sh603896,0,198,0
sz002902,349,278,846
sh600779,815,3484,0
sh600073,0,0,0
sz002761,0,0,0
sh603998,0,985,0
sh603996,25881,8519,0
sh601326,14466,54246,0
sz002278,1821,1800,2497
sh601689,3046,0,0
sz300084,0,0,0
sh603238,0,0,0
sz001696,0,2275,0
sz000892,0,0,0
sh600033,14438,7035,0
sz002700,0,0,0
sh600202,0,0,0
sh600507,95010,67158,4269
sz300541,0,0,0
sz300096,0,3000,0
sh600969,0,0,0
sh600268,0,0,0
sz000680,11006,8575,0
sz002070,0,0,0
sz002443,0,0,0
sh603421,0,0,0
sz002661,0,0,0
sz300720,0,0,0
sz300295,0,0,0
sz002336,0,0,0
sh600028,1154583,1396880,0
sz000751,9577,5190,0
sh600705,35661,86277,0
sz002911,29030,19151,9028
sz300403,0,0,0
sz002128,18426,18603,4915
sh600775,0,0,0
sh600637,1801,2003,0
sz002806,518,0,0
sz300078,0,1500,0
sz002578,0,0,0
sh600936,0,0,0
sz300146,25915,60526,0
sz002449,9994,6516,0
sh603787,0,0,0
sh603363,2880,9633,4284
sh603656,0,0,0
sz300346,0,0,0
sh600843,0,0,0
sz002455,1051,1065,0
sz002178,0,0,0
sz002910,4163,1766,0
sz300313,0,0,0
sh600350,13717,8625,0
sz000888,9001,1075,0
sh600114,0,0,0
sh600184,0,0,0
sh603816,2467,3024,0
sh603726,0,1147,0
sz300577,0,0,0
sz000591,6677,9222,0
sz002876,0,1301,0
sh600240,0,0,0
sz000967,7627,5685,0
sh603599,2864,500,0
sz000899,0,0,0
sh600017,3258,5028,0
sh603703,2925,0,0
sz000420,0,0,0
sh601636,305107,391730,4383
sh600745,5177,9843,0
sh600511,1351,831,0
sh601611,11735,0,0
sz300615,0,0,0
sh600012,2943,0,0
sh601098,796,1568,0
sh600820,11942,8290,0
sh603776,0,0,0
sz002057,846,0,0
sh603683,0,915,0
sh603922,0,0,0
sz300639,1387,3009,603
sz002209,0,0,0
sz002877,0,0,0
sh603333,0,0,0
sh600321,0,0,0
sz300732,1280,1039,184
sh600369,5872,9801,0
sh603903,0,0,0
sh603602,1654,3431,193
sh603880,0,0,0
sz002251,3924,1193,0
sz002256,5206,0,0
sh601001,17580,2128,0
sz000878,26876,16527,860
sz300697,688,0,0
sz300415,606,694,0
sz300355,36953,58985,0
sh600280,0,10761,0
sh600728,0,1317,0
sz002783,0,0,0
sz002833,0,369,0
sz300427,0,1002,0
sh600596,27570,2475,0
sz300678,0.0,362.0,0.0
sh600583,37530,28663,0
sz002210,0,0,0
sz002626,0,0,0
sh603766,6000,2970,0
sz002087,16219,8391,0
sz300575,0,0,0
sz002274,0,0,0
sz002662,0,2679,0
sz000510,0,1342,0
sz002822,1500,0,0
sh600196,20367.0,38751.0,3134.0
sh600083,0,0,0
sh603556,0,0,0
sh603458,0,330,0
sz002560,0,1500,0
sz000898,121078,66573,0
sz002663,4258,1868,0
sh603661,0,0,0
sh603868,137,0,0
sz002585,5603,2000,0
sh600276,3511,5974,0
sh601007,0,0,0
sh603355,316,0,0
sz000701,0,0,0
sh600687,0,867,0
sh603822,0,0,0
sz000046,3194,0,0
sz002399,0,2415,0
sh600234,0.0,0.0,0.0
sz002813,0,0,0
sz300378,0,678,0
sh600814,0,0,0
sz300019,0,17702,1014
sz300151,0,0,0
sz000825,81512,57338,0
sh600821,0,0,0
sz000613,0,1460,0
sz300636,0,0,0
sh603088,315,0,357
sz300018,0,0,0
sz300025,0,0,0
sh601608,3924,2862,0
sz300369,0,0,0
sz000692,0,0,0
sh600759,11149,4820,0
sz000014,0,0,0
sz002430,1756,2034,0
sh601398,1915058,2149993,63141
sz002026,0,0,0
sh603669,0,0,0
sh603488,0,0,0
sh603708,0,1916,0
sh600563,265,2587,0
sz300675,0,0,0
sz002922,0,0,0
sh603050,1500,0,0
sh603456,0,0,0
sz002001,57188,43528,1327
sz002559,0,0,0
sh600712,0,0,0
sh603528,0,0,0
sz000571,2260,0,0
sz300202,0,0,0
sh601222,30535,23640,0
sz000625,11399,7954,0
sz002439,1264,5426,0
sz002224,0,0,0
sh603000,0,0,0
sz300503,0,0,0
sh603619,10235,3042,0
sz000430,0,0,0
sh603010,0,570,0
sh600566,915,1585,0
sh600019,214790,77172,3358
sh601666,126102,118541,0
sh603768,0,0,0
sz002587,0,0,0
sz300410,0,0,0
sh600897,0,0,0
sz000750,22494,9996,0
sh601607,4100,9659,0
sh603617,465,0,0
sh603919,0,0,0
sz002350,0,0,0
sh600577,0,0,0
sz000090,8294,2171,0
sz002365,3725,2463,765
sh600171,23105,9170,622
sh601229,29556,21055,0
sz000862,0,0,0
sz002174,2932,497,0
sz000159,0,0,0
sz000987,0,0,0
sh600611,25669,0,0
sz002341,830,6338,0
sh603533,925,2033,301
sz002081,75558,26141,970
sz002510,0,3854,0
sh600570,13985.0,3261.0,0.0
sh603369,2366,3537,0
sh600021,0,0,0
sh600063,6916,0,0
sh600038,1489,2107,0
sz000852,1030,0,0
sz002517,3050,4152,803
sz002144,0,0,0
sz002505,3604,6426,0
sz002400,2215,9359,0
sh600830,11005,1073,0
sz000778,43383,0,0
sz300314,0,0,0
sz300439,0,0,0
sz002483,0,0,0
sh601777,1921,0,0
sh600110,25877,9219,0
sz002316,0,0,0
sz002789,0,0,0
sh600639,0,0,0
sz300001,0,1819,0
sz300241,1907,0,0
sz002009,1807,3280,0
sz002315,0,0,0
sz000045,0,0,0
sz000521,0,0,0
sh603607,0,561,0
sz002486,5629,0,0
sz002597,14183,12052,0
sh600395,23012,10155,0
sh600552,0,1600,0
sz002138,2508,4575,0
sh600663,0,0,0
sh601866,12260,4000,0
sh601677,0,0,0
sz300281,0,0,0
sh603717,0,406,0
sh600562,0,935,0
sh600780,0,0,0
sz300607,0,0,0
sz002244,87781,111216,7999
sz002322,1195,0,0
sz000958,0,0,0
sz300021,0,0,0
sz002427,1129,1627,0
sh600177,21792,4062,0
sh600168,2260,2088,0
sz000422,0,0,3390
sh603283,0,0,0
sz002151,2001,2426,0
sz000687,0,985,0
sz000016,5165,7209,0
sh603368,0,0,0
sz300184,0,0,0
sz300713,168,188,0
sz002583,0,7178,0
sh603081,388,0,0
sz000762,1673,5660,0
sz002705,0,0,0
sz300407,0,0,0
sz002291,0,0,0
sh600978,12130,6212,0
sh600680,0,0,0
sh600358,2252,0,0
sh600691,142767,129040,0
sz300582,0,0,0
sz002775,2779,5084,0
sh600487,27871,35516,3589
sh600284,0,0,0
sh603606,0,0,0
sz300017,96083,103462,946
sh600674,28041,11237,0
sz000608,0,0,0
sz002117,2049,2743,0
sz000078,0,4061,0
sz300633,0,0,0
sz300514,0,0,0
sz002718,0,0,0
sh603042,0,0,0
sz300087,4500,0,0
sz300227,0,0,0
sz000728,20893,33607,0
sh603258,0,0,0
sh600086,16516,0,0
sz002352,356,0,0
sz002132,0,1978,0
sz300089,0,0,0
sz300467,1989,1041,451
sz000738,0,1421,0
sz002415,27801,29241,3840
sz002643,5063,1033,0
sz300431,8398,7036,0
sh601966,6214,8731,0
sz300683,188,200,0
sh600006,8509,0,0
sh600206,14935.0,16536.0,0.0
sz002272,0,2000,0
sz300068,1000,0,0
sh603383,0,0,0
sz002020,920,3914,0
sh600299,0,0,0
sz000725,2827199,2948462,3908
sh603319,0,0,0
sh603300,0,0,0
sz002484,0,0,0
sz000600,10010,3105,0
sh600643,6700,8532,0
sz300406,0,0,0
sz000685,0,2044,0
sz000957,6485,9894,944
sz300490,0,0,0
sz300354,0,0,0
sh603367,1726,597,0
sh603223,0,500,0
sh603157,0,1321,0
sz002668,1891,0,0
sh600198,0,0,0
sz002514,0,0,0
sh603557,0,0,0
sz002667,0,0,0
sh603268,0,0,0
sh603569,0,0,0
sz300394,0,0,0
sh600766,0,0,0
sz002111,0,0,0
sz002574,0,0,0
sz002199,5042,1894,0
sz002201,0,0,0
sz300080,2000,0,0
sz002140,0,2800,1100
sh600871,8541,4598,0
sz000697,1895,1970,0
sh600962,0,0,0
sz002240,0,1017,0
sz000973,1948,1685,0
sz300730,0,2758,0
sh601700,1321,2014,0
sz000151,0,0,0
sz300690,0,0,0
sh600887,119890,149945,10560
sh600348,23986,31758,0
sh603218,0,0,0
sh600211,0,0,0
sh603778,0,0,0
sh603616,1038,0,0
sz002880,0,0,0
sz300148,16382,2000,0
sh600839,14885,14068,0
sh600707,5960,0,0
sz002670,4024,16901,0
sz300602,0,0,0
sz000998,11312,11072,0
sz002472,0,0,0
sz000921,2261,1478,0
sh600677,0,0,0
sh600864,0,0,0
sz300576,0,0,0
sh600880,0,0,0
sz002183,48127,28364,0
sz000902,23172,3752,0
sz002311,610,2137,504
sz002842,0,520,0
sh600891,0,0,0
sh600765,0,0,0
sz300692,639,626,933
sz002799,2787,0,0
sh600644,0,0,0
sz300619,0,0,0
sh600376,1149,0,0
sz000338,208013,97651,0
sz002060,5114,0,0
sz002879,4208,536,400
sz000755,0,0,0
sh600050,197763.0,172240.0,0.0
sz000732,80644,327839,7464
sh603801,434,0,0
sz002346,0,0,0
sh603029,0,0,0
sz300520,1271,425,0
sz000976,0,2854,0
sz002437,0,2629,0
sz300567,95,1063,81
sh600823,34326,12145,0
sz002595,622,0,0
sz300421,0,0,0
sz000885,14795,28782,975
sh603989,0,600,0
sz002334,2100,0,0
sh603035,0,0,0
sz002872,0,754,0
sz000906,0,0,0
sz300464,0,0,0
sh600293,3512,10955,0
sh600228,0,0,0
sz002537,0,1130,0
sz300115,7416,10725,561
sz300165,0,0,0
sz002239,0,0,0
sz002422,2611,13375,0
sz300681,0,408,0
sz300279,4279,2831,0
sz002113,4564,5848,0
sz002482,0,2713,0
sh600764,396,400,0
sh600801,145221,44074,1942
sz000905,0,0,0
sz002432,0,0,0
sz002503,0,0,0
sh603788,0,0,0
sh600446,2757,872,0
sz300529,0,0,0
sz300598,0,0,0
sz300553,0,0,0
sz002252,0,4806,0
sz300686,0.0,0.0,0.0
sz300707,260,0,0
sz002843,0,0,0
sh603466,195,206,0
sh603168,0,0,0
sh600621,0,1100,0
sz300489,0,0,0
sh603960,0,0,0
sz000975,2000,1296,1648
sh600166,46382,11572,0
sh601377,41234,53287,0
sz000679,0,0,0
sz002282,0,1526,0
sh600560,0,0,0
sh600156,0,0,0
sz000593,0,0,0
sz000419,0,0,0
sz300245,0,787,0
sz300435,0,0,0
sz002646,0,0,0
sz002702,0,0,0
sz300171,0,0,0
sz300142,17049,4229,0
sz000712,0,0,0
sz000985,0,0,0
sz002331,0,0,0
sz300022,0,0,0
sz300511,0,0,0
sh600325,60067,47639,5337
sz002543,0,3435,0
sh600917,26174,19096,1394
sh600833,0,0,0
sh600452,0.0,0.0,0.0
sz002351,0,0,0
sz300033,1455,4366,0
sh603828,0,0,0
sz002558,3358,2367,405
sz002584,6219,683,0
sz002164,0,0,0
sh600986,0,0,0
sz000088,1500,2000,0
sz002067,11381,0,0
sh600081,0,0,0
sh603299,0,0,0
sz002907,4852,9459,500
sh603825,0,0,0
sz000545,4553,2020,0
sh603020,0,0,0
sz300103,0,0,0
sz002554,0,0,0
sh600340,64348,41988,8455
sz002695,0,0,0
sz002731,0,0,0
sz002141,0,3660,0
sh600192,0,1707,0
sh600225,2132,0,0
sh600104,18865,21809,1572
sz300007,0,819,0
sz000863,0,0,0
sz002010,0,0,0
sz002767,0,0,0
sh600386,0,0,0
sh603358,0,0,0
sz300554,0,182,0
sh601618,2422,12418,0
sz002046,0,0,0
sz002742,1978,1108,0
sz300550,0,0,0
sz002674,0,0,0
sz300205,0,0,0
sz002868,0,0,0
sz300462,0,495,0
sh601566,0,4368,0
sz002017,0,0,0
sz300601,0,0,0
sz300434,0,0,0
sz000011,0,0,0
sz002090,0,0,0
sz000759,0,1128,0
sh601500,0,0,0
sz002403,0,0,0
sh600579,1735,22640,832
sh603933,0,360,0
sh603779,0,0,0
sz002176,9253,13769,2180
sz002062,2059,0,0
sz000028,565,238,0
sz300632,700,0,0
sz300288,0.0,0.0,0.0
sh600011,3923,4115,0
sh600587,648,0,0
sz300037,1160,700,0
sz002570,1480,0,0
sz000663,1332,0,0
sz300670,0,0,0
sh603938,851,1188,0
sh601231,3812,4400,0
sh601628,45787,79303,905
sz300076,0.0,0.0,0.0
sz300542,0,0,0
sh603595,0,0,0
sz300510,0,0,0
sz300473,0.0,0.0,0.0
sz000004,686,0,0
sz000550,0,0,0
sh600540,0,0,0
sz000413,85952,47324,0
sz002127,13178,23008,1146
sz002787,1717,0,0
sh603677,0,0,0
sh600076,4474,1418,0
sz002692,5335,0,0
sh603861,0,0,0
sh603399,0,1866,0
sz300382,20890,3441,0
sz300375,5360,5042,0
sz002390,9072,17529,0
sz002158,2863,1000,0
sz000767,3676,0,0
sz300452,0,0,0
sh603929,3551,624,0
sz300271,700,0,0
sh601226,0,0,0
sz002734,1200,0,0
sh600463,0,0,0
sh600750,413,440,0
sh603387,0,0,0
sh600113,0,992,0
sh603566,0,0,0
sz300044,0,0,0
sz300066,0,0,0
sz002220,0,0,0
sh600310,0,0,0
sz000727,89739,29266,0
sh600545,0,5654,0
sz000012,31720,15136,0
sz002079,4848,14081,0
sz300051,0,0,0
sh603002,6018,0,0
sh600137,0,0,0
sz002499,500,0,0
sh600582,15840,6113,0
sh601108,26280,12963,0
sh600831,0,0,0
sz300220,0,0,0
sz002376,0,0,0
sz002306,0,0,0
sz002283,3000,0,0
sh600313,0,0,0
sh603908,0,0,0
sz000519,10577,13183,0
sz002836,0,0,0
sz002657,0,937,0
sz002721,20392,0,0
sh601186,54864,9901,1462
sz002815,0,0,0
sz002678,0,0,0
sh600035,0,3241,0
sz002746,0,0,0
sh600684,0,4441,0
sz300605,0,0,0
sh600585,313932,183368,12536
sz300312,16573,10625,0
sh603331,0,0,0
sh600756,0,0,0
sz002820,0,0,0
sh600126,0,1701,0
sh600333,92824,80004,8925
sh600808,258742,217329,0
sz000524,0,0,0
sh600616,5924,2889,0
sh601890,0,0,0
sz002448,0,0,0
sz000830,175669,78916,8607
sh603806,0,0,0
sh600797,0,1999,0
sz002609,0,0,0
sh601118,14865,3829,0
sh603033,0,0,0
sh600908,1749,0,0
sz002030,0,557,0
sh603579,186,0,0
sh600353,6430,24056,1951
sz000836,0,0,0
sh600269,28685,13528,0
sz300123,0,0,0
sz000027,4841,1681,0
sz300486,0,0,0
sz002800,0,0,0
sz002769,1000,0,0
sz002675,0,0,0
sz002381,0,0,0
sh601933,91522,109079,1807
sh600095,0,0,0
sh603179,0,0,0
sh603063,0,0,0
sz002083,0,0,0
sh600331,7854,3276,0
sz002238,0,0,0
sh600602,1744,0,0
sz300265,0,0,0
sh600287,0,0,0
sz002269,0,0,0
sh600323,2063,2951,0
sz002735,0,0,0
sz002471,0,0,0
sz000599,7484,0,0
sz002285,109733,51228,6097
sz300618,596,536,106
sh603698,0,0,0
sh600640,0,0,0
sh603359,432,0,0
sh600679,0,0,0
sz300217,0,0,0
sz300518,0,0,0
sh603881,500,1312,0
sh603139,0,0,0
sz002347,0,0,0
sz002218,33835,25262,0
sz002393,0,0,0
sh600123,54584,23385,0
sh601010,0,0,0
sz300353,0,0,0
sz002864,2977,7703,0
sz000753,0,0,0
sz002268,603,564,0
sh600312,3003,1037,0
sh600903,112387,149510,29104
sz300124,21117,5992,0
sz300273,1396,1112,0
sz002253,0,0,0
sz000010,2481,0,0
sh600479,0,0,0
sh600853,0,0,0
sh600548,0,0,0
sh601558,6760,0,0
sz300337,0,0,0
sh600719,0,0,0
sh601988,1415493,1311395,3060
sz002885,643,1755,0
sz000702,0,0,0
sh603990,0,281,0
sh600169,3305.0,4294.0,0.0
sz000560,4414,3572,0
sh600817,0,1027,0
sh600237,0,4262,0
sz300380,0,0,0
sz002465,29624,29620,5273
sz002473,1490,2194,0
sz000768,4096,2913,0
sz300412,0,0,0
sz000839,295304,257495,9754
sz300117,0,0,0
sz300465,0,1499,0
sh600651,8497,2204,0
sz002230,92575,61689,7277
sz002188,1581,704,1101
sz002202,130576,63644,3173
sh603885,7445,702,0
sz002182,2961,3965,0
sz300658,0,0,0
sh600489,36945,24111,0
sz002701,0,9732,0
sh600460,378041,306133,30871
sz300069,13339,1286,0
sz300610,0,0,0
sh600518,10762,16932,0
sz300145,2773,14102,0
sh603389,1000,0,0
sz002032,0,0,0
sz002323,0,1476,0
sz002498,0,4030,0
sh603659,189,760,0
sz300112,0,0,0
sz002008,29681,26931,1016
sz002785,0,0,0
sz300160,2259,2113,0
sz300059,68055,70793,1096
sz002719,0,0,0
sz300595,0,0,0
sz000677,0,0,0
sh601086,4652,0,0
sz002396,2585,5014,0
sh601028,0,0,0
sh600498,16074.0,11049.0,0.0
sz002650,5655,2917,0
sz002387,0,1743,0
sh600232,0,0,0
sz002335,0,0,0
sz300420,0,0,0
sh603269,0,0,0
sz002003,0,1005,0
sz002633,0,0,0
sz002404,0,0,0
sh601668,326811,298473,0
sz300212,2152,2282,0
sz002464,5500,1050,0
sh601601,34352,41717,3183
sh600961,0,0,0
sz300501,0,0,0
sh600318,841,0,0
sh601225,596271,399472,7274
sz300620,0,346,0
sh601328,341724,343707,0
sh600423,2578,0,2512
sh603679,0,0,0
sh600319,0,0,3318
sz300547,0,0,0
sz300495,1000,0,0
sz300332,0,0,0
sh600988,4221,11526,0
sh603811,0,0,0
sh603685,301,442,0
sz300228,0,1348,0
sz002217,17393,31453,0
sh600482,991,3177,0
sh603866,0,0,0
sz002061,51333,2155,702
sz300593,0,0,0
sz002751,0,765,0
sz002572,22821,22438,957
sh600088,0,0,0
sh600547,22184,18682,1136
sh603988,1244,349,0
sz002461,3864,0,0
sz300024,3506,3111,0
sh600462,0,0,0
sh600132,0,0,0
sh603906,0,0,0
sz000623,6153,7977,0
sz000962,0,0,0
sh603630,0,0,0
sz300195,0,0,0
sz000333,65672,71083,4383
sz300558,2485,226,0
sz000932,105024,66109,0
sh600628,0,0,0
sz000561,0,0,0
sh601798,0,0,0
sh600900,36388,45216,5949
sz000060,35239,48738,0
sh603909,0,0,0
sz002028,2356,2656,0
sh600771,0,0,0
sh601018,0,3547,0
sh600439,0,1869,0
sh600316,1500,0,0
sz000686,4081,13431,0
sz000882,4000,7493,0
sz000058,0,0,0
sz300480,0,0,0
sh600782,144061,44476,0
sh600170,3049.0,4013.0,0.0
sz300338,0,488,0
sz300226,2634,1470,0
sh601158,0,0,0
sz000953,0,1584,0
sz300236,6165,1863,0
sh601918,6467,3000,0
sh600789,11933,0,1609
sh600210,19048,10810,0
sz300589,0,0,0
sz002768,0,0,850
sz002762,0,0,0
sz002551,0,0,0
sz300357,235,0,0
sz000402,35868,22937,1256
sz300283,0,0,0
sz002348,0,0,0
sz002374,0,0,0
sz300310,2027,4715,0
sh601199,0,0,0
sh600008,65781,15891,0
sz000952,1600,0,0
sh600203,1797,0,0
sz002007,12515,5348,901
sh603260,4807,2096,406
sz000662,0,0,0
sz002313,5269,9442,651
sz002506,56381,113511,0
sh600027,13855,0,0
sz002248,2710,8047,0
sh600861,0,0,0
sh600152,0,0,0
sz300198,13387,20198,5918
sz002221,65089,30655,1224
sz300035,0,0,0
sz002213,0,0,0
sz002540,1399,0,0
sz000736,5511,16258,1008
sz002104,1717,2099,0
sz002917,24646,27183,3385
sh600681,0,2300,0
sh603200,0,0,0
sz002332,1779,0,0
sh600039,2978,0,0
sh603398,0,0,0
sz300430,0,0,0
sz300247,0,2000,0
sz000875,0,2807,0
sz000632,0,0,0
sz000023,0,0,0
sh600844,7664,2020,0
sh600259,0,0,0
sz000565,0,0,0
sz002204,0,11953,0
sz300031,0,0,0
sz002243,0,0,0
sz300153,0,0,0
sz000883,8775,0,0
sh600561,0,0,0
sh603611,0,0,0
sz000055,0,0,0
sz002527,0,0,0
sz300525,0,0,0
sh603976,0,0,0
sh600503,6015,5670,0
sh601366,0,0,0
sz000682,0,0,0
sz300586,0,0,0
sh600305,0,0,0
sh603833,233,0,0
sh600536,724,0,0
sh600795,43144,45294,0
sh603339,0,0,0
sz002521,0,0,0
sh600594,2127,1680,0
sh600223,0.0,2892.0,0.0
sz300726,381,724,0
sh601113,0,0,0
sz002280,1425,4592,0
sh600096,1464,0,0
sh600375,0,0,0
sh600605,0,0,0
sh603689,8503,5411,2321
sh600064,0,773,0
sz300344,2971,1001,0
sz002881,344,0,0
sh603321,0,0,0
sz000970,10495,9473,0
sz300668,0,0,0
sh600335,999,0,0
sz000529,1488,0,0
sh603937,19056,19997,1523
sz002339,0,0,0
sz002152,12953,16881,0
sh600516,316295,278179,42411
sz002837,0,0,0
sh600804,3670,2914,0
sz300587,0,0,0
sh600692,0,0,0
sz300088,78779,78678,4896
sh600812,0,0,0
sh600459,2009,1334,0
sz300671,0,0,0
sz300449,0,0,0
sz002709,6019,2923,0
sz002214,0,1761,0
sz002237,4783,3013,0
sz000039,54843,43937,3572
sz002054,2400,938,0
sh601811,0,0,0
sz300591,0,0,0
sh603686,0,0,0
sz002600,5160,6079,0
sh601952,9370,29091,0
sh600229,0,0,0
sh603009,0,3023,0
sh603515,0,262,0
sz300347,1426,304,0
sh600216,27853,25167,0
sh600731,0,0,0
sz002349,1315,0,0
sz000609,2588,0,0
sz002129,228194,224281,15749
sz000796,0,0,0
sh603085,0,0,0
sz002301,3700,800,0
sz300161,1503,3110,0
sh601989,131618,140375,0
sz000813,7147,0,0
sh600939,0,0,0
sh600208,39080,63088,0
sh603019,20828,19876,4271
sz002157,2001,11557,0
sh600155,0,0,0
sz300603,0,322,0
sz000038,0,0,0
sz002839,2622,8456,0
sz002493,84916,16859,0
sz002088,2148,0,0
sz002853,1224,1127,0
sh600247,0,1335,0
sz002299,0,0,0
sz300100,0,2553,0
sz002496,64541,16906,0
sh600292,1197,0,0
sh603797,2453,1495,0
sh600199,0,0,0
sz002409,9645,13652,435
sz300608,0,0,0
sh603188,3825,608,0
sz000779,0,0,0
sz300318,0,0,0
sh600993,2358,1212,0
sh600883,0,0,0
sz300282,0,0,0
sz300317,0,0,0
sh603838,0,0,0
sz000670,1788,3198,0
sh603277,0,0,0
sz000657,0,0,0
sz000876,24179,11678,0
sh601968,0,0,0
sz002666,0,0,0
sz000407,0,0,0
sz300008,0,3344,0
sh603899,0,1001,0
sz002263,50484,40264,0
sh603025,0,0,0
sz002231,0,0,0
sh603829,0,623,0
sh600396,0,0,0
sh600529,0,643,0
sz002186,0,0,0
sz000531,0,0,0
sh603688,0,2275,0
sz002642,0,1500,0
sh600080,0,0,0
sh603330,0,0,0
sh600966,28041,9035,0
sz300379,0,801,0
sh603603,0,0,0
sz300194,4475,0,0
sz300302,3706,0,0
sz300229,0,0,0
sh600568,38168,18765,0
sh601900,2892,1153,0
sz300539,0,0,0
sz002120,556,861,0
sh601015,18838,8432,5028
sz000417,10060,15932,0
sz002556,3125,6359,0
sz300388,1751,474,0
sh600720,107174,51976,2026
sh600320,31810,35785,0
sh600219,142178,110038,0
sz300727,3970.0,4004.0,320.0
sh600784,0,0,0
sh600754,341,1343,539
sz300682,549,0,0
sh603577,0,0,0
sh603499,0,0,0
sz002006,3800,0,0
sh600026,0.0,0.0,0.0
sz002270,0,0,0
sz002752,1300,0,0
sz300400,0,0,0
sz300456,516,0,0
sz300551,0,0,0
sz300028,0,0,0
sz002897,0,0,0
sz000707,0,0,0
sz002772,0,0,0
sh600623,0.0,0.0,0.0
sz300319,0,0,0
sh601985,5459,4107,0
sh600030,510287,310671,7536
sz000656,30132,15428,0
sz002042,0,0,0
sz002494,0,0,0
sz002561,0,0,0
sh600713,0,0,0
sh601958,1810,0,0
sz002407,4522,976,0
sz000166,3922,2180,0
sh600635,4634.0,0.0,0.0
sh603386,900,0,0
sz002905,0,0,0
sh600980,0,0,0
sh600699,3770,3750,0
sz300264,0,0,0
sz002811,650,0,0
sh600898,0,0,0
sz300461,0,0,0
sh603058,0,1391,0
sz300366,0,0,0
sh600630,0,0,0
sz002125,0,0,0
sh600397,0,0,0
sz000554,1532,6232,0
sz002640,4254,3988,0
sz002460,28450,40111,3300
sh600401,0.0,0.0,0.0
sz000918,1494,19858,0
sh603977,0,0,0
sz002094,700,0,0
sz002615,0,0,0
sz300513,0,0,0
sz002656,0,426,0
sz300472,0,0,0
sz000683,93488,11176,0
sh603711,2077,1365,1257
sh603311,0,0,0
sh601012,46730,73461,4698
sz002802,0,0,0
sz000416,0,0,0
sz002392,0,0,0
sh600493,0,0,0
sh600770,1923,0,0
sh600466,24179,12899,1090
sz002771,0,0,0
sz002660,3554,4380,0
sz000611,0,0,0
sh603658,0,217,0
sh603007,0,0,0
sz000851,1245,0,0
sh600704,6131,0,0
sz300305,0,0,0
sz300274,9173,5340,2018
sz000534,0,0,0
sh601009,76841,86975,0
sz000819,0,0,0
sz000655,35901,8868,0
sz000002,210959,177386,16271
sh600345,0,1444,0
sh600505,2022,0,0
sz300045,924,0,0
sz300209,0,0,0
sh601718,4400,1859,0
sz300293,0,0,0
sz300289,0,0,0
sz002618,740,1677,0
sz300386,0,0,0
sz300280,400,400,0
sh600702,1991,5364,0
sh600538,0,0,0
sz002827,0,0,0
sz002568,0,0,0
sz000859,0,0,0
sh603298,0,0,0
sz300413,4156,1018,0
sh603615,0,0,0
sh603718,0,0,0
sh600711,8495,13890,0
sz002795,0,0,0
sz002195,11601,4623,0
sz002109,0,0,0
sh600283,2729,1163,0
sh601857,127032,73571,0
sh603012,0,0,0
sz002206,0,1724,0
sh600383,128133.0,586140.0,5265.0
sz300606,0,0,0
sh600360,0.0,0.0,0.0
sz002300,0,1531,0
sz300631,0,0,0
sz002901,491,0,0
sh603338,324,0,0
sh600115,167929,247061,2504
sh600408,0,0,0
sz300309,500,522,0
sz002691,0,0,0
sz002732,0,0,0
sz002495,0,0,0
sz002887,0,0,0
sz000877,40832,11402,0
sz000050,9225,3638,2002
sh601555,3309,0,0
sz300469,0,0,0
sz300729,3513,5463,0
sz000993,0,0,0
sh603286,0,0,0
sz000665,0,0,0
sz000553,2328,1691,0
sz000639,1485,0,0
sz002491,1469,0,0
sz000158,0,0,0
sh603378,0,0,0
sh603699,8864,570,0
sz300548,0,0,0
sh600633,710.0,726.0,0.0
sz300536,0,4667,0
sz002265,857,0,0
sh600624,0,0,0
sh600420,0,0,0
sz000911,0,0,0
sz000513,1550,2174,0
sz002693,0,0,0
sz000030,0,0,0
sz002275,0,0,0
sz002095,0,0,0
sz002475,21773,29865,490
sz002740,0,0,0
sh603991,0,0,0
sh600258,0.0,0.0,0.0
sh603882,0,0,0
sz000536,0,0,0
sz300263,1891,4727,0
sh603505,983,479,0
sh600133,1559,4709,0
sz300735,0,0,0
sz002696,0,0,0
sz002093,2524,1226,0
sz002867,0,0,0
sh601200,1160,2241,0
sz000803,0,0,0
sh600708,20886,1434,0
sz002428,7710,4973,0
sz300253,0,0,0
sz002048,1725,5890,0
sz300583,0,0,0
sh603968,0,0,0
sz002364,0,0,0
sz300030,0,0,0
sh600107,971,0,0
sh603186,0,0,0
sh603839,0,0,0
sz300451,0,7736,0
sz300616,0,367,0
sz000636,86878,89844,3543
sz002416,0,0,0
sz002680,0,0,0
sz002198,0,3539,0
sh600470,0,1727,0
sh601163,1135,0,0
sz300685,423,0,0
sz300307,0,0,0
sh600209,4393,28044,1041
sz002187,0,0,0
sz002215,0,3771,0
sz300402,0,0,0
sh600172,5890,2822,0
sz002733,0,0,0
sz002273,8878,8074,0
sz002097,0,0,0
sh603859,0,0,0
sz000783,24496,62927,0
sh603721,0,0,0
sz002401,0,1101,0
sz000868,233758,189931,17749
sz300609,0,0,0
sz300308,173,194,0
sh601390,23733,23122,0
sz002550,0,0,0
sz300350,0,0,0
sz002632,0,0,0
sh600890,5016,14079,0
sz300645,0,329,0
sz300502,454,0,0
sz002741,0,0,706
sz300208,924,986,0
sz002534,1050,0,0
sh600387,0,0,0
sz300039,0,0,0
sz002161,2015,1512,0
sz300176,2569,3664,211
sh600738,0,0,0
sh600774,700,0,0
sz000705,0,0,0
sh601100,8387,4916,861
sz000650,6757,0,0
sz000969,0,0,0
sh600599,0,0,0
sh600103,3000,0,0
sz300377,2218,1918,0
sh601008,0,0,0
sz000782,0,0,0
sh603133,0,0,0
sh601908,0,2008,0
sz002254,7906,0,0
sz002571,0,0,0
sz002831,200,0,0
sz000718,11018,2311,0
sz300048,0,0,0
sz002146,624584,448222,37679
sh603728,0,0,0
sz300081,0,1500,0
sh603103,723,0,514
sh600723,0,0,0
sz002011,0,0,0
sz300027,46606,27414,0
sz002314,0,0,0
sz300316,18146,16783,2151
sh600235,0,0,0
sz002593,0,0,0
sz002002,0,0,0
sz002620,0,0,0
sz300234,0,0,0
sh601016,0,0,0
sh600058,0,0,0
sz002069,0,0,0
sh600863,0,0,0
sh603006,0,0,0
sz002370,0,0,0
sh603655,0,0,0
sh600866,0,0,0
sz002342,13327,4193,0
sz002816,0,0,0
sh600748,0,0,0
sh603917,3891,2584,0
sz300526,0,0,0
sz002765,0,0,0
sh601188,0,0,0
sh600149,0,0,0
sh600896,0,2960,0
sz300128,22846,8242,1504
sz002635,2797,3259,942
sz002599,0,0,0
sz300119,0,0,0
sz002729,0,0,0
sz000546,3450,0,0
sz300521,0,0,0
sh600976,0,0,0
sh600603,0,0,0
sh601166,281789,276181,715
sz300689,0.0,0.0,0.0
sz300568,0,0,0
sz002909,2310,756,0
sh600425,3323,5722,0
sz002501,4601,9920,1102
sz000018,0,10807,0
sh600977,1925,2526,0
sz002801,0,0,0
sh601919,71709,41887,0
sz002899,0,0,0
sz002446,0,0,0
sh600191,1724,0,0
sz002485,0,0,0
sh603196,0,0,0
sz002594,20131,18003,999
sz300101,0,778,0
sz002287,0,0,0
sh603018,0,0,0
sz002309,0,0,0
sz002074,2328,4830,0
sz002492,0,0,0
sz300488,0,0,0
sh600559,0,5134,420
sz002372,28891,4820,0
sz300537,0,0,0
sz300201,1500,0,0
sz002606,2510,8877,0
sh600438,52468,39971,6336
sh600876,1589,1508,0
sh600601,0,0,0
sz002518,0,0,0
sh603963,386,0,0
sz300270,0,0,0
sh600018,52583,46439,0
sz002861,0,0,0
sh601288,2889941,3006357,129145
sh600061,0,0,0
sh603039,0,0,0
sz002654,0,0,0
sh603239,0,602,0
sz300705,0,0,0
sh600399,2335.0,0.0,0.0
sz300368,0,0,0
sz002386,93168,17013,2212
sh600665,0,0,0
sz300073,2097,1325,0
sz002402,1175,1547,1115
sz000514,0,3326,0
sz300266,816,1311,0
sz300693,0,0,0
sh603777,0,0,0
sz002509,5905,4292,0
sz300716,1050,0,0
sz300657,0,320,0
sz300026,18336,8012,0
sh603855,0,0,0
sz002410,3913,3930,0
sh603345,0,776,0
sz000917,3758,7721,0
sh600458,2525,0,0
sz000811,0,0,0
sz002367,0,1320,0
sh600054,0,0,0
sz002356,1050,1305,0
sz002838,0,0,0
sz002086,20403,5667,1555
sz000068,1857,2023,0
sh603197,0,0,0
sz002418,0,1144,0
sz300443,1090,0,0
sh601006,154291,166074,2241
sz002528,0,0,0
sz300432,0,0,0
sz300114,0,0,0
sz300457,771,0,0
sz300054,4012.0,965.0,0.0
sz002242,1379,0,0
sh600604,1550,9481,0
sz002519,0,0,0
sz000552,9221,7994,0
sh603232,0,259,0
sh600368,0,0,0
sz002108,4262,0,0
sz002824,0,639,1550
sh600143,0.0,0.0,0.0
sz000584,6000,2060,0
sz002689,1888,0,0
sz000713,0,0,0
sh600802,42729,23820,2061
sh603329,0,0,0
sz000990,0,0,0
sh600082,0,0,0
sh603266,0,0,0
sz300079,19668,16005,0
sh600724,0,0,0
sh601515,0,0,0
sh601038,2698,9887,0
sz300460,0,0,0
sz000619,1940,7158,0
sz300348,0,0,0
sz002452,0,0,0
