sz300219,0,1000,0
sz002203,0,3159,0
sz002573,1502,1838,0
sh603929,0,0,0
sh603811,366,0,0
sz300701,300,300,0
sh603036,0,0,0
sz300025,0,0,0
sh601801,0,1311,0
sz002097,0,0,0
sh600850,772,0,0
sz300307,0,0,0
sz002643,1625,1834,0
sh600645,4849,5056,0
sz002144,0,0,0
sz300246,563,2397,0
sz300269,2140,1620,0
sh600323,0,0,0
sh601519,4500,0,0
sh603607,0,0,0
sz300399,699,809,0
sh600886,6508,23848,0
sh603848,0,0,0
sh603056,1946,527,0
sz300273,3416,6578,0
sh600664,2182,14851,0
sz002361,9603,47300,2447
sh603331,0,0,0
sz002922,965,423,0
sz002758,0,0,0
sz300503,0,786,0
sz000063,171482,149661,12725
sh600867,13266,15223,1122
sz000982,0,0,0
sz002178,15388,13963,0
sz300120,0,0,0
sh601566,0,0,0
sh600764,352,0,0
sh600031,50518,43651,0
sz000581,4623,5062,0
sh603042,0,0,0
sz300181,3703,3167,0
sz300274,25513,18474,2694
sz002329,1863,1816,0
sz002170,0,0,0
sz002379,0,0,0
sz002587,1610,0,0
sz002008,12349,11295,0
sh600970,13325,16513,0
sh600537,0,2600,0
sz000892,0,0,0
sh600624,10451,2034,0
sh600971,5244,4450,0
sh601058,0,0,0
sz002158,0,0,0
sh601678,3156,19658,0
sz300644,240,0,0
sh600605,0,0,0
sz002821,3737,2328,0
sz300723,3547,622,0
sh600809,4766,5371,0
sh603579,0,145,0
sz300283,0,0,0
sh603987,0,0,0
sz300130,6978,3268,0
sz300378,1512,2282,0
sh600865,1500,0,0
sz000531,0,0,0
sz002884,0,0,0
sz000568,6466,8935,218
sz002673,7921,7426,0
sz002346,7854,20468,0
sz002025,15394,12262,0
sz002039,0,0,0
sh600396,0,0,0
sh603421,0,0,0
sh600782,22873,19221,7974
sh603619,1556,1877,538
sh601010,6612,6667,0
sz300725,828,737,0
sz300180,3796,471,0
sz002057,0,0,0
sz002617,4512,0,0
sz002055,3339,0,0
sh603617,1028,3331,0
sz300547,190,0,0
sh600917,0,0,0
sz000821,1892,0,0
sz300289,0,0,0
sz002870,0,0,0
sz000971,64425,48921,1561
sh601515,0,0,0
sz300651,1287,0,0
sz000599,0,0,0
sz002712,0,0,0
sz002321,82221,71244,4323
sh603860,0,0,0
sz300681,200,0,0
sz300011,0,0,0
sh600054,811,1971,0
sz300200,0,0,0
sh600685,22097,23763,754
sh600297,10958,13411,1709
sz000709,25981,91504,0
sz002380,0,0,0
sz002519,2238,8644,0
sh603919,0,0,0
sz000868,7452,1648,0
sh601838,12191,5386,0
sz000032,2175,0,0
sz002338,0,0,0
sh600696,0,0,0
sh601111,149826,126607,4918
sz000997,122035,43432,5248
sz000679,0,0,0
sz002325,0,0,0
sz000959,0,0,0
sz002803,282,0,0
sz002824,3459,2199,0
sh600820,2308,15961,0
sh600999,4014,11077,0
sh603677,0,0,0
sh603002,0,0,0
sz300627,1109,962,0
sz002454,3561,1042,0
sz002150,0,0,0
sz300433,7568,3831,1049
sh603611,0,0,0
sz002393,0,0,0
sz300110,36837,31335,4186
sz002616,0,0,0
sh601992,24131,38183,0
sh600722,0,0,0
sz300142,35251,22728,566
sz000826,3256,3670,0
sh600398,9212,10498,0
sz300658,0,0,0
sh601169,8567,13799,0
sh600365,5713,4600,0
sh600330,3427,0,0
sh601866,0,5020,0
sh600827,2188,0,0
sz002179,8026,9214,252
sz300202,1314,0,0
sh603878,713,594,0
sz000680,2915,0,0
sz000862,0,0,0
sz000096,0,0,0
sz300625,0,0,0
sz300333,4657,0,0
sz300304,0,0,0
sz002251,6532,5178,0
sh603986,13614,13323,2033
sz300495,1000,0,0
sz002837,1218,488,0
sz002869,1924,0,0
sz002293,0,0,0
sz002438,0,0,0
sh600838,16353,15451,1191
sz002038,8099,9161,0
sh600278,0,0,0
sh603200,314,0,0
sh600773,0,1060,0
sz300058,42867,37051,0
sh603388,0,0,0
sz002364,0,0,0
sz000157,22519,13780,0
sz002597,3596,6273,0
sz300533,0,0,0
sz300485,0,0,0
sh600719,0,0,0
sh600081,0,0,0
sh600828,0,0,0
sz300513,0,0,0
sz300549,0,0,0
sz000966,3109,0,0
sz002815,769,0,0
sz300448,0,0,0
sz300531,978,0,0
sz300033,5313,4440,2505
sz002157,4736,9442,0
sh600479,1690,694,0
sh600305,1200,0,0
sz000042,0,0,0
sh600418,2897,3344,0
sz002569,4398,25259,0
sz000158,11155,1306,0
sz002698,0,0,0
sz000803,0,0,0
sh600706,2860,1393,0
sz300726,0,1452,0
sz300167,0,0,0
sh603055,0,0,0
sh603058,1733,799,0
sz002231,0,0,0
sz000069,16089,15963,0
sz002840,323,1400,382
sz000955,42195,23014,0
sh600321,0,0,0
sh600860,3244,0,0
sh603839,0,0,0
sz000825,103787,117391,2567
sz000659,3794,0,0
sh603712,80210,79169,18960
sz300166,54402,52719,2225
sz000548,1977,0,0
sh600083,0,0,0
sz300064,25638,6282,0
sz000514,0,0,0
sz002410,52367,24806,1684
sz300661,592,366,118
sh601155,11670,14669,502
sh600618,0,970,0
sh600112,0,0,0
sz300122,13680,10859,0
sh601881,21781,25759,1823
sz002062,0,0,0
sz300053,15054,7186,0
sz002831,250,1177,0
sh600265,0,611,0
sh601398,941291,983449,0
sh603181,1987,0,0
sh600169,3514,0,0
sz300688,5819,4279,724
sh603123,0,0,0
sh600017,6972,3459,0
sz002807,1422,0,0
sz002362,1497,1066,0
sh603899,1936,8302,0
sh603557,600,0,0
sh603517,327,0,0
sz300457,2085,1310,0
sh600588,163817,150742,16698
sh603266,0,0,0
sz000811,0,0,0
sh600609,0,0,0
sh600589,4333,10921,0
sz002201,0,0,0
sh603233,0,1200,0
sh603338,0,0,0
sh600109,5595,2694,0
sz002191,0,0,0
sh603728,0,0,0
sz300217,0,0,0
sz300267,36418,7040,0
sz002802,0,0,0
sh600802,0,0,0
sh600881,44455,8488,0
sz002528,0,0,0
sz002159,0,0,0
sh603988,3867,409,0
sh601900,0,0,0
sh600281,8763,6636,0
sh600400,1560,3848,0
sh600088,2759,9250,0
sz002358,6503,8968,0
sh601108,8079,13326,0
sz002538,1426,11274,0
sh600611,0,0,0
sh603080,342,963,0
sh600242,4289,1066,0
sh600482,5173,7087,0
sz300601,4599,5186,0
sh600379,0,0,0
sh600354,55509,90308,14472
sz002352,0,2832,0
sh600287,0,0,0
sh603871,0,0,0
sz002283,0,0,0
sz000510,0,0,0
sz000736,0,0,0
sz002880,0,0,0
sz002715,0,522,0
sz002324,450,0,0
sz002708,0,0,0
sz002304,1336,3611,226
sz000603,0,1649,0
sz000887,1634,707,0
sz002305,0,0,0
sz002016,2047,2901,0
sz000669,0,0,0
sh600180,0,0,0
sz000700,0,0,0
sz000561,0,0,0
sz002492,0,0,0
sh600420,0,1000,0
sh601908,8887,5722,0
sz300001,2081,1071,0
sh600705,20222,28213,0
sz000951,724,0,0
sh600104,35838,46848,1123
sz002114,745,1384,0
sz000949,0,0,0
sh600493,0,0,0
sz002105,0,0,0
sh600056,5344,1693,0
sz002809,0,0,0
sh600582,0,0,0
sh600037,1001,5212,0
sz000697,3934,5660,0
sz300243,0,0,0
sz000921,0,856,0
sh600612,0,657,0
sz002722,0,0,0
sz002328,0,0,0
sh600277,0,2261,0
sz300525,569,0,0
sz300684,5980,14898,198
sh603366,0,0,0
sz002652,5845,4059,0
sz002676,0,0,0
sz000546,1545,0,0
sz000545,7518,0,0
sh603188,818,821,0
sh600829,0,0,0
sh600649,0,3610,0
sz002014,0,0,0
sz300074,2375,0,0
sh603567,0,0,0
sh600225,0,0,0
sh600811,3471,3000,0
sz002342,2869,1933,0
sz300208,0,0,0
sh600300,3008,0,0
sz300352,62287,24124,0
sz002801,0,0,0
sz002046,0,1244,0
sz300686,3720,1809,705
sz002523,37252,146315,0
sz000688,4982,3550,0
sh600108,32972,10862,0
sh600797,20059,9536,884
sh600011,29003,27829,0
sh603585,0,0,0
sz300101,30957,12487,1313
sh603165,300,300,0
sz002171,2200,0,0
sh600837,17372,17529,0
sz002543,0,588,0
sz000882,12618,6111,0
sz000876,7352,19913,0
sz002282,0,0,0
sz002381,0,0,0
sh600026,0,2369,0
sz300719,41588,32634,6737
sz000806,40424,9943,2072
sh600458,0,0,0
sh603535,0,0,0
sh601005,0,5000,0
sh600132,0,2292,0
sz002813,463,3432,0
sh600101,0,1203,0
sz000792,20481,20089,0
sz002022,0,0,0
sz002827,0,0,0
sz002182,0,0,0
sz000810,0,0,0
sh603658,1602,2697,0
sz002188,0,0,0
sz300195,0,747,0
sz300496,16302,4030,2371
sh600428,0,0,0
sh600859,1853,0,0
sz300188,54575,34164,2407
sh603020,0,0,0
sz002882,0,0,0
sz002244,17591,4552,0
sz300190,0,0,0
sh601968,0,0,0
sz002010,9000,610,0
sz300012,132092,51742,0
sh600551,0,1169,0
sh603239,0,0,0
sh600668,1023,0,0
sh601877,8586,6028,577
sz002707,5284,0,0
sh601996,0,0,0
sh603606,0,5488,0
sz002389,5387,1733,0
sz000953,0,4910,0
sh601211,9404,13909,0
sz300303,3410,8490,0
sz000989,6654,7427,0
sz300595,844,1375,0
sh600639,0,0,0
sh600737,4303,18143,0
sh601000,27122,42565,0
sh600460,198145,171075,8827
sz002610,28666,0,0
sz300447,0,0,0
sz000590,0,0,0
sh600426,4369,10789,0
sz300715,3510,551,269
sz002512,21488,13622,0
sh601607,20011,21348,419
sz300387,0,0,0
sh600739,968,0,837
sz300718,664,628,0
sz002657,517,793,0
sz300518,0,190,0
sh600262,1018,933,0
sh603903,0,0,0
sz000005,0,0,0
sz002311,3283,2925,0
sz002653,4498,0,0
sz000422,0,0,0
sh600785,0,0,0
sz002078,18279,12197,0
sz300044,2726,0,0
sz002727,11226,14440,0
sz000926,1291,2504,0
sz002308,0,1220,0
sh600532,0,1325,0
sh603888,683,0,0
sh600724,0,0,0
sh603330,0,0,0
sz001896,0,0,0
sz000901,8339,4709,587
sz002564,0,0,0
sz000731,2037,1500,0
sh600149,0,0,0
sh603127,3096,10133,2040
sz002353,0,0,0
sh600833,0,1173,0
sz002052,0,0,0
sh600506,911,0,0
sz000783,1942,5631,0
sh600708,1722,0,0
sz300687,3114,2374,0
sz000543,0,3359,0
sh600804,11778,11947,1201
sz002812,864,397,0
sh603615,0,0,0
sz300538,0,600,0
sh603136,1838,300,0
sh600985,746,0,0
sh603701,0,0,0
sh603017,0,901,0
sz300287,48410,25113,2193
sh603383,0,295,0
sz002879,0,463,0
sz300382,0,0,0
sh600177,1365,0,0
sh603806,310,0,294
sh600038,26529,17814,0
sz300655,2282,0,0
sz300134,17402,27344,0
sz002537,51149,89465,2235
sz300487,0,5603,0
sh600292,0,2555,0
sz000915,435,551,0
sz300059,761870,628774,39882
sz000665,1304,3105,0
sz300692,386,300,0
sh601872,5300,0,0
sz000572,2905,0,0
sz002307,5553,1000,0
sh600483,0,1767,0
sz000009,2436,13907,0
sz002376,24414,10239,0
sz002061,10557,768,0
sh603378,0,0,0
sh600505,0,22452,0
sh601001,0,0,0
sz000301,37391,68429,6379
sh603128,1434,1514,0
sz002826,1087,1511,0
sz002331,1454,0,0
sh600094,1507,0,0
sz002728,700,0,0
sz002694,19262,24548,0
sz002883,0,0,0
sz300350,0,0,0
sh600586,0,0,0
sz002458,851,1732,0
sz000037,5329,2214,0
sz002076,0,0,0
sz002394,0,0,0
sh600835,3524,2581,0
sz000850,0,0,0
sz300232,11209,6349,0
sz002404,0,0,0
sz300268,0,693,0
sh603711,0,1142,0
sz000413,17488,13176,0
sz300015,12178,9262,1689
sz002779,0,0,0
sz002910,16646,15499,2008
sh600973,0,0,0
sz002058,0,0,0
sh600497,26018,34602,0
sz000612,0,0,0
sz000333,118618,111238,10093
sh603305,3932,10695,0
sz300191,0,0,0
sz000049,320,1440,0
sh600800,21838,23043,0
sh603556,0,0,0
sz300739,1172,1215,0
sz002763,0,0,0
sh600131,7069,32120,0
sz300028,0,0,0
sz300508,0,0,0
sh600218,0,4315,0
sz002745,948,584,0
sz000416,0,0,0
sh600548,0,3005,0
sh600378,3037,7770,0
sh600222,6903,0,0
sz002899,609,0,0
sz300471,0,0,0
sz300055,660,1452,0
sz300418,56892,50190,3060
sh603089,0,0,0
sh601800,0,5252,0
sz000797,0,0,0
sh600075,0,0,0
sz002482,4716,0,2439
sh603159,0,0,0
sh600604,0,0,0
sz002750,0,0,0
sz002297,25852,30201,0
sz000523,0,0,0
sh600555,9522,2507,0
sz300478,0,0,0
sh603118,0,2000,0
sz002672,1195,2266,0
sh600381,0,0,0
sz300623,1358,169,0
sz002370,8689,632,0
sh600863,14412,4500,0
sz000619,0,0,0
sz300689,264,341,0
sh603838,0,0,0
sh600993,2191,0,0
sz002056,3054,2165,0
sh601601,73222,114943,9167
sz002351,2206,28330,0
sz300136,17766,19876,1671
sz000020,2743,700,0
sz300127,0,0,0
sz300738,4438,5429,306
sz300174,0,0,0
sz002133,0,0,0
sh603339,0,0,0
sz300515,0,0,0
sh600201,3610,2891,0
sh600620,0,0,0
sz002296,0,0,0
sz300505,0,0,0
sz000752,0,0,0
sz000428,8444,0,0
sh600648,2798,0,0
sz002488,0,2898,0
sh601991,5635,9131,0
sz000970,38502,16562,1447
sz000860,1676,0,0
sz002215,7236,0,0
sz000800,2615,2845,0
sz002199,0,0,0
sz300580,0,0,0
sz002363,0,0,0
sz000488,7398,11884,0
sz002689,0,0,0
sz000818,0,0,0
sh600826,0,1279,1846
sh603319,0,0,0
sh603333,0,0,0
sh600990,2968,2233,225
sh601231,3308,3265,0
sh601599,18368,2500,0
sh603416,0,372,0
sz000895,20223,24855,0
sz300650,2962,1614,0
sh600770,3388,10431,0
sz000058,0,0,0
sz002300,4009,0,0
sh600375,0,0,0
sz002196,0,0,0
sh600240,1398,2485,0
sz002036,2985,888,0
sh600731,1430,0,0
sh600581,14130,26327,0
sz000721,0,2548,0
sz300696,10358,12782,798
sz002664,973,1444,0
sh603778,0,0,0
sz002045,3465,9782,0
sz002042,0,0,0
sz002637,0,0,0
sz300561,0,0,0
sz300094,1662,0,0
sh600984,3931,8332,0
sz002459,1244,0,0
sh603880,0,1343,0
sh600280,0,0,2377
sz000401,27461,23797,0
sz000875,3189,7010,0
sz002509,3025,0,0
sz300412,0,0,0
sh603833,0,0,0
sh601360,16072,15793,406
sz000705,0,0,0
sh603028,0,0,0
sz300562,3883,3189,4265
sz300507,1939,0,0
sh600763,4321,5681,648
sz000563,3190,8609,0
sz300414,0,0,0
sz002772,5638,2171,0
sz300129,2000,0,0
sz300027,69338,38051,0
sh603661,0,0,0
sz300327,6067,3789,0
sz002688,0,0,0
sh600189,0,0,0
sz000987,2901,1182,0
sz300665,0,425,0
sz300013,0,0,0
sh603496,0,0,0
sz002504,0,0,0
sz300196,0,0,0
sz002570,5000,0,2017
sh600783,4593,0,0
sh601918,0,3320,0
sz300663,871,696,0
sz002003,0,1000,0
sh600176,19626,36041,1003
sz300638,268,0,0
sz000100,161222,165386,0
sz002603,3715,7738,1002
sh603939,1522,9108,381
sz300618,2571,2942,599
sh603477,0,1025,0
sh600339,3253,8909,0
sh603180,226,737,0
sh600854,0,0,0
sh601015,0,0,0
sh600743,12272,3083,0
sz000613,2404,3860,0
sz300425,0,0,0
sz002861,0,1297,0
sz000426,17697,8571,0
sz300133,13473,18292,1471
sz000090,0,0,0
sz300612,7957,15140,817
sh600861,0,1656,0
sz000544,8796,0,0
sz002919,3258,2529,445
sz300473,0,0,0
sh600816,1059,0,0
sz300207,31074,34523,0
sh600688,8016,7446,0
sz002825,0,0,0
sz300201,0,0,0
sz000961,12452,15756,0
sz002327,0,3446,0
sz002566,7748,5429,0
sz300313,1100,0,0
sh600578,3427,0,0
sz002343,5121,3570,0
sh600643,0,958,0
sh601198,3994,2128,0
sh603322,0,0,0
sh600120,2752,1548,0
sz300713,710,966,0
sz300735,5080,740,806
sz000678,0,0,0
sz300111,0,0,0
sz002456,54545,36692,3033
sh600130,35048,7987,2148
sh603345,894,0,0
sz002330,0,0,0
sz000802,0,0,0
sz000155,19800,1748,0
sh600238,2922,1534,0
sz300716,4349,2601,0
sz000625,3554,9041,0
sz002041,15081,8094,0
sh600288,15497,4378,3749
sz000555,90418,83696,13867
sz002432,2671,0,0
sh600761,3776,0,0
sh600216,25408,16613,0
sz002162,0,0,0
sz002636,0,0,0
sz300422,2855,0,0
sz002173,0,0,0
sz000400,1970,3079,0
sz002872,0,0,0
sz002567,0,0,2261
sz300334,1178,961,0
sh600173,0,2782,0
sh603218,0,0,0
sz002908,2784,324,0
sh600810,5327,10804,0
sh600135,33544,30614,1024
sh603922,0,0,0
sz002912,1531,530,0
sz002071,29495,7599,0
sz300237,0,0,0
sh600963,1979,2811,0
sh600444,0,0,0
sz300374,0,0,0
sh600610,3151,0,0
sz300014,16780,5754,2425
sz002195,60915,9627,0
sh600422,60297,50330,2830
sz002696,520,0,0
sh603030,2900,0,0
sh603286,3466,5177,0
sh600310,16276,4763,0
sz002805,0,0,0
sz002902,2380,995,0
sh600312,12695,0,0
sh603238,0,0,0
sz300388,0,0,0
sz000633,0,0,0
sh603787,2527,0,0
sz300553,0,0,0
sh601965,0,0,0
sz300384,0,0,1472
sz002865,0,0,0
sz000899,0,0,0
sz300230,0,3000,0
sz300083,14559,3241,2003
sz000790,11738,9046,0
sz002667,0,0,0
sh600481,0,0,0
sh600655,4103,2258,0
sh601016,3300,0,0
sz002562,0,729,0
sh600540,0,0,0
sz002347,0,0,0
sz300451,5966,5821,0
sz300429,421,0,0
sz002123,3683,3707,0
sz300379,1170,0,0
sz300109,1666,1990,0
sz300077,23028,8023,0
sz300157,5995,10646,0
sz300034,13362,50364,0
sh603909,0,0,0
sz000676,947,0,0
sz002174,4966,2933,0
sz002822,3027,0,0
sh603198,0,0,0
sz300430,530,0,0
sz300093,3063,57031,0
sh600757,0,0,0
sh600251,0,0,0
sh601628,5261,5962,0
sh600452,330,0,0
sh603896,247,300,0
sz000767,0,0,0
sh601727,0,18842,0
sz002242,0,606,0
sz300563,0,0,0
sz002609,694,0,0
sz300590,0,626,0
sz300125,0,0,0
sh600167,0,446,0
sh603866,324,263,0
sz300396,0,0,0
sz002183,11725,23556,0
sh600641,0,0,0
sh601098,0,0,0
sz000799,1790,591,0
sz000651,132215,160418,11158
sz002340,363440,369699,4839
sh601116,25942,30622,2293
sz002508,19687,11700,679
sz300099,7710,0,1480
sh600660,3024,6649,1041
sz300308,1494,1876,198
sz300616,218,100,0
sz002063,7678,3765,0
sh603559,3967,1992,0
sz002887,927,663,0
sh600740,23114,21595,1119
sz300008,21585,2472,0
sh603161,0,0,0
sz300143,0,0,0
sh603111,0,1069,0
sz000586,7774,0,0
sz000628,0,0,0
sh600779,2209,3220,272
sz002070,0,0,0
sh603006,0,0,0
sz000498,0,0,0
sz300510,0,0,0
sz002385,5851,24837,2995
sh601677,2236,1106,0
sz002218,0,0,0
sz002320,13082,19008,2370
sh600327,0,0,0
sh600527,0,6520,0
sz300271,34790,15865,2452
sh600590,6709,1274,0
sh603685,0,0,0
sz002064,0,0,0
sh603227,0,0,0
sh603963,2118,1788,0
sh603601,0,0,0
sz300079,27302,5263,0
sh600647,0,0,0
sz002781,0,0,0
sh600853,2512,19639,0
sh600862,0,0,0
sh603183,0,0,0
sh603358,0,0,0
sz300204,0,0,0
sz002675,1028,3901,0
sz002449,3166,1239,0
sz002697,0,0,0
sh600778,0,0,0
sz000421,0,0,0
sh600818,1085,866,0
sh601007,0,0,0
sh600369,3098,2447,0
sz002593,0,0,0
sh600350,2441,0,0
sh603026,0,0,0
sz300126,0,0,0
sh600774,0,0,0
sz002189,649,0,0
sz300148,20797,14675,0
sh603101,0,0,0
sh603043,0,0,0
sz300279,0,2946,0
sz300170,157518,93161,6113
sh603788,0,0,0
sz002115,0,0,0
sz002074,9577,5307,0
sz002285,30191,10373,0
sz002007,42684,10775,1955
sz002216,0,0,0
sz300523,597,166,0
sz002129,297072,202250,5985
sz002648,4961,1692,0
sz002185,31135,43173,2065
sz002796,0,0,0
sz002885,0,0,0
sz002386,0,1919,0
sh603365,0,0,0
sh603937,1539,0,0
sz300036,76202,89434,3119
sh600958,4008,3876,0
sz300309,579,974,0
sh600096,17108,5352,0
sh600089,7158,14066,0
sz002670,875,1925,0
sz002289,0,0,0
sh603757,850,184,0
sz300453,0,0,0
sh603868,0,0,0
sz300579,2791,1868,0
sz300095,0,0,0
sh600615,0,0,0
sz300698,995,7665,0
sz002477,27964,31652,0
sz300587,0,0,0
sh600661,500,0,0
sz000898,30409,26908,0
sh600247,0,0,0
sz002206,0,0,0
sh601377,11141,17573,0
sz002534,0,1500,0
sh600793,0,0,0
sh601137,2049,1009,0
sz002455,0,0,0
sh600469,0,0,0
sz002755,0,0,0
sz000529,0,0,0
sz300584,332,0,0
sz300121,0,1004,0
sh603316,0,0,0
sh600658,1200,1169,0
sz002049,200452,163022,18569
sz300492,0,394,0
sh603717,0,0,0
sh603011,0,0,0
sh603721,0,0,0
sz300043,0,2500,0
sh601919,1856,14112,0
sz300446,0,0,0
sh603980,0,559,0
sz000043,0,0,0
sh600123,0,1636,0
sz300682,36657,33540,2097
sz002651,80614,45074,0
sh603970,21033,22153,6146
sz300345,3015,62825,0
sz000573,0,0,0
sz300566,0,435,0
sh600125,8560,8908,2589
sz002065,32038,28603,0
sh603131,0,0,0
sz000993,6319,2439,2883
sh603067,0,0,0
sh600900,2216,2237,0
sh603029,0,603,0
sz002211,0,0,0
sz002339,16198,63712,1738
sz000948,1217,15426,0
sh600959,0,0,0
sh603499,950,840,0
sz002111,0,0,0
sh600790,0,1849,0
sz002833,832,0,0
sz002856,0,937,0
sh600561,0,0,0
sz000761,6345,7272,0
sz300534,0,0,0
sh600319,1446,0,0
sz002019,23479,10128,616
sh600377,0,1400,0
sh603466,426,526,0
sz300439,0,0,0
sz002671,0,0,0
sh603444,65,0,0
sh600844,0,0,0
sh600983,0,0,0
sz000503,29100,24507,1938
sh600118,12574,8941,570
sz000750,6919,19297,0
sz002402,4854,2815,0
sz002435,0,0,0
sz002148,4319,9081,0
sz002292,8249,5204,0
sz300065,14545,6323,657
sz000738,24644,21286,1202
sz300019,11491,0,0
sz300678,1391,1356,481
sh600518,9364,10500,0
sz300226,11878,9857,338
sh600801,6259,10077,734
sz002920,377,784,286
sz002093,0,2693,0
sz300452,0,0,0
sh603881,2807,767,0
sh603890,0,0,403
sz300560,756,2972,0
sh603598,0,0,0
sz000905,0,0,0
sz000402,5083,5605,0
sh600466,2596,8587,0
sz300608,462,594,337
sh600651,0,1809,0
sh603920,0,700,0
sz002416,2092,0,0
sh601009,62770,65163,0
sz300420,0,2500,0
sz300297,0,0,0
sz300436,0,385,0
sz000062,0,0,0
sz002375,0,2301,0
sz002847,381,4442,479
sz002602,1689,1231,0
sz002680,13454,8030,0
sh600575,3000,2879,0
sz002769,13119,3151,784
sz300319,0,0,0
sh600967,37476,40379,0
sz002743,0,0,0
sz002852,424,712,0
sh603355,0,320,0
sz000520,0,8022,0
sh600325,21041,20790,0
sz300231,35687,37367,0
sh600468,0,0,0
sz000016,17836,25171,0
sz000777,0,0,0
sz300509,0,0,0
sz300262,1400,0,0
sz002634,0,0,0
sz000979,59350,129288,0
sz300575,0,0,0
sz002461,0,3878,0
sh601949,5801,4441,0
sh603001,0,0,0
sh601101,0,0,0
sz300731,6386,2868,342
sh601718,13383,6016,0
sh601188,0,0,0
sz002434,0,0,0
sz002172,0,0,0
sz000025,1877,316,0
sh601966,0,0,0
sh601179,3000,0,0
sh601989,348965,215431,0
sz000886,54275,81805,0
sz002760,0,613,1390
sz002674,0,0,0
sz300156,151184,111492,32039
sh603609,8137,2788,0
sh603776,392,653,0
sh603518,0,0,0
sh601326,7013,0,0
sz002853,0,0,0
sh603278,0,0,0
sz300607,253,216,0
sz300720,445,0,0
sz300241,0,5003,0
sz000936,8841,16618,0
sz002369,14685,12397,0
sz002685,0,1145,0
sz300373,3391,1808,488
sh600716,8031,2065,0
sz300263,0,1954,0
sh601228,8815,0,0
sz002868,0,0,0
sz002599,0,0,0
sh600033,0,0,0
sz300221,5325,4011,0
sz300234,3220,26108,0
sh600079,13573,18643,2601
sh603022,0,0,0
sh600433,0,0,0
sz002923,2108,859,0
sz300296,37065,18472,0
sh603886,0,0,0
sh603501,7514,7980,283
sz002360,0,0,0
sz300248,0,0,0
sz002471,0,0,0
sz002497,93584,88686,5800
sz300151,0,0,0
sh600569,48859,27554,0
sh603977,0,0,0
sz002021,0,0,0
sz000880,0,0,0
sz000838,4435,0,0
sh600713,0,0,0
sh603008,0,587,0
sz002513,0,0,0
sz000737,0,0,0
sh600209,10776,7208,0
sz002687,0,0,0
sz002526,0,3000,0
sz000582,0,0,0
sz002551,1714,0,0
sh600359,1567,12595,0
sz300326,5570,2050,0
sh601616,0,0,0
sh600633,0,0,0
sz000976,0,0,0
sz002425,0,0,0
sz300693,0,0,0
sz300366,2146,0,0
sh600536,29089,19767,4715
sh603320,0,0,0
sh601117,39828,1424,0
sz300253,217969,185151,7993
sz300466,1000,0,0
sz002226,4153,15371,0
sz002068,4803,2802,0
sz002768,2932,857,0
sh600901,36549,38821,2958
sz002762,0,0,0
sh603196,0,0,0
sh600391,7988,1349,0
sz300567,384,0,0
sz300449,0,0,0
sh603906,0,0,0
sh601777,4576,0,0
sh601579,0,0,0
sz000065,1869,1112,0
sz002228,0,0,0
sz002485,608,407,0
sz300519,2160,489,0
sh600992,0,0,0
sz300299,0,0,0
sz300261,0,0,0
sh603186,0,0,0
sz002806,3174,0,0
sz300539,0,0,0
sz000920,0,0,0
sz000978,0,0,0
sz002556,0,0,0
sz002819,1039,400,0
sh600606,80099,141665,0
sz002344,0,0,0
sh603085,0,0,0
sh600563,0,0,0
sz300599,0,0,0
sz002911,1831,1633,584
sz000698,18069,12715,0
sh603628,0,0,0
sz000099,1256,0,0
sz002536,0,821,0
sz002270,3747,4284,0
sz002890,0,0,0
sz000166,6990,12818,0
sz000712,4171,1892,0
sz300634,0,0,0
sz300264,0,0,0
sz002718,0,0,0
sh603599,0,0,0
sh600876,714,0,0
sh603298,0,0,0
sh600980,0,0,0
sz002274,0,0,0
sh600508,0,1050,0
sz002318,0,3992,0
sz300228,2394,0,0
sz300375,0,0,0
sz002553,0,0,0
sh600052,0,0,0
sh600760,36968,18880,3298
sh603861,0,0,0
sz002238,0,0,0
sh600559,0,607,0
sz002236,61689,48644,2187
sh600500,0,3203,0
sh603588,1001,5425,0
sz002006,0,0,0
sz000739,4251,0,0
sz002392,0,0,0
sz002397,0,0,0
sz300369,12318,4709,0
sz300570,0,0,0
sz002233,3330,1000,0
sz300330,1000,0,0
sz300051,29712,22877,4338
sz000722,0,0,0
sz300367,76952,74688,1256
sh600781,0,0,0
sz002411,21814,1422,0
sh600198,9377,0,0
sz300249,4000,20753,0
sz300527,1785,3572,0
sz300006,0,0,0
sz002777,2092,1971,0
sz002149,0,0,0
sz002408,15311,6437,0
sz002315,3065,2449,0
sz300358,0,0,0
sh600006,0,0,0
sh600282,62074,89465,0
sz300177,0,0,0
sz300654,1374,0,327
sz300395,0,0,0
sz300709,295,200,0
sz002156,23169,13886,2298
sh603458,0,186,0
sh601799,300,0,0
sz300018,16030,0,0
sz000996,12106,21532,0
sz300245,0,1000,0
sh603856,0,0,0
sz002184,12951,6414,1582
sz002487,0,0,0
sz300521,0,0,0
sh600640,9955,1552,0
sh600129,1944,0,0
sh600338,0,1813,0
sh600116,2723,0,0
sz000798,0,0,0
sz300602,164,1180,0
sz002099,0,2000,0
sz000657,0,0,0
sz000710,3424,1971,433
sh600690,47151,68162,8159
sz002798,0,224,0
sh600382,0,1284,0
sz002200,0,0,0
sh600182,0,0,0
sh603589,0,238,0
sh600686,1797,3661,0
sz002037,2551,0,0
sh600246,0,0,0
sh603329,7049,14903,1261
sz000655,33601,33947,0
sh600114,901,0,0
sz000039,8371,5324,0
sh600397,0,0,0
sh600796,0,0,0
sz000935,30538,20287,2697
sz300598,0,0,0
sz300484,781,0,0
sh600846,1955,0,0
sz002348,0,0,0
sz002387,0,690,0
sz000502,0,0,0
sz002421,10451,0,0
sz300741,1157,885,0
sz002629,0,5387,0
sz300398,770,1461,0
sh603683,0,1043,0
sh600387,0,0,0
sh603926,689,0,0
sz300431,16655,15706,409
sz002921,3288,1342,0
sh600634,97759,69036,4122
sz000702,1716,0,0
sz002791,0,0,0
sz000008,0,9116,0
sz300020,13065,7756,0
sz300506,0,1787,0
sz002176,91701,58518,1530
sz002572,5312,11865,0
sz300209,0,0,0
sz300712,0,0,0
sh601618,19713,31332,0
sh603012,0,0,0
sh603081,5428,2609,0
sz000668,0,0,0
sz000507,6002,8828,0
sh600028,304396,593812,3542
sz000018,16988,57939,0
sz300552,0,500,0
sh600273,15427,5369,0
sh603568,0,0,0
sz300087,3018,0,0
sh603600,0,0,0
sh600903,60041,88968,12501
sh601600,303079,382039,0
sh603308,1000,0,0
sz300435,0,0,0
sh601208,0,0,0
sz002460,128544,85673,15378
sh603996,2166,0,0
sz002759,0,0,0
sz300141,2000,0,0
sh600439,15658,5530,0
sz002695,2684,0,0
sz002365,2990,646,0
sh603605,883,988,0
sh603323,2000,3369,0
sh603311,0,0,0
sh601106,3014,0,0
sz300426,505,502,0
sh600825,0,0,0
sh601390,9695,3129,0
sz002299,959,3454,0
sz000638,2413,0,0
sh600550,2253,0,0
sh600864,0,2000,0
sz000823,7767,8264,0
sh600077,0,0,0
sz000600,5280,0,0
sh600392,49171,56615,6876
sh603515,312,1150,0
sz002374,0,14856,0
sh600981,2062,2300,0
sz300324,42370,25225,2424
sh600882,0,0,0
sh600227,0,2734,0
sh600495,0,0,0
sz300162,0,1700,0
sz002713,0,410,0
sz002310,21660,11428,911
sh600329,0,2493,0
sh600562,3682,2507,0
sh600988,116541,101102,13493
sz000420,0,0,0
sh600775,4727,1684,0
sz300403,0,0,0
sz002529,0,0,0
sh603096,0,303,0
sz002522,22744,6470,0
sz002848,0,0,0
sz300052,1262,792,0
sh603103,0,1386,390
sh601969,0,1515,0
sz000807,51772,43819,4834
sz002208,127125,105043,6809
sh600019,122011,92990,0
sh603626,1686,2338,0
sz002117,0,0,0
sz300463,1799,1180,0
sz002574,0,0,0
sz000567,2420,964,0
sz300302,19699,14670,1790
sz300002,6203,19327,0
sz002269,0,0,0
sz300450,8407,4802,339
sh600236,0,0,0
sh603328,0,1004,0
sh600361,0,0,0
sz300091,886,800,0
sh600736,0,0,0
sz300652,0,0,0
sh600315,7174,6975,327
sz002782,7309,756,0
sh600366,0,0,0
sz300029,0,0,0
sh600210,0,0,0
sz002271,8149,7342,0
sz000985,625,1083,0
sz002371,43894,45924,8198
sh600128,1628,4538,0
sh600416,28039,9310,1256
sh603997,0,0,0
sz000006,7372,4044,0
sz002626,1518,1370,746
sz300042,0,0,0
sh601339,0,0,0
sz002087,27421,16513,0
sz300550,0,0,0
sh600455,0,0,0
sh603709,346,0,0
sz300278,3899,0,0
sh600851,0,0,0
sz002264,63940,60381,7360
sz000605,0,0,0
sz300076,0,0,0
sh600600,2498,299,0
sz300680,0,0,0
sh600010,155473,64795,0
sz002136,922,2339,0
sh600815,0,0,0
sh603387,814,179,0
sh600308,9767,12727,0
sh600320,2119,0,0
sz300605,1510,476,0
sh601100,0,0,0
sz000607,0,0,0
sh600313,23456,46490,0
sh600085,12603,13945,400
sz002542,0,3711,0
sz300532,11810,8210,0
sz300391,0,0,0
sh603703,0,0,0
sh603999,0,0,0
sz300311,1000,1004,0
sh600403,0,0,0
sz000877,12687,4828,0
sz300229,17592,3417,1518
sh600007,0,0,0
sz300667,4145,4377,463
sz002590,0,0,0
sh600847,0,0,0
sh600261,0,0,0
sh600091,0,0,0
sh600557,0,1112,0
sh600519,11938,17161,2062
sz002313,5679,2588,814
sh600438,17037,15884,1101
sh600871,0,0,0
sh600232,0,0,0
sh603766,3900,14201,0
sz300073,10618,7041,0
sz300512,0,0,0
sh603808,0,0,0
sh600652,12069,3458,0
sz002261,7367,0,0
sz002747,8660,0,0
sz000682,0,0,0
sz002020,0,0,0
sz002789,0,0,0
sh600200,0,1196,0
sh600138,510,6546,0
sh600184,0,0,0
sz300078,30164,32363,0
sz000720,2315,3000,0
sz002234,0,1609,0
sz002214,0,0,0
sz300717,604,1252,0
sz002588,0,0,0
sh600529,1422,805,0
sz000848,2526,1477,0
sz000692,0,0,0
sz002030,0,0,0
sh603730,0,0,0
sz300178,2721,804,0
sz002517,22079,10484,0
sh603199,0,0,0
sz300385,0,0,0
sz300545,523,447,0
sh603078,333,697,0
sz300047,19594,6610,1410
sz002165,0,0,0
sz002290,0,0,0
sz000518,0,0,0
sz002395,0,0,0
sz000639,0,0,0
sh600155,1270,2839,0
sh600106,0,0,0
sz300365,1864,3059,0
sz000831,69448,80223,3449
sz002403,0,0,0
sz002073,0,0,0
sh600239,47771,30935,0
sh603829,0,0,0
sh603801,233,206,0
sz300340,2243,864,803
sz002028,1500,1008,0
sz002249,1702,6534,0
sz002749,0,159,0
sz002094,1633,608,0
sz000059,4828,13465,0
sz300438,0,0,0
sz000153,5959,0,0
sz300479,4467,2681,1489
sh600926,1201,5162,0
sz300700,2155,3142,951
sh600388,2468,0,0
sz002383,15861,3226,0
sh600895,5503,6894,0
sz002054,0,0,0
sz002589,12655,11340,1056
sz002291,0,0,0
sh600671,0,0,0
sz300406,810,855,0
sz002427,0,0,0
sh600750,408,2043,0
sh603729,296,0,0
sz000816,71747,21561,0
sh600628,0,0,0
sh600012,0,0,0
sh603798,0,0,0
sz002012,16766,51073,0
sz300163,0,0,0
sh600332,6703,7182,0
sz002077,0,927,0
sh600009,458,610,0
sh601038,0,0,0
sh600353,0,0,0
sh600528,0,0,0
sz002193,0,0,0
sz000932,58419,30859,0
sz300397,611,0,0
sz002332,3220,0,0
sz002277,2023,2000,0
sz002790,0,0,0
sh603300,0,0,0
sh600020,7891,8922,0
sz300247,5000,0,0
sz300480,0,0,0
sh601369,0,0,0
sz300046,0,0,0
sz002565,0,0,0
sh603232,271,0,0
sz300571,238,172,0
sz300535,0,0,0
sz000501,0,0,0
sz000585,3971,0,0
sz000753,10828,65129,0
sh600721,3816,0,0
sh600525,72929,39721,2894
sh600230,756,3650,341
sh600893,35829,27381,0
sz002245,3274,1367,0
sz300670,0,0,0
sz002221,0,1086,1947
sz300619,0,0,0
sz000637,0,0,0
sh600004,646,6463,0
sh600307,10159,32006,0
sz002177,7983,0,0
sz000981,1300,2500,0
sz000610,0,0,0
sz000652,5324,5313,0
sh600692,0,0,0
sh600996,0,0,0
sh600021,11351,0,0
sz002613,0,0,0
sz002051,0,0,936
sh601669,0,3662,0
sh600395,1736,1821,0
sz000913,1000,900,0
sz300695,0,0,0
sh600543,0,1690,0
sz300551,0,0,0
sh600531,34487,10277,0
sh600322,0,0,0
sh600889,2380,0,0
sh603633,0,0,0
sh600150,89231,72105,16680
sz002668,4589,914,0
sz000911,0,0,0
sh603859,511,500,0
sh600126,0,0,0
sh600679,0,0,0
sz002424,18897,18049,0
sz300424,15212,10692,628
sh600756,44802,16401,1541
sz300355,12560,14584,0
sz000968,0,0,0
sh600250,0,0,0
sh600995,2981,0,0
sz300224,3196,0,0
sh600496,2903,3001,0
sh603380,0,533,0
sz300497,0,0,0
sz300568,1065,4379,0
sh600170,12320,6420,0
sh600231,3156,3099,0
sz000725,1689684,1758395,0
sz300081,1209,2590,0
sz300490,0,0,0
sz300445,0,0,0
sz300023,1029,5498,0
sh603738,795,927,0
sz000048,0,0,0
sh600276,32467,44080,5296
sh600894,0,0,0
sz002334,0,0,0
sh601222,0,0,0
sz002830,1457,2828,1238
sz002611,1218,11539,0
sh600337,0,1938,0
sh600676,0,0,0
sh600939,0,0,0
sh603389,0,0,0
sh603933,1462,394,0
sz002391,0,0,0
sz002377,1500,0,0
sh603158,0,0,0
sz000536,0,0,0
sz300732,127,453,0
sz000423,3831,1875,0
sz300343,2638,5634,0
sz002356,678,0,0
sz002419,0,569,0
sz300331,1723,1044,0
sz300705,19287,14731,2235
sz002446,4426,2871,0
sz002473,0,0,0
sz300009,11406,9562,0
sz300147,0,0,0
sz300443,0,0,0
sz002207,0,0,0
sh603577,0,0,0
sh600248,0,0,0
sh600115,82244,66846,0
sz000601,0,0,0
sz002333,0,0,0
sz000960,23310,19624,833
sh600208,128072,74998,0
sh600689,23053,12777,2784
sz300543,0,0,0
sh600030,288652,299770,18326
sz300357,412,416,0
sz000707,0,0,0
sh600215,2835,13601,0
sz002489,12082,5892,2705
sh603960,0,0,0
sz000717,15245,34207,0
sz002832,0,0,0
sz300119,1460,0,0
sh603908,0,0,0
sz002258,1762,1633,0
sh601318,373605,402776,47728
sz300609,3653,4182,324
sz002295,0,0,0
sz300730,9765,11613,652
sh603110,0,0,0
sz002905,0,324,0
sh600767,0,0,0
sz300075,11197,6431,0
sz000028,2135,1055,0
sz000713,1889,8488,8369
sh601901,0,0,0
sz300222,4247,545,502
sz000785,0,0,0
sz300106,0,0,0
sz002925,7558,7182,0
sz300596,0,0,0
sz300699,10728,6774,418
sz300536,727,0,0
sz300149,0,0,0
sz000952,2278,0,0
sz300721,542,0,0
sz000519,24286,23386,0
sz300363,928,850,0
sh601328,115197,241586,0
sz002107,0,0,0
sz300462,6413,7148,1885
sz300630,1013,369,0
sz000878,2171,12901,0
sz002811,0,0,0
sh601200,0,0,0
sh603039,351,0,0
sh603117,0,3000,0
sh600376,0,0,0
sh600979,0,0,0
sh600187,45689,58290,4732
sh603879,0,0,0
sz000681,12478,6123,0
sh603979,0,1594,0
sz002442,0,0,0
sz002627,0,0,0
sz000017,0,0,0
sh600520,5446,10179,2764
sz300214,0,0,0
sz002660,0,0,0
sz000670,23279,23338,0
sz300668,0,0,0
sh600368,0,0,0
sh600136,3459,0,620
sh600765,4191,1000,0
sz300066,0,4528,0
sz000922,0,0,0
sz300096,4856,0,0
sz002714,1394,1034,0
sz002541,0,0,0
sh603707,1578,4395,0
sz002481,0,0,0
sz002845,0,0,0
sh603882,4647,333,0
sz000611,0,0,0
sz002447,8675,25249,0
sz002703,0,2324,0
sz300356,0,8792,0
sh600499,16488,17681,0
sz000735,143209,89863,2824
sz300272,0,0,0
sh600385,1200,0,0
sz300085,11518,5378,0
sh600836,0,0,0
sz002581,0,1088,0
sz000881,0,0,0
sh600436,8870,9323,137
sh600897,0,0,0
sh603818,0,0,0
sh600066,12594,8467,0
sh603090,744,0,0
sz300155,3405,0,0
sh603116,0,0,0
sz300368,0,0,0
sz002742,49649,92071,4831
sh600146,13446,22645,780
sz002618,0,0,0
sh600175,26735,8791,0
sz300322,8382,69265,0
sh600343,24959,40235,0
sz002493,8234,23438,0
sh600160,56177,85489,0
sh603669,0,0,0
sh600875,5694,1250,0
sh600415,2061,2178,0
sh600143,0,0,0
sh603385,0,0,0
sz002751,280,0,0
sz000780,0,0,0
sz002810,0,0,0
sz000609,0,5325,0
sh600874,10682,15026,0
sz000559,0,0,0
sh603258,0,0,0
sz002398,0,1754,0
sz000969,0,0,0
sh600072,10011,4724,0
sz300223,1193,751,0
sz300581,418,1133,0
sz002132,0,0,0
sz002092,14072,31016,0
sz002222,3522,651,0
sh601828,4012,4536,0
sz300572,1667,2063,0
sz002645,0,0,0
sh603229,0,0,0
sh600488,0,2933,0
sz300212,2426,5989,0
sz002137,51161,35598,9820
sz002748,0,1689,0
sz002004,7800,12225,0
sh600616,0,0,0
sz002146,32788,38646,0
sz300315,185576,53910,5676
sh600549,57093,35243,1018
sh600351,0,1444,0
sz000088,0,0,0
sz000751,0,0,0
sh603663,0,0,0
sh600598,95023,93706,6059
sh600872,3966,5971,640
sz300318,0,0,0
sz000411,0,0,0
sz002268,66661,24710,2814
sh603636,20464,7206,972
sh603260,2003,1932,351
sh600252,17301,8355,0
sz002855,0,0,0
sz000809,0,0,0
sh600521,3231,6718,0
sz002876,0,0,0
sz300320,0,0,0
sz002684,0,0,0
sz000909,0,0,0
sz300185,19045,0,0
sh600027,13226,14019,0
sh603958,0,0,0
sz300620,0,0,0
sz300255,2000,0,0
sz300427,1998,10801,0
sz002448,1324,0,0
sz002439,30153,32035,857
sz300413,8423,2400,449
sh600234,0,0,0
sz000626,2211,0,0
sh601368,0,0,0
sh600421,0,0,0
sh600477,0,1400,0
sz001965,0,0,0
sh600662,20177,16978,0
sz002160,1706,0,0
sh603197,0,0,0
sh600858,0,0,0
sz002665,0,0,0
sz002284,0,0,0
sz002141,0,1577,0
sh600095,59242,80882,4767
sh601636,43788,74146,0
sz002621,1244,1000,0
sz300386,13326,15373,0
sz002535,2444,0,0
sz000756,0,0,0
sz300192,0,0,0
sz002186,0,0,0
sz002050,14115,19906,801
sh600139,0,3524,0
sz300338,0,0,0
sz002709,12003,8527,404
sz000988,4150,1766,0
sh600642,2473,0,0
sh603777,0,0,0
sh600630,1560,0,0
sz002048,6820,15267,674
sh600848,6975,7821,574
sh603076,0,0,0
sz300197,1805,1404,0
sz000791,0,1989,0
sz300402,0,0,0
sz300316,79846,48030,5189
sz300380,899,698,0
sh603578,0,0,0
sz002783,0,0,0
sz000708,0,0,0
sz000729,1699,3832,0
sh600768,805,0,0
sh601311,0,2170,0
sz000690,12495,7284,0
sz000776,23180,25091,0
sh600271,55636,38605,3531
sh600363,2305,965,860
sh603367,16752,14813,2886
sz000938,7236,3807,0
sz002081,5625,9094,0
sh603359,0,0,0
sh600383,20683,37269,0
sz002118,4657,7242,0
sh600879,14074,37387,0
sz002757,0,0,0
sh601336,21214,26973,1336
sh603708,626,666,0
sz002095,2244,2547,263
sz002686,0,0,0
sh603106,2955,0,0
sz300633,1608,926,0
sh600137,0,0,0
sh601588,0,6214,0
sh600336,0,2638,0
sh600571,0,1535,0
sz000635,0,0,0
sz300152,7663,2495,0
sz300220,0,0,0
sz002431,14175,6714,0
sz002766,4839,721,0
sz002462,0,0,0
sh600746,1954,0,0
sh600663,0,0,0
sh600293,0,1839,0
sh600196,119296,125634,13554
sz300622,0,0,0
sz300588,1116,858,0
sh600078,0,0,0
sz002862,0,1706,0
sz000513,5930,9819,1026
sh603166,0,0,0
sh600186,0,0,0
sz002306,0,0,0
sh601997,13300,16627,0
sz002436,7726,2000,0
sz002737,5400,4413,0
sz300353,23021,22826,1520
sz002035,3919,7954,0
sz002032,505,1555,0
sz300603,0,433,0
sz300408,19707,15050,532
sh603203,382,0,0
sz000672,20572,16317,0
sz002426,26918,16742,0
sh600260,25896,15684,1346
sh601099,70677,56728,0
sz002217,6174,6085,0
sz002516,2070,3000,0
sz300476,34416,21231,2066
sz002693,0,0,0
sz300475,0,0,0
sz000404,3763,0,0
sz300432,0,0,0
sh600599,0,0,0
sh600890,0,0,0
sh601003,3700,2772,0
sz300639,221,0,0
sh603698,0,0,0
sz300697,0,0,0
sz300673,0,0,0
sz002576,0,0,0
sz002691,0,0,0
sz002079,9843,5410,0
sz300161,829,1638,0
sh601888,10539,10756,224
sh603686,908,0,0
sz300629,1086,0,0
sh600490,21376,36962,0
sz000927,0,0,0
sz300277,4053,2540,0
sz000908,0,0,0
sh601611,4891,1965,0
sz002472,2009,1413,0
sz002240,800,672,0
sz002175,23014,34575,0
sz300593,0,0,0
sh600885,5303,6617,0
sz000417,0,0,0
sh600819,0,0,0
sz002287,0,0,0
sh600141,0,908,0
sz002415,92728,59159,6658
sh600789,6469,18852,0
sz002555,10827,4832,0
sz002505,95873,142956,0
sz300470,338,0,0
sh601882,0,1007,0
sz002399,0,0,0
sz300606,0,719,0
sh600552,0,3508,0
sz002828,0,424,0
sh600673,44223,74785,3777
sh600352,30317,63109,0
sz300227,0,2112,0
sz002031,5927,0,0
sz300383,292242,239143,29808
sz002731,0,0,0
sz300389,0,0,0
sz002547,43114,23295,8755
sz002279,16839,8318,0
sz300082,0,0,0
sz000061,1441,0,0
sh600048,210084,257050,8152
sh601177,0,0,0
sz300648,0,510,0
sz300235,0,0,0
sz002577,712,0,0
sh603363,13360,5493,6404
sz000762,800,4060,0
sh601086,53814,16738,0
sh600275,0,0,0
sh600755,60669,15904,0
sz002620,0,0,0
sh600211,0,0,0
sz300138,0,0,0
sz300256,1694,0,0
sh603779,780,0,0
sh600909,0,3705,0
sz300258,0,0,0
sh600585,66011,77081,3913
sz002335,480,648,0
sz300282,0,0,0
sz002632,0,0,0
sz002795,0,0,0
sz002725,0,0,0
sh600975,6437,9010,0
sh600326,8251,1714,0
sz002015,0,0,0
sz002563,6562,1238,0
sh603399,4470,8998,1201
sz300626,0,0,0
sz002926,29422,42129,1270
sz002033,0,0,0
sh603823,0,0,0
sz002928,2455,879,0
sz002443,0,1508,0
sh600744,0,0,0
sz002083,0,0,0
sh603912,1927,880,0
sz000917,7794,0,0
sz000998,45067,24707,990
sz002089,0,2409,0
sh603018,0,0,0
sz002254,9542,6222,909
sh600223,0,0,0
sz002583,0,3945,0
sz002480,0,0,0
sh600697,0,0,0
sh600311,29734,16798,0
sh600726,0,0,0
sh601555,4569,0,0
sh603768,1071,786,0
sh601811,0,0,0
sh600556,0,0,0
sz300250,0,0,0
sz002838,488,0,0
sh603500,0,0,0
sh601375,5715,14130,0
sh600061,819,0,0
sz002916,6342,6106,692
sz300474,10963,14074,1126
sz002681,1213,1800,0
sz000622,7455,0,0
sh600573,0,2476,0
sh603989,469,0,0
sz300636,0,0,0
sh600059,1604,1379,0
sz300583,0,0,0
sz000663,844,2920,1170
sz000576,0,0,0
sh600016,111277,63707,0
sz002612,832,0,0
sh603168,0,0,0
sz300031,900,808,0
sh600103,0,4000,0
sz002608,0,0,0
sh603313,0,0,0
sh600741,20341,43297,1404
sz300098,5553,7160,4141
sz300187,0,0,0
sz001979,27219,29119,1690
sz000910,501,2298,0
sz300617,0,0,0
sz002903,259,287,0
sz002733,7143,0,0
sh600023,0,3849,0
sz002663,3000,10244,0
sh601002,7852,2477,0
sz300158,1780,0,0
sz002452,0,7300,0
sh603936,0,0,0
sz002169,0,0,0
sh601717,2000,0,0
sz002457,3571,2315,0
sz002090,0,0,0
sh600674,0,0,0
sh601985,18403,22643,0
sz002625,0,450,0
sz002808,1070,2001,0
sz300489,0,0,0
sz002433,0,0,0
sz002774,0,0,0
sh601818,121809,189039,0
sh603566,0,0,0
sh600808,49172,49830,0
sz002735,0,0,0
sz002303,0,1723,0
sz000732,16707,12188,0
sh600517,2322,2800,0
sh600570,90550,131254,15644
sh600190,3206,22313,0
sz000859,0,0,0
sh600873,14667,7851,0
sz300168,76660,82279,2667
sz000903,0,0,0
sz002893,885,0,0
sz000505,1620,0,0
sh603656,0,0,0
sz300683,0,0,0
sh600098,0,0,0
sh601225,66958,88227,1734
sh600986,0,2971,0
sh603536,0,0,0
sz002552,3687,1989,0
sh601567,0,0,0
sh603077,16310,13218,0
sh600636,0,0,0
sh601928,0,0,0
sz300517,0,0,0
sz000066,361746,421108,11533
sz000560,0,0,0
sh600062,2696,3363,0
sz300498,12547,9533,1385
sh603108,9971,6721,0
sz300437,0,0,0
sz300677,3273,3604,149
sz000007,3350,1459,0
sz002756,900,1140,0
sz002187,0,0,0
sh603288,0,484,0
sz002235,5970,0,0
sh603767,0,0,0
sh600830,3845,0,0
sz300573,0,0,0
sh603825,0,0,0
sz002298,0,0,0
sz300108,0,0,0
sz002631,0,2000,0
sz002605,0,0,0
sz000687,24015,12797,1431
sz300010,9589,2612,1808
sh603855,0,0,0
sz300118,0,0,0
sh603357,0,0,0
sz300434,0,0,0
sh601166,61440,87651,0
sz000596,0,1999,0
sz300211,0,0,0
sz002013,24419,24675,0
sz002498,4193,0,0
sz002417,9919,71780,0
sh600348,27528,21090,0
sh600035,0,0,0
sh600060,14917,6723,0
sh603680,0,0,0
sh600637,0,0,0
sh603156,1299,489,0
sz002776,0,0,0
sz002167,1100,0,0
sz300557,0,0,0
sh600212,0,0,0
sz300360,0,0,0
sh600579,0,0,0
sz300702,1191,675,269
sz002734,605,450,0
sz300592,0,898,0
sz000852,0,1371,0
sz000918,0,1479,0
sz002579,0,0,0
sz002209,0,0,0
sz300494,5791,13797,0
sz300657,1050,1213,0
sz002864,6381,20251,1200
sh600267,25890,10791,0
sh600127,0,0,0
sz000430,0,1400,0
sz002531,0,1500,0
sz002793,0,0,0
sh600626,0,0,0
sh600213,0,0,0
sz002501,1520,5010,0
sh603289,0,0,0
sh600891,0,0,0
sz300669,500,0,0
sh600665,0,0,0
sz002084,0,0,0
sh603676,42365,47456,6545
sh600580,7487,2000,0
sh600503,0,2102,0
sh603041,0,0,0
sz300159,52821,41810,1636
sh603336,20570,16851,1327
sz000977,445817,428807,35692
sz300635,0,0,0
sz002736,3920,5925,0
sz002088,738,2230,0
sz002655,6474,5097,1861
sz300114,10193,5034,1054
sz002778,0,0,0
sh603637,0,0,0
sz002723,0,0,0
sz002180,0,423,0
sz001696,0,0,0
sz000558,0,0,0
sh601113,0,0,0
sz002483,0,0,0
sz300323,9994,3768,0
sz300637,0,0,0
sz300671,264,367,0
sz002467,0,2165,0
sh600405,2000,5029,0
sz300582,0,0,0
sz000012,1582,0,0
sh600331,3919,0,0
sh600857,0,0,0
sh603003,0,0,0
sz002550,13961,0,0
sh600680,0,0,0
sz002317,13327,5287,0
sh600718,18183,10669,0
sh600156,0,0,0
sz002860,0,910,0
sz300421,0,0,0
sz300641,0,0,0
sz002286,0,0,0
sz002155,18577,30779,1624
sz300460,0,0,0
sh601011,10766,2975,0
sh601238,892,695,0
sz300526,0,0,0
sh600566,889,497,0
sz002907,9801,15938,311
sh603917,0,468,0
sz000027,0,0,0
sh603177,0,646,0
sh600229,0,1941,0
sh603618,0,0,0
sz002486,0,0,0
sh603507,0,0,0
sz002388,0,0,0
sz300175,10260,15886,0
sz002895,480,0,0
sh600272,2441,1695,0
sz002679,0,0,0
sz002108,2340,3788,0
sz002475,12545,8834,0
sz002788,1670,559,0
sz002816,4339,0,0
sz002683,0,2000,0
sz300040,1959,0,0
sz002705,0,0,0
sh600299,720,0,0
sz002202,77536,51435,6441
sh600982,0,0,0
sh600603,0,0,0
sh600217,0,0,0
sz000550,3581,10057,0
sh600619,0,0,0
sh600268,26750,33450,0
sz300251,36811,16851,1052
sh600467,0,8112,0
sh600621,75881,125320,7397
sz002080,963,3300,0
sz300458,4059,1298,1082
sz002001,22387,25812,2924
sz002554,0,0,0
sz002444,6198,2765,0
sz002278,7868,0,0
sz000026,2233,8757,941
sh603360,0,0,0
sz000972,0,0,0
sh600869,0,3005,0
sh600758,0,0,0
sz002224,3378,0,0
sz002135,0,0,0
sz000835,0,1692,0
sh603816,204,1896,0
sh603595,3498,4004,0
sz300292,2321,2245,0
sz000632,0,0,0
sh600747,0,10000,0
sh600776,3893,0,0
sz000861,0,0,0
sz300653,550,435,0
sh600000,16321,32875,0
sz002800,0,0,0
sh600498,7286,4121,0
sz300242,2000,3191,0
sz300164,0,0,0
sh603015,0,0,0
sh600449,0,0,0
sh600795,42126,32954,0
sh603826,0,0,0
sh600560,9183,6232,0
sz000923,507,0,0
sz300112,0,0,0
sh600510,0,0,0
sh600812,2771,0,0
sz300137,3704,2861,0
sz300346,500,0,0
sh600080,0,10198,0
sz300144,6667,1568,544
sh600008,34306,42308,0
sz000686,7781,0,0
sh601886,3788,0,0
sz000829,0,0,0
sh600678,0,0,0
sh600429,0,0,0
sz300154,0,0,0
sh603129,0,0,0
sz002326,0,0,0
sz000419,0,0,0
sh603506,1355,0,0
sh603699,0,0,0
sh600748,0,0,0
sh600693,1601,6172,0
sz300061,5130,2060,0
sh600622,0,1400,0
sz300068,4966,5361,0
sh600855,12647,19731,0
sz000929,0,0,0
sh603035,6544,881,0
sz300288,0,984,469
sz300711,28360,23621,4463
sz300416,0,0,0
sz002867,687,0,0
sz300679,645,268,268
sz000856,2780,4329,0
sh603639,0,0,0
sh600596,8608,17289,0
sh600386,0,41992,0
sh603660,3919,1432,0
sz002878,1141,786,0
sz002881,769,3034,0
sz000408,11642,5502,0
sz002468,12393,3025,820
sz300469,4978,13218,2010
sh603027,0,0,0
sz300030,0,0,0
sz000788,0,0,0
sz000995,0,0,0
sh600448,0,0,0
sz000530,5049,3100,0
sz300516,313,0,0
sh600522,57056,44209,856
sz300284,0,800,0
sh600463,0,0,0
sz300024,22744,20859,1736
sz300600,922,364,0
sz002820,0,0,0
sz300404,4919,4567,0
sz300511,1143,0,0
sz300131,0,0,0
sz002761,1225,3048,2588
sh600193,0,0,0
sz300048,0,0,0
sz002586,0,0,0
sh600558,0,0,0
sh600179,85937,40699,0
sz300465,14480,10750,0
sh600462,10120,20050,0
sh600152,0,0,0
sz002623,0,1208,0
sz002229,13698,14680,0
sz300203,9414,2453,0
sh600567,91221,85513,0
sz002044,11408,9433,0
sz002502,35713,4526,1455
sh600898,2853,0,0
sz300676,1751,974,0
sh603976,0,0,0
sh603689,0,0,0
sz002654,0,6252,0
sz300017,224099,187043,15865
sz000801,146902,102520,12562
sh600053,4031,10394,1777
sz002359,5680,3851,0
sh601688,61264,59351,0
sh603083,1726,879,0
sz000656,75457,11178,10069
sz002239,0,0,0
sh603985,0,0,0
sh600409,6776,18468,0
sh600082,0,0,0
sh603019,146003,117898,15849
sh600346,10528,23561,2896
sz300440,0,0,0
sz000833,0,0,0
sh603797,0,0,0
sh600018,37311,9682,0
sz002549,0,0,0
sh600119,6153,4673,0
sz300041,6485,8396,1758
sh601118,40168,13796,0
sh600572,0,0,0
sz300370,0,0,0
sz002506,60126,11966,0
sz300182,54108,31789,1142
sh600266,7772,12476,0
sz300139,0,0,0
sz002223,41876,29450,430
sz002682,0,0,0
sz002719,0,474,0
sz002181,0,0,0
sh600491,2164,10534,0
sh601388,2860,7130,0
sh603966,0,0,0
sz002314,0,0,0
sz002585,0,0,0
sz000620,6905,7531,0
sz002836,0,0,0
sz300733,2311,440,0
sh600698,23544,11412,0
sh603321,0,0,0
sz002043,0,0,0
sh603608,0,0,0
sh601233,25484,46291,507
sz002091,5114,1322,0
sh600202,0,0,0
sh601069,84556,91621,7645
sh603079,0,0,0
sh600684,0,0,0
sh600228,0,0,0
sz002873,0,0,307
sz002598,0,0,0
sh600235,0,0,0
sz300541,0,0,0
sz300349,3776,4142,0
sz002066,0,2284,0
sh600203,3103,3644,0
sh600608,0,0,0
sz300540,0,0,0
sz000819,0,6905,0
sz002273,14428,15872,1005
sh600896,0,0,0
sh603010,3677,1488,0
sz002843,890,0,0
sz002595,0,0,0
sh601952,5588,9813,0
sz300328,2274,0,0
sz002642,24423,104340,3024
sh603638,500,0,0
sz000528,6760,40119,0
sz002792,0,0,0
sh601021,0,0,0
sz000557,0,0,0
sz002430,0,1019,0
sz002453,0,0,0
sh600470,0,0,0
sh600613,0,1293,0
sh603630,0,0,0
sh600584,56734,28874,3435
sz300193,0,2633,0
sh601689,1103,0,0
sz002134,0,0,0
sz300461,0,0,0
sh600831,0,0,0
sz300576,0,705,0
sz000650,4811,2322,0
sz002102,9989,41522,0
sz000425,28023,45433,0
sz002557,0,0,0
sh603800,0,0,0
sz002659,1893,0,0
sz000967,0,0,0
sz002152,22745,15702,0
sz000023,0,0,0
sh600489,110886,167594,9759
sh600199,0,2649,0
sz300285,1820,2232,0
sh603813,0,0,0
sz002639,0,0,0
sz000758,2609,33999,0
sz002407,1247,3130,0
sz000409,1941,0,0
sh600122,62158,4557,0
sh600723,0,0,0
sh603396,0,0,0
sz300244,2976,1534,0
sh603727,0,0,0
sh603369,0,695,0
sz002151,58798,56873,11195
sh600702,4750,7015,0
sh600099,0,3040,0
sh600372,10099,4999,1103
sz002067,1877,4552,0
sz300664,2452,1852,0
sz000410,18175,6563,0
sz002250,0,0,0
sz000718,0,2546,0
sh603993,703679,581779,27060
sh600055,0,0,0
sh600390,0,0,0
sh600887,311695,321473,29436
sh600908,0,9395,0
sz300559,912,975,0
sz002530,422,0,0
sh600291,10703,4995,0
sz300554,173,125,0
sz002817,0,0,0
sz300332,2028,0,0
sh603558,3318,0,0
sh603005,1367,383,0
sz000902,0,0,0
sz002194,4067,1267,0
sh603726,516,0,0
sh603050,0,0,0
sh603895,998,731,0
sh600478,0,0,0
sz002514,0,0,0
sz002422,9032,10484,0
sz000928,0,0,0
sh601699,27692,26835,0
sh603086,0,0,0
sz000623,1432,1646,0
sz002470,6723,9784,0
sz000683,20902,0,0
sz300351,1700,0,0
sh600547,113084,111912,9481
sh600576,0,2029,0
sh600654,0,0,0
sh603157,0,0,0
sz000733,1843,1447,0
sh601139,0,0,0
sh603678,3374,2923,0
sz002154,0,0,0
sz000552,0,0,0
sz002053,0,0,0
sz000040,0,0,0
sh600834,1157,0,0
sz002266,14678,13935,0
sz300022,0,0,0
sz002640,4141,2014,0
sz300631,7452,35161,2944
sz000691,0,0,0
sz300062,0,0,0
sh600511,2746,687,0
sz002700,0,0,0
sh600362,15031,14929,0
sz300171,0,0,0
sz002494,1364,0,0
sz300706,2814,1666,290
sz002401,3076,0,0
sh603655,0,0,0
sz002130,2136,0,0
sz000888,0,0,0
sz002527,0,0,0
sz002372,0,505,0
sh600780,0,5573,0
sz002341,8630,1217,0
sh600727,0,2458,0
sz000975,6023,18598,0
sh600159,0,0,0
sz000551,0,0,0
sh600933,0,789,0
sh603938,3031,304,0
sh601163,0,0,0
sz000571,0,0,0
sh600171,21332,10257,851
sz002125,0,0,0
sz300281,0,0,0
sh600535,43661,27024,1134
sh600821,0,0,0
sz002787,0,0,0
sz002246,21008,9865,1354
sh603126,2215,9518,0
sz002197,0,1247,0
sh600183,17275,16332,0
sh600113,57867,45257,2373
sz300722,1224,1862,0
sh603133,0,0,0
sh600717,0,1889,0
sz002780,0,0,0
sz002835,0,0,0
sz300727,511,821,0
sh601186,10803,14602,0
sh601500,0,0,0
sz300610,0,0,0
sh603386,5863,3050,0
sz000719,0,0,0
sz000755,0,0,0
sz300113,48671,29808,2081
sz300132,0,0,0
sh603377,0,0,0
sz300710,0,0,0
sh603063,0,0,0
sz300298,5012,947,0
sz000045,2542,1652,0
sz002740,0,1440,0
sz000726,0,0,0
sh603900,0,1911,0
sh600107,0,0,0
sh600036,134117,191322,7691
sh600675,1925,0,0
sz300305,0,0,0
sh600340,47977,65057,5028
sh600929,0,0,0
sh600269,8617,18740,0
sz002678,0,0,0
sz002023,10653,6677,0
sh601798,0,0,0
sz002858,1223,0,0
sh603555,6634,0,0
sh600814,0,0,0
sz002738,4317,1834,0
sh600595,5765,0,0
sz300488,0,0,0
sh603169,0,2180,0
sz300401,2737,4166,0
sz300500,383,0,0
sz002164,0,3903,0
sh603722,422,354,0
sh603519,0,0,0
sh600367,0,0,0
sh600978,0,3840,0
sz300184,1056,0,0
sz000716,0,0,0
sz002641,0,0,0
sz300740,11995,11545,1600
sz300672,13831,24973,4700
sz000617,0,0,0
sh600283,0,0,0
sz300736,0,0,0
sz002265,23698,24588,10123
sz002518,0,0,0
sh600121,2145,0,0
sz300542,2660,5887,1555
sh600629,0,0,0
sh600976,0,0,0
sz002100,0,0,0
sz002591,0,0,0
sh600602,0,0,0
sz002276,1387,6479,0
sh600067,0,0,0
sz300194,0,0,0
sh600220,0,3893,0
sz002230,147569,125709,13976
sh601666,27966,24820,0
sz002069,4423,3000,0
sh600243,0,0,0
sz002255,1500,0,0
sz002205,0,0,0
sz000837,0,0,0
sz300216,18348,18817,2311
sz000965,0,0,0
sz000897,0,0,0
sh601229,6833,18146,0
sh600370,0,0,0
sh603226,0,0,0
sh603612,753,316,0
sz300477,36948,53973,4730
sh600301,0,0,0
sh600284,0,0,0
sz300275,0,0,0
sz002131,204395,108717,5294
sz300502,1791,0,0
sz300270,0,0,0
sh600791,0,0,0
sh600583,8386,16243,0
sh601929,0,10512,0
sz000078,18533,4767,0
sz300376,6480,4653,0
sz002797,60255,36995,0
sh600185,0,0,0
sz002630,13952,28335,0
sh603828,0,0,0
sh600919,13518,25314,0
sh600704,11514,3162,0
sh600650,0,0,0
sh603858,651,923,0
sh600345,0,1613,0
sz300183,2014,4912,0
sz002786,1652,2479,0
sh600766,1097,1828,0
sz300218,0,0,0
sz002017,2668,0,2155
sz300057,0,0,0
sz002891,0,0,0
sh600657,0,0,0
sz000553,0,0,0
sh600425,5259,0,0
sz002521,1633,4605,0
sh600792,0,10004,0
sz002558,663,0,0
sh601288,1592746,1022778,0
sh601700,6288,6273,0
sz002495,0,0,0
sz002767,2700,950,0
sz002499,0,0,0
sh603429,330,1235,0
sh600074,0,0,0
sz002724,0,0,0
sz002441,0,0,0
sz300210,0,0,0
sh600526,0,0,0
sz002232,0,1082,0
sz300039,0,0,0
sz002888,538,0,0
sz300276,800,1013,0
sh600188,19219,29989,0
sz002336,0,0,0
sz000869,1729,1583,0
sz300140,18953,23281,1577
sz300259,0,0,0
sz002479,6103,1194,0
sz000685,1428,4362,0
sh603040,0,0,0
sz300364,18301,19146,0
sz000521,0,0,0
sh603990,0,570,0
sz300660,0,0,0
sz002706,0,0,0
sz002280,12364,6812,0
sh603488,0,0,0
sh600868,15728,21760,0
sz300306,1455,0,0
sz000999,1523,1908,510
sz000021,10468,1220,0
sh600884,31086,20330,1276
sz300649,302,329,0
sz300145,0,1092,0
sz002666,6837,27751,0
sh601890,0,0,0
sh600355,2163,0,0
sh600577,15888,20913,0
sh600151,2800,0,0
sz002009,1654,1043,0
sh600178,0,2093,0
sh601789,0,0,0
sz002119,0,0,0
sh600360,0,240521,0
sz300381,0,0,0
sh603299,1304,1368,0
sz000151,87308,59307,8036
sz000667,0,0,0
sz000570,0,0,0
sz002635,20020,15036,0
sh600707,0,0,0
sz002690,570,0,0
sz002316,0,0,0
sz300339,35904,5900,0
sz000036,3799,1524,0
sz000517,0,13069,0
sz002863,4621,806,0
sz000403,0,0,0
sz002702,19815,2353,0
sh603869,0,0,0
sz000630,23106,24240,0
sh600593,0,0,0
sh603918,0,0,0
sh600594,32829,28610,0
sh600289,3403,5005,0
sz002478,0,0,0
sh603817,0,0,0
sh601933,108582,54934,1103
sh601019,26834,63529,0
sz300390,34992,37985,5442
sz300428,0,0,0
sh603809,0,0,0
sz000050,8063,3482,0
sh600258,3016,10790,402
sh600111,104561,94972,775
sz002140,0,0,0
sz002615,0,0,0
sz002138,2388,0,0
sz002892,0,0,0
sh600285,9627,1343,0
sz002096,0,0,0
sh600406,15625,6991,0
sh601878,883,0,871
sz000011,0,0,0
sz002646,0,0,0
sh601212,72809,20706,0
sh600100,26476,11710,0
sz002406,0,0,0
sh603179,0,0,0
sh600502,1807,0,0
sz300585,0,0,0
sh600587,1920,0,0
sh600039,3535,2900,0
sz300737,923,0,0
sz300486,0,0,0
sz002839,56332,14847,0
sh600635,29493,37942,0
sz002319,1154,0,0
sz000001,189846,235751,1665
sh603665,0,0,0
sz002906,502,0,0
sz300215,0,0,0
sz002658,960,1036,0
sz000933,59237,34456,0
sz002886,0,1666,0
sz002368,4983,20335,0
sz300286,0,0,0
sz300007,3466,0,0
sz002378,4083,1371,0
sz300530,0,0,0
sh603167,0,0,0
sz000795,9609,0,0
sh603533,19158,13758,2902
sz300577,0,0,0
sz002842,0,0,0
sh601857,44619,54277,0
sz300310,5559,2402,0
sz002896,1092,752,0
sh600435,69333,93183,1150
sz000055,3321,5281,0
sz000014,0,0,0
sz000893,25022,21306,0
sh601858,0,0,0
sh603025,0,481,0
sh603059,5334,3255,309
sh600058,0,0,0
sz300546,0,4947,0
sz000973,2889,0,0
sz002204,3000,0,0
sz300124,9591,4860,0
sz002746,0,645,0
sz300520,2365,533,698
sh600380,12079,15471,0
sz002243,0,0,0
sh603889,0,0,0
sh600545,0,0,0
sh600977,4271,1428,0
sz002267,0,0,0
sz002548,0,0,0
sz300179,3468,0,0
sz300493,0,0,0
sz002476,6706,3405,0
sh601988,820416,833348,0
sz300529,5493,1599,0
sh600962,13480,23588,1524
sz000768,109263,101205,12669
sz002511,0,0,0
sz000504,0,0,0
sz000597,0,1078,0
sz002889,0,0,0
sz300335,2905,800,0
sh601006,15087,51450,0
sz300640,0,0,0
sz002367,10194,18133,1275
sh600207,22386,15246,0
sz002349,0,0,0
sh603098,0,0,0
sh600191,24647,22638,0
sh600333,0,0,0
sz300691,159,287,0
sh600822,3363,0,0
sz002420,0,0,0
sz000010,0,0,0
sh603991,814,0,0
sz000813,0,0,0
sz002445,4411,0,0
sh601012,8989,17478,1579
sz002898,4455,8750,0
sh600233,2099,668,0
sz000836,2534,0,0
sz002040,0,0,0
sh601258,588706,530601,0
sz002322,1864,1599,0
sz002877,6038,2276,1502
sz000863,0,0,0
sz002533,0,0,0
sh600683,0,0,0
sz002500,13029,10039,0
sh601199,0,0,0
sh603716,508,0,310
sz002139,12980,9589,0
sh603228,1170,1650,0
sh600328,0,1328,0
sh600172,13462,10598,0
sh600192,7205,0,0
sz300642,726,102,0
sz300260,0,0,0
sh600161,9157,5335,0
sh603326,0,3525,0
sz002717,1205,4183,0
sz002116,0,0,0
sz300499,0,0,0
sh600966,0,6961,0
sz300135,0,4222,0
sz000587,74854,14226,4880
sz300233,0,0,0
sz000759,3114,1247,0
sh600769,1853,0,0
sh603668,0,0,0
sz300708,4284,609,1896
sh600677,8933,8387,0
sz300675,8353,7788,0
sz300097,522,1694,0
sz300483,296,0,0
sz300153,0,1038,0
sh603113,0,0,0
sz000778,19009,6285,0
sz002026,0,0,0
sz000931,0,0,0
sz000662,827,0,0
sz300624,14071,21776,4076
sh600695,2156,0,0
sz002302,9348,4379,1087
sh600197,878,1950,0
sz002633,0,0,0
sh600446,11091,9506,1764
sz300548,1336,0,0
sz002396,27844,23430,0
sz002262,6307,733,0
sz000615,89687,66691,7928
sh601998,32037,61457,0
sz300300,13308,28228,0
sz000839,20182,13881,0
sh600029,248012,206496,1604
sh600476,0,660,0
sh600732,0,0,0
sz000565,0,10829,3485
sz300092,0,1411,0
sh600601,5469,0,0
sh600507,23611,28754,0
sz300026,9934,2539,0
sz300084,0,0,0
sz002846,0,0,0
sz002859,0,450,0
sz300295,1355,0,0
sz002490,0,0,0
sh603916,921,800,0
sh600335,45627,66070,5102
sh600742,0,0,0
sh600592,1300,1700,0
sz300123,2057,12871,0
sh600303,0,12078,0
sz002559,0,0,0
sh603959,1333,451,0
sz002752,0,0,0
sh600050,328491,294379,0
sz300265,5153,44412,0
sh600883,0,0,0
sz002669,0,0,0
sh600749,0,0,0
sz000677,0,0,0
sz002540,2000,0,0
sz002594,3991,6317,181
sz002503,0,0,0
sz300347,6905,5255,415
sz300348,5008,0,0
sz002112,0,2697,0
sh600710,0,0,0
sz000589,0,0,0
sz002544,3963,0,0
sz002649,2259,6068,0
sz000990,0,0,2408
sz000631,7860,0,0
sh603883,10862,3220,0
sz002897,0,0,0
sz000958,0,0,0
sh600410,61779,39225,0
sz000789,21774,16658,1506
sz000919,4201,0,0
sz300371,0,0,0
sz002918,507,658,0
sz300621,0,0,0
sh600803,906,11443,0
sz300176,897,489,0
sz300522,0,0,0
sz300690,0,0,0
sz300514,0,0,0
sz000627,2698,1294,0
sh600249,2500,0,0
sh603225,1406,0,0
sh603356,0,0,0
sh603060,0,0,0
sz000537,1700,816,0
sh603516,2632,936,478
sz002190,3884,4811,0
sz002350,1953,0,0
sh601808,4268,18961,0
sz002849,0,0,0
sz002104,43462,24184,0
sz000889,1987,1910,0
sh600565,13251,32786,0
sz002253,1019,0,0
sh603898,762,2319,0
sz300115,8427,16020,529
sh603283,431,435,0
sz002145,4293,0,0
sz002909,704,0,0
sh600714,0,0,0
sh603688,0,0,0
sz300021,3186,0,0
sz300102,6739,0,0
sh600501,1278,2115,0
sh600516,74743,94451,1342
sh600456,5928,21442,0
sh600162,5020,3812,0
sz300236,16491,9272,680
sz002773,1508,631,0
sz000636,161267,131075,13627
sz000693,0,0,0
sh600509,0,0,0
sh603725,626,772,0
sz300417,0,0,0
sh600998,12107,6721,0
sz300035,0,0,0
sz300050,3437,0,0
sz300555,0,1678,0
sh600219,41562,81481,0
sh600824,0,0,0
sh600523,685,4282,0
sh600358,9773,4432,0
sh600892,3828,0,0
sh600237,4560,0,0
sh603928,0,0,0
sz300604,1130,464,0
sz300703,0,0,0
sz002127,12194,8515,0
sh601898,4338,2000,0
sh600823,2488,5899,0
sz000885,0,0,0
sz300359,14452,0,0
sh603023,0,0,0
sh603789,0,0,0
sz000070,5781,0,0
sz002390,12979,8346,1455
sz000089,1297,2319,0
sz300558,6294,2785,153
sz002711,34063,58878,0
sz000822,0,2820,0
sz002166,0,0,0
sh600475,0,904,0
sz002701,4105,5521,0
sh601218,0,0,0
sz000150,0,0,0
sz002275,0,0,0
sz002029,0,1556,0
sz300254,0,0,0
sh600745,488,1374,0
sz002753,0,0,0
sz300293,0,0,0
sh600302,0,0,0
sz300647,962,1218,0
sh600105,0,0,0
sh600295,0,0,0
sh601127,0,0,0
sh601226,0,0,0
sh603580,419,379,0
sz002730,0,0,0
sz000068,0,0,0
sh603648,810,0,0
sh601128,1519,3822,0
sz300394,0,0,0
sz002227,1136,2930,0
sh601008,2411,0,0
sz000598,9673,0,0
sz300501,0,0,0
sz300105,4195,0,0
sz002463,0,2785,0
sh600480,2389,0,0
sh600725,0,0,0
sh600997,0,0,0
sh603000,0,2133,1071
sz002484,0,0,0
sz002638,2158,0,0
sh603679,0,0,0
sh603277,0,0,0
sz000695,0,0,0
sh603616,9114,9516,1743
sz300632,0,0,0
sh603139,0,0,0
sz000407,0,1821,0
sh600936,28491,0,0
sh600738,0,0,0
sh600730,0,0,0
sh600487,37673,44142,4053
sz000525,4411,7157,502
sh603586,0,0,0
sz300729,0,0,0
sh601088,33944,37937,1026
sh600389,600,0,0
sh600317,0,0,0
sh603758,2491,0,0
sh600195,4630,6323,0
sz300172,0,0,0
sh600969,0,0,0
sz002060,0,0,0
sz002628,0,0,0
sh603031,0,0,0
sh601158,0,0,0
sz300072,15609,6261,911
sh600163,0,0,0
sh600015,24787,38427,0
sh603368,497,225,0
sz000661,2038,3968,57
sz002901,672,421,0
sz002373,15461,10789,0
sh600117,0,0,0
sz002466,70347,37208,1796
sz002247,17179,0,0
sz000727,24104,13948,0
sh601608,4300,3150,0
sz002354,6985,4364,0
sz000538,3611,3006,106
sz000509,0,2778,0
sz002220,0,0,0
sh600093,21244,9710,1357
sh600843,0,0,0
sz300556,3771,2151,430
sz300565,0,0,0
sh600298,1022,3251,0
sz300206,1918,0,0
sz300456,891,0,0
sh603016,0,0,0
sz002109,0,0,0
sz002568,2772,2726,0
sz300537,0,0,0
sz002281,28982,35261,917
sh603505,5024,3023,0
sz300160,1500,0,0
sz002741,566,600,0
sz002440,8654,14227,0
sh603528,1300,1972,0
sz300407,0,0,0
sz300613,221,0,0
sz000760,0,0,0
sz300400,0,2000,0
sz300314,0,0,0
sz000159,0,0,0
sz300597,0,0,0
sh603602,766,0,0
sh600513,0,0,0
sz000004,0,0,0
sh601333,14675,5186,0
sz000983,10368,25926,0
sh600965,0,0,0
sz002126,8367,5864,0
sz300291,4029,3391,1006
sz002716,6992,15221,0
sh600279,0,0,0
sh600961,0,0,0
sh603037,0,0,0
sz000671,35115,31848,0
sz300239,0,0,0
sh600771,1542,1245,0
sh603303,0,0,0
sz000858,141902,159452,14343
sz002927,6199,5362,192
sh600787,9807,16049,0
sz300088,92857,74143,0
sz002469,0,0,0
sz002418,0,0,0
sz000539,0,0,0
sz002011,1991,0,0
sz300442,709,0,0
sz002539,0,0,0
sz300252,3020,19933,0
sh600459,0,0,0
sh600259,946,454,0
sz002153,6809,4490,0
sz002913,1032,250,0
sz300481,0,573,0
sz300329,0,0,0
sz002355,0,2398,0
sh600703,57426,77371,2439
sh600073,0,1599,0
sz300362,2617,0,0
sz002024,288172,266039,12970
sz002225,3200,0,0
sh603306,0,0,0
sz300467,961,406,0
sz300069,500,937,0
sh600110,1930,5097,0
sz002474,8386,0,0
sh601558,0,0,0
sh603160,438,1109,0
sh600728,120146,160637,6304
sh600653,45751,145337,0
sz300419,1375,0,0
sh603100,0,0,0
sz300354,0,1500,0
sz002192,5010,2833,0
sh603038,0,0,0
sh601633,0,0,0
sz300589,619,0,0
sh600316,15235,22703,1804
sz002582,4722,2682,0
sz300472,0,0,0
sh603208,0,0,0
sz300591,0,0,0
sz000786,19105,27908,431
sh600461,2735,0,0
sz000906,0,0,0
sz002600,15373,2121,0
sh601366,0,0,0
sz002915,849,909,0
sh600754,1112,0,0
sh600166,70244,69271,0
sz300321,0,0,0
sz000782,0,0,0
sz002405,235405,211408,13415
sz002561,0,0,0
sz300342,762,0,0
sh601880,78091,12993,0
sz002929,77771,111041,11728
sh600533,0,0,0
sh603969,0,0,0
sh601018,17033,2030,0
sz300150,4659,32852,0
sz300645,4437,2436,0
sh603138,7447,12293,510
sh603189,0,0,0
sh601939,403112,428656,1551
sz002120,1969,280,0
sh603007,0,0,0
sz300165,0,0,0
sh600691,3014,12526,0
sz002917,482,0,0
sz000554,5435,0,1828
sh600694,0,0,0
sh600070,0,0,0
sz300643,0,0,0
sh600888,0,0,0
sh601107,0,0,0
sz002829,4093,4249,0
sh600206,4459,8194,0
sz002400,9997,0,0
sz000524,0,0,0
sz002546,5421,0,0
sh600097,0,0,0
sh603968,0,0,0
sh603456,0,0,0
sh603901,1865,0,0
sh603885,0,784,0
sz000957,0,1920,0
sz000980,0,0,0
sz300344,9372,5515,0
sz300377,108835,60450,2958
sz002294,5414,6390,562
sz300528,1310,0,0
sz000963,8901,7679,215
sz300199,10937,8795,802
sz002823,0,0,0
sh600667,37218,1600,0
sz000418,630,291,0
sh603335,0,0,0
sz300107,0,10691,0
sz002323,6170,26920,0
sz002785,0,0,0
sz002491,5640,1814,0
sz002409,3191,1627,0
sz002106,0,1345,0
sh600817,0,0,0
sh601766,71494,39427,1346
sh600356,0,0,0
sh603803,0,0,0
sz002596,31800,45219,0
sz300005,0,5197,0
sz300393,295,0,0
sh600373,948,7056,0
sz000608,0,4004,0
sz002101,0,0,0
sh603088,0,0,0
sh600644,0,0,0
sz300459,10998,1102,0
sh603569,0,0,0
sh600845,18834,11930,410
sz300169,0,0,0
sh600064,907,0,0
sh601518,6974,0,0
sh600025,62067,78053,0
sz000937,4461,2032,0
sz000595,0,0,0
sz002412,0,0,0
sz002272,0,0,0
sh600623,8389,24895,0
sz002614,1683,0,0
sz000815,1853,1849,0
sz002414,866,0,0
sh600153,1002,1106,0
sz000532,32345,38699,1940
sh600712,0,0,0
sh600168,0,0,0
sz002429,9462,14040,0
sz002241,82482,43171,0
sz002237,20824,29303,1166
sz300205,0,4849,0
sh603178,0,0,0
sz002496,0,12816,0
sh603877,0,0,0
sz300611,0,0,0
sh600805,0,0,0
sh601595,0,0,0
sh600546,7508,0,0
sz000925,2447,26804,1092
sz300213,11006,5454,1579
sh601168,13081,6137,0
sz000592,2497,2466,0
sz000883,5018,2502,0
sz002606,5000,4962,0
sh600270,55084,47739,10289
sh601028,0,0,0
sz002086,26929,30994,5000
sh603223,0,0,0
sz300615,0,0,0
sz002677,1401,0,0
sz002465,89602,21138,0
sh600071,0,0,0
sz300666,19966,19497,3442
sz000830,126840,145723,13355
sz002818,0,0,0
sh600538,0,0,0
sz300685,693,716,292
sz300063,7504,13716,0
sh603315,0,0,0
sz000584,0,0,0
sh600408,0,4257,0
sz002841,0,200,0
sh600063,0,0,0
sz000002,152777,132500,9948
sh603009,0,0,0
sh600617,0,0,0
sz000828,0,0,0
sh603799,52338,55006,8380
sh600057,1557,0,0
sh600090,6949,5127,0
sz300117,15640,9957,0
sh603069,8164,9096,0
sh600681,0,0,0
sz300257,0,0,0
sz000728,2287,0,0
sh600699,7167,5618,402
sz300070,89503,40173,1481
sh603737,0,0,0
sh603099,0,1382,0
sz000060,21999,12534,0
sh600597,9843,12591,0
sz000715,0,0,0
sh603819,0,0,0
sz000541,0,0,0
sh600068,18542,31874,0
sz002771,2622,0,0
sz002729,0,0,0
sz300003,15101,29568,4204
sz002142,41929,56580,965
sh603527,0,0,0
sz000338,66716,38568,0
sh601999,2983,1407,0
sz002875,0,443,0
sh601788,1089,3603,0
sh600841,0,0,0
sz002571,0,0,0
sz002871,0,0,0
sz002624,8318,6266,0
sz002428,35480,31360,1010
sz002732,0,0,0
sz300707,6035,10447,0
sz002900,1585,1347,1106
sh600715,13212,7972,0
sh600530,0,0,0
sz000429,0,0,0
sz002248,0,1237,0
sz002124,0,0,0
sh600839,33916,15673,0
sh603269,599,837,456
sh601899,775882,409646,0
sz000701,1340,0,0
sh603268,0,0,0
sz000030,0,0,0
sz002027,50164,45071,3339
sz300189,20774,0,0
sz002510,29433,24160,0
sh603337,0,0,0
sz300468,0,0,0
sz300336,13774,6543,0
sh600486,2671,4790,0
sz002644,2001,6059,0
sz000591,3011,0,0
sz000820,73779,81299,10568
sh601668,107254,105871,0
sz002850,694,525,0
sz300628,982,102,0
sz002288,0,0,0
sh600720,9444,13947,1011
sh601126,0,0,0
sh601958,1773,5360,0
sh600687,0,0,0
sz300054,5747,2559,0
sz002337,0,0,0
sz000851,25868,24021,0
sz000673,21987,3895,0
sz300569,1072,435,0
sh600371,6116,8178,1314
sz300405,0,0,0
sz300037,3836,3801,614
sh600638,0,0,0
sz300415,0,2270,0
sz300045,18868,8845,0
