sh600197,6726,1929,0
sz002194,10137,11426,0
sz002735,0,0,0
sz002683,0,0,0
sz002679,0,680,0
sh600199,0,0,0
sh600166,43298,36137,0
sh600190,0,0,0
sz002682,0,0,0
sz002193,0,0,0
sh600012,0,0,0
sz002737,2844,2519,274
sz002673,4954,7779,0
sz002165,0,0,0
sh600113,6055,11645,0
sz002733,907,0,0
sh600195,0,2516,0
sz000719,0,0,0
sz000708,0,1000,0
sh600192,0,0,0
sz002731,0,0,0
sz002705,975,4666,0
sz000001,480831,348074,2478
sz000002,151398,149275,15604
sz000004,500,0,0
sz000005,2906,0,0
sz000006,4042,5461,0
sz000007,0,0,0
sz000008,3504,5494,0
sz000009,19191,17380,0
sz000010,0,0,0
sz000011,0,710,0
sz000012,1473,0,0
sz000014,0,4600,0
sz000016,40455,30402,0
sz000017,0,6062,0
sz000018,8625,26965,0
sz000019,0,30071,0
sz000020,5325,1836,0
sz000021,1512,22733,0
sz000022,0,0,0
sz000023,0,813,0
sz000025,422,606,0
sz000026,0,2000,0
sz000027,0,9673,0
sz000028,2904,2164,224
sz000029,0,0,0
sz000030,0,0,0
sz000031,0,0,0
sz000032,0,0,0
sz000034,0,0,0
sz000035,0,0,0
sz000036,0,1989,0
sz000037,4000,2324,0
sz000038,0,0,0
sz000039,4039,5267,0
sz000040,1371,3704,0
sz000042,0,0,0
sz000043,0,0,0
sz000045,1957,2470,0
sz000046,0,0,0
sz000048,0,0,0
sz000049,0,327,0
sz000050,2181,6362,0
sz000055,1865,2963,0
sz000056,0,0,0
sz000058,0,0,0
sz000059,6921,4928,0
sz000060,5520,16726,0
sz000061,5918,10398,0
sz000062,0,1200,0
sz000063,73260,63335,4343
sz000065,2046,1934,0
sz000066,79791,124851,0
sz000068,0,0,0
sz000069,10964,27699,0
sz000070,0,1268,0
sz000078,9031,2015,0
sz000088,12483,6133,0
sz000089,1457,1579,0
sz000090,0,2612,0
sz000096,0,0,0
sz000099,0,8295,0
sz000100,85692,100922,0
sz000150,0,0,0
sz000151,94115,81743,4596
sz000153,29564,53371,0
sz000155,6444,6190,0
sz000156,0,0,0
sz000157,16494,16196,0
sz000158,0,0,0
sz000159,0,0,0
sz000166,2126,8488,0
sz000301,2000,7480,0
sz000333,86095,76722,6131
sz000338,120498,84091,3604
sz000400,0,1357,0
sz000401,12336,43211,1539
sz000402,0,2884,0
sz000403,400,354,0
sz000404,0,5900,0
sz000407,0,0,0
sz000408,0,8216,0
sz000409,1837,0,0
sz000410,3187,5587,0
sz000411,615,1692,0
sz000413,20146,26267,0
sz000415,0,0,0
sz000416,0,0,0
sz000417,0,0,0
sz000418,491,404,0
sz000419,0,0,0
sz000420,0,0,0
sz000421,0,0,0
sz000422,0,0,0
sz000423,6756,4533,0
sz000425,10281,66179,0
sz000426,1569,6227,0
sz000428,0,0,0
sz000429,0,0,0
sz000430,0,1565,0
sz000488,5942,9656,0
sz000498,1696,1983,0
sz000501,705,2358,0
sz000502,0,0,0
sz000503,19131,34416,902
sz000504,540,0,0
sz000505,87127,46999,1123
sz000506,0,0,0
sz000507,62083,23726,0
sz000509,0,9699,0
sz000510,0,0,0
sz000513,5161,5045,1355
sz000514,0,0,0
sz000516,0,0,0
sz000517,2707,11560,0
sz000518,0,3000,0
sz000519,16333,7889,0
sz000520,0,0,0
sz000521,0,0,0
sz000523,0,0,0
sz000524,0,0,0
sz000525,2631,572,0
sz000526,0,0,0
sz000528,30284,4520,0
sz000529,0,0,0
sz000530,0,2000,0
sz000531,0,0,0
sz000532,1000,12024,0
sz000533,239554,43130,0
sz000534,0,0,0
sz000536,0,4368,0
sz000537,1002,0,0
sz000538,1409,1588,0
sz000539,0,0,0
sz000540,0,0,0
sz000541,0,0,0
sz000543,0,6830,0
sz000544,0,0,0
sz000545,0,0,0
sz000546,0,2174,0
sz000547,52174,38624,1068
sz000548,0,0,0
sz000550,0,2052,0
sz000551,0,0,0
sz000552,0,9265,0
sz000553,0,0,0
sz000554,0,0,0
sz000555,13168,21085,0
sz000557,0,0,0
sz000558,0,0,0
sz000559,0,3986,0
sz000560,0,0,0
sz000561,0,0,0
sz000563,0,0,0
sz000564,0,0,0
sz000565,0,0,0
sz000566,0,0,0
sz000567,1081,3649,0
sz000568,21471,17681,201
sz000570,0,0,0
sz000571,4101,17472,0
sz000572,0,17270,0
sz000573,0,2389,0
sz000576,830,10530,1110
sz000581,16459,13670,0
sz000582,0,0,0
sz000584,0,0,0
sz000585,27998,29484,0
sz000586,0,1363,0
sz000587,3990,3706,0
sz000589,0,0,0
sz000590,820,857,0
sz000591,4808,0,0
sz000592,15292,17784,0
sz000593,0,0,0
sz000595,0,0,0
sz000596,682,400,0
sz000597,0,1092,0
sz000598,2963,2775,0
sz000599,0,2304,0
sz000600,0,0,0
sz000601,1899,2014,0
sz000603,0,0,0
sz000605,4793,10856,2992
sz000606,0,0,0
sz000607,4629,0,0
sz000608,0,0,0
sz000609,0,0,0
sz000610,0,0,0
sz000611,5000,0,0
sz000612,0,1465,0
sz000613,84918,161272,12293
sz000615,2325,15494,0
sz000616,0,0,0
sz000617,0,0,0
sz000619,7674,0,0
sz000620,0,0,0
sz000622,0,0,0
sz000623,4170,7040,0
sz000625,972,4288,0
sz000626,0,0,0
sz000627,0,1789,0
sz000628,2164,0,0
sz000630,8723,62417,0
sz000631,0,0,0
sz000632,0,0,0
sz000633,7007,1718,0
sz000635,0,0,0
sz000636,55664,45543,3801
sz000637,0,0,0
sz000638,0,0,0
sz000639,0,636,0
sz000650,11833,15264,0
sz000651,109323,115698,5247
sz000652,0,2262,0
sz000655,1948,2000,0
sz000656,18958,24973,0
sz000657,0,2035,0
sz000659,2982,3650,0
sz000661,2703,6382,226
sz000662,3170,2264,0
sz000663,1323,1344,0
sz000665,0,3270,0
sz000666,0,0,0
sz000667,0,0,0
sz000668,0,0,0
sz000669,0,0,0
sz000670,31629,36181,2936
sz000671,16366,1919,0
sz000672,10073,37812,0
sz000673,15999,9321,0
sz000676,10630,28472,0
sz000677,0,0,0
sz000678,0,0,0
sz000679,0,0,0
sz000680,0,0,0
sz000681,1459,12082,0
sz000682,0,2336,0
sz000683,31448,4460,0
sz000685,0,0,0
sz000686,0,1642,0
sz000687,1501,1048,0
sz000688,7266,7685,0
sz000690,0,8266,0
sz000691,0,0,0
sz000692,3126,2568,0
sz000693,0,0,0
sz000695,0,0,0
sz000697,0,0,0
sz000698,0,0,0
sz000700,0,0,0
sz000701,6909,13419,0
sz000702,0,0,0
sz000703,205349,425398,18622
sz000705,0,0,0
sz000707,0,0,0
sz000709,46083,154113,0
sz000710,3479,6020,0
sz000711,0,0,0
sz000712,0,7841,0
sz000713,3724,4100,0
sz000715,0,0,0
sz000716,0,0,0
sz000717,6104,18303,0
sz000718,0,3130,0
sz000720,2815,0,0
sz000721,0,2000,0
sz000722,0,0,0
sz000723,0,0,0
sz000725,1164256,1026340,0
sz000726,0,0,0
sz000727,0,12231,0
sz000728,1155,9915,0
sz000729,5795,7788,0
sz000731,0,0,0
sz000732,20799,23301,0
sz000733,0,3069,0
sz000735,73624,94864,7321
sz000736,596,1980,0
sz000737,2687,0,0
sz000738,68946,37376,6258
sz000739,0,0,0
sz000750,0,0,0
sz000751,0,0,0
sz000752,0,0,0
sz000753,0,0,0
sz000755,0,0,0
sz000756,4300,3848,0
sz000757,0,0,0
sz000758,0,8422,0
sz000759,0,1949,0
sz000760,0,0,0
sz000761,0,12127,0
sz000762,1002,11201,0
sz000766,0,0,0
sz000767,0,0,0
sz000768,110341,107913,9707
sz000776,14457,20219,0
sz000777,933,0,0
sz000778,0,0,0
sz000779,0,0,0
sz000780,0,2262,0
sz000782,1500,0,0
sz000783,0,1983,0
sz000785,0,0,0
sz000786,5276,18853,0
sz000788,4143,5340,0
sz000789,33594,64352,1109
sz000790,18426,23549,0
sz000791,0,0,0
sz000792,96207,150041,7033
sz000793,0,0,0
sz000795,2030,7294,0
sz000796,0,0,0
sz000797,0,0,0
sz000798,0,1238,0
sz000799,8084,5882,0
sz000800,26782,15380,0
sz000801,31612,12659,1492
sz000802,0,0,0
sz000803,0,0,0
sz000806,1377,7585,0
sz000807,48330,64719,0
sz000809,0,0,0
sz000810,0,4492,0
sz000811,0,0,0
sz000812,0,0,0
sz000813,60440,54930,0
sz000815,0,0,0
sz000816,102067,60885,6315
sz000818,6662,5545,0
sz000819,2657,1048,0
sz000820,18131,17362,1684
sz000821,1000,1143,0
sz000822,1702,3440,0
sz000823,0,6986,0
sz000825,44374,36378,0
sz000826,3650,2886,0
sz000828,0,2958,0
sz000829,0,0,0
sz000830,45600,52355,1909
sz000831,40378,29385,0
sz000833,0,0,0
sz000835,0,0,0
sz000836,0,5855,0
sz000837,0,2500,0
sz000838,0,0,0
sz000839,14300,17405,0
sz000848,1098,1777,0
sz000850,2794,0,0
sz000851,1875,9118,0
sz000852,61727,247416,1871
sz000856,1523,6926,0
sz000858,166425,132235,13041
sz000859,0,0,0
sz000860,16730,12606,0
sz000861,0,0,0
sz000862,60838,194481,0
sz000863,0,0,0
sz000868,11713,9774,0
sz000869,0,0,0
sz000875,10800,0,0
sz000876,3100,34512,0
sz000877,9296,11287,4124
sz000878,995,5372,0
sz000880,0,0,0
sz000881,1187,1312,0
sz000882,51704,57165,0
sz000883,5592,0,0
sz000885,723,697,0
sz000886,106120,132872,2418
sz000887,570,4258,0
sz000888,0,0,0
sz000889,0,0,0
sz000890,0,0,0
sz000892,0,0,0
sz000893,8152,2777,0
sz000895,14080,4893,969
sz000897,0,0,0
sz000898,32275,14033,0
sz000899,0,0,0
sz000900,0,0,0
sz000901,17004,8634,535
sz000902,0,5569,0
sz000903,0,0,0
sz000905,0,0,0
sz000906,0,3307,0
sz000908,0,15005,0
sz000909,0,0,0
sz000910,0,650,0
sz000911,0,0,0
sz000912,0,0,0
sz000913,2188,0,0
sz000915,3178,1928,0
sz000917,1458,3577,0
sz000918,1620,1418,0
sz000919,0,3465,0
sz000920,0,22815,1114
sz000921,1491,6066,0
sz000922,0,11892,0
sz000923,1224,4271,0
sz000925,0,0,0
sz000926,1350,8411,0
sz000927,0,0,0
sz000928,0,6745,0
sz000929,0,0,0
sz000930,0,0,0
sz000931,0,8289,0
sz000932,18645,66448,0
sz000933,19328,36981,0
sz000935,4602,5349,0
sz000936,13789,48134,2710
sz000937,0,4761,0
sz000938,8876,15856,1002
sz000939,0,0,0
sz000948,0,0,0
sz000949,5178,0,0
sz000951,0,0,0
sz000952,0,1589,0
sz000953,0,0,0
sz000955,31124,22524,0
sz000957,0,2939,0
sz000958,2899,0,0
sz000959,0,0,0
sz000960,2701,21796,0
sz000961,50677,32203,0
sz000962,0,0,0
sz000963,10993,14314,1767
sz000965,0,2547,0
sz000966,0,5656,0
sz000967,0,0,0
sz000968,0,0,0
sz000969,0,0,0
sz000970,5934,6374,0
sz000971,0,1740,0
sz000972,0,0,0
sz000973,4049,5696,0
sz000975,19475,2598,0
sz000976,0,0,0
sz000977,74031,126930,5080
sz000978,0,0,0
sz000979,15532,145278,0
sz000980,0,0,0
sz000981,1386,1481,0
sz000982,0,0,0
sz000983,1428,3300,0
sz000985,0,0,0
sz000987,0,4831,0
sz000988,0,2006,0
sz000989,2629,2842,500
sz000990,0,0,0
sz000993,0,9313,0
sz000995,0,0,0
sz000996,1934,5405,0
sz000997,15049,44704,0
sz000998,7540,4012,0
sz000999,432,2340,0
sz001696,0,0,0
sz001896,0,0,0
sz001965,0,5652,0
sz001979,25043,30890,517
sz002001,19057,18678,0
sz002002,0,0,0
sz002003,0,0,0
sz002004,0,0,0
sz002005,0,0,0
sz002006,0,0,0
sz002007,4499,4569,1060
sz002008,7281,22220,469
sz002009,2090,4107,0
sz002010,622,721,0
sz002011,0,5679,0
sz002012,25470,31126,0
sz002013,10521,10367,0
sz002014,0,0,0
sz002015,0,0,0
sz002016,1971,11799,0
sz002017,1762,0,0
sz002018,0,0,0
sz002019,18939,14914,1519
sz002020,43456,151899,5718
sz002021,0,0,0
sz002022,2928,3504,0
sz002023,24903,8660,0
sz002024,189092,212000,3903
sz002025,1437,13739,0
sz002026,1600,0,0
sz002027,249589,327790,5008
sz002028,7103,2543,0
sz002029,0,1431,0
sz002030,4387,4364,0
sz002031,0,0,0
sz002032,670,284,0
sz002033,0,0,0
sz002034,0,0,0
sz002035,5456,1833,0
sz002036,1302,2569,0
sz002037,0,0,0
sz002038,24182,33925,628
sz002039,0,0,0
sz002040,0,0,0
sz002041,12249,9109,0
sz002042,0,0,0
sz002043,0,0,0
sz002044,1796,1417,0
sz002045,0,2614,0
sz002046,0,0,0
sz002047,0,0,0
sz002048,3855,8736,0
sz002049,46714,72201,5968
sz002050,5323,3686,0
sz002051,692,749,0
sz002052,0,0,0
sz002053,0,0,0
sz002054,1497,1715,0
sz002055,2007,4309,0
sz002056,0,8281,0
sz002057,0,0,0
sz002058,0,0,0
sz002059,0,0,0
sz002060,0,0,0
sz002061,5574,0,0
sz002062,0,0,0
sz002063,6328,16324,0
sz002064,0,4230,0
sz002065,6480,48059,0
sz002066,1285,0,0
sz002067,5136,0,0
sz002068,0,1543,0
sz002069,0,3742,0
sz002070,0,0,0
sz002071,10619,6381,0
sz002072,0,0,0
sz002073,0,1500,0
sz002074,4418,7844,0
sz002075,0,0,0
sz002076,80378,308053,5687
sz002077,0,0,0
sz002078,6573,5390,0
sz002079,6699,22422,0
sz002080,0,4809,0
sz002081,3006,3364,0
sz002082,0,0,0
sz002083,0,4878,0
sz002084,0,0,0
sz002085,0,0,0
sz002086,4498,3368,0
sz002087,0,2028,0
sz002088,647,1712,0
sz002089,0,2012,0
sz002090,0,0,0
sz002091,0,0,0
sz002092,10035,1959,0
sz002093,7578,3609,0
sz002094,4712,1268,0
sz002095,243,2494,0
sz002096,0,0,0
sz002097,0,0,0
sz002098,0,0,0
sz002099,8941,4950,0
sz002100,0,1306,0
sz002101,0,671,0
sz002102,7844,25457,0
sz002103,0,0,0
sz002104,2050,4954,0
sz002105,0,3848,0
sz002106,0,4086,0
sz002107,0,0,0
sz002108,0,1134,0
sz002109,1492,1784,0
sz002110,15101,10230,0
sz002111,0,0,0
sz002112,9938,18761,0
sz002113,0,0,0
sz002114,1721,2770,0
sz002115,0,0,0
sz002116,0,0,0
sz002117,3652,660,0
sz002118,87720,112946,4425
sz002119,0,677,0
sz002120,1831,260,0
sz002121,0,0,0
sz002122,0,0,0
sz002123,1287,4065,0
sz002124,0,0,0
sz002125,0,0,0
sz002126,2577,3703,0
sz002127,0,2534,0
sz002128,4023,4471,0
sz002129,563085,547262,67620
sz002130,4495,0,0
sz002131,20494,13903,0
sz002132,0,4565,0
sz002133,0,5208,0
sz002134,0,0,0
sz002135,0,0,0
sz002136,0,832,0
sz002137,74874,99917,10816
sz002138,8316,18748,0
sz002139,9906,14567,0
sz002140,1255,2331,0
sz002141,2927,21071,2246
sz002142,4325,7877,0
sz002143,0,0,0
sz002144,2549,0,0
sz002145,0,3439,0
sz002146,24795,29292,0
sz002147,0,0,0
sz002148,0,9455,0
sz002149,0,0,0
sz002150,0,0,0
sz002151,13636,9143,0
sz002152,24019,5388,0
sz002153,1923,12509,516
sz002154,0,0,0
sz002155,24097,20967,0
sz002156,2896,14621,0
sz002157,24339,26703,0
sz002158,0,4085,0
sz002159,0,0,0
sz002160,0,0,0
sz002161,0,0,0
sz002162,0,0,0
sz002163,0,0,0
sz002164,0,0,0
sz002166,0,0,0
sz002167,0,3006,0
sz002168,0,0,0
sz002169,0,2146,0
sz002170,0,0,0
sz002171,0,2483,0
sz002172,0,0,0
sz002173,821,0,0
sz002174,3977,0,0
sz002175,1585,17309,0
sz002176,12574,44176,0
sz002177,0,0,0
sz002178,19349,11627,0
sz002179,2665,4906,0
sz002180,606,1496,0
sz002181,0,0,0
sz002182,0,0,0
sz002183,14689,9927,0
sz002184,4818,19066,1867
sz002185,40047,65726,0
sz002186,0,0,0
sz002187,1194,0,0
sz002188,0,0,0
sz002189,0,0,0
sz002190,8132,4490,0
sz002191,1958,3790,0
sz002192,4308,5440,0
sz002195,8220,22688,0
sz002196,1306,0,0
sz002197,0,0,0
sz002198,0,0,0
sz002199,0,0,0
sz002200,0,0,0
sz002201,0,0,0
sz002202,31102,16535,603
sz002203,0,0,0
sz002204,30765,36887,0
sz002205,0,0,0
sz002206,0,2411,0
sz002207,0,0,0
sz002208,11799,34724,0
sz002209,1124,0,0
sz002210,0,0,0
sz002211,0,0,0
sz002212,0,0,0
sz002213,6407,10227,0
sz002214,0,3808,0
sz002215,0,3792,0
sz002216,0,0,0
sz002217,7125,2738,0
sz002218,0,0,0
sz002219,0,0,0
sz002220,0,0,0
sz002221,7665,4806,0
sz002222,2516,23582,0
sz002223,8124,20832,0
sz002224,1456,0,0
sz002225,0,0,0
sz002226,0,4335,0
sz002227,0,0,0
sz002228,0,0,0
sz002229,26862,25556,1403
sz002230,75699,128969,10530
sz002231,0,0,0
sz002232,0,0,0
sz002233,4804,6106,0
sz002234,0,1729,0
sz002235,1236,1770,0
sz002236,69600,86074,3375
sz002237,28836,12436,2246
sz002238,0,0,0
sz002239,0,0,0
sz002240,0,0,0
sz002241,18032,52380,0
sz002242,0,0,0
sz002243,0,0,0
sz002244,3309,7463,0
sz002245,2500,14380,0
sz002246,2081,4033,0
sz002247,0,2989,0
sz002248,0,0,0
sz002249,0,7335,0
sz002250,0,1291,0
sz002251,952,4909,0
sz002252,0,0,0
sz002253,554,2103,0
sz002254,12955,5125,0
sz002255,3010,2044,0
sz002256,0,0,0
sz002258,0,1894,0
sz002259,0,0,0
sz002260,0,0,0
sz002261,7844,24486,0
sz002262,31886,20965,1567
sz002263,0,0,0
sz002264,18416,27062,0
sz002265,9923,4576,1108
sz002266,2682,12668,0
sz002267,0,0,0
sz002268,20773,25386,1463
sz002269,0,0,0
sz002270,0,0,0
sz002271,4405,8860,387
sz002272,0,0,0
sz002273,5772,9909,607
sz002274,0,0,0
sz002275,5248,7311,0
sz002276,3735,0,0
sz002277,0,0,0
sz002278,12374,6228,0
sz002279,3518,23556,0
sz002280,0,16076,0
sz002281,5143,19541,587
sz002282,0,0,0
sz002283,0,2054,0
sz002284,0,5025,0
sz002285,2299,8441,0
sz002286,0,0,0
sz002287,0,0,0
sz002288,7800,15432,0
sz002289,3063,2828,0
sz002290,0,0,0
sz002291,0,0,0
sz002292,1363,0,0
sz002293,0,0,0
sz002294,20666,20614,4636
sz002295,0,0,0
sz002296,0,3326,0
sz002297,8221,5021,0
sz002298,0,0,0
sz002299,4590,813,0
sz002300,0,0,0
sz002301,0,0,0
sz002302,19441,7588,2679
sz002303,0,0,0
sz002304,10866,6533,93
sz002305,2747,12772,0
sz002306,0,0,0
sz002307,1038,5465,0
sz002308,0,0,0
sz002309,0,0,0
sz002310,22498,22622,507
sz002311,1419,1848,0
sz002312,0,0,0
sz002313,846,3318,0
sz002314,0,3924,0
sz002315,0,0,0
sz002316,0,0,0
sz002317,6876,4789,0
sz002318,0,0,0
sz002319,0,0,0
sz002320,10794,10269,0
sz002321,43825,35201,1265
sz002322,0,0,0
sz002323,10480,29054,8418
sz002324,0,0,0
sz002325,0,2828,0
sz002326,1315,2418,0
sz002327,2135,987,0
sz002328,0,0,0
sz002329,0,0,0
sz002330,0,0,0
sz002331,0,0,0
sz002332,3845,3513,0
sz002333,0,0,0
sz002334,1292,32647,1586
sz002335,0,0,0
sz002336,0,2751,0
sz002337,2331,0,0
sz002338,0,0,0
sz002339,0,1745,0
sz002340,54716,104655,1546
sz002341,30715,18697,1753
sz002342,2000,0,0
sz002343,597,4368,281
sz002344,0,2272,0
sz002345,0,0,0
sz002346,0,4344,0
sz002347,0,0,0
sz002348,0,2600,0
sz002349,0,2274,0
sz002350,0,0,0
sz002351,0,1332,0
sz002352,429,882,0
sz002353,9557,4183,0
sz002354,1000,1542,0
sz002355,0,0,0
sz002356,350,1052,0
sz002357,0,0,0
sz002358,7429,4185,0
sz002359,6774,4883,0
sz002360,0,0,0
sz002361,2593,0,0
sz002362,484,3087,0
sz002363,0,0,0
sz002364,0,0,0
sz002365,559,3529,0
sz002366,0,0,0
sz002367,0,23828,0
sz002368,26476,29039,1733
sz002369,11262,11399,0
sz002370,2997,2707,0
sz002371,17685,22417,2296
sz002372,0,1387,0
sz002373,9273,12791,0
sz002374,0,0,0
sz002375,0,0,0
sz002376,666,4835,0
sz002377,0,0,0
sz002378,0,0,0
sz002379,0,0,0
sz002380,2522,2309,0
sz002381,0,0,0
sz002382,1904,4709,805
sz002383,2289,9057,0
sz002384,0,0,0
sz002385,16130,8595,0
sz002386,0,3058,0
sz002387,0,1576,0
sz002388,0,0,0
sz002389,9454,9825,0
sz002390,4992,6032,0
sz002391,0,0,0
sz002392,0,0,0
sz002393,934,0,0
sz002394,0,0,0
sz002395,0,0,0
sz002396,9321,18857,0
sz002397,0,0,0
sz002398,5292,8213,0
sz002399,0,0,0
sz002400,0,10372,0
sz002401,0,2183,0
sz002402,0,14494,0
sz002403,0,0,0
sz002404,0,0,0
sz002405,33014,44207,6217
sz002406,0,0,0
sz002407,616,1476,0
sz002408,1021,8232,0
sz002409,1935,8825,0
sz002410,2141,2260,0
sz002411,5565,503,502
sz002412,0,0,0
sz002413,0,0,0
sz002414,1743,0,0
sz002415,19308,24003,270
sz002416,0,2071,0
sz002417,0,1128,0
sz002418,14286,3931,0
sz002419,1546,8233,0
sz002420,2421,0,0
sz002421,0,15871,0
sz002422,12594,21967,1034
sz002423,0,0,0
sz002424,5306,9561,0
sz002425,0,5106,0
sz002426,0,9203,0
sz002427,0,0,0
sz002428,5417,20365,0
sz002429,0,18722,0
sz002430,700,2537,0
sz002431,0,4504,0
sz002432,82594,158242,6856
sz002433,4021,7658,0
sz002434,0,0,0
sz002435,0,0,0
sz002436,3090,7613,0
sz002437,0,0,0
sz002438,0,9969,0
sz002439,8949,22665,3349
sz002440,4646,5157,0
sz002441,0,0,0
sz002442,0,3057,0
sz002443,0,1478,0
sz002444,0,6418,0
sz002445,7008,1044,0
sz002446,0,5881,0
sz002447,0,0,0
sz002448,0,0,0
sz002449,2750,1598,0
sz002450,0,0,0
sz002451,0,0,0
sz002452,2000,0,0
sz002453,0,1384,0
sz002454,0,0,0
sz002455,0,3125,0
sz002456,18053,50693,5032
sz002457,901,3648,0
sz002458,2788,3490,0
sz002459,0,0,0
sz002460,47596,62830,4633
sz002461,0,1229,0
sz002462,10036,0,0
sz002463,0,6579,0
sz002464,0,0,0
sz002465,32663,44398,5605
sz002466,11042,23857,710
sz002467,1591,1803,0
sz002468,1203,0,0
sz002469,0,0,0
sz002470,4561,7084,0
sz002471,0,0,0
sz002472,0,5300,0
sz002473,1400,0,0
sz002474,1273,22693,0
sz002475,2953,8122,0
sz002476,1763,8020,0
sz002477,15101,27842,0
sz002478,0,0,0
sz002479,5351,4300,0
sz002480,11947,2313,0
sz002481,0,2700,0
sz002482,0,0,0
sz002483,0,0,0
sz002484,0,0,0
sz002485,0,668,0
sz002486,0,0,0
sz002487,0,0,0
sz002488,4645,3181,0
sz002489,0,0,0
sz002490,0,0,0
sz002491,7254,26430,0
sz002492,4746,6686,0
sz002493,1692,1973,0
sz002494,0,0,0
sz002495,0,0,0
sz002496,2772,0,0
sz002497,10331,31402,0
sz002498,0,0,0
sz002499,6039,5242,518
sz002500,19121,27003,0
sz002501,0,2856,0
sz002502,7091,1531,0
sz002503,0,0,0
sz002504,0,0,0
sz002505,55146,46868,4613
sz002506,4677,33257,0
sz002507,6474,10395,0
sz002508,4392,10275,0
sz002509,0,0,0
sz002510,2992,22691,0
sz002511,856,0,0
sz002512,5363,7470,0
sz002513,3860,3663,0
sz002514,0,0,0
sz002515,0,0,0
sz002516,0,2000,0
sz002517,3260,4546,0
sz002518,0,0,0
sz002519,3060,7301,0
sz002520,0,0,0
sz002521,13791,18172,0
sz002522,0,0,0
sz002523,0,14239,0
sz002524,0,0,0
sz002526,0,0,0
sz002527,0,0,0
sz002528,0,2279,0
sz002529,0,1492,0
sz002530,492,1366,0
sz002531,0,1754,0
sz002532,0,0,0
sz002533,0,0,0
sz002534,0,0,0
sz002535,0,3445,0
sz002536,0,1121,0
sz002537,5409,16240,0
sz002538,0,2643,0
sz002539,0,0,0
sz002540,0,0,0
sz002541,0,0,0
sz002542,0,0,0
sz002543,0,0,0
sz002544,1702,3254,0
sz002545,12056,5769,0
sz002546,0,0,0
sz002547,6818,18001,0
sz002548,0,0,0
sz002549,0,0,0
sz002550,1833,3813,0
sz002551,0,1790,0
sz002552,1279,0,0
sz002553,0,0,0
sz002554,2578,4361,0
sz002555,5248,6728,0
sz002556,6108,2067,0
sz002557,1716,2002,0
sz002558,461,1756,0
sz002559,0,1350,0
sz002560,1495,0,0
sz002561,0,0,0
sz002562,0,1750,0
sz002563,0,0,0
sz002564,0,0,0
sz002565,0,3946,0
sz002566,1244,0,0
sz002567,0,2538,0
sz002568,0,0,0
sz002569,574,2474,0
sz002570,0,0,0
sz002571,1731,5507,0
sz002572,0,1724,0
sz002573,3720,8047,0
sz002574,1888,5639,0
sz002575,127591,68964,0
sz002576,0,1372,0
sz002577,0,2655,0
sz002578,0,0,0
sz002579,0,0,0
sz002580,0,0,0
sz002581,0,0,0
sz002582,0,0,0
sz002583,3176,2081,0
sz002584,0,0,0
sz002585,0,0,0
sz002586,0,12095,0
sz002587,0,0,0
sz002588,0,0,0
sz002589,22001,8325,0
sz002590,2255,2951,0
sz002591,0,1604,0
sz002592,0,0,0
sz002593,0,0,0
sz002594,9053,7790,242
sz002595,0,0,0
sz002596,41489,49060,1711
sz002597,826,3252,0
sz002598,0,0,0
sz002599,0,1000,0
sz002600,15349,15304,0
sz002601,0,0,0
sz002602,6495,2158,803
sz002603,0,2342,0
sz002604,0,0,0
sz002605,0,0,0
sz002606,3028,5106,0
sz002607,0,0,0
sz002608,0,0,0
sz002609,1682,746,0
sz002610,0,0,0
sz002611,2236,4384,0
sz002612,0,0,0
sz002613,15826,23650,0
sz002614,0,0,0
sz002615,0,0,0
sz002616,0,0,0
sz002617,6741,4026,0
sz002618,2075,3944,0
sz002619,0,0,0
sz002620,0,1295,0
sz002621,0,0,0
sz002622,0,0,0
sz002623,0,0,0
sz002624,5526,369,314
sz002625,6101,18446,0
sz002626,2429,2890,0
sz002627,0,1832,0
sz002628,0,0,0
sz002629,0,4369,0
sz002630,8402,10619,0
sz002631,0,0,0
sz002632,2200,0,0
sz002633,0,0,0
sz002634,13860,8103,2370
sz002635,2314,7296,0
sz002636,3536,3738,0
sz002637,1187,0,0
sz002638,2002,0,0
sz002639,0,0,0
sz002640,1428,3336,0
sz002641,0,0,0
sz002642,1663,12494,1304
sz002643,11228,16560,0
sz002644,0,887,0
sz002645,0,0,0
sz002646,0,0,0
sz002647,0,0,0
sz002648,1300,1807,0
sz002649,2262,6470,0
sz002650,0,0,0
sz002651,2192,1895,0
sz002652,0,0,0
sz002653,913,952,0
sz002654,0,1591,0
sz002655,16975,43671,0
sz002656,0,0,0
sz002657,494,863,0
sz002658,0,0,0
sz002659,0,820,0
sz002660,0,1241,0
sz002661,0,0,0
sz002662,0,0,0
sz002663,0,3406,0
sz002664,400,518,0
sz002665,8212,16632,0
sz002666,4148,5245,0
sz002667,0,0,0
sz002668,1440,2926,0
sz002669,2176,2028,0
sz002670,2124,1624,0
sz002671,15867,7810,0
sz002672,0,1678,0
sz002674,0,0,0
sz002675,13189,12334,0
sz002676,0,3241,0
sz002677,1370,604,0
sz002678,0,0,0
sz002680,14925,10769,1543
sz002681,2228,2634,0
sz002684,13560,0,0
sz002685,0,1076,0
sz002686,0,0,0
sz002687,0,0,0
sz002688,0,0,0
sz002689,0,0,0
sz002690,0,0,0
sz002691,0,0,0
sz002692,0,0,0
sz002693,0,29676,0
sz002694,9160,12365,0
sz002695,1161,706,0
sz002696,0,0,0
sz002697,0,2000,0
sz002698,0,0,0
sz002699,0,0,0
sz002700,0,0,0
sz002701,0,8538,0
sz002702,2463,2178,0
sz002703,19364,9122,0
sz002706,0,0,0
sz002707,0,0,0
sz002708,0,0,0
sz002709,294,369,0
sz002711,16378,13306,1176
sz002712,0,0,0
sz002713,0,0,0
sz002714,5036,4122,0
sz002715,0,0,0
sz002716,60930,26760,1556
sz002717,2572,9853,561
sz002718,0,0,0
sz002719,3659,0,0
sz002721,0,0,0
sz002722,12470,52978,0
sz002723,0,0,0
sz002724,0,0,0
sz002725,0,0,0
sz002726,0,0,0
sz002727,1376,4761,436
sz002728,578,612,0
sz002729,0,0,0
sz002730,0,0,0
sz002732,0,0,0
sz002734,0,0,0
sz002736,2862,2003,0
sz002738,0,473,0
sz002739,0,0,0
sz002740,3545,6406,0
sz002741,0,552,0
sz002742,1335,7371,0
sz002743,0,1170,0
sz002745,409,2247,0
sz002746,667,2310,0
sz002747,3371,4611,0
sz002748,0,0,0
sz002749,0,160,0
sz002750,0,0,0
sz002751,0,0,0
sz002752,0,0,0
sz002753,0,0,0
sz002755,0,0,0
sz002756,0,1000,0
sz002757,0,0,0
sz002758,0,1004,0
sz002759,0,0,0
sz002760,0,984,0
sz002761,939,0,1319
sz002762,1402,0,0
sz002763,0,0,0
sz002765,0,0,0
sz002766,0,0,0
sz002767,0,1598,0
sz002768,0,490,0
sz002769,3332,3157,0
sz002770,0,0,0
sz002771,0,0,0
sz002772,0,1369,0
sz002773,1094,731,271
sz002774,0,0,0
sz002775,4971,12405,0
sz002776,0,0,0
sz002777,1259,957,0
sz002778,0,0,0
sz002779,0,0,0
sz002780,0,0,0
sz002781,0,847,0
sz002782,0,1904,0
sz002783,0,0,0
sz002785,0,0,0
sz002786,1510,0,0
sz002787,0,0,0
sz002788,530,1479,0
sz002789,0,0,0
sz002790,0,0,0
sz002791,0,0,0
sz002792,440,384,0
sz002793,0,0,0
sz002795,0,0,0
sz002796,0,0,0
sz002797,18766,37816,0
sz002798,0,0,0
sz002799,0,0,0
sz002800,430,0,0
sz002801,0,0,0
sz002802,0,0,0
sz002803,0,247,0
sz002805,0,0,0
sz002806,0,0,0
sz002807,3538,3148,0
sz002808,0,0,0
sz002809,0,959,0
sz002810,0,0,0
sz002811,0,2695,0
sz002812,216,382,0
sz002813,12529,20131,2561
sz002815,4163,7489,0
sz002816,804,0,0
sz002817,0,0,0
sz002818,0,508,0
sz002819,0,0,0
sz002820,0,0,0
sz002821,1429,2237,241
sz002822,0,2523,0
sz002823,0,0,0
sz002824,0,0,0
sz002825,0,0,0
sz002826,2604,3899,0
sz002827,0,1663,0
sz002828,612,1224,0
sz002829,806,353,0
sz002830,526,3007,0
sz002831,1271,200,0
sz002832,562,0,0
sz002833,277,198,0
sz002835,0,0,0
sz002836,1003,1751,0
sz002837,0,1491,0
sz002838,0,0,0
sz002839,38976,30673,1759
sz002840,1270,0,328
sz002841,0,0,0
sz002842,0,0,0
sz002843,23136,20876,3576
sz002845,426,1066,0
sz002846,3321,2105,0
sz002847,4456,4143,0
sz002848,3787,18817,0
sz002849,0,0,0
sz002850,0,265,0
sz002851,0,0,0
sz002852,351,1322,0
sz002853,0,842,0
sz002855,0,0,0
sz002856,0,0,0
sz002857,0,0,0
sz002858,1030,784,0
sz002859,309,2034,0
sz002860,0,451,0
sz002861,387,1931,0
sz002862,500,0,0
sz002863,1158,1300,0
sz002864,18471,31087,3657
sz002865,15854,21989,5989
sz002866,0,0,0
sz002867,294,0,0
sz002868,0,472,0
sz002869,0,516,0
sz002870,0,501,0
sz002871,1064,483,0
sz002872,0,0,0
sz002873,1318,1265,0
sz002875,0,0,0
sz002876,0,0,0
sz002877,6336,12541,2687
sz002878,1317,1025,0
sz002879,0,0,0
sz002880,0,0,0
sz002881,1693,7231,836
sz002882,2471,0,0
sz002883,0,255,0
sz002884,0,0,0
sz002885,291,482,0
sz002886,6307,6034,324
sz002887,0,831,0
sz002888,17641,59736,273
sz002889,1570,866,0
sz002890,1908,657,308
sz002891,1289,286,0
sz002892,0,0,0
sz002893,420,3600,0
sz002895,4527,8568,0
sz002896,1043,1804,0
sz002897,0,705,0
sz002898,12964,65561,404
sz002899,1043,0,0
sz002900,42856,49637,310
sz002901,904,699,0
sz002902,1115,2402,0
sz002903,1479,4722,0
sz002905,280,288,0
sz002906,1061,7517,0
sz002907,36073,45720,5707
sz002908,878,2434,0
sz002909,0,853,0
sz002910,34671,27892,6597
sz002911,1755,2347,0
sz002912,730,445,0
sz002913,255,703,0
sz002915,6377,4876,568
sz002916,15813,33977,3789
sz002917,2890,3841,604
sz002918,229,0,0
sz002919,991,1163,0
sz002920,1952,8072,0
sz002921,10744,2758,404
sz002922,4341,2548,0
sz002923,7339,8675,2742
sz002925,6875,10696,597
sz002926,50077,45249,1888
sz002927,4943,9493,419
sz002928,0,1690,0
sz002929,8760,9100,952
sz002930,0,0,0
sz002931,0,0,0
sz300001,0,0,0
sz300002,5589,10282,0
sz300003,10828,12117,729
sz300004,0,0,0
sz300005,7025,22388,0
sz300006,0,1800,0
sz300007,0,8255,0
sz300008,1478,5128,0
sz300009,9945,25725,0
sz300010,5637,30073,981
sz300011,0,0,0
sz300012,0,10693,0
sz300013,950,0,0
sz300014,4580,11265,0
sz300015,5484,8528,323
sz300016,0,0,0
sz300017,156047,233492,12860
sz300018,0,1670,0
sz300019,0,1665,0
sz300020,1021,17932,893
sz300021,8618,4085,0
sz300022,0,0,0
sz300023,0,1183,0
sz300024,26548,56690,1045
sz300025,0,3053,0
sz300026,10736,29636,0
sz300027,15474,59603,0
sz300028,0,0,0
sz300029,0,0,0
sz300030,0,0,0
sz300031,0,0,0
sz300032,0,0,0
sz300033,867,4140,0
sz300034,10012,14352,2124
sz300035,2835,13495,0
sz300036,13774,48420,0
sz300037,0,2202,0
sz300038,0,0,0
sz300039,4565,1690,0
sz300040,0,0,0
sz300041,0,1026,0
sz300042,0,0,0
sz300043,0,6783,0
sz300044,8924,28898,3937
sz300045,1069,0,0
sz300046,0,1292,0
sz300047,800,5391,0
sz300048,0,0,0
sz300049,0,0,0
sz300050,1276,1186,0
sz300051,4939,12488,0
sz300052,999,1973,0
sz300053,9692,15520,0
sz300054,2408,4600,0
sz300055,626,4761,0
sz300056,0,0,0
sz300057,0,0,0
sz300058,18192,34672,0
sz300059,259208,318192,18671
sz300061,1356,1422,0
sz300062,0,0,0
sz300063,0,0,0
sz300064,1345,0,0
sz300065,18627,7209,562
sz300066,0,14369,0
sz300067,0,0,0
sz300068,0,2049,0
sz300069,8587,4501,0
sz300070,37301,60122,4059
sz300071,0,0,0
sz300072,3215,5904,0
sz300073,992,3482,0
sz300074,0,0,0
sz300075,2207,12213,0
sz300076,0,0,0
sz300077,8505,24313,0
sz300078,4776,5541,0
sz300079,0,15150,0
sz300080,0,0,0
sz300081,0,0,0
sz300082,0,0,0
sz300083,5199,6467,0
sz300084,16497,20215,0
sz300085,4079,5897,0
sz300086,0,0,0
sz300087,3948,2322,0
sz300088,23282,36710,0
sz300089,0,0,0
sz300090,0,0,0
sz300091,5869,709,0
sz300092,0,0,0
sz300093,2000,1275,0
sz300094,1582,1872,0
sz300095,0,0,0
sz300096,994,974,0
sz300097,0,6175,0
sz300098,6801,16689,0
sz300099,0,3216,0
sz300100,0,4088,0
sz300101,105837,100989,3221
sz300102,0,10647,0
sz300103,0,0,0
sz300104,208833,412497,20149
sz300105,0,0,0
sz300106,0,1893,0
sz300107,134884,93826,14219
sz300108,0,0,0
sz300109,330,2319,0
sz300110,51265,40344,0
sz300111,0,0,0
sz300112,0,0,0
sz300113,6202,22060,1156
sz300114,2743,948,0
sz300115,7794,16513,0
sz300116,508130,377087,10720
sz300117,2015,4975,0
sz300118,0,0,0
sz300119,0,0,0
sz300120,0,0,0
sz300121,7166,20974,1290
sz300122,4878,21272,0
sz300123,3873,5047,0
sz300124,2898,6552,0
sz300125,397,0,0
sz300126,0,0,0
sz300127,0,0,0
sz300128,0,0,0
sz300129,0,0,0
sz300130,450,1425,0
sz300131,0,7085,0
sz300132,0,0,0
sz300133,969,11800,0
sz300134,2380,3840,0
sz300135,0,0,0
sz300136,5871,13321,0
sz300137,2261,4155,0
sz300138,0,0,0
sz300139,0,0,0
sz300140,743,5441,719
sz300141,0,0,0
sz300142,18019,16912,508
sz300143,0,0,0
sz300144,3035,1969,821
sz300145,861,4193,0
sz300146,0,0,0
sz300147,5950,5061,0
sz300148,0,6978,0
sz300149,1290,1638,0
sz300150,2619,0,0
sz300151,0,0,0
sz300152,0,0,0
sz300153,0,0,0
sz300154,0,0,0
sz300155,0,0,0
sz300156,6431,9956,756
sz300157,10837,22137,0
sz300158,5760,3195,857
sz300159,14039,29007,2600
sz300160,0,0,0
sz300161,2891,12390,2415
sz300162,0,5292,0
sz300163,0,0,0
sz300164,1669,0,0
sz300165,0,0,0
sz300166,17783,43425,1872
sz300167,0,2512,0
sz300168,24787,70477,1613
sz300169,0,0,0
sz300170,15860,32593,611
sz300171,1514,0,0
sz300172,0,1407,0
sz300173,0,0,0
sz300174,0,0,0
sz300175,4062,11269,0
sz300176,611,1374,92
sz300177,0,0,0
sz300178,0,704,0
sz300179,2448,0,0
sz300180,0,0,0
sz300181,3840,8711,0
sz300182,5441,13877,1449
sz300183,0,1773,0
sz300184,34177,124528,1099
sz300185,22643,24070,0
sz300187,0,0,0
sz300188,7676,16614,0
sz300189,16400,7686,0
sz300190,0,1258,0
sz300191,39355,37340,7067
sz300192,1500,0,0
sz300193,0,0,0
sz300194,70093,46668,1633
sz300195,0,3163,0
sz300196,0,0,0
sz300197,5141,6200,0
sz300198,0,0,0
sz300199,5627,3925,0
sz300200,0,0,0
sz300201,0,1819,0
sz300202,2637,2516,0
sz300203,0,5065,0
sz300204,0,0,0
sz300205,6668,14431,0
sz300206,1605,1329,0
sz300207,0,12302,0
sz300208,1023,1493,0
sz300209,0,1196,0
sz300210,0,0,0
sz300211,0,0,0
sz300212,14512,18919,0
sz300213,3500,23243,0
sz300214,0,0,0
sz300215,0,2979,0
sz300216,18729,44202,1886
sz300217,8581,6792,0
sz300218,0,0,0
sz300219,1000,0,0
sz300220,0,0,0
sz300221,0,2385,0
sz300222,1021,9822,0
sz300223,35812,38245,3068
sz300224,0,0,0
sz300225,0,0,0
sz300226,2728,6358,290
sz300227,0,558,0
sz300228,0,2344,0
sz300229,0,7569,0
sz300230,0,879,0
sz300231,2597,23673,0
sz300232,1345,907,0
sz300233,1880,2322,0
sz300234,0,0,0
sz300235,0,0,0
sz300236,4945,12801,803
sz300237,0,0,0
sz300238,0,0,0
sz300239,0,0,0
sz300240,0,0,0
sz300241,0,691,0
sz300242,0,1680,0
sz300243,0,0,0
sz300244,1829,7272,0
sz300245,0,0,0
sz300246,0,889,0
sz300247,8950,2305,0
sz300248,0,894,0
sz300249,9373,19822,1364
sz300250,0,1143,0
sz300251,11374,33301,0
sz300252,0,875,0
sz300253,64660,83029,3237
sz300254,10500,32266,0
sz300255,2181,14982,0
sz300256,0,0,0
sz300257,606,965,0
sz300258,0,0,0
sz300259,8063,36955,0
sz300260,0,0,0
sz300261,0,0,0
sz300262,0,6189,0
sz300263,3488,11666,0
sz300264,0,0,0
sz300265,0,0,0
sz300266,0,0,0
sz300267,37377,22086,1363
sz300268,0,0,0
sz300269,0,0,0
sz300270,0,0,0
sz300271,21648,39191,3130
sz300272,1059,1191,0
sz300273,7772,8469,0
sz300274,1866,9847,655
sz300275,1080,0,0
sz300276,1100,4094,0
sz300277,0,1350,0
sz300278,8581,40028,0
sz300279,0,0,0
sz300280,0,0,0
sz300281,0,0,0
sz300282,1449,0,0
sz300283,0,0,0
sz300284,0,659,0
sz300285,0,2365,0
sz300286,3989,4722,0
sz300287,9759,30179,0
sz300288,435,1785,0
sz300289,1900,2072,0
sz300290,0,0,0
sz300291,0,0,0
sz300292,0,0,0
sz300293,0,0,0
sz300294,5867,5548,0
sz300295,0,0,0
sz300296,9347,14834,1034
sz300297,0,4037,0
sz300298,1605,1943,0
sz300299,0,2244,0
sz300300,3835,11599,0
sz300301,0,2147,0
sz300302,3322,15643,0
sz300303,0,3771,0
sz300304,2659,1913,2050
sz300305,0,0,0
sz300306,0,1040,0
sz300307,0,2438,0
sz300308,3370,1641,193
sz300309,0,2048,0
sz300310,1994,8739,0
sz300311,0,800,0
sz300312,0,0,0
sz300313,0,0,0
sz300314,0,0,0
sz300315,14969,88074,0
sz300316,14655,21829,1100
sz300317,0,0,0
sz300318,1820,0,0
sz300319,0,3000,0
sz300320,0,0,0
sz300321,0,0,0
sz300322,0,2326,0
sz300323,4740,14644,497
sz300324,3137,13472,0
sz300325,0,0,0
sz300326,4838,0,0
sz300327,5350,6272,0
sz300328,0,1100,0
sz300329,0,0,0
sz300330,0,0,0
sz300331,0,1034,0
sz300332,0,0,0
sz300333,0,7149,0
sz300334,1480,1407,0
sz300335,0,0,0
sz300336,2421,7337,0
sz300337,0,0,0
sz300338,0,0,0
sz300339,1224,4535,0
sz300340,795,608,233
sz300341,0,25222,0
sz300342,0,0,0
sz300343,1866,1636,0
sz300344,8076,6169,0
sz300345,0,0,0
sz300346,808,458,0
sz300347,4606,5497,217
sz300348,1142,2423,0
sz300349,1358,3585,0
sz300350,0,0,0
sz300351,0,0,0
sz300352,95986,208849,2684
sz300353,46400,80110,4099
sz300354,31257,36074,1769
sz300355,12437,16564,0
sz300356,0,12905,0
sz300357,402,0,0
sz300358,0,0,0
sz300359,2495,7697,0
sz300360,0,0,0
sz300362,1167,0,0
sz300363,11329,41527,2437
sz300364,3557,12072,0
sz300365,300,974,0
sz300366,0,2238,0
sz300367,6053,32011,0
sz300368,0,3383,0
sz300369,3635,4790,0
sz300370,0,0,0
sz300371,1315,0,0
sz300373,3166,10766,0
sz300374,894,0,0
sz300375,0,0,0
sz300376,16889,13864,0
sz300377,14450,39129,1149
sz300378,0,4097,0
sz300379,0,0,0
sz300380,0,1174,0
sz300381,0,0,0
sz300382,0,1108,0
sz300383,41181,65155,686
sz300384,0,0,0
sz300385,0,0,0
sz300386,0,3049,0
sz300387,0,0,0
sz300388,0,0,0
sz300389,0,630,0
sz300390,22851,38706,2433
sz300391,0,0,0
sz300392,0,0,0
sz300393,702,0,0
sz300394,0,0,0
sz300395,0,0,0
sz300396,0,0,0
sz300397,643,573,0
sz300398,610,1211,0
sz300399,0,0,0
sz300400,0,710,0
sz300401,2743,5261,0
sz300402,0,992,0
sz300403,843,1864,0
sz300404,1295,4121,0
sz300405,0,1470,0
sz300406,1459,628,0
sz300407,0,950,0
sz300408,2194,4268,0
sz300409,0,0,0
sz300410,0,0,0
sz300411,0,0,0
sz300412,1555,2493,0
sz300413,1615,1836,0
sz300414,2576,3580,0
sz300415,0,0,0
sz300416,0,0,0
sz300417,0,0,0
sz300418,81314,151651,5871
sz300419,0,0,0
sz300420,24116,4832,0
sz300421,850,608,0
sz300422,904,690,0
sz300423,0,0,0
sz300424,2178,2755,0
sz300425,1397,1094,0
sz300426,0,1315,0
sz300427,0,4650,0
sz300428,0,0,0
sz300429,0,0,0
sz300430,525,0,0
sz300431,1760,7982,0
sz300432,1270,676,0
sz300433,1845,4833,0
sz300434,0,0,0
sz300435,0,0,0
sz300436,5837,10496,749
sz300437,2485,1333,0
sz300438,0,0,0
sz300439,7757,3216,0
sz300440,0,1834,0
sz300441,0,0,0
sz300442,0,0,0
sz300443,10128,8445,0
sz300444,0,0,0
sz300445,0,0,0
sz300446,0,0,0
sz300447,600,0,0
sz300448,0,0,0
sz300449,5306,15383,0
sz300450,1574,2904,0
sz300451,4807,6853,0
sz300452,0,3579,0
sz300453,0,0,0
sz300455,0,0,0
sz300456,0,587,0
sz300457,400,2011,0
sz300458,2262,1972,1296
sz300459,0,0,0
sz300460,846,1598,0
sz300461,0,0,0
sz300462,0,0,0
sz300463,0,906,0
sz300464,0,0,0
sz300465,2084,4977,0
sz300466,0,3176,0
sz300467,0,0,0
sz300468,0,671,253
sz300469,989,755,0
sz300470,365,0,0
sz300471,0,8876,3020
sz300472,0,0,0
sz300473,0,0,0
sz300474,886,1319,0
sz300475,0,0,0
sz300476,13292,18974,0
sz300477,7538,15458,437
sz300478,0,285,0
sz300479,854,1082,0
sz300480,0,884,0
sz300481,0,0,0
sz300482,1122,1411,0
sz300483,0,0,0
sz300484,0,906,0
sz300485,911,1427,0
sz300486,0,0,0
sz300487,0,0,0
sz300488,0,0,0
sz300489,832,7942,0
sz300490,671,9505,0
sz300491,0,0,0
sz300492,0,0,0
sz300493,4004,9388,728
sz300494,0,1106,0
sz300495,4584,6268,0
sz300496,22709,51636,1208
sz300497,0,226,0
sz300498,16781,13268,1372
sz300499,0,0,0
sz300500,0,1239,0
sz300501,266,0,0
sz300502,0,1680,0
sz300503,0,4101,921
sz300504,0,0,0
sz300505,1718,937,0
sz300506,500,1800,0
sz300507,4207,3763,1091
sz300508,171,201,0
sz300509,0,0,0
sz300510,0,369,0
sz300511,485,579,0
sz300512,0,0,0
sz300513,0,0,0
sz300514,21175,55246,7099
sz300515,0,0,0
sz300516,0,388,0
sz300517,0,0,0
sz300518,0,0,0
sz300519,546,1048,0
sz300520,1054,7117,0
sz300521,0,0,0
sz300522,0,1386,0
sz300523,192,417,0
sz300525,214,324,0
sz300526,11112,1636,0
sz300527,4961,2099,0
sz300528,0,0,0
sz300529,678,644,0
sz300530,0,0,0
sz300531,0,919,0
sz300532,1660,1045,0
sz300533,0,0,0
sz300534,5017,2552,0
sz300535,343,0,0
sz300536,700,1425,0
sz300537,0,630,0
sz300538,0,0,0
sz300539,0,0,0
sz300540,2799,3013,0
sz300541,789,0,0
sz300542,0,2103,0
sz300543,0,0,0
sz300545,385,724,0
sz300546,0,0,0
sz300547,1072,666,0
sz300548,1644,6484,0
sz300549,0,0,0
sz300550,6050,5028,0
sz300551,0,0,0
sz300552,0,0,0
sz300553,0,0,0
sz300554,0,119,0
sz300555,0,0,0
sz300556,12400,31673,0
sz300557,874,3369,0
sz300558,5648,7556,517
sz300559,0,0,0
sz300560,0,636,0
sz300561,0,0,0
sz300562,1339,2686,0
sz300563,0,0,0
sz300565,511,1056,0
sz300566,0,0,0
sz300567,0,87,0
sz300568,306,641,0
sz300569,0,0,0
sz300570,676,1228,0
sz300571,1016,2022,0
sz300572,398,1431,0
sz300573,0,0,0
sz300575,0,0,0
sz300576,0,895,0
sz300577,0,0,0
sz300578,0,0,0
sz300579,508,857,0
sz300580,0,0,0
sz300581,301,393,0
sz300582,761,1491,0
sz300583,470,608,0
sz300584,4411,3347,176
sz300585,0,871,0
sz300586,0,0,0
sz300587,0,0,0
sz300588,704,0,0
sz300589,6155,4535,0
sz300590,0,1290,0
sz300591,3332,2827,0
sz300592,0,0,0
sz300593,1879,1520,0
sz300595,0,453,0
sz300596,0,0,0
sz300597,0,2384,0
sz300598,0,567,0
sz300599,0,0,0
sz300600,967,1958,0
sz300601,6186,7660,917
sz300602,413,249,0
sz300603,640,5757,326
sz300604,187,251,0
sz300605,0,0,0
sz300606,0,0,0
sz300607,0,0,0
sz300608,0,873,0
sz300609,0,1243,0
sz300610,0,0,0
sz300611,0,1851,0
sz300612,1003,1679,1084
sz300613,402,697,81
sz300615,0,0,0
sz300616,50,636,0
sz300617,0,0,0
sz300618,1823,2221,0
sz300619,1802,4613,1023
sz300620,799,0,0
sz300621,0,0,0
sz300622,1000,0,0
sz300623,672,176,0
sz300624,7778,29569,1579
sz300625,0,0,0
sz300626,0,861,0
sz300627,0,725,0
sz300628,4085,1663,143
sz300629,2282,6204,0
sz300630,0,529,0
sz300631,3541,4757,0
sz300632,0,4385,2239
sz300633,0,470,0
sz300634,0,0,0
sz300635,0,0,0
sz300636,0,0,0
sz300637,2264,36661,0
sz300638,570,636,0
sz300639,727,2441,0
sz300640,0,493,0
sz300641,0,0,0
sz300642,0,501,0
sz300643,0,0,0
sz300644,524,793,213
sz300645,2440,1192,0
sz300647,2014,2140,0
sz300648,4938,9192,529
sz300649,0,1090,0
sz300650,838,1119,0
sz300651,0,311,0
sz300652,0,0,0
sz300653,0,985,0
sz300654,344,0,0
sz300655,0,1958,0
sz300656,0,0,0
sz300657,2432,1067,0
sz300658,853,2693,0
sz300659,0,0,0
sz300660,0,0,0
sz300661,128,342,0
sz300662,0,0,0
sz300663,733,567,0
sz300664,9691,10908,1007
sz300665,0,830,0
sz300666,6363,8859,1479
sz300667,0,0,0
sz300668,0,134,0
sz300669,0,0,0
sz300670,0,8778,0
sz300671,782,1248,278
sz300672,14222,11831,0
sz300673,200,583,0
sz300675,638,2333,0
sz300676,1185,1176,63
sz300677,1672,2367,0
sz300678,0,2475,0
sz300679,118,122,0
sz300680,0,0,0
sz300681,0,0,0
sz300682,8644,16051,378
sz300683,282,376,290
sz300684,2467,19169,0
sz300685,512,751,0
sz300686,0,1346,0
sz300687,0,195,0
sz300688,1856,4143,308
sz300689,0,0,0
sz300690,272,0,0
sz300691,391,0,0
sz300692,22629,21667,2948
sz300693,0,535,0
sz300695,0,0,0
sz300696,16786,11801,514
sz300697,1445,1203,0
sz300698,4140,5103,0
sz300699,4018,2790,1568
sz300700,724,408,0
sz300701,19334,16184,1820
sz300702,1671,1955,0
sz300703,0,820,0
sz300705,34419,26755,1392
sz300706,1547,1401,0
sz300707,2063,1366,264
sz300708,8898,8332,0
sz300709,208,873,0
sz300710,0,960,0
sz300711,3946,5206,0
sz300712,0,1464,0
sz300713,0,338,0
sz300715,2961,3106,290
sz300716,3621,1977,0
sz300717,0,950,0
sz300718,264,400,0
sz300719,20843,21176,1526
sz300720,4610,4672,425
sz300721,4490,2396,513
sz300722,13132,25376,3646
sz300723,15684,32997,1190
sz300725,2045,3102,297
sz300726,25865,21442,3789
sz300727,22321,29620,2398
sz300729,576,600,0
sz300730,1833,4427,531
sz300731,15429,13104,0
sz300732,160,729,0
sz300733,1201,4049,0
sz300735,9645,17671,3369
sz300736,438,416,0
sz300737,1466,3025,0
sz300738,3853,1198,0
sz300739,0,1170,0
sz300740,1412,3303,398
sz300741,252,981,0
sh600000,18308,31468,0
sh600004,6358,1747,0
sh600006,0,0,0
sh600007,0,0,0
sh600008,10693,28773,0
sh600009,3034,6795,0
sh600010,42375,16303,0
sh600011,0,3891,0
sh600015,2614,11041,0
sh600016,115918,94973,0
sh600017,0,0,0
sh600018,86172,41534,0
sh600019,25551,79472,0
sh600020,0,2968,0
sh600021,0,0,0
sh600022,0,0,0
sh600023,0,4815,0
sh600025,0,48385,0
sh600026,0,1882,0
sh600027,6398,8052,0
sh600028,223116,157673,0
sh600029,116872,104078,1307
sh600030,407331,473581,12881
sh600031,33730,67226,0
sh600033,3987,5392,0
sh600035,4700,0,0
sh600036,79002,61349,927
sh600037,6084,0,0
sh600038,18450,13044,1830
sh600039,0,0,0
sh600048,216207,190271,5583
sh600050,77040,223065,0
sh600051,0,0,0
sh600052,0,0,0
sh600053,0,571,0
sh600054,3102,0,0
sh600055,2827,0,0
sh600056,12728,6929,0
sh600057,0,0,0
sh600058,33657,40904,0
sh600059,0,4155,0
sh600060,2301,6023,0
sh600061,932,10426,0
sh600062,27784,24385,940
sh600063,0,8346,0
sh600064,0,906,0
sh600066,1674,5880,0
sh600067,1849,0,0
sh600068,9447,27060,0
sh600069,0,0,0
sh600070,0,0,0
sh600071,0,0,0
sh600072,16713,4900,0
sh600073,1374,0,0
sh600074,0,0,0
sh600075,0,0,0
sh600076,0,0,0
sh600077,3870,0,0
sh600078,0,0,0
sh600079,22145,22165,1580
sh600080,0,1046,0
sh600081,0,0,0
sh600082,0,2090,0
sh600083,0,0,0
sh600084,0,0,0
sh600085,47970,36751,4110
sh600086,0,0,0
sh600088,1000,1685,0
sh600089,11964,9426,0
sh600090,1349,10662,0
sh600091,0,0,0
sh600093,1634,12676,0
sh600094,0,0,0
sh600095,17858,18019,1623
sh600096,0,0,0
sh600097,0,0,0
sh600098,0,0,0
sh600099,0,0,0
sh600100,18874,88048,0
sh600101,0,0,0
sh600103,0,0,0
sh600104,34160,17665,2936
sh600105,4466,2203,0
sh600106,2600,0,0
sh600107,0,0,0
sh600108,51387,9080,0
sh600109,56015,70721,0
sh600110,3320,16545,0
sh600111,36403,27723,2021
sh600112,0,0,0
sh600114,1365,0,0
sh600115,9971,39117,0
sh600116,1600,0,0
sh600117,0,0,0
sh600118,11945,12092,0
sh600119,11331,2255,0
sh600120,0,0,0
sh600121,1948,0,0
sh600122,52074,8312,0
sh600123,3798,2000,0
sh600125,3106,9419,0
sh600126,0,1716,0
sh600127,4510,0,0
sh600128,0,0,0
sh600129,0,0,0
sh600130,0,0,0
sh600131,0,0,0
sh600132,1190,10358,0
sh600133,0,0,0
sh600135,3493,5483,0
sh600136,0,2219,0
sh600137,0,0,0
sh600138,6771,7205,0
sh600139,0,4046,0
sh600141,3944,3421,0
sh600143,0,2000,0
sh600145,0,0,0
sh600146,2179,0,0
sh600148,0,0,0
sh600149,0,2700,0
sh600150,37940,35736,7292
sh600151,39259,32606,0
sh600152,0,0,0
sh600153,923,0,0
sh600155,0,0,0
sh600156,0,0,0
sh600157,225305,164602,0
sh600158,0,0,0
sh600159,0,0,0
sh600160,15954,25166,1351
sh600161,2259,954,0
sh600162,0,0,0
sh600163,0,0,0
sh600165,0,0,0
sh600167,0,1514,0
sh600168,0,0,0
sh600169,3665,4021,0
sh600170,0,7691,0
sh600171,23183,22148,792
sh600172,4854,32953,0
sh600173,0,0,0
sh600175,3003,13763,0
sh600176,29299,20049,1171
sh600177,0,0,0
sh600178,0,0,0
sh600179,4773,3930,0
sh600180,0,0,0
sh600182,0,0,0
sh600183,22596,45338,0
sh600184,0,0,0
sh600185,0,0,0
sh600186,0,0,0
sh600187,13615,9887,0
sh600188,2672,5174,0
sh600189,0,0,0
sh600191,0,0,0
sh600193,0,0,0
sh600196,45923,59597,4222
sh600198,0,8173,0
sh600200,4069,0,0
sh600201,3876,4407,0
sh600202,0,0,0
sh600203,2376,0,0
sh600206,51091,69001,5381
sh600207,56395,30317,1644
sh600208,9646,48840,0
sh600209,13258,33736,0
sh600210,3312,4371,0
sh600211,2094,2313,0
sh600212,0,0,0
sh600213,0,0,0
sh600215,0,0,0
sh600216,5569,4263,0
sh600217,0,0,0
sh600218,0,0,0
sh600219,32130,34599,0
sh600220,26711,0,10048
sh600221,0,0,0
sh600222,19500,68529,0
sh600223,0,0,0
sh600225,0,0,0
sh600226,0,0,0
sh600227,4121,0,0
sh600228,0,0,0
sh600229,0,0,0
sh600230,1264,1194,0
sh600231,0,3653,0
sh600232,0,0,0
sh600233,0,0,0
sh600234,0,0,0
sh600235,0,0,0
sh600236,0,0,0
sh600237,2174,2200,0
sh600238,2927,0,0
sh600239,0,3000,0
sh600240,0,1275,0
sh600241,0,0,0
sh600242,0,0,0
sh600243,0,0,0
sh600246,0,0,0
sh600247,0,0,0
sh600248,0,0,0
sh600249,0,0,0
sh600250,0,0,0
sh600251,4856,2181,0
sh600252,27335,29537,0
sh600255,0,0,0
sh600256,0,0,0
sh600257,0,0,0
sh600258,4771,2935,0
sh600259,0,0,0
sh600260,3310,10149,378
sh600261,0,0,0
sh600262,2611,622,0
sh600265,0,0,0
sh600266,2001,1717,0
sh600267,6343,13219,0
sh600268,0,2070,0
sh600269,0,4487,0
sh600270,1969,743,0
sh600271,101636,193085,14083
sh600272,0,0,0
sh600273,1444,3149,0
sh600275,0,0,0
sh600276,19667,21619,2470
sh600277,0,0,0
sh600278,0,0,0
sh600279,0,0,0
sh600280,6176,2000,2518
sh600281,0,0,0
sh600282,6646,52453,0
sh600283,0,0,0
sh600284,0,7426,0
sh600285,5056,5848,0
sh600287,0,0,0
sh600288,0,0,0
sh600289,0,0,0
sh600290,0,0,0
sh600291,1929,3029,0
sh600292,0,0,0
sh600293,0,0,0
sh600295,0,0,0
sh600297,0,0,0
sh600298,6073,3396,605
sh600299,1056,0,0
sh600300,2964,0,0
sh600301,0,0,0
sh600302,0,0,0
sh600303,0,0,0
sh600305,1276,0,0
sh600306,1391,0,0
sh600307,0,17186,0
sh600308,0,0,0
sh600309,0,0,0
sh600310,0,0,0
sh600311,16092,26118,0
sh600312,0,2699,0
sh600313,49263,24569,0
sh600315,16942,6847,601
sh600316,46145,14678,2680
sh600317,0,4459,0
sh600318,0,0,0
sh600319,0,0,0
sh600320,0,0,0
sh600321,0,0,0
sh600322,0,2000,0
sh600323,0,0,0
sh600325,7455,26818,0
sh600326,0,1256,0
sh600327,0,0,0
sh600328,0,1165,0
sh600329,1465,1428,0
sh600330,0,5980,0
sh600331,0,0,0
sh600332,3141,2076,0
sh600333,0,2976,0
sh600335,0,0,0
sh600336,0,4448,0
sh600337,0,0,0
sh600338,682,369,0
sh600339,0,0,0
sh600340,8772,11600,513
sh600343,20304,7076,0
sh600345,52281,74584,19475
sh600346,1803,13918,0
sh600348,3561,14387,0
sh600350,2024,5620,0
sh600351,3687,1626,0
sh600352,21449,27057,0
sh600353,0,0,0
sh600354,119470,65362,5830
sh600355,4607,0,0
sh600356,0,0,0
sh600358,6904,0,0
sh600359,23207,30077,0
sh600360,71077,53820,1830
sh600361,0,0,0
sh600362,4485,23739,0
sh600363,0,0,0
sh600365,1434,1552,0
sh600366,0,700,0
sh600367,0,0,0
sh600368,2000,0,0
sh600369,0,3124,0
sh600370,0,0,0
sh600371,3405,2078,0
sh600372,5811,4749,0
sh600373,0,1844,0
sh600375,0,0,0
sh600376,0,1328,0
sh600377,0,1200,0
sh600378,0,878,0
sh600379,0,0,0
sh600380,8026,7805,1358
sh600381,1926,0,0
sh600382,0,0,0
sh600383,14686,8944,0
sh600385,0,0,0
sh600386,0,0,0
sh600387,1371,0,0
sh600388,1801,0,0
sh600389,0,0,0
sh600390,0,0,0
sh600391,30895,39399,1168
sh600392,47157,27699,1929
sh600393,0,0,0
sh600395,0,0,0
sh600396,0,0,0
sh600397,0,0,0
sh600398,8121,5739,0
sh600399,0,0,0
sh600400,0,0,0
sh600401,0,0,0
sh600403,2374,0,0
sh600405,0,0,0
sh600406,4340,19730,0
sh600408,12094,0,0
sh600409,69110,36675,0
sh600410,19201,37753,2129
sh600415,0,6040,0
sh600416,3516,8829,0
sh600418,1811,0,0
sh600419,0,0,0
sh600420,0,2111,0
sh600421,0,0,0
sh600422,4108,7149,0
sh600423,0,0,0
sh600425,0,0,0
sh600426,6877,10671,839
sh600428,0,8157,0
sh600429,0,0,0
sh600433,0,7294,0
sh600435,33936,15253,1171
sh600436,2457,2498,202
sh600438,18449,11944,0
sh600439,14117,11814,1633
sh600444,0,672,0
sh600446,1449,8740,0
sh600448,0,0,0
sh600449,0,0,0
sh600452,0,0,0
sh600455,0,0,0
sh600456,952,500,0
sh600458,0,0,0
sh600459,730,0,0
sh600460,105601,89173,4607
sh600461,0,0,0
sh600462,0,9796,0
sh600463,0,1928,0
sh600466,3929,4487,0
sh600467,9708,0,0
sh600468,0,0,0
sh600469,0,0,0
sh600470,0,0,0
sh600475,0,0,0
sh600476,0,0,0
sh600477,30267,20275,2330
sh600478,4429,8914,0
sh600479,0,0,0
sh600480,822,1586,0
sh600481,0,0,0
sh600482,38422,19821,618
sh600483,0,0,0
sh600485,0,0,0
sh600486,471,0,0
sh600487,23823,43273,0
sh600488,0,0,0
sh600489,82400,77111,0
sh600490,6536,9253,0
sh600491,2589,3367,0
sh600493,0,0,0
sh600495,1950,0,0
sh600496,0,0,0
sh600497,5152,20201,0
sh600498,3409,5671,0
sh600499,18905,54452,0
sh600500,3001,3867,0
sh600501,0,0,0
sh600502,0,0,0
sh600503,8888,17023,0
sh600505,0,0,0
sh600506,0,0,0
sh600507,38051,47899,2389
sh600508,0,0,0
sh600509,0,4337,0
sh600510,0,0,0
sh600511,5655,7880,472
sh600512,0,0,0
sh600513,0,3142,0
sh600515,0,0,0
sh600516,46533,63112,928
sh600517,0,0,0
sh600518,16352,5805,0
sh600519,21864,16214,2867
sh600520,498,1570,696
sh600521,36238,36893,1074
sh600522,15210,23309,0
sh600523,1424,3399,0
sh600525,8854,6050,0
sh600526,0,0,0
sh600527,0,5700,0
sh600528,8310,1912,0
sh600529,17850,3875,0
sh600530,0,0,0
sh600531,18918,5774,0
sh600532,2311,0,0
sh600533,2630,0,0
sh600535,9554,12896,0
sh600536,4169,9692,0
sh600537,0,0,0
sh600538,0,0,0
sh600539,170465,40775,0
sh600540,0,0,0
sh600543,0,0,0
sh600545,0,0,0
sh600546,0,0,0
sh600547,126670,98183,3706
sh600548,0,0,0
sh600549,15716,29579,2886
sh600550,0,0,0
sh600551,0,0,0
sh600552,4202,0,0
sh600555,0,11240,0
sh600556,0,0,0
sh600557,0,2671,0
sh600558,0,2170,0
sh600559,2332,403,0
sh600560,2595,4711,0
sh600561,0,0,0
sh600562,3000,3459,0
sh600563,967,1048,0
sh600565,0,8027,0
sh600566,1271,572,0
sh600567,10576,11748,0
sh600568,0,0,0
sh600569,0,16956,0
sh600570,48926,71957,9582
sh600571,12202,6567,0
sh600572,5114,4698,0
sh600573,0,0,0
sh600575,0,0,0
sh600576,0,0,0
sh600577,7890,13269,0
sh600578,0,0,0
sh600579,0,0,0
sh600580,0,2009,5001
sh600581,17236,32431,1745
sh600582,2469,0,0
sh600583,0,11930,0
sh600584,22372,42478,1936
sh600585,124006,169194,7457
sh600586,0,0,0
sh600587,666,7858,0
sh600588,61159,76310,5520
sh600589,0,4500,0
sh600590,0,0,0
sh600592,1793,4503,0
sh600593,0,0,0
sh600594,9549,4868,0
sh600595,13976,3800,0
sh600596,30631,9951,0
sh600597,7515,995,0
sh600598,372011,268013,9902
sh600599,696,0,0
sh600600,3158,7078,0
sh600601,0,0,0
sh600602,0,12111,0
sh600603,0,0,0
sh600604,1756,3528,0
sh600605,0,0,0
sh600606,43657,117039,0
sh600608,0,1980,0
sh600609,0,0,0
sh600610,0,0,0
sh600611,8177,3772,0
sh600612,251,255,0
sh600613,0,2562,0
sh600614,0,0,0
sh600615,0,0,0
sh600616,0,0,0
sh600617,0,0,0
sh600618,0,0,0
sh600619,0,0,0
sh600620,0,0,0
sh600621,38875,31601,2596
sh600622,0,0,0
sh600623,0,0,0
sh600624,0,0,0
sh600626,0,0,0
sh600628,0,0,0
sh600629,0,0,0
sh600630,0,0,0
sh600633,0,824,0
sh600634,5322,9616,0
sh600635,5932,32602,0
sh600636,0,1005,0
sh600637,6386,3589,0
sh600638,0,0,0
sh600639,0,0,0
sh600640,1523,1074,0
sh600641,0,3225,0
sh600642,0,2000,1910
sh600643,4403,5010,0
sh600644,0,0,0
sh600645,8079,2637,0
sh600647,0,1700,0
sh600648,608,602,0
sh600649,0,0,0
sh600650,0,0,0
sh600651,0,0,0
sh600652,0,2946,0
sh600653,5602,4880,0
sh600654,0,0,0
sh600655,0,0,0
sh600657,0,0,0
sh600658,0,0,0
sh600660,9210,11500,0
sh600661,0,500,0
sh600662,0,1980,0
sh600663,0,0,0
sh600664,41854,9122,0
sh600665,0,0,0
sh600666,0,0,0
sh600667,12269,15024,0
sh600668,0,1630,0
sh600671,8928,3600,0
sh600673,6697,23282,0
sh600674,7429,2876,0
sh600675,0,0,0
sh600676,0,2200,0
sh600677,1202,2275,0
sh600678,0,0,0
sh600679,0,0,0
sh600680,0,0,0
sh600681,0,0,0
sh600682,0,0,0
sh600683,0,0,0
sh600684,0,1980,0
sh600685,2092,4213,0
sh600686,1525,3590,0
sh600687,0,1011,0
sh600688,7367,4270,0
sh600689,1717,1038,0
sh600690,73754,57887,967
sh600691,24202,17641,0
sh600692,22499,39457,0
sh600693,0,0,0
sh600694,0,0,0
sh600695,0,0,0
sh600696,0,0,0
sh600697,0,0,0
sh600698,0,4030,0
sh600699,0,572,0
sh600701,0,0,0
sh600702,10229,3006,324
sh600703,111557,163797,6626
sh600704,0,17076,0
sh600705,8254,13529,0
sh600706,844,704,0
sh600707,0,0,0
sh600708,0,8170,0
sh600710,0,0,0
sh600711,0,0,0
sh600712,0,0,0
sh600713,0,4000,0
sh600714,0,0,0
sh600715,2399,6002,0
sh600716,2601,0,0
sh600717,0,2918,0
sh600718,25283,60757,0
sh600719,0,0,0
sh600720,25100,61045,1201
sh600721,12987,96429,0
sh600722,9631,0,0
sh600723,0,0,0
sh600724,0,0,0
sh600725,0,0,0
sh600726,0,0,0
sh600727,0,0,0
sh600728,29770,89854,0
sh600729,0,0,0
sh600730,0,1826,0
sh600731,0,0,0
sh600732,0,0,0
sh600733,0,0,0
sh600734,0,0,0
sh600735,0,0,0
sh600736,0,8989,0
sh600737,10690,3079,0
sh600738,0,0,0
sh600739,1601,9628,0
sh600740,30585,19346,1186
sh600741,10981,9797,0
sh600742,726,1828,0
sh600743,0,4014,0
sh600744,0,0,0
sh600745,1581,2867,0
sh600746,0,0,0
sh600747,0,5000,0
sh600748,0,0,0
sh600749,632,745,0
sh600750,3835,1796,0
sh600751,0,0,0
sh600753,0,0,0
sh600754,918,406,0
sh600755,8367,32964,0
sh600756,4530,8892,0
sh600757,1694,0,0
sh600758,0,0,0
sh600759,0,0,0
sh600760,66367,50613,3255
sh600761,0,1303,0
sh600763,1465,3121,0
sh600764,1690,681,0
sh600765,8869,8282,0
sh600766,1287,4312,0
sh600767,0,0,0
sh600768,0,0,0
sh600769,3692,10213,0
sh600770,0,2514,0
sh600771,1543,2042,201
sh600773,0,2114,0
sh600774,0,0,0
sh600775,0,0,0
sh600776,1578,0,0
sh600777,0,0,0
sh600778,0,0,0
sh600779,12452,3753,636
sh600780,0,0,0
sh600781,1066,1124,0
sh600782,2131,19338,0
sh600783,0,2001,0
sh600784,0,0,0
sh600785,0,0,0
sh600787,2366,6647,0
sh600789,18302,33675,0
sh600790,0,2001,0
sh600791,0,0,0
sh600792,0,0,0
sh600793,0,0,0
sh600794,0,0,0
sh600795,40542,85336,0
sh600796,0,0,0
sh600797,14401,22869,1819
sh600798,0,0,0
sh600800,0,0,0
sh600801,28880,28294,2860
sh600802,1492,0,0
sh600803,1013,5509,0
sh600804,8316,11278,0
sh600805,0,0,0
sh600807,0,0,0
sh600808,45709,57079,0
sh600809,31295,15804,693
sh600810,5282,6140,0
sh600811,0,0,0
sh600812,0,0,0
sh600814,0,0,0
sh600815,0,0,0
sh600816,0,8411,0
sh600817,0,0,0
sh600818,0,0,0
sh600819,0,0,0
sh600820,0,1981,0
sh600821,0,0,0
sh600822,2912,1122,0
sh600823,2661,20483,0
sh600824,0,0,0
sh600825,2000,2195,0
sh600826,0,0,0
sh600827,0,2326,0
sh600828,0,0,0
sh600829,0,0,0
sh600830,0,0,0
sh600831,0,0,0
sh600833,0,0,0
sh600834,0,0,0
sh600835,2352,2171,0
sh600836,0,0,0
sh600837,78494,74098,0
sh600838,0,1105,0
sh600839,0,27996,0
sh600841,0,0,0
sh600843,0,0,0
sh600844,6297,4799,0
sh600845,0,2335,0
sh600846,1121,7451,0
sh600847,0,0,0
sh600848,7941,14469,664
sh600850,0,1614,0
sh600851,1000,0,0
sh600853,0,0,0
sh600854,2243,0,0
sh600855,5562,7592,0
sh600856,0,0,0
sh600857,0,0,0
sh600858,0,0,0
sh600859,0,801,0
sh600860,1652,2330,0
sh600861,0,0,0
sh600862,2116,0,0
sh600863,0,0,0
sh600864,0,0,0
sh600865,0,0,0
sh600866,0,0,0
sh600867,16886,35764,1458
sh600868,7545,6136,0
sh600869,0,6029,0
sh600870,0,0,0
sh600871,0,0,0
sh600872,17112,6090,1143
sh600873,0,23951,0
sh600874,14243,15928,905
sh600875,1628,10170,0
sh600876,993,0,0
sh600877,0,0,0
sh600879,96226,64496,0
sh600880,0,0,0
sh600881,0,2500,0
sh600882,0,0,0
sh600883,0,0,0
sh600884,5684,14011,0
sh600885,2094,962,0
sh600886,3929,1681,0
sh600887,346673,333669,19865
sh600888,2000,0,0
sh600889,0,0,0
sh600890,0,1000,0
sh600891,0,0,0
sh600892,0,0,0
sh600893,63400,49970,5952
sh600894,0,0,0
sh600895,756,2970,0
sh600896,0,2010,0
sh600897,0,0,0
sh600898,0,0,0
sh600900,2177,2134,0
sh600901,4694,25896,0
sh600903,93261,122415,26232
sh600908,0,0,0
sh600909,0,5388,0
sh600917,0,0,0
sh600919,16219,23582,0
sh600926,2122,5070,0
sh600929,0,1871,0
sh600933,784,798,0
sh600936,0,0,0
sh600939,0,0,0
sh600958,0,3052,0
sh600959,3819,0,0
sh600960,0,0,0
sh600961,0,1282,0
sh600962,1877,5793,0
sh600963,0,3655,0
sh600965,0,0,0
sh600966,0,1893,0
sh600967,7943,15024,1799
sh600969,0,0,0
sh600970,5495,20482,0
sh600971,0,3101,0
sh600973,0,0,0
sh600975,13933,6620,0
sh600976,0,450,0
sh600977,704,612,0
sh600978,0,0,0
sh600979,3685,0,0
sh600980,0,690,0
sh600981,0,0,0
sh600982,0,0,0
sh600983,0,0,0
sh600984,1776,4254,0
sh600985,0,0,0
sh600986,0,9891,0
sh600987,0,0,0
sh600988,183033,161642,0
sh600990,7701,4977,201
sh600992,0,0,0
sh600993,3054,4786,0
sh600995,0,1277,0
sh600996,0,0,0
sh600997,0,0,0
sh600998,9874,1010,0
sh600999,1882,7865,0
sh601000,0,0,0
sh601001,2418,0,0
sh601002,3328,2758,0
sh601003,2898,0,0
sh601005,0,10607,0
sh601006,44362,57574,0
sh601007,0,0,0
sh601008,0,0,0
sh601009,66711,32133,0
sh601010,0,0,0
sh601011,10836,5217,0
sh601012,34945,52029,1513
sh601015,0,0,0
sh601016,0,4704,0
sh601018,12651,4341,0
sh601019,0,0,0
sh601020,5145,12008,605
sh601021,764,0,0
sh601028,0,0,0
sh601038,0,0,0
sh601058,0,0,0
sh601069,108625,75319,5801
sh601086,4309,6712,0
sh601088,6532,11887,0
sh601098,0,0,0
sh601099,13467,34412,0
sh601100,666,2854,0
sh601101,1690,1946,0
sh601106,0,0,0
sh601107,0,0,0
sh601108,4526,4460,0
sh601111,23029,54412,0
sh601113,12210,800,0
sh601116,4206,2357,0
sh601117,0,5811,0
sh601118,210622,164157,9986
sh601126,0,0,0
sh601127,0,0,0
sh601128,0,2444,0
sh601137,0,0,0
sh601139,1451,0,0
sh601155,14479,9036,0
sh601158,0,1951,0
sh601163,0,0,0
sh601166,82938,119743,0
sh601168,5282,2000,0
sh601169,7099,1634,1637
sh601177,0,0,0
sh601179,0,0,0
sh601186,2716,3257,0
sh601188,0,0,0
sh601198,823,1694,0
sh601199,0,0,0
sh601200,0,703,0
sh601208,0,0,0
sh601211,9169,8746,0
sh601212,7496,6843,0
sh601216,0,0,0
sh601218,0,0,0
sh601222,0,0,0
sh601225,84852,49680,0
sh601226,0,0,0
sh601228,23824,6793,0
sh601229,8158,6030,0
sh601231,0,3015,0
sh601233,13509,11329,0
sh601238,4206,9454,0
sh601258,0,19868,0
sh601288,625301,776762,0
sh601311,0,0,0
sh601318,217271,237730,24377
sh601326,1931,2323,0
sh601328,107802,92741,2444
sh601333,0,23439,0
sh601336,29243,22313,526
sh601339,0,0,0
sh601360,44319,48333,13154
sh601366,0,0,0
sh601368,0,0,0
sh601369,1268,1191,0
sh601375,2002,10298,0
sh601377,5238,7413,0
sh601388,0,16675,0
sh601390,5086,5209,0
sh601398,418071,441669,0
sh601500,0,0,0
sh601515,0,0,0
sh601518,0,0,0
sh601519,0,0,0
sh601555,0,0,0
sh601558,0,18125,0
sh601566,0,0,0
sh601567,0,0,0
sh601579,0,0,0
sh601588,0,0,0
sh601595,0,0,0
sh601599,0,0,0
sh601600,281605,398237,0
sh601601,48003,42536,1875
sh601607,62326,51420,0
sh601608,4000,12137,0
sh601611,1335,5641,0
sh601616,0,0,0
sh601618,13486,22743,0
sh601619,0,0,0
sh601628,2842,5766,0
sh601633,0,2050,0
sh601636,34793,102236,0
sh601666,18662,16089,0
sh601668,58065,116524,0
sh601669,0,3550,0
sh601677,0,0,0
sh601678,3932,6048,0
sh601688,58911,61727,2959
sh601689,0,659,0
sh601699,21991,30337,0
sh601700,0,6638,0
sh601717,1615,0,0
sh601718,3000,5826,0
sh601727,4618,4525,0
sh601766,28611,42682,0
sh601777,0,0,0
sh601788,0,1948,0
sh601789,0,0,0
sh601798,0,0,0
sh601799,414,0,0
sh601800,3066,1092,0
sh601801,5366,1213,0
sh601808,990,1000,0
sh601811,0,0,0
sh601818,80169,133526,0
sh601828,0,0,0
sh601838,6656,7357,0
sh601857,35886,35460,0
sh601858,0,0,0
sh601866,0,5006,0
sh601872,0,0,0
sh601877,7440,4847,0
sh601878,0,1647,0
sh601880,0,0,0
sh601881,17776,20675,0
sh601882,0,0,0
sh601886,1106,1173,0
sh601888,11179,15629,2708
sh601890,42191,5051,2362
sh601898,0,2301,0
sh601899,408873,362127,0
sh601900,0,0,0
sh601901,0,0,0
sh601908,0,0,0
sh601918,3300,14140,0
sh601919,0,14040,0
sh601928,0,0,0
sh601929,0,0,0
sh601933,96770,119582,1024
sh601939,193218,270220,3001
sh601949,0,2164,0
sh601952,23521,12794,0
sh601958,0,0,0
sh601965,0,0,0
sh601966,0,0,0
sh601968,0,0,0
sh601969,1420,0,0
sh601985,23413,1915,0
sh601988,206988,301575,0
sh601989,421369,298525,0
sh601991,0,4016,0
sh601992,2481,28945,0
sh601996,0,0,0
sh601997,6545,12015,0
sh601998,24588,20814,0
sh601999,0,0,0
sh603000,0,4056,0
sh603001,0,0,0
sh603002,0,0,0
sh603003,0,0,0
sh603005,0,784,667
sh603006,0,0,0
sh603007,0,0,0
sh603008,0,2400,0
sh603009,0,1029,0
sh603010,2299,400,0
sh603011,0,0,0
sh603012,0,0,0
sh603015,0,0,0
sh603016,2578,0,0
sh603017,0,0,0
sh603018,0,0,0
sh603019,40817,37389,2259
sh603020,0,0,0
sh603021,0,0,0
sh603022,0,0,0
sh603023,0,0,0
sh603025,0,0,0
sh603026,0,501,0
sh603027,0,0,0
sh603028,1075,1208,0
sh603029,0,913,0
sh603030,0,0,0
sh603031,468,0,0
sh603032,0,0,0
sh603033,0,0,0
sh603035,0,0,0
sh603036,1720,2885,0
sh603037,0,0,0
sh603038,0,0,0
sh603039,204,103,0
sh603040,0,0,0
sh603041,0,0,0
sh603042,0,380,0
sh603043,600,0,0
sh603050,0,0,0
sh603055,0,0,0
sh603056,1697,7120,0
sh603058,1314,1751,0
sh603059,938,650,0
sh603060,0,0,0
sh603063,0,675,605
sh603066,0,0,0
sh603067,0,0,0
sh603069,4036,3158,0
sh603076,388,0,0
sh603077,8074,0,0
sh603078,0,279,0
sh603079,500,520,0
sh603080,26349,21930,2691
sh603081,8156,12183,557
sh603083,0,381,0
sh603085,0,0,0
sh603086,0,0,0
sh603088,0,0,0
sh603089,0,0,0
sh603090,0,0,0
sh603096,158,353,0
sh603098,0,0,0
sh603099,0,0,0
sh603100,0,0,0
sh603101,807,0,0
sh603103,702,658,0
sh603106,524,781,0
sh603108,0,4259,0
sh603110,0,0,0
sh603111,0,0,0
sh603113,0,0,0
sh603116,0,0,0
sh603117,0,0,0
sh603118,0,0,0
sh603123,0,0,0
sh603126,0,0,0
sh603127,1374,3058,583
sh603128,27509,44453,3708
sh603129,0,0,0
sh603131,0,520,0
sh603133,1056,464,0
sh603136,0,0,0
sh603138,0,708,0
sh603139,1319,989,641
sh603156,12201,4171,493
sh603157,0,0,0
sh603158,0,0,0
sh603159,0,0,0
sh603160,0,544,220
sh603161,3747,1080,0
sh603165,1054,510,0
sh603166,0,0,0
sh603167,0,0,0
sh603168,1952,5122,0
sh603169,0,0,0
sh603177,0,0,0
sh603178,0,0,0
sh603179,0,0,0
sh603180,0,370,0
sh603181,1117,0,0
sh603183,0,0,0
sh603186,0,0,0
sh603188,1799,960,0
sh603189,0,0,0
sh603196,0,0,0
sh603197,367,0,0
sh603198,667,1533,0
sh603199,0,0,0
sh603200,0,0,0
sh603203,0,0,0
sh603208,0,310,0
sh603214,0,0,0
sh603218,0,0,0
sh603222,0,0,0
sh603223,0,0,0
sh603225,506,0,0
sh603226,0,0,0
sh603227,0,0,0
sh603228,0,202,0
sh603229,0,21748,0
sh603232,0,0,0
sh603233,0,0,0
sh603238,0,0,0
sh603239,0,655,0
sh603258,0,0,0
sh603260,3701,5329,565
sh603266,440,543,0
sh603268,0,0,0
sh603269,0,0,0
sh603277,0,0,0
sh603278,0,0,0
sh603283,1155,1510,0
sh603286,0,886,0
sh603288,1364,502,0
sh603289,1161,0,0
sh603298,0,0,0
sh603299,0,0,0
sh603300,0,0,0
sh603303,0,0,0
sh603305,1968,2224,346
sh603306,0,0,0
sh603308,2529,0,0
sh603309,0,0,0
sh603311,0,0,0
sh603313,0,500,0
sh603315,0,0,0
sh603316,0,0,0
sh603318,0,0,0
sh603319,1292,733,0
sh603320,0,0,0
sh603321,0,0,0
sh603322,694,2231,1141
sh603323,0,0,0
sh603326,0,0,0
sh603328,1714,0,0
sh603329,5086,7115,671
sh603330,0,0,0
sh603331,0,0,0
sh603333,0,0,0
sh603335,0,2000,0
sh603336,21329,26121,7082
sh603337,1175,0,0
sh603338,0,1025,0
sh603339,0,0,0
sh603345,0,0,0
sh603355,0,0,0
sh603356,28381,13574,927
sh603357,4808,2537,0
sh603358,0,0,0
sh603359,0,490,0
sh603360,0,0,0
sh603363,16927,15511,3487
sh603365,0,0,0
sh603366,0,7856,0
sh603367,6868,7587,0
sh603368,1663,1959,0
sh603369,20475,9846,0
sh603377,0,0,0
sh603378,0,0,0
sh603380,913,0,0
sh603383,433,242,0
sh603385,0,650,0
sh603386,23495,27931,1063
sh603387,660,1293,0
sh603388,600,2968,0
sh603389,0,1647,0
sh603393,0,0,0
sh603396,5123,8347,0
sh603398,0,0,0
sh603399,6861,6324,563
sh603416,0,0,0
sh603421,0,941,0
sh603429,0,0,0
sh603444,0,218,0
sh603456,4348,5915,0
sh603458,0,0,0
sh603466,2188,2070,0
sh603477,0,5367,0
sh603488,2278,1107,0
sh603496,0,0,0
sh603499,952,868,0
sh603500,2983,1494,0
sh603501,1130,729,0
sh603505,0,0,0
sh603506,300,314,559
sh603507,1561,1308,0
sh603508,0,0,0
sh603515,1084,0,0
sh603516,17344,12978,1414
sh603517,961,1052,0
sh603518,0,496,0
sh603519,0,0,0
sh603520,0,0,0
sh603527,432,0,0
sh603528,0,1141,0
sh603533,1498,786,0
sh603535,3061,0,0
sh603536,0,0,0
sh603538,0,0,0
sh603555,2014,0,0
sh603556,0,0,0
sh603557,3677,0,0
sh603558,0,0,0
sh603559,2310,4567,0
sh603566,0,0,0
sh603567,0,0,0
sh603568,811,0,0
sh603569,0,0,0
sh603577,0,0,0
sh603578,0,0,0
sh603579,0,0,0
sh603580,0,361,0
sh603585,0,0,0
sh603586,0,0,0
sh603588,0,0,0
sh603589,2055,224,0
sh603595,0,0,0
sh603598,0,0,0
sh603599,0,0,0
sh603600,0,0,0
sh603601,0,0,0
sh603602,459,414,0
sh603603,0,0,0
sh603605,2159,3205,0
sh603606,0,0,0
sh603607,0,678,0
sh603608,0,0,0
sh603609,1278,3843,0
sh603611,0,0,0
sh603612,1119,0,0
sh603615,0,0,0
sh603616,605,4699,0
sh603617,872,0,0
sh603618,0,0,0
sh603619,1613,3336,298
sh603626,0,0,0
sh603628,0,1104,0
sh603630,600,0,0
sh603633,0,0,0
sh603636,7507,14223,0
sh603637,0,0,0
sh603638,0,352,0
sh603639,0,0,0
sh603648,61608,42594,3786
sh603655,1890,841,0
sh603656,0,0,0
sh603658,280,1405,0
sh603659,0,0,0
sh603660,0,579,0
sh603661,249,0,0
sh603663,0,0,0
sh603665,0,0,0
sh603667,0,0,0
sh603668,0,865,0
sh603669,1803,0,0
sh603676,8365,14338,1308
sh603677,0,0,0
sh603678,2291,500,0
sh603679,0,0,0
sh603680,275,537,0
sh603683,2324,513,0
sh603685,0,0,0
sh603686,0,0,0
sh603688,884,2173,0
sh603689,0,0,0
sh603690,0,0,0
sh603696,0,974,0
sh603698,0,0,0
sh603699,0,0,0
sh603701,0,0,0
sh603703,0,0,0
sh603707,951,1751,0
sh603708,1664,625,0
sh603709,436,774,0
sh603711,1313,0,1001
sh603712,0,0,0
sh603716,200,0,0
sh603717,0,0,0
sh603718,29381,51195,24367
sh603721,0,0,0
sh603722,12727,46285,1430
sh603725,0,0,0
sh603726,0,0,0
sh603727,2371,10425,0
sh603728,0,0,0
sh603729,1468,187,0
sh603730,0,0,0
sh603737,0,0,0
sh603738,0,0,0
sh603757,0,283,0
sh603758,0,0,0
sh603766,7050,6531,0
sh603767,3451,0,0
sh603768,0,0,0
sh603776,623,1292,0
sh603777,552,1332,0
sh603778,0,0,0
sh603779,0,0,0
sh603787,0,0,0
sh603788,0,0,0
sh603789,0,0,0
sh603797,0,0,0
sh603798,0,0,0
sh603799,19605,19461,1276
sh603800,1431,1568,0
sh603801,0,0,0
sh603803,0,0,0
sh603806,0,918,0
sh603808,0,0,0
sh603809,0,0,0
sh603811,0,0,0
sh603813,0,691,0
sh603816,217,1188,0
sh603817,0,0,0
sh603818,0,0,0
sh603819,0,0,0
sh603822,0,0,0
sh603823,0,0,0
sh603825,0,0,0
sh603826,0,0,0
sh603828,0,0,0
sh603829,0,0,0
sh603833,0,86,0
sh603838,1000,11281,0
sh603839,0,0,0
sh603843,0,0,0
sh603848,0,0,0
sh603855,0,0,0
sh603856,0,0,0
sh603858,1531,3375,265
sh603859,510,0,0
sh603860,597,0,0
sh603861,0,0,0
sh603866,821,0,0
sh603868,585,0,0
sh603869,1008,0,0
sh603871,2212,2290,0
sh603877,0,0,0
sh603878,0,0,0
sh603879,0,2144,0
sh603880,0,0,0
sh603881,0,740,0
sh603882,0,0,0
sh603883,934,3519,0
sh603885,0,700,0
sh603886,650,0,0
sh603887,0,0,0
sh603888,0,600,0
sh603889,0,790,0
sh603890,0,1878,0
sh603895,659,669,0
sh603896,2448,4299,311
sh603898,0,454,0
sh603899,0,1214,0
sh603900,0,1001,0
sh603901,0,0,0
sh603903,0,468,0
sh603906,0,0,0
sh603908,0,0,0
sh603909,0,0,0
sh603912,36758,40377,6966
sh603916,0,669,0
sh603917,2133,0,0
sh603918,3353,4774,0
sh603919,0,0,0
sh603920,1789,1205,0
sh603922,0,0,0
sh603926,0,0,0
sh603928,0,0,0
sh603929,1710,2437,0
sh603933,993,0,0
sh603936,0,0,0
sh603937,1990,1906,0
sh603938,10031,7850,260
sh603939,0,1241,0
sh603955,0,0,0
sh603958,0,0,0
sh603959,695,0,0
sh603960,0,0,0
sh603963,2128,3991,1073
sh603966,0,0,0
sh603968,1121,0,0
sh603969,0,0,0
sh603970,4388,7073,927
sh603976,0,0,0
sh603977,0,0,0
sh603978,0,466,0
sh603979,0,1433,0
sh603980,0,0,0
sh603985,2156,483,0
sh603986,4715,9742,791
sh603987,0,0,0
sh603988,1530,1342,0
sh603989,0,359,0
sh603990,0,889,0
sh603991,0,0,0
sh603993,165243,199875,0
sh603996,2290,0,0
sh603997,0,0,0
sh603998,0,0,0
sh603999,0,0,0
