sz002157,9273,18099,0
sz000416,0,0,0
sz002226,0,0,0
sz000030,0,0,0
sh603883,400,0,0
sz002763,0,0,0
sh600861,0,0,0
sz000975,4377,800,0
sh601689,4247,1568,0
sz000707,0,0,0
sz002194,4329,1481,0
sz300448,0,0,0
sh600583,8520,2990,0
sz002921,428,433,0
sz300725,2715,2498,129
sh600482,6197,500,0
sz300482,266,0,0
sz300612,5462,5450,312
sz002687,0,10461,0
sh600744,0,0,0
sz300626,0,0,0
sz000656,41850,42899,0
sz002030,8310,0,0
sz002209,0,0,0
sz002079,5349,0,0
sz300619,0,0,0
sh603011,1382,1665,0
sh603383,0,0,0
sz000627,4725,7583,0
sh600176,17185,10337,0
sh600156,0,0,0
sz300113,72896,46507,5686
sz002223,8074,2990,0
sz002162,0,0,0
sz002187,0,0,0
sz002087,10228,10913,0
sz002768,0,821,0
sh603239,0,0,0
sz300015,6885,972,0
sz300406,0,0,0
sh600531,9748,13140,3754
sh603518,588,0,0
sh600276,20314,7188,209
sz000691,22167,0,0
sh603600,0,0,0
sz300140,9274,11793,0
sz000027,2861,1946,0
sz000665,0,1360,0
sz300502,2391,542,0
sh603958,1000,0,0
sz002367,0,0,0
sz000816,596865,854983,12201
sz002514,0,0,0
sz002866,1117,0,0
sz300194,0,0,0
sz300026,16114,8207,0
sz300453,0,0,0
sh601020,0,0,0
sz300460,0,0,0
sz300227,810,0,0
sz300036,6561,760,0
sz002882,0,0,0
sh600382,0,869,0
sz000587,12428,7655,0
sz002232,0,0,0
sh600552,0,0,0
sz002919,11877,0,0
sh603630,694,0,0
sh603377,0,0,0
sz002009,19983,9006,0
sh601677,0,0,0
sz000009,14881,4435,0
sz000758,13393,4564,0
sz000559,0,0,0
sh603127,0,0,0
sh603969,1102,944,0
sh600109,29282,11002,0
sz300451,7094,10504,321
sz000717,207091,111046,0
sz002813,0,0,0
sh600576,0,0,0
sh600362,105385,83521,696
sh600091,0,0,0
sh603311,0,0,0
sh601669,44265,10352,0
sz002761,0,0,0
sh603698,0,0,0
sz002540,0,0,0
sz300078,10311,2803,0
sz000856,5310,9534,0
sz000544,1559,0,0
sz300350,3916,0,0
sh603128,1613,3675,0
sh600330,9028,0,0
sz300016,0,0,0
sh600872,505,912,0
sz000818,8603,1037,933
sh603396,0,0,0
sh600987,0,0,0
sz002649,0,0,0
sh600016,204688,209193,0
sz002660,0,0,0
sh601900,0,6500,0
sz002379,0,0,0
sz000823,36889,11042,0
sz002551,1950,0,0
sz300526,837,0,0
sz300286,0,0,0
sz002722,1042,520,0
sh600647,0,0,0
sz000525,6531,8039,0
sh600128,0,0,0
sz300445,0,0,0
sh601872,7006,0,0
sz002091,0,0,0
sh600888,4105,0,0
sh600619,0,0,0
sh600217,2214,4725,0
sz002183,15980,3342,0
sz300667,0,0,0
sz300083,29428,13852,0
sh600137,0,0,0
sh600889,0,0,0
sz300541,0,0,0
sz002338,0,1011,0
sz300567,119,90,0
sz002096,0,0,0
sz002058,0,0,0
sz000919,0,0,0
sh603889,0,0,0
sh600503,3833,0,0
sz002348,0,0,0
sz300109,630,311,0
sz000089,0,1352,0
sz002918,565,504,0
sz300491,0,0,0
sz300031,0,0,0
sh601058,0,0,0
sh600626,0,0,0
sz002727,968,1783,532
sz002139,8517,4177,0
sz002510,0,0,0
sh601777,4055,0,0
sz300359,2073,0,0
sz002133,0,0,0
sz002626,2163,3527,585
sz300027,73637,45015,0
sz300034,0,0,0
sz300673,0,0,0
sz000635,0,0,0
sz000043,0,0,0
sh603637,597,0,0
sh600500,9875,2085,0
sh600027,20871,10352,0
sh600203,0,0,0
sz002566,0,0,0
sz002677,0,0,0
sz300552,0,0,0
sh600252,0,7042,0
sz002676,18324,0,0
sz002489,0,2715,0
sz002475,59090,33534,2010
sz300426,0,0,0
sh600300,0,0,0
sh600532,0,0,0
sh600775,0,0,0
sz300334,0,3672,0
sz300131,2300,0,0
sh600033,5970,2910,0
sh600758,1604,0,0
sz002211,0,3283,0
sh601678,75357,28073,1721
sh600118,3039,1833,0
sz000048,0,0,0
sh600425,0,0,0
sz300657,0,0,0
sh601098,0,0,0
sz000628,0,0,0
sz002159,0,0,0
sz300254,0,0,0
sz002141,0,0,0
sz300223,3071,975,0
sz002469,0,0,0
sz000678,0,0,0
sz002044,1946,961,0
sz300207,13997,5452,0
sh600389,0,894,0
sh603768,0,0,0
sh603868,0,228,0
sh603288,392,621,0
sh600785,0,0,0
sh603978,141,159,0
sh600604,0,1506,0
sz002675,0,0,0
sz300737,4178,3994,691
sh601333,68701,66362,0
sz300516,0,324,0
sz000917,13310,2974,0
sz300171,0,0,0
sz000686,10076,1328,0
sh603996,0,0,0
sz300633,0,0,0
sz300300,3300,0,0
sz000655,0,0,0
sz002342,8841,0,0
sz300625,0,0,0
sh600170,10209,27231,0
sz002641,0,0,0
sz002648,4438,1669,0
sh600209,10726,10781,0
sz002043,4049,0,0
sh600823,29302,33846,0
sz002035,6417,8436,2019
sh600976,0,0,0
sh603898,0,0,0
sh600517,1944,0,0
sz300291,0,0,0
sh600287,0,0,0
sh603357,0,561,0
sz300329,0,0,0
sh600168,1500,1538,0
sh601311,2065,6022,0
sz002862,0,0,0
sz002913,0,0,0
sh600740,106954,139636,11571
sz002008,71199,34834,2252
sz002872,0,0,0
sz300405,0,0,0
sz300447,0,0,0
sz000680,2630,0,0
sz300393,8616,685,0
sz002306,0,0,0
sz002881,639,0,0
sz000554,1557,1559,0
sh600617,0,0,0
sh603685,0,0,383
sz000561,0,0,0
sz300298,0,1000,0
sz300680,0,500,0
sz000878,14664,18744,0
sz300690,0,0,0
sz300115,33262,59846,608
sz000722,0,0,0
sz002798,0,600,0
sh603025,0,301,0
sh600857,0,0,0
sz002049,87815,71861,13660
sz000830,167405,115685,10952
sh600755,20035,12649,0
sh603360,0,0,0
sz300326,0,10700,0
sh600152,0,0,0
sh600797,4346,3053,0
sh603505,4756,0,0
sh603779,0,0,0
sh600757,5790,0,0
sh600873,9520,2819,0
sz300512,0,0,0
sh603316,0,0,0
sh603160,961,591,0
sz000700,0,0,0
sh601336,13815,15381,1413
sz300137,1998,2251,1272
sh600701,11990,3774,0
sh603977,0,0,0
sz000657,0,0,0
sz002383,2710,1413,0
sz002020,15881,7560,0
sz002800,0,0,0
sz002801,0,0,0
sz300315,37078,30833,0
sh600581,89241,85049,5571
sh600959,1694,5764,0
sz002399,5030,828,0
sz300428,0,0,0
sz300180,4957,935,0
sh600824,2278,0,0
sz002897,0,0,410
sz300045,0,0,0
sz002105,0,0,0
sz000965,0,2323,0
sh603321,0,0,0
sz002528,0,0,0
sz300260,1508,0,0
sh600279,0,0,0
sz002432,2868,1720,0
sz300558,2541,1707,0
sz300650,0,0,0
sz000815,1119,921,0
sz300598,0,0,0
sz002809,0,0,0
sz000990,1001,766,0
sh603218,0,0,0
sz002386,2078,0,0
sh600129,2487,1807,0
sz002131,29599,4002,0
sz300073,6225,6208,0
sz300304,1601,0,0
sz000807,152113,116324,0
sz002193,3674,0,0
sz300192,0,0,0
sz000060,43617,54918,1001
sz002040,0,0,0
sh600982,3500,0,0
sh603856,0,0,0
sz300562,0,0,0
sz002617,0,0,0
sz300212,11367,16996,0
sz300135,0,0,0
sh601288,2845975,2363149,0
sz300021,9912,4344,0
sz300583,0,0,0
sz002753,617,0,566
sh603726,0,0,0
sz000909,0,0,0
sh603086,0,0,0
sz000065,882,791,0
sz300270,1097,0,0
sh600521,2450,2731,0
sh600522,149505,126043,0
sz002229,27788,40493,0
sz000607,0,0,0
sz002065,54295,9719,0
sh600640,0,896,0
sz002791,0,0,0
sz300294,2295,0,0
sz300520,3558,6642,0
sh600732,0,0,0
sh600519,13279,14538,2142
sz000759,0,0,0
sh600004,9793,3982,615
sz002154,0,0,0
sh603701,0,0,0
sz300040,0,0,0
sh600130,50835,12848,9930
sh600312,0,1648,0
sz300437,0,0,0
sh601908,1974,0,0
sz000636,111766,78918,2502
sz002902,317,0,0
sz300664,3735,2993,603
sz002328,0,0,0
sh600984,1846,2394,0
sh601211,46543,21237,0
sz300271,38070,10289,2702
sz300125,0,0,0
sz300440,0,0,0
sz300010,7086,6776,0
sz300709,0,0,0
sh603133,369,0,0
sz000839,64135,26457,0
sz300591,0,0,0
sh603226,0,0,0
sz002605,0,0,0
sh600763,1161,412,357
sh601838,176901,150223,16813
sz000422,4120,0,0
sh600776,0,0,0
sz002845,0,0,0
sz300509,0,0,0
sh600853,0,0,0
sz000690,8940,34769,0
sh600766,2051,0,0
sz300534,0,0,0
sh600808,155056,257237,8866
sz300397,0,0,0
sz300644,5799,28672,1827
sz002200,1879,0,0
sz002203,9964,0,0
sh600456,1303,800,0
sh603458,1146,669,164
sh603589,733,3354,0
sh600637,2988,0,0
sh600600,1423,2439,0
sh600489,17955,12260,0
sh600155,2254,1693,1511
sh603829,0,0,0
sh603937,0,0,0
sz300537,0,0,0
sz300368,0,0,0
sz300345,0,0,0
sh603043,0,0,0
sh600699,10611,6262,0
sz002022,4601,0,0
sh600720,23489,27367,0
sh601866,3168,0,0
sh603766,7600,1730,0
sz002052,2659,0,0
sz000989,12307,5084,0
sh600439,7541,0,0
sh600639,0,0,0
sh600284,1366,0,0
sz300461,304,0,0
sh600094,5003,7873,0
sh600305,6481,15325,0
sz002274,0,0,0
sz002492,0,0,0
sz002132,0,0,0
sz300417,0,0,0
sz300712,0,0,0
sh603015,0,0,0
sh603566,0,0,0
sz300273,0,0,0
sz000976,1500,6560,0
sh603776,216,0,0
sz300505,0,0,0
sz002877,0,0,0
sz300606,500,991,0
sh603339,0,0,0
sh601328,267363,354067,2954
sh600368,0,0,0
sz002808,0,0,0
sz000663,90508,2764,0
sh601117,7749,11608,0
sh601666,92410,59035,0
sz002849,0,0,0
sz300014,11080,9340,598
sh600612,0,0,0
sh603811,0,0,0
sh600455,0,0,0
sh603501,3949,0,303
sh600173,0,0,0
sh603181,0,0,0
sz002824,0,0,0
sz002332,0,0,0
sh601106,0,0,0
sz002167,8637,5822,0
sh603660,2400,1098,0
sh600175,0,0,0
sh603729,0,0,0
sz300621,0,15764,0
sz300046,4025,4314,0
sh600496,0,3093,0
sz002349,0,0,0
sz300469,0,0,0
sz000632,0,0,0
sh600268,0,0,0
sh600308,0,0,0
sz002730,0,0,0
sz300030,0,0,0
sz001696,0,0,0
sh601798,0,0,0
sz002598,0,0,0
sh600885,2051,368,0
sz300117,0,0,0
sz002733,800,0,0
sh600550,0,0,0
sh603808,500,673,0
sh600828,0,0,0
sz002818,0,1499,0
sz002549,0,0,0
sz300316,20202,13941,600
sh603050,0,0,0
sh600827,1193,0,0
sz000779,0,0,0
sz002066,0,0,0
sz000971,1006,0,0
sz300221,5056,737,0
sh600725,0,0,0
sz300012,9901,4206,0
sz300475,0,0,0
sh600266,945,1521,0
sh600054,0,4615,0
sh600269,5385,6471,0
sh600692,0,0,0
sh600805,0,0,0
sh603223,0,0,0
sz300565,0,0,0
sh603618,0,0,0
sh603607,0,0,0
sz300495,3765,1700,0
sz000822,1500,0,0
sz300205,0,2000,0
sh603689,0,0,0
sh600326,2352,5543,0
sh601028,0,0,0
sz300685,0,221,0
sh600649,3057,13177,0
sz000531,0,0,0
sh600213,0,0,0
sh600483,0,0,0
sz002331,0,0,0
sz300661,0,0,0
sh600548,0,0,0
sz000016,7103,8115,0
sz000979,91134,95332,0
sz002242,0,0,0
sz300056,3804,3282,0
sh603799,97307,97636,20565
sz002308,0,0,0
sz000708,0,1065,0
sz300723,502,524,0
sz300149,0,0,0
sz300222,8653,1028,0
sh603081,0,2690,0
sh600497,102470,68670,0
sh600332,5362,8471,0
sh600141,4641,2412,0
sz300189,0,0,0
sz002816,0,0,0
sh600998,0,0,0
sz002583,14002,3524,0
sh600926,15326,12418,0
sz300284,0,0,0
sz000819,0,0,0
sh601010,0,0,0
sh603016,1188,0,0
sh600654,0,3006,0
sh603885,8103,800,0
sz300327,457,4918,0
sz002711,48881,81505,5550
sh603506,3943,1100,0
sh603970,554,924,0
sh603727,0,0,0
sh600115,155611,104936,0
sh600741,13049,7879,518
sz002354,8055,3904,0
sz000860,21218,3589,635
sh603858,2615,2643,0
sz300584,0,0,0
sz002629,0,0,0
sh600620,0,0,0
sh600018,81390,90625,0
sz002255,0,0,0
sz300170,18588,20946,0
sz300297,0,1921,0
sh601086,7436,14603,0
sz300700,947,1264,0
sz002644,0,1236,0
sz000972,0,0,0
sz300154,0,0,0
sh603036,0,0,0
sz000837,0,0,0
sz002697,0,1847,0
sh600188,33825,45564,1756
sz002737,5097,4266,0
sh601198,5230,1486,0
sz000042,0,0,0
sz002015,0,0,0
sh603010,516,800,0
sh600222,0,0,0
sh603558,0,0,0
sh600428,0,0,0
sz300018,0,0,0
sh603686,0,0,0
sh600419,0,0,0
sz300243,0,0,0
sh600528,4827,3977,0
sz300145,1217,2869,0
sz300675,740,3343,0
sz002356,0,0,0
sz002248,2796,0,0
sh600336,0,0,0
sh601007,0,0,0
sh600558,7088,0,0
sz300611,0,0,0
sz002721,93640,117964,3928
sz002467,1636,2286,0
sz000551,0,0,0
sz300289,0,0,0
sh601225,136998,153627,0
sh603557,0,0,0
sz002811,0,0,0
sh600446,4005,1013,0
sz300011,0,0,0
sz002138,8580,1937,790
sz002287,0,0,0
sh601231,10224,3664,0
sz002559,0,0,0
sz000698,0,0,0
sh600409,33781,27545,3036
sh600487,75295,51641,4927
sz002107,0,0,0
sz300025,4449,0,0
sh601616,3136,0,0
sz002639,4935,0,0
sh600426,12931,12271,0
sh603159,0,0,0
sz000925,0,0,0
sz300367,58241,14504,1511
sh600346,12909,4928,665
sh601137,945,0,0
sz002736,8263,4223,0
sz300496,7676,1676,0
sh601933,138532,97919,3267
sz002544,1129,2841,0
sh600520,1626,728,0
sh603289,0,669,0
sz000011,0,684,0
sz002691,0,0,0
sh601212,12468,6967,0
sz000563,11387,0,0
sz002701,1859,0,0
sh603477,1590,0,0
sz300597,0,0,0
sz300695,192,0,0
sz002314,0,6000,0
sz002421,10327,1992,0
sz300617,398,0,0
sh601258,32454,41729,0
sh603358,0,0,0
sz300476,17295,9269,0
sh601200,580,608,0
sh600694,0,0,0
sh600297,4769,2181,0
sz300311,0,0,0
sz002915,2820,1439,0
sh600978,0,0,0
sh600814,0,0,0
sz002041,0,0,0
sz002222,16432,3002,0
sz300553,0,0,0
sh603018,0,0,0
sz002715,0,0,0
sz002236,227917,519365,25291
sz002208,1799,0,0
sh600691,8394,32526,0
sh600113,0,0,0
sz300431,42290,36491,4903
sz300259,0,0,0
sh600594,1200,0,0
sh600863,0,0,0
sz002476,0,0,0
sh601618,18800,10611,0
sz002195,41289,9659,0
sh603026,0,568,0
sh603636,0,0,0
sh603881,300,413,0
sh600665,0,0,0
sh600773,0,0,0
sh600537,6644,2381,0
sh600850,0,0,0
sh603369,852,0,0
sz000959,0,0,0
sh600100,56456,22266,0
sh601388,27874,35863,0
sz000576,28567,5307,2500
sh600215,0,1002,0
sh600379,0,0,0
sz002205,0,0,0
sz000762,10084,1661,0
sz000933,57009,74452,0
sz300377,16485,7322,1116
sz000409,0,0,0
sz000612,0,0,0
sz002325,0,7794,0
sz002400,12147,5145,0
sz300105,0,0,0
sz300344,8981,2578,0
sh600195,1235,0,0
sz300481,0,0,0
sz300735,1879,3481,0
sz000767,0,0,0
sh600584,88317,65569,2478
sh600278,0,0,0
sz300479,0,0,0
sh600593,3099,330,0
sz002857,0,0,0
sz002925,32103,30754,3892
sh601595,0,0,0
sz002690,0,0,0
sz000605,891,4224,0
sz002635,29647,28007,499
sz300168,46947,19048,1886
sh600143,7135,0,0
sh603929,541,0,0
sh603648,5686,934,0
sh600250,0,0,0
sz001965,6375,36653,0
sz002410,6033,4019,0
sh603313,0,0,0
sz300603,411,0,0
sz002718,0,0,0
sh603991,0,0,0
sz002789,621,0,0
sz300249,0,3895,0
sh603888,683,6225,0
sz000877,18201,5210,0
sz002565,0,0,0
sz300191,539,1324,0
sz000720,0,0,0
sz002230,102955,103353,7305
sz000055,14244,13078,0
sh603336,0,0,0
sz300698,456,0,0
sz000633,0,2100,0
sz000761,13809,6683,0
sh603355,0,0,0
sz000968,786,2722,0
sz002214,1650,0,0
sz000036,6826,6559,0
sh603156,5343,6207,826
sz000608,1893,4076,0
sh601000,39985,59489,0
sz300604,2108,790,0
sz000995,0,0,0
sz300488,0,0,0
sh603258,0,0,0
sz300020,3007,0,0
sh600315,1021,626,0
sh600303,1577,0,0
sz000014,0,0,0
sh600860,0,0,0
sz002895,0,0,0
sz002347,0,0,0
sz002927,0,0,0
sz300122,10254,2043,0
sh601899,787605,818601,2253
sz300252,0,0,0
sz000936,0,0,0
sh600638,55281,21594,0
sz300521,0,0,0
sh600577,3051,0,0
sh600375,0,0,0
sz300338,0,650,0
sh600023,10896,10948,0
sz300376,12743,0,0
sh603928,0,0,0
sz300503,1176,0,0
sz002155,0,0,0
sz300707,650,529,507
sz002434,5562,1753,0
sh600722,1870,0,0
sz002165,0,0,0
sz002860,0,0,0
sh600478,22036,0,7459
sz300082,0,0,0
sz002491,9432,1580,0
sz002108,11368,9531,0
sh600313,84359,84792,0
sh600792,0,0,0
sh600983,0,0,0
sz300464,0,0,0
sz000782,0,0,0
sz002484,0,1356,0
sz300623,301,1162,0
sh601179,0,0,0
sh600343,6384,0,0
sh600036,187847,213671,8280
sz300331,0,0,0
sz300739,4464,2973,591
sz300498,5049,9184,0
sz300075,15765,16038,2193
sz002026,0,5658,0
sz000673,39635,7687,0
sz002613,0,0,0
sz002425,3217,0,0
sz000875,5000,0,0
sz000670,33146,17988,0
sh603416,0,0,0
sz300543,0,0,0
sz002215,1637,0,0
sz002827,0,0,0
sh603938,0,469,0
sz000410,1434,0,0
sz000061,0,0,0
sz000417,0,0,0
sh603305,2425,400,0
sh603378,560,0,0
sz002136,2296,8412,0
sh600737,0,4826,0
sz002487,0,0,0
sh600769,0,0,0
sz002782,0,0,0
sz300072,19704,20577,1294
sz002539,0,0,0
sz000548,0,0,0
sh603803,0,0,0
sz300255,5000,0,0
sz002558,826,0,0
sz300220,0,0,0
sz002776,0,700,0
sz300253,82824,42193,0
sz002337,0,0,0
sh603616,28106,46792,0
sz300114,0,0,0
sz000799,1074,0,509
sz300258,0,990,0
sz002373,11015,6831,0
sz002303,2296,0,0
sz300402,1424,0,0
sz000078,8797,0,0
sz002892,2739,572,0
sh600133,0,0,0
sz002336,1900,1761,0
sz300365,0,500,0
sh600231,25809,29875,0
sz000980,2213,3608,0
sh600121,0,0,0
sh603496,0,0,0
sh603869,633,0,0
sh600395,9177,4099,0
sz300028,0,0,0
sz002197,0,0,0
sz300362,0,0,0
sz002039,881,0,0
sz000521,0,0,0
sz300373,8021,513,0
sh601988,532737,745491,0
sh600783,944,0,0
sz002786,0,0,0
sz002436,2804,0,0
sz300378,1182,4331,0
sz300332,2603,0,0
sz002192,7486,6908,1271
sh600167,0,0,0
sz002111,0,1281,0
sh600008,65211,38047,0
sz002140,0,3294,0
sh600966,19025,15121,0
sh600400,0,0,0
sh600476,0,0,0
sh600874,9299,18655,0
sh600892,0,2616,0
sz300660,0,0,0
sz002218,10942,0,0
sh600291,6741,8159,0
sh600114,0,0,0
sh600551,0,0,0
sh601008,0,0,0
sz300039,2000,0,0
sz000151,0,0,0
sz002101,0,610,0
sh603326,0,0,0
sz300179,0,0,0
sh600050,759234,542515,1711
sz002231,1510,0,0
sh603039,0,238,0
sz300401,7118,2674,0
sz300731,0,0,0
sz002237,0,1200,0
sz002340,463154,362859,3094
sh603567,0,0,0
sz000829,1545,0,0
sh603069,0,0,0
sz300701,0,0,0
sz300161,0,0,0
sz000725,4681770,4433702,26689
sh603767,0,0,0
sz002042,1002,835,0
sz000595,0,0,0
sh600768,0,0,0
sz002465,39492,9219,0
sz002414,3019,0,0
sz300427,1200,0,0
sh600035,0,0,0
sh600645,3398,6586,0
sh601518,0,0,0
sh600000,66323,101385,1952
sz300708,5938,4873,890
sh600890,0,0,0
sz002271,10320,4465,0
sh603079,0,265,0
sh601108,40963,14362,1575
sz000429,1800,0,0
sh603826,0,1001,0
sz002046,0,0,0
sz300387,0,0,0
sh600667,36696,12237,0
sh600977,17286,9097,1002
sz300395,0,0,0
sz002170,0,0,0
sz002668,2772,597,0
sz000584,830,747,0
sz002401,0,0,0
sz300651,345,300,0
sh603936,0,1164,0
sh600879,11863,11346,0
sz300683,990,276,510
sh601958,7771,2334,0
sh600248,0,0,0
sh603987,0,0,0
sh601599,0,4348,0
sh600077,0,0,0
sz000546,10000,800,0
sh600325,78732,86754,0
sh600146,17546,3198,0
sz000801,4024,6748,0
sh600026,2893,2714,0
sz300588,0,0,0
sh601558,0,10123,0
sz000848,1997,4990,0
sh603993,1990898,1411191,91043
sz300346,0,0,0
sz002093,2869,2470,0
sh600848,2765,1068,0
sz002078,53505,21374,4016
sz002394,0,0,0
sh603168,0,815,0
sh603712,0,0,0
sh603189,0,0,0
sz000002,102960,128768,13695
sz002364,0,0,0
sz300420,0,0,0
sh603103,802,3983,0
sz000918,0,1537,0
sz002251,119649,85237,8139
sz300328,0,0,0
sz300613,678,1619,0
sh600985,3376,5214,0
sh601882,0,1341,0
sh603926,0,0,0
sz002664,483,0,0
sz002435,0,0,0
sh601633,23817,12472,0
sz000813,0,0,0
sz000790,0,0,0
sz000679,0,0,0
sh603517,0,0,0
sz002717,438,600,0
sz002631,0,1200,0
sh600499,30422,20239,0
sz000062,0,0,0
sz300195,0,0,0
sz300165,0,0,0
sz300489,0,0,0
sh600420,981,1123,0
sh600787,2688,4479,0
sh603676,2092,2003,0
sz300322,0,1380,0
sh600277,0,0,0
sz002352,3533,11043,1541
sh600366,5555,0,0
sh600505,0,1746,0
sh603077,17996,10024,0
sh603939,1132,0,0
sz002267,0,0,0
sz002875,0,0,0
sz000709,107250,117664,0
sh600819,0,0,0
sz300245,860,0,0
sh600225,0,0,0
sh600816,998,1982,0
sz300158,0,0,0
sz002547,5808,13840,0
sz002529,0,1010,0
sz300610,0,0,0
sz002572,2381,3017,0
sz000951,2809,1610,0
sz002555,6894,2760,0
sz002797,74117,53090,0
sh603002,1897,0,0
sz300119,0,0,0
sz002202,40102,12340,0
sz000788,1376,0,0
sh600831,0,0,0
sz000958,3174,2665,0
sz002374,12265,0,0
sh600012,0,0,0
sh600361,2041,0,0
sz002723,0,0,0
sh603848,0,1148,0
sz000683,36734,4214,0
sz300029,0,0,0
sh603157,764,0,0
sh600657,0,3999,0
sh600628,0,0,0
sz300033,7998,2237,1813
sz002003,1732,0,0
sz002027,137333,134448,4250
sh603337,204,0,0
sz300148,16429,8557,0
sz300342,0,0,0
sz002177,0,0,0
sh600265,0,0,0
sz002126,0,0,0
sz300188,10042,10488,0
sz300711,585,0,0
sz002272,0,3860,0
sh600388,20380,2269,1240
sz000005,0,0,0
sz002564,0,0,0
sz300663,494,0,0
sz000719,0,0,0
sz002300,0,0,0
sz002858,0,0,0
sh601901,13233,3359,0
sz002123,2835,0,0
sh600821,0,1800,0
sz002051,0,772,0
sz002611,0,0,0
sz300085,23792,56123,2284
sz300054,7479,4000,0
sz002864,0,0,0
sz300157,14616,20278,0
sz002825,0,0,0
sh600764,926,0,0
sz300246,0,0,0
sz000570,0,0,0
sh600523,0,0,0
sh600031,102245,74909,0
sz002316,0,0,0
sz300568,0,0,0
sh600380,43742,9907,1066
sh600260,11797,7417,0
sh600836,0,0,0
sz002762,0,0,0
sh603679,0,0,0
sz300006,3232,0,0
sh603338,321,560,0
sz002169,0,0,0
sz002080,7960,5060,0
sh603161,0,638,0
sz002456,171542,96319,8753
sz000712,0,0,0
sh600760,20651,19588,3098
sh603900,0,0,0
sh600015,48877,127839,0
sz300384,0,0,0
sh600871,9796,38628,0
sz002777,0,0,0
sz000066,14841,4149,0
sz300443,0,0,0
sh603030,0,0,0
sz002839,64339,29915,1324
sh600125,15166,8652,0
sz000753,0,0,0
sh603056,27970,105520,5054
sz002618,1333,0,0
sh600738,0,0,0
sz300268,0,0,0
sz300412,0,0,0
sz000518,0,0,0
sz002774,0,0,0
sh603167,2040,0,0
sz300224,0,0,0
sh600868,148773,185536,6827
sz002511,3152,2536,0
sz300136,92311,73242,5199
sz300677,4972,9934,1231
sh600267,3490,1965,0
sh600053,0,0,0
sh603098,1049,965,0
sh600405,0,0,0
sh603180,0,330,0
sz300211,0,0,0
sz300174,0,0,0
sz300678,675,254,0
sh600104,33150,25122,834
sh600618,1607,0,0
sz000538,5952,6478,191
sh600510,0,0,0
sh601949,5370,0,0
sh603090,0,0,0
sh600370,5396,0,0
sz002068,0,0,0
sz000597,6078,4011,0
sz002893,554,0,891
sz300442,0,0,0
sz002369,9441,6489,0
sz300599,0,0,0
sz000088,6607,1511,0
sh600052,0,0,0
sh600713,0,1900,0
sz002440,20193,32889,3056
sz002185,152734,74981,0
sz300609,0,0,0
sz300716,0,1789,0
sh601555,23894,10762,0
sz300193,0,0,0
sz000962,0,0,0
sz002461,1194,0,0
sz000695,0,0,0
sz000667,5232,0,0
sh603788,0,432,0
sz300493,0,0,0
sz300452,0,0,0
sz300715,369,0,0
sz300430,0,0,0
sz300144,4894,10144,583
sz002773,1019,550,0
sz300607,0,0,0
sz000756,870,1039,0
sz002535,0,0,0
sh600963,5186,2468,0
sz002227,0,0,0
sz300585,0,0,0
sh603076,0,0,0
sh600333,0,1685,0
sz002054,18421,15738,0
sz002612,0,0,0
sh600090,0,0,0
sz002702,0,0,0
sh600975,0,0,0
sz002403,0,0,0
sh603585,0,0,0
sz000668,0,0,0
sz002643,1998,0,0
sh600055,0,0,0
sz300717,0,0,0
sh600555,18755,2844,0
sz000004,0,0,0
sz300228,0,0,0
sz300013,0,0,0
sh600355,32995,0,0
sz300129,0,0,0
sz002805,0,0,0
sh603683,513,799,0
sh603399,800,1475,0
sh601700,0,0,0
sz002828,0,0,0
sz002290,0,0,0
sh600322,1970,0,0
sz000710,0,258,0
sh600318,0,0,0
sz000581,6037,6035,0
sh600153,16744,17414,0
sz000887,1196,0,0
sh603677,0,0,0
sz000662,8840,5711,1412
sh603359,776,0,0
sz002024,109887,68775,3070
sz002298,0,0,0
sz002067,20070,4901,0
sz002863,6805,8538,0
sh600891,0,0,0
sz002150,0,0,0
sz000408,8576,1352,0
sh600919,106357,82033,0
sh600272,0,0,0
sz300550,0,0,0
sh600111,69655,107076,0
sz300463,0,0,0
sh603268,0,0,0
sh600809,6311,17299,691
sz000068,0,0,0
sh601003,35633,36252,4533
sz000023,0,915,685
sz002323,1967,0,0
sz002488,12721,827,1226
sh603225,1552,1384,0
sz000926,3349,8878,0
sz002246,0,0,0
sh600317,0,0,0
sz300573,0,0,0
sh600569,167896,165906,0
sh600756,0,0,0
sz002713,418,1734,0
sz000590,0,0,0
sz002865,0,0,0
sz002625,803,0,507
sz300638,820,0,0
sh600538,0,0,0
sh603126,2000,3869,0
sz300274,26711,10240,0
sz000893,17011,19860,2096
sh600893,15083,12121,642
sz002292,4145,1380,0
sz300590,1058,555,0
sh600527,8015,0,0
sz000513,1813,1522,0
sz300059,420843,297217,15014
sh601326,3874,0,0
sh601398,834060,1008201,3428
sh600812,0,0,0
sz002926,228172,134378,5731
sh600572,10107,4179,0
sz000158,0,0,0
sh600641,947,2000,0
sh603608,0,0,0
sh603628,0,0,0
sh600642,2456,0,0
sz300235,0,0,0
sz000090,0,0,0
sz002638,19981,6358,0
sz002696,0,0,0
sh600048,609852,660526,68534
sz300379,1149,0,0
sh603106,0,476,0
sz300047,3705,1000,0
sz300219,0,0,0
sz002318,0,0,0
sh600791,0,0,0
sz000536,0,2581,0
sz000985,0,0,0
sz300535,0,0,0
sz300139,0,1740,0
sh600811,2700,4380,0
sh600697,0,0,0
sz002409,1562,1884,0
sz002452,4888,0,0
sz000537,19647,29768,6204
sz002057,0,0,0
sz002707,9849,10976,0
sh603227,0,0,0
sh600163,0,0,0
sh600127,0,0,0
sz002392,2568,0,0
sz002253,0,0,0
sz000652,0,0,0
sh600495,2957,0,0
sz000892,0,0,0
sz002181,0,0,0
sz300421,0,0,0
sz300093,0,0,0
sh600193,10209,13670,0
sz300423,0,0,0
sz002728,0,0,0
sz300236,2428,4410,0
sz300501,0,0,0
sz000850,0,0,0
sz002307,2012,1782,0
sz002891,0,0,0
sh600037,10327,936,0
sz002695,0,732,0
sz000517,48066,19699,0
sz300080,0,0,0
sz000802,0,0,0
sh603198,0,2127,0
sz002602,602,1320,0
sz002712,0,0,0
sz002724,0,0,0
sz000524,0,0,0
sz002840,1007,0,0
sh601515,0,0,0
sz002632,0,0,0
sh603966,0,0,0
sz300519,0,580,0
sz002261,0,0,0
sh603188,729,968,0
sz000835,1360,0,0
sz000778,28752,8849,0
sh600774,0,0,0
sz002322,0,0,0
sz002856,0,4664,0
sz300688,1196,0,0
sh600356,0,0,0
sh601919,32181,13909,0
sh603017,0,0,0
sz000557,0,0,0
sz300068,1821,0,0
sz002745,3775,1723,0
sz000789,23462,15731,0
sz300727,371,0,439
sh603787,800,0,0
sz002623,0,0,0
sh600190,0,0,0
sh603040,399,201,0
sz300557,0,0,0
sz300641,0,0,0
sh600750,700,704,0
sz000672,25803,13211,2446
sz000716,0,0,0
sh600367,1168,0,0
sz002871,0,0,0
sz002285,93646,50694,1772
sz002911,10933,8037,459
sh600220,4148,0,0
sh600822,3870,2029,1442
sh603690,0,0,0
sz002199,0,0,0
sh600498,15660,9689,1782
sz000157,27883,16454,0
sz002114,0,0,0
sh600865,0,0,0
sz002188,5350,0,0
sh603000,4701,1464,0
sz000961,27101,27485,0
sz300044,8598,10344,0
sz000996,3761,3351,0
sz002530,0,0,0
sh603601,0,0,0
sh600729,5168,1631,0
sh600256,74376,95826,0
sh600416,0,9353,0
sz300008,0,0,2381
sh603055,0,0,0
sh603165,0,0,0
sz000596,0,0,0
sh600933,1656,925,0
sh600661,0,481,0
sh603609,0,0,0
sz300351,0,0,0
sz300435,0,0,0
sz002767,0,923,0
sz000923,1111,1184,0
sz300647,0,700,0
sz002071,17699,3047,0
sz000623,3163,501,0
sh600438,24489,10025,0
sh601818,261062,385466,0
sh600415,4102,0,0
sh603306,0,0,0
sz002443,0,0,0
sh603028,0,0,0
sh603083,390,0,0
sh603007,2330,0,0
sh603800,0,0,0
sh600686,4214,3170,0
sz002485,0,0,0
sh600582,4914,0,0
sz002578,0,0,0
sz002172,0,0,0
sz000045,0,0,0
sz002756,0,0,0
sz002473,0,0,0
sh601890,0,2417,0
sh603895,7749,6444,0
sh600462,0,0,0
sz300628,426,0,91
sz300127,1407,769,0
sz002173,0,0,0
sz002836,0,0,0
sz002330,17887,9617,0
sz300670,0,0,0
sh603380,0,0,0
sz300239,0,0,0
sh601928,0,0,0
sz300696,0,0,0
sh600833,1113,1010,0
sz000895,5954,2850,0
sz002317,0,1690,0
sz002917,725,402,0
sh603260,3431,3888,181
sz002097,0,0,0
sz300162,0,0,0
sz300319,0,0,0
sz000915,2148,2117,0
sz300301,0,0,0
sz300306,0,0,0
sz000697,537,0,0
sz300132,0,0,0
sh600373,1692,3965,0
sh600678,0,0,0
sz002906,0,0,0
sz300371,0,0,0
sz300413,3617,2479,0
sh603456,5119,840,0
sh603920,0,0,0
sh603602,964,286,0
sz000543,2745,0,0
sh603042,0,0,0
sz002743,1408,0,0
sz002838,0,0,0
sh600749,0,0,0
sh603283,1699,1692,0
sz000676,0,0,0
sz300181,0,0,0
sh601377,64322,44757,4100
sh600936,0,0,0
sz002792,1385,1867,0
sz300718,295,0,0
sh600610,9038,13898,2772
sh603806,0,0,0
sh600119,1417,0,0
sh600525,7481,5540,0
sh603866,0,0,0
sz002876,988,614,0
sz300358,0,0,0
sh603320,0,0,0
sz300554,0,400,0
sz002171,7662,0,0
sz002847,0,0,0
sz000032,0,0,0
sz300111,0,0,0
sz000821,0,0,0
sh600132,0,0,0
sh600689,0,0,0
sh603738,0,0,0
sz000760,0,0,0
sh600271,6335,9609,0
sz000931,0,0,0
sz002350,0,0,0
sz002606,26452,32559,4513
sh600393,22545,3642,0
sh600616,0,0,0
sz300098,13438,21047,0
sh600088,2238,926,1030
sh601218,0,0,0
sh600010,153983,82144,0
sz002031,10000,0,0
sh603980,0,0,0
sz002002,0,13532,0
sh600172,33847,3584,0
sz000620,0,0,0
sh600847,0,0,0
sz000953,0,0,0
sh603896,2261,6665,0
sh601997,30586,45723,0
sh603878,0,0,0
sh600887,83170,84646,4396
sz002130,2632,0,0
sz002503,6313,0,0
sz002741,0,0,0
sh600608,0,0,0
sz300231,1231,1000,0
sh600719,0,0,0
sz000723,0,0,0
sh600116,1357,0,0
sz300339,0,0,0
sz002553,0,1765,0
sh600624,0,2000,0
sh600328,0,0,0
sh600875,9320,30941,0
sh603777,0,0,0
sh603100,1600,0,0
sz300462,0,0,0
sh601011,12201,7269,0
sz300079,30820,3548,0
sh600507,120922,129475,9116
sh603129,0,0,0
sz000681,22890,16196,1189
sz300560,0,0,0
sz002124,1200,15426,0
sz002831,193,0,0
sh601099,103168,101973,0
sh600223,0,0,0
sz002019,12246,5494,0
sh600633,4164,1812,0
sh600683,0,0,0
sz000876,20729,10056,0
sz300087,0,0,0
sz002419,3805,7278,0
sh603499,2046,952,0
sh603136,500,0,0
sz002725,0,0,0
sh600019,442923,370114,11545
sz002275,0,0,0
sz002353,741,950,0
sz002899,0,0,0
sz002490,0,0,0
sz000885,1564,1337,0
sz002311,624,1376,0
sz000831,2621,0,0
sz300035,0,0,0
sz002667,0,0,0
sz300065,6879,13370,782
sz300206,0,0,0
sh600681,0,0,0
sz300566,1574,0,0
sz000572,0,0,0
sh601808,3270,2323,0
sz002898,0,0,0
sh600530,0,2860,0
sh600981,0,0,0
sh603009,942,0,0
sh600186,19208,10078,0
sh603196,0,0,0
sh600171,50082,9547,0
sh601880,26967,15484,0
sh601021,599,768,0
sz300226,5583,2805,0
sz300169,0,0,0
sh601186,14168,18704,0
sh600230,6049,5678,230
sh603067,0,0,0
sh600219,85118,63340,0
sh603886,616,698,0
sz300586,10627,10059,1931
sz002574,0,0,0
sh603955,0,0,0
sz300528,0,0,0
sh603078,200,0,0
sz300133,10161,8343,0
sz300561,288,0,0
sh601158,1561,0,0
sz300547,1259,909,0
sz002182,0,0,0
sz002916,28741,21288,4086
sh601500,0,0,0
sh603708,0,0,0
sz000150,0,0,0
sh600693,4919,2000,0
sz002552,2222,0,0
sh600352,85407,91838,1828
sh600259,539,1183,0
sz000611,0,2341,0
sh600790,0,0,0
sh600249,0,0,0
sz000677,0,0,0
sh603298,0,0,0
sz300152,14473,3500,0
sz300256,0,0,0
sh603599,0,0,0
sh600459,1309,0,0
sh603058,7600,14245,0
sh600337,0,3047,0
sz300314,0,0,0
sz000780,3783,0,0
sz300102,3589,0,0
sz002848,0,0,0
sz000806,148542,35568,0
sh600810,40981,28144,0
sh603208,0,0,0
sh600826,0,0,0
sz002889,0,0,0
sh600546,0,9965,0
sz002714,12701,21470,0
sz300380,0,0,0
sz002793,794,0,0
sh603809,947,512,0
sh600307,67954,19510,0
sz300676,7559,1595,273
sz000682,0,0,0
sz002243,0,0,0
sh600687,3542,0,0
sh603816,0,1517,0
sh600825,0,0,0
sh600965,0,0,0
sz300307,0,0,0
sh603899,0,405,0
sz300121,0,0,0
sh603386,0,0,0
sz002885,667,0,0
sh600543,0,0,0
sz002716,1967,6304,0
sh603111,6672,0,0
sh600728,6914,3070,0
sh600714,0,2696,0
sz000506,15184,0,0
sz300182,36037,15501,0
sh600802,2277,0,0
sz002156,24802,10863,1209
sh600299,0,1003,0
sh603569,0,0,0
sz002115,0,0,0
sz300643,0,0,0
sz002083,0,1810,0
sh603085,1899,0,0
sh600622,0,1000,0
sz002830,0,0,0
sz002504,0,0,0
sz300500,1001,0,0
sz002326,2542,0,0
sz300622,500,0,0
sh601088,52530,63786,539
sh600192,0,0,0
sz000927,2579,0,0
sz002506,6963,15231,0
sh600096,0,0,0
sz002852,0,0,0
sz300485,0,0,0
sh603818,0,0,0
sh600781,0,0,0
sz002806,0,0,0
sh600997,7331,4736,0
sz002671,0,0,0
sz000545,2691,2560,0
sh600481,0,0,0
sz002642,1946,3010,0
sz000028,0,0,0
sz002029,4358,0,0
sz000838,0,0,0
sh600029,342184,311351,4878
sh600261,0,0,0
sz300449,0,0,0
sh600162,24674,16775,0
sh600071,0,0,0
sz002416,0,0,0
sh603963,0,0,0
sz002586,1390,0,0
sh600199,1588,0,0
sz000897,0,0,0
sh601375,21573,3961,0
sz002289,0,0,0
sh600789,140794,80886,6104
sz000592,0,2612,0
sz000902,995,1517,0
sz300522,0,0,0
sz000786,33401,22993,988
sz300242,0,0,0
sh601600,17631,0,0
sz002294,4101,798,0
sh601229,25880,39361,0
sz300230,0,0,0
sh603976,0,0,0
sz300323,14665,5081,0
sh600310,0,0,0
sz300398,4336,1012,0
sh600765,5241,0,0
sz002415,216683,112537,12887
sz300637,0,0,0
sz002779,0,0,0
sh600458,0,0,0
sh603661,185,200,0
sh603300,0,0,0
sz002116,0,0,0
sh600903,115319,156725,13322
sz000520,3837,0,0
sz000585,3000,0,0
sh601139,0,0,0
sh600280,0,0,0
sz002210,75531,33560,770
sz000920,0,0,0
sz300592,0,0,0
sh600897,0,0,0
sz000586,0,0,0
sz300438,0,0,0
sh600590,0,0,0
sh600161,3555,0,0
sh600839,22173,16563,0
sz002239,2753,0,0
sh601226,0,0,0
sh601177,0,0,0
sh601727,0,0,0
sz002658,0,5708,0
sz300360,0,0,0
sz300702,0,0,0
sh603919,0,0,0
sz300369,10529,9298,0
sz002241,179787,223085,3633
sz002240,8571,4217,0
sh600159,0,0,0
sz300434,0,0,0
sz000573,0,0,0
sz002581,0,1720,0
sz300037,3192,0,0
sh600108,0,21307,0
sz002689,0,0,0
sh600636,2005,5022,0
sz300263,0,0,0
sz300216,53414,28003,3666
sh603519,0,0,0
sz300600,0,0,0
sh600073,12210,0,0
sz002663,6690,7121,0
sh600021,0,1383,0
sz002025,6077,2008,0
sz002880,0,0,0
sz000889,0,0,0
sz300721,0,471,0
sz300391,0,0,0
sh600206,29980,11178,0
sh600567,658202,517183,11718
sz002315,0,0,0
sz300163,0,0,0
sz002447,8948,24169,0
sz002883,310,230,0
sz002324,0,500,0
sz002280,1891,0,0
sz002273,39784,16027,0
sz300094,0,0,0
sz002787,0,0,0
sz002299,12565,837,0
sz002567,0,0,0
sz300123,0,0,0
sz300261,0,0,0
sz000811,0,0,0
sz002665,0,8951,0
sz002063,5126,2288,0
sz000938,1249,844,0
sh603266,0,0,0
sz000565,0,0,0
sz002270,0,0,0
sz002238,0,0,0
sh600390,0,1000,0
sz002276,1832,0,0
sz002166,0,1157,0
sz002371,25724,21422,928
sz002028,18094,24044,0
sz000403,455,0,0
sz300513,0,0,0
sz002795,0,0,0
sz300001,0,1389,0
sz002393,404,0,0
sh603879,0,0,0
sh600643,18116,21834,1053
sh603838,0,0,0
sh600742,988,0,594
sz300267,63131,51331,1959
sh600556,0,0,0
sz002174,728,0,0
sh603716,452,392,0
sh600841,0,0,0
sz300041,4501,1903,0
sh603063,0,0,0
sz000828,1773,0,0
sz002086,8802,0,0
sh600747,0,0,0
sh601966,1039,1593,0
sh600597,3169,2623,0
sz000982,0,4000,0
sh603356,8609,43461,1437
sz300408,35547,12827,510
sh600529,1315,0,0
sz002244,19547,17753,0
sh600321,12091,4683,0
sh603639,0,0,0
sh603985,0,0,0
sh603871,2104,1740,362
sz300175,0,0,0
sz300201,0,0,0
sh600123,34231,3187,0
sz300532,0,0,0
sz300310,2900,0,0
sh600511,1837,1774,0
sz002785,927,0,0
sz000949,0,0,0
sh600101,0,0,0
sh600475,0,0,0
sh601002,7125,0,0
sh603037,0,569,0
sh603363,3133,705,0
sz000070,0,0,0
sh603555,13018,11557,0
sz300352,7827,5901,0
sh603559,38954,18534,0
sh600282,469042,513112,0
sh603721,0,0,0
sh600595,22658,0,0
sz002013,9717,1409,0
sz300164,0,0,0
sz002453,0,0,0
sz000039,6853,9788,0
sz000795,0,0,0
sz002056,5356,7789,0
sz002681,1361,2183,0
sh600061,0,0,0
sz002905,2774,2721,0
sz300639,0,207,0
sz000591,0,0,0
sz002569,0,0,0
sz300285,0,0,0
sh600707,0,0,0
sh603387,219,0,0
sh603918,0,700,0
sh601857,81103,90131,0
sh600990,0,1613,0
sz000539,0,0,0
sz000155,22171,7250,0
sz002903,1316,361,0
sz000503,27209,27542,4533
sz300415,3004,0,0
sh601111,186237,146619,5313
sh600007,0,0,0
sz300215,0,0,0
sh601688,193147,150498,7675
sz300295,0,0,0
sh603717,0,0,0
sz002775,1461,0,0
sh600702,2185,4099,0
sh600748,0,0,0
sh600009,19269,10432,541
sh600894,0,0,0
sz000593,1558,0,0
sz300382,1813,2912,0
sz002596,41181,47530,1214
sh601788,5579,1582,0
sh603579,0,201,0
sz002560,0,0,0
sz300209,0,0,0
sz002186,0,0,0
sz300095,1593,2063,0
sh603817,0,0,0
sh600062,478,0,0
sz002048,1175,1213,0
sz002224,0,0,0
sz002486,38801,9878,0
sz002853,540,0,0
sh601113,4751,0,0
sh600247,1366,0,0
sz300601,4731,1166,0
sz000058,0,0,0
sh600467,4795,3892,0
sh603232,0,0,0
sh600592,0,1410,0
sz300183,4224,1946,0
sh603178,0,0,0
sz000550,522,701,0
sh600466,31929,34131,1136
sz002686,0,0,0
sh601858,0,0,0
sh603515,0,0,0
sz000413,40190,28821,0
sz002708,0,0,0
sh600705,22575,36703,0
sz002878,542,419,0
sh603906,0,0,0
sh600178,5609,0,0
sz300070,32979,13918,0
sz002873,0,0,0
sz300320,5006,1500,0
sz002595,0,0,0
sh600201,3132,1200,0
sz002573,14837,11896,0
sz002088,784,0,0
sz300023,0,0,0
sz000017,0,0,0
sz000851,0,0,0
sz002678,0,0,0
sh600746,0,0,0
sh603113,585,0,0
sh600650,0,0,0
sh600237,0,0,0
sz300470,0,312,0
sz002142,23676,20890,761
sh601965,0,0,0
sz002256,4045,7444,0
sz002363,0,0,0
sz300403,0,0,0
sz300662,0,0,0
sh603110,0,0,0
sh600302,0,0,0
sh603527,0,0,0
sz300530,0,0,0
sz002296,0,0,0
sz002007,4393,448,0
sz002081,20117,36366,1071
sz000301,7047,7303,0
sz300009,12930,3067,0
sz300107,60625,228278,20594
sz000567,2130,2725,0
sz002204,0,3562,0
sh600838,0,1685,0
sz300548,0,0,0
sz000880,0,0,0
sz000639,0,0,0
sh603186,835,0,0
sz300022,0,7322,0
sz002262,0,0,0
sz002783,0,0,0
sh600408,4286,0,0
sz000921,854,1038,0
sz002842,315,0,0
sz300244,2285,3873,0
sh600234,0,0,0
sz002750,0,0,0
sz000626,0,2038,0
sz000615,6591,5916,0
sz002923,744,0,0
sh600262,1244,1366,0
sz002498,0,0,0
sz002582,0,0,0
sz000713,0,0,0
sz300684,5971,4534,545
sz000069,83533,116470,4182
sz002543,0,0,0
sh601166,276589,310204,6231
sh601567,0,0,0
sz002645,5849,3363,1358
sz000739,0,0,0
sz002365,1524,0,0
sz300687,0,0,0
sh603169,0,5001,0
sz300668,120,0,0
sz002460,140780,125560,19301
sz000928,0,0,0
sh603286,572,0,747
sh600216,13713,15366,0
sz002151,4637,930,0
sh603903,728,0,0
sz300631,0,0,0
sh600658,0,0,0
sh601801,0,2119,0
sh600898,1000,1108,0
sz000751,13526,7065,0
sz000718,3618,5623,0
sh600025,99006,48960,0
sh600072,3175,1498,0
sz002679,0,0,0
sz300333,0,0,0
sh600571,0,0,0
sz002094,551,0,0
sz002759,793,987,0
sz300160,0,0,0
sh600596,106525,82069,6508
sz300624,918,1769,0
sh600698,11793,21763,0
sh600006,0,0,0
sz300409,8848,4545,272
sh601898,9299,2000,0
sh600319,0,0,0
sh603179,357,0,0
sz300364,12392,4748,0
sz002449,14148,10001,779
sh600095,0,0,0
sz002508,777,4637,0
sh603665,0,0,0
sz002391,0,0,0
sz300510,0,0,0
sz002418,12251,0,0
sh600316,0,0,0
sh600580,0,0,0
sz000502,0,0,0
sh600251,0,1782,0
sh603533,1414,0,0
sz000688,35112,5809,0
sh600421,0,0,0
sz002817,0,0,0
sz002546,0,0,0
sz300381,0,0,0
sz300232,14491,1501,0
sz002220,0,1500,0
sh601016,10000,0,0
sh601155,36626,39085,4996
sz002821,0,0,0
sz000890,0,0,0
sh603117,0,1183,0
sh600398,22536,49483,0
sz002090,0,0,0
sh600383,97647,125354,5841
sz000063,416667,324557,32625
sz300340,4453,1775,0
sz300353,0,0,0
sz300099,0,2000,0
sh600979,0,4990,0
sz000967,0,0,0
sz300517,0,0,0
sz002404,0,0,0
sz300733,0,12922,0
sh601992,200329,146674,0
sz000685,0,1301,0
sz002706,0,0,0
sh600063,3045,0,0
sz000659,25896,8442,0
sz300058,123389,76945,4487
sh601799,518,0,0
sz300061,1369,0,0
sz000528,80422,49654,1443
sz300658,0,0,0
sz002293,0,0,0
sh600436,3726,929,0
sh600243,0,0,0
sh600166,36405,38400,0
sz000735,63457,37945,7460
sz002281,45029,19734,506
sz000609,0,0,0
sz002302,9184,3523,0
sz002628,0,0,0
sz002534,0,0,0
sz002855,0,0,0
sz300124,30530,8154,4142
sz002146,273939,307811,11884
sz000702,0,0,0
sh603099,0,0,0
sz002341,4483,3437,0
sh601886,1146,1288,0
sz300705,0,0,0
sh603908,0,0,0
sz300142,6994,2463,0
sz300374,0,0,0
sz002909,0,0,0
sz002359,31753,34011,799
sz002070,0,0,0
sz300262,0,1210,0
sz300514,1330,662,0
sz002609,2003,0,0
sh600896,0,2255,0
sh601969,0,0,0
sz000613,0,2817,0
sh603989,294,281,0
sh600392,72264,54186,5266
sh601015,0,0,0
sh600545,0,0,0
sz300595,212,600,0
sz002372,7657,0,0
sh601318,244469,241847,29463
sz300138,0,0,0
sz000826,3027,1995,1001
sh603101,0,0,0
sz000021,15896,4993,0
sh601188,0,0,0
sz002380,997,0,0
sh600298,3133,1202,0
sh600246,0,3471,0
sz002034,0,0,0
sz002673,16589,10394,0
sz300324,4146,1443,0
sz000400,3653,1187,0
sz002095,2475,667,0
sh600917,0,1235,0
sz000898,60573,111217,0
sz300706,1258,1061,0
sh603041,0,0,0
sz000906,0,0,0
sz300399,0,0,0
sz002207,0,1787,0
sz000731,2400,1510,0
sz300697,0,0,0
sz000552,10405,9928,0
sz000798,0,0,0
sh600038,10957,3309,0
sh600056,3307,10054,0
sz002499,0,0,0
sz002659,0,0,0
sz300459,0,1175,0
sz300527,1930,6000,0
sz000729,5000,0,0
sz300596,999,0,0
sh600491,1050,1103,0
sz002554,0,0,0
sz002216,0,0,0
sz002060,0,0,0
sh601038,0,1472,0
sz000776,76525,44899,2569
sz300418,55340,21769,1281
sh600058,0,1010,0
sz000692,0,0,0
sz002277,0,0,0
sz002758,0,0,0
sh601127,0,0,0
sz002397,13102,2209,0
sh600397,0,0,0
sz002422,5649,4401,1307
sz002526,0,0,0
sz300450,5179,1180,375
sz300729,0,0,0
sh601628,12258,9387,0
sz002092,24498,27225,0
sz000096,0,0,0
sz002633,0,0,0
sh600151,8442,3926,0
sz002346,0,0,0
sz000861,0,0,0
sz300279,0,0,0
sh600105,0,0,0
sz002405,74096,31910,5691
sz002127,5425,1825,0
sh600662,0,0,0
sh603556,0,0,0
sz300204,0,1002,0
sh600778,2000,3541,0
sz002590,0,0,0
sz002698,0,0,0
sh600345,5208,1385,0
sh603368,0,0,0
sh600311,0,0,0
sh600039,8328,6733,0
sz300486,0,0,0
sz000637,0,0,0
sh600598,13240,11760,1274
sh600635,0,5600,0
sz300229,0,0,0
sz002431,8039,7854,0
sh600461,4779,0,0
sh603833,72,543,0
sz000955,1784,0,0
sh600093,18938,13250,2462
sz000498,0,0,0
sz002010,0,0,0
sz300370,0,0,0
sz000407,0,0,0
sh603200,0,0,0
sh600739,2760,7867,0
sz002459,0,0,0
sz002640,0,0,0
sz000901,0,703,0
sh600423,0,0,0
sh600064,0,0,0
sz002458,15864,20591,0
sz000532,0,0,0
sh600834,0,0,0
sz300400,0,800,0
sz300483,0,0,0
sh603922,0,0,0
sz002153,9454,1760,0
sz300432,942,0,0
sz002001,46390,55519,3202
sz000932,145363,142146,1479
sh600668,1056,0,0
sz001979,75234,111278,4757
sh600295,948,2753,0
sz002922,1501,0,0
sh600232,0,0,0
sh600718,5594,0,0
sz300446,0,0,0
sh600851,0,0,0
sz000601,0,0,0
sz000040,1500,0,0
sz002061,5614,5323,0
sz002703,0,0,0
sh603035,764,0,0
sh600565,15450,9433,0
sh603933,912,949,0
sz002135,0,0,0
sh603737,0,372,0
sz002117,1169,0,0
sz002279,6735,1305,0
sz002448,3533,1300,0
sh600502,5830,0,0
sz000560,0,0,0
sz002550,0,0,0
sz000983,94219,96141,2283
sz000598,3103,5811,0
sz000803,0,0,0
sz300518,0,0,0
sz002837,1182,911,538
sh603385,0,890,0
sh600909,5749,1408,0
sh600845,3026,1789,0
sh603299,0,0,0
sh603060,0,0,0
sz002900,0,0,0
sz300296,17981,2608,0
sz002788,0,0,0
sz002868,0,0,0
sh600358,0,0,0
sh600895,0,836,0
sh600074,9689,19237,0
sz002128,31168,37440,0
sh600908,9916,0,0
sz002740,0,0,0
sz000631,0,2581,0
sh603345,0,0,0
sh603669,0,0,0
sz002446,0,0,0
sz000501,0,0,0
sh601069,2233,2975,0
sz300293,0,0,0
sh601018,37993,6287,0
sz300155,2828,2318,0
sh600736,0,0,0
sh603020,0,0,0
sh600060,2899,2022,0
sz300665,0,0,0
sh600730,0,0,0
sz002247,0,0,0
sh600876,800,629,0
sz002532,0,0,0
sz300689,0,0,0
sh601366,0,0,0
sh600588,86715,63442,5410
sz002501,11146,3564,0
sz300347,428,558,0
sz000026,0,0,0
sz002466,60501,72955,9342
sz300303,3299,0,0
sz000541,0,0,0
sz300197,6414,7068,0
sz300719,552,1000,0
sh600818,0,0,0
sh600422,18076,12540,0
sz000988,3632,4425,0
sh601968,0,0,0
sz002570,5015,6381,0
sz002884,0,0,0
sz300241,0,720,0
sz002755,0,0,0
sh600634,0,0,0
sz000530,0,0,0
sz000100,836919,483433,0
sh600881,0,0,0
sh600463,1005,0,0
sz000957,1080,1256,0
sz300632,0,0,0
sh600509,0,0,0
sz000099,0,0,0
sh600995,0,0,0
sh600780,0,0,0
sh603882,0,0,0
sz000886,8128,34248,0
sz300515,0,2798,0
sz000519,2019,4662,0
sh601877,21557,19334,0
sz002283,0,0,0
sh603429,0,0,0
sz002406,0,0,0
sh600228,0,0,0
sh600017,8288,25865,0
sz002396,7156,3619,0
sh603901,0,0,0
sz300120,0,0,0
sz300480,0,0,0
sh601789,0,0,0
sh600479,0,1567,0
sz000012,5418,1577,0
sz002378,1475,0,0
sh600391,0,2335,0
sz300213,2174,8847,0
sz002537,7173,0,1009
sz300084,0,0,0
sh603233,0,0,0
sz002515,5883,1472,0
sh600562,3577,600,0
sz002685,0,0,0
sz300691,1104,0,0
sz300531,0,0,0
sz300199,843,2000,0
sz002445,1001,0,0
sz300214,3108,0,0
sh600603,1294,0,0
sz002790,0,0,0
sz002589,35007,15440,808
sz002145,1924,5401,0
sh600566,2955,992,0
sz300277,18066,8047,0
sh600418,2200,7222,0
sh600549,33645,20556,1458
sh600131,0,0,0
sz300649,0,0,0
sz300681,0,0,0
sh603813,1591,8920,0
sz000701,0,0,0
sz300147,0,0,0
sh603012,0,0,0
sz002561,0,0,0
sh600339,3945,0,0
sz002527,0,0,0
sz300458,1319,3356,0
sz000970,8265,9670,0
sz300281,0,0,0
sz300348,2856,672,0
sz000001,203792,260634,838
sh603308,0,800,0
sh600986,0,1150,0
sh600238,0,0,0
sh600120,1312,510,0
sh603703,3133,1512,953
sz000862,0,0,0
sh601766,183329,114905,0
sz002233,0,1324,1056
sz002674,0,0,0
sh600198,38391,21189,0
sh600754,1381,329,0
sz000952,0,0,0
sh600218,0,0,0
sh600557,971,0,0
sz002608,0,0,0
sh600684,12118,1955,0
sz000523,0,1490,0
sh600854,0,0,0
sh600139,2568,0,0
sz000630,86171,83878,0
sh600197,2755,3545,0
sz300679,0,192,0
sz000505,0,1396,0
sz000059,15055,10426,0
sh600884,25597,14088,0
sz300130,0,0,0
sz002683,0,0,0
sz300210,0,0,0
sz002106,0,1328,0
sz000963,2963,4362,0
sh600609,0,4285,0
sh600563,3287,1598,0
sh600820,1936,1324,0
sh601939,296420,313816,3100
sh600723,0,0,0
sz002250,0,1119,0
sh603678,0,0,0
sz002360,0,2162,0
sh603001,0,0,0
sz002732,0,0,0
sz000797,0,0,0
sz002494,1303,0,0
sh600460,435072,344549,67919
sh600329,0,0,0
sz000555,0,0,0
sh603999,0,0,0
sz002206,2240,2591,0
sh600575,3000,0,0
sz300309,3271,0,0
sh600136,0,0,0
sz002593,0,0,0
sz002749,0,0,0
sz300200,0,0,0
sz002620,0,0,0
sz002780,0,0,0
sz000507,22460,21482,0
sz002672,3833,3308,0
sh600716,0,0,0
sz300507,466,0,0
sz300066,0,0,0
sz002760,8214,2841,0
sz002411,22333,3170,2177
sz300648,211,0,0
sh601601,32285,27123,3561
sz000937,9512,7729,0
sz300052,985,0,0
sh600770,0,0,0
sh600663,0,0,0
sz002615,0,0,0
sz002038,0,1689,0
sz002748,0,0,0
sz002235,4835,2398,0
sz002064,3216,0,0
sh603238,0,0,0
sh603611,0,0,1100
sz002011,2003,8360,0
sz002829,0,0,0
sh603825,0,0,0
sh603801,0,528,0
sz002444,4044,869,0
sz000737,5000,3000,0
sh603335,0,0,0
sh603586,0,0,0
sz002179,11993,3633,843
sz002265,0,0,0
sz002149,0,0,0
sz000050,22751,8306,0
sz002833,0,0,0
sz002462,0,1297,0
sz000419,0,0,0
sz300321,0,0,0
sh600771,0,3320,0
sh603023,0,0,0
sz000858,72617,79006,5899
sh603588,1000,1000,0
sh600653,14010,0,0
sz300433,16413,4571,449
sz300736,1346,0,0
sz300508,0,0,0
sz300196,0,2817,0
sz300076,0,0,0
sz002217,32223,6234,0
sh601668,586916,642886,3484
sh603389,0,0,0
sh603757,0,0,0
sh600708,1386,15080,0
sh600706,0,0,0
sz002912,453,134,207
sh603303,0,0,0
sz300474,2838,2960,0
sz002657,549,770,0
sz002867,0,0,0
sh603615,0,0,0
sh600126,0,0,0
sz000809,0,0,0
sz002158,0,4534,0
sz002310,11233,7700,0
sz002765,0,0,0
sh601588,4823,0,0
sh601163,0,0,0
sz300478,0,0,0
sz002125,0,0,0
sz002017,0,0,0
sz002901,400,775,0
sh600999,12142,12590,0
sz002102,8968,14002,0
sz000800,10750,3334,0
sz300730,1323,695,0
sz002335,0,0,0
sz002634,0,0,0
sh601918,0,7984,0
sz300005,8031,0,0
sh600376,2524,1256,0
sh603022,0,0,0
sz300618,8283,6243,1225
sz002630,0,998,0
sz002472,0,0,0
sh600958,18325,6920,0
sz002819,0,0,0
sz002089,34086,36500,0
sz000571,0,5555,0
sz300487,56935,83486,10298
sz000981,0,0,0
sh600372,0,0,0
sz300414,0,0,0
sh600992,0,0,0
sz300570,0,588,0
sz002006,0,0,0
sz002896,0,0,0
sh600448,0,0,0
sh600110,16796,9031,0
sz000852,0,0,0
sh600570,16856,8408,0
sz300313,0,0,0
sh600587,0,1749,0
sz002129,153245,182316,3096
sh600066,11840,13787,1048
sz000488,64095,46019,4831
sz300276,816,0,0
sh603277,0,0,0
sz002890,0,0,0
sh600688,12526,30449,0
sz300002,8284,6523,0
sz002869,863,0,0
sz300555,0,0,0
sz002320,16478,24136,1935
sz000589,0,0,0
sh603656,0,0,0
sz300499,0,1100,0
sz002841,0,0,0
sz000993,0,1446,0
sz300177,0,0,0
sh601828,47145,31750,2598
sz300269,940,0,0
sz002120,471,310,0
sh600800,0,0,0
sh600962,1342,1632,0
sz300184,1447,1273,0
sz000705,0,0,0
sz000600,1708,2000,0
sz002548,0,0,0
sz000978,0,0,0
sz300439,0,0,0
sz002822,0,0,0
sh600182,1144,827,0
sh603329,8994,33659,3276
sz000669,919,0,0
sz002624,3666,849,0
sz300722,0,402,0
sz000810,0,0,0
sh601718,5831,2070,0
sz000999,1897,1922,0
sh600696,0,0,0
sh601390,36681,37334,0
sh600980,0,0,0
sh600655,0,0,0
sz002654,0,0,0
sz000966,0,0,0
sz002355,0,0,0
sz000969,0,0,0
sh600410,1032,5184,0
sz002505,20131,0,0
sz000910,1232,1501,0
sz300645,0,0,0
sz300693,344,916,819
sh603626,1560,1913,0
sz002568,0,0,0
sz002228,0,3000,0
sh601228,10021,104527,0
sh600761,5471,0,0
sz300654,2174,0,0
sz001896,0,0,0
sz000423,22212,20770,641
sz002055,0,3497,0
sz002343,330,382,0
sz300106,0,0,0
sz000037,0,0,0
sz300050,1749,0,0
sh600075,1400,2096,0
sh600900,7445,3870,0
sz300251,103455,86384,3206
sz002362,0,0,0
sz002778,610,0,0
sh601019,2427,0,0
sh600796,0,0,0
sh600880,0,0,0
sz002176,113821,64273,1194
sz002719,0,0,0
sz002375,2000,1658,0
sz002826,3293,3147,0
sh603116,0,0,0
sz002587,0,0,0
sh600210,6025,0,0
sh600939,0,0,0
sh600323,0,0,0
sz002144,0,0,0
sh601238,6997,5313,0
sh603008,0,0,0
sz002610,30008,5444,0
sh603797,0,0,0
sh601952,1864,4758,0
sh603322,0,0,0
sh600526,0,0,0
sz300388,1579,0,0
sh600561,0,0,0
sz002428,1000,2900,0
sh603725,0,0,0
sz300283,0,0,0
sz002382,9191,8218,0
sh600353,0,3519,0
sh600506,0,0,0
sz002650,1674887,86727,3084
sh600435,7634,1277,0
sh600547,15973,20605,0
sh601717,5352,3030,0
sz002556,0,1469,0
sz002069,6942,2398,0
sh600712,0,0,0
sz300653,0,0,0
sh600185,18839,3004,0
sz002920,8481,2777,851
sh600022,282967,200329,0
sz300582,0,0,0
sh600433,70989,136004,0
sh603323,14371,0,0
sh603997,0,0,0
sz300571,190,0,0
sh603516,1876,31109,433
sz300589,0,0,0
sz002513,0,0,0
sh603580,0,0,0
sh600097,0,0,0
sh600501,0,0,0
sz002557,0,0,0
sh600777,17526,12820,0
sh600727,5280,4123,0
sz300318,0,0,0
sz002329,7359,0,0
sh601012,60078,47317,1374
sh600605,0,0,0
sz002597,8797,6802,0
sh603707,458,0,0
sz002835,0,0,0
sh603968,0,0,0
sh600731,0,0,0
sh603979,0,0,0
sh601636,89401,152865,0
sh600516,313682,236467,25328
sz300605,0,0,0
sz002729,0,0,0
sh603367,0,0,0
sh600971,9609,2684,0
sh600704,7475,4000,0
sh600196,27953,17895,1299
sz002457,7014,11538,0
sz300669,0,0,0
sz000404,0,0,0
sz300732,183,0,0
sz002688,0,0,0
sh601811,0,0,0
sh603668,0,0,0
sz000401,184676,106412,9399
sz300738,1437,894,0
sh603909,0,0,0
sz002050,30945,13583,0
sh600621,3659,0,0
sz002803,0,0,0
sh600103,0,0,0
sz300615,0,0,0
sh603089,0,0,0
sz300630,0,837,0
sh603568,0,0,0
sz300602,204,253,0
sz002370,0,0,0
sz002516,2000,7268,0
sz300153,0,0,0
sz000568,9300,5656,203
sz000792,85362,52209,1109
sz002579,0,0,0
sh600508,2950,0,0
sz002201,0,1600,0
sz002178,33478,22099,0
sz000159,0,0,0
sz300067,0,2189,0
sz000622,0,5447,0
sh603199,0,0,0
sz002533,0,2500,0
sz002164,0,0,0
sh600599,0,0,0
sz000882,9273,3623,0
sz000888,1000,0,0
sz002334,4126,0,0
sz000755,0,10816,0
sz000514,0,0,0
sz300104,952456,894816,57468
sz002600,88110,51337,0
sz300616,0,0,0
sh603917,0,0,0
sz002377,0,0,0
sz000929,0,0,0
sh603229,0,0,0
sh600068,147915,143539,3223
sz002502,0,0,0
sz300576,0,0,0
sz002073,88291,179364,26249
sh603029,0,0,0
sh600240,0,0,0
sz002843,0,0,0
sh600149,0,0,0
sz300172,0,0,0
sz002387,2000,744,0
sz002438,1500,0,0
sh603269,0,393,0
sh603388,0,0,0
sh600292,0,0,0
sz300506,0,0,0
sh600585,133339,94071,5874
sz300141,1476,2553,0
sh603138,276,400,0
sz300336,6376,1293,0
sh600993,2426,781,0
sh601368,0,0,0
sz000617,802,1000,0
sz300091,801,0,0
sh600085,3017,6005,0
sh603031,0,0,0
sz300302,3228,0,0
sz300692,440,1004,0
sz002175,2000,2896,0
sz300468,0,0,0
sh603096,0,0,0
sz002118,6100,1516,0
sz300110,55133,0,0
sz002680,0,0,0
sh603633,0,0,0
sz300077,25441,16008,0
sh601222,13674,7013,0
sh600158,7738,2514,1141
sz000025,0,0,0
sz002669,0,1053,0
sz002907,14833,13387,922
sh601998,48703,72924,0
sz300407,998,0,0
sh600107,1401,0,0
sz002815,414,0,0
sh600135,0,2650,0
sh600513,0,0,0
sz300051,4063,0,0
sh600360,12791,1939,0
sz002682,0,0,0
sz300635,0,0,0
sz300308,3517,867,0
sh600235,0,0,0
sz002134,0,0,0
sz000553,2877,704,836
sz000825,450842,620872,17332
sz002500,14490,6160,0
sz000020,0,0,0
sh600320,0,4831,0
sh600652,2810,0,0
sz000610,0,0,0
sh601611,0,1602,0
sz000599,0,0,0
sh600067,1655,0,0
sz002454,1050,0,0
sh603959,720,0,0
sz002522,4101,1618,0
sz002478,2060,0,0
sh600099,0,0,0
sz300652,0,0,0
sz002769,762,0,0
sh600724,3178,0,0
sz002282,0,845,0
sh600586,6710,0,0
sh600444,0,0,0
sh600835,5140,3031,0
sz000728,17003,7795,0
sh600710,0,0,0
sh600882,0,0,0
sz002032,522,0,0
sz000687,0,3200,0
sz002908,3117,1114,0
sh600386,0,0,0
sz002109,1546,1544,0
sz300494,0,0,0
sh603003,0,0,0
sz000935,830,1773,0
sz300672,5350,2315,0
sz002191,5540,0,0
sz002099,2092,1950,0
sz000783,9622,6081,0
sh603228,337,0,0
sh600406,5307,1070,0
sh603330,0,0,0
sz002562,800,0,0
sz300069,35361,3230,0
sz002646,0,0,0
sh600371,0,0,0
sz002258,3273,1558,0
sh600886,6527,15167,0
sz000018,0,0,0
sz002286,0,0,0
sz002751,0,0,0
sh603005,13414,2855,0
sz002747,0,0,0
sz002653,1021,0,0
sh603315,0,0,0
sz002225,0,0,0
sz300096,0,0,0
sh600644,0,0,0
sz000726,0,0,0
sz002412,0,0,0
sz000426,13508,10663,0
sz300108,0,0,0
sz002637,0,0,0
sh600623,106235,56804,1128
sh600648,0,0,0
sh600867,1161,506,0
sz002771,0,0,0
sz300282,0,0,0
sz002439,8014,4566,0
sh600236,5686,2009,0
sz000666,0,746,0
sz002731,0,0,0
sh600862,2000,0,0
sz002426,5851,3010,0
sz300043,0,0,0
sz300187,0,1000,0
sz002859,964,509,0
sh603158,0,0,0
sz300655,0,0,0
sz002417,0,0,0
sh600089,30169,3362,0
sz300092,0,0,0
sh600470,0,2285,0
sz002861,0,0,0
sz002291,0,0,0
sz002652,2500,1799,0
sz002497,221082,195171,10437
sh601878,8451,2633,0
sz002376,17815,12122,708
sz300003,5754,6808,0
sh601118,12831,15460,0
sh600183,89655,48803,4472
sh603319,0,0,0
sz000421,0,0,0
sh603617,0,0,0
sh600721,0,0,0
sz002305,7581,0,0
sh601339,0,2020,0
sh600429,0,0,0
sz300436,0,0,0
sh600283,0,949,0
sh601199,0,0,0
sz002496,34898,12031,0
sh603605,905,0,0
sz300272,0,0,0
sz300288,1186,0,0
sh603118,0,0,0
sz300053,7443,4893,0
sz300525,0,0,0
sz000430,0,0,0
sz002313,2850,1219,0
sh600793,0,1206,0
sz000973,2041,2152,0
sz002571,0,0,0
sz002196,0,9094,0
sh600452,0,0,0
sz300404,0,0,0
sz300429,5656,7796,0
sz002278,40508,0,0
sz300410,0,1309,0
sz002389,2634,1613,0
sz002077,0,0,0
sz300048,0,0,0
sz002519,5933,12269,0
sz002074,11519,6821,905
sh600285,3626,0,0
sz300472,0,0,0
sz300081,4219,0,0
sh600535,1005,641,602
sh600493,0,0,0
sz002846,0,0,0
sz002493,78276,36405,604
sz000411,0,0,0
sz002770,3490,0,0
sh600745,4999,3304,0
sz300471,0,0,0
sz000603,0,0,0
sh603444,636,309,0
sh600677,0,0,0
sz002304,2944,4473,280
sh603019,78713,40191,1939
sz300539,0,0,0
sz002588,0,0,0
sz002823,0,0,0
sh601608,2888,2988,0
sz002045,23988,15773,798
sz000903,6660,5000,0
sz300572,0,0,0
sz002879,0,333,0
sz300305,0,0,0
sh601579,0,0,0
sh600449,0,1006,0
sz300275,0,0,0
sz002480,0,7865,0
sz300343,9202,7006,0
sz002333,2102,0,0
sz300166,60539,39823,7587
sz002470,1426,4884,0
sh600601,0,5000,0
sh600540,0,0,0
sh603916,0,0,0
sh600615,0,0,0
sh601881,24127,26518,0
sh603728,0,0,0
sz002888,0,0,0
sh600837,80680,72077,0
sh600239,0,23095,0
sh603508,725,0,0
sz300575,0,0,0
sh603619,1705,1163,0
sz300375,0,0,0
sz300062,2000,0,0
sz002295,0,0,0
sh600830,0,5882,0
sz000428,0,0,0
sz300349,397,2806,0
sh603577,0,0,0
sz002666,30880,9511,0
sz002395,0,0,0
sz000333,37653,40670,4270
sh603722,0,367,0
sz300629,0,0,0
sz300287,24667,14615,0
sz300019,0,0,0
sz000651,145666,149158,10953
sh603421,0,663,0
sz002735,0,0,0
sz000736,0,1378,0
sz002495,0,0,0
sh600369,5015,11048,0
sz300335,1688,0,0
sh603663,0,0,0
sz000711,918,5839,0
sh600629,0,1000,0
sh600801,12206,5252,0
sz000868,10630,20609,0
sh600011,9503,0,0
sz002483,0,0,0
sh600883,0,0,0
sh603606,0,0,0
sz000526,0,0,0
sh600533,0,0,0
sz000638,0,0,0
sz000863,0,0,0
sh600385,0,1198,0
sh600996,0,0,0
sz300390,0,0,0
sh600795,149968,112544,0
sh600293,0,0,0
sz000883,2900,0,0
sz300710,0,0,0
sz300538,0,0,0
sh603528,0,0,0
sz300366,0,0,0
sz000785,0,0,0
sh600589,0,0,0
sh600348,27687,54167,7890
sh600338,1110,1473,0
sh600381,0,0,0
sz000418,1471,182,0
sz002269,0,10009,0
sh600759,2915,9767,0
sz300341,0,0,0
sz300419,0,0,0
sh600855,0,0,0
sz002137,0,0,0
sz000402,15541,17435,0
sz000777,0,0,0
sh600858,0,0,0
sz300097,4604,516,0
sz300100,1002,0,0
sz002693,0,0,0
sz300394,1005,0,0
sz002531,1724,0,0
sh603798,0,0,0
sz002591,0,0,0
sh600327,0,0,0
sz300497,431,582,0
sz002148,0,0,0
sh600969,0,0,0
sh601929,12900,18745,0
sz002746,1141,2528,0
sh603139,0,0,0
sz002709,2359,3164,303
sz300627,0,0,0
sz000881,0,0,0
sh600846,10037,2706,0
sz002468,13750,1625,0
sz002110,74687,84889,5745
sz002339,1749,0,0
sh603709,9313,10337,4144
sz000738,4692,844,0
sh600301,0,0,0
sz000715,0,0,0
sh603960,0,0,0
sh601233,37794,24518,1304
sh600560,1286,0,0
sz000768,20984,3554,0
sz300457,450,0,0
sh600673,120134,76845,0
sh603535,910,0,0
sh600387,0,0,0
sh603855,0,0,0
sh600354,21754,33041,2828
sz002264,1684,2121,0
sh600189,0,0,0
sz002670,5122,1609,0
sz002385,14132,9577,0
sz002541,0,0,0
sh600726,0,0,0
sz002152,19711,3389,0
sz300057,0,0,0
sz002601,24229,18275,776
sh600351,0,1969,0
sh603366,0,2020,0
sh600679,0,0,0
sh600082,0,2000,0
sh601126,0,2833,0
sz300101,29035,7003,972
sh601107,0,0,0
sz300357,0,0,0
sz300542,0,1838,0
sz000619,7347,0,0
sz002441,0,0,0
sh600988,4425,25461,0
sz000869,0,0,0
sh603507,331,511,0
sz300118,0,0,0
sh600202,0,0,0
sh603278,0,0,0
sz002542,1602,1889,0
sz000582,0,0,0
sz300202,944,0,0
sh600335,1537,0,0
sz002268,5471,5211,507
sh600208,32014,50793,0
sz002477,23983,18034,0
sz300740,35696,29785,7114
sh600843,0,0,0
sz002577,0,0,0
sh600079,10193,7878,0
sz000908,0,0,0
sh600396,0,0,0
sh603823,0,0,0
sh601009,98682,99726,0
sz300579,0,0,0
sz300299,0,0,0
sz002886,590,0,0
sh600468,0,0,0
sz002245,17616,3410,0
sz300581,0,0,0
sh603789,0,0,0
sz300088,123589,59340,0
sz000420,4107,0,0
sh601996,6008,4000,0
sz300671,920,0,0
sh600057,4414,1607,0
sz300726,0,0,0
sz000727,52070,31163,0
sz002799,0,0,0
sz300386,0,0,0
sh600098,0,0,0
sz000338,62512,44504,0
sz002351,0,0,0
sh603877,1422,0,0
sz002059,0,0,0
sh603466,2374,2720,0
sh600028,459595,509430,2305
sz002832,0,0,0
sh600578,0,0,0
sh600817,0,0,0
sh603828,0,0,0
sh600469,2829,0,0
sh603990,0,0,0
sh603080,1553,3841,0
sz002284,0,0,0
sh600680,0,0,0
sz002614,551,0,0
sh601519,2500,0,0
sh603500,0,0,0
sz300151,0,0,0
sz300354,0,0,0
sz300217,0,0,0
sz002390,0,5151,0
sh600377,0,0,0
sz300257,0,0,0
sz000987,0,0,0
sz300713,186,0,0
sh600717,5021,1631,0
sh600961,0,0,0
sh601991,0,0,0
sz300559,0,0,0
sh603536,0,0,0
sh600281,0,0,0
sh601128,19143,0,0
sz002651,0,0,0
sz002023,2327,0,0
sh601169,58707,45357,0
sz000010,6000,0,0
sz300490,0,0,0
sz300456,342,0,500
sz002234,9921,8775,0
sh603912,581,0,0
sz300024,4209,3937,0
sz000750,21636,16022,0
sz300265,0,0,0
sz300511,0,0,0
sh600613,1386,0,0
sz300466,0,0,0
sz000913,0,5085,0
sz000529,0,0,0
sz300233,3880,0,0
sz002636,0,0,0
sz002190,1353,0,0
sh600258,1821,1817,0
sz002100,0,0,0
sz002327,0,0,0
sz300620,0,0,0
sz002482,5284,0,0
sh601001,8011,6439,0
sh600630,0,0,0
sh603890,0,0,0
sz002104,0,0,0
sz002463,8946,0,0
sz300416,1600,0,0
sz300523,0,0,0
sh600363,0,0,0
sh600184,0,0,0
sh600536,2816,2189,0
sz002084,0,0,0
sz002254,4762,0,0
sh601101,9060,4522,0
sh603488,0,0,0
sh603699,94698,4861,0
sz000153,0,0,0
sz002297,3176,5473,0
sz002407,10375,5241,0
sz300686,0,0,0
sh600743,3620,0,0
sh603711,492,458,0
sz300549,0,0,0
sz300642,0,0,0
sz300467,0,0,0
sz002479,0,10695,0
sh603595,533,1124,0
sh601800,33811,18018,0
sz002850,0,0,0
sz300330,0,0,0
sz300017,97630,58582,2344
sh600106,0,0,0
sh603880,0,0,0
sh603203,0,0,0
sz002887,334,473,0
sh601005,5312,0,0
sz300569,0,0,0
sz000922,0,0,0
sz002429,23945,12708,0
sz000425,146894,66685,0
sz002368,5197,910,0
sh600606,270789,422962,5071
sz002705,0,0,0
sh600803,2945,911,0
sz002627,0,0,0
sh603758,0,0,0
sh600242,0,0,0
sz300666,3798,5351,0
sz002810,600,0,0
sz000836,22369,14031,0
sz300264,0,0,0
sz300176,100,91,0
sh600490,226480,315917,7410
sh600340,68076,76690,10730
sh600573,0,0,0
sz000960,23943,18967,928
sz000732,81161,81562,13360
sz002752,0,0,0
sz300167,11280,3943,0
sh601006,35515,6584,0
sh600767,0,0,0
sh600160,244992,107928,14856
sz300546,0,0,0
sz002361,0,0,0
sz300473,340,0,0
sz002757,0,384,600
sh603108,0,1794,0
sh600651,1278,4698,0
sz002016,52559,58067,2510
sz002249,0,4938,0
sz300422,830,3056,0
sz300484,0,0,0
sh600169,0,0,0
sh601116,625,1130,0
sz300587,0,0,0
sh600675,0,0,0
sz300385,0,0,0
sz002433,0,0,0
sh600403,0,0,0
sh601985,25582,94603,0
sz002344,0,0,0
sz002585,0,0,0
sz002616,0,0,0
sh600674,14594,15175,0
sh600078,0,4900,0
sz000671,83656,93536,1176
sh603688,0,1000,0
sz300465,0,0,0
sh600177,21344,9516,0
sh603578,350,416,311
sh600488,0,0,0
sh603027,800,0,0
sh600207,4414,0,0
sz002381,0,0,0
sz000859,0,0,0
sz002599,0,0,0
sh600081,0,0,0
sz002388,0,2335,0
sh600559,2217,3029,0
sz000752,0,0,0
sh600864,2900,0,0
sz000510,4737,0,0
sz000833,0,0,0
sz002481,7580,3000,0
sz000049,7180,929,0
sh601999,0,0,0
sz300577,0,0,0
sz002807,11258,2797,0
sz002563,0,0,0
sz300699,1124,1278,0
sh600030,736330,651005,30300
sz300178,2022,0,0
sz002062,0,0,0
sz002802,0,0,0
sz300556,0,0,0
sz300533,0,0,0
sh603839,0,0,0
sz002772,0,0,0
sh600480,0,0,0
sh600967,34827,13880,0
sz300007,0,0,0
sh600080,0,0,0
sh601100,447,0,0
sh600180,0,0,0
sz300396,0,0,0
sh603658,0,0,0
sh603612,774,940,0
sh600844,0,0,0
sh600477,3690,7627,0
sz002655,1500,1310,0
sz300150,0,0,0
sz300234,0,0,0
sh603328,0,0,0
sh603197,0,0,0
sz000166,46137,11973,0
sz002518,0,0,0
sz000911,0,0,0
sh603166,0,0,0
sh603006,0,0,0
sh600288,1500,0,0
sz002408,3318,9785,0
sh600486,2099,214,0
sz000997,4014,1444,0
sz300720,0,0,0
sh603183,0,0,0
sz002319,0,0,0
sz002112,0,0,0
sh603859,0,0,0
sh600059,0,0,0
sz002910,0,0,847
sh600671,0,0,0
sz300248,0,0,0
sz002603,882,2124,0
sz000899,0,0,0
sz000721,0,0,0
sz300063,4007,0,0
sz002734,0,0,0
sz300389,0,0,0
sh600359,0,0,0
sz002796,0,0,0
sz002521,0,0,0
sz300126,3081,0,0
sz300608,0,0,0
sh601566,0,0,0
sz002036,1208,32712,0
sz300636,0,0,0
sh600275,0,0,0
sh600602,0,0,0
sh601888,8290,13614,238
sh601699,120076,143492,7482
sh603655,836,1040,994
sz002820,0,0,0
sz300185,14915,10319,0
sh600690,35411,80255,746
sh603638,0,337,0
sz300545,0,0,0
sz300218,0,0,0
sz002700,0,0,0
sz002594,36981,21824,2903
sh600138,2800,4224,0
sz000625,10220,15294,0
sz000791,0,0,0
sz300425,1870,8338,0
sh600676,0,0,0
sh600070,0,0,0
sh603860,0,0,0
sz300203,6916,4951,0
sz002221,3640,934,0
sz000661,2077,1626,0
sh600020,6508,0,0
sh600289,3516,4245,0
sz002420,0,0,0
sh601168,21552,11047,0
sh600815,0,6777,0
sh600211,801,0,0
sz300042,620,0,0
sh600782,94849,157896,3043
sh600859,1300,3081,0
sz002455,2161,0,0
sz002536,0,0,0
sh600191,0,0,0
sh600518,2203,2851,0
sz002021,0,7292,0
sz300529,596,0,0
sh600200,0,1210,0
sz002014,0,0,0
sh601989,228842,196207,0
sh601607,13500,4824,0
sz300355,53838,22023,0
sz002184,0,0,0
sz000905,7156,1283,0
sh600083,0,1658,0
sh600350,5502,0,0
sz300551,0,0,0
sz002266,3604,0,0
sz300703,0,0,0
sz002430,745,800,0
sz300112,0,0,0
sz000977,48278,32851,1211
sz002119,560,0,0
sz300055,1351,2696,0
sz000650,0,2082,0
sz002018,2236,0,0
sh603177,0,761,0
sh600611,5352,0,0
sz300536,0,0,0
sz002053,0,0,0
sz300540,0,0,0
sh600229,0,1179,0
sz300563,0,0,0
sh600703,226049,127578,12292
sh600970,14988,26750,1147
sh603819,0,0,0
sz000733,1000,0,0
sz002424,2714,0,0
sh603123,0,0,0
sz002576,0,0,0
sh603331,0,0,0
sz000558,26527,12582,0
sz002812,0,0,0
sz300190,0,0,0
sh600331,5020,0,0
sh600660,10183,4758,0
sh600233,0,0,0
sz002766,0,0,0
sz000504,0,0,0
sh603131,0,0,0
sh603861,0,0,0
sz002180,647,0,0
sz002474,0,0,0
sh600779,2122,1286,0
sz300250,0,0,0
sz002781,0,0,0
sz002742,14394,3783,0
sh603038,0,0,0
sz000008,4706,0,0
sh601208,0,0,0
sz300074,0,1434,0
sh600973,0,0,0
sh603365,450,0,0
