sz002144,0,0,0
sh600114,3554,4619,0
sh600371,0,4213,0
sh603963,740,0,377
sz002738,16002,25870,9992
sh601992,27973,37686,0
sz002758,0,0,0
sh600166,4088,23933,0
sh603889,0,0,0
sz300731,4473,932,0
sz002803,0,0,0
sz002346,8200,41216,592
sz000402,2406,1015,0
sh603569,0,0,0
sh600527,2643,2023,0
sh600358,0,0,0
sz002652,1550,11976,0
sz300286,0,0,0
sz300349,0,562,0
sz002667,0,2510,0
sz300537,0,0,0
sh603226,0,0,0
sz002616,0,0,0
sz300673,0,0,0
sz002023,1235,3906,0
sz300650,865,1153,0
sh603188,0,1050,0
sz002715,4338,1104,0
sh600702,597,6116,0
sz000709,6505,33593,0
sh601878,13125,11039,729
sh600848,5764,6475,402
sz000762,0,2619,0
sh603027,0,0,0
sz300226,6179,7842,167
sh600776,1772,1747,0
sz300376,22758,25288,2735
sh600811,8351,0,0
sz002160,0,0,0
sz300549,0,0,0
sh600130,4066,1724,0
sh603958,0,0,0
sz002066,11182,2814,857
sz002547,13680,1576,2048
sh601088,23910,31406,507
sz000819,11036,29721,0
sh600381,1453,0,0
sh603058,23570,16897,3310
sz300132,0,0,0
sh600336,0,2341,0
sz000422,3815,0,0
sz002531,7758,8964,0
sh603879,0,0,0
sz000622,0,0,0
sh600958,3078,3167,0
sz000778,13783,18308,0
sh601898,7185,11949,0
sz000723,13452,29512,0
sh600363,2274,935,0
sz002539,0,0,0
sz000045,0,1202,0
sz002686,0,0,0
sz002570,5880,26026,5047
sz300152,0,0,0
sz000951,0,0,0
sz000600,2058,5307,0
sz002444,851,2931,0
sz000628,0,1510,0
sz002705,7025,0,0
sz000753,0,0,0
sh603868,300,398,0
sz002615,0,0,0
sz000890,0,1555,0
sz000661,959,3224,150
sz300505,0,0,0
sh603081,0,0,0
sz002869,1600,10204,0
sh600825,0,7087,0
sz300331,585,5483,0
sz002093,0,0,0
sh600280,0,0,0
sz300260,0,0,0
sz300234,0,0,0
sh600816,1004,0,0
sh600025,154257,147419,0
sz300335,0,641,0
sz002759,0,0,0
sh601908,0,0,0
sz300087,0,0,0
sh603595,0,734,0
sz002342,2000,1715,0
sz002063,1282,10877,0
sz002069,3063,4927,0
sz300269,0,1218,0
sh601311,0,0,0
sh603912,2244,1246,0
sz300228,0,0,0
sz002610,5900,23081,0
sz300076,1938,0,0
sh603880,0,0,0
sz000301,0,0,0
sh601128,1503,7031,0
sh600623,0,1617,0
sz002456,81655,59208,4080
sz300422,0,0,0
sh600097,0,0,0
sz300014,8231,4021,0
sz002707,0,0,0
sh600328,1000,0,0
sz002225,0,0,0
sz300119,0,0,0
sh601098,0,2091,0
sh603707,0,1000,0
sz000501,1490,709,0
sz300448,0,0,0
sz000922,1928,4010,0
sh601016,7800,0,0
sz002209,0,0,0
sh600461,7160,0,0
sh600125,61361,36060,3184
sh601872,0,0,0
sz000596,0,0,0
sh603311,0,0,0
sz300581,0,8367,0
sz002236,66209,57399,3738
sh600023,2031,18434,0
sz002573,3394,2800,0
sh600313,0,6349,0
sh600576,3261,3573,0
sh603848,1583,0,0
sh600267,4372,5686,0
sh603229,0,0,0
sz002825,0,0,0
sh600019,85736,118833,2930
sh600579,1926,1879,0
sz002454,0,792,0
sh600062,1862,4541,0
sz000685,1000,2509,0
sz300107,25679,12714,0
sh600875,0,6488,0
sz300218,0,0,0
sh600015,5920,21163,0
sz002392,2254,0,0
sz000411,2054,0,490
sz002062,2437,0,0
sh603516,3020,4593,258
sz000088,0,1895,0
sh603377,0,0,0
sz300529,0,603,0
sh603233,1138,1112,0
sz002281,21202,16537,601
sz002706,0,0,0
sz000697,0,560,0
sz002516,0,13090,0
sz002065,10542,21547,0
sh600671,0,0,0
sh603611,0,0,0
sh600616,0,0,0
sh603023,0,0,0
sz300123,2445,865,0
sz300327,0,393,0
sz002626,715,3829,0
sz002243,0,0,0
sh600332,7325,11171,0
sz002730,0,0,0
sz300521,0,0,0
sh600650,1618,0,0
sh600882,0,0,0
sh600645,1719,6812,0
sh600368,1872,0,0
sz002334,0,7151,0
sh600839,19844,58300,0
sh600841,0,0,0
sz300377,33239,46324,3754
sz300267,27159,17799,0
sh603421,627,0,0
sz002151,3315,1136,0
sh603169,0,0,0
sz002470,4773,11439,0
sz002419,4671,1659,0
sh600868,19302,31982,0
sz000333,16718,41961,904
sz300282,0,0,0
sz300565,0,0,0
sz002059,0,0,0
sh601799,0,330,0
sh603699,649,0,0
sh600525,7417,32890,0
sh600804,20832,9171,832
sh600215,2275,1325,0
sz000902,1883,8276,0
sh603677,0,0,0
sz000877,7198,6624,1256
sz002032,280,546,0
sz002127,0,834,0
sh603038,0,0,0
sz002230,94561,137960,14823
sh600289,0,3403,0
sh600815,0,0,0
sh600335,12841,21774,0
sz300597,0,0,0
sz300539,0,0,0
sh600608,0,0,0
sz000620,0,0,0
sh600519,6208,7356,737
sz002549,2000,0,0
sz300571,1246,233,0
sz300437,0,0,0
sh603960,0,0,0
sh603711,0,1524,0
sz002353,2115,3980,929
sz000151,0,8172,0
sh603685,0,0,0
sz000721,0,0,0
sh600490,11999,35498,0
sz002845,465,0,0
sz000935,26984,20753,3187
sh600406,17148,13499,0
sz000589,0,0,0
sz000777,0,0,0
sz002417,4230,10707,0
sz300176,467,90,0
sz300227,0,541,0
sh601558,11876,0,0
sz002859,800,1516,0
sz002217,7219,15507,0
sz002182,1942,0,0
sz000927,8949,0,0
sh601777,0,0,0
sz000657,0,0,0
sz002337,0,0,0
sh600113,20703,86509,1833
sz002749,182,0,0
sz002293,0,0,0
sz300452,0,0,0
sh601599,11286,2007,0
sz300210,0,0,0
sz300579,284,248,0
sz002801,0,814,0
sh600120,5131,8338,0
sz300263,2200,1980,0
sh601608,0,12772,0
sz002731,0,0,0
sh603633,0,0,0
sz002817,0,802,0
sz002272,5509,0,0
sh601939,223995,213539,0
sz000835,0,0,0
sh600499,18886,16757,0
sz002882,1046,0,0
sh600327,0,0,0
sh600636,0,784,0
sz000996,14769,17967,0
sh603006,0,0,0
sz002115,0,0,0
sz000920,0,0,0
sz300590,0,0,0
sz002138,0,728,0
sh600338,1542,2194,0
sh601390,10718,11701,0
sh600446,4546,5391,0
sh603586,0,0,0
sz300039,2080,0,0
sh603129,0,0,0
sh600136,3989,813,0
sz300475,0,0,0
sz002890,0,0,0
sh603877,520,359,0
sh600429,0,0,0
sh600419,0,0,0
sz000901,4054,483,0
sz002102,0,13467,0
sh603017,0,0,0
sh603099,0,0,0
sz002013,14952,0,0
sz002053,0,0,0
sh600736,1800,0,0
sh600747,5000,0,0
sz001696,1900,0,0
sz002872,0,0,0
sz002359,8326,7871,873
sz000993,4194,0,0
sz002347,0,0,0
sz002009,800,9407,0
sh600698,116870,54250,4838
sz000002,54385,43239,675
sz000738,29196,33118,0
sh600551,0,0,0
sz300326,0,1501,0
sz002529,0,0,0
sh601989,214796,244691,0
sz300245,0,0,0
sh600415,34341,8968,2797
sz002307,0,955,0
sz300161,0,0,0
sz300462,12760,12055,828
sh600193,0,0,0
sh603656,0,0,0
sz300649,0,296,0
sz300414,693,0,0
sh600403,0,0,0
sh600503,1788,0,0
sz300559,0,229,0
sz000780,0,0,0
sh600791,0,0,0
sh603959,0,300,0
sz300459,4096,5665,0
sz002008,13663,13610,509
sz002180,0,388,0
sz000637,0,4292,0
sz000727,8209,10042,0
sh600410,16689,80737,2451
sh600556,3080,0,0
sz300025,6817,3111,0
sz000650,0,10261,0
sh601006,9011,20949,0
sh600017,3117,0,0
sh600081,0,0,0
sz002562,0,1194,0
sz002439,3970,2634,0
sz000068,3213,3799,0
sz300396,305,0,0
sh600074,9994,5000,0
sh603920,0,0,0
sh600668,0,2546,0
sh600352,54429,41985,3512
sz002729,361,0,0
sh600354,2000,0,0
sz002208,90279,68519,6197
sh603339,0,0,0
sh603203,0,0,0
sz300648,0,0,0
sz300401,831,7877,0
sz000767,18390,0,0
sz002819,0,0,0
sz000551,0,0,0
sz300720,0,0,0
sz002921,6299,35832,1066
sz000937,0,16680,0
sz300340,282,861,0
sz002159,0,1770,0
sz002683,3000,0,0
sh600621,16344,13162,0
sz300291,0,1202,0
sh601116,9002,10687,620
sh603900,0,454,0
sz300230,3108,2579,0
sz002915,319,1796,0
sh600281,0,0,0
sh603060,0,0,0
sz000701,0,1721,0
sz300098,5871,9986,0
sh600103,0,0,0
sz000756,0,800,0
sh600833,4808,14337,0
sz002361,3630,0,0
sz002684,0,0,0
sz300517,1068,0,0
sz002183,1591,10800,0
sz002078,2900,19852,0
sz000670,0,0,0
sz300568,2431,0,345
sz002840,0,0,0
sz300741,978,1297,0
sh600195,0,1134,0
sh600377,1766,10003,0
sz000878,7779,10685,0
sz300620,0,0,0
sz000089,1500,5849,0
sz300348,1351,1570,0
sh601231,0,6280,0
sz000679,0,0,0
sz002597,2404,5923,405
sz002896,306,310,0
sz300037,1989,0,0
sz300739,517,1799,0
sh600536,1221,2162,0
sh600658,0,0,0
sz002035,516,0,0
sz002676,5883,16434,0
sz300730,5881,6753,1299
sh600855,3139,929,0
sh600057,0,0,0
sh600061,2964,3874,0
sz300408,10564,9760,0
sh603316,0,0,0
sz000635,0,0,0
sz300654,907,0,0
sz000728,14436,21049,0
sz002300,1445,0,0
sz002010,600,0,0
sz000683,10000,12737,0
sz002452,0,0,0
sz300343,1000,850,0
sz002196,0,1100,0
sh601997,10310,8717,0
sz000100,189575,256045,0
sh603016,0,0,0
sz002496,0,0,0
sh603198,0,0,0
sh601398,706590,657528,3200
sh600853,0,0,0
sz300353,139899,85663,4183
sz002262,0,1032,0
sz000903,0,0,0
sh600829,0,0,0
sh600580,14960,6331,2005
sz002289,0,0,0
sz002002,29586,0,0
sz000011,0,0,0
sh603618,0,0,0
sh601009,17765,19768,0
sz000695,0,0,0
sh603183,0,0,0
sz002320,36220,8563,1028
sz000788,0,2051,0
sz300058,38211,35940,3077
sz000887,2604,700,0
sh600073,4400,1461,0
sz002541,0,0,0
sz002178,11065,19049,4372
sz002033,0,3333,0
sz002631,0,4912,0
sh603708,499,466,533
sh600116,0,0,0
sz000619,0,0,0
sz300338,0,0,0
sh600285,3973,3738,0
sh601177,0,0,0
sh600420,0,1005,0
sz002381,0,0,0
sz002145,0,2555,0
sh600161,1316,3370,0
sz300005,0,2000,0
sh601881,34654,28823,3046
sh603278,0,566,0
sh600561,2900,4375,0
sz000611,2229,3500,0
sz300732,326,830,0
sz002716,48775,26503,1270
sh600513,0,0,0
sz002279,0,8580,0
sz002867,0,477,0
sh603055,0,670,0
sh601991,0,0,0
sz300588,0,0,0
sz000671,24581,14384,0
sh600971,3627,8745,0
sz300675,672,1196,2080
sz000401,20370,35089,0
sz300644,304,693,0
sz300378,1763,1373,0
sh601107,0,0,0
sh600909,5011,3235,0
sz002278,31098,8804,0
sz000893,0,0,0
sh603037,0,0,0
sz000792,16472,17266,1534
sh600418,13384,1321,0
sz000739,3002,2557,0
sz002382,4738,13719,0
sh600345,500,577,482
sz300047,2274,4295,0
sz300040,0,0,0
sh600318,0,0,0
sz002114,2269,850,0
sz300423,0,0,0
sz002432,3150,53196,2838
sz002669,656,0,0
sz002587,3650,41555,0
sz002559,0,0,0
sh603856,0,618,0
sh603079,0,0,0
sz300165,0,0,0
sz002828,0,0,0
sz300021,0,0,0
sh600390,5900,2322,0
sz300419,0,0,0
sz002593,0,0,0
sh603811,0,0,0
sh603717,0,582,0
sh603726,0,0,0
sh600353,0,0,0
sh600660,4065,11374,1241
sz300114,1036,0,0
sz002500,30210,9445,3711
sz000729,0,6642,0
sh603506,1669,1332,1049
sh600312,23242,25228,2313
sh603817,0,0,0
sz002641,0,0,0
sh603556,0,0,0
sz002277,2023,6600,0
sz300072,6615,5048,0
sz000572,3055,0,0
sz000150,0,0,0
sz002108,0,7744,0
sz002734,0,0,0
sz300364,20773,26029,0
sh600573,0,0,0
sz002864,0,1336,0
sh600260,7202,23844,0
sz300355,4405,26875,0
sz002226,18088,38299,1467
sh600096,0,0,0
sz002411,15160,6500,1517
sh603606,0,0,0
sh600343,8451,7298,0
sh603988,0,0,0
sz300525,0,0,0
sz300533,0,0,0
sh600879,52595,17763,0
sh600721,3514,9331,1862
sz002812,241,1435,0
sz000949,0,0,0
sz000536,5072,8309,0
sh600177,0,1482,0
sz300120,0,0,0
sh603158,0,0,0
sh600600,322,1731,0
sz000858,43011,60019,2534
sz002354,7565,5024,0
sz000755,0,0,0
sh600271,14157,28856,476
sh603823,0,0,0
sz002112,0,0,0
sz000698,0,2800,0
sh603303,0,0,0
sh601012,44923,35294,4877
sh603598,0,0,0
sh603299,0,3163,0
sh600588,53553,80936,4187
sz300416,0,0,0
sz300557,0,0,0
sh600582,7915,0,0
sz300077,4969,5287,0
sh603680,586,2352,0
sz002076,0,3360,0
sz002186,0,0,0
sh603366,1694,9420,0
sz002335,0,0,0
sz002505,0,0,0
sz300653,0,286,0
sh600718,0,854,0
sz002248,0,0,0
sh600141,1864,2558,0
sh600522,38188,74755,0
sz000591,0,0,0
sz300553,0,0,0
sz300530,0,0,0
sh600137,0,0,0
sz300233,0,0,0
sz000718,0,2842,0
sz002245,1332,11432,0
sz002871,310,0,0
sh601901,7683,5391,0
sh600350,12092,6221,0
sh600071,0,0,0
sz002218,0,3500,0
sz002088,3025,897,0
sz002897,0,0,0
sh600662,35308,116914,6607
sh600742,755,938,0
sz000667,3628,9610,0
sz000555,70178,201563,32974
sh600547,80733,70492,14399
sz002733,0,0,0
sz002483,0,0,0
sz300195,0,0,0
sh601886,0,0,0
sz002299,0,0,0
sz300224,0,0,0
sh601020,0,0,0
sh600339,3005,2300,0
sz002231,0,0,0
sh600869,7959,24372,0
sz300347,2168,2781,900
sz300511,586,1633,0
sz300304,36626,108034,4229
sh600717,0,0,0
sz002824,0,0,0
sh600739,0,0,0
sz300065,749,4516,0
sz002265,6824,19102,0
sz300585,0,0,0
sz002693,0,0,0
sz300582,0,733,0
sz002045,5208,4662,0
sz300596,0,0,0
sz002555,4726,4785,0
sz002815,0,330,0
sz002028,5511,6897,0
sz002338,0,0,0
sh600803,7320,3622,0
sz002767,0,0,0
sh600298,2540,2570,681
sh600160,292113,158768,20074
sz300643,0,0,0
sz002132,0,0,0
sz000509,117753,139693,0
sz002682,0,0,0
sz000782,2294,0,0
sh600847,0,0,0
sz002611,2179,11509,0
sz000711,1530,1000,0
sh600831,0,0,0
sz002373,5555,8709,0
sh600533,0,0,0
sz002331,0,0,0
sh600637,815,600,0
sz300143,0,0,0
sz300483,0,0,0
sh600159,0,0,0
sz000795,7034,7570,0
sh603878,0,0,0
sz002554,0,0,0
sz002414,0,0,0
sz002036,0,2444,0
sh600234,0,0,0
sz002892,0,0,0
sz300622,0,11499,0
sz002761,2824,6525,352
sh600479,0,742,0
sh600620,0,0,0
sh601999,0,0,0
sz002850,0,613,0
sh601318,509486,549780,75498
sh600152,1581,2318,0
sz002224,1473,1441,0
sh600163,0,0,0
sh600346,23659,18067,0
sz002105,0,0,0
sh603886,0,551,0
sz300556,12594,11350,2104
sz002356,351,1364,0
sz300393,0,0,0
sz000971,0,4266,0
sh600959,0,1914,0
sz300458,697,492,0
sz002689,2069,10785,0
sz002195,20097,39285,0
sz300250,0,0,0
sz000863,0,0,0
sz002863,604,3887,0
sz000957,2572,0,0
sz002698,0,0,0
sz002644,0,0,0
sz300545,0,246,0
sh603118,3427,3709,0
sz000001,412158,323757,1898
sh600082,0,0,0
sh600727,3374,0,0
sh600532,0,0,0
sh600217,0,0,0
sz002185,12043,31322,0
sh600917,0,0,0
sz300202,11983,6757,0
sz000895,439,1592,0
sh600246,0,0,0
sh600609,0,1784,0
sh603456,682,844,0
sz002156,4393,3990,0
sz300735,11761,16399,1400
sz002590,0,0,0
sz002918,227,589,248
sh603096,0,0,0
sh600011,6216,8153,0
sz300041,0,0,0
sh601866,0,0,0
sh600201,6611,3871,0
sh600477,0,1158,0
sh600077,0,0,0
sz000403,0,400,0
sz000938,4089,6323,0
sh603086,0,0,0
sh600773,1012,0,0
sh600764,1722,8469,0
sz300558,573,1857,0
sz002691,0,0,0
sh601200,1487,1889,0
sh603703,0,0,0
sz002221,47042,24520,0
sh603036,0,1532,0
sh603977,0,0,0
sz300184,6577,7225,0
sh600059,0,0,0
sh600231,5572,5954,0
sh600572,7702,17484,0
sz300554,0,0,0
sz002808,0,0,0
sz000009,7227,21569,0
sz300550,0,0,0
sz300598,2310,3723,0
sh600796,0,0,0
sh601789,0,0,0
sz002282,0,0,0
sh600901,127078,134818,2197
sz002229,8380,6164,0
sz002793,0,0,0
sh603738,0,0,0
sz300445,0,0,0
sz300345,0,0,0
sh600070,0,0,0
sz300136,5907,9304,248
sz002153,5463,11141,0
sz300130,0,810,0
sz300211,0,0,0
sz002855,0,0,0
sz300616,0,103,50
sz002348,0,0,0
sh601225,44777,88591,0
sz002343,0,306,0
sh600373,738,0,0
sz002598,0,0,0
sz002639,0,0,0
sz300299,2625,0,0
sh600115,29729,35435,0
sz000020,6608,2064,0
sz000557,0,0,0
sz002640,2146,853,0
sh600688,27738,25757,0
sz002608,0,0,0
sz300386,0,658,0
sz000595,0,0,0
sh600995,0,3763,0
sh600268,55858,50915,2056
sz000915,3465,7276,398
sh603638,688,500,0
sz002188,0,1495,0
sz000615,1363,0,0
sh600890,0,0,0
sh600976,0,0,0
sh600035,2983,3126,0
sz300164,0,0,0
sh600738,0,0,0
sh603039,0,0,0
sz002743,0,0,0
sh601858,0,0,0
sz000737,0,0,0
sz300319,0,0,0
sz002364,0,1100,0
sz000722,0,0,0
sz002589,0,8395,0
sh601158,1943,0,0
sh600038,25550,12782,274
sh600367,0,0,0
sz300651,0,0,0
sh600705,24963,59618,0
sh600767,0,0,0
sz002848,0,0,0
sz300006,1939,2205,0
sz300018,0,5960,0
sz300468,0,0,0
sh603855,0,0,0
sz000524,0,0,0
sz300185,17768,12582,0
sz002120,300,0,0
sz002155,8149,4414,0
sh600845,3044,6731,0
sh600048,265557,195515,10305
sz002818,0,0,0
sz002925,8390,8675,1146
sz300322,2499,0,0
sz300721,0,0,0
sh600993,0,1997,0
sz000410,32882,45218,0
sz300332,0,0,0
sh603885,0,698,0
sz002091,2617,5294,0
sh601933,41697,55060,3636
sz300035,0,0,0
sz000983,10750,20152,0
sh600375,0,0,0
sh600307,11181,70348,0
sz002015,0,0,0
sz300639,0,513,0
sz300015,6147,5750,0
sh600939,0,0,0
sz002308,2003,3859,0
sz300201,2013,0,0
sz002571,0,5017,0
sh603799,30216,40398,6247
sh603225,0,0,0
sh600722,1800,4803,0
sz300157,0,0,0
sz300461,202,0,0
sz002552,0,0,0
sz000678,0,0,0
sz300055,1522,2163,0
sh603328,0,0,0
sz000581,0,493,0
sh600135,1351,5165,0
sz000953,0,2303,0
sz000802,1000,1353,0
sz000060,7131,19375,0
sz002130,0,2050,0
sz002054,0,6281,0
sz002477,0,8703,0
sh603648,618,1544,0
sz300352,5192,33809,0
sz000603,933,0,0
sz300205,0,0,0
sz300138,0,0,0
sz300481,0,0,0
sz002781,0,0,0
sh603589,515,1106,0
sh600793,0,0,0
sh600238,6128,0,0
sz300399,0,0,0
sz002827,1000,0,0
sh601566,3496,0,0
sz300547,399,0,0
sh603600,0,0,0
sh601288,1534766,1472830,0
sz002468,11522,3455,0
sz002737,562,3626,273
sh600021,0,0,0
sh603009,0,1100,0
sz300273,0,21322,0
sh601929,3980,3558,0
sz300713,145,151,0
sz000836,2501,3004,0
sh603605,0,389,0
sz002291,0,9314,0
sh603579,738,0,0
sh600008,31940,22765,0
sz002517,3325,18343,0
sh600207,5599,7977,1158
sz000673,123481,120742,1719
sz002810,0,0,0
sh603042,0,0,0
sz002722,1382,1484,0
sz002695,765,612,690
sz002582,0,1000,0
sz002205,0,0,0
sz002227,1150,0,0
sh600897,3000,0,0
sh600176,16831,23931,2859
sz002673,16666,24321,0
sh600999,8162,19167,0
sh603637,0,0,0
sz300679,152,264,0
sh600986,0,2000,0
sz300523,249,0,0
sz300200,0,0,0
sz000423,1536,7866,369
sh603288,2067,710,0
sh603602,2492,196,0
sz000838,13032,0,0
sh600219,29309,77806,0
sz002210,998,2046,0
sz300498,2435,5160,0
sh600468,0,0,0
sh600530,2162,2000,0
sh600604,25282,4181,0
sh600790,8910,2023,0
sh600302,0,0,0
sz000558,0,7845,0
sz002336,0,0,0
sz002898,8785,5521,0
sh600642,0,1900,0
sz300151,0,0,0
sz002247,0,0,0
sh600936,0,0,0
sz002577,0,0,0
sz000567,1406,0,0
sh600973,0,0,0
sh603232,0,0,0
sh600603,0,0,0
sz002630,3561,4703,0
sz000831,5378,5357,0
sz002369,32481,6812,0
sz002747,4000,5504,0
sz002375,1665,2403,0
sz300535,0,0,0
sz002049,128509,113473,11196
sz300181,18209,14455,1561
sz002617,806,2228,0
sz300321,0,0,0
sz002317,0,1010,0
sh600661,0,0,0
sh600316,20037,10807,0
sz300231,2231,2963,0
sh601718,83398,30621,0
sz000510,0,0,0
sz300106,0,0,0
sz002146,30604,61393,0
sz300262,0,0,0
sz002583,1012,1063,0
sh603866,0,0,0
sh600199,0,1554,0
sz002503,0,0,0
sh600891,0,0,0
sh603871,150,570,0
sh600112,0,0,0
sz000546,1610,1846,3002
sh600663,0,0,0
sz002068,0,3284,0
sz000585,0,0,0
sz002623,596,0,0
sz300391,0,0,0
sh600132,0,491,0
sh600050,320807,184028,0
sz001896,0,24450,0
sh601965,0,1301,0
sz002395,0,0,0
sz300666,3555,5500,665
sh600143,3979,12804,0
sz300148,0,10094,0
sz300374,0,0,0
sz002424,145757,93965,7420
sz002831,189,452,0
sh600982,0,0,0
sz300580,0,0,0
sz002829,430,0,0
sh600612,0,0,0
sz300476,113490,132014,23019
sz002370,2510,1800,546
sz000070,1079,0,0
sh603335,1165,0,0
sz002653,0,0,0
sh603030,0,0,0
sz001979,33833,25550,1025
sz002506,14656,3634,0
sz002527,0,0,0
sz002696,0,0,0
sh600230,6048,2662,0
sz300112,0,1933,0
sh600361,3374,0,0
sh600643,4391,9451,0
sz002865,0,1692,0
sz000806,22722,27773,0
sz300237,0,0,0
sh600291,3441,1636,0
sh600151,1897,0,0
sz300636,0,0,0
sz002096,0,0,0
sh600250,0,0,0
sh600398,6795,14683,0
sh600861,0,0,0
sh600789,8507,28127,0
sh600629,0,0,0
sz000830,147981,182430,13169
sh600725,0,0,0
sh601616,0,0,0
sh603698,0,0,0
sh601010,0,0,0
sz002290,0,0,0
sh603978,0,0,0
sh601369,3927,0,0
sz300447,0,0,0
sh603488,0,619,0
sh603979,0,0,0
sz000928,4257,1844,0
sh601019,949,967,0
sz002080,1662,4890,0
sz300174,0,0,0
sh600664,0,36321,0
sh600801,7296,25774,0
sz002916,5196,10663,2003
sz000016,10859,12508,0
sz002310,4979,1966,0
sh603976,0,460,0
sz002778,0,0,0
sz002388,0,0,0
sh603165,306,0,0
sz000958,2500,0,0
sh600026,0,1879,0
sz002478,0,0,0
sz002762,0,0,0
sz002742,121573,56632,14220
sz300604,0,0,0
sh600155,1040,3747,0
sz002097,0,0,0
sz300199,2633,4240,0
sz002909,626,0,0
sz300310,1629,1281,0
sh601101,1867,0,0
sh600778,0,0,0
sz002763,0,0,0
sz000069,13427,17649,0
sh601169,3719,15609,0
sz300509,0,1305,0
sh600058,1000,0,0
sh600887,108683,121202,2364
sz002268,29176,18483,2403
sh600639,0,0,0
sz300421,0,0,0
sh601100,592,0,0
sh600594,158681,160570,15291
sz000785,0,0,0
sh600689,1530,16075,0
sz300726,8097,2776,0
sz300342,0,0,0
sh600105,4011,3728,0
sh600517,0,0,0
sz300684,2140,1599,207
sz002651,42265,18554,2071
sz002586,0,2610,0
sz002031,0,0,0
sh600716,20605,46062,0
sz002579,0,0,0
sz002429,7122,28293,0
sz300073,6384,7464,404
sz000965,0,0,0
sz000505,0,0,0
sz002304,1613,575,0
sh600299,0,3010,0
sz300367,20843,23098,0
sz002614,677,2070,0
sz300036,2223,3111,0
sz002875,0,0,0
sz002242,1707,735,0
sz300257,0,2810,0
sz300297,0,0,0
sz002629,1556,0,0
sh600873,2510,5947,0
sh600686,0,0,0
sh603813,0,515,0
sz000426,8250,8340,0
sz000008,18751,20779,0
sz002660,0,0,0
sz002355,0,986,0
sz300243,0,0,0
sz300506,21482,15202,2363
sz002447,158606,57342,11679
sh600802,0,0,0
sh601208,0,0,0
sz300126,0,0,0
sz002004,6163,16456,0
sh600016,65510,79191,2135
sz002678,0,0,0
sh600156,0,0,0
sz002090,0,0,0
sh600498,2511,5646,0
sh600990,3485,0,0
sh600501,0,0,0
sh600186,0,0,0
sz000826,4852,1611,0
sh603825,631,460,0
sh600266,0,1886,0
sh600697,0,0,0
sh600699,2931,4265,0
sz002796,1968,978,369
sz002318,0,1733,0
sz300271,4482,13186,939
sh600031,94592,138683,0
sz000909,1016,0,0
sh603819,0,0,0
sh603386,1481,0,0
sz002703,0,0,0
sh601882,1176,0,0
sz300696,1107,208,600
sh600996,0,0,0
sh601899,588098,376992,0
sz002329,9935,3685,0
sz300601,2820,1665,227
sh601139,1545,0,0
sz300733,6405,1835,1582
sh600644,0,0,0
sz002425,0,5000,0
sz002457,913,14764,0
sh600678,0,0,0
sh603990,289,0,0
sz300359,4033,13503,0
sz300197,1902,1398,0
sh601113,0,0,0
sz002596,19330,16664,0
sz001965,13673,10631,0
sh601038,0,0,0
sz300431,9891,13554,847
sz002471,0,0,0
sh601155,35393,22822,1762
sz002374,0,0,0
sh603926,0,0,0
sz300292,0,2124,0
sz300093,0,0,0
sh600581,13521,10755,0
sh600500,6860,1460,0
sh600496,0,0,0
sz000513,5253,6612,135
sh600236,0,0,0
sh600548,1188,0,0
sz002220,2500,0,0
sz002728,1090,0,0
sh600613,0,0,0
sh603315,0,0,0
sz300526,4233,9284,673
sh600459,0,0,0
sz300685,287,1107,0
sh603300,3018,0,0
sz300096,25624,23693,3197
sz000987,1489,4961,0
sz000021,16692,4155,0
sh603019,55681,73907,4757
sh601890,7069,0,0
sh601086,25955,12967,1142
sz300135,7087,0,0
sz002165,0,0,0
sz000063,84420,112974,3098
sh601717,2601,5397,0
sz300215,0,0,0
sz300676,2414,3190,271
sz002207,0,0,0
sz002095,5505,5013,0
sh600782,29314,42245,0
sz000862,0,0,0
sz002513,0,0,0
sh600392,45545,55926,3782
sz002422,8750,10195,0
sh600518,8133,18598,541
sz002885,777,0,0
sz000716,0,0,0
sz300003,18432,14541,1713
sz000892,0,0,0
sh603101,0,0,0
sz002184,18523,17704,4051
sh600192,9844,19296,0
sz300002,3564,29470,0
sh603238,0,0,0
sz002658,0,0,0
sh601588,0,3650,0
sz300513,0,0,688
sh600121,0,0,0
sz000545,3262,14760,0
sz300247,72388,105628,5724
sz300246,0,0,0
sh600383,24110,16870,0
sh600598,3906,12236,0
sz002568,0,0,0
sz300206,0,1453,0
sz300134,47464,44682,6240
sh600975,0,0,0
sh603458,0,213,0
sz300094,0,2007,0
sh600654,0,0,0
sz300638,0,0,0
sh600018,19575,43792,0
sh603385,0,0,0
sz000425,41530,40424,0
sz002315,0,502,0
sh600546,0,0,0
sz002620,0,0,0
sh600630,4734,2196,0
sz300607,0,299,0
sz002428,15275,12454,0
sz002725,0,0,0
sh600300,0,0,0
sh600386,4205,6313,0
sh603826,0,1171,0
sh600997,0,0,0
sz000055,0,1883,0
sh603917,0,0,0
sh600337,0,2574,0
sz000429,2939,0,0
sz300658,0,0,0
sz300383,780388,1055073,78219
sz000669,0,883,0
sh600606,105181,93011,0
sz002714,2333,0,0
sh600111,52368,65930,1010
sz300249,1500,1433,1405
sz002677,601,4080,0
sz300436,789,367,0
sz002519,0,0,0
sz002024,61899,61028,0
sz000030,0,1469,0
sz300429,3754,1094,493
sz002171,0,0,0
sz002006,0,0,0
sh600220,0,0,0
sz002919,1475,0,0
sh603505,1418,3843,0
sz002003,0,0,0
sz300095,0,0,0
sz300166,19320,40619,1040
sz300121,0,2534,0
sh600983,0,0,0
sh601968,0,0,0
sz002341,406,2979,0
sh603320,0,0,0
sh603577,0,0,0
sh600322,0,0,0
sh600009,2514,3160,0
sz300019,0,1066,0
sh601258,14830,32422,0
sh603809,0,0,0
sz300209,0,0,0
sz002466,20426,37139,718
sz002599,0,0,0
sh600158,10989,18966,0
sh603085,0,0,0
sz000839,15968,25350,2395
sz300078,6682,13982,0
sh601727,2000,0,0
sz300477,15192,18908,1680
sh603501,0,664,0
sz000613,8325,15795,0
sz000404,0,0,0
sz002253,0,0,0
sz300139,8195,59015,0
sz002070,9192,2905,0
sz002469,0,0,0
sh601222,3937,1310,0
sz002665,5110,11351,0
sz300194,0,1850,0
sz300368,2002,0,0
sz002671,0,0,0
sz000688,0,3978,0
sh600117,4352,9513,0
sh601333,58572,43935,0
sh601677,2240,0,0
sz300508,184,0,0
sh601028,2537,0,0
sh600846,0,2701,0
sz002497,21116,41488,4405
sh603916,1626,1565,0
sz002383,0,0,0
sz000541,1544,0,0
sh603559,3173,5455,684
sh600303,2010,0,0
sz300479,567,0,1253
sz002518,0,0,0
sh600119,3746,2782,0
sz300413,1240,597,0
sh600287,0,0,0
sz300727,1139,1794,0
sz002883,0,0,0
sh600153,0,2622,0
sh600475,800,0,0
sh603360,0,0,0
sz002702,56324,69089,2957
sz002399,0,0,0
sh601007,2001,0,0
sz000017,0,0,0
sh603679,0,0,0
sh600470,2493,4414,0
sz002020,0,0,0
sz002780,1331,0,0
sz000066,48381,73460,0
sz000559,2235,1739,0
sz300641,0,0,0
sz002350,0,0,0
sz002563,0,1016,0
sh600719,0,0,0
sh600894,1720,0,0
sz000563,8852,5954,0
sh603918,0,0,0
sh600173,4096,0,0
sz000498,0,0,0
sz300577,0,0,0
sz002822,5122,25586,0
sz002177,0,2020,0
sz000713,0,0,0
sz300204,0,0,0
sz002790,0,0,0
sz000663,931,12677,0
sz300268,0,600,0
sz002534,0,0,0
sh600812,0,0,0
sz000815,0,0,0
sh601375,21673,11500,0
sh603722,0,0,0
sh603578,0,0,0
sz000919,1268,0,0
sh601928,0,2967,0
sz002694,18504,32965,0
sz300276,0,0,0
sz002200,0,0,0
sh600185,2000,0,0
sz002380,0,0,1701
sh603011,0,0,0
sz000155,2649,20904,0
sz002455,0,0,0
sz300141,0,0,0
sh600535,2650,6390,0
sh603883,156,0,0
sz000875,10427,0,0
sh603800,0,0,0
sh600326,6338,4968,0
sz000797,0,1781,0
sz002544,766,697,0
sz300501,0,0,0
sz002594,12873,10912,158
sh600926,1920,1195,0
sh603322,0,0,0
sh603758,3268,4285,0
sh600710,0,0,0
sz300190,1201,948,0
sh603345,0,0,0
sh600601,0,0,0
sz002548,0,0,0
sh600757,0,1513,0
sz000417,0,0,0
sh600590,8324,1132,0
sh600857,0,0,0
sz002255,0,0,0
sh600397,0,3689,0
sz000655,0,1901,0
sh600563,281,242,0
sh600433,3102,0,0
sz300111,0,0,0
sh600696,0,0,0
sz002853,0,0,0
sh600674,4803,2773,0
sz300647,3213,3900,0
sh600239,9160,0,0
sz002750,0,0,0
sh600068,19636,53295,0
sz300027,18983,59015,0
sh600123,0,2166,0
sh603615,0,0,0
sz300229,0,979,0
sz300473,0,0,0
sz300710,0,0,0
sh600732,3174,0,0
sz300380,779,0,0
sz002687,0,0,0
sz300236,4359,5493,552
sz300133,8004,21859,0
sz000520,6796,0,0
sz002378,0,0,0
sh600745,0,0,0
sz300214,4000,4144,0
sz002753,0,0,0
sz300017,148130,216753,2994
sz000977,66714,140597,5039
sh600237,2289,4835,0
sz300022,0,0,0
sz300109,599,2460,0
sz300232,955,2231,0
sz300449,0,0,0
sh600409,1689,7849,0
sh600618,0,0,0
sz002434,0,6102,0
sz300629,1049,14056,0
sh603689,0,958,0
sz002197,1130,0,0
sz002748,0,0,0
sh600039,3611,0,0
sz002847,11942,6393,529
sh600126,0,0,0
sz002823,0,0,0
sz000752,0,0,0
sh603989,0,0,0
sz002820,0,0,0
sh600064,996,1764,0
sz000783,10531,17080,0
sh603869,0,0,0
sh603558,0,2541,0
sh603178,0,0,0
sz002204,0,0,0
sh603665,0,0,0
sz000059,6753,4363,0
sz002479,11478,0,0
sz000966,2955,0,0
sz300527,2568,2920,0
sz002485,26087,13842,2681
sz300630,0,200,0
sh600351,1789,0,0
sz300001,1201,817,0
sz002474,5108,1170,0
sh603035,1639,0,0
sz002241,25868,24812,0
sh603517,1182,2646,0
sz300541,600,440,0
sz002189,661,661,0
sz002776,0,0,0
sh601137,0,0,0
sz000573,0,0,0
sz300179,0,0,0
sz000544,0,0,0
sz000880,0,0,0
sz300738,729,1195,0
sh600439,1848,5780,0
sh600715,17038,22860,0
sz002040,919,0,0
sz002905,0,626,0
sh600455,0,0,0
sh603007,0,0,0
sh603566,0,0,0
sh600292,1510,0,0
sz000736,0,0,0
sz002116,2447,3335,0
sz002387,0,803,0
sh600273,0,6923,0
sz300536,0,0,0
sz002027,24390,52800,890
sz300465,2364,11908,916
sz000848,0,0,0
sh603003,1900,0,0
sz002913,0,0,0
sh603968,0,0,0
sz002612,0,891,0
sz002504,0,0,0
sz000571,0,0,0
sz300709,1131,429,0
sh603766,8199,15643,0
sh600741,4188,14091,542
sz002907,41477,86548,3539
sz000955,1926,0,0
sh601117,1667,7389,0
sz300395,0,0,0
sh603789,0,0,0
sz300020,6953,11382,979
sh603128,0,1296,0
sh600597,863,2695,1114
sz002254,12952,1860,0
sh600867,2288,3642,0
sz002119,0,0,0
sz000529,0,0,0
sz002296,9904,1616,0
sh603617,2435,841,0
sz300435,0,0,0
sz002056,1136,0,0
sh601800,1856,900,0
sz002690,0,546,0
sz300057,0,0,0
sz300212,2926,6158,0
sh603890,3704,3613,1266
sz000786,46662,59010,7759
sh600708,0,0,0
sh603298,0,0,0
sz300655,0,0,0
sz002878,306,0,0
sh603661,200,0,0
sz300158,0,1727,1524
sh603117,0,0,0
sh603008,613,0,0
sh603919,0,0,0
sz000598,7740,18080,0
sz000886,30994,17040,0
sh601238,0,1291,0
sh603588,0,0,0
sz002877,17409,21459,2567
sz000014,3437,0,0
sz300382,0,0,0
sh601688,109810,113599,2684
sz000062,0,0,0
sz300466,6604,43754,0
sz300283,0,0,0
sz000597,0,3220,0
sh603363,1316,0,0
sz002901,296,2627,0
sz000656,71147,34457,0
sh600585,48966,97130,3494
sh603839,0,0,0
sz300540,0,0,0
sh600395,0,2012,0
sh603466,480,407,0
sz002576,860,0,0
sz300417,0,0,0
sh600787,1276,25718,0
sh600865,0,0,0
sz000898,14546,16502,0
sz002192,1386,408,0
sz002649,3102,1150,0
sz300729,991,0,0
sz000989,17897,9131,1859
sh600189,0,0,0
sz300175,2010,0,0
sz300514,470,0,0
sz002663,0,3272,0
sz300309,499,0,0
sz300678,1066,1076,335
sz000963,3328,4608,190
sz002481,0,0,0
sh601818,128054,133431,0
sz000518,0,0,0
sh601811,1649,1127,0
sz300502,0,490,0
sh603199,0,0,0
sz000861,0,0,0
sh600463,0,0,0
sz000882,34861,36405,0
sz002410,501,14044,0
sh600355,7980,0,0
sh601618,21650,32532,0
sz002876,0,190,0
sh600072,21077,12600,0
sz000576,1533,0,0
sz000338,34481,65952,0
sz300147,0,5129,0
sh600022,23641,99331,0
sz002751,0,0,0
sz300703,1581,0,0
sh601857,102809,168001,0
sz300400,940,814,0
sz002632,0,0,0
sh600888,1962,0,0
sh603580,0,0,0
sh603001,0,0,0
sz002633,0,0,0
sz300619,0,325,0
sh600586,2509,2566,0
sz300050,0,1394,0
sh603557,0,0,0
sh600301,0,0,0
sh600988,38886,7597,0
sh603136,0,0,0
sh600933,0,770,0
sz300334,0,0,0
sh603519,0,0,0
sz002179,9554,5312,0
sz000528,1139,6852,0
sz300351,0,0,0
sh601838,34922,31013,0
sh603729,300,0,0
sh603063,0,0,0
sz300153,0,0,0
sh601700,4696,2048,0
sz300451,3156,8233,0
sz002237,7987,3565,0
sz000829,0,1101,0
sz300442,0,0,0
sz300689,0,0,0
sz300725,2904,2602,812
sz002250,3071,0,0
sz000823,13383,17026,0
sh603901,0,0,0
sh600640,4628,896,0
sz300042,0,0,0
sh600805,5027,2393,0
sh600211,0,302,0
sz300102,12900,30831,0
sh603396,0,0,0
sz000632,2538,0,0
sh600559,550,0,0
sh600817,0,0,0
sz002149,0,0,0
sh603286,0,0,0
sz300219,988,3160,0
sz300599,0,0,0
sz002768,2784,1387,5745
sh600227,0,0,0
sz300621,0,0,0
sz300223,0,1320,0
sz300303,0,0,0
sh603728,580,0,0
sh600706,792,0,0
sz002777,1543,0,0
sz002564,0,0,0
sh600587,705,2215,0
sh603326,2470,500,0
sh600593,0,0,0
sz002868,0,0,0
sz300009,4374,9884,0
sh603189,0,0,0
sh600202,1223,10105,0
sz300044,0,1973,0
sz002363,0,0,0
sz000420,4067,0,0
sh603218,0,835,0
sz002048,584,5764,0
sh600785,0,0,0
sz300189,0,0,0
sz000532,124320,180200,19537
sh600781,703,0,0
sz000039,3565,2706,0
sz300610,0,0,0
sz300048,0,0,0
sh600521,1756,2683,0
sh600146,25176,36288,0
sz000686,10439,0,0
sz002557,0,0,0
sz300474,1950,682,929
sh603970,493,3017,0
sz300131,36282,4000,0
sz000923,0,1200,0
sh603177,0,1882,0
sh600754,483,280,0
sh603909,0,0,0
sz300665,398,0,0
sz002055,868,1155,710
sz002007,1004,2293,0
sh601628,9373,14896,0
sz002175,9774,13053,0
sh603127,1179,340,0
sz002109,1442,2235,0
sz002740,0,2815,0
sh600063,6054,4000,0
sz300308,2555,5182,176
sh600200,0,1000,0
sz002368,532,960,0
sz300486,0,0,0
sh600150,6894,0,0
sh603999,0,0,0
sh600467,4000,0,0
sh600278,0,0,0
sz300520,592,688,0
sh603059,1946,978,0
sz300373,0,713,0
sh600095,4300,0,0
sh603388,0,0,0
sz300495,0,0,0
sz300187,0,0,0
sz000822,0,5058,0
sz300191,0,2096,0
sh600261,0,2658,0
sh603025,0,0,0
sz002194,10937,992,0
sz002430,763,0,0
sh601996,0,3253,0
sz300403,1651,900,0
sz002239,0,12890,0
sh600422,4246,10092,0
sz000691,0,0,0
sz300029,0,0,0
sz002129,63619,96560,0
sh600748,0,0,0
sz000601,0,9504,0
sh600079,10290,35192,1069
sz002567,1776,1814,0
sh600090,9083,7210,0
sh603567,0,0,0
sz002164,0,0,0
sz000828,0,0,0
sh600763,1748,1513,0
sz002858,0,3239,0
sz002473,0,0,0
sh601988,167236,241053,0
sz000623,6433,7494,0
sz300034,2912,5557,1359
sh600370,0,3498,0
sh600191,1785,0,0
sz000552,0,0,0
sz002510,10218,20184,0
sz000712,2962,3324,0
sz300362,2412,0,0
sz000004,0,0,0
sz002910,2723,726,662
sz002412,0,0,0
sh600635,108354,148730,2561
sh600818,1700,767,0
sz000037,0,0,0
sz002495,0,0,0
sz002157,2309,8760,0
sz002636,0,0,0
sh600235,0,0,0
sh601002,7924,8824,0
sz000918,0,0,0
sh600908,1383,1400,0
sz000605,0,0,0
sz002634,0,0,0
sz002431,0,10927,0
sz002141,0,0,0
sz000636,106681,63465,8937
sh603898,0,1542,0
sz002026,0,6411,0
sh600444,4848,6210,0
sz002802,0,0,0
sz000761,0,32409,0
sh601788,6875,9756,0
sh603585,0,0,0
sz002581,1850,2077,0
sz002670,4362,5067,666
sh603678,0,423,0
sz000929,0,0,0
sz002287,0,1285,0
sh600549,8823,20169,0
sh601211,14711,20557,766
sz000514,13637,1703,0
sh603676,34558,21656,3342
sz002846,0,0,0
sz300390,41119,28791,2356
sz000032,23984,23043,0
sz002328,0,0,0
sh600320,0,3000,0
sz300510,933,0,0
sz000638,2903,0,0
sz000889,0,906,0
sh600478,0,1855,0
sz002201,0,0,0
sz002830,0,0,0
sz002251,1494,2098,0
sh603160,254,1841,0
sz000096,0,0,0
sz002394,0,0,0
sh603599,0,0,0
sz300546,0,0,0
sz300235,0,0,0
sz000908,0,0,0
sz002397,0,0,0
sz002638,2092,4148,0
sh600212,5073,17462,0
sz300405,0,0,0
sz300054,2004,3346,0
sh600128,0,0,0
sh603861,0,0,0
sz300503,0,0,0
sz300296,6851,4502,0
sh600571,0,2263,0
sz000751,0,2372,0
sz300336,1601,2195,0
sz300430,493,0,0
sz002480,1523,0,0
sh603106,574,1151,0
sz000538,638,1672,0
sh603133,0,0,0
sz002646,0,0,0
sz002019,20867,34512,0
sz002574,0,0,0
sh600893,30580,15272,927
sz002435,0,0,0
sh601228,0,0,0
sz002886,0,0,0
sz002339,1394,0,0
sh603612,220,1660,0
sh601000,0,13025,0
sh600759,9913,14624,0
sh600828,0,0,0
sz000952,2600,1591,849
sz002732,0,0,0
sz000731,27038,14603,0
sh603609,0,2840,0
sh600055,0,1000,0
sh600634,28693,23055,866
sh600980,800,785,0
sz300052,854,1726,0
sz000400,5804,1914,0
sz002550,0,0,0
sh600531,0,1750,0
sh600681,0,1172,0
sz000652,2600,0,0
sz300428,0,4877,0
sh601339,1823,0,0
sz000856,2463,6528,0
sz300108,0,0,0
sz002393,0,454,0
sh600488,0,0,0
sz002502,0,0,0
sz300180,0,0,3796
sh603767,1098,811,0
sz300538,781,0,0
sz300687,0,194,0
sz000159,0,0,0
sh603139,7802,9470,442
sz002038,2999,2518,0
sh603969,1141,4997,2059
sz002912,557,381,0
sz002249,6531,0,0
sh603906,0,0,0
sh603186,1507,435,0
sh600543,0,0,0
sz002126,52848,83124,19867
sz000809,0,0,0
sz300609,669,322,0
sz002014,0,0,0
sz002234,0,0,0
sh603899,0,355,0
sz002922,31865,38110,2004
sz002232,0,1188,0
sz002538,24842,7355,0
sz002492,0,0,0
sh603378,0,0,0
sh601069,47647,53888,4559
sh600487,21093,22432,1393
sh600319,0,0,0
sz002123,890,5341,0
sz300045,0,0,0
sz300145,0,0,0
sz300221,3665,10552,0
sh603986,9872,15160,2316
sh600184,0,0,0
sz002443,0,0,0
sh603655,3180,3555,0
sz002490,0,3035,0
sz000869,0,1568,0
sh600275,0,0,0
sz002396,6331,14959,520
sz300289,5232,0,5001
sh600970,18930,21791,0
sz002526,0,0,0
sh600837,26527,41307,0
sh600510,0,0,0
sz300661,110,99,0
sz002051,3101,1764,0
sh600426,3542,6521,0
sh600083,0,763,0
sz300370,0,3010,0
sz002274,0,0,0
sz300163,0,2600,0
sh600448,0,0,0
sh600578,0,3012,0
sh600961,1725,0,0
sh601118,16352,4553,0
sh603227,2440,13822,0
sz300251,15631,60729,1681
sh600460,122805,103658,4392
sh600283,0,0,0
sz300150,0,0,0
sh600272,1664,4965,0
sz000876,6923,19861,0
sz300031,0,0,0
sz002789,0,0,0
sh603730,0,0,0
sz002462,449,0,0
sz000803,0,0,0
sh600655,0,0,0
sh600033,0,6005,0
sz002681,13054,5096,0
sz000043,0,0,0
sh603787,0,0,0
sz300012,29006,8190,0
sh600851,0,0,0
sz002746,0,0,0
sz300706,174,292,0
sz000612,0,0,0
sz000018,0,0,0
sz300137,1015,3121,0
sz002402,2727,5329,0
sz002325,2191,8616,0
sz000825,47266,97576,0
sz300255,2031,5306,0
sz002405,27849,30987,736
sz000816,38699,32346,0
sh603083,460,699,0
sz002786,0,0,0
sz000760,2010,3300,0
sh603636,4254,1069,0
sz002895,532,0,0
sh600520,8353,14816,0
sh601766,67589,70645,0
sh603669,0,0,0
sz000968,961,800,0
sz002199,0,0,0
sz300686,0,0,0
sh603658,5920,2907,202
sz002302,5481,7943,0
sz002228,0,0,0
sz300698,1058,1184,0
sz000975,14765,3510,0
sz000061,10660,0,0
sz002011,9855,1722,0
sz002628,0,0,0
sz002181,0,0,0
sz002360,0,0,0
sh603776,1070,187,164
sz002800,0,0,0
sz000980,0,0,0
sh600981,1976,2563,0
sh601801,0,5960,0
sh600098,0,1713,0
sh600366,0,2890,0
sh600190,0,0,0
sh600282,49328,94872,0
sh603319,0,0,0
sz002459,0,888,0
sh600389,781,578,0
sz002856,0,0,0
sh600497,14648,34397,0
sh600197,500,4686,0
sz002174,956,1713,0
sz300683,0,0,0
sh603108,5162,1851,0
sz002902,303,755,0
sz002074,3587,2467,971
sz002648,7163,8469,0
sz000530,3916,12394,0
sz002150,0,0,0
sz002426,0,0,0
sz000416,0,3580,2395
sz002606,7576,25689,1266
sz002709,14306,14530,281
sz002888,500,0,0
sz300719,15923,19837,446
sz002092,8242,7969,0
sz002285,10792,11346,1600
sz002060,0,0,0
sz002202,65535,61181,6747
sh600649,1641,8680,0
sz002569,0,542,0
sz000936,14939,6294,0
sh600826,875,864,0
sz300216,63898,102767,14998
sh600305,0,0,0
sz002267,0,0,0
sz002089,0,0,0
sz002403,0,0,0
sz002273,5237,3664,507
sh600482,5638,3400,0
sh600526,0,0,0
sz000790,51964,42232,3924
sh600712,0,0,0
sz002797,143765,85628,5697
sz002233,0,4883,0
sz000833,0,0,0
sz002609,0,0,0
sz000725,1856102,1530668,7542
sh601368,0,0,0
sz300603,498,301,323
sz000025,540,3295,0
sh603737,0,0,0
sh603100,0,0,0
sz300548,0,0,0
sh600808,56242,95448,0
sh600765,3323,3449,0
sz300572,0,1499,0
sh603496,0,0,0
sz002809,0,0,0
sh603111,2199,985,0
sz000931,7562,0,0
sz300587,0,0,0
sh600308,0,4079,0
sz300736,0,362,241
sz002841,200,0,0
sz002467,0,7266,0
sh603050,0,0,0
sh600889,0,0,0
sh600892,0,0,0
sz000799,700,0,0
sz002735,0,0,0
sz000609,0,5181,0
sz000078,10616,9677,0
sh600315,18492,10526,1654
sh600182,0,0,0
sz300560,353,0,0
sh603180,160,403,91
sz000680,0,2592,0
sz300354,0,0,0
sh600408,0,0,0
sz000631,0,0,0
sz300404,0,0,0
sh600385,1000,0,0
sz300061,0,0,0
sz300008,10015,4169,0
sz000702,0,0,0
sh603333,0,0,0
sh600075,0,0,0
sh601233,10289,11568,1793
sz300677,561,1120,0
sh600516,84923,80555,4411
sz002672,1033,2419,0
sh600080,0,2980,0
sz002717,9844,9851,448
sh600242,0,0,0
sz000560,0,0,0
sz000850,0,0,0
sz300471,0,0,0
sh600172,10609,10469,0
sz000837,0,0,0
sz300485,1330,328,0
sz002258,0,1193,0
sz300472,0,0,0
sh601567,0,0,0
sz000668,0,0,0
sh603228,722,0,0
sz300484,627,0,0
sz000948,1069,0,0
sh600769,0,0,0
sz300284,0,0,0
sh600458,0,0,0
sh600085,3814,7288,0
sz000897,0,0,0
sz002271,2509,3347,0
sh600247,0,0,0
sz002058,0,0,0
sz002862,1225,400,0
sz000012,3264,5365,0
sh600814,0,0,0
sz300104,867926,1047061,43454
sh600728,381948,280949,39706
sh603305,0,982,0
sz002244,199990,63025,6941
sh600800,4785,2003,0
sz002284,0,0,0
sh600570,26468,33883,1297
sh600592,0,4157,0
sz300623,0,0,0
sz300515,0,0,0
sh603829,4756,1625,0
sz000690,6207,4189,0
sh603888,457,0,0
sz000590,0,0,0
sh600703,38681,52060,2814
sh600509,0,0,0
sz002050,9325,17821,0
sz002805,0,0,0
sz002362,571,445,0
sz002533,0,0,0
sz002044,30353,10735,0
sz002484,0,0,0
sh601226,0,0,0
sz300082,0,0,0
sz300699,4555,5498,281
sh600755,10058,44877,0
sz002222,2479,6018,0
sz000665,2877,7216,0
sh600107,2024,997,0
sz000693,0,0,0
sh600884,11528,18074,700
sz002193,8208,0,0
sz002635,6134,4407,0
sz002688,0,0,0
sz000905,1211,4501,0
sz000969,0,0,0
sh600714,0,0,0
sh600730,2626,1584,0
sz000050,8641,6895,0
sh603069,2358,0,0
sz002927,23599,55748,6568
sh603601,0,0,0
sh600783,7325,6790,0
sz300702,2643,2532,2365
sz000040,0,0,0
sh603338,202,1016,0
sz000700,0,2755,0
sz000587,8698,7114,0
sh600552,1468,6415,0
sz300667,0,0,0
sz002235,3117,11850,0
sz002664,0,0,0
sz000988,775,5359,0
sz002275,0,0,0
sz002458,0,1000,0
sz002621,0,0,0
sz300681,0,0,0
sz000525,949,2809,0
sh600756,2848,1768,0
sh600198,13092,9369,0
sh600820,3057,0,0
sz002100,0,0,0
sz300379,3031,4156,0
sz000659,6000,0,0
sh600388,741,1609,0
sz002340,310175,330681,1565
sh603268,0,0,0
sh600566,3081,2615,0
sz300669,0,0,0
sh603788,0,0,0
sh603156,189,538,143
sz002125,0,0,0
sz000985,0,4994,0
sh601127,0,1598,0
sz002499,0,0,0
sh603709,6030,13450,0
sh600622,0,0,0
sz002067,2570,8826,0
sh603660,0,1604,0
sz300433,2862,6828,0
sh601166,66772,128868,0
sh603031,515,0,0
sh600508,5597,18852,0
sh600707,0,0,0
sh601199,0,0,0
sh601998,51138,32464,0
sh600036,134795,103828,2541
sh600425,0,12069,0
sh600529,0,1003,0
sh600210,46810,2563,0
sz002680,11407,21733,1404
sh603768,0,0,0
sz300070,5774,24610,0
sh603010,0,0,0
sh603015,0,0,0
sh603639,326,0,0
sh601555,11483,8863,0
sz300222,1729,5157,0
sh600139,0,7260,0
sz000488,7242,18878,0
sz300627,393,267,277
sh603939,0,0,0
sz002017,0,0,0
sh600203,13472,1727,0
sz002215,4074,0,0
sh601633,3990,0,0
sh600550,0,1663,0
sh600213,18893,23480,1035
sh603993,619307,793820,6554
sz300088,24360,60542,0
sz300085,1675,15088,0
sz002073,0,2996,0
sz300712,0,506,586
sh600583,9263,16296,0
sz002306,0,0,0
sz000561,0,0,0
sh600265,0,0,0
sz002668,0,2368,401
sz300425,0,1205,0
sh603527,0,611,0
sz300144,2711,3395,0
sh601969,1551,0,0
sh601798,0,0,0
sz300418,13775,29380,841
sz002712,0,0,0
sh600223,3611,0,0
sh600675,0,2090,0
sh601600,415707,535995,0
sz002723,6528,2021,0
sz002332,0,0,0
sz002176,27886,66647,2985
sz300007,0,0,0
sz002305,0,0,0
sh600537,5951,0,0
sz002522,0,0,0
sz000090,0,3210,0
sz000026,1500,0,0
sz002553,0,0,0
sz300450,2336,3096,0
sz300608,542,6770,0
sz000750,11131,13509,0
sz002303,0,0,0
sz002436,3389,0,0
sz300552,0,0,0
sh601011,2017,8235,0
sz002826,13465,12738,511
sh601126,0,0,0
sz000608,0,1808,0
sz300512,0,1682,0
sh603859,0,0,0
sh603686,0,0,0
sz002099,2073,6715,0
sz000049,0,306,0
sz300652,0,0,0
sh600809,3066,3537,0
sz002657,1343,601,0
sz002172,0,2500,0
sz002642,2964,6507,0
sz002379,0,0,0
sz300100,17668,9886,935
sz002401,0,0,0
sz000537,6195,1039,0
sz002745,832,827,0
sh601636,33932,59438,0
sh603568,0,0,0
sz002276,1753,0,0
sh600693,4983,13840,0
sh600421,0,0,0
sh600321,0,0,0
sh600379,0,0,0
sh603777,1525,1801,0
sh603076,0,0,0
sz000058,0,0,0
sz000967,0,0,0
sh600325,17722,17259,0
sz002514,0,0,0
sz000627,0,4489,0
sz002246,21205,9451,0
sh600094,2012,1454,0
sz300287,15996,37413,0
sz002465,8146,8292,0
sh601918,11702,7076,0
sh603798,0,0,0
sz300302,2776,909,0
sz002294,7107,4695,0
sh600771,639,758,0
sh600704,0,5000,0
sh603628,1345,0,0
sz002659,0,0,0
sz002719,0,0,0
sh601179,0,3000,0
sz300434,0,574,0
sh600435,37805,14706,0
sh601360,35556,31963,4055
sz300543,0,0,0
sh601518,0,0,0
sz300635,0,0,0
sz300366,896,3268,0
sh603260,764,2171,190
sh600687,5101,2019,0
sh603688,0,780,0
sh603980,2714,1591,0
sz002071,0,3240,0
sh600489,88616,47820,1365
sz002134,0,0,0
sh603985,0,0,0
sh601106,0,0,0
sh600288,0,1252,0
sh601003,0,6238,0
sz002839,20674,14030,0
sz300426,0,3596,0
sh600131,0,0,0
sz300398,551,4416,0
sh600633,721,1413,0
sh600056,2011,6645,0
sz300010,4772,15700,0
sh600248,0,0,0
sz300254,0,0,0
sz000981,0,0,0
sh600690,75399,104488,2644
sz002585,0,0,0
sz002842,3132,0,0
sh603321,0,0,0
sh603727,0,0,0
sz002600,10070,1243,0
sz002565,2032,2000,0
sh600984,0,0,0
sz000521,0,0,0
sh600293,0,1645,0
sz002330,0,0,0
sh603477,34552,40504,1028
sz002461,0,0,0
sh600599,0,0,0
sz300066,0,5232,0
sz300013,0,888,0
sz002773,185,2100,0
sz300069,0,1355,0
sz000998,7144,9311,1466
sh600919,33168,54665,0
sz000005,4801,3003,0
sz000554,46898,89103,1504
sz300084,3414,0,0
sh600225,0,6000,0
sh600768,0,0,0
sz002769,4753,3113,0
sh603359,0,0,0
sz002283,0,2000,0
sz002012,5477,2975,0
sh600628,0,0,0
sh601015,2797,0,0
sz000099,7788,0,0
sz002214,0,2027,0
sz000768,59054,24371,0
sh603933,0,0,0
sz002766,8569,0,0
sh600602,0,0,0
sz300026,5704,41031,0
sh600108,4054,0,0
sh600060,5125,3053,0
sz300305,0,0,0
sz300575,0,339,0
sz000932,32438,90757,0
sh600797,1892,14197,0
sz002148,1623,5038,0
sz002624,0,1204,0
sz300357,658,453,0
sh601666,8699,29046,0
sh601168,0,4954,0
sz300496,1432,994,462
sh600595,5050,0,0
sz300220,0,739,0
sz000550,866,3104,0
sz002057,0,0,0
sz002162,0,0,0
sh603663,0,0,0
sz300493,0,0,0
sh603936,0,0,0
sh600428,0,0,0
sh600538,0,0,0
sz000630,13932,58582,0
sh600481,0,0,0
sz300615,0,0,0
sh600029,75163,177208,5728
sz000821,19172,73037,0
sz002406,0,0,0
sz300415,0,0,0
sh600505,0,0,0
sh603399,4993,800,0
sh601601,27187,41274,639
sh603367,3418,4262,0
sz002158,0,1140,0
sz000010,0,4950,0
sh603858,2243,4321,0
sz002536,0,875,0
sz000626,0,4284,0
sh600486,314,401,0
sz002535,0,4000,0
sz002835,0,0,0
sh600452,0,0,0
sz002666,89068,71428,34819
sz000687,0,0,0
sh600356,3112,0,0
sh603090,0,0,0
sz000926,1236,4907,0
sh600162,0,0,0
sh601229,5008,11522,0
sz300024,4687,17707,883
sh601377,24762,18200,0
sh600405,1906,3304,4051
sh600052,0,0,0
sh600577,21217,20577,0
sz002264,178027,291068,36408
sz002140,0,0,0
sh600277,1731,0,0
sz300531,0,731,0
sz300258,9227,770,0
sz002433,1576,1290,0
sh603179,331,919,0
sz002079,4761,1924,0
sz002240,700,1230,0
sz300570,0,0,0
sz300149,0,2000,0
sz002124,0,2496,0
sh600180,0,1237,0
sz300432,0,0,0
sz300259,0,0,0
sz300125,0,0,0
sh600127,0,0,0
sz300600,0,0,0
sh603088,0,0,0
sh600673,56768,63068,2371
sz000759,0,0,0
sh603123,0,0,0
sz002891,0,0,0
sz002087,0,0,0
sh600206,5486,9109,0
sz000607,0,0,0
sz002107,0,0,0
sh600243,0,0,0
sh603778,4639,3103,0
sz300394,0,0,0
sz002521,1966,0,0
sz002316,0,3186,0
sh600886,2023,4107,0
sz002295,0,0,0
sh603358,388,0,0
sz000910,709,1870,0
sz300463,2985,1335,0
sh600967,21402,10490,0
sz300606,0,0,0
sz002708,0,0,0
sh601198,30645,122557,0
sz002911,10223,8233,0
sh600744,0,0,0
sh601952,1061,0,0
sz300716,457,503,0
sh600835,989,0,0
sz300695,0,0,0
sh603357,562,0,0
sz300456,0,363,0
sz300637,0,2748,0
sh600171,41124,11302,0
sz002566,0,0,0
sh603161,0,1118,0
sh603626,1133,565,0
sz002873,580,0,0
sz300248,0,2359,0
sh601099,560386,184890,0
sz002572,967,2637,0
sz300360,0,0,0
sz002001,15189,30923,1110
sz300099,30567,2963,1416
sz300371,0,0,0
sz300124,6525,14474,701
sh600269,11912,11538,0
sz300083,3161,23289,0
sz002775,1359,0,0
sh600760,16588,10993,360
sh603041,0,0,0
sh603797,0,674,0
sh600175,10000,6057,0
sz300563,702,4222,0
sh600372,12940,6987,981
sz000818,5312,1168,1307
sz300507,699,0,0
sz300127,0,0,0
sz002319,0,0,0
sh600330,3245,1203,0
sz000959,0,2075,0
sz002561,0,2145,0
sz002445,0,0,0
sh600208,40763,123012,0
sz300172,0,0,0
sh603881,1429,0,0
sh600838,7037,8951,0
sz300328,0,0,0
sh603266,580,0,0
sh601877,8516,10732,0
sz000960,15514,15654,0
sz002884,0,0,0
sz002206,0,0,0
sh603022,3330,0,0
sz300718,0,0,0
sh600775,5380,2900,0
sh601388,2802,37132,0
sh603306,479,0,0
sz002811,0,0,0
sz300573,0,1622,0
sz002016,7629,9292,0
sz002880,0,0,0
sz002118,36643,13600,0
sh600317,0,7090,0
sz000539,0,0,0
sz002537,8924,5707,0
sh600053,3279,6044,0
sz000639,0,815,0
sz300113,10158,14763,0
sz002791,0,0,0
sz300672,2952,3772,1325
sz300595,658,211,0
sh600170,10518,19323,0
sz000859,0,0,0
sh600740,18256,41748,0
sz002460,47146,64645,7538
sz300208,974,0,0
sh600694,468,379,0
sh600369,9218,3100,0
sh603938,8546,307,0
sh600677,2954,2465,0
sz300438,0,412,0
sz300519,7725,10920,3169
sz300467,0,0,0
sh603838,0,0,0
sh601336,83282,113713,3432
sh600093,10399,9681,2672
sh603808,0,0,0
sz002386,0,0,0
sz300046,659,1941,0
sh600066,10023,40322,512
sz002365,4683,5955,0
sz300487,3286,6429,1053
sh600743,0,3123,0
sz002899,0,0,0
sz300177,0,0,0
sz002117,0,0,0
sz000166,30641,5766,0
sh601328,119541,139358,0
sh601326,0,0,0
sh600830,8394,7912,0
sh600560,75394,64216,4006
sz002917,3080,425,0
sh600400,57311,47427,1576
sz000906,0,0,0
sh603029,997,0,0
sz300518,0,0,0
sz300311,979,0,0
sz300324,19638,12576,0
sh600218,0,2069,0
sz300692,300,592,0
sz000042,0,0,0
sh600684,1736,0,0
sz300478,0,2533,0
sz002603,679,1200,0
sz002101,0,550,0
sz002591,0,0,0
sz002025,4509,6575,0
sz000681,1855,5991,0
sz002887,0,156,0
sz002906,459,0,0
sz002358,14532,3276,0
sz300274,10566,6274,0
sz300339,8172,3312,0
sz002727,1346,0,0
sz002530,0,0,597
sz300080,1700,0,0
sz300293,0,0,0
sz300105,20699,12076,3290
sh600977,606,5389,0
sz300028,0,0,0
sh600310,5079,0,0
sz300318,0,0,0
sz300494,0,0,0
sz300306,0,0,0
sh600648,0,1562,0
sh600896,0,0,0
sh600821,0,0,0
sz300256,0,2023,0
sh600726,4562,6268,0
sz000972,0,0,0
sh600333,0,0,0
sz002203,0,2660,0
sz300092,0,0,0
sh600067,0,4747,0
sz000502,1463,0,0
sz002472,0,9030,0
sh603356,1050,1763,0
sh603168,0,0,0
sz000976,0,3305,0
sz002637,6123,15900,0
sz300365,0,0,0
sz300497,0,0,0
sz300715,2640,3330,1306
sz002084,0,0,0
sz300023,0,0,0
sz000430,0,0,0
sh600249,2097,13887,0
sz300170,20645,45134,3033
sz300701,2590,14393,335
sz002349,0,1380,0
sh601828,11729,5308,0
sh600196,44133,72952,2841
sz300723,1004,2710,0
sz002133,0,0,0
sz300691,0,0,0
sh600898,9288,30339,0
sh600651,1500,0,0
sh600810,5246,2705,0
sz300626,0,0,0
sh600638,0,3540,0
sz300110,49585,106449,0
sz300203,3419,1225,0
sz300693,0,0,0
sz300169,0,0,0
sh600723,0,0,0
sh601689,0,602,0
sz002086,2330,4339,0
sz000027,0,2103,0
sh600020,47050,263846,7486
sh600691,13599,16696,0
sz000531,0,0,0
sz002774,0,0,0
sh603803,0,0,0
sz002558,0,0,0
sz300192,3345,11820,0
sz002508,2633,10375,0
sh603387,0,0,0
sz002311,0,0,0
sz300316,15891,25381,1003
sh603757,0,0,0
sz002081,11949,17118,0
sz000810,9660,5306,0
sh600360,0,0,0
sh600476,711,632,0
sz300591,0,1285,0
sz300122,5874,7438,0
sz002833,0,0,0
sz300602,161,488,0
sh600565,20404,8946,0
sz002446,0,0,0
sz000503,26322,21263,299
sz002482,0,0,0
sh603515,0,211,230
sz000705,0,0,0
sz002701,2000,10000,0
sz300155,0,0,0
sh600387,3317,2950,0
sh601985,13121,6960,0
sz002613,0,0,0
sz300612,4052,5425,629
sh600615,0,0,0
sz300160,2000,0,0
sh603368,1535,596,0
sh600770,5219,20248,0
sh600376,0,2168,0
sh601366,7068,2067,0
sz002685,14370,0,0
sh603110,0,0,0
sz002404,0,0,0
sz300097,722,721,0
sz300167,0,0,0
sz002416,0,0,0
sz300482,0,484,0
sz300344,31763,28604,0
sh600209,9173,8540,1651
sz300188,3076,3005,0
sz002881,0,0,0
sh603197,0,0,0
sz002352,410,1857,0
sh600284,0,3290,0
sz002398,0,1008,0
sz300253,23421,94450,2774
sz300446,627,500,0
sz300406,0,0,0
sh603860,0,0,300
sz300668,0,0,0
sh600149,0,0,0
sh601500,0,0,0
sh603536,0,0,0
sz300217,0,0,0
sz002821,359,1193,0
sh603330,0,0,0
sz300275,0,0,0
sz300101,3228,3714,0
sz002367,95084,90497,2231
sh600380,30559,70786,0
sh603289,847,0,0
sh603928,0,0,0
sh601669,3021,1528,0
sz000807,28235,67051,1344
sz002736,2394,3027,0
sz300115,7824,26007,1076
sz300671,0,0,0
sh600822,0,0,0
sh601607,4214,9461,0
sz300407,0,1850,0
sz000692,0,0,0
sh600168,0,2547,0
sh600100,17110,14738,0
sz000582,0,0,0
sz002724,0,0,0
sh600862,3189,0,0
sz000860,0,1213,0
sz000584,0,0,0
sz300182,22493,59280,0
sz002261,1505,0,0
sz000651,66086,83886,3034
sh600106,3549,0,0
sz300534,0,3310,0
sh600885,0,2746,0
sh603043,0,1557,0
sh600746,0,0,0
sz002836,8506,2697,0
sz002169,0,0,0
sh603996,0,1762,0
sz000036,2300,6926,0
sz000913,0,0,0
sz300470,0,1247,0
sz300387,0,0,0
sh603555,965,0,0
sz300315,43499,31619,1766
sh603337,0,0,0
sh600720,14292,21769,0
sh600331,0,2576,0
sz000710,506,1149,0
sz000519,55617,17826,0
sz300551,0,0,0
sz000707,0,0,0
sz002849,1052,0,0
sh600779,11087,281,0
sz000883,2960,0,0
sh600679,0,0,0
sz000726,0,0,0
sz002438,0,0,0
sz002489,0,0,0
sz300489,0,0,0
sz002021,0,4395,0
sz002043,2042,1390,0
sh600129,711,0,0
sh603181,592,0,0
sh603908,0,0,0
sh603896,647,279,227
sh600795,29049,73162,0
sz002104,1327,8752,0
sh600311,0,0,0
sh603929,11554,3914,439
sz300532,0,0,0
sz002270,0,0,0
sz300261,0,0,0
sz002094,7459,1717,0
sz300350,3060,0,0
sh600558,4667,1964,0
sz300375,0,0,0
sz000592,11283,5850,0
sz002022,800,3046,0
sh601218,4213,0,0
sz300081,0,0,0
sh603500,0,0,0
sz000851,0,1243,0
sh603020,0,0,0
sz300697,572,950,0
sz000158,16758,3893,2005
sh600683,0,0,0
sh603002,2010,4432,2226
sz000921,0,2772,0
sh600493,1324,0,0
sz002327,0,0,0
sz300664,8876,6243,0
sz300333,0,1749,0
sh600965,0,0,0
sz002442,0,927,0
sz002052,0,0,0
sh600340,20432,30790,313
sz300062,0,0,0
sh603000,11012,6067,0
sh603608,0,0,0
sh601001,0,7252,0
sh600222,0,0,0
sz300252,1756,0,0
sz300420,0,3410,0
sh603535,0,0,0
sz300624,11127,9927,3470
sh600641,2117,2577,0
sz002807,1397,0,0
sz000157,6078,5558,0
sh600183,11246,11660,0
sz000662,0,0,0
sz002407,3979,7653,0
sz300183,0,0,0
sh603607,574,461,0
sh600667,14772,24372,0
sz000798,0,0,0
sh601163,0,0,0
sh603816,217,0,0
sz002618,2797,0,0
sh600836,0,0,0
sz002061,0,0,0
sh603269,12209,20656,629
sz300618,1418,2725,198
sz002501,1346,3295,0
sh600348,6581,40381,0
sh600610,0,0,0
sz300279,0,2302,0
sz300660,0,0,0
sz002783,0,0,0
sz000419,0,0,0
sz002798,0,0,0
sh601005,57341,58197,0
sh600259,938,1755,0
sh600863,0,8783,0
sz300270,0,0,0
sh603131,0,0,0
sh600240,15388,129481,0
sh600657,0,1895,0
sh603336,1679,1485,0
sh600000,40322,23278,1232
sz000507,0,18393,0
sh600843,1533,0,0
sz000791,0,3110,0
sz300272,0,0,0
sz002837,0,6051,0
sz000789,19325,39516,0
sz002779,0,0,0
sz002266,9831,9933,0
sh600680,0,0,0
sz300369,2476,6771,770
sh600761,0,4685,0
sz300294,285,0,0
sz000732,34543,16625,2647
sh600844,0,0,0
sh600104,27342,40702,381
sz000978,0,0,0
sz002903,1227,1265,0
sz300384,0,0,0
sh603828,3066,4085,0
sz000517,20684,2550,0
sz000676,991,900,0
sz300171,0,0,0
sh600850,622,0,0
sz002324,0,0,0
sh603103,0,433,0
sz002602,389,657,0
sh600652,0,6861,0
sz300239,0,0,0
sh601595,0,0,0
sz002037,0,0,0
sh600456,667,0,0
sh600233,572,584,0
sh600676,6059,9348,0
sz002167,0,1078,0
sz002760,0,580,0
sh603157,0,1001,0
sz002788,0,472,0
sh600860,0,0,0
sz000997,9898,7811,0
sz300329,0,0,0
sz002030,2000,0,0
sz002170,0,0,0
sh600187,28788,127947,0
sh600480,3864,779,0
sz002064,0,2034,0
sz002476,0,0,0
sh600824,2255,0,0
sz002528,0,0,0
sh600780,0,0,0
sz300389,907,0,0
sh600359,0,0,0
sz000733,2061,804,0
sz002371,10628,5955,582
sz300051,0,6953,0
sz300412,0,0,0
sh603208,0,0,0
sz300196,0,0,0
sh600540,0,0,0
sz002756,0,713,0
sh600979,0,0,0
sz002625,2633,709,0
sz002493,2431,4493,0
sh600900,4139,10943,0
sh600567,61604,98703,0
sh600030,410483,436270,12451
sh600653,0,11588,0
sh603277,0,0,0
sz000421,0,0,0
sh603533,18241,98465,4139
sz000548,0,0,0
sh600295,834,890,0
sz300690,0,0,0
sh603716,361,0,0
sz002238,0,0,0
sh603331,0,0,0
sh600396,0,0,0
sz000625,6762,14492,0
sh600004,0,0,0
sz300633,0,436,0
sz300358,0,0,0
sh600665,0,0,0
sh600874,5228,10745,0
sz300140,10393,8017,0
sz002488,0,1800,0
sz300584,0,551,0
sz300453,0,0,0
sz300178,5288,1642,0
sh600575,0,2901,0
sz002813,0,0,0
sh600584,18565,27216,1499
sz002546,0,0,0
sz300323,4674,12150,0
sz002494,0,0,0
sz300492,0,0,0
sz002223,3034,6431,0
sh603098,0,0,0
sh600007,0,0,0
sz000006,10420,13061,0
sz300657,0,774,0
sz002322,0,0,0
sz002136,0,0,0
sh603903,0,0,0
sz002879,817,375,0
sz002292,1025,1170,0
sz002755,0,0,0
sh600507,15539,17480,1252
sh603077,12021,11456,0
sh603389,0,0,0
sz300295,0,0,0
sh600619,0,0,0
sz002139,2203,8642,0
sz300488,0,0,0
sz000568,1194,3034,211
sz000553,2002,800,0
sz300605,0,0,0
sh600545,3003,5321,0
sh600169,0,0,0
sh601519,0,0,0
sh600089,16377,14187,0
sz300244,2293,1608,0
sz002655,2823,10347,898
sz300381,0,0,0
sh600506,0,0,0
sh600365,33342,1386,2291
sz002816,0,0,0
sh601111,30433,62712,0
sz000970,12701,12899,0
sz002390,6415,6486,0
sh600010,60248,113683,0
sh600216,12735,33028,0
sh600617,0,0,0
sz002679,0,0,0
sh600416,22404,4504,1351
sh601058,5010,5000,0
sz002782,0,917,0
sz300440,0,3855,0
sh603991,0,0,0
sh600167,0,0,0
sh600088,6760,4742,0
sz300711,12072,12005,0
sh603507,0,0,0
sz002166,0,0,0
sz300241,2063,868,0
sz300576,0,0,0
sz000418,0,0,0
sh601668,180330,169327,0
sh603012,0,0,0
sz002313,500,1887,0
sz000586,0,0,0
sz002795,666,0,0
sh601699,55403,80515,0
sz000708,0,0,0
sh600329,1413,2650,0
sh601888,17379,8574,420
sh603026,500,0,0
sz000911,0,0,0
sz002280,4711,4120,0
sh600589,0,0,0
sh600466,1066,30335,0
sh600391,3592,5582,0
sz000153,0,0,0
sz002377,0,5132,0
sz002718,0,0,0
sh603806,840,0,0
sh600737,0,19129,0
sh600864,0,1971,0
sh600138,1901,3554,0
sh600188,17069,16987,0
sz002135,0,0,0
sz000677,3298,0,0
sz002326,1197,0,0
sz000982,0,0,0
sz300490,0,0,0
sh603701,0,0,0
sh600438,140452,117767,6209
sh600110,3275,18740,0
sh600827,0,0,0
sz300611,0,0,0
sz002286,0,0,0
sh603283,500,3515,0
sh600054,0,0,0
sz300388,0,501,0
sz000007,0,0,0
sz000999,861,5584,0
sh603882,354,1409,0
sz002792,0,0,0
sz002420,0,0,0
sh600099,0,45698,0
sz300079,6941,0,0
sh600729,19847,14196,0
sh600251,0,0,0
sz000881,1505,1336,0
sz000428,0,0,0
sz002440,11844,9434,449
sz002046,15746,17316,1280
sh603078,0,501,0
sz002852,0,0,380
sz002298,1892,0,0
sz300281,0,1309,0
sh600978,0,1697,0
sz002142,36719,16057,0
sh603429,0,0,0
sz000543,2199,8655,0
sh601212,31722,8788,0
sh600297,0,5625,0
sh601108,38818,43987,3975
sh601678,15144,18981,0
sz002131,5026,0,0
sz002870,0,13686,0
sz300717,0,748,0
sh601900,0,2350,0
sz300645,0,0,0
sz300346,2965,1626,0
sz002391,0,0,0
sz000800,5972,12145,0
sz300402,0,0,0
sz000776,40755,25108,0
sz002785,0,0,0
sz002908,865,430,0
sz002889,0,0,0
sz300700,1679,1119,0
sz300154,0,0,0
sz000717,7147,24840,0
sh600876,2450,3177,608
sz002453,0,0,0
sz300499,0,0,0
sz002421,0,4454,0
sz000735,134688,99709,4619
sz002475,11745,3584,411
sh600895,9131,5757,0
sh600569,8940,33611,0
sh600078,0,0,0
sh600262,550,0,0
sz000048,0,0,0
sz002269,0,0,0
sz000526,0,0,0
sz000570,0,0,0
sz000813,0,0,0
sz002654,0,0,0
sz300277,0,2646,0
sz000413,16399,14682,0
sh600012,8751,1000,0
sz002674,0,0,0
sz300300,23026,30537,1295
sh603987,0,0,0
sz300193,4326,4123,0
sh603380,12040,33547,0
sz002928,1321,2418,362
sh600731,0,0,0
sh603028,0,0,0
sh603365,0,0,0
sz300075,712,3279,0
sh603528,0,0,0
sz002923,3342,3382,265
sh600985,0,1747,0
sh601611,7028,1686,0
sz002314,0,3024,0
sz000995,0,1668,0
sh600557,0,1179,0
sz002752,0,0,0
sz300043,0,0,0
sz002372,0,0,0
sh603619,7355,5640,1404
sz300625,0,0,0
sh600966,4918,6138,0
sz300542,3598,20139,298
sz000917,12187,40337,2313
sh600027,21624,12420,0
sz002491,0,1800,0
sh600276,19705,21313,2823
sz300628,0,998,0
sh601808,2179,3949,0
sh603329,2091,780,414
sh603040,0,0,0
sh600883,0,0,0
sh603089,0,0,0
sh601186,14921,25720,0
sz300460,0,0,0
sz002110,12047,14879,610
sz300457,6835,2015,0
sz000599,0,0,0
sz002400,2428,12502,0
sh600903,139600,127432,21334
sz002787,0,0,0
sz300592,0,0,0
sh603818,0,0,0
sz000028,203,1075,0
sh600449,0,3413,0
sz002700,0,0,0
sz300129,0,1800,0
sz002643,0,1018,0
sz300613,0,283,0
sh603159,0,0,0
sh603323,1600,5651,0
sz002675,1041,13704,1249
sz002408,812,9509,0
sz000811,0,0,0
sh603200,0,0,0
sz002344,0,2000,0
sz300117,0,0,0
sh600118,12410,7935,0
sz300567,0,86,0
sz002551,0,1542,0
sz000672,31915,53863,1752
sh603683,0,935,0
sz002385,1714,8820,0
sh600555,12976,8824,0
sh603196,0,0,0
sh600362,36386,44021,592
sh600596,9481,16242,0
sz002588,0,0,0
sh600695,11832,0,0
sz002713,371,0,0
sz300313,0,0,0
sz300063,0,2438,0
sz002042,2222,0,0
sh603801,200,191,0
sz002152,15693,12256,0
sh600109,17194,23959,0
sz300443,0,0,0
sz300033,2220,3683,0
sz002645,0,0,0
sh600872,5560,3906,0
sh603167,0,1978,0
sh600685,28729,19016,511
sh603937,0,0,0
sh603518,0,0,0
sh601880,16109,12157,0
sh600766,4319,0,0
sz300118,967,0,0
sz300522,0,0,0
sh600483,3303,1314,0
sh600854,2196,0,0
sz002893,702,0,0
sh600823,0,8097,0
sz002511,0,681,0
sh601515,0,0,0
sz000852,2246,1379,0
sh603080,813,841,0
sz002154,0,4871,0
sz300213,24820,20680,5915
sz300168,89147,65156,6133
sz300708,4505,1979,0
sz300617,0,0,0
sz002543,0,0,0
sz002926,153339,100994,15038
sh603833,0,0,0
sz002920,1540,1758,339
sh603416,0,0,0
sz000617,1628,0,0
sh600491,3642,0,0
sh600834,0,0,0
sz002512,2001,15814,0
sh600881,0,0,0
sz300722,1455,15496,0
sh600749,0,0,0
sz000633,0,0,0
sz300068,12257,2138,0
sz000682,0,0,0
sz300569,989,2022,505
sz002441,0,0,0
sh603966,0,0,0
sh600871,21637,25291,0
sz002757,353,684,0
sz002297,31341,25492,0
sh603355,0,0,0
sz002929,17998,16704,5218
sz002595,600,1160,0
sz000504,0,0,0
sz300528,0,0,0
sz002771,0,0,0
sh600469,0,0,0
sz300314,0,0,0
sh601188,0,0,0
sz000758,0,13610,0
sz002498,19168,0,0
sz300074,0,0,0
sh600819,0,0,0
sh600101,1357,0,0
sz002333,0,0,0
sh600724,0,0,0
sz300740,10257,8733,697
sh603126,7761,1678,0
sz002627,0,0,0
sh600232,0,0,0
sz300632,0,0,0
sz002487,0,0,0
sz000888,0,0,0
sh600647,3710,0,0
sz002772,0,0,0
sh600605,1000,0,0
sh600792,0,0,0
sh600998,600,1827,0
sz000565,0,0,0
sz002697,0,0,0
sz002605,0,0,0
sz002211,0,0,0
sh603138,806,293,0
sh600462,170580,356024,3598
sh603616,1761,10078,0
sz300555,0,0,0
sz300288,1305,5494,0
sz300680,0,0,0
sh600511,1361,1132,0
sh603166,0,0,0
sh600624,4745,0,0
sz000973,4840,0,0
sz002838,0,0,0
sh603067,0,0,0
sh603779,0,0,0
sh600969,0,0,0
sz000065,12617,25955,0
sz000719,0,0,0
sh601008,2879,0,0
sz002288,3366,0,0
sh600323,0,0,0
sz002486,0,0,0
sh600258,1805,1017,0
sz002415,99377,79864,9722
sz300242,1602,0,0
sz300707,3341,2337,762
sh600774,0,0,0
sz000979,1745489,646731,6214
sz300589,0,10174,0
sh600859,1291,976,0
sz002323,20128,48811,0
sh603383,0,0,0
sz002542,1402,1826,0
sh600692,2318,0,0
sz002463,0,0,0
sz002741,0,0,0
sz300011,0,0,0
sh600502,1713,0,0
sz300561,0,0,0
sz002187,0,0,0
sz002137,143647,176377,9167
sz002418,4172,1512,0
sz000408,0,0,0
sz300385,0,0,0
sz002083,0,0,0
sz002861,728,513,0
sz300469,748,585,0
sz300663,6489,2624,0
sh603499,1955,871,494
sz000407,0,0,0
sh603997,2401,0,0
sh600528,3473,8784,0
sh603258,0,0,0
sh600495,7984,3854,0
sz002843,0,0,0
sz000925,0,0,0
sz300500,0,0,0
sz300330,0,0,0
sh601021,697,399,0
sh603369,0,1607,0
sh601949,0,0,0
sz002860,235,2190,0
sz300427,0,0,0
sz000715,0,0,0
sh601919,2000,3723,0
sh600611,12458,11992,0
sh600758,0,0,0
sz002029,0,5924,0
sz002351,5647,5813,0
sz300162,0,0,0
sz002173,0,0,0
sz000523,0,0,0
sz002556,0,0,0
sh600713,2186,0,0
sh603712,169890,272836,32287
sz300566,0,0,0
sh603444,255,780,0
sz002041,0,0,0
sz002449,6314,13697,1663
sz000899,0,0,0
sz300439,0,0,0
sz002111,0,0,0
sh600229,2000,1400,0
sh603668,0,0,0
sh600992,0,0,0
sz300642,105,127,0
sz002448,0,0,0
sz002806,0,0,0
sz002409,0,2091,0
sz000933,5703,16117,0
sz300264,0,0,0
sh600436,1656,4528,389
sh600963,10559,3843,0
sz000990,0,0,0
sz000868,7055,0,1496
sz300583,0,0,0
sh600523,2208,1703,0
sz002039,0,0,0
sz300320,0,1926,0
sz300737,3048,3616,0
sz002190,8436,23454,517
sh603005,0,0,0
sh601966,604,800,0
sh603056,6966,3603,0
sz002106,0,0,0
sz300631,0,1746,0
sz300298,0,483,0
sz002077,0,0,0
sz300307,0,0,0
sh600028,565442,714170,4154
sz000023,0,0,0
sz000720,0,0,0
sh603116,0,0,0
sh600750,4864,7781,0
sz300670,0,0,0
sz000801,24574,10947,1748
sh603113,0,0,0
sz000961,0,5370,0
sz300030,0,0,0
sh600178,31852,31564,0
sh600037,2330,5572,0
sh603313,457,18975,0
sh603308,800,0,0
sz300059,392984,440448,16191
sz300480,0,0,0
sz300397,3016,0,0
sh601579,0,0,0
sz300705,0,8178,0
sz300363,0,800,0
sz002191,1437,17374,0
sz000610,10121,0,0
sh603630,0,0,0
sh603239,0,0,0
sz000885,0,2260,0
sh603721,0,0,0
sz300516,0,0,0
sh601958,0,11619,0
sz002376,1675,3470,0
sz002540,0,0,0
sz000409,0,0,0
sh600122,30892,5833,0
sh600006,3840,0,0
sh600279,0,1900,0
sh603895,974,1139,0
sh603223,0,0,0
sh600562,2411,480,0
sh601018,5282,5522,0
sz002832,0,0,0
sz002711,36264,11396,0
sh600858,0,0,0
sh600252,18111,42519,0
sz002216,0,0,0
sh600091,0,0,0
sh600228,0,0,0
sz300142,32669,26077,0
sz002900,381,1493,0
sz002389,4446,1571,0
sh600626,3876,0,0
sz300265,0,0,0
sh603018,0,0,0
sh600382,0,0,0
sh603922,0,505,0
