sh600962,0,4059,0
sz002159,0,0,0
sh600889,0,0,0
sh601515,0,0,0
sz300249,32760,28486,5339
sz300302,7618,1155,1409
sh600390,0,0,0
sh600745,5949,2361,0
sh600523,6463,4404,0
sz300416,0,0,0
sz000813,7174,9467,0
sh600156,0,0,0
sz002281,58185,21936,2575
sh601949,2000,0,0
sh600062,19186,11734,1071
sh601018,0,14330,0
sh601028,0,0,0
sz300199,4402,1905,0
sh600594,21231,2920,0
sh600635,30502,19400,0
sz300539,0,0,0
sz002015,2000,0,0
sz002792,0,1198,0
sz002438,0,0,0
sz000957,0,0,0
sz002711,75292,44299,0
sz002537,1086,7562,0
sz000789,34200,83972,1197
sh600712,0,0,0
sh603079,0,0,0
sz002203,0,0,0
sz000652,0,3224,0
sh600732,0,0,0
sz300531,1364,0,0
sh600373,7648,4316,0
sz002224,0,2001,0
sz002485,495,0,0
sh600030,359747,337846,11858
sh600275,0,0,0
sh600389,0,1802,0
sz300559,810,0,0
sh603612,768,238,0
sz002538,0,0,0
sz300726,28922,37395,2196
sz002696,1237,1028,0
sz300498,6945,26146,0
sz002756,0,731,0
sh603010,6822,2506,0
sz300171,3736,0,0
sz300429,951,0,0
sh600377,4049,1727,0
sz002910,0,787,0
sz300489,0,0,0
sz002533,0,0,0
sz300075,10543,7156,724
sz300262,0,0,0
sh600867,72421,13701,1172
sh600639,0,0,0
sh603123,0,0,0
sz300344,7788,6654,0
sz000733,2563,0,0
sh600572,0,1680,0
sz002478,0,0,0
sz300348,6229,1192,0
sz300131,11531,0,0
sz002677,1255,0,0
sz300579,2223,2568,0
sz000728,1500,4504,0
sh603663,0,0,0
sz002173,0,2219,1185
sz300617,0,0,0
sz002893,0,0,0
sz000790,5957,3897,0
sz000518,0,0,0
sz002905,1929,0,0
sz000661,3646,2058,126
sz002193,1956,0,1345
sh600634,7408,13190,2495
sz002126,18627,1267,0
sh600556,0,0,0
sz002682,0,0,0
sz000488,9731,12133,0
sh600834,0,0,0
sh601258,58627,62371,0
sh600098,0,0,0
sz300326,3756,0,0
sz002827,0,0,0
sz300420,0,0,0
sh601006,16778,39703,0
sz002068,2317,0,0
sh603260,3475,1906,215
sh600674,13932,17990,0
sh600478,4396,0,0
sh600265,0,0,0
sz300445,1679,0,0
sh600708,0,0,0
sh601886,0,0,0
sh600190,0,0,0
sh600039,0,0,0
sz300163,2000,0,0
sz300655,501,0,0
sz300532,1969,3049,322
sz000848,0,0,0
sh600737,0,3098,0
sz300295,3500,1366,0
sz300607,0,768,0
sh603909,0,0,0
sh603326,0,0,0
sz300244,11417,5332,422
sz002089,4848,0,0
sh603320,0,0,0
sh603329,1423,436,0
sh600894,0,0,0
sz300193,0,0,0
sh603586,0,0,0
sz002798,201,296,0
sz002884,0,0,0
sz300501,0,0,0
sz000420,0,0,0
sh600771,6780,677,0
sh600563,2067,0,0
sz300170,71331,52293,5376
sh600352,20397,32877,0
sh603283,16967,37143,4456
sh603165,0,0,0
sh603828,0,0,0
sh603813,0,0,0
sh603609,2395,0,0
sz300068,3369,0,851
sz002471,3098,0,0
sz002675,17201,1990,0
sz002529,861,632,0
sh600398,11528,7160,0
sz300406,2121,0,0
sz002522,0,1683,0
sz002358,2099,1685,0
sz300556,2611,852,0
sh603602,1138,406,0
sz000852,1999,0,1335
sh603311,0,0,0
sh600764,1388,806,0
sh600896,0,0,0
sz002104,18290,3752,0
sh600909,0,4042,0
sz000623,1978,3965,0
sz300039,0,0,0
sh600088,0,0,0
sh601958,0,5425,0
sz300517,0,0,826
sz000524,0,0,0
sh600240,0,0,0
sz000887,17827,6673,0
sz300547,437,229,0
sz002274,0,3000,0
sz300176,1121,542,0
sh600351,0,0,0
sz300596,0,0,0
sh603078,169,690,0
sh600328,0,5198,0
sh600684,11446,4816,0
sh600640,0,754,0
sz300507,2374,2442,0
sh603322,587,0,0
sh603388,0,0,0
sh603559,16125,5092,602
sz002324,0,498,0
sz300108,0,0,0
sh603519,0,0,0
sz300449,2007,797,0
sh600694,0,957,0
sh600103,0,0,0
sz002328,1545,0,0
sh600260,11321,7413,0
sz002709,2033,2186,0
sz002513,0,0,0
sz300394,527,0,0
sz300355,12947,6270,0
sh603239,1702,0,0
sz300010,66937,47826,0
sz000513,8945,6395,433
sz000693,0,0,0
sz002462,0,0,0
sh603421,0,0,0
sh603030,0,11128,0
sz300649,323,322,0
sh600722,0,0,0
sh600638,0,0,0
sz002020,0,0,0
sz002534,0,0,0
sh603337,0,200,0
sz002314,0,0,0
sz002077,0,0,0
sz300025,0,0,0
sz000567,8497,502,0
sz000625,0,3857,0
sh600299,800,0,0
sh603883,6169,924,0
sz300715,2979,1813,491
sh600313,0,27647,0
sz002621,0,0,0
sh600307,19764,11338,0
sz002563,3266,0,0
sz002411,0,0,414
sh600266,1441,1013,0
sz000738,48450,22236,618
sz002311,2685,3517,0
sz002484,1490,4954,0
sz002896,1258,0,0
sz002730,1472,0,0
sz002908,820,1104,0
sh600499,27303,9359,0
sh600535,46353,16704,3237
sz300088,92877,25184,0
sh600500,0,1516,0
sh600575,0,0,0
sz002671,0,0,0
sh603986,12452,11306,881
sh601366,0,0,0
sh603177,0,0,0
sh603676,711,1748,0
sh603616,7521,5293,703
sh601069,15126,22476,0
sz002926,34259,34347,2269
sz002847,0,503,0
sz002417,993,0,0
sz300580,0,0,0
sh601918,0,4243,0
sz000736,908,1155,0
sh600610,2244,0,0
sz002176,26653,33500,1020
sz300481,637,502,0
sz000426,5046,6278,0
sh600236,2009,4550,0
sh600615,1047,0,0
sz000587,26177,3949,0
sz002237,0,7836,1736
sz300221,5845,2441,0
sz002179,12097,6570,0
sz002445,0,903,1699
sh600624,0,2851,0
sz002574,0,1500,0
sz300314,0,0,0
sh603568,0,0,0
sh603308,3443,0,0
sz300565,1847,7679,0
sh600208,41131,43438,0
sz000530,6394,0,0
sh603806,0,354,0
sz002581,0,0,0
sz002081,2874,11718,0
sh603008,0,0,0
sz000980,0,0,0
sh601099,31228,17147,0
sz300731,313,0,0
sz300331,873,760,0
sz002208,23794,39558,779
sh600850,1254,0,0
sh603800,2806,0,0
sh600509,0,0,0
sz002162,0,0,0
sz002080,2529,3026,0
sz300268,0,0,728
sz002495,0,0,0
sz000685,0,0,0
sz300183,6909,4474,0
sz002850,0,0,0
sh600220,0,0,0
sz300657,300,0,0
sz000876,3399,1603,0
sz300180,507,0,0
sz300353,46976,20975,0
sz002555,3632,4560,0
sz000002,118258,138442,10871
sz300622,0,0,0
sz300443,0,0,0
sz002342,6544,2121,0
sz000868,26187,5619,0
sz002755,0,0,0
sh600815,3000,0,0
sz300685,365,367,0
sz300593,6799,2226,542
sz000931,0,0,0
sz300216,28508,16317,1744
sz300143,0,0,0
sz300195,0,0,0
sz002688,0,0,0
sh600338,1495,2770,0
sh601997,15140,45335,0
sz000411,0,0,0
sh601117,32521,10319,0
sh601766,23118,50737,0
sh603585,0,0,0
sh601111,272855,212715,15252
sz300567,2233,808,0
sh600628,0,0,0
sh603042,1875,0,0
sh600057,0,0,0
sz002667,804,0,0
sh603416,378,0,0
sh600763,2008,647,0
sh600298,11342,3404,0
sh601038,0,0,0
sh600706,0,809,0
sh603558,0,0,0
sz000528,55012,29194,0
sz000881,0,0,0
sz002088,0,854,0
sz300224,0,0,0
sh600409,2023,7969,0
sz002194,15650,4045,0
sz300149,1336,1145,0
sh600289,0,0,0
sh603197,0,0,0
sz002278,2142,0,0
sz300263,69572,77278,0
sz300641,0,0,0
sh600210,0,4787,0
sh600529,560,0,0
sz002056,4469,0,0
sz002695,2000,0,0
sh600996,0,0,0
sz002718,0,0,0
sz002070,2331,3000,0
sz300066,8241,2318,0
sh601801,1148,1586,0
sh600637,1087,700,0
sh600180,0,0,0
sz000998,5461,4867,0
sh601118,120494,58462,3716
sz000550,0,0,0
sz000673,3250,3570,0
sh600439,5131,13559,0
sh600250,0,0,0
sz002719,852,0,400
sz300070,48563,32235,586
sz300284,0,0,0
sh603305,410,502,0
sh600695,2164,1035,0
sz300570,1122,0,0
sz000633,1491,0,0
sh600895,928,3908,0
sz002099,2000,11289,0
sz002535,7821,0,0
sz300434,500,0,0
sh601198,2548,1836,0
sz002820,1000,0,0
sh600663,0,596,0
sz002183,39387,2945,0
sh603557,545,619,0
sz300144,20818,3023,0
sz300147,2960,0,0
sz300625,0,0,0
sh603766,15779,6772,0
sz002603,1651,659,0
sz002659,0,0,0
sz002283,2293,0,0
sh600766,0,0,0
sh603618,0,0,0
sh603496,375,0,0
sz300123,1195,6242,0
sz000851,13381,3653,0
sz300272,0,0,0
sh600054,0,0,0
sz300019,3648,0,0
sz002337,0,0,0
sz300621,0,0,0
sh603679,0,900,0
sz002196,0,0,0
sz002697,0,5804,0
sh600280,0,0,0
sh600691,4727,24467,0
sz000968,0,0,0
sz002335,0,0,0
sz300526,1498,0,0
sh603866,0,0,0
sz002503,0,0,0
sz002785,0,0,0
sh600886,9084,14149,0
sz002064,4628,0,0
sz000795,3629,3693,0
sz300209,2279,0,0
sh603601,0,756,0
sh600353,0,0,0
sz000726,0,0,0
sh603377,2270,0,0
sz300652,600,0,0
sz002459,0,0,0
sz300157,9652,3832,0
sh600809,1059,1678,0
sh600739,1742,6996,0
sz300398,4077,1011,0
sz300667,8979,6571,0
sz002899,0,0,0
sz002440,16377,35413,554
sz002763,0,0,0
sz300466,10753,0,0
sh601139,0,0,0
sz000961,28694,17650,0
sh603126,0,5401,0
sh601002,2773,1224,0
sh600237,5509,0,0
sz002616,1517,0,0
sh600444,0,0,0
sz002201,0,0,0
sh600376,0,1185,0
sh600888,0,0,0
sh600138,3932,1605,0
sh600496,0,0,0
sz300093,1494,0,0
sz002351,0,0,0
sz300699,3170,3214,708
sz002108,0,9489,0
sh600783,4285,1748,0
sh603060,502,516,0
sz002745,3746,1270,0
sz000915,1846,1281,0
sz000725,2020470,1093140,0
sz002024,113614,140330,0
sh603020,0,1331,0
sh603698,0,0,0
sh600570,120317,91787,11847
sz000521,0,0,0
sh600396,0,0,0
sz300396,0,0,0
sz300210,3944,54681,0
sh603901,0,0,0
sz002448,1172,0,0
sz300737,0,0,0
sz002008,40085,41810,3432
sz002583,5564,3388,0
sz002811,0,0,0
sh600520,3528,944,0
sz002295,0,0,0
sz002414,4420,1668,0
sz000561,0,0,0
sz002013,35413,14974,1109
sh601377,7105,7323,0
sz002461,0,1823,0
sz000692,0,0,0
sh601878,4534,5552,0
sh600074,9980,20030,0
sz000027,0,0,0
sz300228,1100,0,0
sh601727,0,4450,0
sz002090,0,0,0
sh603090,0,0,0
sz300405,0,0,0
sh603069,1625,2255,0
sh600503,0,0,0
sz002511,0,792,0
sh603726,0,0,0
sh600517,0,6100,0
sz300112,0,1053,0
sh601168,5786,5148,0
sh601666,7020,10025,0
sh600592,0,0,0
sh601188,0,2600,0
sh600272,0,0,0
sh600536,19558,13401,765
sh603007,0,850,0
sz300511,0,0,0
sz002929,14805,10949,1446
sz300572,489,132,200
sz300648,600,0,0
sh600779,1873,1367,0
sz300676,2020,485,60
sz300376,1404,3641,0
sh600489,14657,9614,0
sh600756,23074,16891,0
sh600830,0,0,0
sh601328,209560,298343,0
sh603328,2064,0,0
sz300551,566,0,0
sh600667,64617,16687,2721
sz000089,1503,5500,0
sh601611,0,1475,0
sz300671,866,271,0
sz300277,0,0,0
sh603080,991,418,0
sz002812,797,380,0
sz002497,37973,30923,4025
sz300208,4899,1300,0
sz300426,28846,41093,566
sz300125,0,0,0
sh600820,0,2287,0
sh601933,36590,72750,1269
sz300681,0,0,0
sz002332,1697,1199,0
sz300233,0,0,0
sz300415,1014,1006,0
sh601798,0,0,0
sz000982,0,0,0
sh603926,0,0,0
sh600429,0,0,0
sz300155,2649,0,0
sz002553,0,0,0
sz000859,0,0,0
sh600860,0,0,0
sz000953,0,0,0
sh600186,13687,0,0
sh603889,0,0,0
sz300168,128042,50738,4650
sz002336,0,0,0
sh600421,0,0,0
sh600312,0,0,0
sz002305,3270,4812,0
sz300395,716,750,0
sz002424,5260,2661,0
sz300077,40341,14891,0
sz000560,0,7530,0
sh600363,0,0,0
sz002746,0,0,0
sz002166,0,0,0
sh600209,36220,18766,1632
sz002035,1895,2480,0
sz300367,89456,46789,4752
sz300256,20555,2955,1437
sh603505,480,0,0
sh600768,0,0,0
sh600999,5343,3447,596
sh603055,0,12828,805
sz300436,9663,32113,6140
sz300267,18262,8721,0
sz002377,0,0,0
sh603725,2993,7991,0
sz300044,12722,5482,0
sz300510,1186,0,0
sh603922,0,414,0
sh603856,0,928,0
sz300313,0,0,0
sz000925,0,0,0
sh600555,15156,10069,0
sh600540,0,0,0
sz002803,0,0,0
sh603386,1662,758,0
sz300483,0,0,0
sz002564,0,0,0
sh600487,32815,16640,1237
sh603665,0,0,0
sz300452,0,0,0
sz002502,15024,5944,0
sh600004,2218,1708,0
sh603661,0,0,0
sh603077,6515,21425,0
sz002273,8984,4583,0
sz002789,375,0,0
sz300688,2039,2390,310
sz002573,3096,922,0
sh600602,54928,21724,0
sh603658,208,1049,0
sh600919,19636,31002,0
sz300073,14850,4782,952
sz000571,7288,0,0
sh600196,78692,45095,6285
sz300408,12386,5171,0
sz002890,0,0,0
sh600774,0,0,0
sh600436,7867,2187,341
sz000501,0,1593,0
sz000403,0,0,0
sh600080,1013,7733,0
sh603023,0,0,0
sz000088,0,0,0
sz300350,3353,1461,0
sz002795,0,0,0
sh603335,0,0,0
sz002494,0,0,0
sz300357,1314,380,0
sz000825,67859,99457,4160
sz001965,0,1244,0
sz002777,0,0,0
sz002612,0,0,0
sz002809,0,0,0
sz300549,513,0,0
sz002606,1823,4756,0
sh603789,0,0,0
sh601607,18139,8241,509
sz002093,9483,1172,0
sz002839,8956,8430,0
sh600988,11358,26222,0
sh600795,28542,82573,0
sh603608,0,0,0
sh603617,0,1370,0
sz000862,0,3265,0
sh603818,0,0,0
sh603985,0,0,0
sz300388,0,0,0
sz002915,935,300,0
sz000413,12138,16252,0
sh603615,0,0,0
sh601600,286427,315473,0
sz000955,68111,38919,1717
sz000893,0,0,0
sh600095,9100,1950,0
sz002911,440,0,0
sz300668,522,0,0
sh601519,0,4000,0
sh603001,0,0,0
sz000708,0,0,0
sz300720,0,0,0
sh603103,6493,1135,0
sh601233,15572,15653,622
sz002679,0,500,0
sh600362,5978,14676,979
sz300377,102275,46426,3249
sh600589,0,0,0
sz000756,808,0,0
sz000570,0,0,0
sz000822,0,0,0
sz002325,0,0,0
sz300219,0,899,0
sh600428,0,2307,0
sz002132,6124,5490,0
sh603429,0,0,0
sz002154,0,0,0
sh601003,4877,4391,0
sz002741,10132,1004,0
sz002136,0,0,0
sz000889,0,0,0
sh600231,3608,0,0
sz002646,0,0,0
sz002548,0,0,0
sz002737,9680,1003,0
sz002493,2497,1505,0
sz002837,480,1776,0
sh603058,6341,9708,702
sz300307,0,1503,0
sh600829,0,0,0
sz300298,22737,1005,0
sh601866,0,4074,0
sz300736,619,252,0
sz000620,0,0,0
sh600812,0,0,0
sz000422,0,3979,0
sz002870,0,0,0
sh600228,0,0,0
sz000888,0,1500,0
sz000759,0,0,0
sz002264,18169,14867,0
sz000537,8422,10116,1020
sz300472,0,0,0
sz002109,6021,5101,0
sz300457,0,0,0
sz300354,0,0,0
sz000978,0,0,0
sh600623,0,1200,0
sz300254,1702,1196,0
sz000150,0,0,0
sh600593,0,402,0
sz002220,0,0,0
sz300097,4077,0,0
sh600660,14716,4957,0
sh603229,4977,9971,0
sz000565,0,0,0
sh601668,125728,214021,0
sz300374,0,0,0
sz300213,14747,2815,0
sz000011,0,4105,0
sz002629,0,0,0
sh600819,0,0,0
sz000938,25226,17298,2080
sz002514,0,0,0
sz002320,17854,5916,1813
sh603500,0,0,0
sh600679,0,0,0
sh603009,864,0,0
sz002343,7145,5738,254
sh601158,0,2501,0
sz002475,15183,12528,0
sz000856,38990,4619,1252
sz300380,3467,977,0
sh603019,86479,62702,7329
sz300278,50738,66140,9975
sz000544,0,0,0
sh600482,27083,15123,0
sz300497,0,0,0
sz002105,0,0,0
sh600683,0,0,0
sz300106,0,0,0
sz000936,25388,6159,0
sh601898,0,4684,0
sz300575,1186,515,359
sh600028,178935,322119,0
sz000651,113300,111011,14165
sh600599,0,0,0
sh603811,0,0,0
sh600879,66717,27011,0
sz300207,8281,2071,0
sz300164,0,3272,0
sz002036,16066,923,0
sz002433,3107,2986,0
sz300557,1779,7836,335
sh603991,0,0,0
sz002717,6872,2168,505
sh600566,5903,2018,0
sh601989,732964,403818,18027
sz300576,0,0,0
sz000709,42257,61429,0
sh601333,28486,32138,0
sz000592,8042,2504,0
sz000153,3346,3047,0
sh603999,0,0,0
sh601985,8527,19713,0
sh603298,0,1120,0
sz002689,0,0,0
sz002702,2109,0,0
sz300687,555,851,0
sz002205,0,0,0
sz002186,0,0,0
sz300095,0,0,0
sh600105,1866,0,0
sh600101,2663,8105,0
sz002892,0,0,0
sz002823,0,0,0
sz002416,0,0,0
sz000886,69457,58291,0
sz300732,148,423,0
sh600365,1500,0,0
sz300446,430,0,0
sz002280,5878,1493,0
sz002030,22350,8405,0
sh600533,4337,7000,0
sh600835,0,871,0
sz300421,2262,0,0
sz002496,9533,8612,5572
sz000005,0,60292,0
sh603707,4439,0,0
sz002731,0,0,0
sz002507,62624,50487,7199
sz002439,70585,28142,4644
sz000559,1384,4076,0
sz000676,1095,1857,0
sz000908,0,0,0
sh600690,29049,64041,0
sz002615,0,0,0
sh603233,0,0,0
sh600511,1750,381,0
sz002499,0,0,0
sh600061,2800,3167,0
sz000657,0,0,0
sz000547,23880,40420,0
sh603777,0,859,0
sh600755,21160,18718,0
sz300145,25635,8487,0
sh600071,0,0,0
sh601007,0,0,0
sz000598,0,5247,0
sh600606,68491,135828,0
sh600027,3000,0,0
sz000597,9654,5459,0
sz300719,7612,4905,1454
sh603380,772,501,0
sz002781,0,0,0
sz002066,4156,1128,0
sz002347,0,0,0
sz300137,15059,7216,0
sz000680,2469,3570,0
sh600070,0,0,0
sh600281,0,0,0
sz002106,4100,1326,0
sh600843,1041,4700,0
sh603269,0,456,0
sh600321,6310,0,0
sz300356,28924,4825,0
sh600200,1000,2341,0
sz002095,6718,1857,0
sz002620,2000,0,0
sh600068,48343,91109,3636
sh600367,0,0,0
sh603339,0,0,0
sz000613,27609,102553,0
sh603041,0,0,0
sz300276,5167,0,0
sh603899,2194,871,0
sz300492,337,420,0
sz002062,0,0,0
sz002540,8763,0,0
sh600633,2933,1688,0
sz300047,8212,4169,0
sz002350,3705,0,0
sz300383,205316,136375,16285
sh600006,0,3659,0
sh603779,0,0,0
sz002468,10698,1200,0
sz002877,12088,4759,0
sz300142,23912,17571,0
sz300346,5197,2176,0
sz002611,0,800,0
sh603225,0,0,0
sz300177,1303,0,0
sz300651,300,0,0
sh601628,2597,2974,0
sz300442,0,0,0
sz300428,0,0,0
sz300412,25469,18347,1032
sh600507,33082,29262,2142
sh600789,26976,17571,0
sh600316,3851,4120,0
sh603728,0,0,0
sz002039,0,0,0
sh603266,2044,771,0
sz300450,7219,2602,0
sh600149,0,0,0
sz300215,0,0,0
sh600169,0,0,0
sh601828,2076,3093,0
sh600207,52293,4558,1544
sz300322,2157,0,0
sz300499,0,0,0
sz002566,0,0,0
sz002338,1569,0,0
sh600677,5797,7521,0
sh603533,4249,3263,0
sh600227,0,8936,0
sz300561,588,0,0
sz002500,24589,50331,0
sz000906,0,0,0
sz300096,15925,1000,0
sz002348,0,2569,0
sz002706,0,0,0
sz000860,4303,2087,0
sh601882,7938,7176,0
sz002300,0,0,0
sz002773,4128,4572,0
sz002265,3715,3256,892
sz002306,0,0,0
sh603127,1929,3340,0
sz002372,0,520,0
sz300566,1282,0,0
sh600335,78329,78035,9805
sz002454,1844,0,0
sh600673,31734,18615,0
sh603037,0,0,0
sz002628,1710,2720,0
sz000777,0,0,0
sh600990,4873,1744,206
sz300052,5089,3791,0
sz000933,9506,40036,0
sh600984,0,0,0
sz000702,0,0,0
sh600119,0,845,0
sh600354,16315,4888,0
sh600488,0,0,0
sz300275,0,0,0
sz002230,129774,74472,9642
sh603990,800,282,0
sz300026,27110,12830,0
sz300696,3292,4103,898
sh600060,3875,7924,0
sz300363,2987,1034,0
sz002040,0,0,0
sz300647,579,621,0
sz300700,171,401,0
sz300365,308,0,0
sz000410,81403,79972,7023
sz000100,50071,65493,0
sz300468,4051,0,0
sz000926,2248,6066,0
sh600699,8566,6387,500
sh603277,0,0,0
sz002876,0,0,0
sz000553,0,0,0
sz000509,2578,31054,0
sz002443,0,0,0
sz300111,0,0,0
sh600122,47504,6117,0
sz000735,216836,171104,10522
sh600291,1380,526,0
sz002750,0,0,0
sz002840,890,0,0
sz000514,0,0,0
sh600836,0,0,0
sz000705,5300,0,0
sz300211,0,0,0
sz300133,7925,5884,0
sz300430,1000,0,0
sh600839,8844,37872,0
sz002723,0,0,0
sh600862,2943,0,0
sz002422,42311,58771,1811
sz300324,24663,10286,869
sz002858,0,300,0
sz002654,0,0,0
sz000803,0,0,0
sz002632,10915,14234,0
sz300202,8783,1094,651
sh600007,0,0,0
sh603110,426,9544,0
sh600279,0,0,0
sh603895,2470,1890,0
sh603116,0,0,0
sz002386,4130,6164,0
sz300487,0,26750,0
sz300063,0,0,0
sh600261,0,0,0
sz300475,0,0,0
sh600302,0,0,0
sz300247,2000,2000,0
sz002875,0,0,0
sz300399,605,0,0
sz002891,0,0,0
sz000601,0,0,0
sh603626,5167,0,0
sz002016,24977,30036,778
sz300051,11784,15033,0
sh600153,971,2247,0
sz000048,0,0,0
sz002431,1772,8259,0
sh600782,26072,24900,0
sz000014,38686,50810,2054
sh603809,0,0,0
sz002266,0,12076,0
sz002114,0,0,0
sz002078,9539,4076,0
sz300288,1811,0,0
sz300092,0,0,0
sh603368,4082,1853,0
sh600804,4654,5149,0
sz002733,0,2127,0
sh600508,0,0,0
sz000065,582,2176,0
sz002243,0,1383,0
sz000541,3139,1503,0
sh600323,0,0,0
sz300379,1910,1650,0
sz300543,2388,451,0
sz300204,1049,0,0
sz002700,0,0,0
sz000682,3000,0,0
sh603908,0,0,0
sh600965,0,0,0
sz000976,0,0,0
sz000066,198769,128105,6302
sz300673,0,0,0
sz002181,2500,0,0
sh600603,0,0,0
sh600287,0,0,0
sh603966,0,0,0
sz002197,0,2064,0
sh603979,0,0,0
sz000970,10896,15601,0
sh600797,62970,35196,1022
sz300718,252,257,0
sz002270,0,0,0
sh603868,393,0,0
sh600161,4246,489,0
sh600171,58614,28893,1953
sh603611,0,0,0
sz002202,30947,14024,1126
sh601881,8966,31008,0
sh600769,4440,0,0
sz300315,267828,140768,3448
sh600055,0,1419,0
sz002308,2430,1711,0
sh603138,3785,2475,0
sh603355,0,0,0
sz300414,0,0,0
sz000902,0,0,0
sz002701,0,1993,0
sh603378,0,0,0
sh600505,0,0,0
sz300107,58653,38586,4227
sh603369,2719,647,0
sz002130,2000,0,0
sz300506,3797,0,0
sh601669,0,0,0
sh600744,0,0,0
sh603330,515,0,0
sh600814,0,0,0
sh603989,0,0,0
sz000671,17216,63945,3283
sz000416,3030,0,0
sz002229,33671,13857,1108
sz002642,7253,11342,0
sh600551,0,0,0
sz000421,0,0,0
sz002145,0,0,0
sh600386,0,3020,0
sz002516,0,6500,0
sz300140,0,6623,0
sh603738,439,2192,0
sh600097,0,0,0
sh600983,0,0,0
sh600282,52940,59317,3058
sh600846,39630,29857,0
sz300178,5324,1763,0
sh601939,311012,186816,10184
sz002185,105822,50465,0
sh600093,3890,11217,674
sh600595,0,0,0
sz002231,0,0,0
sz300069,0,0,0
sh600269,2398,20048,0
sz300629,0,0,0
sz300495,8989,3064,998
sh600462,4084,7346,0
sh600702,3267,3255,0
sh600159,0,0,0
sz300100,8026,5853,0
sh601965,1524,0,0
sz002428,24684,14528,0
sz000507,9658,11344,0
sz300712,448,865,0
sh603096,2313,980,0
sz000636,121687,58633,5737
sz000995,0,1601,0
sz300046,539,0,0
sh600295,0,0,0
sh603980,867,2228,0
sh600094,0,2879,0
sz300050,1945,1408,0
sh600743,0,3000,0
sz300525,3345,10040,401
sh603877,0,0,0
sz300358,1774,0,0
sz300583,0,0,0
sz300608,0,0,0
sh600418,0,0,0
sh601163,0,0,0
sh600573,0,0,0
sh600833,0,0,0
sh600705,14516,13306,0
sh600252,16618,18313,0
sz300336,4688,926,0
sz002902,4506,3753,2127
sh603032,8570,1346,816
sh600644,0,0,0
sh600011,11267,8160,0
sz002054,0,3006,0
sz002488,1617,0,0
sz300318,0,0,0
sz002786,0,1143,0
sz000783,1392,5250,0
sz300682,10476,17582,1140
sz300160,0,1512,0
sh603232,0,0,0
sh601808,0,0,0
sh600579,2429,4036,0
sz300585,0,0,0
sz002816,4694,4331,726
sh600155,1246,5915,0
sh601699,62520,46844,1055
sz300606,0,0,0
sz300691,501,210,0
sz300055,7546,7006,0
sh600118,24745,9879,0
sz300035,1638,0,0
sz000971,9554,9435,0
sh600617,0,0,0
sz002060,3601,0,0
sh600305,0,0,0
sh603677,0,0,0
sz000001,66746,147063,0
sh600636,0,734,0
sh603005,3773,371,0
sh600247,0,0,0
sh600425,0,2897,0
sh600861,0,0,0
sz300085,4214,720,0
sh600317,0,7202,0
sz002249,0,0,0
sh603515,1180,260,0
sz002457,11278,3038,0
sh603316,0,0,0
sz300214,0,0,0
sz000899,0,0,0
sh600958,0,5767,0
sh600933,956,0,0
sh600665,0,0,0
sh603168,14859,5498,2012
sz300393,0,0,0
sz002215,3002,0,0
sh600611,0,3160,0
sz300351,4784,0,0
sz300323,21845,10185,0
sh601555,4618,0,0
sz300139,1687,0,0
sh600561,0,0,0
sz000786,37165,23145,4299
sz300500,4183,24570,644
sz002512,1128,2021,0
sz300597,1672,602,0
sh600612,0,0,0
sh603803,0,2714,0
sh600233,617,0,0
sh603535,1200,456,0
sh600865,0,0,0
sz002003,0,0,0
sh603861,0,0,0
sh600064,0,848,0
sz300042,0,0,0
sh600887,158685,176662,12022
sz300206,2000,0,0
sh603299,0,1024,0
sz000977,215737,181810,13550
sh600721,12856,1020,0
sh600381,0,0,0
sz000018,0,4231,0
sz300678,3349,1177,306
sh603808,0,785,0
sz300045,9966,1010,0
sz000988,1000,2235,0
sh600242,2779,0,0
sh600963,0,0,0
sz300636,0,0,0
sh600015,2690,8514,0
sz000700,0,0,0
sz002636,1131,0,0
sh603767,4356,742,0
sz000545,0,0,0
sh600497,19179,42748,0
sh600585,63600,50646,1655
sz300017,427064,288525,24576
sz300222,10342,2232,1055
sz002469,2117,0,0
sh603466,823,181,0
sz300269,2477,0,0
sh601200,0,0,0
sz000009,11603,15418,0
sz002200,0,0,0
sz300094,8166,3759,0
sh600547,24577,30152,1565
sh601127,1131,0,0
sh603577,4878,786,0
sz000668,0,0,0
sz002881,0,1080,0
sh600315,7354,346,0
sz002570,0,0,0
sh603997,1120,3493,0
sz000869,1504,412,0
sz000078,5576,10442,0
sh603722,0,2775,0
sz300292,0,0,0
sz300022,0,0,0
sh600392,41277,42779,3672
sh603619,665,1235,0
sz000611,0,0,0
sh600715,3951,2812,0
sz300735,7484,4048,0
sh601128,0,11018,0
sz000819,0,4218,0
sz000407,0,0,0
sz300604,2892,589,0
sz002001,9560,28143,891
sh603319,0,0,0
sz300615,0,0,0
sh601228,0,0,0
sz002135,0,0,0
sh600710,1836,5803,0
sz002572,3785,2368,459
sz002561,956,0,0
sh600202,0,4128,0
sz002188,0,0,0
sh603518,0,0,0
sz000157,5175,15900,0
sz002885,0,0,0
sh600249,0,2022,0
sz002364,0,2845,0
sz002214,1623,0,0
sh603919,0,0,0
sz002246,1416,6909,0
sh603978,645,451,0
sh603636,39189,25747,0
sh600747,0,5000,0
sz002044,21430,4484,1635
sh603799,29704,27913,4645
sh600976,0,565,0
sh600678,0,0,0
sh603988,0,0,0
sz002148,16387,2946,0
sz300359,10686,6616,0
sh601595,0,0,0
sh600791,0,0,0
sz300333,17343,0,0
sh600559,0,0,0
sz002536,0,0,0
sz300504,0,0,0
sh603860,0,0,0
sh603712,155137,127981,28614
sz000504,588,0,0
sh603039,275,349,0
sh600630,0,0,0
sz300664,2307,5896,0
sz002599,0,0,0
sh603536,0,0,0
sz002587,1500,0,0
sh603181,0,0,0
sh601011,1360,1819,0
sh603015,0,0,0
sz300599,0,0,0
sz300299,9543,5388,0
sh603399,12978,2009,0
sz300484,562,2122,0
sh600038,15127,11879,767
sz300536,0,0,0
sz000523,0,0,0
sz000712,6932,1861,0
sh600776,0,0,0
sz300375,2005,0,0
sz002385,0,0,0
sh600608,0,0,0
sz300552,0,803,0
sz002191,0,3503,0
sz002554,3771,0,0
sz000016,13261,6147,0
sz000960,13681,13315,1002
sh600891,0,0,0
sh603607,458,0,0
sh600658,0,1500,0
sh603906,0,0,0
sz000669,2367,0,0
sh600336,0,0,0
sh600816,0,0,0
sz002236,29372,45024,964
sz000543,4893,24360,0
sh600724,0,0,0
sz300076,0,0,0
sz002883,684,190,256
sz000568,19697,20261,879
sh603871,413,0,0
sz300391,0,0,0
sh603006,0,0,0
sh600273,0,0,0
sz002530,0,0,0
sh600104,40553,29358,994
sh600188,18206,34207,0
sh600410,73892,39838,0
sz000555,73335,54627,5451
sz300697,920,0,0
sz002474,20153,20949,1116
sh600741,18263,11954,0
sz002025,19422,15672,0
sh600545,3604,0,0
sz300009,73440,14622,543
sz000498,0,0,0
sh600848,534,4176,0
sh600096,0,7155,0
sh600121,0,2640,0
sz002167,1321,4257,0
sz002657,4347,2685,0
sh600333,0,0,0
sz002565,3863,0,0
sh600339,0,0,0
sh600578,0,0,0
sh603886,0,0,0
sh600740,24440,26717,0
sz002297,2639,2535,0
sh600385,0,0,0
sz000963,6628,7417,1080
sh600172,26835,13625,0
sz300634,0,0,0
sh603228,599,0,0
sh601588,2407,2662,0
sz002353,0,747,0
sz300661,811,471,0
sz300122,13290,12174,0
sh600330,11688,0,0
sh603000,32409,7693,0
sh600143,0,2656,0
sh601288,886449,798992,0
sz002791,0,0,0
sh601818,54367,112652,0
sh603323,0,1500,0
sz002668,3655,710,0
sh600685,19383,11186,1210
sh600123,1827,6224,0
sh601811,0,0,0
sz002250,1000,0,0
sz000012,1533,0,0
sz002590,1857,1075,0
sz002216,0,0,0
sz002802,0,0,0
sz300120,0,0,0
sh603709,312,0,0
sz002213,3233,6235,0
sz300058,110262,55779,0
sh601966,0,4445,0
sh603970,1526,995,0
sz000951,0,0,0
sh600197,2638,3352,0
sz002922,1441,2182,754
sh600765,4128,0,0
sh600998,10596,1205,0
sz000007,0,0,0
sh601579,0,0,0
sz000788,0,0,0
sz002455,8978,82262,0
sh600869,0,0,0
sz000762,4720,2108,0
sh600619,0,0,0
sz002527,1669,0,0
sh600059,1551,1214,0
sz002557,1824,0,0
sz000895,9486,7244,0
sz300666,19865,7508,1777
sz300386,7493,9372,1174
sz002012,0,1553,0
sh603912,539,677,0
sz002063,24272,13119,1043
sh600355,0,5000,0
sh600641,1090,0,0
sz002131,15163,38302,0
sz002387,0,2207,0
sh600749,647,0,0
sz000546,0,0,0
sh601107,0,0,0
sh603067,30877,40520,2702
sz000539,0,0,0
sz002023,32565,8902,0
sh600645,9880,4484,425
sz002049,97935,84047,15958
sz000785,0,1056,0
sh603788,0,248,0
sh603178,0,0,0
sz300601,7808,2488,0
sh600528,2260,0,0
sz300635,927,0,0
sz300192,0,0,0
sz300610,0,0,0
sz002758,4932,4705,0
sh600808,27379,51825,0
sz300217,0,0,0
sh603737,0,0,0
sh603385,0,0,0
sz002480,0,0,0
sz300115,42895,85323,3330
sz300640,0,0,0
sz002888,0,8572,0
sz300342,0,3415,0
sz300360,0,0,0
sz000538,1472,2057,173
sz000768,61755,41292,0
sh601567,0,0,0
sz002434,1701,0,0
sh600476,0,0,0
sz000576,1352,0,0
sz000617,0,0,0
sz000761,4923,8398,0
sz002258,1014,800,0
sz000801,6135,11277,0
sz300165,0,0,0
sh603656,0,0,0
sh600571,11948,3299,0
sz300190,0,0,0
sh600620,0,0,0
sh603158,0,0,0
sz000010,0,0,0
sz300328,0,5132,0
sh603589,0,626,0
sz002333,0,0,0
sh600213,0,0,0
sz300257,2000,0,0
sh600493,0,2055,0
sz300311,8110,5748,0
sz300028,3343,2650,0
sh600929,0,0,0
sz002841,1000,180,0
sz300286,0,0,0
sh600692,0,1481,0
sh603011,0,0,0
sz000605,32395,11106,4180
sz000910,0,1689,0
sh600325,5831,21396,0
sh600078,0,0,0
sh600746,0,0,0
sz000632,1981,2000,0
sh600845,11139,2150,0
sz002687,0,0,0
sz002446,1108,0,0
sz000637,0,0,0
sh601880,0,4001,0
sh600308,0,1994,0
sz300672,2176,1775,184
sz300503,1000,0,0
sh603606,0,0,0
sz300327,4536,2745,0
sh601888,12536,13137,1537
sh600939,0,0,0
sz000797,1554,0,0
sh600388,5242,1021,0
sz300555,0,0,0
sz300485,0,614,0
sh600770,3093,3023,0
sz002227,0,0,0
sh603903,1378,0,0
sz002600,18078,34607,0
sz300285,6562,3479,0
sz000586,0,0,0
sh600550,1614,0,0
sz002651,15394,2225,1600
sz002660,0,0,0
sz002771,0,562,0
sz002053,0,0,0
sz300220,2549,5619,0
sz002920,2274,0,0
sh603638,293,0,0
sh603882,0,1683,0
sz000839,32001,19990,0
sz000905,2213,1103,0
sh600151,5600,4575,0
sz300550,1992,857,519
sz300099,11069,2090,0
sh601998,14433,16400,0
sz000635,0,0,0
sz000861,0,4200,0
sz000099,2596,0,0
sh600498,8959,3762,0
sh603929,2657,10560,0
sz002824,0,1696,0
sh600761,0,0,0
sh600235,0,0,0
sh603345,524,505,0
sh600211,1053,0,0
sz300733,4862,1334,0
sz002065,54009,21092,0
sz002365,5310,410,0
sh601688,39626,36532,724
sz300182,47482,12594,0
sz002856,0,0,0
sh601398,657289,522443,14921
sz300114,6030,0,0
sz002822,2721,1427,0
sz002916,35708,26578,4541
sz300250,1311,881,0
sz000686,1707,2843,0
sz002519,0,0,0
sz002349,0,0,0
sh600513,0,0,0
sz002747,14114,959,0
sh603758,0,0,0
sz002742,5080,12095,0
sh603099,838,0,0
sz000608,0,0,0
sh600977,2942,3302,0
sz000921,2582,951,0
sz002150,0,0,0
sz002051,0,801,0
sh600719,0,0,0
sz300030,0,0,0
sh603456,8948,1820,0
sh600844,2710,0,0
sz300638,1599,266,0
sz002766,0,876,0
sz300018,4554,3751,0
sh600135,4520,3882,1049
sh600590,1000,0,0
sz002594,7353,4825,235
sz002233,2447,896,0
sh600760,19963,14671,0
sz002155,1290,3335,0
sz002234,0,1976,0
sz002091,0,3389,0
sh600127,2500,0,0
sz000683,0,9549,0
sh600726,0,0,0
sh600320,0,8119,0
sz300644,0,1905,0
sz002329,2500,0,0
sz002027,98045,121388,1918
sz002120,654,0,0
sh603179,395,0,0
sh600136,4913,2430,0
sz002678,0,0,0
sz000767,0,0,0
sz300738,1242,1106,506
sz000782,0,0,0
sz002917,2171,951,0
sh603517,0,329,0
sz300308,3820,1522,0
sh600331,0,0,0
sz000425,26223,41555,0
sz300334,963,4503,0
sh600480,2807,0,0
sz300321,0,0,0
sz300330,4315,0,0
sz300054,8560,4099,1002
sh603227,0,0,0
sz000958,2180,0,0
sh603040,152,0,0
sz300373,7463,5058,512
sz300201,1989,0,0
sz000776,20722,11635,2788
sh603226,0,0,0
sz300074,6111,0,0
sh601929,0,3638,0
sh603506,6984,5147,1269
sh603278,0,0,0
sh600704,8067,33891,0
sh603025,0,2777,0
sz002732,0,0,0
sz002487,0,0,0
sh603838,0,0,0
sz300520,3288,702,0
sh600452,0,350,358
sz002138,7928,20453,0
sh601919,2004,6278,0
sh600405,0,0,0
sh601901,0,1634,0
sh601908,0,0,0
sh600178,0,1800,0
sh600406,9645,4272,0
sz002806,0,0,0
sh600616,0,0,0
sh600903,5063,11507,799
sz002492,0,0,0
sh600031,37065,20610,0
sh603963,338,724,299
sz300619,0,4842,0
sz300631,9292,18629,1710
sh603816,220,1200,0
sh603180,143,157,0
sz300716,397,564,0
sz002028,0,912,0
sz300187,0,0,0
sh600216,10637,38040,0
sh601179,15125,0,0
sz002715,0,0,0
sz300490,0,0,0
sz002267,0,0,0
sz002268,36900,51407,501
sz000627,0,6190,0
sz002510,11721,1867,0
sz000423,3031,815,231
sz000688,10077,1727,0
sz000548,0,0,0
sh600259,350,3253,0
sz300175,0,3104,0
sz000820,15473,33798,1366
sh603859,500,459,0
sz300613,3591,623,0
sz002395,0,0,0
sh600052,0,0,0
sh600997,0,0,0
sz002907,1332,2046,0
sz002363,0,0,0
sz300174,0,0,0
sz002649,17144,4572,0
sz002057,0,0,0
sh600837,38748,30537,0
sz000037,0,0,0
sz002426,10343,0,0
sz000572,0,0,0
sz002458,0,0,0
sz002232,0,1122,0
sz002218,0,0,0
sh600163,0,0,0
sh603167,0,1013,0
sz300461,0,0,0
sz300473,0,0,0
sz000656,14093,11779,0
sh600141,1506,862,0
sz000816,16946,11830,0
sh600288,1301,0,0
sz300166,63826,21495,1564
sz002878,622,0,0
sh600662,5283,13635,0
sz002244,37911,40896,0
sz002392,0,0,0
sz300316,38982,15326,660
sz002449,2918,3612,0
sh600131,0,0,0
sz002521,0,0,0
sh603933,1096,848,352
sz300105,1835,0,0
sh600588,102218,88444,9676
sz002206,0,0,0
sz002605,0,985,0
sz000619,0,0,0
sz002505,44432,14372,0
sz000055,0,0,0
sz002626,637,2176,0
sz002882,1178,0,0
sz002294,9786,4972,316
sh600980,0,0,0
sh603100,0,0,0
sh603869,0,0,0
sz002118,50124,33331,1571
sz002178,115233,90739,3835
sz300447,0,0,0
sh603356,751,629,0
sz300101,105958,93886,11579
sz002531,4944,0,0
sh600516,41382,46853,922
sh600651,0,0,0
sz002157,30482,77866,0
sh603258,0,0,0
sz300387,0,0,0
sh600838,1169,4545,0
sh600604,11325,0,0
sz002290,0,0,0
sz000722,0,0,0
sz300400,0,0,0
sh603569,0,0,0
sz002751,314,0,0
sz300338,0,0,0
sh600387,12582,8077,0
sh603113,0,0,0
sz300274,33354,5829,0
sh600150,124415,120034,16313
sz300653,0,10106,0
sz002728,0,0,0
sz300692,2627,318,0
sh603628,1026,6496,884
sz300486,0,0,521
sz002340,92229,107435,0
sh603708,535,0,1254
sz002119,0,0,0
sh600874,64603,33529,4517
sh600858,0,0,0
sh600778,0,0,0
sh603128,0,0,0
sh601838,6426,7251,0
sh603896,0,300,0
sz000935,2936,7353,0
sz300104,134553,141060,0
sh603776,245,329,0
sz002476,0,0,0
sz002058,0,0,0
sh603987,3039,0,0
sz300553,0,0,0
sh601991,3540,9367,0
sz300739,2065,751,0
sh600271,152304,282831,14497
sh600817,0,0,0
sz300385,0,0,0
sh600329,1000,700,0
sz002029,0,0,0
sz300370,16042,0,0
sz002272,0,0,0
sz300091,10764,721,0
sh600191,0,1308,0
sz002597,3063,2590,0
sh603031,448,0,0
sh600811,0,0,0
sz002653,0,0,0
sz000750,10677,0,0
sh600966,5780,6158,0
sz002420,0,0,0
sz000716,1971,0,0
sz000737,0,0,0
sz300401,1891,2688,0
sz002432,5267,1232,0
sh600730,3192,0,0
sz002855,0,0,0
sz300156,17301,12009,0
sz300493,3662,6507,0
sz002486,4436,0,0
sh600992,0,0,0
sz002808,0,0,0
sh600193,0,0,0
sz300253,132672,100478,17741
sz002390,3693,4447,0
sz300015,5679,6941,0
sz002757,0,308,0
sh600510,0,0,0
sz000948,0,0,0
sh600029,308669,182140,6222
sz002071,5722,7182,0
sz300110,28062,24595,0
sh600697,0,0,0
sh600219,12626,27118,0
sh600801,22420,18352,0
sh600182,0,0,0
sz300352,184415,88076,0
sh600426,18467,28738,0
sz002829,0,1456,0
sz000151,24522,28531,1567
sz002576,0,0,0
sz300301,0,5000,0
sh600283,0,0,0
sz002560,7269,39043,0
sz300236,17824,13179,391
sz300024,172404,77739,8726
sh600971,1221,5941,0
sz002698,0,2040,0
sz002204,2411,2550,0
sh603507,0,0,0
sz000591,0,0,0
sz002623,0,0,0
sh601016,3284,14392,0
sh600693,0,0,0
sh601689,0,701,0
sz300721,0,0,0
sz002523,19982,19860,0
sz300291,0,3926,0
sz002618,38205,11910,0
sz002061,5162,2777,0
sz300023,1840,0,0
sz002761,0,0,0
sh603890,0,0,0
sz002666,90181,79078,0
sh600026,7816,0,0
sh600369,0,0,0
sz000581,4196,4072,0
sz002043,0,5706,0
sz300587,517,1975,0
sh600359,2451,1601,0
sz000400,956,895,0
sz000909,0,998,0
sh600293,2970,0,0
sh600796,0,0,0
sh603288,2180,761,0
sh601100,0,0,0
sh600581,17084,21691,912
sh600649,0,2810,0
sz000520,17407,3024,0
sz300057,0,0,0
sz002664,500,0,0
sz000525,0,1434,0
sz002862,371,0,0
sz300669,0,0,0
sh600826,0,0,0
sz300727,3208,1199,0
sz300623,635,409,0
sh600982,0,0,0
sz002569,0,1042,1265
sz002658,0,0,0
sh603668,0,0,0
sz002339,2054,1200,0
sz000672,14597,21131,1372
sh603306,0,438,0
sh600120,1852,657,0
sh600400,0,3021,0
sz300717,272,268,0
sh600468,0,0,0
sz002463,2500,0,0
sh601212,0,6530,0
sh600618,0,0,0
sz002101,0,756,0
sz000687,0,1017,0
sh603017,0,0,0
sz300335,3617,2005,0
sh601969,0,0,0
sh603855,0,1083,0
sh600301,0,0,0
sh600742,1394,1874,0
sh603289,4753,10453,706
sh600605,0,0,0
sh600688,1991,0,0
sz300159,24973,11895,0
sh600587,16744,7877,0
sh600792,0,6850,0
sz002818,427,0,0
sh601166,85943,109601,626
sz002635,2953,5060,0
sz002292,3064,1191,0
sz000595,0,0,0
sz002362,5653,1019,0
sz002504,8000,0,0
sh600548,0,0,0
sh600322,0,0,0
sz002625,0,0,0
sh600502,0,9766,0
sh601126,0,0,0
sz000158,7263,2565,0
sz002797,12290,28532,0
sz300270,1782,1600,0
sh603336,3138,4294,0
sh600823,2551,25892,0
sz300033,12658,3330,0
sh600185,0,9957,0
sh600775,1696,0,0
sz300320,2029,0,0
sz002860,264,1657,0
sz300508,343,0,0
sh600348,20833,26550,0
sz000929,6182,1386,0
sz002830,0,0,0
sh601169,6289,4705,0
sz002322,3116,8804,0
sz000554,0,0,0
sh600629,0,0,0
sh600234,0,0,0
sh603333,0,0,0
sh603131,0,0,0
sz002774,0,0,0
sh600582,16784,0,0
sz002344,0,0,0
sh600268,0,0,0
sh603118,3581,14540,0
sz300271,32657,18955,2396
sh603639,233,649,0
sh603527,1658,10428,0
sh600106,0,0,0
sz002146,50736,67653,0
sz002912,2345,1813,0
sz002354,13854,2770,0
sz002389,5705,3396,0
sz000638,0,0,0
sz002378,2419,1500,0
sz002483,0,0,0
sh600345,540,0,0
sh601360,29535,27119,6888
sz002388,0,1588,0
sz300087,0,0,0
sh600824,0,0,0
sh600549,26997,40963,2970
sz000338,19508,55220,0
sz300303,0,0,0
sh600506,0,0,0
sz002419,2326,1863,0
sz002318,0,3205,0
sh600875,1250,4546,0
sz000663,865,3210,0
sz300519,0,528,0
sz002391,0,0,0
sz002156,56876,31353,1192
sz300245,1009,0,0
sz000626,0,0,0
sz300188,19925,17629,3363
sz000715,0,0,0
sh603016,0,500,0
sz300612,3523,2474,470
sz000612,0,0,0
sz002552,0,4581,0
sh603711,1771,763,0
sz002285,2510,6938,0
sz300029,0,0,0
sh600073,0,2000,0
sz002286,0,0,0
sz300281,0,1200,0
sz002221,13591,13760,0
sz300527,2244,0,0
sh601777,0,0,0
sz300113,16388,12002,1258
sz000753,5590,0,0
sh600466,16870,12003,0
sh600067,0,0,0
sz002596,69786,13149,903
sz300053,11299,9878,0
sz002379,0,0,0
sz300439,888,0,0
sz002022,8629,8416,0
sh600985,0,0,0
sz300679,672,456,0
sz300153,1095,0,0
sh600090,7970,0,0
sh603026,0,0,0
sz002813,462,374,0
sh600613,0,0,0
sh600892,0,0,0
sh603108,1323,0,0
sz300537,0,0,0
sz300609,1403,0,0
sz002729,434,390,0
sz000665,975,0,0
sh600469,0,0,0
sh600063,0,0,0
sz300252,7878,1015,0
sz002669,0,0,0
sz002038,68928,51262,2379
sh603188,0,821,0
sz300639,645,662,0
sz002793,0,0,0
sh603683,1093,0,0
sz300702,0,0,0
sz002042,0,0,0
sh600036,64932,62720,981
sz300458,5216,1390,0
sz002045,24807,46818,0
sz300242,2384,0,0
sz002361,0,0,0
sz000628,0,1199,0
sz002807,0,0,0
sh601700,6044,15286,0
sz300065,6370,5490,0
sz300562,1283,0,0
sz002153,23384,4517,391
sh600831,0,0,0
sz002707,1674,0,0
sz000993,3367,2045,0
sz000609,0,0,0
sz002783,0,0,0
sz002869,612,0,0
sz002019,23637,8029,691
sz000875,0,0,0
sh603002,4611,2000,0
sh600917,0,0,0
sh600089,11434,2961,0
sz300630,352,168,0
sz002209,4516,0,0
sh600522,73555,13838,1014
sz000536,0,0,0
sz002460,72477,69724,12304
sz300670,0,0,0
sh603516,3065,1366,518
sz002415,16358,29365,1456
sh600184,708,0,0
sh600276,34184,16031,1933
sz300381,0,0,0
sh600110,11056,6374,0
sz300470,0,0,0
sh601012,10946,8801,315
sz002041,4383,5746,0
sh601229,3219,13290,0
sz002639,0,0,0
sz000815,0,0,0
sz300476,11402,3842,0
sz300141,0,0,0
sh600187,12553,38414,0
sz002506,2900,2554,0
sh603315,0,0,0
sz002556,0,0,0
sz300709,238,0,0
sh600897,0,0,0
sh600420,0,0,0
sh603578,16801,1737,0
sz002165,0,2500,0
sz300248,2767,1645,0
sz002262,11846,5895,691
sz000729,7773,0,0
sh601005,0,10326,0
sz002287,980,0,0
sz300637,1698,0,0
sh600091,0,0,0
sh600337,0,0,0
sz000599,0,0,0
sz002240,3579,2328,0
sz000028,255,1129,0
sz000981,2532,0,0
sz000049,5210,436,0
sz300620,1573,0,0
sz300600,343,0,0
sz000582,0,0,0
sh600818,0,0,0
sz300084,0,0,0
sh600225,0,0,0
sh603101,0,0,0
sz300264,0,0,0
sz300020,39560,13337,0
sh600000,21188,19051,0
sz002787,2280,0,0
sz002918,330,231,0
sz002714,1100,322,0
sz300196,0,0,0
sh600586,0,0,0
sh601900,0,0,0
sh600018,9435,17664,0
sz002665,1680,3297,0
sz002909,9631,4823,1473
sh603081,15853,20755,2115
sz002865,0,1240,0
sh603823,0,0,0
sz002334,36883,26922,5658
sz002897,595,0,0
sh600300,0,0,0
sz000987,0,1000,0
sz300642,0,0,0
sz002021,0,0,0
sz300459,12032,1947,0
sh603199,0,0,0
sz002180,1222,406,0
sz300611,0,0,0
sh603959,1812,1338,0
sh601800,1196,1882,0
sh600303,0,0,0
sz300341,0,0,0
sh603928,0,1502,0
sz002681,8347,1002,0
sh600009,1088,522,320
sh600716,0,3980,0
sh600676,0,0,0
sh603960,1688,0,0
sh600598,30166,18960,0
sh603701,0,0,0
sh600419,0,0,0
sh600438,17186,9713,0
sz002598,0,0,0
sz300581,0,0,0
sh600113,12217,7597,0
sz000428,0,0,0
sh603888,0,0,0
sz002073,8741,9560,0
sz002033,0,0,0
sz300425,0,0,0
sz002630,7665,2600,0
sh600397,0,0,0
sz000990,0,0,0
sh600112,0,0,0
sz002546,5629,10361,0
sz300181,41533,15552,3418
sh600723,0,0,0
sz000517,34282,73749,0
sh601098,0,2376,0
sz000828,0,0,0
sh603383,0,791,0
sz000913,0,700,0
sz002928,2473,7913,1783
sz300469,267,881,234
sz300098,54330,25587,1245
sh601899,381030,403785,0
sz002430,801,0,0
sh600978,0,0,0
sh603685,0,0,0
sz000551,0,0,0
sz300513,0,0,0
sz002724,0,0,0
sz300251,56603,18582,0
sz002518,0,0,0
sh600416,23857,7510,0
sz002271,575,3361,0
sz002585,0,2215,0
sz000418,848,1376,160
sz000552,0,8195,0
sz000430,0,0,0
sz002466,28931,20703,4416
sz002762,1457,3482,0
sz300246,1478,800,0
sh600821,0,0,0
sz300034,11205,19996,0
sh600686,0,0,0
sh603727,600,0,0
sh603689,0,0,0
sh600501,1942,2000,0
sz300453,0,0,0
sh600126,6697,0,0
sh601518,0,0,0
sh603757,197,640,0
sz300496,81466,56513,4058
sz002582,3523,0,0
sz002341,10049,860,0
sz002817,0,0,0
sh600727,0,1110,1103
sh601992,99947,71718,0
sz300218,0,0,0
sz002477,0,7934,0
sz000155,0,3931,0
sz300079,14856,26875,0
sh603027,1497,0,0
sz002624,14300,730,0
sz000557,0,3000,0
sh600284,0,0,0
sh603089,0,0,0
sz000710,0,0,0
sh600936,0,0,0
sz000717,9378,9515,0
sh600459,0,0,0
sh601000,12903,7473,0
sz002055,5846,3373,0
sh600596,11253,15443,1167
sh600251,0,0,0
sz300078,37578,9565,2491
sz002436,22604,0,0
sh600083,0,0,0
sz002279,15877,4981,0
sz002261,18639,1524,0
sz002768,1155,0,0
sz000408,3102,0,0
sz000677,0,0,0
sh600671,0,0,0
sh600986,5173,1000,0
sh601336,35814,44862,1386
sh601086,7294,5517,0
sz002452,0,0,0
sh601599,18669,0,0
sz300591,1775,1259,0
sh600881,0,0,0
sz002559,0,0,0
sz002489,0,3940,0
sh603768,0,0,0
sz002175,4418,23480,0
sz300300,25294,14016,0
sh600810,2823,2808,0
sh603579,0,0,0
sz300723,333,265,0
sh603858,917,457,211
sz000159,0,0,0
sz002846,874,1791,0
sh600859,2979,2903,0
sz300698,0,772,374
sh600448,0,0,0
sh600311,0,0,0
sh600177,0,1456,0
sh600491,19031,25572,0
sz002684,0,0,0
sh603605,0,0,0
sz300540,0,0,0
sz002169,0,0,0
sh603993,258405,326703,1816
sh600750,1201,4088,0
sz300618,2750,2394,93
sz002107,0,0,0
sz002427,0,0,0
sz002014,0,0,0
sz300397,991,615,0
sz300172,0,0,0
sh600718,44788,16070,0
sh600239,2761,3063,0
sz000878,0,6897,0
sz002727,3263,6780,0
sz002796,0,0,0
sh600537,0,0,0
sh600650,0,0,0
sz300705,14829,7900,0
sh600116,2429,1807,0
sh603321,0,0,0
sz300037,0,575,0
sz000911,0,0,0
sz002644,0,977,1012
sz300740,2684,4662,0
sz300577,0,0,0
sz002550,5622,0,0
sh600111,34282,39439,0
sz300560,695,0,0
sh600115,127918,61870,0
sh603599,0,0,0
sh600446,27607,4420,0
sz300707,1494,494,193
sh603218,0,1443,0
sh603879,0,837,0
sh603920,0,0,0
sz300438,664,435,0
sz000985,0,0,0
sh600077,0,0,0
sz000090,1111,0,0
sz300231,35804,14683,0
sz300283,0,0,0
sz300467,1609,352,0
sz300703,0,0,0
sh603028,0,1255,0
sh603566,0,0,0
sh600597,918,1800,0
sz300605,0,0,0
sh601872,0,0,0
sz300413,3718,3941,0
sh601500,0,0,0
sz002472,2268,0,0
sh600863,4891,17345,0
sz002074,4003,2176,0
sz002547,20318,7030,0
sz300529,2213,919,0
sz300347,12537,5597,395
sz300138,0,0,0
sh600129,0,0,0
sz000897,0,8982,0
sz002835,0,0,0
sz002694,31245,52449,1634
sh601618,6003,24410,0
sh603833,124,312,0
sh600780,0,0,0
sz002843,0,0,0
sz002371,54944,27701,3223
sz300480,0,0,0
sh600707,6567,0,0
sz002239,2951,0,0
sz002330,0,0,0
sz300643,0,0,0
sz300571,3350,1576,424
sh600969,0,0,0
sz300478,0,0,0
sh600343,4959,2357,0
sh601890,5673,0,0
sh600883,0,0,0
sz000807,49627,62975,0
sh600970,4441,29101,0
sh600379,0,0,0
sz300403,0,50191,0
sz000883,0,22036,0
sz002079,48669,13138,0
sz002316,1065,0,0
sz300072,2236,981,0
sh600082,0,0,0
sh603117,0,0,0
sz000949,0,0,0
sz300135,3269,0,0
sh600262,517,1006,0
sz002360,0,0,0
sh601718,7497,3955,0
sz002903,7124,11178,2671
sz300693,336,320,0
sz002663,2445,10691,0
sz002160,0,4497,0
sz002149,1684,2014,0
sz002172,0,0,0
sh600356,0,0,0
sh603798,786,0,0
sh603029,7163,27348,0
sz002010,0,1439,0
sh603056,538,965,0
sh601566,0,0,0
sz002321,11618,4522,0
sz000975,759,880,0
sh600562,0,500,0
sz002674,0,0,0
sz300708,12073,15402,7195
sh603444,601,142,0
sh600162,0,5000,0
sh601388,12822,13983,0
sh600117,10191,28038,0
sz300645,0,964,0
sz002848,889,0,0
sz300584,1403,501,0
sz002828,0,0,0
sz000096,0,0,0
sz002672,4866,1724,0
sz000402,0,21137,0
sz002393,0,425,0
sh603169,0,0,0
sz002277,0,0,0
sz002690,1194,561,0
sz300713,0,0,0
sz002670,600,686,0
sz000792,29407,17532,0
sh603778,0,0,0
sh601199,0,0,0
sz002467,20808,8710,2017
sz002453,0,3100,0
sz000050,11142,4348,0
sz300205,84355,104769,3161
sh600486,836,2468,0
sh600371,0,0,0
sz002610,5985,20363,0
sz002284,0,0,0
sz000923,1576,1749,0
sh600773,0,0,0
sz000070,2001,0,0
sz001979,37073,42707,1038
sz002898,3889,3595,521
sz000713,0,0,0
sh600243,0,0,0
sh600017,0,0,0
sz002634,0,0,0
sh600176,11787,4352,0
sh600754,2766,1485,0
sh600647,0,0,0
sh603797,0,723,0
sz002652,0,0,0
sh603038,0,0,0
sz300407,5981,0,0
sz300554,241,0,0
sh601375,0,1667,0
sz002442,0,0,0
sz002693,0,0,0
sh603159,0,0,0
sh603633,0,0,0
sz002134,0,0,0
sh600851,0,0,0
sh600456,508,1189,0
sz002776,1002,0,0
sz002299,0,1824,0
sz000030,0,0,0
sh600800,2119,4271,0
sz300632,505,0,0
sz300722,2790,592,0
sh600577,5864,12883,0
sh600277,5280,2000,0
sh601101,3452,0,0
sz002588,0,0,0
sh600033,0,3607,0
sz300448,555,0,0
sh600543,0,0,0
sz300530,0,0,0
sz300616,565,329,0
sh603499,372,464,0
sz000042,665,1585,0
sz000791,4371,1711,0
sh603688,0,856,0
sz002736,1000,995,0
sz300345,9382,2445,0
sz300362,0,0,0
sz000698,3951,8755,0
sh601789,0,0,0
sh601113,0,0,0
sz002117,0,685,0
sz000678,0,0,0
sz002845,5405,2373,0
sz002096,0,0,0
sz002577,14066,13523,632
sz300001,2675,0,0
sz300158,8348,4588,0
sz002323,3448,1543,0
sh601021,0,1835,0
sh603022,911,0,0
sh603826,0,794,0
sz300592,0,0,0
sz002470,3442,1416,0
sh603133,500,0,0
sz002125,0,0,0
sh600558,0,13027,0
sz300684,10077,17678,505
sz002568,1726,0,0
sh603223,1500,1738,0
sz000989,663,0,0
sz000969,1406,1365,0
sz300194,0,0,0
sz002102,8649,8797,0
sh600893,50827,31528,1961
sh600736,0,0,0
sz002465,97526,27579,1757
sh600675,0,5317,0
sz002780,3892,7798,0
sz002919,302,745,0
sz300689,253,0,0
sz300369,9161,8041,0
sh600160,23122,13449,2191
sz002017,17490,11110,0
sh600130,0,4318,0
sz002930,0,0,0
sh603477,0,3244,0
sz002412,0,0,0
sh600975,0,0,0
sh603018,503,876,0
sh600518,11534,13496,0
sh603488,16058,5339,835
sh600900,15429,31264,843
sh600297,3778,0,0
sz002927,2226,4318,1164
sz002222,5831,4645,0
sz000821,1817,0,0
sz000780,0,0,0
sz002491,49893,15064,0
sh600731,0,0,0
sz300663,3779,1029,0
sz300169,0,0,0
sz000979,40728,66613,0
sh601015,0,0,0
sz002291,0,0,0
sz300660,173,0,0
sh600139,2337,0,0
sz002425,0,0,0
sz002683,7022,1372,0
sh601968,0,0,0
sz000917,4000,7000,0
sz300437,0,0,0
sh600981,0,0,0
sz002346,0,829,0
sz002086,25488,8648,0
sz300261,0,0,0
sz000333,58707,67473,3275
sh603916,1726,996,0
sz300628,1008,180,0
sz300589,0,0,0
sh603898,0,0,0
sz000596,1670,851,0
sz002879,0,0,0
sz002637,0,0,0
sh601009,36658,47576,0
sz300255,0,2809,0
sh600901,25108,30801,0
sh601001,2858,3173,0
sz300258,712,700,0
sh603848,0,0,0
sz002404,0,0,0
sz300522,0,1594,890
sh600841,1027,0,0
sh600802,0,0,0
sz000060,8054,15224,0
sz300431,19176,9433,1196
sz002374,0,0,0
sz000639,0,0,0
sh603098,1268,633,0
sh603881,2005,1319,503
sz000040,2029,910,0
sh600652,5696,2437,0
sh600152,0,0,0
sz300041,1047,0,0
sz000039,2949,1489,0
sh603703,0,1003,0
sz300064,15232,3629,0
sh600790,0,0,0
sz000659,0,14936,0
sz000802,0,0,0
sh600085,13483,1276,0
sz300121,0,0,0
sz300235,4332,1929,0
sz300595,1633,911,0
sz002852,0,0,0
sh600664,5659,19896,0
sh600016,41059,105978,0
sz300287,35719,6141,0
sh603669,0,553,0
sh600215,0,0,0
sz002376,26735,6584,0
sz002456,38959,50426,1223
sh603059,401,1414,0
sh600391,6110,2700,0
sz002011,24754,4909,0
sh600109,19376,11607,3154
sz002686,0,3003,0
sh600050,78122,83176,0
sh603825,1010,318,0
sz000966,0,0,0
sz300008,35700,8535,0
sh600995,0,0,0
sh600626,0,0,0
sz002571,1500,0,0
sz300404,2214,2080,0
sz002129,304811,146905,12089
sh603012,0,0,0
sz300521,0,0,0
sh601368,0,0,0
sz002444,5869,6277,0
sz300265,0,0,0
sh601799,0,891,0
sh600020,2300,4576,0
sh601231,924,3613,0
sz002009,6986,1000,0
sz000850,0,0,0
sz000503,7778,12530,1305
sz000829,2735,1366,0
sh603063,0,16505,0
sz000697,2256,2459,0
sz002242,6729,2383,0
sh603189,632,716,0
sz300119,913,2074,0
sz002613,0,0,0
sz002800,0,0,0
sz000690,7309,9907,0
sz300364,46142,16980,3327
sh600668,2119,1566,0
sh601211,11613,14748,814
sz002551,3418,1306,0
sz000563,0,2707,0
sh600048,260371,316957,5849
sh603976,3533,1270,0
sh600382,3016,5644,0
sz300203,3124,2726,0
sz300422,3833,2776,0
sh600681,1038,0,0
sz002399,0,0,0
sz000823,10511,5407,0
sh603555,7455,0,0
sz300036,86728,122855,952
sz002558,0,400,0
sz300339,22186,4680,1003
sz300419,4628,1288,0
sz300582,0,0,0
sz300154,0,0,0
sz300021,2627,2738,0
sh600340,35599,58135,3793
sz000045,1300,3602,0
sz002326,0,0,0
sh600218,0,0,0
sz002708,0,0,0
sz002769,2941,665,0
sh601222,0,0,0
sz300179,0,0,0
sh600285,4202,0,0
sz300542,308,2146,0
sz002482,1431,0,0
sh600350,0,12691,0
sz002248,2691,3671,0
sz000622,0,0,0
sh603528,41795,33110,0
sz002801,0,0,0
sh600395,0,0,0
sz002111,0,0,0
sz002124,0,0,0
sz300534,0,0,0
sz002586,5498,9841,0
sz000898,19444,59857,0
sz300002,31397,2233,0
sz002406,0,0,0
sh603363,0,0,0
sh600871,30674,15218,0
sz300384,0,0,0
sz300509,0,0,0
sz002703,0,0,0
sh600326,16072,1196,0
sz000885,742,0,0
sz300474,4505,1518,201
sh603721,0,576,0
sz300686,0,0,0
sz000752,0,0,0
sz002900,2797,711,0
sz000531,0,0,0
sz000589,0,0,0
sz002685,0,1115,0
sh600689,9834,18079,5472
sh600081,1293,0,0
sh603938,1502,2131,321
sz300382,0,900,0
sz000811,0,0,0
sz300161,47853,34348,4535
sh600292,0,1685,0
sz000826,5184,500,0
sz300282,0,0,0
sz000838,0,3273,0
sh600959,0,0,0
sz300234,0,0,0
sz000778,16489,6620,0
sh600361,17667,4656,0
sz000858,59042,64168,8574
sh600230,1284,1528,0
sz300185,6593,6123,0
sz000701,12718,50007,1515
sz002873,1345,3040,0
sz002355,0,1370,0
sh600725,0,0,0
sz002302,0,1668,0
sz002327,7797,1024,0
sz000973,8388,0,0
sh600696,0,2000,0
sz002743,10569,38016,0
sz000727,24656,15456,0
sz002317,6006,13758,0
sz002676,1673,14554,0
sh601999,0,0,0
sh601390,0,7661,0
sh603556,0,0,0
sz002382,6144,3635,0
sz000877,1160,10301,0
sh603900,0,1057,0
sz002137,219467,271784,25651
sh600803,2834,9484,0
sz000667,0,7016,0
sz300535,0,0,0
sh600232,0,0,0
sh603214,0,0,0
sh600332,17200,5272,0
sh600132,0,1411,0
sh600680,0,0,0
sz000997,124499,48548,3171
sh603083,493,241,0
sz002094,8719,2464,0
sh603358,0,0,0
sh600267,11724,15505,0
sh600583,0,1667,0
sz300516,0,360,0
sh603196,0,0,0
sz002171,0,0,0
sz002048,2508,5336,0
sz002779,0,0,0
sz002245,26486,7642,0
sh600306,4869,9216,0
sz002288,0,0,0
sz000833,0,0,0
sz002402,7181,1338,0
sh601311,837,782,0
sz002352,0,895,0
sz002370,14871,1472,900
sh600075,0,0,0
sh600375,0,0,0
sz002645,0,0,0
sz300568,3748,0,0
sz002859,1597,0,0
sz000607,0,0,0
sz002195,23958,24458,0
sz002517,4285,7842,0
sh601601,83860,111826,4594
sh600785,0,0,0
sz000836,7697,0,0
sh600653,0,0,0
sh600805,0,0,0
sz000166,12337,4783,0
sh600525,36366,33266,0
sz002381,0,0,0
sh601186,8890,13954,0
sh600584,94261,52131,2968
sz002037,958,1000,0
sz002752,0,0,0
sh600460,346009,184707,6885
sz300366,3641,5395,0
sz002006,0,0,0
sh600319,0,0,0
sh600530,0,0,0
sh603106,1124,488,0
sz002906,2947,570,0
sz300011,0,0,0
sz002591,0,0,0
sz000952,3338,1633,0
sz300465,20778,9444,0
sz002069,0,0,0
sz000965,0,0,0
sz002254,2100,3756,0
sz300048,0,0,0
sh603313,0,0,0
sz300129,1854,0,0
sh600748,0,0,0
sz002734,0,0,0
sh603829,0,0,0
sh601155,21227,21769,1893
sh600368,6718,8891,0
sz300390,13193,8669,0
sz002825,0,0,0
sh601857,27530,48373,0
sh601208,0,0,0
sh603365,500,0,0
sz300012,46652,7187,0
sz002748,0,0,0
sz002405,187402,101620,5978
sz002595,0,0,0
sz300433,4519,2772,0
sz000069,6413,77355,0
sz002579,0,0,0
sz000903,0,0,0
sz002307,6783,1274,0
sz000751,9046,0,0
sh603086,0,0,0
sz300102,7138,3597,0
sz002849,396,0,0
sz000670,144684,77823,0
sz002084,0,0,0
sh600222,0,0,0
sz002821,4352,1926,531
sh600728,120607,62686,5757
sz000679,0,0,0
sz000615,16925,20338,0
sh603716,976,538,0
sh600781,0,0,0
sz002508,2840,4023,0
sz002375,0,0,0
sh600580,7248,0,0
sz300417,0,0,0
sh600979,0,0,0
sz000999,3548,0,0
sz002713,0,677,0
sz002408,1579,928,0
sz300152,14469,4948,0
sh601010,0,0,0
sh603918,4750,12523,0
sz300260,0,0,0
sz000810,27489,36681,1503
sz000920,3267,2136,0
sz002276,4708,0,0
sz000558,2579,0,0
sh600926,0,6670,0
sz002367,11698,10465,0
sz300162,0,0,0
sz002269,0,0,0
sh601008,0,0,0
sh600884,29302,16090,0
sh600477,16111,1196,0
sz300062,2442,0,0
sz300515,0,0,0
sh601952,3005,2485,0
sz300343,4183,1500,0
sz002753,0,0,0
sh600229,3514,6330,0
sh600908,4774,6141,0
sh603357,0,1224,0
sz300059,713411,472686,27972
sz002429,29335,8142,0
sh603458,0,0,0
sh601106,3000,0,0
sz300229,16425,9473,0
sh600137,0,0,0
sh603129,870,639,0
sz000831,8343,17109,0
sz002192,8204,26684,0
sz002772,0,0,0
sz002481,2488,0,0
sz300533,0,0,0
sh603035,0,0,0
sh603366,0,2200,0
sz000972,0,0,0
sz000799,0,0,0
sz000603,977,0,0
sh600258,8975,20276,2556
sh600961,0,0,0
sz000590,0,0,0
sz002680,11652,7143,1340
sz000532,2728,9648,0
sh600876,0,0,0
sz300538,0,0,0
sz002409,10550,3329,0
sh603977,0,0,0
sz300460,0,0,0
sh600378,1000,0,0
sz002542,1524,0,0
sh600793,0,0,0
sz002127,9587,8556,0
sh600415,0,0,0
sz300710,0,0,0
sz000932,61634,29354,0
sh600654,0,0,0
sz300488,0,0,0
sz000409,0,0,0
sz000755,0,0,0
sz300082,0,0,0
sh600519,10557,9655,1188
sz002913,2141,734,0
sz002253,9851,833,1008
sz300541,0,0,0
sz002116,0,0,0
sh603630,431,0,0
sh600857,0,0,0
sh603598,883,0,0
sh603958,1000,0,0
sh600643,0,2233,0
sz300151,0,0,0
sz300633,861,0,0
sz300451,10105,2362,311
sh603160,1178,342,0
sh601318,297820,315752,33537
sh603968,0,0,0
sz300528,4397,0,0
sz000650,1959,0,0
sz000691,2067,0,0
sh603389,0,0,0
sz002602,2396,309,0
sz002144,0,0,0
sz300212,26777,9542,1092
sz300389,2567,0,0
sz002394,0,0,0
sh601326,3304,0,0
sz002735,0,0,0
sz002184,45343,32711,3350
sz300304,1693,3559,0
sz002313,6626,3244,0
sz002760,0,0,0
sh603183,0,265,0
sh600882,0,0,0
sh600758,0,0,0
sz002293,0,0,0
sh600713,0,0,0
sh600010,35935,16005,0
sz002853,0,0,0
sh603878,0,654,632
sz000017,0,0,0
sh603600,0,0,0
sz300683,0,0,0
sz002633,0,0,0
sh600248,0,0,0
sz000401,45101,29662,866
sz300227,0,0,0
sz300695,0,0,0
sh600973,15281,4722,0
sh603648,0,1327,0
sh603111,0,0,0
sh603396,279,0,0
sz002887,727,162,0
sz002608,0,0,0
sh600483,2200,4019,0
sh603588,3889,0,0
sz002593,0,0,0
sh600125,15060,7542,0
sh600567,17583,41773,0
sz300027,56668,36316,1999
sh603655,0,0,0
sh603139,0,0,0
sz002050,7766,10471,0
sz000959,0,0,0
sz300368,1398,0,0
sz002867,0,0,0
sz002643,11054,2155,0
sz000662,2011,892,0
sz002544,2390,2307,0
sz002190,510,2487,0
sz300127,0,0,0
sh603208,0,0,0
sz300680,328,353,0
sz000718,0,8377,0
sz000008,0,2215,0
sh600366,2221,0,0
sh600855,1465,2922,0
sz002541,0,0,0
sz002836,0,0,0
sh601177,0,0,0
sz300502,675,600,0
sh600019,145544,138268,0
sh600246,0,3014,0
sz000760,0,0,0
sz002251,7492,1993,0
sh600206,112436,214209,8745
sh600872,4049,2915,0
sz000519,5127,9941,0
sz002691,0,0,0
sz000800,9590,2307,0
sh600403,0,0,0
sh600648,1981,0,0
sz002880,0,829,0
sz002097,1600,0,0
sh601058,22264,13360,0
sz300588,776,0,0
sz002031,5447,0,0
sh600072,52537,48479,1719
sh603885,0,810,0
sh603360,0,0,0
sz002925,69066,20814,3333
sh600023,2133,0,0
sh600847,0,0,0
sz300545,2498,161,0
sz002788,0,886,0
sz002712,1220,0,0
sh601608,0,0,0
sz300124,25113,7241,0
sz300273,20102,6458,5439
sz300677,5371,4899,206
sz300136,22937,11559,3022
sz002901,1554,358,0
sz002189,644,0,0
sz002861,0,2999,0
sz300569,861,458,0
sh603268,0,0,0
sz002164,0,1905,0
sz300005,10257,5001,0
sh600993,7838,1565,0
sz002282,0,0,0
sz002631,0,0,0
sz002303,0,1600,0
sz300456,3854,2064,0
sh601019,0,3235,0
sz002528,0,0,0
sh600890,0,7423,0
sh600346,12889,17572,1000
sz300340,0,230,0
sz300546,0,0,0
sz002199,0,0,0
sz300378,8046,1312,0
sz002863,7189,5303,0
sh600223,0,2900,0
sh603166,0,0,0
sh603660,3471,834,0
sz002092,6375,14501,0
sh600408,0,0,0
sz002087,0,0,0
sh600576,0,0,0
sz300514,5442,15228,373
sz002435,0,0,0
sz300548,650,9133,0
sz300427,2363,1704,0
sz000020,0,796,0
sh600600,3968,2993,0
sh600822,0,0,0
sh600714,0,0,0
sz000720,0,0,0
sz002223,42580,28450,0
sh603085,0,0,0
sh600201,19433,43955,0
sz000021,9644,1154,0
sz002004,4016,0,0
sz002139,62109,13611,0
sh600372,26731,7306,0
sz300297,9947,0,0
sh600422,14096,19817,1027
sz000417,0,1404,0
sz002410,31178,34235,1001
sh603286,0,0,0
sh600383,23667,56139,0
sz002140,1557,1580,0
sz002247,4961,2500,0
sh600495,0,0,0
sh603200,0,0,0
sz300014,7320,0,0
sh601218,0,0,0
sz002211,0,0,0
sz002832,0,0,0
sz002549,3165,0,0
sz002356,0,0,0
sh603501,2960,643,0
sz002141,0,0,0
sz300289,1073,0,0
sh600370,0,0,0
sz002767,0,766,0
sh600128,0,0,0
sz300130,784,7304,0
sh601108,7712,7808,0
sh601988,1140651,727147,0
sz002151,33023,15617,1857
sz000631,0,2628,0
sz002895,957,464,639
sz002725,0,0,0
sz300711,1175,1113,0
sz000505,4355,2256,0
sh603157,0,0,0
sz300239,0,0,0
sh600720,11376,11827,0
sh603021,2248,17023,0
sz300200,0,0,0
sh600532,1500,2244,0
sz002182,0,0,0
sz300259,18513,15596,5316
sh600114,0,0,0
sz300349,1209,1452,503
sh600767,5641,2010,0
sh600475,0,0,0
sh600100,53581,12951,0
sz300040,1273,0,0
sz002562,830,4220,0
sh600490,16756,18173,0
sz002319,0,0,0
sh603238,0,0,0
sz002400,11692,2201,0
sh600885,4078,2895,0
sz300189,0,15391,0
sh600107,0,0,0
sz002228,0,0,0
sz300725,1397,544,0
sz300117,0,0,0
sh603203,0,0,0
sh601339,0,0,0
sz000901,9025,2799,0
sz300402,5423,5241,0
sz002052,0,2625,0
sh600449,0,1023,0
sz002026,0,0,0
sz002315,1850,600,0
sz300184,29443,9795,0
sh603937,814,1138,465
sh601558,0,0,0
sz300237,1415,0,0
sz300043,75499,59555,1699
sz000830,110550,158208,6243
sz300563,0,0,0
sh601137,0,0,0
sz002158,8937,2158,0
sz300197,17246,5901,0
sh600380,5419,1088,0
sz002396,67923,49720,1042
sh600008,79382,51840,0
sz300081,855,0,0
sh600642,0,7041,0
sz300226,11471,10676,225
sh603717,1087,0,0
sh600787,15025,2580,0
sz000655,0,0,0
sz300371,0,0,0
sh600827,0,0,0
sz300306,1688,0,0
sz000837,0,3430,0
sz300013,0,0,0
sz002923,1781,885,0
sh600481,0,0,0
sh600435,22062,15558,1408
sz000798,0,0,0
sz002403,0,0,0
sh601616,0,0,0
sh600621,10301,11453,0
sz000404,2542,0,0
sh600168,0,0,0
sz002826,1868,834,0
sh603076,533,712,0
sz000610,0,1064,0
sh601633,0,0,0
sz002115,0,0,0
sh600531,1745,3769,0
sz000918,0,12545,0
sh600825,4556,22863,0
sh603729,0,0,0
sh603996,10373,0,0
sz300332,2195,0,0
sz002526,1702,0,0
sz300191,683,0,0
sz002609,0,832,0
sz000996,1731,4756,0
sz300132,0,0,0
sh603088,0,0,0
sh600526,0,0,0
sz002296,4957,4673,0
sz000806,6818,18798,0
sz002614,0,1310,0
sz002759,0,0,0
sz000863,0,0,0
sh603686,601,0,0
sz000927,0,0,0
sz002217,2314,9523,0
sz300329,0,0,0
sz300477,12571,11295,2169
sz002241,81831,70827,846
sz300741,0,0,0
sz002479,0,0,0
sh600657,0,0,0
sz002740,0,0,0
sh603387,249,0,0
sh601678,1116,8596,0
sz300573,0,0,0
sz002174,17402,15070,1127
sz300006,4993,0,0
sz000928,0,5858,0
sz300418,38775,25226,2555
sz002838,0,0,0
sh600479,1790,2397,0
sz002889,0,0,0
sh600066,3371,13741,0
sz000758,0,3752,0
sz300230,0,0,0
sh603303,1000,0,0
sh600021,0,2626,0
sh603939,500,721,0
sh600173,0,0,0
sz002543,0,0,0
sz002648,4439,3509,0
sz002238,0,1129,0
sz002617,2035,2702,0
sh603567,0,0,0
sz002778,0,0,0
sh600058,0,0,0
sz300241,646,1205,0
sz002539,0,0,0
sh603880,2915,0,0
sz000937,0,7415,0
sz300729,0,0,0
sz000721,5000,0,0
sz002298,1188,2550,0
sh600146,3458,820,1908
sz000809,0,0,0
sh600967,17040,6568,766
sz300296,45260,6625,870
sz002749,0,0,0
sh600569,13542,18721,0
sz300310,25686,14935,0
sh600461,0,0,0
sz000006,4160,10001,0
sz002921,0,0,0
sh600717,0,4631,0
sz000967,0,0,0
sh601636,67421,74305,0
sz002810,0,0,0
sz002815,4575,2871,0
sz300665,474,0,0
sz002368,42812,54532,3231
sz002170,0,0,0
sz000818,6208,6899,0
sh600854,0,0,0
sz000063,92126,76973,1766
sh600192,0,0,0
sh601088,21046,24803,3263
sh603917,453,0,0
sz002275,0,0,0
sz000983,6960,29735,0
sz002886,0,0,0
sh603801,762,164,0
sz002407,4147,0,0
sz300126,0,0,0
sz000835,1475,0,0
sh600360,175451,157887,3831
sz002589,8685,711,1606
sz002369,21950,16020,0
sz002007,9133,5501,0
sz300243,4122,818,0
sz000630,19561,45535,0
sz002871,0,0,0
sh600037,0,833,0
sh600703,111183,155640,6032
sz002641,0,0,0
sh601677,0,2600,0
sh600601,0,0,0
sz300650,6212,1131,0
sh600873,8208,6905,0
sh603331,0,0,0
sh600199,0,1716,0
sh601877,17289,9797,0
sz300083,12200,5102,0
sz002501,12520,4043,0
sh603043,0,0,0
sh600455,0,0,0
sh600183,59976,32574,0
sz002380,2247,0,0
sz000707,0,3023,0
sh603003,0,1500,0
sz002304,2606,835,263
sh600655,0,0,0
sz300319,1675,0,0
sh600310,10399,9944,0
sh603595,749,380,0
sz300471,5297,1676,0
sh600864,0,0,0
sh600467,0,9005,0
sh601226,0,0,0
sz002868,0,0,0
sh600179,24806,17460,0
sz002076,0,0,0
sz300148,6869,12796,0
sz000681,14367,7880,0
sh600025,19377,47120,0
sz002831,1383,396,0
sz002142,20434,18816,0
sz002738,463,1888,0
sz002152,15192,9984,0
sz002418,8326,0,0
sh603580,410,0,0
sz300658,0,500,0
sh601788,3557,2500,0
sh600828,0,1601,0
sz300590,2376,1448,0
sz002441,0,0,0
sz000529,0,0,0
sz300305,0,0,0
sz002123,989,3963,0
sz002373,20324,12883,621
sz002640,12636,2231,0
sz300558,3677,5523,0
sz002397,8636,0,0
sh603136,0,0,0
sz002083,0,0,0
sh600238,7728,6279,0
sh600053,410,2005,0
sh603198,0,0,0
sz000922,0,0,0
sh600327,0,0,0
sz000919,0,0,0
sz300293,1348,0,0
sz002289,0,0,0
sh600698,0,0,0
sz300523,200,166,0
sz002359,2096,3068,0
sh603936,0,0,0
sh603839,0,0,0
sh603678,8563,512,0
sh603367,12892,14947,452
sh600557,6448,0,0
sz002255,2000,1519,0
sh601717,0,0,0
sz300003,38352,27225,2474
sh600212,1533,0,0
sz300701,0,973,0
sh603156,861,365,0
sz300626,0,0,0
sz002627,1464,0,0
sz000880,0,0,0
sz300232,16953,13627,0
sh600622,0,0,0
sz002567,2000,1893,0
sh600358,2160,1850,0
sz300654,0,0,0
sh600552,0,0,0
sz300118,2042,0,0
sz300479,6196,2279,0
sz300512,0,0,0
sh603730,0,0,0
sz000739,13977,1955,0
sh603819,1019,0,0
sz002235,7098,0,0
sz002722,0,0,523
sh600527,0,0,0
sz002046,0,0,0
sz000510,0,0,0
sz000695,0,0,0
sz300061,3848,537,0
sz300432,1906,0,0
sz002638,1988,0,0
sh600609,2500,0,0
sz000419,0,0,0
sz002655,18787,19042,1965
sh601996,0,5940,0
sz300435,0,0,0
sz000732,66661,88544,7812
sh600099,0,0,0
sz300463,1438,412,0
sh603969,6182,13310,948
sz002383,11850,1714,0
sz002833,0,0,0
sz300494,4119,0,0
sz002401,963,0,0
sh603637,0,0,0
sz300518,0,0,0
sz002067,0,2766,0
sh600203,5885,1614,0
sz002473,0,0,0
sz002226,6434,2099,0
sh600521,25795,9638,0
sh600757,0,0,0
sh600278,0,1414,0
sh600433,0,0,0
sz002490,0,0,0
sh600108,6312,7009,0
sh603338,0,478,0
sh600035,0,0,0
sz300505,0,0,0
sh603787,0,0,0
sh603817,1097,0,0
sh600079,16618,14230,0
sz300690,313,0,0
sh600560,3541,4360,0
sz000026,2704,0,0
sz300627,1069,207,0
sz300424,386,1430,0
sz000892,0,0,0
sh603161,500,0,0
sz002207,0,0,0
sh600868,2385,23705,0
sz002819,0,0,0
sh603300,0,0,0
sz002790,1000,0,0
sz300134,2612,726,785
sz300675,14700,14656,3127
sz300706,2721,1013,238
sz000731,5001,8324,0
sh600056,4742,4311,0
sh600661,500,0,0
sz002133,0,3920,0
sz002187,0,0,0
sz300730,17470,39555,1536
sh600538,0,0,0
sz002872,401,0,0
sh603680,0,296,0
sh600470,0,0,0
sh603036,7240,6342,1124
sh601928,0,8269,0
sz300167,0,0,0
sz002398,984,0,0
sh600898,0,0,0
sz001696,0,0,0
sh603050,0,0,0
sz002782,872,1788,0
sh600270,3279,11783,0
sh603186,0,403,0
sz300031,0,0,0
sh603699,3877,0,0
sz002331,1593,0,0
sz001896,0,0,0
sz002842,0,0,0
sh600170,2950,22947,0
sz300109,1260,274,0
sz002310,40780,13368,2533
sz002100,0,0,0
sh600463,0,0,0
sz300007,6182,3419,0
sh600687,4300,0,0
sz300309,0,565,0
sz000573,0,0,0
sh600166,4481,39994,0
sz002421,2283,0,0
sh601225,96475,162924,0
sz300602,1027,551,0
sh600198,16458,2175,2808
sz002498,3827,0,0
sh600738,0,0,0
sz300223,4243,37539,1173
sh600565,13003,5482,0
sh601116,2139,3759,0
sz000600,3158,4249,0
sz300150,0,0,0
sh603359,1024,862,0
sz300440,5313,1800,0
sz002112,0,0,0
sh601238,500,2600,0
sh601858,0,0,0
sz300603,439,0,0
sh600458,0,0,0
sh601369,1329,19868,0
sz002716,793,1198,0
sh600175,16566,8485,0
sz000882,0,14420,0
sz002805,0,0,0
sh600853,0,0,0
sz002177,0,0,0
