sz300269,13319,27334,0
sz001965,2074,7177,0
sh603839,588,0,0
sh600332,0,1182,0
sz002272,0,0,0
sz002663,2986,22055,0
sz000563,2396,25622,0
sh601880,42063,43114,0
sh600237,0,5137,0
sz000635,0,1696,0
sh600107,785,0,0
sh603387,0,0,0
sz002339,0,1188,0
sz000728,2114,12669,0
sh600238,13178,9940,0
sh601901,3594,13348,0
sz300699,8736,9620,2729
sz002037,4564,3913,0
sh600516,70043,91034,2405
sz000913,0,0,0
sh600052,3663,0,0
sh601333,30875,15187,0
sz300088,34566,49118,0
sz002501,5154,2323,0
sh600166,76265,22418,0
sh600297,2000,4169,0
sh600010,144413,201715,0
sh600893,6147,13457,0
sz300212,4236,7425,312
sz000032,0,0,0
sz002670,1621,847,0
sz002180,1359,0,0
sh600382,2855,18138,0
sh601633,2786,2504,0
sh601666,16202,24189,0
sz002203,2591,0,0
sz002758,0,0,0
sz300428,0,1165,0
sz300172,0,0,0
sh600811,8762,4980,0
sz002677,1976,9855,0
sh603823,0,0,0
sh603879,0,0,0
sh603042,0,0,0
sh603129,0,0,0
sz300677,7119,3015,417
sh600673,18648,22984,0
sz300426,4794,5170,0
sz002350,0,0,0
sz300740,3249,4659,408
sz002358,16891,4842,0
sh601139,0,0,0
sh603507,406,0,0
sh600505,0,0,0
sz000597,0,2265,0
sz000837,2549,10759,0
sz002388,0,8439,0
sz002290,0,0,0
sz002286,0,0,0
sh603928,0,0,0
sh600785,0,0,0
sz002652,0,0,0
sh600283,1619,0,0
sz002617,0,0,0
sz300294,0,0,0
sh603386,0,1277,0
sz002630,5438,6131,0
sz002393,0,0,0
sz002222,2626,3485,548
sz300092,0,0,0
sh600282,95622,55122,0
sz000822,0,0,0
sh603602,858,508,0
sz300074,1357,0,0
sz002156,7502,20017,0
sh600815,0,0,0
sz300542,2992,1704,0
sz300183,0,0,0
sz002780,0,600,0
sz300322,1816,0,0
sh600227,2000,0,0
sz002400,38521,28609,0
sz002172,1824,2922,0
sz002201,0,1000,0
sh600276,4627,9105,240
sz300355,23509,50433,0
sz000532,0,0,0
sz000042,0,2400,0
sz000983,4583,35994,0
sh603788,0,0,0
sh601111,53014,57154,759
sh600741,8790,15551,390
sz300563,0,0,0
sz300016,8252,7132,0
sh603855,0,0,0
sz002829,0,0,0
sh601212,31398,14779,0
sz000514,0,9342,0
sz002178,27366,32187,0
sz300272,0,0,0
sh603586,0,0,0
sh600310,0,0,0
sz002777,0,0,0
sz002496,2133,20552,0
sz002776,4215,9310,0
sz002297,2795,2886,0
sz002598,0,0,0
sz000858,33809,52890,2137
sz300462,1500,1363,2186
sh600285,0,7259,0
sz002353,0,1075,0
sz300391,0,0,0
sh603116,0,0,0
sh600628,0,0,0
sh600279,0,0,0
sz002224,0,2257,0
sz002571,1820,0,0
sh600381,0,2712,0
sh600158,25436,29490,0
sz002304,4804,9698,376
sz300539,0,0,0
sz000975,4926,1802,0
sz300737,867,6158,0
sz000797,0,0,0
sh603086,0,0,0
sz002432,4397,0,0
sz002396,7339,10538,457
sz002746,0,0,0
sh600336,0,0,0
sh600769,0,0,0
sz002474,4415,2768,0
sz002153,3966,14937,0
sz300364,11508,16786,0
sh600860,0,0,0
sz002197,1317,0,0
sz300168,53833,28593,0
sz000963,1063,3853,0
sh600358,11640,1816,0
sh600321,11973,0,0
sz002654,2293,1595,0
sh603959,810,0,0
sz300450,11964,9657,1776
sh601168,6942,36779,0
sh603088,852,407,0
sh601020,0,0,0
sz300227,458,3380,0
sz300536,0,683,0
sh600326,11543,13454,0
sz002707,0,0,0
sz002711,0,7046,0
sz300295,0,0,0
sh600605,1281,1346,0
sh603101,0,0,0
sh601595,0,0,0
sh600469,4407,0,0
sh600530,0,5310,0
sh600300,0,0,0
sz300557,0,0,0
sz300460,0,0,0
sz000155,27994,26541,0
sz300164,0,0,0
sz002676,57639,116503,3367
sh603226,0,0,0
sz002140,0,3332,0
sz000893,13484,0,0
sz300577,226,0,0
sz300513,0,0,0
sz000401,22904,48047,0
sz300739,3337,2798,265
sz002609,669,1406,0
sz002296,7817,0,0
sz000612,0,0,0
sz002370,3949,0,0
sz002527,0,0,0
sz002725,0,0,0
sh603888,0,1833,0
sz000058,0,0,0
sz002331,3002,0,0
sh600058,936,0,0
sz002606,206473,351814,11193
sz002268,78252,73409,7635
sz002483,0,0,0
sz002052,0,0,0
sh600479,1045,800,0
sh600582,4800,0,0
sh601801,1228,2397,0
sz002708,0,0,0
sz300136,16371,16392,2075
sz300671,0,0,0
sz300196,0,0,0
sh603528,0,1182,2263
sz002459,1002,0,0
sh600992,0,0,0
sh600558,2000,0,0
sz000659,0,30717,0
sh603167,0,0,0
sz002292,1851,3762,0
sz001896,11215,4260,0
sh600108,5936,8665,0
sz300514,311,316,0
sz000037,0,0,0
sz000690,1733,3044,0
sh600519,8286,14385,1737
sh603778,0,11669,0
sh600143,0,0,0
sh603861,0,0,0
sz300011,0,0,0
sh600926,9290,16478,0
sz002709,20205,17776,3159
sz300588,0,0,0
sz000421,0,0,0
sh600200,1303,0,0
sz002434,0,0,0
sz000608,0,1557,0
sz300138,0,0,0
sz300135,0,3000,0
sh600800,0,0,0
sz300162,0,0,0
sh603683,0,765,0
sz300446,492,1018,0
sz002048,2162,5385,0
sz300463,900,0,0
sh603680,996,4580,0
sz300368,8328,3220,0
sz300343,644,2293,700
sh600679,1728,0,0
sh600763,1808,1701,0
sh600019,188586,143904,4548
sz300077,22653,25192,1166
sz002354,10162,31905,617
sh603580,0,0,0
sz000707,0,0,0
sz000419,0,0,0
sh600425,5002,3000,0
sz002861,6635,4202,0
sz300602,194,187,0
sh600573,0,0,0
sz000408,10264,8961,0
sz002827,0,0,0
sz000159,0,0,0
sz002896,575,455,0
sh603668,0,874,0
sz300631,809,4118,0
sh600571,6103,7339,0
sz300360,0,1200,0
sh600026,0,0,0
sz000902,2827,1000,0
sh603655,430,1847,0
sz002768,0,1514,0
sz002562,0,1405,0
sh600449,2196,1944,0
sz300063,21883,27401,1836
sh603848,0,1950,0
sz002740,0,0,0
sz002898,0,0,0
sh600288,0,1713,0
sh600563,466,0,0
sz000570,0,0,0
sh600637,8717,4373,0
sz000780,2189,0,0
sz002550,0,3915,0
sh601028,0,0,0
sh601116,1167,1988,0
sz300381,0,0,0
sz300264,0,0,0
sz002403,0,0,0
sz300561,534,0,0
sz300365,589,1333,0
sh600747,0,19618,0
sz300478,0,0,0
sz002022,2525,4837,0
sh601689,2321,6976,0
sz002893,911,0,0
sz002330,0,1909,0
sz300260,0,0,0
sh600720,39050,47003,1226
sh600869,0,6646,0
sz300047,0,3501,0
sh603079,220,0,512
sh600796,0,0,0
sz002202,13138,20216,0
sz002070,3351,15342,0
sh600724,0,0,0
sh603118,2803,1600,0
sz002356,0,0,0
sz000505,0,2675,0
sz002365,452,391,771
sz000929,0,0,0
sh600459,12284,5160,0
sh600768,0,826,0
sz002554,4996,3070,0
sh601101,7040,1656,0
sh600383,25202,17625,0
sh600320,3119,8238,0
sz002145,4859,5745,0
sz002498,0,3333,0
sh603721,0,849,0
sh600120,442,3046,0
sz000733,3960,891,0
sz300681,3268,571,866
sz300045,0,0,0
sh601366,0,11789,0
sz000610,0,0,0
sh600657,4443,0,0
sz002755,0,0,0
sh600009,1995,3466,0
sz002097,0,0,0
sh600814,0,0,0
sh600919,32151,31043,0
sz300369,14250,14740,2976
sh603337,0,0,0
sh603566,0,0,0
sz000665,115063,71529,6838
sh603008,1777,0,0
sh600540,2500,0,0
sh600265,598,0,0
sz002342,2000,12099,0
sh600698,0,11109,0
sz300327,750,1696,0
sz300206,0,0,0
sz300027,118458,79609,1158
sz300395,0,0,0
sz000407,2028,1700,0
sz000001,299602,261247,10758
sz002407,3297,9728,811
sz002300,0,0,0
sh600338,3709,2677,1020
sh600197,909,5078,0
sh603896,333,351,0
sz300638,0,0,0
sz002463,0,0,0
sz300729,704,500,0
sh603806,0,0,0
sz300202,0,1807,0
sz000536,2533,5385,0
sh601996,0,0,0
sz000078,26640,5520,0
sz000919,0,0,0
sh603729,626,0,0
sz002911,0,1845,0
sz002623,0,0,0
sh603677,1000,445,0
sh603188,0,1227,0
sz002336,3060,2099,0
sz000551,0,0,0
sz000668,0,0,0
sh603601,2756,0,0
sh600128,0,0,0
sh603059,4335,3701,468
sh600216,58482,92104,3278
sh601968,0,0,0
sz000639,834,0,0
sz002774,0,0,0
sz300707,5070,11653,1702
sh601878,3139,11326,0
sh600707,1158,2900,0
sz000338,22630,40371,0
sz300523,235,2406,0
sh600073,0,0,0
sh601177,0,0,0
sz002151,1974,6744,0
sz300407,0,1205,0
sh601368,0,0,0
sh601229,11950,14636,0
sh603878,0,0,0
sz300095,0,0,0
sz002541,0,0,0
sz002051,0,2915,0
sz300051,13614,4749,0
sh603323,5255,14863,0
sh603090,0,0,0
sz300204,0,0,0
sz300518,0,0,0
sh600838,0,2190,0
sh600694,0,897,0
sz300690,0,0,0
sz002273,16824,11434,984
sh601011,4419,15519,0
sz300461,0,0,0
sh601555,19219,17882,0
sh600722,0,3618,0
sz002915,536,272,0
sh600602,25141,22500,1458
sh600650,0,0,0
sh603877,0,0,0
sh603737,0,198,0
sz002566,0,0,0
sz300387,0,0,0
sh603010,1417,5109,0
sz300259,0,0,0
sz002278,6513,18936,0
sz002773,0,461,0
sh603283,4972,11505,0
sz300657,0,300,0
sh600609,2502,2016,0
sh600835,0,934,0
sz000626,7912,2963,0
sz002031,63943,96950,0
sz002484,0,0,0
sh603025,0,0,0
sz000501,7166,651,0
sh600420,0,857,0
sz300521,0,0,0
sh600706,0,592,0
sh600163,0,0,0
sh603589,0,1481,0
sz000759,0,0,0
sh603380,0,0,0
sz002624,1465,1178,519
sh601777,5732,0,0
sh600658,0,0,0
sh600654,2935,3815,0
sz300255,0,0,0
sz000721,0,0,0
sz000702,6134,2077,0
sh600978,0,1983,0
sh601989,117260,168815,0
sh600000,30471,39932,0
sh600621,9329,33511,0
sh601126,0,0,0
sh600271,23457,12525,1662
sz300145,0,1014,0
sz002901,317,807,0
sz002505,13178,12587,0
sh600315,1193,2291,0
sz300618,8141,7327,1052
sh603111,1834,1871,0
sh601888,2303,3458,0
sh601015,1269,0,0
sz002328,0,0,0
sz000050,6806,13735,0
sz002551,0,0,0
sz300538,1722,300,0
sz000587,11639,13279,0
sz300334,0,0,0
sh600746,0,1400,0
sh603926,429,0,0
sh600585,80875,90137,4883
sh600610,14638,0,0
sz002092,6208,23941,0
sz002830,0,0,0
sz000908,4000,0,0
sh601811,0,0,0
sh600375,0,0,0
sh601500,0,4075,0
sh600818,0,600,0
sh603628,0,0,0
sz300181,17145,5216,0
sz300054,0,1930,1802
sz300535,0,0,0
sz002054,96584,53187,5320
sh603808,1211,0,0
sz002334,0,0,0
sh600808,33789,70749,0
sz300339,10997,1114,0
sz300653,0,0,0
sh600653,16262,0,0
sz000826,678,3200,553
sh600820,1535,13395,0
sh600054,2998,7993,0
sz300153,0,0,0
sh600112,2975,5300,0
sh600275,0,0,0
sz300617,0,0,0
sz002502,0,1798,0
sh600488,0,0,0
sh600692,0,1081,0
sz002174,432,3878,0
sh600426,12297,11146,652
sz002248,25599,1500,0
sz002633,0,0,0
sh600508,0,0,0
sz000750,2581,27111,0
sz000166,11512,33407,0
sz002850,2508,3160,539
sz002405,54713,42658,2964
sz002703,0,0,0
sz300293,2508,0,0
sh600287,2440,0,0
sh600883,0,0,0
sz000023,0,0,0
sh600298,1015,370,0
sh603036,0,0,0
sz300717,0,1600,0
sz300537,0,0,0
sh600887,232909,259543,12281
sz300436,0,402,0
sz002019,4592,11728,0
sz300252,1158,2194,0
sh601117,72701,32744,0
sz002313,2101,3494,0
sh601898,0,18434,0
sz300493,2007,0,0
sz300665,0,0,0
sh601515,0,0,0
sz002311,0,564,0
sz300615,0,0,0
sh600368,0,0,0
sh603007,1313,0,0
sz002372,0,1763,0
sz002261,13616,15890,0
sh603889,4195,3155,0
sh600909,2337,16912,0
sz300605,0,0,0
sz300314,8373,123089,0
sz002516,0,0,0
sh600640,0,0,0
sz002763,0,0,0
sh603177,631,0,0
sh600665,0,0,0
sz002596,39832,32388,2005
sz002684,6645,5089,0
sz002003,0,0,0
sh600061,0,1000,0
sz300223,1313,1284,0
sz300215,0,0,0
sz002797,48897,62114,0
sz300726,0,1099,0
sz002512,165520,185905,6034
sh603880,509,0,0
sh600079,7563,16989,0
sh600895,1014,2351,0
sz002469,0,0,0
sz002917,347,2596,0
sz300451,1945,6135,0
sz002385,12473,13803,0
sz000502,0,3000,0
sz000905,3431,5207,0
sh600890,0,1005,0
sh600728,337767,513515,46326
sh601166,132913,205834,0
sz002177,12306,1927,0
sz300246,0,0,0
sz002462,0,0,0
sz002660,0,0,0
sh600755,7631,24593,0
sz002552,0,0,0
sz002787,0,0,0
sz300139,1495,0,0
sh600260,13098,17193,1669
sz300719,2877,3276,0
sh603618,0,0,0
sz000507,19477,21827,1094
sz002803,0,0,0
sz300208,18995,9263,1087
sz002640,1753,4253,0
sz300303,0,0,0
sh600552,0,3820,0
sz000548,0,1630,0
sh600103,0,3300,0
sz300037,513,968,0
sz002826,0,0,0
sz300552,0,645,0
sz300394,0,0,0
sh601222,5094,9366,0
sz300048,0,5298,0
sh600703,28314,45400,590
sh601038,5492,1475,0
sh600490,205529,153079,11870
sh600819,0,0,0
sz300193,7730,1340,0
sz002422,6821,17707,903
sz002209,0,0,0
sz002348,0,0,0
sz002233,17088,25097,0
sz000590,841,0,0
sz000425,47196,97476,0
sh601939,454414,377264,1983
sz002065,91668,55549,1634
sh603658,261,0,0
sz000672,94466,60126,4307
sh600846,4352,11757,0
sz300499,0,0,0
sh600674,3182,1230,0
sz000682,0,0,0
sh600884,30086,25500,3194
sh600589,0,0,0
sh600586,3071,6664,0
sz002270,0,0,0
sz300375,0,0,0
sz002472,13524,44200,0
sz002903,275,1148,0
sz002748,0,0,0
sz300452,1034,912,0
sh600025,56408,93114,0
sh600346,6938,10811,0
sz300668,134,179,0
sz002265,0,0,0
sz002487,0,0,0
sz300652,0,0,0
sz300710,0,0,0
sz000650,8000,2038,0
sz002891,597,0,0
sz300520,4178,5229,0
sh600248,0,0,0
sz002471,2622,5125,0
sz300167,4348,1664,0
sh601567,0,0,0
sh603186,0,0,0
sh603958,0,0,0
sz000888,0,1034,0
sz002104,3249,1818,0
sh603716,0,180,0
sh601108,11941,16444,0
sz300273,3025,2798,0
sh601678,45073,56873,1231
sz300678,11111,9654,1443
sz002412,0,0,0
sh600623,0,6499,0
sz300182,34914,30291,1414
sz002671,0,0,0
sh603717,0,0,0
sz002326,11920,4544,0
sz002414,0,2130,0
sh600035,0,0,0
sh600218,0,2000,0
sz300061,0,0,0
sh601992,22842,43826,0
sz300545,273,1260,0
sz002542,0,1700,0
sz002461,0,0,0
sh600269,5134,13980,0
sz000982,0,0,0
sz300475,0,0,0
sh603669,0,0,0
sh600243,0,0,0
sz000856,3383,8137,0
sh600210,2292,19153,0
sh600990,349,0,0
sz000802,0,0,0
sz300250,0,0,0
sz002672,2000,2228,874
sz000157,10569,41452,0
sz002114,3277,0,0
sz300528,1393,0,0
sz002099,4232,5930,0
sh600130,0,6304,0
sz300084,4030,0,0
sz002847,4568,6214,0
sz002307,45230,57515,2070
sh603286,437,2872,0
sh600593,1559,948,502
sz002438,0,0,0
sh600127,0,3287,0
sz002882,0,0,0
sz002176,40842,75484,0
sh601007,0,0,0
sh600894,0,0,0
sz000977,183258,177739,6855
sz000008,14424,12846,0
sz002926,62734,126609,1156
sh603661,300,0,0
sz002700,0,0,0
sz002925,11428,20240,3334
sz300650,1414,1678,219
sh600861,1276,0,0
sz002274,1500,2000,0
sz002401,10070,8601,0
sh600710,0,0,0
sh600353,0,0,0
sh600235,0,0,0
sh601088,25061,30423,0
sz002236,36850,64579,2145
sz300001,0,1965,0
sh600736,0,0,0
sz002095,9511,4788,771
sh601137,0,0,0
sz002035,1958,3642,0
sz002247,7278,0,0
sz300636,0,0,0
sz300510,514,0,0
sh603858,200,875,0
sh600387,0,0,0
sz300607,0,370,0
sz300040,0,0,0
sz002386,0,2001,0
sz000985,0,0,0
sh601988,557281,375888,0
sz002923,0,923,0
sh600105,3865,0,0
sh600343,0,893,0
sh600487,17526,32018,398
sz002351,0,0,0
sz300220,0,0,0
sz000970,13617,26193,0
sz000729,3148,4962,0
sh600170,5676,22035,0
sz300433,2557,6668,0
sh603728,0,0,0
sz002860,0,565,0
sz300413,2469,6715,310
sh603989,0,0,0
sz000722,0,0,0
sz002446,0,1976,0
sz002020,0,2915,0
sh603396,0,0,0
sh603900,2002,1600,510
sh603970,1753,389,391
sz002246,0,0,0
sh600727,0,1688,0
sh603005,983,927,0
sh600608,0,0,0
sh600572,7024,2134,0
sz002642,835,11529,0
sz000546,2132,0,0
sz300374,0,0,0
sz002846,0,0,0
sh603002,0,0,0
sz300432,0,0,0
sh601908,0,0,0
sh600858,0,0,0
sh600362,29201,49055,0
sz002419,7578,5739,0
sz002382,3470,4095,0
sz300589,0,0,0
sz000788,0,0,0
sz000609,0,0,0
sz300267,12804,15905,0
sh600372,0,3115,0
sh601818,186520,254635,0
sh600410,44348,88204,1947
sz002333,629,802,0
sz002689,0,0,0
sz300401,3623,6758,0
sh600668,0,1036,0
sz300308,424,1447,0
sh601086,8193,17873,2182
sh603606,0,0,0
sz002686,0,0,0
sz300137,0,8252,510
sh600834,0,0,0
sz002079,3046,4915,0
sh600864,0,0,0
sz300142,20085,4527,0
sh600635,2680,51697,0
sz300058,36202,66730,0
sh601566,1322,0,0
sz002234,1002,1067,0
sz300072,6149,10573,631
sz002913,732,4673,319
sz300604,191,785,0
sh600222,0,0,0
sz300289,1300,0,0
sh603139,0,0,0
sh600510,0,0,0
sh603303,0,1376,0
sz002865,0,0,0
sh600141,3230,16324,0
sz000620,0,1582,0
sz002255,0,0,0
sz002028,2706,9046,0
sz002355,0,3574,0
sh600764,7134,459,0
sz002266,0,6214,0
sz300042,0,0,0
sz300639,209,822,0
sz002491,9007,1702,0
sh600180,0,0,0
sz002043,0,931,0
sh601798,0,0,0
sh603711,0,895,0
sz000895,1004,6035,0
sh600456,0,0,0
sh601388,4047,14253,0
sh603722,0,1085,0
sh601107,0,0,0
sz000898,70476,58293,0
sz000541,0,0,0
sz002087,2086,2856,0
sh600482,5001,6548,503
sh601872,6008,0,0
sh600462,0,0,0
sz002324,600,0,0
sz300123,0,0,0
sz300101,3274,753,0
sz000020,5721,14666,0
sz002745,652,2369,0
sh603041,0,0,0
sh600249,6445,0,0
sh600167,0,0,0
sz000669,0,0,0
sh603363,4179,0,0
sz002489,7506,12793,0
sz002250,0,0,0
sz002627,0,0,0
sz300078,143305,134707,14232
sh600634,1694,0,0
sh600988,5715,9892,0
sz002629,5426,2050,0
sz000786,15403,14733,711
sz000971,0,1838,0
sz000671,28896,25196,1196
sz002772,0,0,0
sz300126,3735,1884,0
sh600448,0,8249,0
sz300543,0,0,0
sh600220,0,0,0
sh603355,0,0,0
sh600312,3086,0,0
sz002504,2855,0,0
sh600776,0,0,0
sz002187,1029,2628,0
sh600259,1186,1929,0
sz002262,0,0,0
sh600555,16001,4924,0
sh600525,4355,3336,0
sz002565,0,0,0
sz000952,1600,0,0
sz002240,622,0,0
sz300121,10889,700,0
sh600056,1401,4207,0
sh600823,44417,18566,0
sz002314,0,0,0
sh601233,53278,30042,742
sh600624,0,0,0
sh600161,973,4438,0
sh603991,0,0,0
sz300691,151,0,0
sz002722,0,0,0
sz300043,4183,2912,0
sz300143,0,0,0
sh600503,6520,4572,0
sz002291,0,0,0
sz300118,0,0,0
sh603882,0,361,0
sh603421,0,0,0
sh603179,0,773,0
sz002281,8610,13415,0
sz300348,0,1793,0
sh600007,0,0,0
sh600731,0,0,0
sz000980,12113,5055,0
sh603157,0,0,0
sh600498,5645,4744,0
sz300712,0,0,0
sh600606,140211,142133,0
sz002572,2015,3904,0
sh600191,0,0,0
sz000638,15701,53678,0
sh600348,83011,89603,4401
sz000875,0,16374,0
sz002576,1009,1586,0
sz300219,2084,3735,0
sz002455,0,0,0
sh603903,0,0,0
sh600406,2128,5534,0
sh603619,665,800,0
sh600726,0,0,0
sz002293,0,641,0
sz002058,0,721,0
sz002555,7915,19118,1176
sz300197,8312,15718,0
sz002124,0,0,0
sz300434,0,0,0
sz002009,19900,3081,2213
sz300572,349,654,0
sz300276,0,956,0
sz000818,1922,3712,0
sz002785,0,0,0
sz000012,4993,5672,0
sh600232,0,0,0
sh603020,0,0,0
sz300151,0,1504,0
sh603009,0,847,0
sh603676,704,1790,0
sh600967,3740,1002,0
sz300711,0,0,0
sz000090,1596,4732,0
sz002506,82894,76094,0
sz002867,414,445,0
sz002597,5003,5860,0
sh603320,0,0,0
sz300408,9278,9068,0
sz002698,3908,2220,0
sh601668,293922,515732,0
sz300100,0,1880,0
sh603055,0,0,0
sz000559,6734,11522,0
sz000005,0,2547,0
sz300020,20841,12081,0
sz002381,0,8252,0
sh600059,0,0,0
sz000605,0,687,0
sz300283,0,0,0
sz002616,3420,0,0
sz300192,0,1496,0
sz002513,0,0,0
sh600325,4911,29489,0
sz002849,0,0,0
sh603006,0,1453,0
sz300447,0,0,0
sz000999,412,1377,0
sh603980,601,6866,0
sh600202,27750,33268,0
sz300132,0,0,0
sz002706,3000,1005,0
sh600428,0,7675,0
sz000711,0,2700,0
sz300299,3473,4209,0
sh600418,8435,7308,0
sh603797,0,0,0
sz000678,0,0,0
sz002559,0,0,0
sz002637,0,0,0
sz300320,0,0,0
sz002018,38547,33798,0
sh600311,2519,0,0
sh603758,0,0,0
sz002752,0,0,0
sz002146,44884,48915,0
sh603918,0,0,0
sh603218,0,0,0
sz002588,0,0,0
sz002716,20858,16145,2103
sz300703,365,0,0
sh600242,0,922,0
sz000045,0,0,0
sz002109,0,0,0
sz300141,0,0,0
sz300353,89618,157162,20014
sz000411,0,0,0
sz002133,0,0,0
sz000725,1621528,2255884,0
sh600843,0,0,0
sh603319,0,490,0
sz002105,1612,0,0
sz002534,0,0,0
sh600871,7263,16878,0
sz300702,0,0,0
sh600518,5201,7284,0
sz000705,0,0,0
sh600547,7839,18545,0
sz000561,22310,4447,0
sz000880,1187,0,0
sz300540,0,0,0
sh603081,0,2964,0
sh601288,5102633,2514813,0
sh600715,43106,36231,2395
sz000996,17842,7490,0
sh600031,108516,138446,0
sz002753,0,0,0
sh600986,0,3544,0
sh600995,0,0,0
sz000416,0,0,0
sz300180,3553,3171,0
sz002183,6957,22120,1386
sz300083,13648,25101,0
sz000783,0,10230,0
sz300302,30654,26555,1965
sh603699,618,640,0
sz002264,24094,12576,3678
sz002361,0,2500,0
sz300497,0,0,0
sz002025,2476,3508,0
sh603335,0,0,0
sh603278,0,0,0
sz300257,742,1844,0
sz002714,1479,2216,0
sz300477,11368,14115,2748
sz000068,0,4603,0
sz300560,11102,10949,1943
sz300053,5875,7097,0
sh600207,17568,61600,0
sz300568,1623,500,0
sz002245,8760,2591,0
sz000803,1271,0,0
sz300268,856,0,0
sh600863,0,0,0
sh601669,3248,11146,0
sz000833,0,0,0
sh600023,7125,9630,0
sz002769,33671,63475,1787
sh600015,19209,26401,0
sz002195,44613,57215,0
sz002641,0,0,0
sh603707,500,900,0
sz002335,500,353,0
sh600683,0,0,0
sz002167,0,3888,0
sz000988,0,1731,0
sz000838,14097,9991,0
sh601952,3693,3945,831
sh600115,75641,100023,0
sz000779,0,0,0
sh603557,2353,651,876
sz300458,537,1136,0
sh603656,0,0,0
sz002881,0,501,0
sz002900,900,0,0
sz000096,0,0,0
sh603776,500,1526,0
sh600322,0,0,0
sz002833,0,0,0
sz300127,0,0,0
sz000727,19161,54269,0
sz002128,4205,17805,0
sh601599,12350,0,0
sz000691,0,0,0
sz000069,27034,59086,0
sz300558,459,1487,0
sz300213,4757,4481,0
sz300281,0,0,0
sz000892,0,0,0
sh600779,1584,313,0
sz000428,0,0,0
sh603313,0,0,0
sz000716,0,0,0
sz300371,0,0,0
sz300104,571199,676232,82509
sz000997,4219,14869,0
sz002625,0,383,0
sz002813,349,0,0
sz300555,0,0,0
sh603533,507,841,0
sz300465,19345,3938,0
sz300022,4585,2249,0
sz002556,0,0,0
sz002465,6031,17475,0
sz002445,3275,3509,1557
sh601225,30335,43788,0
sz300034,1950,2005,0
sh603315,0,0,0
sh600155,6792,4280,0
sh600862,0,1209,0
sz000066,103645,47620,1559
sz000021,5350,18650,0
sh600268,0,0,0
sz300422,0,900,0
sz300419,0,0,0
sh600816,9874,4865,0
sz300412,0,0,0
sh600595,24985,5547,0
sz000935,2334,1321,0
sh600612,249,1138,0
sz002741,1185,0,613
sh603501,322,1326,0
sz300363,3683,6566,0
sh601628,2874,11014,0
sz002918,940,253,0
sz002919,4192,1523,0
sz002150,0,0,0
sh601398,1034549,746747,2249
sz002387,0,0,0
sz300402,0,0,0
sz300287,56089,55814,1117
sh603099,0,0,0
sz300435,0,0,0
sz300354,0,0,0
sh600081,0,0,0
sh600704,1906,11711,0
sz002310,9811,10071,0
sz000836,5067,30369,0
sz002404,0,0,0
sz300612,8979,7209,2956
sh600655,0,0,0
sz002761,2130,0,0
sz300330,0,0,0
sz000806,125881,153843,0
sz300274,5666,11989,0
sh600565,108885,32563,0
sh601616,0,0,0
sh600750,0,3830,0
sz300623,0,432,0
sz002912,797,744,0
sz002569,7128,1432,0
sh603727,0,0,0
sh603709,2061,2618,368
sh600370,5000,0,0
sz300357,217,201,0
sz002205,0,0,0
sh600626,0,0,0
sh600212,3000,0,0
sz300328,0,0,0
sz002771,0,0,0
sz002064,0,0,0
sz002858,0,0,0
sz002200,999,0,0
sz000089,0,0,0
sz002531,3965,4294,0
sh603869,1213,0,0
sz300697,0,0,0
sh600833,0,0,0
sh603085,0,0,0
sz000720,0,0,0
sz300205,2432,0,0
sz002675,2947,0,0
sz300386,7451,4199,668
sz002673,14759,17535,0
sz002467,45530,57156,2486
sh600064,2358,0,0
sz300480,879,0,0
sz300152,14775,19956,0
sz000429,0,1678,0
sz000789,53368,44454,2405
sz002735,0,0,0
sh600821,2570,2001,0
sh600868,266186,154436,7604
sh601002,1194,8718,0
sz300234,0,0,0
sz002468,5871,1703,0
sh600850,5434,1181,0
sz000420,3439,7013,0
sz002078,16197,26282,0
sh600039,8081,4779,0
sh601226,0,0,0
sh600643,16389,13854,0
sh603558,0,0,0
sz300500,0,301,0
sz300576,830,702,0
sz002056,4528,8626,0
sz002871,0,0,0
sz002727,13509,4882,0
sz000860,13590,4530,0
sh600639,0,0,0
sz000423,229,2859,0
sz300161,673,0,0
sz002561,0,935,0
sh601018,42928,30532,0
sz002374,14027,0,0
sz002306,0,0,0
sz002839,204453,168997,4216
sh600452,0,0,0
sz000968,1750,1756,0
sz002723,0,0,0
sz300591,0,0,0
sz300228,20330,4074,1501
sh603612,935,474,0
sh600229,1180,2490,0
sh603037,0,0,0
sh603917,0,0,0
sz000811,0,0,0
sz002144,0,0,0
sh600892,1000,0,0
sz002873,0,0,0
sh600185,0,9964,0
sh603027,0,0,0
sz002733,1272,762,0
sh600416,1018,2000,0
sz300603,2758,2121,444
sh601238,3316,4244,0
sz300304,5757,1803,0
sz002540,0,0,0
sz002211,1945,2008,0
sh600569,50927,38993,0
sz002793,0,0,0
sz000868,126765,89911,7685
sh601069,5368,6876,0
sh600633,0,8162,0
sh603979,0,0,0
sz002626,4297,17546,0
sh603385,730,0,0
sz300230,1879,4385,0
sz002767,0,600,0
sz002060,0,0,0
sz002929,20030,29103,5579
sh603866,0,0,0
sh600778,0,0,0
sz300031,0,751,0
sh600109,5563,14427,0
sh600085,319,2658,0
sh601618,9638,61783,0
sz000543,12182,48772,0
sz002101,0,1790,0
sz002732,0,0,0
sh603968,0,0,0
sz300595,0,393,0
sh603883,193,192,0
sh603500,0,0,0
sz002375,1534,0,0
sh600760,4028,7358,0
sh600316,1107,0,0
sh600618,6116,1011,0
sh600392,24984,54611,1374
sz002792,0,557,0
sh601991,7089,10011,0
sz002503,4009,0,0
sz300007,0,741,0
sz300397,2273,0,0
sh600400,0,0,0
sz002271,7309,3413,0
sz002818,0,1449,0
sh601127,6147,3996,0
sh603615,0,0,0
sh600094,10845,10629,0
sh600578,0,3583,0
sh600317,0,0,0
sz000636,29467,38229,3334
sh601700,5332,0,0
sz300006,0,7564,0
sz002634,0,0,0
sz300470,0,0,0
sz300388,0,0,0
sh601326,24242,11170,0
sz002130,18888,13390,0
sh600513,0,0,0
sz300207,3110,6368,0
sz002424,1314,5552,0
sh603818,3349,0,0
sz002466,33221,38656,2049
sh601369,3691,3134,0
sh600851,1043,1172,0
sz300318,0,0,0
sz300580,509,0,0
sh600896,2427,0,0
sh603598,0,0,0
sz002910,0,610,0
sz300222,16639,27340,1049
sz002237,0,9425,0
sh600721,30564,23302,1194
sz002139,3796,6889,0
sz000886,16746,21959,0
sh600396,0,0,0
sz300124,4021,5367,0
sh603100,0,1195,0
sz000667,0,4315,0
sz002557,0,1080,0
sz002362,11359,8550,471
sz300556,20624,13818,1009
sz300506,0,0,0
sh603156,1299,3937,694
sz300362,909,0,0
sz002594,15966,14192,758
sz002188,0,18055,0
sh600575,0,0,0
sz300654,555,400,0
sh600546,0,0,0
sz002371,9924,14879,345
sz002751,0,587,0
sh603288,188,627,0
sz002664,0,0,0
sz002823,977,0,0
sh603067,0,0,0
sz300235,0,0,0
sz002337,0,0,0
sz002433,1464,5611,0
sz002055,566,1143,0
sz300679,0,339,0
sh600080,0,0,0
sz002363,0,0,0
sz000951,0,681,0
sh601928,0,0,0
sz300629,266,278,0
sz000753,0,0,0
sh600250,0,0,0
sz000049,1892,1390,0
sh600033,0,11896,0
sz300021,21193,13886,0
sz300258,0,0,0
sz002430,0,4623,0
sh603159,1172,0,0
sh600273,12494,7516,0
sh600839,22029,14338,0
sh600841,0,831,0
sz002842,0,867,0
sz000810,3372,38923,0
sz000617,0,0,0
sz000993,0,0,0
sz300286,0,0,0
sh600466,3865,20707,0
sz002691,0,0,0
sh600351,1919,0,0
sz002253,0,0,0
sz000976,7189,0,0
sh600123,0,4470,0
sh600528,6756,11001,0
sz300445,0,0,0
sh600977,1833,7343,0
sz002429,16332,5324,0
sz002863,4798,9492,0
sz002299,0,2480,0
sh600933,1183,1559,0
sz000613,0,0,0
sh600599,0,0,0
sh603223,0,0,0
sz300185,5004,4754,0
sz002821,505,1315,0
sz000959,0,0,0
sz002279,5211,10981,0
sz000755,9209,2100,0
sz000631,6269,2905,0
sz002126,7076,1517,0
sz002340,521376,346074,0
sz300459,36559,15226,0
sz300039,0,0,0
sz000560,0,0,0
sh600030,248454,309716,1506
sz002059,0,0,0
sz000756,13459,4794,0
sz002023,2684,1295,0
sh603016,0,0,0
sh600855,905,0,0
sh601128,8238,15737,0
sz002713,393,0,0
sh601218,0,0,0
sz002696,0,0,0
sz000063,85306,151377,5501
sz002719,0,0,0
sh603001,0,0,0
sz002488,0,4940,0
sz000731,2520,1450,0
sz002129,497781,394520,32902
sh600422,7731,7958,1132
sz002798,0,0,0
sz002809,0,0,0
sz300094,1705,1775,0
sh603169,0,0,0
sz002655,6370,14369,0
sz300316,41897,15142,3948
sz002418,0,1233,0
sz002323,0,0,0
sz300414,0,0,0
sh603517,903,289,0
sh600962,12073,2000,0
sh600072,5187,2564,0
sh600701,3389,12766,0
sz002193,2046,0,0
sz300483,300,0,0
sz002408,0,1944,0
sz002899,0,0,0
sh600597,0,2285,0
sz002837,0,1603,0
sh600299,0,0,0
sz002244,0,9191,0
sz002223,10508,20309,0
sh603117,0,7350,0
sz000851,1408,5991,0
sh600169,3168,0,0
sz000897,0,0,0
sz002477,35878,11849,0
sz000630,52160,37629,0
sh600460,191471,212927,5120
sh601799,199,283,0
sh600213,1308,32162,0
sh600483,1392,0,0
sz002669,0,0,0
sz002812,675,937,0
sz002548,0,0,0
sz002377,0,0,0
sz002069,26128,93533,0
sh600939,1847,0,0
sz300547,0,0,0
sz300468,6579,7391,0
sz300029,0,0,0
sh600077,0,0,0
sz300655,0,353,0
sh600827,0,0,0
sz300263,2000,0,0
sh603444,63,92,0
sz300620,970,4954,0
sh603712,0,0,0
sz002456,48964,88561,0
sh600959,0,0,0
sh600171,5943,20236,0
sh600162,15569,7683,0
sz002112,3698,987,0
sz000932,13977,62836,0
sz002269,0,0,0
sz300217,0,18750,0
sz300291,1083,2066,0
sz000550,959,1291,0
sz300416,0,0,0
sz300148,9176,14133,2010
sz300158,1000,724,0
sh603779,0,964,0
sz300310,3629,3651,0
sz002478,0,0,0
sz300015,9252,9020,0
sz300025,9095,0,0
sh600900,6470,4525,0
sz002001,28533,73157,1658
sh603920,0,0,0
sz300509,0,0,0
sz002426,24207,6594,0
sh600583,0,8624,0
sh600502,0,0,0
sz002759,0,722,0
sh603633,0,0,0
sz000519,111107,83305,13795
sh600028,195632,318798,7439
sz300649,381,601,0
sh600470,0,1920,0
sh603536,2818,0,0
sz002021,9239,0,0
sz000752,0,0,0
sh603630,0,0,0
sh600695,0,0,0
sh601113,6562,913,0
sh600729,0,0,0
sh601169,30647,26727,0
sz300645,0,382,0
sz300261,0,1800,0
sh600664,18611,7207,0
sz002693,0,0,0
sh600050,168738,256163,0
sz300437,684,1296,0
sz002530,0,0,0
sz000739,1832,9000,0
sz002848,0,1545,0
sh600182,0,0,0
sz000995,0,0,0
sh600696,0,0,0
sh600110,7056,9656,0
sh600195,5768,1836,0
sh600520,0,2492,0
sh603638,0,0,0
sh600758,0,0,0
sh600730,0,0,0
sh600116,1312,6631,0
sz300282,0,0,0
sh600527,10280,13818,0
sz002775,0,0,0
sh603076,0,0,0
sh603203,0,0,0
sz300626,0,0,0
sh603030,0,0,0
sh603986,18721,18202,1861
sz002533,0,0,0
sh600307,34787,18223,0
sz300718,0,0,0
sz300112,10992,11264,1997
sz300076,0,9914,4870
sh600095,0,2000,0
sz000825,109501,172996,0
sz002579,0,0,0
sh603819,0,0,0
sh603131,0,0,0
sh600550,1555,2681,0
sh600305,0,3051,0
sh600292,0,2053,0
sz002805,0,566,0
sz300559,220,300,0
sh601949,10647,2000,0
sz300093,1489,0,0
sz300170,17222,29125,2022
sh600561,1744,0,0
sz300315,102820,109955,0
sz002724,0,0,0
sz002120,717,808,0
sz002908,2552,2447,0
sz300672,3613,3247,215
sh600697,0,0,0
sz000048,0,0,0
sz002460,103948,98855,14391
sz300288,5574,2360,0
sz002155,3947,1820,0
sh600291,2824,8505,0
sz000026,0,1000,0
sz000498,0,0,0
sz300549,0,0,0
sh600963,0,6674,0
sz300721,0,0,0
sz300507,866,1723,0
sz300675,3446,4137,0
sz002795,7653,23072,678
sh600360,5767,2000,0
sz000552,0,4026,0
sz300115,76139,37871,1080
sz000710,1104,539,0
sh600361,0,2466,0
sh600822,11692,12219,0
sz002158,1868,4248,0
sh603299,0,0,0
sz300485,8240,2059,733
sz000906,1492,0,1807
sh603233,0,298,0
sh603208,0,0,0
sh600742,0,835,0
sz002074,6501,16845,0
sh601179,0,0,0
sz002090,0,0,0
sz300271,12539,8458,927
sz000625,28050,47939,0
sz002892,869,584,0
sz002788,0,634,0
sh600106,0,0,0
sh600782,8274,33984,0
sz300014,18936,17203,970
sz300239,0,0,0
sz300567,0,173,0
sh600266,3890,4837,0
sz000713,0,0,0
sh603678,4397,385,1065
sh600468,0,0,0
sz000600,1893,28364,0
sh603567,0,0,0
sz002206,0,0,0
sz300689,0,0,0
sz002397,0,0,0
sh600063,8439,6815,0
sh603660,3302,1543,0
sz002077,0,3031,0
sz000589,0,0,0
sz300189,0,3427,0
sh600748,0,6433,0
sh600767,0,0,0
sh600804,99457,204587,4291
sz002905,637,2119,0
sh600693,0,0,0
sz002715,0,0,0
sz300421,0,1496,0
sh603648,13277,4236,0
sz002135,0,0,0
sh600153,4007,10148,0
sz000701,0,0,0
sh601106,0,10144,0
sh601099,72886,214870,0
sh601608,10639,3660,0
sh600177,1501,3716,0
sz300601,2093,593,0
sh600691,56017,33113,0
sh600580,6266,0,0
sz002157,2560,2500,0
sh600389,0,0,0
sh603987,0,0,0
sh600714,0,0,0
sz000726,0,0,0
sz300611,0,0,0
sz002395,0,0,0
sz000030,1336,0,0
sh600875,1513,19525,0
sz000656,2084,11095,0
sh600121,0,5372,0
sh601098,1145,0,0
sz001979,26258,39412,1316
sz002810,0,0,0
sz002227,0,0,0
sz300479,505,1681,502
sz002603,4719,4048,0
sh600792,0,0,0
sh600622,785,0,0
sh600160,87054,164415,2165
sh601231,2663,0,0
sz300456,334,0,0
sz000538,231,1749,108
sz002872,0,0,0
sz002665,2544,4024,0
sz300609,0,0,0
sz002420,0,0,0
sh603277,0,895,0
sh600506,0,0,0
sz002327,0,3148,0
sh600303,3320,1629,0
sh600713,2001,0,0
sh601588,5716,0,0
sh603058,2419,3186,0
sh600458,1231,0,0
sh603811,0,0,0
sz000883,0,2543,0
sz002380,2113,5833,0
sh600278,0,0,0
sz000028,0,249,0
sh600186,22780,4184,0
sh600444,1463,0,0
sh600708,0,0,0
sz000909,0,0,0
sz002045,2240,6316,0
sh600131,0,0,0
sz300147,0,0,0
sz000016,2316,0,0
sz000890,12984,13408,0
sz002431,0,6607,0
sz002806,0,0,0
sh603060,0,0,0
sz002057,2311,0,0
sz000622,0,0,0
sh600016,182071,130194,0
sz000901,1167,703,0
sz300473,0,0,0
sz000735,72542,32172,1635
sh600293,10217,56209,0
sz300562,1173,0,0
sh600391,1441,5148,0
sz300501,0,0,0
sz300210,4677,0,0
sh600390,0,2214,0
sh601688,28387,69828,929
sz300667,0,0,0
sz000877,71376,21648,0
sz000989,4932,6549,511
sz000925,0,0,0
sh601857,20195,49990,0
sz000948,0,1306,0
sh603738,0,0,0
sh600446,12340,15620,0
sh603859,516,0,0
sh603976,0,490,0
sz000662,0,0,0
sz002175,87708,138271,0
sz002877,38249,59696,2595
sz300522,0,0,0
sz002067,11398,18801,0
sz002061,5083,745,902
sz300329,2996,0,0
sh601021,0,760,0
sz002449,3089,3100,0
sz002379,0,0,0
sz000525,3085,12769,0
sh603083,4663,6599,574
sh600872,10348,12687,0
sz002287,0,0,0
sz300335,1005,5517,0
sz300632,0,0,0
sz300642,0,0,0
sz000651,112700,104986,11476
sz002883,0,476,0
sh600629,0,0,0
sz002038,4203,3582,0
sz002737,597,574,0
sz002383,1266,639,0
sh600090,1531,5114,0
sz002032,232,0,0
sz300046,0,0,0
sz000878,1023,12758,0
sz000573,0,0,0
sz002610,14234,31461,0
sh600648,0,0,0
sh603938,300,1015,0
sh600012,0,1210,0
sh600089,11305,10331,0
sh603798,0,0,0
sh603555,2050,0,0
sh603488,3861,599,0
sz002574,0,1503,0
sz002479,17791,13120,0
sz002084,0,0,0
sz000732,18205,24875,406
sh603685,0,0,0
sh603977,0,0,0
sz002024,113363,115961,1110
sh600824,0,0,0
sh603357,0,1238,0
sh600176,9484,8731,0
sz000782,0,0,0
sz001696,0,0,0
sh600302,0,0,0
sz300226,12183,10334,1062
sh600738,6456,0,0
sz002653,0,0,0
sz000025,4898,4876,535
sz000632,0,0,0
sh601900,0,0,0
sh603990,0,0,0
sz002346,0,652,0
sz002457,9546,17404,2014
sz002081,4457,21961,984
sh600301,0,0,0
sz300731,0,346,0
sz002232,2126,8802,0
sz300663,1284,877,0
sz002473,0,0,0
sz002283,0,0,0
sz300735,2334,4959,0
sz300405,0,0,0
sz000528,47408,74055,1600
sz300024,22210,8001,0
sh600178,0,0,0
sz002481,52503,31363,4202
sh603871,3828,2795,554
sh600661,0,0,0
sh600873,5154,19050,0
sh600897,0,0,0
sz002102,77045,20764,0
sh600088,0,0,0
sz002091,2674,7949,0
sz002015,0,8800,0
sh600781,0,0,0
sz300236,12110,7979,751
sh603358,0,300,0
sh600340,39362,39997,675
sh603063,0,0,0
sz002288,0,4864,0
sz300448,0,0,0
sz002789,269,0,0
sz002688,0,0,0
sh600511,930,1812,0
sz000683,6003,32912,0
sz300376,14633,15400,0
sh601009,40970,62723,0
sz300566,0,505,0
sh603626,2283,4622,672
sz300429,850,503,0
sh603161,1223,0,0
sz002359,1671,950,0
sh603098,0,0,0
sz000821,1526,5128,0
sz000301,3000,6192,0
sz300358,0,0,0
sh600560,1339,0,0
sz300179,0,1600,0
sz000099,0,0,0
sz300346,1600,600,0
sz000967,0,0,0
sh600576,6403,0,0
sz300305,0,0,0
sh600477,5558,4630,1193
sz002132,0,4299,0
sz300476,68260,59875,7955
sh601718,21937,19863,2122
sh603012,0,0,0
sz002406,2181,3700,0
sz000014,0,0,0
sz300216,50690,67728,7182
sh600339,9758,10433,0
sz002820,0,949,0
sh603929,546,954,0
sz002011,9520,1500,0
sh600761,0,1733,0
sh601258,75809,62659,0
sh600801,17112,5244,0
sh603901,0,0,0
sh600352,76372,183699,0
sz002017,0,0,0
sz002349,8352,0,0
sz002320,33223,25448,3137
sz300550,0,0,0
sh600790,11804,4340,0
sz300685,267,481,0
sz000592,16479,25467,0
sz002593,0,0,0
sz300670,0,0,0
sh600233,3058,4608,0
sz002632,0,0,0
sz300723,1536,764,293
sz300715,5497,3398,434
sz002876,1530,342,0
sz002639,6267,3446,0
sz300002,19018,14921,1737
sz002010,0,777,0
sz002888,0,0,0
sz300438,0,608,0
sz002062,2284,0,0
sz300658,0,0,0
sz002560,3162,23632,0
sz300200,0,3137,0
sz002697,9380,13217,0
sh600997,11565,3846,0
sh600774,0,0,0
sz002718,0,0,0
sz300730,14243,18677,885
sz002631,3762,2256,0
sz002728,1774,0,0
sz000603,0,1000,0
sz300486,0,0,0
sz000910,1090,2739,0
sh600132,0,0,0
sz000887,2923,4202,0
sz300442,0,0,0
sh600548,0,0,0
sz002006,2000,0,0
sz300129,0,0,0
sz300709,0,704,0
sz002701,7363,0,0
sz002179,790,2565,0
sz002729,552,0,0
sh601877,22281,26248,967
sz300399,0,0,0
sz002475,13607,22559,672
sh603813,0,0,0
sh600363,0,2568,0
sz000715,0,0,0
sh601058,0,6837,0
sh600559,1119,0,0
sz002884,0,253,0
sz002343,2409,2237,0
sh603031,1660,485,0
sh600215,1006,0,0
sz300195,0,770,0
sh601882,0,1818,0
sh600067,0,4098,0
sh600898,0,1200,0
sz300313,0,0,0
sh601199,0,0,0
sz300606,0,0,0
sh600556,0,0,0
sz002816,0,0,0
sh600489,19847,7403,0
sh601611,0,0,0
sh603768,0,0,0
sh603019,116988,74685,11758
sz002645,503,0,0
sh600517,0,2500,0
sz002282,0,0,0
sz300508,0,0,0
sz300472,0,0,0
sh600590,0,5000,0
sh603833,0,167,0
sh601766,59973,87993,1175
sz002573,6217,12673,0
sh603056,12659,22836,0
sh603360,0,0,0
sz300648,0,0,0
sz000778,11411,38290,0
sh600438,7699,13503,1924
sz300484,0,0,0
sz002862,0,0,0
sh600725,0,0,0
sz000521,0,0,0
sz300102,3291,6257,0
sz300666,3269,7123,0
sz002824,0,0,0
sz300017,158338,288676,6989
sz000850,0,0,0
sz002249,46883,8848,2798
sz002142,12283,14832,0
sz300157,19878,17353,0
sz002152,46019,36301,0
sz002492,0,0,0
sh600379,0,0,0
sh600231,9576,0,0
sz002695,1302,0,0
sh600879,9043,45004,0
sh600826,0,0,0
sz002125,0,0,0
sz002221,11839,5551,0
sh600168,0,0,0
sz300243,0,0,0
sz300079,18974,23496,0
sz300490,0,1675,0
sz002308,0,12692,0
sz000792,119631,79747,7345
sz002790,0,1030,0
sh600973,0,0,0
sz002648,5255,6045,0
sz002235,5919,7221,1837
sh600409,17335,41148,1406
sh603366,0,0,0
sz002204,0,2700,0
sz000799,1962,1205,0
sz300673,0,0,0
sz000633,0,3530,0
sh600660,2080,8155,0
sh603505,1762,2111,0
sh603922,0,0,0
sz300498,18536,12623,0
sh603108,757,0,0
sz002083,0,0,0
sz300338,0,0,0
sz000581,1816,4058,0
sh603506,7691,7276,0
sz002162,0,0,0
sh601600,517103,537963,0
sh600327,0,0,0
sz000915,12364,7002,425
sz000599,0,0,0
sh603028,0,0,0
sh600789,13717,30100,0
sz300680,0,0,0
sz002756,1434,1963,0
sh603608,0,0,0
sz002878,256,919,0
sh600262,0,0,0
sh601360,137150,131512,21749
sz002368,4171,1894,0
sz002315,1351,1374,605
sz002284,0,0,0
sz000503,12987,22009,628
sh600885,642,929,0
sz002100,0,0,0
sz002443,0,0,0
sz000931,0,1600,0
sh600021,0,2131,0
sh603160,541,1018,0
sh600647,0,0,0
sz002681,0,4749,0
sz300111,0,0,0
sz300050,0,0,0
sz300237,3744,4000,6663
sz002215,1450,1516,0
sz300333,5083,11124,0
sz002875,0,0,0
sz000795,3749,13142,0
sz300482,0,0,0
sz300245,11203,3866,0
sz300277,0,8960,1185
sh600917,0,0,0
sz002421,2861,0,0
sh600663,0,0,0
sh603829,0,0,0
sz002843,0,0,0
sz300214,0,0,0
sz300176,164,171,0
sz300177,969,0,0
sz300091,0,2950,0
sh603599,0,0,0
sz300114,998,0,0
sh600405,0,5202,0
sz300187,0,0,0
sh601677,0,800,0
sz300125,0,0,0
sz300008,18681,9581,0
sz002238,0,0,0
sh600817,0,0,0
sz002618,0,4097,0
sh600251,0,0,0
sz000813,0,0,0
sh603966,988,0,0
sz002416,5859,1500,0
sz002367,31398,2349,0
sz002117,601,1492,0
sh601311,0,1010,0
sz300596,0,0,0
sh601866,0,0,0
sz300292,18731,3735,0
sh600020,0,3698,0
sz000679,0,0,1725
sz300297,1400,0,0
sz000530,0,15941,0
sz300150,0,0,0
sz002066,0,0,0
sz300175,0,4439,0
sh600159,0,0,0
sz002303,5224,1898,0
sz300155,0,20103,0
sh603069,0,0,0
sz300599,0,0,0
sz300270,0,3192,0
sz000061,3491,3137,0
sz002322,0,0,0
sh603777,0,0,0
sz002702,0,0,0
sz002267,0,0,0
sh601328,359541,350397,0
sz000738,26590,39045,0
sh601228,16583,11918,0
sz300692,587,1870,0
sz002779,0,0,0
sz002480,6437,5769,0
sz002907,1638,2253,392
sh600865,0,0,0
sz300396,0,0,0
sz002194,2051,8682,0
sh603106,0,0,0
sz300622,468,0,0
sh600598,10893,7924,0
sh600236,0,0,0
sz300035,0,9147,0
sh600068,41218,68551,0
sh600240,1201,1220,0
sz002486,55815,59462,2066
sz002458,9188,7122,726
sh600476,2370,0,0
sz300113,16951,16504,0
sh600125,6457,14306,2142
sz002864,447,808,0
sz002325,0,2700,0
sz300171,0,0,0
sh600386,0,0,0
sz002044,5886,8393,0
sz002394,0,912,0
sh600478,0,19330,0
sh601998,47674,47571,0
sh603458,306,400,0
sz300385,0,0,0
sz300184,23016,13181,0
sh600027,10644,28857,0
sz000960,16343,42869,898
sz000409,2000,0,0
sz000510,0,0,0
sz000402,13957,16812,0
sh603963,362,740,0
sz300532,3123,1911,560
sz300300,0,4539,0
sh600642,0,6454,0
sz300736,0,0,0
sz002570,28270,40131,0
sz000918,0,4900,0
sh603908,0,0,0
sz300256,4165,3801,0
sz000006,49339,61197,0
sz002807,7811,4360,0
sz300108,0,0,0
sz300331,0,0,0
sz300443,0,0,0
sz000036,9801,34176,0
sz002452,0,1723,0
sz002373,12229,27533,1003
sz000661,1282,2343,0
sh603113,0,573,0
sz300244,2550,3164,0
sz002499,2286,606,0
sz300307,0,0,0
sh600680,0,0,0
sh600603,0,0,0
sz000698,0,0,0
sh600901,284328,462270,16479
sz002519,0,1600,0
sz002220,0,0,0
sh603123,0,0,0
sz000611,0,0,0
sz002050,7481,33420,1252
sh603688,0,0,0
sz000677,0,0,0
sz300105,4203,0,0
sh603345,459,390,0
sz000869,0,0,0
sh603238,0,0,0
sh603912,0,0,0
sh600104,26809,29252,597
sz300242,9306,1594,0
sz002027,23679,73853,694
sz000758,1835,4815,0
sh603429,0,0,0
sz300324,7459,6849,0
sz002766,7891,2768,0
sz002880,0,0,0
sh603003,0,1000,0
sh600247,0,0,0
sz002599,0,0,0
sz002667,0,0,0
sz000070,0,0,0
sz300592,0,0,0
sh603023,2233,0,0
sz000695,0,0,0
sh600616,0,1753,0
sh603898,0,400,0
sz300651,0,327,0
sz002615,0,0,0
sh603260,8147,8265,1251
sz300481,0,500,1305
sz002243,0,0,0
sh600199,0,0,0
sh603416,0,876,0
sh603128,8431,6425,0
sh603000,3131,11238,0
sh600828,5618,2940,0
sh600566,1086,733,0
sh600234,0,1848,0
sh600853,0,0,0
sh600641,0,2889,0
sh600677,986,1352,0
sz300140,0,0,787
sh600562,712,1622,0
sh600380,11056,44926,0
sh600810,4724,20880,0
sz002578,4285,3000,0
sz000920,0,0,0
sh603266,0,0,0
sz002119,0,0,0
sh600036,74146,56664,2081
sz300425,0,0,0
sh603757,0,300,0
sz000007,1631,10900,0
sh600455,0,0,0
sh603978,132,241,0
sh603077,5001,24246,0
sz002111,0,0,0
sh601375,3873,11383,0
sz002791,0,0,0
sz002521,11207,1114,0
sh603518,0,0,0
sh601881,5689,26262,0
sz000676,0,0,1010
sz300732,325,1083,0
sh600759,11672,4155,0
sh600958,5348,6010,0
sz002628,0,3000,0
sh600101,0,0,0
sz300527,5562,5103,0
sh601607,5148,3661,0
sz002921,324,0,0
sz000972,0,0,0
sz300232,3651,7793,0
sz002218,0,0,0
sh600038,2300,2618,0
sh603679,0,0,0
sh603199,0,0,0
sz002595,0,0,0
sh601003,1436,10308,0
sz300553,0,0,0
sz000418,900,361,229
sz300579,0,0,0
sh603689,0,890,0
sh603605,0,868,0
sz300431,45370,53173,12074
sz300023,0,0,0
sz300725,867,704,0
sz000150,0,0,0
sh603127,0,0,0
sh603999,0,0,0
sh600421,0,0,0
sz002073,8660,28512,0
sh600369,2363,23209,0
sz000655,0,0,0
sh603726,0,0,0
sh600149,0,0,0
sz000673,29689,10673,0
sz002013,1011,2396,0
sh603258,0,472,0
sz002014,0,0,0
sz300028,2449,7221,0
sz300248,6661,4747,0
sz300449,0,0,0
sh603516,19708,19648,4301
sh600261,0,2107,0
sh600318,0,0,0
sz002332,0,0,0
sz002885,0,0,370
sh600998,1278,3580,0
sh600996,0,0,0
sz002577,706,3781,0
sz000987,4989,2670,0
sz002071,0,5522,0
sh600175,16063,46787,0
sh601717,3513,2008,0
sh600098,0,0,0
sh600638,0,0,0
sz300406,743,0,0
sh600345,0,2519,0
sz002514,0,0,0
sz002838,0,0,0
sz002802,0,0,0
sh600060,51045,21179,0
sz002182,3171,5334,0
sz002040,1926,4780,0
sz300488,0,0,0
sz002659,0,0,0
sh603466,963,4608,250
sz300075,0,2938,622
sh600018,158672,86570,0
sh600037,1859,2783,0
sz000712,937,741,0
sh600196,18710,36363,1652
sz000400,0,3188,0
sz300336,2172,2913,0
sz000430,0,0,0
sz000586,0,0,0
sz000002,22061,38718,821
sz002169,2000,0,0
sh600172,8528,63747,0
sh603228,0,0,0
sh601838,72921,67652,6223
sz000801,4543,13617,0
sh600397,0,0,0
sz300635,0,0,0
sz002683,1354,1360,0
sz300516,0,0,0
sh600277,1826,5039,0
sz002591,0,0,0
sh603838,0,0,0
sz002638,33000,39543,7135
sz300345,0,1888,0
sz002364,1500,1110,0
sz000815,0,0,0
sz002783,0,0,0
sz002231,0,0,0
sz002410,8311,6080,0
sz300073,51047,55246,3848
sz002436,0,0,0
sh601010,0,0,0
sz300641,0,777,0
sh600481,0,3001,0
sz300068,2639,727,0
sz300471,0,4892,0
sh603803,0,0,0
sh600745,449,873,0
sh600359,1446,1880,0
sz002906,0,2874,0
sz002096,0,0,0
sz300716,0,0,0
sz002490,0,0,0
sh600971,1014,2523,0
sz300309,954,1310,0
sh600100,23000,22662,0
sh603018,2269,600,0
sz300427,0,661,0
sz002583,832,9613,0
sz002800,0,0,0
sz300122,1587,3050,0
sz300669,0,0,0
sh600874,12806,39135,1615
sh600588,80606,97983,10177
sh601929,3455,28695,0
sh603198,0,0,0
sz000488,23591,59102,1356
sz000697,811,1997,0
sz000981,0,0,0
sz002620,0,0,0
sz000593,0,0,0
sz300065,881,2106,1415
sz300738,1202,7512,171
sz300109,0,2073,0
sh600126,0,2020,0
sz300533,0,511,0
sh600331,2542,6354,0
sz002123,36617,15619,0
sz300583,0,0,0
sh600903,39156,49720,9740
sz002635,7428,10936,1161
sz002251,13511,7117,0
sz300319,2100,2349,0
sh600908,0,5654,0
sz300247,27052,3762,0
sh603535,0,1038,0
sz300062,0,0,0
sz000876,3777,4822,0
sh603519,0,0,0
sz000926,1049,1000,0
sz300515,0,0,0
sh601012,24812,50535,592
sz300218,0,0,0
sz002601,13239,21860,2668
sh603321,0,0,0
sz300033,2873,5900,448
sz002392,0,0,0
sh600854,0,0,0
sh600006,2073,3000,0
sz300229,1998,721,820
sh600867,3718,4919,0
sh600475,0,0,0
sh600004,2637,2807,0
sh600532,0,0,0
sh600461,0,0,0
sh600645,0,1638,0
sh603225,304,1085,0
sh601899,350205,516789,2654
sz000582,3662,0,0
sh600295,808,786,0
sh600533,17720,95315,0
sh601188,0,0,0
sz002587,0,0,0
sz300546,0,0,0
sh600111,51490,99933,0
sh603196,0,0,0
sh603022,0,0,0
sz300096,6387,1032,0
sh601965,0,0,0
sz300621,0,0,0
sz000413,26108,39367,0
sz002191,3625,5120,0
sz300254,0,0,0
sz000761,9601,13241,0
sz300241,3736,1942,0
sz000523,0,0,0
sh603326,2750,0,0
sz002889,0,0,0
sz002760,3971,1729,0
sz300199,4578,4886,0
sz300012,2736,11582,0
sz000027,1713,0,0
sh600557,768,1079,0
sz002217,24477,8088,0
sz002440,15066,42581,502
sz002086,4195,1482,0
sh603899,500,651,0
sz000526,0,0,0
sz002644,0,5309,0
sh601000,35294,67631,0
sh603993,1496768,989348,38620
sz002094,2069,2203,0
sz300350,2006,0,0
sz000881,0,1877,0
sz000899,0,0,0
sh600538,0,2463,0
sz002736,3473,7539,0
sh600965,0,0,0
sh600739,568,4133,0
sz000055,1751,11857,0
sz300323,12672,7715,0
sz002166,0,966,0
sz002679,0,600,0
sh603017,0,0,0
sh600099,0,0,0
sh603477,0,2473,0
sh603227,2410,0,0
sh603607,0,299,0
sh603166,0,0,0
sz002482,0,0,0
sh603559,4127,8837,0
sh600969,0,0,0
sh600845,3254,5308,0
sz000777,0,1039,0
sz002890,0,0,0
sh600201,3692,6426,0
sz002612,4746,5509,0
sh600594,3860,7454,0
sh600337,0,0,0
sz002528,2338,0,0
sh603043,0,0,0
sh600592,1126,2507,0
sz002108,6852,15876,0
sz002186,0,0,0
sz002192,2419,4659,0
sz300661,0,104,0
sz300466,910,2166,0
sz002636,0,0,0
sh600797,30469,19284,1045
sz000903,0,0,0
sh603595,121,0,0
sz000911,0,0,0
sh600795,51641,74230,0
sz002817,0,400,0
sz002173,0,0,0
sh603985,0,309,0
sz002547,19919,12379,0
sh600156,0,0,0
sh600686,15903,5116,1830
sz300693,1303,286,0
sz300698,6618,7185,0
sz300598,0,469,0
sz002107,0,0,0
sh601005,9462,16673,0
sz300713,0,0,0
sz002536,911,0,0
sz002869,0,0,0
sz300380,3144,1099,0
sh600690,106267,86014,1012
sz300160,0,0,0
sz002039,0,800,0
sh600189,0,0,0
sh600329,0,2316,0
sz000790,12468,22434,0
sh601918,0,7502,0
sz300590,0,500,0
sh603183,0,300,0
sz300296,25505,10270,1003
sh600684,4105,11626,0
sh600152,0,0,0
sz300344,55677,88537,3652
sh600615,0,0,0
sz300154,0,0,0
sh600743,0,0,0
sz300070,9921,15234,1030
sz300531,0,0,0
sz300178,820,0,0
sz000043,0,1592,0
sz000791,5483,6997,0
sh603038,0,0,0
sh603825,386,0,0
sh603816,217,927,0
sh600619,0,999,0
sh600676,0,1691,0
sh600705,45291,18758,0
sh603515,678,0,0
sh600082,0,0,0
sz002682,0,0,0
sh600388,3583,9528,745
sh601886,0,1286,0
sh600831,1826,1324,0
sh603026,5841,12218,0
sz000852,1128,0,0
sz002285,9356,63334,3541
sz300582,0,751,0
sz000863,0,0,0
sz300349,642,279,0
sh603611,1572,0,0
sh603886,0,0,0
sh600613,0,0,0
sh601985,0,16502,0
sz300057,0,0,0
sz000531,0,0,0
sh600732,0,0,0
sh603787,0,0,0
sz000584,0,1436,0
sz000009,36733,43660,0
sz000953,0,0,0
sh600137,958,593,0
sz300492,303,2856,0
sz002317,935,3712,0
sh600193,2199,0,0
sz000923,598,0,0
sz002678,0,0,0
sz002796,0,0,0
sz000518,0,1788,0
sz002586,0,0,0
sh600354,17609,17652,1343
sh600333,0,1700,0
sz300696,0,0,0
sh603232,0,300,0
sz002171,0,0,0
sh600398,12801,24629,2616
sh601339,0,0,0
sh603308,2000,988,0
sh601858,3964,0,0
sh603801,185,0,0
sz300163,8589,19701,0
sh603585,0,0,0
sh600433,12138,3250,0
sh603133,0,0,0
sz300502,1082,1117,0
sh603936,576,0,0
sh600652,47397,59628,0
sz002747,0,3087,0
sz002694,88588,94450,11511
sz002164,0,0,0
sh600549,10807,27544,0
sz000708,0,1210,0
sh600356,0,0,0
sz002680,8914,7794,0
sz002225,0,0,0
sz002517,18020,37740,1938
sh600190,0,0,0
sz002242,1598,0,0
sh600809,2642,7664,0
sz002041,0,0,0
sz002258,0,2431,0
sh603078,283,353,0
sz002415,14139,34973,1237
sz300262,1428,0,0
sz000751,0,5915,0
sz300503,0,0,0
sz000598,3013,13053,0
sz002002,7073,7533,0
sz300581,0,0,0
sh603856,1005,0,0
sh601808,1500,2179,0
sz002390,2040,18687,0
sh600097,0,0,0
sz002360,0,0,0
sh601727,0,5369,0
sz000619,0,0,0
sh600765,1198,2723,0
sh600718,8024,5005,0
sz300166,15773,32117,1696
sz300494,1410,2652,0
sz300209,0,0,0
sh600029,71642,137251,1011
sz000018,1700,0,0
sz002757,0,0,0
sh600367,0,0,0
sh600999,1503,4889,0
sz002229,9937,29136,6374
sz002815,0,504,0
sh603937,682,2147,0
sz002582,0,800,0
sz002026,0,0,0
sz000565,0,0,0
sz002241,41405,68011,842
sh600531,1679,8630,0
sh600737,8050,0,0
sz300211,0,0,0
sz300370,4169,0,0
sz002199,0,0,0
sz002425,2521,2118,0
sh600435,0,6141,0
sz000062,558,2100,0
sz002226,309059,179400,17343
sz300224,7593,1528,0
sz002743,0,2208,0
sh600355,5877,1769,0
sz002811,0,0,0
sz002369,4225,13311,0
sz002855,0,0,0
sz002590,0,0,0
sh600889,2533,0,0
sz002305,0,0,0
sz002476,18458,13837,0
sz000809,0,0,0
sz300044,10900,11286,4004
sz002887,0,148,0
sh603338,0,0,0
sz000819,996,0,0
sz300144,13026,502,0
sh600756,19993,16179,1400
sz300059,467314,403497,16946
sz000979,221995,129512,0
sh600526,0,0,0
sh600891,0,0,0
sz300489,0,0,0
sh600139,5651,20772,2300
sh600239,3679,20577,0
sh600217,1568,3000,0
sz000768,6086,5595,0
sz002190,0,0,0
sz000567,1827,6476,0
sh603578,4705,1121,422
sh601558,7110,0,0
sh600984,2000,3227,0
sz000568,4038,4171,0
sh600529,0,0,0
sz300285,1552,4116,0
sz002786,0,0,0
sz002808,0,0,0
sh600113,0,0,0
sh603767,0,0,0
sz002734,1606,0,0
sh601519,5381,0,0
sz300203,1220,1113,0
sh600284,0,0,0
sz002196,2585,8023,1496
sz300003,15035,13264,630
sh600225,0,0,0
sh600775,0,0,0
sh600754,1078,605,0
sz002008,15616,25542,1498
sz300430,0,0,0
sh600716,4257,11219,0
sz002391,0,903,0
sz300191,2071,1679,0
sz000404,5379,29019,0
sz300733,0,470,0
sz002730,0,0,0
sz002852,0,0,0
sz002511,0,10769,0
sh603909,0,0,0
sz002553,1684,0,0
sh603960,0,0,0
sz002690,0,1000,0
sz300741,3154,5967,709
sh603860,0,0,0
sz300505,0,393,0
sz300457,5626,5097,0
sh600206,13227,23887,0
sz300423,0,0,0
sz002470,6390,2950,0
sz002080,4696,3348,0
sz002657,13640,22531,530
sh603885,0,694,0
sh600415,0,2431,0
sz300630,0,341,0
sh600617,0,0,0
sz000422,0,9247,0
sh603110,0,0,0
sz300573,0,0,0
sz002567,0,4411,0
sh600074,84970,54274,0
sz300332,0,2000,0
sh600403,3000,0,0
sh603569,0,0,0
sz000829,11855,9629,0
sz300660,0,0,0
sh601336,13015,33675,701
sz000719,0,0,0
sz000537,4824,19440,0
sh603686,0,0,0
sz000961,37563,16114,0
sh600702,294,1087,0
sz000513,2784,7345,602
sz300575,0,0,0
sz000936,116627,49706,9833
sz002276,7423,12394,0
sh600770,6360,1473,0
sh601008,10610,5672,0
sz000657,0,0,0
sz002879,859,2092,0
sz300098,3860,4041,0
sz002668,10135,8021,1365
sz300616,196,0,0
sz000520,0,0,0
sz300404,0,0,0
sz002564,0,0,0
sz002529,599,2824,0
sh603369,952,1250,0
sz300585,1034,0,0
sh600371,0,1100,0
sz000060,10992,53199,1034
sz002762,3207,1008,0
sz300417,0,0,0
sz300133,12352,16397,1109
sz002563,1016,0,0
sz002841,365,238,0
sz002089,12222,2006,0
sh600335,1352,6581,0
sz002207,0,0,0
sz002134,0,0,0
sh603698,0,528,0
sh603969,2843,6604,0
sz300359,6560,1578,0
sh600975,10125,8024,1811
sz300453,0,0,0
sz000692,0,0,0
sz002208,15118,19639,895
sz002448,0,1076,0
sz002068,17677,50244,2469
sz002063,29128,24737,910
sz000798,0,0,0
sh600230,5819,5253,871
sh600071,0,0,0
sz300722,1269,993,520
sz300525,0,0,0
sh603568,0,0,0
sz002185,24740,57963,0
sz002189,0,20894,0
sz300551,655,0,0
sz002042,0,1682,0
sh603180,0,91,0
sz300571,1011,151,0
sh600496,0,0,0
sh603789,0,0,0
sz300644,429,2349,412
sh600192,0,0,0
sh603138,549,958,0
sz300030,1500,0,0
sz002165,0,0,0
sh603933,253,0,0
sz002254,12647,2829,0
sh601016,0,3886,0
sz002493,5309,2414,0
sz300174,953,624,0
sh600083,0,0,0
sh603035,0,0,0
sh600961,0,0,0
sz300519,0,0,0
sz002742,31852,10111,770
sz002239,7958,10605,0
sz002154,0,8088,0
sh600495,0,0,0
sh600055,0,2015,0
sz002685,1135,0,0
sh601198,842,3810,0
sh603663,0,0,0
sz002835,0,0,0
sh600620,0,0,0
sz002417,0,0,0
sz000004,1200,1015,0
sh600377,1105,0,0
sh600787,10798,5329,0
sz000553,0,0,0
sz000917,9572,15092,0
sh601208,0,0,0
sz000623,2398,7120,0
sh603997,1058,0,0
sz002544,1646,1006,0
sh603136,0,0,0
sz000969,0,1512,0
sh600350,22612,0,0
sz002909,563,0,0
sz300190,0,0,0
sz000011,0,0,0
sz002712,0,0,0
sz000736,0,0,0
sz300686,0,539,0
sh600983,0,0,0
sh600611,0,5251,0
sh603800,700,0,0
sh600211,0,0,0
sh603298,0,0,0
sz002228,0,0,0
sz002316,1391,2719,0
sh603311,0,0,0
sz300221,11977,3567,0
sz000601,0,0,0
sz000760,9062,4712,0
sh603609,0,0,0
sz300019,14073,6103,0
sz000596,0,0,0
sz002674,0,2100,0
sz002110,13435,15259,0
sz002897,2384,272,265
sz300418,61791,43244,7642
sh603011,0,0,0
sh603399,2000,1612,0
sz002840,1389,0,0
sz002822,1409,3465,0
sh603165,0,648,0
sz002289,0,2563,0
sh603639,0,0,0
sh600882,0,0,0
sh600644,0,0,0
sz300036,0,0,0
sh600289,0,0,0
sh600985,1538,0,0
sz300382,2939,0,0
sh600662,2817,0,0
sz300439,0,0,0
sz002621,0,745,0
sz000417,0,1737,0
sz300005,20775,0,0
sh603305,911,834,448
sz000966,0,0,0
sz002782,0,0,0
sh603388,0,0,0
sh601788,1805,5017,0
sh600844,0,2038,0
sh600500,4208,0,0
sz300026,0,13728,0
sz000933,63673,66871,2632
sh600093,19102,19296,0
sz000957,15502,101427,0
sz002115,0,0,0
sz300720,370,1258,0
sh600780,0,2603,0
sh600258,855,1736,0
sz300440,2392,2192,0
sh600467,3649,3641,0
sh600829,0,0,0
sh600567,117288,259175,0
sh600982,0,0,0
sz002781,1810,2351,0
sz000524,0,0,0
sz000949,0,0,0
sh600057,1314,5023,0
sz002030,0,668,0
sz002138,834,2786,0
sz300597,685,1428,0
sh603178,0,0,0
sh603168,0,0,0
sz002494,1429,0,0
sz002093,1124,1332,0
sz002046,0,0,0
sz002053,0,0,0
sh600523,7057,44261,0
sz300706,2361,361,140
sz000717,88623,62281,0
sz002856,0,0,0
sh600837,10658,33982,0
sh603015,0,0,0
sh600133,0,2699,0
sh603579,341,0,0
sz300517,2952,0,0
sz000882,15079,16461,0
sz300275,0,864,0
sz002181,0,0,0
sh601997,10428,15252,0
sz000990,0,0,0
sz300347,957,260,0
sh600678,0,0,0
sz002131,50446,42363,0
sh603665,0,0,0
sh600976,0,500,0
sh603377,264,1061,0
sh600536,23912,113895,3003
sh600604,1971,6471,0
sz002750,0,0,0
sz300321,0,0,0
sh601211,8095,21406,610
sh603289,0,0,0
sh600966,3728,28547,0
sz300117,3000,12924,0
sz000927,0,5111,0
sh603817,0,0,0
sz300087,0,3587,0
sz002778,0,670,0
sz002543,3492,1446,0
sh601158,0,0,0
sz000637,0,0,0
sh600066,15537,8183,0
sh600313,68425,39957,3409
sh601828,5512,13412,0
sh600803,953,2403,0
sz300613,147,59,0
sz000585,7693,0,0
sh603730,0,383,0
sh600439,0,8448,0
sz300608,0,0,0
sh600146,4410,3465,774
sh603701,616,891,0
sz300647,0,0,0
sh600671,0,0,0
sh601318,152314,242776,18693
sh603496,0,300,0
sh600048,195026,184102,4388
sh600499,66099,60423,1358
sh600017,7554,8785,0
sh600308,0,6971,0
sh600712,0,0,0
sh601390,10724,38821,0
sz002148,1439,10980,0
sz002649,11415,0,0
sh600429,0,0,0
sz000767,0,0,0
sz300251,200064,96681,10945
sh600717,0,3686,995
sz300548,0,0,0
sh600203,0,0,0
sz000830,251133,235590,8846
sh600543,0,1200,0
sz002149,1488,4664,0
sh600267,2418,0,0
sz002399,2303,0,0
sh600395,0,1900,0
sh601699,73834,50271,1191
sz002298,1500,0,0
sh600188,13731,23421,2064
sz300010,2207,3001,0
sz300265,0,0,0
sh601999,0,2119,0
sz002902,0,1083,0
sh603356,45539,64500,8147
sh600979,4862,0,0
sz300695,0,0,0
sh600980,1497,0,0
sh600522,50881,82789,2093
sz300587,0,0,0
sh600596,17817,35202,0
sz000686,0,5234,0
sh600376,0,0,0
sz300066,109980,223811,0
sz300233,0,0,0
sz000670,46094,15820,3895
sz000958,2060,7496,0
sh603197,0,0,0
sz300373,1181,1928,0
sz002088,0,0,0
sh603939,195,0,0
sz300055,0,589,0
sz300637,0,0,0
sh603556,0,0,0
sz000544,0,0,0
sz000615,0,4633,0
sz002319,0,0,0
sz000545,0,2358,0
sz000709,61195,88205,0
sz002608,0,0,0
sz300625,0,0,0
sh603895,4670,6114,1580
sh600184,1000,0,0
sz000100,300781,462331,0
sz300082,0,1851,0
sz300351,2406,0,0
sz002329,6331,3437,0
sz002549,0,0,0
sh600323,0,0,0
sh600836,4065,0,0
sh601006,23633,24020,0
sz002546,11426,8300,0
sh603096,0,269,0
sz000628,3185,0,0
sz300194,0,0,0
sz002302,106116,34392,6931
sz002389,1876,600,0
sz002859,0,1284,0
sz300664,0,5413,0
sh600773,4927,2605,0
sh600740,45567,49449,3372
sh603703,0,3200,3163
sh603955,0,303,0
sz300529,1131,964,0
sz002230,141582,104685,15863
sz300379,0,837,0
sh600319,0,0,0
sz300107,36160,79613,2315
sz000785,0,0,0
sh603826,0,0,0
sz300569,0,0,0
sz300342,0,3392,0
sh601579,0,0,0
sz300069,500,0,0
sh603828,0,0,0
sz300530,0,0,0
sh603189,0,0,0
sh601518,0,0,0
sz000539,0,0,0
sz300149,1429,0,0
sz300311,8773,2663,0
sh600114,0,700,0
sz300610,0,0,0
sz000835,0,0,0
sz002347,0,0,0
sz002497,176785,108725,16043
sz002036,870,5627,0
sz300110,183259,225533,14016
sz000059,5280,20233,0
sz300352,15478,8483,0
sz300628,203,774,0
sh600419,0,0,0
sz300097,508,855,0
sh600535,3273,3743,0
sh600600,3814,2969,1082
sh600981,0,0,0
sz002920,4333,6247,0
sz300013,0,1016,0
sz300708,1013,4685,541
sz002828,0,0,0
sh601789,2824,0,0
sz300366,2494,8785,0
sh603577,0,0,0
sz000088,4855,4866,1323
sz000700,9238,0,0
sh600847,0,0,0
sh603200,0,0,0
sz000680,0,0,0
sz300393,1533,1380,0
sh600223,0,0,0
sz000576,4853,0,0
sz002159,0,0,0
sh600507,21472,28895,831
sz002518,0,0,0
sz000816,697249,689937,16490
sh603181,0,0,0
sz000688,29297,6560,0
sz002643,8755,3336,0
sh600118,1626,5513,0
sh603330,0,0,0
sz002295,0,0,0
sz000153,0,0,0
sh600881,0,2351,0
sz002611,1653,2690,0
sz300541,578,0,0
sz000762,6596,5966,0
sh603766,3205,23288,1596
sh600783,0,795,0
sz000862,11756,0,0
sh600876,5064,1145,1112
sz000158,3356,0,0
sz300169,0,0,0
sz002886,0,0,0
sz300683,0,0,0
sz002500,5241,25140,0
sh603089,0,0,0
sz300687,232,0,0
sh600859,1814,1815,0
sh603126,0,0,0
sh603600,0,0,0
sz002076,56246,102967,3572
sh600436,3467,6572,713
sz300534,9728,32411,2350
sz002922,0,670,0
sh600330,3337,3125,0
sh600252,0,4176,0
sz002214,0,0,0
sz300467,257,769,0
sz000823,12021,12862,3339
sz000889,0,0,0
sh600385,0,0,0
sz300131,0,8119,0
sz002539,0,0,0
sh603359,0,0,0
sz002613,0,0,0
sh603527,0,0,406
sh600491,4032,3684,0
sh600521,9402,5540,0
sz000040,1251,1831,0
sz000410,34120,52637,2783
sz300085,11660,15227,579
sz300688,1097,4019,166
sz300398,0,968,0
sz002537,1502,14091,0
sz300340,5116,4714,486
sh603158,0,0,0
sz002651,86543,73288,0
sh603881,284,2162,0
sh603269,0,459,0
sh600570,70148,42991,6136
sz000627,2004,16310,0
sz300526,0,0,0
sh603906,0,0,0
sz300284,0,0,0
sz300018,5791,0,0
sh603328,900,1747,0
sz000687,0,0,0
sz002895,989,1420,0
sh601636,172463,122513,1794
sz300570,0,0,0
sh601118,82186,25753,0
sz002485,0,0,0
sz002275,0,0,0
sh603329,8833,4865,1441
sz002522,1293,1012,0
sz002116,0,0,0
sh600970,5898,10019,0
sh603322,0,0,0
sz000557,0,0,0
sh601969,0,0,0
sh600096,0,2151,0
sz000937,3509,15218,0
sz300081,9506,3630,0
sh603229,0,0,0
sz002705,4917,0,0
sh600667,5976,15617,0
sh601601,22526,35594,2753
sz300474,3406,1181,0
sz000848,0,1045,0
sz002280,59888,92189,3600
sz000504,900,839,1497
sz002717,776,878,0
sh600805,0,0,0
sz300676,4417,1951,152
sh603331,0,0,0
sz000965,0,5454,0
sh600630,3527,2506,0
sz000151,7421,28083,5574
sz300684,8858,3225,196
sz002845,0,437,0
sz300367,21010,16100,0
sh600584,17732,30841,1016
sz002836,0,0,0
sh600486,0,625,0
sz002801,0,0,0
sz300727,1271,1112,335
sz300511,1180,0,0
sz300701,0,445,0
sz300633,0,908,0
sz300496,15191,5432,551
sh603708,0,0,0
sh603367,0,568,0
sz000595,0,0,0
sh603378,0,0,0
sh603029,0,0,0
sz300378,1533,2560,2020
sz000938,11269,10050,534
sz300600,0,0,0
sh603389,1300,0,0
sh600681,4645,0,0
sz002318,4720,16901,0
sz002454,5542,2869,0
sz300326,0,1608,0
sh603365,0,0,0
sz002605,0,0,0
sz002831,0,0,0
sh601001,0,6394,0
sz000737,0,0,0
sz000681,5365,6833,0
sz002731,0,0,0
sh600008,6961,36950,0
sz000591,0,7170,0
sz300487,5036,13393,1024
sh600688,7457,13590,0
sz300384,0,0,0
sz002825,1226,0,0
sh601186,12095,13210,1138
sh603306,0,0,0
sz000685,0,2942,0
sz300120,0,0,0
sh603996,4180,900,0
sh600936,0,0,0
sz002210,1000,859,0
sh600825,0,0,0
sh601966,0,562,0
sh600749,0,800,0
sz002526,0,0,0
sh600091,0,0,0
sz000973,22055,1985,0
sh600509,0,3053,0
sh600256,49453,8868,0
sz300565,0,0,0
sz002012,15500,16591,0
sz002535,5886,0,0
sh600272,0,1200,0
sh600601,0,13853,0
sh600993,0,854,0
sz002428,1062,3525,0
sz002453,0,0,0
sh603588,0,1838,0
sz000333,93209,90065,5125
sz002049,77835,72710,9200
sh603316,0,0,0
sh603988,351,948,0
sh603616,12889,14466,912
sh600791,0,2373,0
sz002160,0,1850,0
sz000922,0,0,0
sh601155,32082,27939,1426
sh600138,1269,4242,0
sz300301,0,0,0
sz002928,10257,13431,1344
sh603050,586,0,0
sz000017,0,0,0
sz002402,5964,28866,0
sh603868,0,0,0
sz300415,751,3095,0
sh603339,501,0,0
sh600129,0,0,0
sh603383,0,786,0
sh600219,15439,92487,0
sz002916,18035,24448,3446
sh601163,0,0,0
sz002435,0,1115,0
sh603890,388,0,0
sz002508,7269,8443,0
sz002106,0,0,0
sh603499,1346,876,0
sh600480,0,2000,0
sh601933,59210,122487,1135
sh600744,0,3871,0
sh603080,0,958,0
sz002294,301,4117,0
sz300130,1445,423,0
sz300400,0,0,0
sh600119,1000,1494,0
sh600408,0,0,0
sz300099,0,30645,0
sz000776,10573,27935,0
sh603239,0,0,0
sh600280,5892,10529,0
sh600812,0,0,0
sh601919,6862,22729,0
sh601890,0,0,0
sh600366,0,8040,0
sz002016,3584,10574,864
sh600135,0,1166,0
sh603456,3028,593,0
sz002600,10290,39547,0
sh600766,0,3932,0
sz300495,6360,4993,0
sz300119,0,0,0
sh603916,0,964,0
sh601019,3352,1059,0
sz002029,0,1400,0
sz000955,0,0,0
sz300106,0,0,0
sz002687,0,0,0
sh600689,0,0,0
sh603919,0,0,0
sz000607,0,0,0
sh600493,0,0,0
sz002127,5454,9615,0
sz002749,0,0,0
sz002666,96268,134504,0
sz000718,0,0,0
sz000928,14772,2079,0
sz002141,0,0,0
sz300389,2764,0,0
sz000652,0,10000,0
sh600022,102600,200140,0
sh600857,984,0,0
sh603637,0,0,0
sh601377,7904,9583,0
sz300253,12132,16961,0
sz002495,0,0,0
sz002376,17115,7776,0
sh600830,0,0,0
sh603040,0,0,0
sz002378,0,1518,0
sh603103,446,1770,0
sz000572,7215,0,0
sh600802,0,0,0
sz002646,0,0,0
sz002589,10351,5635,0
sh600723,0,0,0
sh600587,0,0,0
sh601958,32542,11598,0
sz002277,11386,0,0
sz002439,6856,4327,565
sh603617,0,0,0
sz002585,0,3378,0
sz000831,1006,12567,0
sh600011,1466,12753,0
sz300041,0,1000,0
sh600551,0,1012,0
sz000403,350,0,0
sh600246,4486,0,0
sh603300,0,0,0
sz002216,0,0,0
sh601100,2287,1831,0
sz300165,0,0,0
sh600793,0,0,0
sh600848,6704,1532,0
sz002338,1000,0,0
sz000065,0,1061,0
sh600545,5861,10298,0
sh600771,2728,1599,0
sz000807,53248,134098,0
sh603268,0,0,0
sz300298,4827,0,0
sh603336,0,0,0
sz000861,0,0,0
sz300627,0,0,0
sh600649,0,3000,0
sz000859,0,0,0
sh600636,0,0,0
sh600888,1752,2609,0
sh600173,0,0,0
sh600719,0,0,0
sz300584,0,254,0
sz002352,0,737,0
sz002853,425,0,0
sz300009,8559,14521,673
sh600328,0,1015,0
sz002170,3191,0,0
sh600886,24813,8193,0
sz300080,0,0,0
sz000800,18272,9567,1029
sh600070,0,0,0
sz000010,5926,2575,0
sz002868,0,0,0
sh600501,0,0,0
sz002007,4184,1975,0
sh603809,0,0,0
sz000426,17886,14159,990
sh600651,16048,7071,0
sz300188,4098,5906,0
sz300052,1483,2777,1222
sz300619,0,1598,0
sz300554,0,0,0
sz002832,0,0,0
sh600075,6118,0,0
sz000839,121080,79258,1338
sh600577,47957,91393,14724
sz002444,4356,0,0
sz300643,0,1000,0
sh600699,6688,10775,314
sz300403,0,0,0
sz000978,1580,0,0
sz002411,1603,707,1226
sz002510,5583,6740,0
sh600078,2112,0,0
sz000039,9946,24695,652
sh600151,12516,0,0
sh600136,0,3940,0
sz000828,5255,2000,0
sh600062,3814,5674,0
sz300420,8116,5596,2804
sh600579,3816,13214,0
sz002118,7875,5187,0
sz002614,0,490,0
sz002568,0,0,0
sh603368,0,0,0
sz000529,1671,0,0
sh600497,19744,19951,0
sz002819,0,0,0
sz002927,26784,73971,7276
sh603039,600,162,0
sh600183,8904,11942,0
sz002581,37918,14915,2881
sh600281,0,0,0
sz002136,0,3532,0
sz002658,0,977,0
sz002441,1431,0,0
sz300249,4979,0,0
sh600373,2675,1718,0
sz000558,17026,68230,0
sh600208,64798,59974,0
sz000885,1619,835,0
sz300700,490,1438,0
sh601200,1466,3132,0
sh600757,0,0,0
sh600687,1000,0,0
sz300705,0,0,0
sh603333,0,0,0
sz000554,0,1617,0
sz300201,2016,0,0
sz002344,0,9238,0
sh600198,1251,5601,0
sz000921,0,6507,0
sz000517,17670,5028,0
sz002602,0,799,0
sz300279,0,1112,0
sh600209,5200,18874,0
sh600463,1000,0,0
sz300377,149704,105362,14922
sz300469,0,0,0
sh601800,847,11483,0
sz300306,0,1631,0
sz300512,0,0,0
sz002558,0,1499,0
sz000571,0,0,0
sz000723,11777,25970,0
sh600537,10965,6229,3555
sh600675,0,2054,0
sh600053,0,0,0
