sh600841,0,0,0
sh603959,0,0,0
sh601898,0,2740,0
sh600320,0,0,0
sh603668,0,0,0
sz000541,1455,1782,0
sz300180,800,0,0
sz001979,13128,44219,2179
sz002214,2715,0,0
sh600487,13134,35431,2424
sz300267,67427,29273,0
sz002239,0,5000,0
sz002798,0,0,0
sh603888,0,487,0
sz002253,0,0,0
sh600132,0,1100,0
sz000571,0,0,0
sh600197,2082,11241,0
sz002606,3672,11021,0
sz002454,0,0,0
sz300700,1035,0,288
sz002234,0,0,0
sh600861,1321,0,0
sz000613,3962,0,0
sz300185,5997,0,0
sh603315,0,0,0
sz000158,11747,9643,0
sz002816,0,0,0
sz000581,481,3036,0
sz000936,11664,2824,0
sz300619,0,0,0
sh600129,0,0,0
sh601328,155517,164148,0
sz300535,0,0,0
sh603330,0,0,0
sz002769,5258,3737,0
sh603041,0,0,0
sz300650,777,237,297
sz300404,0,0,0
sz000661,1264,833,0
sz300497,0,0,0
sz300540,0,0,0
sh601801,0,0,0
sz300282,0,0,0
sh603088,0,0,0
sz002077,0,0,0
sh600655,0,0,0
sz002061,730,0,0
sz300660,0,0,0
sh600748,0,0,0
sz002677,0,5566,0
sz000698,14325,0,0
sz300181,5682,4271,0
sh600594,8456,37628,3814
sh600792,0,0,0
sz002910,6787,7725,0
sz002506,5873,12517,0
sz000955,0,1632,0
sz000488,1598,16982,0
sh600850,663,0,0
sz300054,14023,4243,0
sh600361,10034,0,0
sh600729,5554,6336,1089
sh600497,94271,51181,2518
sz300313,0,0,0
sh601002,0,4606,0
sh600385,0,0,0
sh600093,7835,1535,0
sh600475,0,0,0
sz000705,0,0,0
sh600817,0,0,0
sh603993,580939,616795,8701
sz002926,11991,52013,0
sz002678,0,0,0
sh600844,0,0,0
sh600388,0,3866,0
sh601366,15558,4447,0
sz300153,0,0,0
sh600480,8466,4235,852
sz000166,11225,24511,0
sh603069,2245,0,0
sz002741,0,0,0
sh600969,0,0,0
sh600311,0,2755,0
sh600888,0,0,0
sz002755,0,0,0
sz300069,800,0,0
sz002681,1000,1943,0
sz002399,1333,800,0
sz002807,2014,0,0
sz002251,17342,8678,1074
sz002080,5823,6483,685
sz002881,0,0,0
sh600595,0,2650,0
sh603559,4015,1404,0
sz002105,0,0,0
sh603226,0,0,0
sz002758,0,0,0
sz000813,0,1515,0
sh600109,1817,1368,0
sh600249,3252,12830,2510
sh601166,193185,220163,4512
sz002440,3012,12433,1100
sz002359,1452,1740,0
sz300172,0,0,0
sh600178,11859,32070,1870
sz300252,0,0,0
sz300021,3042,1947,0
sh600998,1323,610,0
sh600602,0,0,0
sh601798,0,0,0
sz002643,0,1200,0
sz002541,0,0,0
sz300216,51291,40497,3046
sz002333,0,0,0
sh600405,0,5199,0
sh600199,0,0,0
sz300428,0,0,0
sh603326,0,0,0
sh600593,0,0,0
sz000833,0,0,0
sh600396,5008,3581,0
sz002066,969,7287,0
sh603337,209,200,0
sh600422,0,7409,1734
sh600518,4875,8219,0
sz002731,0,0,0
sz002033,0,0,0
sz002224,1832,7703,0
sh603619,6063,3109,0
sh600673,49572,62866,0
sz002742,301659,48830,7147
sz300017,95249,99454,4463
sz002348,0,0,0
sh603108,2300,3239,0
sz300155,0,1743,0
sh603001,0,0,0
sz300151,0,0,0
sh600884,9093,10427,0
sh600406,49960,51106,4199
sh600917,0,0,0
sz300147,0,0,0
sh600796,0,0,0
sz300473,0,0,0
sh601188,0,0,0
sz002523,0,2684,0
sz002052,0,3013,0
sh603711,0,0,0
sz002311,4412,1592,0
sz002773,0,1123,0
sz300059,319435,270444,10237
sh603860,0,0,0
sz300501,0,0,0
sz000895,5148,18239,413
sz300571,612,490,0
sz000810,5150,9558,0
sh600983,0,0,0
sz300452,0,0,0
sh600686,0,810,0
sz002055,777,3743,0
sh603363,3276,1230,0
sh600827,4513,1051,0
sz002021,2800,0,0
sz002353,2480,2136,0
sh600074,0,9346,0
sz300159,454262,38862,0
sz000959,0,0,0
sz000987,2453,6114,0
sh600528,0,856,0
sz002132,0,3300,0
sh600680,0,0,0
sz002761,3988,4599,0
sz000777,1404,0,0
sh601949,0,3000,0
sz002577,0,710,0
sh600895,2018,4029,0
sh603022,0,0,0
sh600493,0,0,0
sz000665,960,6316,0
sz002280,0,7215,0
sh603031,0,1000,0
sz000818,1101,3211,0
sz300176,97,423,0
sh600900,0,14852,0
sz300387,0,0,0
sz002044,6798,5569,0
sh603903,0,0,0
sz002827,0,805,0
sz300036,9438,3059,0
sz000026,0,0,0
sh600336,0,0,0
sz300231,53033,180063,1345
sz002636,0,2320,0
sh600007,0,0,0
sh603926,0,0,0
sh601595,0,0,0
sz000673,167765,40699,0
sz002660,0,0,0
sh600210,7709,27963,0
sz002841,0,280,150
sh600738,0,0,0
sh603386,0,698,0
sz002929,38217,12222,2415
sz300532,8233,4826,0
sh603556,0,0,0
sz000615,0,2739,0
sz000639,1707,1000,0
sz300583,0,0,0
sh600845,2646,4297,0
sz002479,3022,2716,0
sz000759,12666,7048,0
sh601211,4747,7025,841
sh600540,0,0,0
sz300448,1299,1139,0
sh600287,1645,0,0
sz300195,0,0,0
sh600162,0,0,0
sh603991,0,0,0
sz002820,0,1027,0
sz300012,17485,19408,0
sh603196,0,0,0
sh600495,0,2956,0
sz000898,4490,17721,0
sz000717,7337,38714,0
sz000088,0,4696,0
sz002538,9211,3010,0
sz300221,3523,1704,928
sh600652,11932,7974,0
sz002448,0,0,0
sz300620,305,0,0
sz002291,0,0,0
sh603663,0,0,0
sh601929,0,9855,0
sh600718,743,774,0
sh600082,1811,2268,0
sh600322,3801,0,0
sz000915,416,500,0
sz002157,0,2192,0
sz002821,1084,1068,806
sz300133,14948,19211,1890
sh603319,0,692,0
sz000836,0,0,0
sz002480,0,1320,0
sz300196,0,0,0
sh600202,3296,2838,0
sh600694,521,360,0
sz300083,0,11915,0
sz000973,11535,4057,0
sh600583,23280,20300,4881
sz300740,11402,11992,845
sh603019,73556,58193,5007
sz000839,12754,35496,0
sh603858,1680,1621,317
sh600747,4946,0,0
sz000419,3667,0,0
sh600726,11078,5154,0
sh600460,77410,83367,1994
sh600584,23377,32857,803
sz002737,0,1245,0
sz000790,8995,26693,0
sh603098,0,0,0
sz300476,54413,53137,783
sz000582,0,0,0
sz300423,803,0,0
sz300183,0,0,0
sh600220,13298,0,0
sh600058,0,1000,0
sh600791,0,0,0
sh600685,9114,20542,1874
sh603776,385,804,0
sz002792,0,0,0
sh601900,0,0,0
sz002587,0,0,2468
sz002443,0,1238,0
sz002467,0,1836,0
sz000970,13907,10237,0
sh600018,16431,58370,0
sz002882,0,0,0
sz300292,0,0,0
sz300729,0,0,0
sh603809,0,0,0
sz300493,0,0,0
sh601069,47315,42581,8320
sh600112,0,0,0
sh600830,9049,1643,1402
sh603898,0,420,0
sz002672,1800,852,0
sh600277,0,0,0
sh600577,4833,49340,0
sz002877,4185,6890,625
sz000952,0,0,0
sz300164,1652,2737,0
sz002811,0,0,0
sz000630,16803,7035,0
sh600009,6626,2227,0
sh600909,0,7255,0
sz002536,0,760,0
sh603223,0,0,0
sh600409,5621,5209,0
sz001896,4740,0,0
sh603316,0,0,0
sh600975,6000,0,0
sz300494,2988,0,0
sz002003,0,0,0
sz002488,0,0,0
sh600185,2279,0,0
sz002417,2551,1963,0
sz000338,16393,35735,1257
sh601126,0,0,0
sh603838,0,0,0
sz300298,615,1246,0
sz300194,0,0,0
sh600359,0,0,0
sz300548,0,0,0
sz000780,0,0,0
sz000919,0,1300,0
sh600227,11008,7576,0
sz002334,0,0,0
sz002290,0,0,0
sh600580,1513,13786,0
sh600276,16773,18752,2293
sz300496,8608,1278,0
sz000428,4085,0,0
sh600693,0,0,0
sz002555,5569,2421,1114
sz300027,22002,42798,0
sz002137,51343,84915,8433
sz002679,0,0,0
sz300220,0,0,0
sh603618,0,0,0
sz300460,0,0,0
sh601108,13662,15033,616
sz002771,4062,5990,0
sh603197,0,258,0
sh601336,62887,82383,4171
sz002139,1150,4070,0
sz002228,0,0,0
sz300500,0,0,0
sz300667,262,253,0
sz000685,0,0,0
sh600624,13991,3055,0
sh600779,1673,3503,0
sz002903,2087,1426,312
sz002231,0,0,0
sh603960,0,0,0
sz300099,28334,1579,0
sh600749,0,0,0
sz300550,0,0,0
sh603686,0,500,0
sz300263,0,2000,0
sh600079,4611,25853,0
sz000906,0,0,0
sh603999,0,0,0
sh600462,62120,119886,2079
sh600130,1804,2090,0
sh601088,18579,30103,619
sz002501,0,1309,0
sz300018,0,0,0
sh603359,0,0,0
sz300575,0,0,0
sz300715,940,1499,0
sh603861,0,0,0
sh600704,2011,1846,0
sh600410,22101,31019,0
sh603203,0,0,0
sh603059,8706,8519,3130
sh600190,0,0,0
sh600282,25195,48978,0
sh600889,0,0,0
sh603738,0,20698,0
sh600235,0,1749,0
sz002483,0,0,0
sz002171,36836,7162,1624
sh600192,2043,8141,1514
sh603444,89,76,0
sz002478,0,0,0
sz300129,0,0,0
sz000711,886,0,0
sh601009,32064,60056,0
sz002222,3307,3360,0
sz300595,0,0,0
sz300068,718,1810,0
sz000990,0,0,0
sz300645,321,0,0
sz000048,0,0,0
sz002915,762,292,0
sz002847,3426,6437,0
sh603299,3339,1709,0
sz000416,0,2000,0
sz002108,2236,5303,0
sz002180,0,985,0
sh600530,0,0,0
sz002513,0,0,0
sz002703,1650,0,0
sz300046,0,0,0
sz002510,0,5988,0
sh600308,0,3653,0
sh600573,1630,0,0
sh600247,0,0,0
sz300092,0,0,0
sh600959,0,0,0
sz300490,0,0,0
sz000596,491,305,0
sh600833,3199,7342,1251
sz000697,0,716,0
sh600061,825,2543,0
sh603883,558,701,0
sh600271,11406,22096,586
sz300389,0,0,0
sz000859,2972,0,0
sh603676,3887,5747,0
sz002001,16375,28704,690
sz300470,0,374,0
sz002421,5264,5020,0
sh600597,1180,2127,0
sz002029,0,1500,0
sz002542,0,0,0
sz000968,0,0,0
sh603339,1693,0,0
sh603813,0,0,0
sh603239,0,0,0
sh600585,32173,46467,0
sh603081,0,0,0
sz002912,252,485,83
sz002833,0,0,0
sz002597,3470,7282,0
sh600963,3487,0,0
sz000662,0,0,0
sz002802,0,0,0
sz002364,0,0,0
sh603798,0,0,0
sh603929,508,2096,741
sh603198,0,0,0
sh603269,771.0,1679.0,0.0
sz000063,43813,64765,1448
sz002631,1091,5060,0
sh600262,3082,0,0
sz300538,0,0,0
sz002277,17392,1975,0
sz002785,1290,1344,0
sz002899,0,0,0
sz000761,0,13610,0
sh600561,0,0,0
sh603636,5635,3121,0
sz002865,0,660,0
sz000700,0,0,0
sz300339,13235,0,0
sz002700,0,0,0
sz000860,0,731,0
sz002051,0,1494,0
sh600329,0,0,0
sz000910,1026,1035,0
sz000905,2329,0,0
sh603698,0,0,0
sh603367,1173,6013,0
sh600997,0,0,0
sz000609,0,0,0
sz300305,0,0,0
sz300063,2000,1973,0
sh600782,13130,17592,0
sh600391,0,1778,0
sz300243,0,0,0
sz300739,1155,0,0
sz000598,6860,0,0
sz002250,0,0,0
sz002724,0,0,0
sz300515,0,0,0
sh600265,0,0,0
sz000869,566,478,0
sz002884,0,0,0
sh600415,39012,14134,0
sz300626,0,0,0
sh601098,0,0,0
sh600696,0,0,0
sz300534,0,0,0
sh600979,0,0,0
sh600520,27048,43222,2008
sz002120,0,0,0
sh603660,0,0,0
sz300333,0,0,0
sz300286,0,0,0
sz000693,0,0,0
sh603050,0,0,0
sh603980,749,2622,881
sz002887,0,0,0
sh600281,0,0,0
sz002167,1123,1627,0
sz002299,0,0,0
sh600289,0,0,0
sz300362,919,0,0
sz300686,2508,8626,0
sh600654,0,0,0
sz000807,47309,25101,0
sz000060,11068,13637,0
sz300376,1665,6007,0
sz002853,0,0,0
sz002131,185766,82150,0
sh603737,0,0,0
sz300644,0,0,0
sh600119,11958,18465,0
sh600288,5472,0,0
sh600665,0,0,0
sz000837,0,5156,0
sh601588,2802,0,0
sh600510,0,0,0
sh600436,2821,6361,377
sz000949,0,0,0
sz300385,0,0,0
sh600606,148652,123765,3388
sz300276,0,0,0
sh601858,0,0,0
sh600635,94962,23752,3761
sz002332,0,0,0
sh603000,11918,893,0
sz300547,0,0,0
sh603801,0,0,0
sz300354,0,0,0
sz002487,0,0,0
sh600479,0,0,0
sz002472,0,1536,0
sh600551,0,0,0
sz002547,17962,12773,0
sh601186,7726,12622,0
sz300165,0,0,0
sh600081,0,0,0
sz002533,0,0,0
sh603368,453,0,0
sz000037,0,0,0
sh601878,803,6894,0
sz002200,0,0,0
sz300602,0,716,0
sh603268,0,0,0
sz300349,0,0,0
sh600379,0,0,0
sz002328,0,0,0
sh600563,0,1889,0
sz000918,0,0,0
sz002292,0,0,0
sh600560,14590,23620,0
sz002897,0,0,0
sz002808,0,0,0
sz002868,0,0,0
sz000502,0,0,0
sz002261,21572,3219,0
sh603177,0,0,0
sz002009,758,1449,0
sz002148,22432,2002,0
sz000691,0,0,0
sz300125,0,0,0
sz000153,0,0,0
sh600252,13149,34299,0
sz300247,16906,25834,0
sz001965,1002,1617,0
sz300177,988,0,0
sz300375,0,0,0
sh600000,19397,20492,0
sh601226,0,0,0
sz000607,0,0,0
sh600879,1871,15168,0
sz300170,12229,26459,0
sz300466,2167,3335,0
sh600758,0,0,0
sz002465,2320,10171,0
sz300628,729,171,0
sz002468,8318,3151,0
sz002188,0,0,0
sz000951,0,0,0
sz300707,1041,1852,0
sz000504,0,0,0
sz300114,0,1003,0
sz002223,14118,6491,1088
sz300340,0,442,0
sz002813,466,0,348
sh601689,1561,1841,0
sh601128,0,1733,0
sh600637,733,4486,0
sh600215,0,0,0
sz002824,0,0,0
sh603615,0,0,0
sz300271,4383,9917,0
sz002680,2116,11004,661
sh600433,0,3708,0
sh600201,0,1464,0
sz002888,0,0,0
sz300402,0,0,0
sh600617,0,1499,0
sh600481,0,0,0
sh600781,700,0,0
sh603040,0,0,0
sz300300,5908,21839,1688
sh600808,7386,25117,0
sh600239,0,6801,0
sh600186,0,0,0
sz300052,3930,2180,0
sh600668,0,664,0
sz300143,0,0,0
sz300717,0,0,0
sz002459,0,0,0
sz002101,0,0,0
sh603188,0,0,0
sz002630,1162,0,0
sz002144,0,0,0
sh601006,25616,14954,1325
sz300719,701,5877,0
sz000045,4887,1240,0
sh600677,6367,2597,0
sh600486,0,425,0
sh600613,0,0,0
sh601008,0,0,0
sz002242,0,2120,0
sh603557,1388,0,0
sz000524,0,0,0
sz000622,3129,0,0
sz300023,1847,0,0
sh600259,510,0,0
sh600548,1260,0,0
sz002007,595,3219,0
sz300251,20224,22317,0
sz300256,2207,1768,0
sz002064,0,9072,0
sh600839,4408,40889,0
sz300191,702,600,0
sz300171,0,0,0
sz002600,1402,9040,0
sz000852,0,0,0
sz300131,14567,1714,0
sh603585,0,0,0
sz002308,0,1031,0
sz002129,75414,30488,0
sz002420,0,0,0
sz000059,2969,7149,0
sz002503,0,2369,0
sh600090,3790,8419,0
sz000554,17160,36402,0
sz000400,7690,3148,0
sz002145,0,2960,0
sz300615,0,0,0
sh603385,0,0,0
sh600750,494,4788,0
sz002246,12968,1865,0
sz002115,0,0,0
sh601766,74184,53083,0
sh600740,4150,11392,0
sz002243,0,0,0
sh600596,6427,9655,0
sh600353,1900,0,0
sz300558,1033,0,0
sh600377,1096,0,0
sz300316,14594,16260,671
sh603110,0,0,0
sh603208,0,0,0
sh600650,1630,713,0
sh600552,0,0,0
sz300467,0,0,0
sz002086,11933,11835,1866
sz300431,8020,9745,949
sz002747,0,0,0
sz300190,0,0,0
sz300193,0,0,0
sz300295,3552,1412,1432
sz300204,0,0,0
sz000404,0,0,0
sz002779,0,0,0
sh600712,0,0,0
sz300539,0,0,0
sh600250,0,0,0
sz300244,0,603,0
sh600085,420,2751,0
sh603165,0,0,0
sz300074,0,0,0
sz300110,4819,14567,1592
sz000576,0,0,0
sz002777,3009,0,0
sh603688,0,0,0
sh603006,0,0,0
sz002179,2780,3011,0
sh603383,233,0,0
sz000948,0,0,0
sz002893,0,0,0
sz000886,29914,20486,0
sz002870,13724,6251,756
sh600075,0,0,0
sz002173,0,0,0
sz300123,0,0,0
sz300222,1620,1000,0
sz000938,3800,3895,160
sh603232,0,0,0
sz002548,0,0,0
sh600990,190,200,0
sz002625,0,891,0
sz000655,0,0,0
sz002895,590,0,0
sz300480,0,0,0
sz300363,0,1065,0
sz002729,0,0,0
sz300683,0,0,0
sz300368,0,0,0
sz300359,4966,0,0
sh603990,0,0,0
sz300095,0,0,0
sz002806,0,0,0
sz002409,516,1227,581
sz300065,1037,2593,0
sz000510,0,0,0
sz300551,0,0,0
sh600517,4706,8177,0
sz300520,0,694,0
sz300738,2339,954,278
sz002783,0,0,0
sz002325,0,3341,0
sh600882,0,0,0
sz002078,6162,20787,0
sh603111,0,0,0
sz002181,0,0,0
sz002412,0,0,0
sz300521,5965,2315,0
sz002396,14789,6344,953
sz300461,0,0,0
sz300135,0,4954,0
sh603133,517,0,0
sz300488,0,0,0
sz300528,0,0,0
sz002734,500,0,0
sh601992,12437,24075,0
sh601020,0,0,0
sz000712,1625,2856,0
sz300079,0,10423,0
sz002024,649530,254517,3742
sz300679,0,122,0
sz300261,0,0,0
sz002344,3512,0,0
sh600836,0,2730,0
sz002673,1129,8887,0
sz300117,0,0,0
sh600697,0,0,0
sz300725,605,1075,150
sz002249,0,0,0
sh600099,20418,28542,2015
sh600605,3227,0,0
sh603868,0,0,0
sz000723,73282,15543,0
sh600692,1616,2645,0
sh600980,936,0,0
sz000928,1701,2494,0
sh600892,0,0,0
sh600664,2204,7004,0
sh600039,0,0,0
sh601360,9534,21019,1301
sz002626,3174,2352,0
sz300279,0,0,0
sh600295,0,1405,0
sh600010,18941,85662,0
sz300405,0,0,0
sz000155,3018,11245,0
sz002686,0,0,0
sz300309,500,0,0
sz300439,0,0,0
sh600567,17858,24182,0
sz002781,0,0,0
sh603617,2608,514,0
sz002343,0,716,0
sz300442,0,0,0
sz002414,0,0,0
sh600088,8255,9868,1132
sz000677,0,0,0
sz002182,1620,0,0
sh600048,175280,316323,10093
sz002614,1239,0,0
sz002826,2139,635,0
sz002014,0,0,0
sh600143,5393,1809,0
sz002406,2120,0,0
sz300269,0,0,0
sh600630,19330,5759,1130
sz300288,420,1085,0
sh600077,0,0,0
sz002920,1632,728,0
sh600891,0,0,0
sh601398,467282,646547,0
sh600732,0,0,0
sz300168,39254,61870,9842
sz300342,0,0,0
sz000751,2111,6502,0
sz002265,50199,78445,2015
sz000768,30634,21258,2336
sh603685,0,0,0
sh603035,0,0,0
sh600366,1200,2724,0
sh600067,0,2068,0
sz000007,0,1946,0
sz000718,3920,0,0
sz002474,5812,10290,0
sz000822,1222,1500,0
sz300606,0,0,0
sh601015,0,0,0
sh600419,0,0,0
sz002751,1367,0,0
sh600578,0,0,0
sh601998,46811,72895,0
sh600764,450,2000,0
sz002502,7002,0,0
sz300234,0,0,0
sz300210,0,0,0
sz300320,0,0,0
sz300437,0,0,0
sz002114,0,0,0
sz300696,191,0,0
sh603528,0,0,0
sz002053,0,956,0
sz002432,0,0,1417
sz000821,9625,17268,0
sh600426,11254,7915,0
sh600536,3416,2299,0
sz002832,0,0,0
sz000509,15348,41484,0
sz000980,0,1000,0
sh600232,0,0,0
sh603466,6121,19108,230
sz000631,0,0,0
sz002489,0,0,0
sh600246,0,0,0
sh603333,0,0,0
sz300082,0,0,0
sz300509,5476,2491,0
sh600103,0,16959,0
sz002336,0,0,0
sh600885,269,536,0
sh600097,0,0,0
sz300605,0,0,0
sz002913,0,0,0
sh600675,0,0,0
sh600643,0,4982,0
sh600687,5111,0,0
sh600676,1810,5000,0
sh600699,4041,5484,0
sz002668,3440,3892,0
sh601369,0,5500,0
sz300407,0,0,0
sz002453,0,0,0
sh603238,0,0,0
sz300589,0,1770,0
sz002689,0,0,0
sz000778,2000,33239,0
sz300523,0,0,0
sh600216,10613,15562,0
sz300663,6196,1607,0
sz002329,19035,4149,0
sz300403,0,0,0
sz000858,66693,84334,7420
sz002856,0,0,0
sh600318,0,908,0
sh601288,1304440,1451418,0
sz300647,1076,452,0
sz002159,600,0,0
sh600400,1491,4255,4213
sz000682,0,0,0
sz300163,0,0,0
sh603895,0,601,0
sh603018,0,0,0
sh600195,746,2663,0
sh600746,0,0,0
sz002385,3864,15074,0
sz002511,2010,801,0
sz002374,0,0,0
sz002441,0,0,0
sh600321,0,0,0
sh600151,0,0,0
sz300642,0,0,0
sh603855,0,0,0
sh603567,0,0,0
sh600766,2373,0,0
sh603566,0,0,0
sh600604,14777,4786,0
sh600398,10281,9840,0
sz300514,0,0,0
sh603323,0,0,0
sh600506,0,0,0
sh600392,29459,21122,1846
sz300693,0,0,0
sh603568,0,0,0
sz002430,744,1624,0
sz300142,8407,19889,0
sh601225,39366,51067,0
sz000401,11520,11003,793
sz002172,25743,2043,0
sz002380,0,0,0
sz000628,0,1439,0
sh600966,0,8163,0
sh601177,0,0,0
sh601099,113511,214803,0
sh600004,4455,8148,0
sh600280,0,0,0
sh600348,12485,26677,0
sz300682,0,2831,0
sh600011,1462,5793,0
sh600126,0,0,0
sh601901,0,2034,0
sh603656,0,0,0
sh600837,18733,19010,0
sz002466,22663,28909,1940
sz002775,1105,800,0
sz002081,3709,10629,0
sz000413,4168,14986,0
sz300355,9903,27917,3304
sh600459,567,2931,0
sz002772,0,0,0
sh600619,1895,0,0
sz002879,0,0,0
sz000752,0,827,0
sh600293,1546,1515,0
sz300630,0,572,174
sz002486,0,0,0
sh600303,0,0,0
sz300118,0,0,0
sz002634,0,0,0
sz000709,18872,40218,0
sh600801,22726,15490,2769
sz002428,81214,42754,3811
sh600499,22758,60128,1158
sh600156,0,0,0
sh603369,721,752,0
sh600719,0,0,0
sh603329,2238,1808,0
sz002843,0,0,0
sz300345,0,0,0
sh600501,1000,0,0
sh600316,15235,19293,0
sh600300,8829,0,0
sh600380,5556,19168,1770
sz002890,0,0,0
sz002562,0,962,0
sz300358,0,0,0
sz002351,0,2570,0
sz002628,0,0,0
sh600302,0,0,0
sz002071,7906,0,0
sz000679,0,0,0
sz002471,0,0,0
sh600657,0,1943,0
sz002379,0,0,0
sh600716,22546,47328,0
sh600037,18054,1835,0
sz002133,0,0,0
sz300566,0,0,0
sz002667,8023,3745,0
sz300705,0,9346,0
sz002829,0,385,0
sz002712,0,0,0
sz002648,0,3647,0
sz300559,0,216,0
sz300599,0,0,0
sh603658,0,0,0
sz002485,16596,0,0
sh603009,0,0,0
sh600491,10009,12048,0
sz300726,964,855,0
sz002444,3376,6022,0
sz002658,0,0,0
sz300669,0,0,0
sz002873,875,650,0
sz000501,0,0,0
sh600335,1032,5857,0
sz002780,0,600,0
sh601969,0,2007,0
sh600498,2928,2481,0
sh600776,2411,0,0
sh600797,11795,5505,0
sh601100,0,0,0
sz000967,0,0,0
sh601717,0,3579,0
sz000020,1635,6743,0
sh601888,4440,7487,197
sz000695,1503,2238,0
sh601669,0,8501,0
sh600476,0,0,0
sz002671,0,0,0
sz002264,246524,202538,75928
sh600159,0,0,0
sh603029,0,0,0
sz300197,993,0,0
sz300592,0,700,0
sz002694,5462,9879,0
sh603712,103649,91327,19305
sz300112,0,0,0
sh600615,0,0,0
sh600111,23047,23913,0
sz000632,2621,0,0
sh600557,0,907,0
sz000089,0,2133,0
sz000933,13972,31576,0
sz002477,8904,3575,0
sh603916,0,0,0
sz000733,948,0,0
sz000551,1574,0,0
sz000657,0,942,0
sh603186,0,0,0
sh600773,0,0,0
sz002530,0,0,0
sh600138,500,0,0
sz300690,0,0,0
sh603908,0,0,0
sh603818,0,0,0
sz300132,0,0,0
sz002349,0,0,0
sz300695,0,0,0
sh600231,11018,0,0
sz300187,0,0,0
sz000625,3684,14646,0
sz300517,668,754,0
sh600651,0,1112,0
sz002892,0,0,0
sz300020,7125,5410,1015
sz000767,10000,0,0
sh603630,0,0,0
sz000586,0,0,0
sz002627,0,0,0
sz000802,4100,0,0
sh600727,3160,1194,0
sz300257,677,1000,0
sz000529,0,0,0
sz300654,0,0,0
sz002388,0,0,0
sh603416,0,0,0
sh603233,1292,940,0
sh603535,0,0,0
sz000617,0,0,0
sz002670,1000,5175,0
sz000868,5873,4670,0
sh600080,12081,4402,0
sz002705,1031,0,0
sz000935,89123,107796,3106
sh600714,2603,0,0
sh603779,0,0,0
sz002690,0,899,0
sz002905,0,975,0
sh601368,0,0,0
sh603716,1111,2315,0
sz002426,0,0,0
sz300709,908,227,0
sz002482,0,0,0
sz300508,0,0,0
sz000913,0,0,0
sz002275,0,0,0
sz300485,487,873,0
sz000789,27472,30543,3387
sz300462,1188,3353,0
sh603396,0,0,0
sz002429,0,23418,0
sz002225,0,0,0
sh600299,0,0,0
sz002646,0,0,0
sz002537,908,3772,0
sz002848,0,0,0
sh600641,1136,1937,0
sh603896,0,0,0
sz002763,0,0,0
sh600356,0,4934,0
sz000650,3752,2264,0
sz000831,4033,4448,0
sh600713,1870,2210,0
sz300318,0,0,0
sh603819,0,0,0
sz300665,0,0,0
sz002620,31396,17141,0
sz300087,1001,0,0
sz002048,2781,2789,0
sh600135,7867,52153,9178
sz000402,3746,3922,0
sz002531,1865,1515,0
sh603378,0,0,0
sz002552,0,0,0
sz002394,0,0,1452
sh603106,1029,2469,0
sz300381,0,0,0
sz000792,18711,42462,2937
sz002107,0,0,0
sh601890,2051,3298,0
sh600503,22008,7652,0
sz300365,306,0,0
sz000670,11697,0,0
sz000686,4279,0,0
sh600760,6117,13439,0
sh603129,0,0,0
sh600429,0,0,0
sh600455,0,0,0
sh601019,0,1069,0
sh603278,0,0,0
sh603607,591,386,0
sz300075,2372,4366,0
sh600684,0,0,0
sh600513,0,0,0
sz300419,0,1532,0
sz002350,0,0,0
sh600122,12176,10944,0
sz002218,0,0,0
sh603380,38449,29555,3159
sz000713,0,0,0
sh603586,0,0,0
sz002475,13735,22475,0
sh603680,652,1306,240
sh600663,0,664,0
sh603609,0,0,0
sz300268,0,599,0
sz000636,110504,78198,8594
sz002683,0,0,0
sz000715,0,0,0
sh603722,0,372,0
sz300366,0,0,0
sz000426,2041,3021,1012
sz002717,3631,2002,0
sz300498,1506,5198,0
sz002822,84209,44716,1447
sz002927,25216,51746,5635
sh601633,0,0,0
sz300723,1119,782,0
sz300383,321209,358811,20665
sz300214,0,5317,0
sh600636,0,3484,0
sh601229,19892,33400,1237
sh603626,0,0,0
sh600662,26499,109542,3127
sz002867,0,0,0
sh600428,0,0,0
sh601212,4929,4077,1666
sh600258,856,4497,0
sh600375,0,0,0
sz002452,0,0,0
sz300272,0,0,0
sz002695,664,0,0
sh603377,0,0,0
sh601018,0,5250,0
sh600114,0,960,0
sh603101,0,1450,0
sz300182,11853,20217,0
sz300554,156,0,0
sh603328,0,1014,0
sz002027,23202,24469,1513
sz002603,3090,0,0
sh600590,1295,0,0
sz002917,846,2269,0
sz300611,0,0,0
sz002653,0,0,0
sz000989,7157,7408,0
sh600639,0,0,0
sh600887,321973,361853,16078
sh600722,0,3769,0
sh600936,6179,4066,0
sz000572,0,0,0
sh600421,0,0,0
sh603616,1528,650,0
sh600390,0,2298,0
sh600213,1107,7351,0
sh600333,0,0,0
sz300058,21657,17451,0
sz300203,400,1509,0
sz300627,0,249,0
sz300545,0,297,0
sz000651,245988,291833,12173
sh603611,0,0,0
sz002164,0,0,0
sh600146,3453,2531,0
sz300311,2428,4622,0
sz002395,0,0,0
sz300379,874,0,0
sh603829,0,0,0
sz002898,0,1239,0
sz300115,4856,8002,0
sz300459,789,1184,0
sz000668,0,0,0
sz002701,85960,20863,0
sz000611,0,0,2000
sz000735,64282,31557,0
sz000731,1390,1356,0
sz300623,1211,816,0
sz002559,0,0,0
sh603589,273,4549,0
sh600770,2527,4981,2087
sz300427,0,0,0
sz002197,1112,965,0
sz300310,6011,5101,0
sz000971,997,0,0
sh603218,0,0,0
sz300224,0,0,0
sz000739,1976,0,0
sz002274,0,0,0
sz002818,0,0,0
sz300281,0,2000,0
sz000423,3192,4350,0
sh600871,5690,9556,0
sh600015,6829,16294,0
sh603579,0,0,0
sz300516,1906,3963,0
sh600381,0,0,0
sz300671,0,0,0
sz300127,0,0,0
sz000563,0,6004,0
sh600362,14910,15900,0
sz300581,0,0,495
sh600225,0,0,0
sz000999,939,1319,0
sh603799,52822,43474,9257
sz300322,3489,0,0
sz002140,0,0,0
sz000825,43063,73958,0
sh600052,0,0,0
sz002174,48632,30418,2105
sz300319,0,2000,0
sz002119,0,0,0
sz000652,16872,2421,0
sz300331,0,962,0
sh603016,0,0,0
sh600110,14547,48473,0
sz002127,0,6153,0
sz000546,0,0,0
sh600155,1464,1040,0
sh600297,0,5125,0
sz002041,1007,1122,0
sz000738,9709,14894,0
sz002146,35041,62502,0
sh600078,0,0,0
sz300232,608,0,0
sz002347,2914,0,0
sh600838,21083,12278,0
sh601163,0,585,0
sz002318,0,0,0
sh600328,1100,1000,0
sz000988,2668,2195,0
sh601881,12761,17331,0
sz300158,0,0,0
sz000776,18431,16504,0
sh603969,0,3542,0
sz002923,2207,832,364
sh600158,16079,8268,0
sz002337,0,0,0
sz300678,995,1038,0
sz002906,1242,0,0
sz000517,8141,26592,0
sz300094,0,0,0
sz300137,618,3066,0
sz300378,848,2143,0
sz002889,0,0,0
sz300653,0,0,0
sh600008,42645,49803,2610
sz002527,0,0,0
sh603028,0,0,0
sh600346,3370,1843,0
sz300085,1409,4485,0
sz300598,1194,4490,4044
sh603158,0,0,0
sh600343,3104,4275,0
sz300270,0,0,0
sh603515,0,0,0
sh600761,0,1212,0
sh600958,6069,0,0
sz000995,0,0,0
sz000966,19839,6136,0
sh600628,1047,0,0
sz002871,0,0,0
sh600698,15759,41701,0
sh600033,0,0,0
sz300393,0,0,0
sz300652,0,0,0
sz002610,0,11949,0
sh600055,0,1000,0
sh603113,0,0,0
sz002209,0,0,0
sh600755,18589,41638,1303
sz002217,10253,9050,0
sh603289,0,0,0
sz002369,9729,6846,0
sh601668,211771,305841,2066
sz300601,5153,2736,203
sz002436,0,6142,0
sh600897,0,0,0
sh600101,1428,1533,0
sz002286,0,0,0
sh600234,0,0,0
sz002087,0,0,0
sh600970,4520,44529,0
sz000417,4587,0,0
sz300335,0,0,0
sz300561,0,0,0
sz002499,0,776,0
sh600395,0,0,0
sh600236,5000,0,0
sz002207,0,0,0
sh601818,148188,245804,0
sz300657,4095,13481,1035
sh600545,0,0,0
sh600345,0,1391,0
sh603577,0,0,0
sz002505,0,0,0
sh603320,0,0,0
sh603005,0,0,0
sz002415,61506,53925,1920
sh600993,906,0,0
sz300737,1500,3382,0
sh600360,12531,2579,0
sh600977,3499,10566,0
sz000568,2642,11499,0
sh600066,8923,3175,0
sh603856,0,0,0
sh603890,300,383,0
sh603679,0,0,0
sh600608,0,0,0
sh601857,47788,84124,0
sz002338,0,0,0
sz002408,1000,0,0
sh600992,0,0,0
sh603922,0,0,0
sh603421,0,0,0
sh600355,0,0,0
sz000961,8328,40169,0
sz300625,0,0,0
sh600243,0,0,0
sz300111,0,0,0
sz300478,2972,2438,0
sz002551,0,0,0
sh600175,7001,5039,0
sz300553,0,0,0
sz300175,0,0,0
sz000027,0,0,0
sh600610,0,0,0
sh603168,0,0,0
sz300584,0,0,0
sz002240,0,1400,0
sh601058,0,0,0
sz300307,0,0,0
sh600315,8649,7087,0
sz300741,1240,1314,0
sz002194,0,3826,0
sz300205,0,0,0
sz000758,5482,14728,0
sz300420,2000,0,0
sh603505,518,1557,0
sz000550,1346,1324,0
sh603086,0,0,0
sh600896,0,0,0
sz002397,0,0,0
sz300429,848,390,0
sz300209,0,0,0
sz002852,0,0,0
sz300010,4317,4250,0
sh603602,0,297,0
sz300283,0,0,0
sh603721,0,0,0
sh603661,0,0,0
sh600893,3966,11372,0
sh603023,0,0,0
sz002065,3224,21334,0
sh601886,0,0,0
sz000856,1924,1157,0
sz002310,4114,5020,0
sz002691,501,0,0
sz300596,0,0,0
sz000957,0,3505,0
sz300157,22784,3347,0
sh603996,0,0,0
sh601168,4942,3708,0
sh600961,3011,0,0
sz002269,0,0,0
sh600812,0,0,0
sh600179,4496,0,0
sz000795,3674,5364,0
sz300430,0,489,0
sh603728,0,0,0
sh600681,0,0,0
sz300167,0,0,0
sh603808,0,0,0
sh601838,16503,38733,0
sz000838,0,0,0
sz002134,0,0,0
sz000570,0,0,0
sh600477,1360,1535,0
sh600219,27037,84288,0
sz000975,3368,6475,0
sz002341,0,11798,0
sh603085,0,0,0
sz002036,1457,0,0
sz300608,0,835,0
sh600482,541,6539,811
sh600973,7653,0,0
sh601118,2240,2749,0
sh600238,0,3240,0
sz300026,0,17583,0
sz002516,0,0,0
sh600640,0,1067,0
sz002187,1000,0,0
sh600171,5188,6558,734
sh600616,0,0,0
sz002752,1560,0,0
sz002025,913,1622,0
sh600863,4411,20072,0
sh600720,13156,27830,0
sz000809,0,0,0
sh603598,0,0,0
sh600368,0,0,0
sh600023,0,18509,0
sz300622,0,1188,0
sz300471,0,0,0
sh600094,0,2197,0
sz002091,0,1702,0
sz002272,3500,2000,0
sh600683,0,0,0
sz002546,2498,0,0
sz000620,0,0,0
sh600198,0,5885,0
sz300264,0,0,0
sh600967,22647,10266,0
sh603501,4572,0,0
sz002663,8544,2316,0
sz000688,21579,11102,1012
sz002652,0,5039,0
sh603648,0,1937,0
sz002757,0,0,0
sz000985,9998,11892,0
sz300731,4005,18110,534
sh601811,0,0,0
sh600599,0,0,0
sz002583,1010,3239,0
sz002176,24317,49507,1083
sh601880,0,11964,0
sz002323,14047,8883,2532
sz002186,0,0,0
sz000065,19082,26412,1965
sz000922,0,0,0
sz002362,449,505,0
sh603003,3888,1757,0
sh600603,0,0,0
sz000923,0,0,0
sh603833,0,0,0
sh600372,4533,6900,0
sz300433,7520,6951,527
sz300070,15386,25705,2200
sz300332,0,0,0
sz002279,861,3988,0
sz002800,0,0,0
sh603608,0,0,0
sh601991,0,0,0
sh601218,0,0,0
sh600071,0,0,0
sz002707,911,947,0
sz300386,1444,0,0
sh600463,0,1540,0
sh601928,2341,0,0
sz002383,2186,1227,0
sz000011,0,0,0
sz002258,0,1590,0
sz002463,5859,29714,0
sz002891,0,0,0
sh600490,31022,17410,0
sz002696,0,0,0
sh603789,0,0,0
sz300530,0,0,0
sz300469,5450,9307,1085
sh600298,1666,5363,0
sz002567,0,0,0
sz002403,0,0,0
sz002442,0,0,1500
sh600229,0,2557,0
sz300352,5825,11049,0
sz000099,0,0,0
sz002170,0,0,0
sh600397,0,0,0
sz000004,0,0,0
sz300579,0,0,0
sz002789,810,0,0
sz002697,49966,10767,0
sz300613,138,0,0
sh603331,1000,0,0
sz002455,0,0,0
sz002125,0,0,0
sh600268,32636,67115,0
sz002492,0,0,0
sz000078,3010,0,0
sz300369,923,0,0
sz300289,0,8110,0
sz300273,0,1208,0
sz000430,0,0,0
sz300384,0,0,0
sh600106,0,0,0
sh603717,0,0,0
sz002130,0,0,0
sz002591,0,0,0
sz300417,0,0,0
sh603633,0,0,0
sh603533,38361,31964,2871
sz002202,39425,15188,684
sh603507,0,0,0
sh600136,0,733,0
sz300134,5513,20024,0
sh600695,9621,0,0
sz002918,482,219,0
sh601113,927,0,0
sz002550,0,0,0
sz002419,6391,2050,0
sz002068,0,1327,0
sz000584,0,0,0
sz000756,0,1202,0
sh600458,0,0,0
sz300217,0,0,0
sh600036,91820,125676,3309
sz000561,0,0,0
sz300033,227,2172,301
sh600707,0,0,0
sz000979,382115,564820,0
sh603388,0,0,0
sh603266,0,0,0
sz300034,0,2653,0
sz000719,0,0,0
sh600549,6193,8282,0
sz002481,0,0,0
sh603677,0,0,0
sz300202,0,2384,0
sz300047,1843,0,0
sz300374,0,0,0
sz000797,1120,1243,0
sz002791,0,0,0
sh600026,0,0,0
sh600161,410,1605,0
sh600802,0,0,0
sh600586,0,0,0
sz000070,0,0,0
sh600313,12256,0,0
sz002711,19073,31822,0
sz002880,0,0,0
sh603918,0,1000,0
sz002916,3018,3016,141
sz002756,950,0,0
sz002339,7716,0,0
sh603828,0,0,0
sh601127,0,547,0
sh600757,2123,0,0
sh600172,8192,13631,0
sz300672,1402,1296,0
sz002521,0,0,0
sh600064,9805,5207,0
sh600056,1912,2670,0
sh601939,209308,309451,6191
sz000725,1408445,1477457,16807
sz002819,0,0,0
sz002849,0,0,0
sz002138,0,0,0
sh600875,1526,1792,0
sh600853,0,0,0
sh603900,0,430,0
sh601828,2772,6771,0
sh600874,4375,10639,0
sz000727,6316,6487,0
sh601101,0,0,0
sz002582,848,0,0
sz002175,3017,8207,0
sz300124,2798,9394,0
sz001696,0,0,0
sh601200,610,578,0
sz002185,26264,26840,0
sh603920,0,0,0
sz002372,0,0,0
sz000883,0,0,0
sz300178,730,0,0
sz300635,0,0,0
sz002271,6769,8432,0
sz002497,29036,31174,0
sz000823,2428,7860,0
sh600418,0,5029,0
sz002445,0,2020,0
sz002460,36547,27203,3292
sz002118,6399,3435,0
sz300510,0,0,0
sz300474,1545,1977,210
sz300736,1424,240,0
sz300250,0,0,0
sz300328,0,1054,0
sz300139,2981,5847,0
sz000783,1497,9882,0
sh600537,0,0,0
sz002039,1237,0,0
sz002365,0,1000,0
sh600251,2000,0,0
sh600466,5609,20222,1828
sh600774,0,0,0
sz002306,0,3000,0
sz002830,2078,2795,0
sz300353,49441,73095,15590
sz002654,0,1700,0
sh600547,40072,54193,2128
sz002378,1270,0,0
sh600176,19345,15239,689
sh603076,0,0,0
sz002632,0,0,0
sh600620,1500,0,0
sz002549,16438,1726,0
sh603077,10000,22458,0
sh600860,0,0,0
sz300377,34575,17208,0
sz300489,0,0,0
sz002621,0,0,0
sh600478,0,5824,0
sh600725,0,0,0
sz002864,16859,28139,4747
sh603638,0,0,0
sh600120,950,2107,0
sh601599,3622,0,0
sz000982,0,0,0
sz300484,0,551,0
sz000525,1818,2588,0
sh600783,1982,3173,0
sz002324,0,0,0
sz002183,4119,0,0
sz000014,1252,0,0
sz002237,8586,9103,0
sz000888,0,0,0
sz002572,757,711,0
sz300245,2427,920,0
sh600131,0,0,0
sh603169,0,0,0
sz300549,0,0,0
sz002767,3501,650,0
sh600152,0,0,0
sh603826,0,0,0
sz000729,0,1858,0
sz000591,0,0,0
sz002074,1352,3456,0
sh600829,0,0,0
sz300233,0,0,0
sz002519,0,0,0
sz300651,2304,0,679
sh600317,0,0,0
sz000090,0,2287,0
sz002921,5036,8221,0
sz002056,1321,1643,0
sz300727,333,1371,0
sz002447,70250,87623,0
sz002376,767,3318,0
sz002389,805,1377,0
sz000983,3495,4626,0
sz300612,1122,3345,210
sh600592,0,1313,0
sz300638,0,355,0
sh603655,463,419,0
sh600207,43295,11284,3429
sh601908,0,0,0
sz000555,160038,126598,15288
sz002842,249,260,0
sh600571,1001,4430,0
sz002746,0,0,0
sz002089,7486,3392,0
sz300506,5038,4152,615
sz002346,33201,32520,5438
sh603096,154,151,0
sz000925,2138,12129,0
sh603727,0,0,0
sh600285,0,0,0
sz300150,0,0,0
sz300699,3792,1355,0
sh601808,9958,4719,1007
sh600810,0,0,0
sz000049,0,785,0
sz002518,0,0,0
sh603136,0,0,0
sz002598,0,0,0
sz000707,0,0,0
sh600170,3781,11310,0
sz002522,8946,4140,0
sh601882,0,0,0
sz002786,9425,14715,0
sh600589,0,0,0
sz000676,0,0,0
sh600708,0,0,0
sh600647,0,651,0
sh603126,3265,3370,0
sh600881,0,0,0
sz300668,0,275,0
sz000157,14885,7246,0
sh600787,2057,8543,0
sz002657,519,521,771
sh600448,0,3000,0
sh603160,161,1055,0
sz002002,0,3891,0
sz300370,0,3253,0
sz002796,0,653,0
sh601700,0,8219,0
sh600108,26693,19758,0
sh601996,0,0,0
sz000635,0,1096,0
sz000548,1579,1629,0
sz002262,993,2067,0
sz002723,0,0,0
sh600115,26128,18223,1965
sz300149,0,1504,0
sh600100,21242,4181,0
sz002026,1412,1923,0
sz300398,500,1674,0
sz002360,0,0,0
sh601117,10459,7071,0
sh600283,874,0,0
sh600976,0,0,0
sz002431,0,3083,0
sh603606,0,0,0
sz000908,0,0,0
sz000732,40371,36003,5550
sz000545,0,3203,0
sz002095,204,1364,0
sz002544,0,800,0
sh600212,0,12097,0
sz002835,0,1000,0
sz002664,673,0,0
sz300577,0,0,0
sz300088,27959,29777,0
sh600572,2138,8433,0
sh603600,0,0,0
sz300242,2569,0,0
sz300078,3421,2656,0
sh601866,0,7001,0
sh600611,6453,4852,0
sz300019,0,0,0
sz002031,0,0,0
sz002410,2974,5196,0
sz300336,5737,2683,0
sh600756,2443,0,0
sz300347,788,466,590
sh600350,1794,6630,0
sz300189,0,0,0
sz002045,0,1001,0
sz300449,744,0,0
sz000507,0,1130,0
sh603886,0,0,0
sz300502,945,508,0
sh600469,0,0,0
sz000728,4512,7657,0
sz002688,0,0,0
sh600467,0,0,0
sz002638,2002,7760,0
sh600452,388,0,0
sh603488,0,0,0
sh600468,0,0,0
sh600284,0,0,0
sh600903,32810,36753,10114
sh601199,0,0,0
sz002342,0,0,0
sh603011,0,0,0
sh603766,0,0,0
sz300400,4690,3342,0
sz002449,6692,21473,0
sz300294,0,758,0
sh600562,952,0,0
sz300006,0,0,0
sz300201,0,0,0
sz002370,5344,5922,0
sz002013,2393,1518,0
sz002674,0,0,0
sz002425,0,1400,0
sz002235,0,1231,1138
sz300677,1831,483,153
sh603199,0,0,0
sz300249,0,0,0
sh603138,4380,2047,251
sz002297,3520,1220,0
sz000862,0,0,0
sh603578,0,0,0
sz002416,0,0,0
sz000702,0,0,0
sz300505,0,0,0
sz300073,4647,1650,0
sz002462,0,0,0
sz000708,0,0,0
sz002226,10891,26915,0
sz300733,2557,530,927
sh603689,0,0,0
sh603726,0,0,0
sh601958,0,3386,0
sz000061,0,0,0
sz300456,0,0,0
sh603139,1962,923,408
sz300051,9566,34953,0
sh600025,36094,85277,0
sh601616,2947,0,0
sz002561,2327,0,0
sh600267,770,3911,0
sh600765,0,1000,0
sz300350,0,0,0
sz002925,7626,20789,2574
sh600919,59217,36503,0
sh603637,543,0,0
sh600971,0,15703,0
sz002169,5000,0,0
sh600182,0,0,0
sz300166,20018,37872,856
sz000671,13194,62220,0
sh600621,6237,5546,0
sz002740,0,2165,0
sh600724,2936,0,0
sz300212,330,1814,0
sh601001,0,2465,0
sh600558,0,0,0
sh600248,0,0,0
sh603360,0,0,0
sh600496,0,0,0
sh601012,10417,10235,466
sz002618,0,1209,0
sz300373,1030,2700,0
sz300097,0,700,0
sh600057,0,8914,0
sz000543,5717,4744,0
sz002230,54639,59660,6018
sz300314,0,0,0
sz000006,3366,15901,0
sh600883,0,0,0
sh600835,0,671,0
sz300621,0,0,0
sh600403,0,0,0
sz002588,1805,0,0
sz300101,1016,0,0
sh601086,130628,63439,7268
sz002381,0,0,0
sz002401,2454,0,0
sh600177,0,0,0
sh603506,568,0,0
sz300643,0,0,0
sz000058,2237,0,0
sz002392,3762,16404,0
sz300443,0,0,0
sh603669,0,0,0
sz000333,68849,82215,4593
sz300701,1232,1504,0
sz002554,3592,5799,0
sz300445,0,0,0
sh600358,20108,3025,0
sz300641,0,0,0
sh603605,0,369,0
sz300587,0,0,0
sh601111,52991,132100,3072
sh600728,159963,191848,12940
sz300697,2195,0,0
sh603306,0,0,0
sh600240,2439,37361,0
sz002624,999,771,0
sh603909,0,0,0
sz300591,0,0,0
sh603227,0,6570,0
sz002576,0,841,0
sh600275,0,0,0
sz000552,0,3500,0
sz300629,401,1873,0
sh600688,17592,14014,0
sh601106,0,3391,0
sz002367,11606,85687,3652
sh600435,1222,12667,0
sh600525,20471,32928,0
sz002540,0,0,0
sh600730,5442,8208,0
sh600804,2952,4889,682
sz300035,0,0,0
sz000513,1418,3081,0
sz002735,0,0,0
sz300526,890,3083,0
sh600978,0,2245,0
sh600508,920,2594,0
sh600184,0,0,0
sz002594,3486,8268,211
sh601933,116906,149245,5012
sz300102,3256,9815,0
sz300486,0,0,0
sz002702,12588,14674,0
sz300007,0,0,0
sh601515,2089,0,0
sh603055,0,0,0
sz002069,0,0,0
sz300022,2588,4127,0
sz002352,0,3745,0
sz002278,9183,1800,0
sz002885,500,0,0
sz000672,30878,21160,1007
sz002012,1700,0,0
sz002456,17526,44238,0
sz002368,1225,487,0
sh601899,405620,479035,0
sz002869,1029,4339,1191
sh600337,0,3296,0
sh600107,0,0,0
sh603500,0,0,0
sh603311,0,0,0
sh600626,5194,2010,0
sz300610,0,0,0
sh600715,1878,6114,0
sh601600,264623,302151,0
sz002017,0,0,0
sz002028,2397,1515,0
sh600633,2722,5288,0
sh601311,1800,0,0
sz002247,0,0,0
sz002073,5108,5182,0
sz002008,18510,32661,1693
sh603985,305,0,0
sz002534,0,0,0
sz002300,10572,0,0
sh603036,0,0,0
sh601965,0,0,0
sz002753,0,0,0
sz300037,800,0,0
sh600113,106948,141268,9952
sh600068,25691,42893,0
sz300735,1426,1580,466
sh603103,0,1619,0
sh600555,8949,13730,0
sz300351,0,0,0
sh603800,0,0,0
sz300108,0,0,0
sh600365,1505,2000,0
sz002861,0,852,0
sh603181,0,0,0
sz000520,0,2920,0
sh600775,0,1622,0
sh603477,1902,8888,1490
sh601789,4312,2610,0
sh601999,0,0,0
sz300144,1820,0,0
sh600523,2303,0,0
sh601107,0,2552,0
sz002743,0,0,0
sh603027,0,0,0
sh600150,11368,0,0
sh603183,0,0,0
sz002637,0,1174,1751
sz300228,0,0,0
sz000518,0,0,0
sz002629,0,0,0
sz300616,56,83,0
sh603298,0,0,0
sz000408,0,0,0
sh600310,0,1953,0
sh600121,0,0,0
sz000963,1610,2581,0
sz002859,360,0,0
sh600986,1065,0,0
sh603678,0,0,0
sz002315,0,2404,0
sz300512,0,0,0
sz002590,0,0,0
sz002498,7369,0,0
sh600218,6501,2005,3010
sh603871,589,0,0
sz300024,4516,6557,0
sh600559,450,2886,0
sh601231,0,0,0
sh603007,0,0,0
sh603010,500,0,0
sz000538,8217,2136,0
sz300371,0,0,0
sh603966,0,0,0
sz300287,4055,8106,0
sz300710,0,300,0
sh600638,0,0,0
sz300215,0,0,0
sh603025,0,0,0
sz002617,2262,1000,0
sz000411,0,0,0
sh601500,0,0,0
sz002288,0,7231,0
sh600901,50359,91788,0
sz000030,0,0,0
sz300649,0,0,0
sz002083,0,0,0
sz002245,1700,7089,0
sh600489,20151,47350,0
sh600767,0,0,0
sz300422,0,0,0
sz000835,0,0,0
sz300585,0,0,0
sz000826,1000,3051,0
sz000969,0,0,0
sz300055,0,898,0
sz300648,0,0,0
sz002102,2060,2303,0
sz002016,1751,8946,0
sz000981,0,0,0
sz000875,29682,4394,0
sz300105,6409,10500,0
sh601222,1648,0,0
sh600050,120015,242751,0
sh600228,0,0,0
sh603877,350,0,0
sz000043,2576,1237,0
sz002872,0,0,0
sz300066,0,0,0
sz300670,0,0,0
sz002030,899,0,0
sz300262,0,0,0
sh603286,706,0,0
sz300246,0,0,0
sh600200,0,0,0
sh603100,0,0,0
sz002817,0,0,0
sh600038,3779,1597,0
sh600634,26561,27583,934
sh601727,0,3027,0
sz300557,0,0,0
sz002494,0,0,0
sz002340,302666,399583,0
sz000887,1484,4864,0
sh600053,1562,1681,0
sh600529,0,810,0
sh600062,602,2444,0
sz300685,0,118,0
sz002803,0,0,0
sh603042,0,0,0
sz002613,0,0,0
sz000039,0,6792,0
sz002156,9798,3445,0
sh601137,0,0,0
sz002322,0,0,0
sz300285,1611,2073,0
sz002491,771,1000,0
sh601919,1775,17062,0
sh603308,0,0,0
sz000753,4139,0,0
sh603118,0,1493,0
sz300487,3193,923,0
sz300265,0,0,0
sz300661,912,0,0
sz300492,0,515,0
sz300338,0,0,0
sz002732,0,0,0
sh600439,5460,0,0
sz300525,0,0,0
sz002599,0,0,0
sz300223,0,0,0
sh600771,267,370,0
sz000599,0,0,0
sh601377,14812,21478,0
sz002289,0,0,0
sh603729,221,0,0
sh600173,0,0,0
sz002153,1929,635,0
sh603859,1435,0,0
sh600785,0,0,0
sz300658,0,0,0
sh600139,0,4078,0
sz002050,704,10580,0
sz002838,0,0,0
sz002307,0,0,0
sh603313,474,1363,0
sz002922,9555,16232,978
sh601016,8430,4000,0
sh600809,1007,1983,0
sz300248,0,0,0
sz000750,0,19060,0
sh600815,0,0,0
sz000720,0,0,0
sz300013,760,0,0
sz300076,0,0,0
sh600223,0,0,0
sz000503,12915,17540,859
sh600089,17550,6400,0
sh603912,908,0,0
sh600054,0,0,0
sz000627,0,6640,0
sh603180,0,0,0
sh600096,0,3843,0
sz002446,0,0,0
sz002639,0,0,0
sh603889,0,0,0
sh603811,0,0,0
sh601918,2989,6800,0
sz000069,8229,23344,0
sz002205,2441,0,0
sz000001,168985,242549,0
sh603788,0,0,0
sz002745,300,771,0
sh603665,0,0,0
sz300213,1496,11126,0
sz002010,0,0,0
sh603159,0,0,0
sz300200,0,0,0
sh600278,0,0,0
sh600710,15629,2050,0
sh603879,0,0,0
sz002236,22914,44489,620
sh600340,32902,60284,400
sh600326,3684,1527,0
sh600868,27852,9192,0
sh601601,25969,66127,1616
sz000760,0,0,0
sh600690,102763,109832,2299
sz002387,0,0,0
sz002037,0,0,0
sh600137,708,0,0
sz002568,0,0,0
sh600354,15328,0,0
sz000972,0,0,0
sz002054,3095,16434,0
sh600369,0,5887,0
sz300711,3693,2677,0
sh600576,0,0,0
sh600383,20180,16808,0
sz000589,0,0,0
sz002612,0,989,0
sz300030,0,0,0
sh601607,5981,7884,549
sh603161,389,0,0
sz000425,29718,28904,0
sz300568,350,331,0
sh601339,3775,5992,0
sz300582,1131,0,0
sz000600,8542,0,0
sz000880,0,0,0
sz000610,0,0,0
sh600642,0,2000,0
sz300277,0,1374,0
sz300708,1274,1446,0
sz002508,7457,21448,906
sz002787,0,0,0
sz002319,0,0,0
sh600292,1498,0,0
sz300044,0,0,0
sz300296,3619,7169,0
sh600546,0,2971,0
sz002858,3164,1082,0
sh600331,0,0,0
sz300057,0,0,0
sh600872,1362,3966,0
sz300080,0,0,0
sz002928,4952,3691,1291
sz300327,466,494,0
sz002221,5314,6907,0
sh600511,1105,3919,0
sh600579,1926,3004,0
sh600319,0,0,0
sz002439,7938,4073,0
sz002400,0,0,0
sh600629,0,0,0
sz000828,0,0,0
sz300563,0,0,0
sz300061,0,1166,0
sz002038,3588,7058,309
sz000782,0,0,0
sz002615,0,0,0
sh601677,0,0,0
sz002096,0,0,0
sz300014,4795,3899,0
sh600805,0,0,0
sh600533,9133,0,0
sz002593,0,0,0
sh601155,24473,33222,341
sz300081,0,0,0
sh600338,0,300,0
sh603336,1642,492,0
sz002896,378,382,0
sh600367,1000,0,0
sh600864,0,0,0
sz002438,0,0,0
sz000726,1406,0,0
sh603938,329,609,0
sz300607,0,240,0
sz002778,556,0,0
sh601558,0,0,0
sz300348,0,1571,0
sz002801,0,0,0
sz300109,5189,1809,0
sz000021,2400,5572,0
sh600741,5806,8595,0
sz300169,0,0,0
sz002581,1544,0,810
sz300567,0,513,0
sh600999,1284,3163,0
sz000998,3337,5195,0
sz000678,0,0,0
sh600908,0,2991,0
sz002232,2555,2238,0
sz002714,811,3241,0
sh600059,0,0,0
sh600382,1277,0,0
sh601233,6518,5954,0
sz000590,0,0,0
sz000068,0,0,0
sz002476,13408,8555,0
sh603787,0,800,0
sh603067,0,0,0
sh600550,2349,3000,0
sz002032,473,250,0
sz002019,8862,18554,0
sh603356,1323,706,0
sh600031,66201,99124,0
sz300334,2451,0,0
sz300002,19236,5296,0
sh601566,951,700,0
sh600376,0,1575,0
sz000737,0,0,0
sz000028,0,423,0
sh600370,0,0,0
sz300401,1047,454,0
sz002141,2064,0,0
sz002283,8744,2680,0
sz300576,0,0,0
sh603970,4671,7205,0
sz002418,11000,2003,0
sz002642,31940,6897,910
sh600060,801,2591,0
sh600886,5611,0,0
sz000876,3428,2883,1668
sh600569,20183,26676,0
sz002407,821,3666,0
sh601228,0,1773,0
sz000816,20179,23562,0
sz300503,0,0,0
sz002295,0,0,0
sh600819,0,0,0
sh603399,4095,2407,0
sz300122,1103,6569,829
sz300440,0,0,0
sh600816,0,6529,0
sh603612,282,1721,290
sh600939,0,0,0
sz002831,496,300,0
sz300513,0,0,0
sz300098,800,7249,0
sz300357,0,485,0
sz002669,0,500,0
sh601003,0,11479,0
sh600425,0,0,0
sz300152,0,2390,0
sz002596,25352,12601,0
sz300536,0,691,0
sz000608,0,0,0
sz002675,1008,15794,0
sh600483,0,0,0
sz000023,869,0,0
sz300458,1085,461,0
sz300199,0,3066,0
sh603768,1790,699,0
sz002088,1310,0,0
sh600387,0,0,0
sz002433,0,0,0
sh600759,9330,0,0
sz000863,0,0,0
sh600865,0,15635,0
sh600141,702,1799,0
sz002797,24256,28333,0
sz300572,229,760,0
sz002434,0,0,0
sh600325,4150,19986,0
sz002458,0,0,0
sz000788,0,0,0
sz002512,3240,847,0
sz002111,0,0,0
sz000819,24684,56858,1921
sz002112,0,0,0
sh603767,1000,0,0
sz002886,0,0,0
sz000151,143411,108207,21643
sz300415,0,0,0
sz300367,52583,29145,1229
sz002273,482,6611,808
sz300541,0,0,0
sh600167,0,0,0
sz000042,0,0,0
sh600312,7847,4759,0
sh600857,0,0,0
sz300001,0,0,0
sz002192,459,970,0
sh600446,3917,2769,0
sz002035,0,2628,0
sh600823,6182,2000,0
sz000800,12148,9246,0
sz002079,0,1728,0
sh600509,0,0,0
sh603038,0,0,0
sh603156,278,1430,0
sz002059,0,0,0
sh603595,0,0,0
sh603179,1235,893,0
sh603881,4731,2238,1550
sh603518,0,0,0
sz300255,1714,1672,0
sh603806,0,0,0
sh600821,0,0,0
sz300009,1848,11862,0
sz002177,2145,2137,0
sz300297,0,0,0
sz300590,406,521,0
sz002099,0,0,0
sh600982,0,0,0
sz002535,0,0,0
sz002184,9797,18366,0
sz000605,0,0,0
sz000851,1525,1500,0
sz000897,8413,6704,0
sz000002,22930,24911,2072
sz300364,84247,33019,7437
sz002719,0,0,0
sz300302,3908,0,0
sh600623,2796,7743,0
sh603848,0,742,0
sh600742,0,1371,0
sh600149,0,0,0
sh601518,0,0,0
sh600073,2823,0,0
sz300308,0,894,0
sh600737,90891,32837,0
sh600168,0,1501,0
sh600702,2383,3643,0
sz002738,16310,18165,335
sz002058,0,0,0
sh603365,0,0,0
sh601375,1983,8886,0
sz300291,19815,13669,9282
sh603708,0,0,0
sz002062,0,0,0
sz002302,1357,4005,0
sz300477,32576,39320,4039
sz002268,20946,6247,0
sh600789,14643,12548,2533
sh600890,0,0,0
sh603131,0,0,0
sz000701,0,0,1197
sh600307,10012,52010,0
sh603880,0,0,0
sh603258,0,0,0
sz300174,0,0,0
sz002564,0,0,0
sz000539,0,0,0
sz002043,0,6228,0
sh603933,250,0,0
sz000559,1410,1800,0
sz300703,0,0,0
sh603527,0,0,0
sh603866,500,0,0
sh600769,2000,0,0
sz300399,0,0,0
sh601038,5000,2015,0
sh603499,2937,1878,0
sz002862,0,0,0
sh603707,2339,1009,0
sz300188,414,1946,0
sh600166,32436,57488,0
sh600017,0,0,0
sz002150,0,0,0
sz002526,2172,0,0
sz002178,86816,21142,0
sz002837,27114,15246,2814
sz002676,1757,3666,0
sh600095,22932,68609,0
sz300192,1362,1434,0
sz002589,2738,6554,0
sz002293,0,1700,0
sz300360,0,0,0
sz002424,9289,32244,0
sz002076,0,0,0
sh601579,0,0,0
sh601179,5776,0,0
sz300664,3670,2054,0
sz002602,0,0,0
sz002106,4559,0,0
sh603079,0,0,0
sz002199,0,0,0
sz002238,0,0,0
sh601997,9901,21957,0
sz000532,60472,81042,4646
sh600016,46280,80662,0
sh600739,0,1240,0
sz300226,8053,7127,259
sh600012,0,998,0
sz000619,1500,1360,0
sz000762,0,2825,0
sh600731,0,1872,0
sz002204,0,4922,0
sh600408,0,0,0
sz002635,958,2071,0
sz300692,0,302,281
sz002361,0,0,0
sh600505,0,0,0
sz300511,0,0,0
sz300130,2808,3243,496
sz300107,0,14395,0
sh600556,0,0,0
sh603026,1003,0,0
sz002093,0,0,0
sz300533,220,0,0
sh600339,21597,4900,0
sh603803,0,0,0
sz000421,0,0,0
sh600035,0,7000,0
sz002651,0,0,0
sz300005,0,3149,0
sh600824,5726,0,0
sh600332,2947,1767,0
sz000409,0,0,0
sz002276,1607,0,0
sh600266,0,1969,0
sz000597,0,0,0
sz000066,13863,45678,1922
sz002211,0,0,0
sh600706,3573,0,0
sz002057,0,0,0
sh600116,6519,0,0
sh603683,1097,1229,512
sz000736,0,3576,0
sh600575,0,3350,0
sz002901,450,725,0
sz002022,0,0,0
sz002296,0,3981,0
sz000681,825,3463,0
sh600118,2274,4173,0
sz000560,0,0,0
sz300552,0,0,0
sz002860,1268,1476,0
sz002314,0,0,0
sz000403,0,0,0
sz300039,0,0,0
sz002011,0,1600,0
sz300542,3803,4109,0
sz002529,0,0,0
sh600744,0,0,0
sz002682,3607,0,0
sz002210,0,0,0
sz002911,6413,1573,672
sz000623,902,6378,898
sz300425,0,1096,0
sz002553,0,0,0
sh603335,0,0,0
sh603303,0,0,0
sz000528,2695,1161,0
sz002335,0,0,0
sz002241,25249,39527,0
sh600644,0,0,0
sh600438,15924,23182,8905
sz002782,44404,39292,0
sh600532,3000,1327,0
sh603709,576,1309,0
sh600351,1500,1628,0
sz002655,3219,8782,0
sz002608,0,3014,0
sz002244,135054,52199,10050
sh601028,0,0,0
sh600848,8552,1871,0
sz002015,0,0,0
sh600420,0,2005,0
sz300028,0,0,0
sh603283,0,0,0
sh601688,36196,38745,2102
sh600763,1999,4040,0
sz000301,0,0,0
sz002641,0,0,0
sz002303,0,0,0
sz300483,0,0,0
sz300324,27294,10758,5353
sz000612,0,0,0
sh603939,271,263,0
sz300475,0,0,0
sz002195,17243,17977,0
sh600211,0,0,0
sz002722,0,552,0
sz300569,0,0,0
sz000587,6135,0,0
sh603456,0,613,0
sz000993,2728,45283,0
sh600521,2546,4209,0
sh603355,0,703,0
sz002124,0,0,0
sz300160,47172,0,1542
sh600869,4827,7964,0
sz300113,10912,11426,665
sh600522,28916,40991,0
sz002585,0,0,0
sz002810,0,450,0
sz300208,0,0,0
sh600678,0,0,0
sz002100,0,0,0
sz000050,744,11326,0
sz002469,0,0,0
sz002193,2416,0,0
sz000420,0,8186,0
sz300609,0,1889,0
sh601318,324468,369827,33115
sh600063,0,0,0
sz002063,6388,7943,0
sz002298,0,0,0
sh603569,0,0,0
sz300673,0,0,0
sz002815,0,0,0
sh600723,0,2231,0
sz000429,0,0,0
sz002586,0,0,0
sh603977,0,0,0
sz000899,0,0,0
sz002313,0,497,0
sh601678,18712,18359,0
sz000909,2453,1074,0
sz300141,0,0,0
sz300126,0,0,0
sh600831,0,0,0
sz000505,0,0,0
sz300543,569,0,0
sz000901,5654,616,0
sh603976,0,0,0
sz300230,1323,0,0
sh600859,0,0,0
sz300681,0,0,0
sz300722,302,3078,291
sz000996,11288,23616,780
sh603099,0,0,0
sz000012,0,4773,0
sz300241,1750,2885,0
sz300029,0,0,0
sz000514,0,0,0
sz300447,0,0,0
sh600502,0,1509,0
sh600873,7963,9604,0
sz002776,1332,762,0
sz300077,4653,1882,0
sh601952,13988,1051,0
sz002287,0,350,0
sh600778,0,0,0
sh600500,0,4139,0
sz002875,0,0,0
sz002330,1421,0,0
sz000881,0,1148,0
sz000801,5286,15119,0
sz002473,0,0,0
sh603928,0,0,0
sh600658,1342,0,0
sz000573,0,0,0
sh600027,8060,28289,0
sh603116,0,0,0
sz300239,0,0,0
sz300397,0,0,0
sz002206,0,2519,0
sz002659,0,0,0
sz002693,0,0,0
sz002457,3005,2894,1458
sh600531,7225,1708,0
sz002823,0,0,0
sh603366,0,1628,0
sh600416,0,6539,0
sz300684,1289,0,0
sz300522,673,0,0
sh603305,0,0,0
sh603986,12371,15748,1170
sz002090,0,0,0
sh603839,0,0,0
sh601628,6723,18370,0
sz000786,17114,34868,2003
sz002270,0,0,0
sh603117,0,0,0
sh600269,5370,6515,0
sz300565,0,0,0
sh603997,3013,1860,0
sz002435,0,0,0
sz300637,0,0,0
sz000422,0,0,0
sz002189,605,0,0
sz002855,0,0,0
sz002623,0,0,0
sz000892,0,0,0
sz002565,0,0,0
sz000633,1153,0,2313
sh603260,8181,2705,724
sh601238,798,3518,0
sz300580,537,0,0
sz300421,0,0,0
sh601139,0,1855,0
sz300093,0,0,0
sz300382,0,0,0
sz002158,0,0,0
sh601567,0,0,0
sz000929,0,0,0
sz000680,0,0,0
sz002665,1600,3408,0
sh603357,1646,0,0
sz300315,121731,60784,0
sh603628,0,0,0
sz002386,0,0,0
sz300631,0,8018,0
sh600754,1235,1306,0
sz300636,0,0,0
sz000100,184125,309755,0
sz000667,0,0,0
sz300119,0,0,0
sz300321,0,0,0
sh600648,0,658,0
sh600163,3372,0,0
sh601198,19648,37342,0
sz000882,265469,170307,7939
sh600519,7148,13150,1084
sz000889,0,0,0
sz000565,0,0,0
sz002294,1008,5804,0
sz300481,0,467,0
sz000791,3628,1525,0
sz300435,0,900,0
sh600196,26202,55927,2881
sz002504,0,0,0
sh601636,38618,76558,0
sz000407,0,2400,0
sz300395,0,0,0
sh600272,18833,26402,0
sz300045,0,0,0
sh601258,39768,46033,0
sh603090,0,0,0
sz300148,6010,5692,0
sz300639,0,250,0
sz300253,23977,27375,1052
sz000926,4491,14601,0
sz000877,2308,8916,0
sz000055,3472,2146,0
sz002203,0,0,0
sz300507,0,0,0
sh603030,0,0,0
sz002405,23041,24617,0
sh600691,0,15190,0
sh603080,0,971,0
sz002919,6499,20698,0
sh600193,0,0,0
sh600006,0,2341,0
sz002812,629,598,0
sz300468,0,0,0
sh600703,42250,77783,2569
sz002493,0,0,645
sh601390,11758,9399,0
sh603701,0,0,0
sz300299,0,1220,0
sh603869,0,0,0
sh603580,0,0,0
sz300293,0,0,0
sz300718,269,0,0
sz300042,0,0,0
sh600371,0,1100,0
sh603012,0,0,0
sh600188,13811,14811,0
sh600818,0,0,0
sh603816,1360,2005,0
sz000656,10309,78839,0
sz300084,0,0,0
sh600995,0,0,0
sz000690,8609,4498,0
sz002316,948,0,0
sz002136,0,0,0
sh600795,66559,46388,0
sz300434,0,453,0
sh601877,1064,2373,0
sz300304,12199,23409,0
sh601872,0,0,0
sz000798,0,0,0
sz300519,3264,3357,595
sh600242,0,0,0
sz300396,0,0,0
sz300472,0,0,0
sz002375,0,0,0
sz002579,0,0,0
sh600488,0,0,0
sh600988,11549,23514,1711
sz000595,4302,11346,0
sz002285,7404,17928,0
sh603020,0,0,0
sh600261,3449,0,0
sh600327,0,0,0
sh601021,372,0,0
sz002067,2043,17201,0
sh600926,1854,4992,0
sz002727,787,408,0
sz000669,0,0,0
sh603060,457,5889,0
sh600689,13952,27618,14118
sz300184,0,4253,0
sz000410,14584,19276,0
sh601007,0,0,0
sh600854,0,0,0
sh603389,0,0,0
sz002190,14643,11816,1805
sz002528,0,0,0
sz002687,0,0,0
sh600671,0,644,0
sh600846,1610,0,0
sh603387,0,0,0
sz002557,0,0,0
sz300414,0,0,0
sz000830,107329,75199,1647
sh601608,0,11616,0
sh600180,0,0,0
sz002484,0,0,0
sh600834,0,0,0
sz300720,0,0,0
sh601799,0,0,0
sh600588,71763,104366,9966
sz000885,1261,0,0
sz002208,27569,35076,2875
sh600153,9154,6747,0
sz000850,0,0,0
sz002805,0,0,0
sz002356,0,0,0
sz300406,915,772,0
sh601989,156750,142619,0
sh603882,700,0,0
sz300218,0,0,0
sz002609,0,0,0
sz000799,910,459,0
sz300091,2370,2454,0
sz002850,371,0,0
sz002709,3280,4387,0
sz000721,0,1916,0
sz002023,1309,6636,0
sh603338,729,0,0
sz002305,0,0,0
sz002574,0,1445,0
sh600566,1211,482,0
sz002708,0,0,0
sh600570,35459,22929,2945
sz002398,2328,2856,0
sz002644,0,0,0
sz000811,0,0,0
sh600862,0,0,0
sz002227,0,0,630
sz002248,2536,0,0
sh601988,312950,315545,0
sz000976,1200,0,0
sz300206,0,0,0
sh600191,9775,6899,0
sh600705,14465,33026,0
sh600117,0,0,0
sh600072,2832,15729,0
sh600661,0,0,0
sz002563,0,0,0
sh603825,0,0,0
sz002196,0,0,0
sh603639,0,0,0
sz000932,26293,33535,0
sh600876,2523,694,0
sz300687,4169,10323,0
sz002569,9176,8859,1030
sh600618,0,0,0
sz000558,4987,3040,0
sz000878,3347,1927,0
sz000544,0,0,0
sz000637,0,0,0
sz300229,0,0,0
sh603127,264,1167,0
sz300706,2994,404,152
sz002104,13598,4371,0
sh603758,3794,8021,0
sz000603,0,0,0
sh600587,0,0,0
sh600098,0,2000,0
sz300120,0,0,0
sh600091,0,0,0
sz002233,2341,0,0
sh601208,0,0,0
sz002539,0,0,0
sh603979,1210,0,0
sz300008,4020,0,0
sz000683,0,34214,0
sz300303,0,3649,0
sh600526,0,0,0
sh603178,0,0,0
sz300495,3271,0,0
sh603703,902,0,0
sz000861,0,0,0
sz000010,0,0,0
sz300573,0,0,0
sz002788,0,0,0
sz000960,6647,6246,0
sz300413,1435,6218,0
sh600128,1002,6479,0
sz002863,0,676,0
sz002698,0,0,0
sz300011,0,0,0
sh603056,1683,4463,0
sz300104,307256,319456,3428
sh600273,0,0,0
sz000890,0,8059,0
sh600028,187953,258430,0
sh600601,16478,0,0
sz300121,994,0,0
sz002558,962,0,0
sz300259,0,0,0
sz002354,4377,2821,0
sz000567,904,0,0
sz000017,0,2200,0
sz300329,0,0,0
sz002097,0,3561,0
sz300258,1573,0,0
sz000692,0,0,0
sh600206,39733,15392,0
sz300712,0,0,0
sh600083,0,0,0
sh600843,943,0,0
sh600820,2199,9620,0
sz300154,0,0,0
sh600189,0,0,0
sh600679,689,1238,0
sz000018,71027,15034,0
sh603358,0,0,0
sh600386,0,2490,0
sh600612,0,0,0
sz300546,0,0,0
sz002377,0,1841,0
sh603536,0,0,0
sz300323,606,5998,0
sh600803,1266,1293,0
sz002166,0,0,0
sz300306,0,0,1024
sz000036,0,0,0
sz300408,6811,13481,0
sh601777,0,3994,0
sz000016,3174,12723,0
sz002216,0,0,0
sz000498,0,0,0
sh603778,0,0,0
sz000902,0,1000,0
sz000829,2599,1187,0
sz300713,0,0,0
sz300346,1025,0,0
sz002371,8288,14002,671
sh603128,3610,0,0
sz300416,0,0,0
sz300691,150,0,0
sz000531,0,0,0
sh600516,146905,95487,9297
sh600125,50391,30865,2691
sh601968,0,0,0
sh600800,10719,11773,0
sz000815,0,0,0
sz300499,0,0,0
sh600291,0,3835,0
sz002470,0,0,0
sh600222,0,0,0
sz002762,711,0,0
sz000638,0,0,0
sz002908,5570,17436,0
sz002267,0,0,0
sz000755,0,0,0
sh600330,0,1199,0
sh601158,0,0,0
sh601666,4760,8058,0
sz002828,0,0,0
sh600581,9014,34834,942
sh600352,23801,50746,867
sz300048,2851,0,0
sz002282,0,0,0
sz300344,4645,14072,0
sz300235,0,0,0
sh600543,0,0,0
sz002215,3051,3000,0
sz300603,0,646,0
sz300482,0,0,0
sh600851,0,0,0
sz002266,65766,35338,10033
sz300050,0,0,0
sz002840,655,0,0
sh601011,39038,10971,1578
sz002883,321,0,0
sz002748,0,12728,0
sh601611,5049,0,0
sz002715,3222,896,0
sz300412,0,0,0
sh600985,0,0,0
sz000687,0,3571,0
sz002633,0,0,0
sz300655,0,0,0
sz002595,0,0,0
sh601985,5512,27967,0
sh600565,0,8230,0
sh601519,2584,0,0
sh600996,0,0,0
sz300624,19446,21625,2370
sh601169,8659,18074,0
sh603817,0,0,0
sz002793,0,0,0
sz300451,1574,6021,0
sz300275,0,0,0
sh603989,0,0,0
sz000710,0,220,0
sh603699,0,0,0
sz000008,3141,20985,0
sz000592,4182,7725,0
sz300479,23484,38918,1438
sh600237,0,6891,0
sh603937,2559,1772,0
sh601966,778,645,0
sh600933,0,852,0
sz300062,0,0,0
sh603015,0,0,0
sz002123,0,2000,0
sz300675,0,975,0
sz300618,1983,1638,75
sh600183,656,4652,0
sh600609,0,0,0
sz002154,4100,0,0
sz002255,0,0,0
sh600169,0,0,0
sh600847,0,0,0
sh603039,2312,436,0
sz000626,863,900,0
sz002391,778,1007,0
sh601699,17915,17201,1553
sh603300,1677,0,0
sh601800,3763,6895,0
sz002733,0,1587,0
sz002116,0,2698,0
sh600527,0,0,0
sz000537,1653,5979,0
sz002152,1506,33990,0
sz300555,0,1000,0
sh603321,0,0,0
sh601010,0,0,0
sz300041,1128,5000,0
sz300432,0,0,0
sh603322,0,0,0
sz002495,3285,0,0
sz002326,1078,0,0
sz300446,864,0,0
sz300237,0,0,0
sh600461,0,0,0
sh601326,0,0,0
sz300219,0,0,0
sz002151,0,0,0
sh600981,5645,67552,0
sz002393,0,1303,629
sz002490,0,0,0
sz002006,0,0,0
sh603777,2551,0,0
sh600828,0,0,0
sz000977,72655,89765,5371
sz000032,4767,6715,0
sz000803,0,0,0
sh603958,0,0,0
sz300453,1127,0,0
sh600021,6178,0,0
sh600104,38563,44457,800
sh603043,0,0,0
sz300260,0,0,0
sh600790,1983,0,0
sz002404,0,0,0
sz000553,1000,0,0
sh603288,0,188,0
sz002907,24203,30747,4132
sz300426,0,0,0
sz002909,633,1275,0
sh601618,7323,108415,0
sh600855,7690,2406,0
sh603936,0,0,0
sz300136,7811,8018,0
sz002543,700,0,0
sz002666,53842,41015,0
sh600825,2000,3444,0
sz002760,0,0,0
sh600019,73785,89667,0
sh603157,844,0,0
sh600373,800,703,0
sh600507,3472,1890,0
sz002766,3213,3532,0
sh603229,0,0,0
sz002750,0,0,0
sh603037,0,0,0
sz002220,0,0,0
sz002358,3037,1992,0
sh600260,9803,9932,1210
sh603058,2765,10835,628
sz002845,0,0,0
sz300161,0,0,0
sh603083,273,260,0
sz300730,15752,7096,1572
sz000536,0,3644,0
sh603496,0,0,0
sz000716,0,0,0
sz000009,2069,11803,0
sh600538,0,0,0
sh600449,2248,0,0
sz002281,13019,2738,0
sh600160,107349,102367,1887
sz300721,0,0,1011
sz000958,0,0,0
sz000785,0,0,0
sz300698,0,936,0
sh601718,11504,39414,0
sz002706,0,5178,0
sz002900,0,0,0
sh600811,3003,0,0
sz300330,0,0,0
sh600717,0,1000,0
sz300390,40353,16696,6403
sz002616,0,0,0
sz300600,0,0,0
sh600814,2843,0,0
sh603063,0,0,0
sz300716,0,0,0
sh601388,0,10694,0
sz002605,0,0,0
sh603167,0,0,0
sz300436,0,0,0
sz000521,0,0,0
sz300702,405,723,0
sh600209,1200,4581,0
sz002728,0,0,0
sz002749,685,0,0
sh603228,0,225,0
sz000920,4642,0,0
sh603002,0,0,0
sz000601,0,0,0
sz002317,0,930,0
sh600600,1528,2612,523
sz002725,0,0,0
sz002640,3360,4274,0
sz300343,730,781,0
sz300096,2572,2149,0
sh603878,0,912,0
sz000965,3000,0,0
sh600030,414843,465305,17013
sh600022,33405,81316,0
sh600305,0,0,0
sh603730,0,0,0
sz002117,0,0,0
sz002573,3447,5534,0
sh600622,0,0,0
sz300597,0,0,0
sh600965,0,0,0
sh600867,2658,4051,0
sz300666,3311,2160,0
sh603277,0,0,0
sh603558,0,0,0
sz002331,0,0,0
sz000903,10793,0,0
sz300025,9775,6960,0
sz002685,0,0,0
sz002713,0,0,0
sz300031,0,0,0
sz300418,20440,22569,2361
sh600894,0,0,0
sz002500,1397,7590,0
sz300072,1429,4982,0
sz300463,0,464,0
sh603123,0,0,0
sh600721,0,2271,0
sz002684,0,715,0
sh600187,0,264228,0
sh600653,0,0,0
sz002254,6663,2894,0
sz002759,1766,794,0
sh600793,0,0,0
sz300632,0,0,0
sh600070,0,0,0
sz300457,839,395,0
sh603089,0,0,0
sh600736,24456,21562,0
sz300040,0,0,0
sz300162,6906,16239,0
sz000159,0,0,0
sz000005,0,0,0
sz002570,2054,19162,0
sz300391,0,0,0
sh603166,0,0,0
sz002142,6387,18311,0
sz002514,0,0,0
sz300518,0,0,0
sz002284,0,1330,0
sz002649,3835,0,0
sz300588,0,0,0
sz000062,1491,0,0
sz300145,0,0,0
sz002135,0,0,0
sz000917,4635,6267,0
sh600389,0,1600,0
sz002042,0,0,0
sh603919,0,0,0
sz000530,2364,5366,0
sz002355,17557,0,0
sh603517,320,1207,0
sz002876,0,176,0
sh601000,12797,16537,0
sh600217,0,0,0
sh603963,0,361,0
sz002162,0,0,0
sz002809,0,0,0
sh601333,4857,8062,0
sh600470,2103,2084,0
sz000025,653,338,0
sz000557,2541,0,0
sh603189,0,0,0
sz002878,0,0,0
sh603516,802,1249,909
sz002411,6638,491,601
sh600020,42402,106490,0
sh601555,0,5801,0
sh603458,166,0,0
sz002902,1546,297,0
sz002191,6316,15783,0
sz002094,0,0,0
sz002004,0,4970,0
sh600826,804,928,0
sz300633,0,0,0
sz000806,2984,4971,0
sz002461,0,0,0
sz002718,0,0,0
sh603429,0,0,0
sz300015,1307,1438,261
sz000893,1957,0,0
sz002363,0,0,0
sz002229,6965,21032,2649
sh603757,0,0,0
sh600649,0,7160,0
sz300179,0,0,0
sh603823,0,0,0
sz002846,2782,1082,0
sz002645,0,463,0
sz300003,9026,22104,0
sh603968,0,0,0
sz002795,0,0,0
sz300732,342,340,0
sz002571,2000,7956,0
sz002040,0,0,0
sz300274,6006,1150,604
sh600127,0,2372,0
sz002566,0,0,0
sz300326,0,0,0
sz002092,6106,10245,0
sz000953,0,1239,0
sz002839,12339,57118,0
sz300380,0,0,0
sh600029,113425,169788,1103
sz002422,28304,20910,702
sh600582,0,0,0
sz000523,0,0,0
sz002825,0,0,0
sh603917,515,0,0
sh603225,705,453,424
sz300138,0,0,0
sh600898,4684,2600,0
sz000911,3712,0,0
sz300388,0,0,0
sh600456,0,0,0
sh600208,19244,62373,0
sz300106,0,0,0
sz002320,13610,7816,0
sz002556,1867,0,0
sh603017,0,0,0
sz000585,0,0,0
sz300529,609,0,0
sz000663,4911,5602,0
sh603988,0,0,0
sz300680,0,0,0
sh603901,0,0,0
sh600768,0,795,0
sz002517,5080,8126,0
sh603555,0,0,0
sz300227,0,510,0
sz002084,0,0,0
sh603078,0,0,0
sz000931,0,0,0
sz002049,147874,145310,16310
sh600535,9175,13613,357
sz000040,1200,0,0
sz002716,28249,6864,535
sh603008,0,1203,0
sz300438,0,0,0
sz002730,0,0,0
sz300617,0,0,0
sz300140,6924,3995,0
sz300676,335,280,0
sz300527,1000,392,0
sz002070,0,0,0
sh600105,7707,1774,0
sz002020,1004,0,0
sh600780,0,0,0
sz000418,0,305,0
sz300394,0,0,0
sh600745,6087,4400,574
sz300537,0,0,0
sh600660,1119,7437,0
sh603599,0,0,0
sh600301,0,0,0
sz002109,0,0,0
sz002060,3342,0,0
sz300604,0,0,0
sh601005,22261,51261,0
sz002046,0,1826,3620
sz300284,0,766,0
sz002390,3254,5981,0
sh603987,0,1000,0
sz002774,0,0,0
sz300450,485,1328,0
sz300254,0,0,0
sh603899,0,2064,0
sh600123,0,4913,0
sz000096,0,0,0
sz000848,0,1278,0
sz002402,0,1300,0
sh601116,42465,30029,2475
sz002155,2743,6232,0
sh600233,0,4104,0
sh600230,6103,5409,552
sz000921,1327,1212,0
sh600323,0,0,0
sh600279,0,0,0
sz000659,7198,3300,0
sz002201,0,0,0
sh603601,0,0,0
sh603588,1007,1000,0
sh603885,0,714,0
sh603345,0,0,0
sz002836,1722,680,0
sz002149,0,0,0
sz002736,1026,0,0
sh600743,0,6766,0
sh600598,159922,92776,2954
sz300236,3098,4850,0
sh601788,1163,3498,0
sz000978,0,0,0
sh603200,0,0,0
sh603797,0,0,0
sz000150,0,0,0
sz000997,34335,8083,1920
sh600822,6408,3082,0
sz002768,7915,1397,0
sz002160,0,0,0
sz300531,2299,0,0
sz300560,0,0,0
sh600444,781,861,0
sz000722,0,0,0
sh600858,0,0,0
sz300689,0,0,0
sz000937,0,8169,0
sz000927,14246,9007,0
sz300570,0,0,0
sz002327,0,2603,0
sz002304,1712,3212,101
sz300556,5447,6259,1762
sz300465,16470,3454,0
sz002373,5604,1461,0
sz002165,0,6516,0
sz002126,20006,28771,2425
sh600674,0,4314,0
sh600645,7006,3458,0
sz300211,0,0,0
sh603519,600,0,0
sh600363,2246,1000,0
sh600984,1843,0,0
sz000519,5632,5536,0
sz002790,0,0,0
sh600667,0,10731,0
sz002611,969,2493,0
sz002496,9435,0,0
sh603906,0,0,0
sh603978,292,0,0
sh600203,4000,1300,0
sz300043,2230,0,0
