sz000889,0,1044,0
sh600730,0,0,0
sh603922,0,0,0
sh603890,0,0,0
sz002702,5107,0,0
sz002490,0,0,0
sz300109,1077,300,0
sz002303,1999,0,1787
sz000043,0,0,0
sz300065,6585,9424,1895
sh600146,6178,1738,0
sh600635,22601,16725,0
sh601228,4986,60488,1923
sh600838,0,1207,0
sh600551,0,0,0
sh600153,28992,26794,0
sh603698,0,0,0
sh601599,2000,0,0
sh603027,0,0,0
sz002923,0,375,0
sh603933,1146,767,301
sh600079,15317,7622,0
sh600645,12048,8953,508
sh600889,0,0,0
sh600532,1500,9666,0
sz000018,19997,13395,0
sz000159,3016,0,0
sz002713,466,0,0
sz002414,1727,1451,0
sz300532,0,0,0
sh601519,0,0,0
sz000070,1240,0,0
sz300287,58849,31353,1498
sh600827,0,989,0
sh603813,4740,577,359
sh601163,0,974,0
sh600369,0,5230,0
sh600674,14684,14851,0
sz002177,0,0,0
sz300435,0,0,0
sh603060,0,0,0
sh600744,0,0,0
sh600115,46421,116759,0
sh600727,2523,2714,0
sh603183,0,0,0
sz002056,13704,8275,0
sz000581,3304,3427,0
sh600743,0,9486,0
sz002514,0,0,0
sz300644,15077,16893,3995
sz002347,0,0,0
sh600028,440344,465631,3625
sh601218,0,0,0
sz002181,0,0,0
sz300710,0,0,0
sz300390,0,0,0
sz002129,348805,284860,28808
sz002135,0,0,0
sz000716,0,0,0
sz000055,1421,7457,0
sz002614,1100,0,0
sz000089,0,0,0
sh600628,0,0,0
sz300376,3586,1417,0
sh600787,4492,2025,0
sz002403,937,0,0
sh600718,1925,7887,0
sh600182,0,0,0
sz002542,0,2412,0
sz000783,0,4444,0
sz002740,0,0,0
sz300572,162,250,0
sh600199,0,0,0
sz002426,0,3000,0
sh603116,0,0,0
sh603585,0,0,0
sz000592,14768,6219,0
sz002758,0,0,0
sz000603,0,1231,0
sz300404,0,0,0
sz002268,5924,7278,500
sz002046,0,0,0
sh600360,9720,3205,0
sz300604,401,309,242
sh600857,0,0,0
sz300498,9968,24648,1534
sz300166,89797,31660,1190
sz000157,2652,33119,0
sz002504,0,0,0
sz002273,25424,24537,1137
sh600479,0,0,0
sz002697,5156,0,0
sh600295,0,0,0
sz002747,0,0,0
sh603079,0,0,0
sz000417,0,0,0
sz000848,2000,0,0
sh600099,0,0,0
sz002606,66330,45189,0
sh603976,0,0,0
sz300428,0,0,0
sz000036,0,4388,0
sh603527,0,0,0
sz002197,0,0,0
sh603608,0,0,0
sh603360,0,0,0
sh600612,0,0,0
sz300695,0,0,0
sz002291,0,0,0
sz300218,0,0,0
sz000999,800,0,0
sh600936,0,2143,0
sh600361,4964,4961,0
sh601678,29309,29642,1149
sz002671,0,0,0
sz002666,1616,2789,0
sz300650,0,0,0
sz002349,0,0,0
sz300464,0,0,0
sh603166,0,0,0
sh600550,0,1945,0
sz000926,0,3688,0
sh600209,15972,11864,0
sz002142,18490,39663,528
sh600018,93948,156531,0
sz002691,0,0,0
sh600592,0,2909,0
sz002793,0,0,0
sz300204,0,994,0
sz002088,0,807,0
sh600223,0,0,0
sh603658,518,301,0
sh600601,11468,0,0
sz002600,16742,14885,0
sz002719,0,0,0
sz000721,0,2093,0
sh603488,746,0,0
sz000333,104713,149970,11917
sz002148,1676,3351,0
sz300380,1000,0,0
sh601777,0,0,0
sz000608,2168,4075,0
sh603866,287,0,0
sh601258,10160,27832,0
sz300418,30142,19606,0
sz000530,0,0,0
sz000676,0,0,0
sh603085,0,0,0
sh600791,0,0,0
sz000895,3250,8761,0
sz300295,0,1925,0
sz002329,0,0,0
sz300582,0,0,0
sz000803,0,0,0
sz300425,9785,3558,0
sz002664,0,0,0
sz300354,0,0,0
sh603025,0,0,0
sz300611,0,0,0
sh600717,0,9508,0
sh601002,15482,13220,0
sz002117,646,0,0
sz002022,0,2031,0
sz300079,2781,9012,0
sz300333,0,2533,0
sz000933,60497,91162,2598
sz000760,0,0,0
sz000830,120070,187431,8441
sh603117,0,0,0
sh603019,85053,61311,8584
sz300148,11717,4761,3229
sz000692,0,3700,0
sh603926,0,0,0
sh603156,5890,8436,2694
sh600740,147256,191304,4829
sz000852,2119,7935,0
sh601127,0,0,0
sz002362,1175,0,0
sh600405,0,0,0
sz002193,0,5989,0
sz300342,0,0,0
sz002883,0,0,0
sh600333,0,0,0
sh600283,0,0,0
sh601211,15671,29303,799
sh600119,0,0,0
sz002724,0,0,0
sh603012,0,0,0
sh603838,0,0,0
sh603997,9635,0,0
sz300461,921,0,0
sz002393,0,0,0
sh603311,0,888,0
sh600480,902,2899,0
sz300722,319,972,324
sh600958,7056,14643,0
sz002683,0,0,0
sh603055,0,0,0
sz000885,0,1814,0
sz000932,72346,130037,6124
sz000955,3302,4558,0
sh603879,0,1001,0
sh600800,0,0,0
sz002753,601,0,0
sh601939,324205,459400,10118
sh600330,1925,6683,0
sh603721,0,0,0
sz300139,1706,0,0
sz000672,32373,76157,2470
sz002732,0,0,0
sz300672,4719,3933,0
sh603358,0,0,0
sh603232,252,0,0
sz002821,200,0,0
sz300053,2084,7821,0
sh603939,324,0,0
sz300583,0,0,0
sh600836,0,2190,0
sz002304,2045,2450,133
sz001965,3160,4751,0
sh600721,0,0,0
sh600149,0,0,0
sz000810,2156,0,0
sz300025,0,0,0
sz002282,0,0,0
sh600433,33211,44871,0
sh600636,2458,0,0
sh601126,0,0,0
sh600844,0,0,0
sz300730,2358,1847,644
sz300187,0,0,0
sh601390,76808,62448,0
sz300180,2419,2051,0
sz000816,324925,350505,20068
sz002025,4183,2725,0
sh603855,0,0,0
sh603707,527,0,0
sz300548,0,0,0
sz002832,0,0,0
sz000993,0,0,0
sz000529,0,0,0
sh600261,0,0,0
sh603345,0,0,0
sh603138,285,1130,0
sz002906,0,556,0
sz002080,1924,9651,716
sh600573,2607,0,0
sz000551,0,0,0
sh600880,0,0,0
sz300462,0,1233,0
sz002065,35604,24554,0
sh601958,4648,5972,0
sz000411,0,0,0
sh600210,0,0,0
sh601012,78847,59744,3589
sz300513,0,0,0
sz002269,0,0,0
sz002915,835,356,0
sz001896,0,0,0
sh600362,44959,98246,747
sh600423,0,0,0
sh603277,0,0,0
sz002495,0,0,0
sh600452,0,0,0
sz300554,575,0,0
sh600846,0,0,0
sh600521,3803,801,0
sz002063,30782,13631,957
sh600323,909,0,0
sz300386,0,2122,0
sh601098,0,0,0
sz002869,0,0,0
sz300438,1499,0,0
sz300556,0,0,0
sz300555,0,0,0
sz000061,0,0,0
sh600385,1700,0,0
sh603726,0,0,0
sz300040,0,0,0
sz300509,0,0,0
sz300713,640,336,0
sh600986,0,0,0
sz000768,55020,22396,1881
sz300027,136481,64789,0
sz300318,0,0,0
sh603380,0,0,0
sz000630,23241,105664,0
sz000860,6500,9156,0
sz300037,1000,0,0
sz002518,0,0,0
sh603555,2029,535,0
sz002602,1134,1914,817
sz002292,3439,0,0
sh603829,0,0,0
sz300726,0,681,0
sh603466,1737,1556,0
sh600919,24580,62002,0
sz300058,221990,149963,9395
sh600860,0,0,0
sz000021,6916,10050,0
sh603899,0,0,0
sz002871,0,0,0
sh600217,4648,7367,0
sz000639,0,0,0
sh600681,0,1001,0
sz002475,8089,17527,920
sh601377,22598,43943,0
sh603960,0,0,0
sh600519,12877,14275,2272
sh601886,0,3436,0
sz000561,0,0,0
sh603690,599,3021,0
sh600300,0,0,0
sz300191,0,524,0
sh600509,0,0,0
sz000558,9243,4927,0
sh601169,23136,73298,0
sz300667,307,0,0
sz002502,2398,0,0
sz000802,2482,0,0
sz000990,804,0,0
sz002902,359,0,0
sz002422,903,1665,0
sh601918,0,3142,0
sh601222,12733,3708,0
sz002781,0,0,0
sz000514,0,0,0
sz002780,0,0,0
sz000797,0,0,0
sh603903,0,326,0
sh600489,6421,12638,0
sh600582,0,8737,0
sz000012,1837,6475,0
sh600660,1039,9633,1248
sz300691,0,442,0
sz002459,0,0,0
sz300243,0,0,0
sz002777,0,0,0
sh603517,0,0,0
sh601177,0,0,0
sz000518,0,0,0
sz300054,1004,6783,0
sh601818,395245,510399,8824
sz000666,0,947,0
sh603518,954,0,0
sh603676,1547,998,0
sz300565,0,0,0
sz300161,3933,0,0
sh600090,0,0,0
sh603363,4456,0,604
sh601118,12193,7700,0
sz002479,13976,10882,0
sz000833,0,0,0
sz000883,0,0,0
sz300091,0,0,0
sz002021,5216,0,0
sz002352,2407,3444,0
sz002043,0,2480,0
sz000410,2842,2436,0
sz002449,6066,6401,740
sz002885,0,0,0
sz000637,0,0,0
sz300028,0,4387,0
sz300370,0,6114,0
sh603007,0,0,0
sz000767,0,0,0
sh600172,75915,118846,7727
sh603958,923,0,0
sz002041,0,1000,0
sh600567,211343,290892,0
sz002164,0,0,0
sh600020,2946,9289,0
sz002494,0,0,0
sh603788,531,0,0
sz300113,89337,60989,4959
sz000667,0,8745,0
sz300263,0,0,0
sz300125,0,0,0
sz002308,0,0,0
sz002452,0,0,0
sz002330,10591,0,0
sz300085,0,2436,0
sz000028,431,299,0
sz002361,0,0,0
sz002741,0,0,0
sh600648,0,0,0
sz002318,0,0,0
sz300432,0,0,0
sz300709,0,0,0
sz002331,2335,0,0
sh600984,2000,2600,0
sz002192,2033,5323,0
sz000731,16623,16772,0
sh600236,2021,0,0
sh601021,305,299,0
sz300520,2917,4112,1236
sz002582,0,0,0
sh603580,0,0,0
sh603203,0,0,0
sz000068,0,0,0
sz300108,0,0,0
sz000691,0,0,0
sz000550,0,1720,0
sz000728,0,5336,0
sz000877,5811,8047,0
sz002763,0,0,0
sz002850,0,0,0
sh600425,0,0,0
sh600697,0,0,0
sz000988,3169,1617,0
sz000620,2150,0,0
sz000155,7287,29750,0
sh600169,5000,4000,0
sh600760,26119,16599,775
sh600383,59612,90645,6546
sz300072,19710,13127,291
sz002766,0,0,0
sz300303,0,0,0
sz300042,0,0,0
sh600336,0,0,0
sz002765,0,0,0
sh603996,1424,0,0
sh601800,7646,7271,1952
sh600466,27216,11863,0
sh600976,0,0,0
sz300473,0,0,0
sz000800,1002,10340,0
sz002463,8126,2902,0
sz002716,547,0,0
sh603377,0,0,0
sh600033,0,0,0
sz002336,0,0,1403
sh600048,516892,682446,33952
sh600796,0,0,0
sz002296,1620,0,0
sh601880,4336,0,0
sz002521,0,6501,0
sh600284,0,0,0
sh603421,0,521,0
sh600543,0,0,0
sh603660,1401,497,0
sz002444,1310,1001,855
sh600316,1215,0,0
sz300654,0,0,0
sz000880,0,0,0
sz000601,0,0,0
sh603300,2627,0,0
sz300391,0,0,0
sh600797,4535,2181,0
sz002615,0,0,0
sz300210,0,0,0
sh603218,0,0,0
sz300687,0,0,0
sh601567,0,1265,0
sh600510,0,0,0
sh600496,0,7283,0
sh600228,0,0,0
sh600396,0,0,0
sz300213,6897,0,1744
sz000584,0,0,0
sh600649,1200,4245,0
sh603918,0,0,0
sh603685,0,0,0
sz002727,7461,5408,0
sz002608,0,0,0
sh600379,0,0,0
sh600004,609,627,0
sh603329,6520,4695,519
sz002205,792,0,0
sz000980,0,0,0
sz002070,0,0,0
sz000925,0,0,0
sz000677,0,0,0
sh600545,0,0,0
sh600321,0,9046,0
sh603103,8285,7097,459
sz000838,0,0,0
sz300442,0,0,0
sz300570,0,937,0
sz002648,3602,4644,0
sh603169,0,0,1414
sh600987,0,0,0
sz000899,0,0,0
sz002605,0,0,0
sh600892,13125,5250,0
sh600418,3764,0,0
sh600890,0,1109,0
sz300581,0,0,0
sh601388,6162,21750,0
sh600691,4774,3796,0
sz000060,31830,64415,0
sh600725,0,0,0
sh603298,761,0,0
sz300259,0,0,0
sh603083,2221,572,0
sz300712,0,0,0
sh603189,0,0,0
sh600586,0,0,0
sh600390,3056,1200,0
sz002419,12442,688,0
sz300557,0,0,0
sh600961,0,0,0
sh603789,0,0,0
sh600367,0,0,0
sz000040,2360,4760,0
sh603901,0,0,0
sz000837,0,0,0
sh603669,0,0,0
sh601231,18995,7584,1693
sz002406,0,0,0
sz000863,2276,0,0
sh600061,0,1000,0
sz002554,2755,0,0
sh600325,23185,36516,1451
sh600202,3683,0,0
sz002529,3432,1515,0
sh600650,0,0,0
sh603078,0,0,0
sh600834,0,0,0
sh603010,714,600,508
sz002453,0,0,0
sh600883,0,0,0
sh600608,0,0,0
sz002018,0,6717,0
sh600499,10479,40525,4953
sz002839,88535,82577,3308
sz002555,9792,10621,0
sz002281,21553,35901,1397
sh600703,115088,121156,9817
sh600693,0,3800,0
sz000709,76174,104243,0
sh600763,0,588,0
sz000959,0,0,0
sz002120,0,0,0
sz002277,0,2190,0
sz300551,0,0,0
sz300586,7071,16358,1097
sh600338,2123,1700,0
sh600823,7014,17538,0
sh603601,0,0,0
sh600035,0,6678,0
sh601116,0,0,0
sz300493,0,0,0
sz000778,2066,12765,0
sh600585,98661,194690,4899
sh600516,173226,257764,9094
sz000782,0,0,0
sh603612,611,279,0
sh600886,8581,10468,0
sh601669,1393,0,0
sh601900,0,3330,1111
sz000801,10318,7948,0
sz000400,2290,1025,0
sz002652,0,2132,0
sz002446,0,1438,0
sz002298,0,0,0
sz002855,0,0,0
sh600621,4009,2004,0
sz000919,0,0,0
sz300144,4167,1837,0
sh600123,5506,11181,0
sz002812,0,0,0
sz000928,0,1862,0
sz002865,0,0,0
sz002677,3974,2126,0
sz002853,0,0,0
sh600348,53471,65465,0
sz300288,0,0,0
sz000401,54380,82080,2910
sz002233,1492,1035,0
sz002506,0,2929,0
sz000404,0,0,0
sz002190,2616,3002,0
sh600249,0,0,0
sh600706,0,1401,0
sz002380,901,0,0
sz300324,35195,58616,0
sz002706,2056,4898,0
sz000737,0,0,0
sh603258,0,0,0
sh600055,0,0,0
sz002099,0,2250,0
sz300251,161985,116084,4634
sz000565,0,0,0
sz002540,1526,0,0
sh600152,0,0,0
sh600382,0,3100,0
sh600345,0,1517,0
sh603727,0,0,0
sz300480,0,0,0
sh600676,0,0,0
sz000627,0,3368,0
sh601128,4441,0,0
sz002137,0,0,0
sz002651,0,0,0
sz000911,0,0,0
sz300294,594,0,0
sz300677,1933,6216,800
sz002326,0,3262,0
sz300379,0,0,0
sz002307,0,0,0
sh603133,500,0,0
sz002585,0,0,0
sz300291,3562,0,0
sz300231,2118,5483,0
sz300036,0,877,0
sh600535,557,3465,0
sh600692,0,1404,0
sz002227,0,0,0
sh601799,243,0,0
sh603283,424,1996,0
sh600188,43418,83689,3934
sh601028,0,0,0
sz300127,0,0,0
sh600689,0,5246,0
sh600815,0,0,0
sh600677,1131,0,0
sz002861,0,0,0
sz300547,1202,222,0
sz000961,50437,45423,1594
sh603688,784,0,0
sz002788,0,0,0
sz300082,0,0,0
sz300188,8018,7056,587
sz300306,0,700,0
sh600058,0,0,0
sh603937,0,787,0
sz300153,0,0,0
sz300467,0,0,0
sh600130,6093,10889,0
sz300409,2062,5803,603
sh600310,0,0,0
sz000528,39650,37321,0
sz002653,0,0,0
sz002785,0,0,0
sz300062,0,3203,0
sh600155,2986,0,0
sz300142,7138,4110,0
sh603196,0,0,0
sz000049,1073,2466,0
sz300635,767,0,0
sz300407,0,0,0
sz000501,0,1780,0
sh603029,0,0,0
sz000570,0,0,0
sz002907,25642,22502,5202
sh603499,997,7483,1216
sz000790,0,0,0
sz300612,2446,2801,298
sz002134,0,0,0
sh600809,4048,6068,0
sh600156,0,0,0
sz002714,7082,13323,877
sh603661,0,0,0
sz300192,0,0,0
sz002387,0,3243,0
sz002531,1521,0,0
sz002811,0,0,0
sz300246,0,0,0
sz002778,0,0,0
sh600125,14139,8178,0
sh603535,0,450,0
sh600871,0,10178,0
sh600302,0,0,0
sz000909,2945,2616,0
sz002918,0,239,0
sh603388,711,0,0
sz002076,6691,15777,0
sh600600,664,3120,0
sh600789,82258,73213,3192
sz300641,0,0,0
sh600095,0,0,0
sz300123,0,0,0
sz300449,0,0,0
sh600765,17139,2146,0
sh603638,0,0,0
sz002856,2322,349,0
sz002083,0,1917,0
sh603322,0,0,0
sz000683,12247,36775,0
sz300576,0,0,0
sz002486,18181,7506,0
sh600239,2503,0,0
sz000682,0,9430,0
sz002718,0,0,0
sz300412,0,0,0
sh600563,892,1284,0
sz002322,0,0,0
sz002548,0,0,0
sz002920,2939,4430,0
sh601618,4009,33695,0
sz002272,0,0,0
sz000868,8926,19181,0
sz002873,0,0,0
sz000886,20458,16607,0
sz002332,0,0,0
sh603199,0,0,0
sz300076,0,0,0
sz002324,0,0,0
sz000887,1012,1640,0
sh601985,16683,39437,0
sh600053,0,0,0
sz002095,8029,6961,1497
sz000759,3021,1346,0
sh600963,2666,2449,0
sz300508,0,0,0
sh600022,68441,210909,0
sh603008,0,0,0
sh603767,0,0,0
sz000688,12548,9891,0
sh600590,0,0,0
sz000751,7534,7657,0
sh600981,0,0,0
sh603618,0,1579,0
sh600891,0,0,0
sz000557,0,0,0
sh600687,5543,0,0
sz002546,3000,0,0
sz300468,0,374,0
sh600505,0,0,0
sh600829,8379,6495,0
sz002593,3322,0,0
sz002845,0,510,0
sz002092,13511,51655,0
sh600546,0,2360,0
sz002806,0,0,0
sz002863,2638,3408,0
sz300610,0,0,0
sh603856,0,0,0
sz300329,0,0,0
sz002689,0,0,0
sz300689,0,0,0
sz002127,13602,23013,0
sh600555,0,0,0
sz002588,0,1462,0
sh600557,0,0,0
sh600395,7489,17823,0
sz000050,9183,9504,0
sh600197,0,4259,0
sz002862,425,0,0
sh603811,0,0,0
sz002172,0,0,0
sz300114,3719,2624,0
sh600462,0,0,0
sz300001,1035,888,0
sz002698,0,0,0
sz300431,35540,38052,4100
sz002708,0,0,0
sz300346,0,0,0
sh601901,1984,0,0
sh601398,1070984,1080821,3067
sh603978,0,0,0
sz002696,0,0,0
sz002674,0,0,0
sh600335,5000,1281,0
sh600714,0,0,0
sh600242,1507,695,0
sz000825,238058,347858,0
sz002612,0,0,0
sz002050,24791,55782,0
sz002020,8257,4651,0
sh600864,2115,0,0
sz002783,573,940,0
sh600276,3403,5578,854
sz300272,0,0,0
sh600196,7753,25971,1419
sh600768,0,0,0
sz300216,54478,72934,9296
sz000890,0,0,0
sz000755,3850,0,0
sz300131,0,0,0
sz300706,1086,422,0
sz300155,3067,0,0
sh603500,0,0,0
sh601890,0,0,0
sz300164,0,0,0
sz002833,0,0,0
sh603303,0,0,0
sh600463,0,0,0
sz002492,0,1768,0
sh603758,0,0,0
sz000488,19614,33467,0
sz002468,0,1037,0
sh600371,0,0,0
sz300245,0,0,0
sz002589,3320,1968,0
sz002665,1703,8735,0
sh600398,34205,46374,0
sh600027,14104,15359,0
sz002241,181925,194642,8235
sh603080,2344,3147,0
sz002278,26540,29742,11532
sz002159,0,0,0
sz002755,0,0,0
sz002293,0,1904,0
sh601919,27545,38666,0
sh600755,3792,14487,0
sz000605,0,905,0
sh601226,0,0,0
sh603919,0,0,0
sz002186,0,0,0
sz300537,1048,0,0
sz300639,601,284,0
sz002236,128603,121066,8574
sz300566,12165,6211,0
sh601336,20730,32581,1014
sh603578,304,377,0
sz002703,0,0,0
sh603567,0,0,0
sh603041,0,0,0
sz002379,0,0,0
sh603725,0,0,0
sh600581,32108,64383,2839
sz002439,17855,10903,0
sz002367,0,0,0
sz300045,0,0,0
sh600109,2538,6344,0
sz300022,0,2111,0
sz300014,5247,9518,626
sh600262,1618,0,0
sz000635,0,0,0
sz300686,0,0,0
sh600525,0,1411,0
sh603615,0,0,0
sz300543,0,0,0
sz002125,0,0,0
sz300660,0,0,0
sh600862,1863,0,0
sh603606,0,0,0
sz000989,1123,1407,0
sz002237,0,9663,0
sh600833,0,0,0
sh600175,4951,20279,0
sz002638,0,8992,0
sh600973,0,0,0
sz000058,0,0,0
sz300308,2432,4511,212
sz001696,2000,0,0
sh603501,1650,2652,342
sz000020,0,0,0
sz000697,2471,1084,0
sh600351,1500,0,0
sz002673,4941,3689,0
sz002897,0,0,0
sh600629,0,0,0
sz000976,12624,1513,0
sz000671,79897,60259,0
sz002926,59133,101463,873
sz300364,30352,43965,2024
sh603266,0,0,0
sh603708,588,0,0
sz300330,0,0,0
sh603416,381,0,0
sz300647,0,0,0
sh600651,0,0,0
sh600037,0,0,0
sz002552,3963,1710,0
sh601015,0,0,0
sh600111,32662,71074,0
sh600959,3388,1522,0
sh603886,650,0,0
sh603803,0,970,0
sz002792,900,1583,0
sh600080,5862,0,0
sh600746,0,0,0
sz300366,2001,1394,0
sz000633,0,0,0
sh603127,0,0,0
sh600979,0,0,0
sh600415,1978,0,0
sz300255,0,0,0
sh600025,29957,45139,0
sz002760,2216,3335,0
sz300150,0,0,0
sz300598,0,0,0
sh600279,0,3320,0
sh601689,2952,0,0
sz300178,0,0,0
sz300681,0,0,0
sh603306,0,0,0
sz300525,0,0,0
sh601798,0,0,0
sh600861,0,0,0
sh603826,0,0,0
sz002519,13147,5999,0
sz002390,0,2933,0
sh600477,2556,5654,0
sh600419,0,300,0
sz002053,0,0,0
sh600593,0,307,0
sh603979,0,0,0
sh603768,0,0,0
sh600381,0,0,0
sz300623,3229,1464,0
sz300124,36744,23302,2343
sz300258,0,882,0
sz002279,6891,3864,0
sz002055,2644,4081,0
sz300394,2873,815,0
sz300626,0,0,0
sz002715,0,0,0
sz002859,365,815,0
sz300078,11032,2738,0
sh600824,0,0,0
sz002150,0,0,0
sz000690,5127,7762,0
sh600975,0,0,0
sz002230,63331,74706,4900
sh600747,0,5000,0
sz002460,85252,78027,20323
sh603977,0,2389,0
sz002029,2619,11282,0
sh600859,0,526,0
sz300661,0,145,0
sz300669,0,0,0
sz002169,0,0,0
sh600785,0,0,0
sz000023,0,0,0
sh603663,0,0,0
sz300262,0,0,0
sz300552,0,0,0
sz002364,0,0,0
sh603229,0,0,0
sz002569,0,0,552
sz002472,0,0,0
sz300009,3737,6381,0
sz002315,0,0,0
sh600611,0,2300,0
sz300138,0,0,0
sz000421,0,0,0
sz002003,967,0,0
sz300605,0,500,0
sh603099,0,0,0
sh600066,5889,10699,0
sz300021,29008,8386,0
sz300002,8586,14248,0
sz002734,0,0,0
sh603268,0,0,0
sh600680,0,0,0
sh600422,0,7639,0
sz002644,1000,1759,0
sz000707,0,0,0
sh600269,0,14030,0
sz000785,0,0,0
sh603357,601,0,0
sz300289,0,0,0
sh600091,0,0,0
sz000090,0,0,0
sh603101,0,0,0
sz002030,0,2110,0
sz300326,2301,0,0
sh600701,2615,0,0
sz300466,1124,1173,0
sz000531,0,0,0
sh603198,0,0,0
sh601155,40026,56708,1379
sz000408,2371,0,0
sh600054,800,1444,0
sz002097,0,0,0
sz300265,0,3000,0
sz300323,12642,8652,520
sh601005,5000,14699,0
sz000819,0,0,0
sh603839,0,0,0
sh600368,0,0,0
sz000538,857,1747,0
sz002438,0,0,0
sz000715,0,0,0
sh603528,0,0,0
sz000762,871,4400,2697
sz300157,7526,7980,0
sz300585,0,0,0
sh600331,0,7651,0
sz002425,0,0,0
sz002246,0,0,0
sh603699,4436,10376,0
sz002128,16957,33301,0
sz000831,1408,9433,0
sz002239,0,0,0
sz000650,10001,0,0
sh600200,1031,1334,0
sz002261,0,1646,0
sz300523,0,0,0
sz002745,942,1499,0
sh600507,65500,150541,9023
sh603678,957,508,0
sh600141,5784,22866,0
sz002073,35619,60509,6303
sz300657,922,0,0
sz000517,69340,40077,0
sh600841,0,0,0
sh600108,13260,0,0
sh600992,0,0,0
sz300426,600,18724,0
sz002222,6069,3720,0
sh601368,0,0,0
sh600609,0,2380,0
sz000726,0,0,0
sz300249,0,2970,0
sh600101,0,0,0
sz002685,3452,1177,0
sz002467,0,7994,0
sz002476,0,4424,0
sz002536,0,0,0
sz300279,0,0,0
sh603966,0,0,0
sz002637,0,0,0
sh600469,2484,0,0
sz300035,0,0,0
sz300700,174,823,0
sz300482,0,0,0
sz002922,0,434,0
sz300261,0,0,0
sz002040,0,0,0
sz300530,0,0,0
sh600584,87933,72475,2798
sh600775,0,0,0
sh601198,0,4780,0
sz002356,0,0,0
sh600603,2662,3763,0
sh603168,0,0,0
sh600970,16369,51297,2304
sz000681,2918,6780,0
sz002105,3800,0,0
sz300334,982,1650,963
sz300506,0,0,0
sz000727,19816,19965,0
sz300311,0,0,0
sh603703,0,0,0
sh601996,0,0,0
sh603009,2028,6124,0
sz002633,0,0,0
sh603898,0,0,0
sz300483,0,0,0
sz002909,0,0,0
sz300084,0,0,0
sz000543,0,6111,0
sz002498,0,0,0
sh600596,31957,33279,993
sh600795,38656,126697,0
sz000975,0,3000,0
sz300602,0,0,0
sz000701,0,0,0
sh603180,175,1679,0
sz002505,0,4780,0
sz002258,541,2310,0
sz002176,23917,73660,0
sz002629,0,0,0
sh601101,2024,13366,0
sz002360,0,0,0
sz300175,0,0,0
sh600644,0,0,0
sz300534,0,0,0
sz300577,0,184,0
sz002247,5339,1685,0
sz000985,0,0,0
sz300481,0,606,0
sh600993,0,2796,0
sz000979,119524,80554,0
sh600298,1632,4534,0
sh601888,21160,38231,3209
sz300297,1323,0,0
sz300340,742,2681,0
sz002640,23511,11238,613
sz002267,0,0,0
sz300490,0,0,0
sz300692,834,337,0
sh600737,6777,0,0
sh603157,0,0,0
sh600835,3117,2389,0
sh601858,0,0,0
sh600720,42010,70256,0
sz000631,0,5363,0
sz000836,60056,12929,0
sz000045,0,0,0
sz000712,800,0,0
sh603338,1867,159,0
sz002571,0,0,0
sh603569,0,0,0
sh603089,0,0,0
sz300460,0,0,0
sh600560,1622,4246,0
sz300696,0,0,0
sh603331,0,0,0
sz002183,14263,0,0
sh600683,3796,0,0
sz000008,2000,1376,0
sz002469,0,0,0
sh600104,43697,47268,1010
sz300239,0,0,0
sz300348,8004,1704,0
sz300702,0,0,0
sz000659,2865,3000,0
sh600039,0,0,0
sz300591,0,0,0
sh600346,6932,38154,0
sh603011,2956,0,0
sz300643,0,0,0
sh603600,0,0,0
sz000042,0,0,0
sz002144,0,0,0
sz300731,399,0,0
sz002015,0,0,0
sh600230,2286,11895,763
sh600598,3205,11635,0
sh600712,0,0,0
sz300693,650,0,0
sz002842,535,1272,0
sh600023,16252,12029,0
sh600722,0,0,0
sz002712,0,0,0
sz000809,0,0,0
sz000915,0,446,0
sh600863,0,0,0
sz300260,0,0,0
sh603507,0,0,0
sh600057,0,0,0
sz300339,0,1120,0
sz002790,0,0,0
sz300678,1165,0,0
sh603818,0,0,0
sz300017,383171,244852,30218
sh603023,0,0,0
sz002216,2101,0,0
sz000611,0,0,0
sz300402,0,0,0
sz300121,0,0,0
sh601016,0,0,0
sh600566,4989,3013,0
sz002488,11965,1050,0
sh603683,0,634,0
sz300559,0,0,0
sz002858,0,0,0
sz002203,0,5751,0
sh601558,0,0,0
sz002688,0,0,0
sz002577,0,0,0
sz002799,0,0,0
sz002513,0,0,0
sh600508,1200,2639,0
sz000861,0,0,0
sh603226,0,0,0
sz002305,0,0,0
sh601100,0,0,323
sz000811,0,0,0
sh603989,0,0,0
sh600315,727,297,0
sh600328,0,1168,0
sz300377,6721,5452,0
sh603278,0,0,0
sz000750,0,13730,0
sz000613,0,0,0
sz002887,0,0,0
sz000011,0,910,0
sz300427,0,0,0
sz300601,3744,3447,0
sh603233,482,0,0
sz002707,4889,1954,0
sh603680,0,0,0
sz300397,0,0,0
sz002378,0,0,0
sz300167,1510,10687,0
sh603456,1380,601,0
sz002750,0,0,0
sz000983,72432,77789,0
sh601992,43367,78150,0
sh600287,0,0,0
sh600640,0,0,0
sh600513,0,0,0
sh603656,0,0,0
sh600707,20802,2608,0
sz000548,0,0,0
sz000567,1479,0,0
sh600702,9789,11577,0
sz002798,243,997,0
sh601038,0,0,0
sh600995,0,0,0
sz300456,2791,4144,689
sz002069,25505,18483,2410
sh601212,5162,2429,0
sh603801,264,1309,0
sz000626,0,1499,0
sz002381,0,0,0
sz002489,2501,0,0
sh603577,0,0,0
sz300305,0,0,0
sh603825,0,0,0
sz300013,0,0,0
sh601106,0,0,0
sh603619,344,1412,0
sz000917,10780,7820,0
sz002404,0,0,0
sz300268,3094,1611,0
sh601019,2863,3392,0
sz300129,4000,2000,0
sz000587,0,3600,0
sh600097,0,0,0
sz000589,0,0,0
sh600151,6556,1953,0
sz002559,0,0,0
sz300293,0,0,0
sh603557,0,4521,0
sh603386,657,1543,0
sh603002,0,2514,0
sz002657,1623,2097,0
sz002730,0,0,0
sh600375,0,0,0
sh601069,825,1061,0
sh603906,0,0,0
sz300568,0,0,0
sz300453,0,0,0
sz000960,17369,36216,685
sz002921,0,0,0
sz300252,2024,7397,1419
sz002077,0,0,0
sz002624,9891,6067,398
sz002722,0,0,0
sz002889,0,0,0
sz000876,13445,51096,0
sh600690,180156,276142,8670
sz000607,0,0,0
sz002687,0,0,0
sz002185,125562,136611,0
sz002537,0,0,0
sz300471,0,0,0
sz300034,1916,0,0
sz002104,4260,0,0
sz002179,7678,2049,0
sh603920,634,0,0
sz000937,11180,6519,0
sh600110,35818,26034,0
sh603389,0,0,0
sh600867,3179,2156,0
sz002663,0,4774,0
sh600511,4421,400,0
sh603444,78,154,0
sz300381,0,0,0
sz002762,0,0,0
sz002253,0,0,0
sh601009,115622,207107,0
sz000032,1721,0,0
sh600529,0,0,0
sh603368,0,0,0
sz300132,0,0,0
sz300010,3802,2010,0
sh600193,0,0,0
sz002553,0,0,0
sz002232,1846,0,0
sz000952,0,0,0
sz300491,0,0,0
sz300044,6061,14003,0
sz002221,2591,3488,0
sz300211,0,0,0
sz002435,0,0,0
sh600211,1009,0,0
sz002868,0,0,0
sz300621,0,0,0
sz002191,5036,6726,0
sz002717,0,0,0
sh603716,462,0,0
sh603909,0,0,0
sz000918,0,0,0
sz300398,1308,513,0
sh600876,0,686,0
sh601168,19622,17651,0
sh603165,0,0,0
sz002860,0,0,0
sh603108,0,0,0
sz002188,22845,24388,0
sh600933,0,0,0
sh600271,5525,9760,0
sz002802,0,0,0
sz300088,185472,99296,0
sh600900,21290,7772,0
sh603602,430,345,0
sz002837,0,1710,0
sz300632,0,0,0
sh600501,4931,1496,0
sz002376,14104,29154,0
sh601677,1471,0,0
sh600774,0,0,0
sz002155,0,4249,0
sz002639,0,0,0
sh600248,0,0,0
sz300500,0,0,0
sz300158,5852,2348,0
sz002583,1241,801,1389
sh603385,0,0,0
sh600400,0,0,0
sh601699,204928,278789,4972
sz300478,0,0,0
sz000150,0,0,0
sz002916,17531,16132,2276
sz000968,0,0,0
sz002027,141521,116299,7099
sz300206,0,0,0
sz300358,0,0,0
sz000407,0,0,0
sz002300,0,0,0
sh600163,0,0,0
sh600652,4152,0,0
sh600822,1694,785,0
sh600136,856,0,0
sh603005,1770,750,0
sz002048,3163,8023,0
sh600493,0,0,0
sh600779,2488,1893,0
sz300256,0,0,0
sz002658,0,0,0
sz300516,0,0,0
sz000563,2500,7143,0
sz002515,1486,1896,0
sz002031,5000,0,0
sz300015,5729,5690,350
sz002432,0,1775,0
sh600894,0,0,0
sz300437,0,0,0
sz300387,0,0,0
sz002471,13481,36056,0
sz002107,0,0,0
sh600745,1321,805,0
sz002170,0,0,0
sz300200,0,0,0
sz300209,0,0,0
sz002573,18011,24705,0
sz300277,34399,51467,949
sz002769,0,0,690
sh600166,0,17802,0
sz300708,1389,5339,438
sh600468,0,0,0
sz002078,23849,54665,942
sz000851,0,0,0
sz000546,0,10396,0
sz002173,0,0,0
sh603178,0,0,0
sh600637,1412,1208,0
sh603991,0,0,0
sz002061,2639,3638,0
sz300475,0,0,0
sz002681,2123,5970,0
sh600853,0,0,0
sz000632,0,0,0
sh603188,0,0,0
sz002328,0,0,0
sz002736,1069,4825,0
sz000963,773,1591,0
sz002243,0,0,0
sh601881,8559,26232,0
sz000663,45608,0,0
sh600077,0,0,0
sh600664,124585,232009,0
sh600235,0,0,0
sz300020,0,3921,0
sz002110,53804,64873,2211
sz002429,4235,10179,0
sz300041,3159,1733,0
sz002480,0,0,0
sz002006,0,0,0
sz300344,5498,5664,0
sz000821,1839,0,0
sh600311,0,8316,0
sz002838,0,0,0
sz000507,2622,3538,0
sh600220,0,0,0
sz300512,0,0,0
sh600103,4000,0,0
sh600143,0,0,0
sz300343,20424,13241,2162
sz300228,0,1094,0
sh603058,17973,21363,4469
sh603900,570,0,0
sh600222,0,0,0
sz300489,0,0,0
sh601007,0,0,0
sh600481,0,0,0
sh601137,940,0,0
sz002562,0,0,0
sz002891,0,0,0
sz300558,2775,1423,0
sz300096,951,0,0
sz002675,0,0,0
sh601166,334450,396922,1828
sz002086,4518,2227,0
sz002791,0,0,0
sh603359,0,0,0
sh600350,0,4000,0
sz000560,0,0,0
sz002089,56601,73754,4042
sz002250,0,0,0
sh600668,0,0,0
sh603477,2187,0,0
sz300434,0,0,0
sz000505,0,0,0
sh603888,4938,5203,615
sh603589,457,1723,0
sz300176,779,974,0
sz300732,0,574,0
sz300030,0,0,0
sh600599,0,0,0
sz002323,0,0,0
sz002625,400,0,0
sz000789,18940,55895,5572
sh600436,2179,2984,203
sh603159,0,0,0
sz002535,0,0,0
sz300684,2149,3236,0
sz000537,16731,18530,0
sz002399,0,577,0
sh603808,0,515,0
sz002617,703,0,0
sz002527,0,0,0
sh603113,0,0,0
sh603861,0,0,0
sh600313,21376,57631,0
sz300274,9989,10892,0
sz300698,0,835,631
sz300338,0,0,0
sz002255,0,0,0
sz002927,0,0,0
sz002316,0,0,0
sz002815,0,0,0
sz300410,2507,793,0
sz000153,0,0,0
sh603100,0,0,0
sz300163,0,0,0
sz002831,0,0,0
sz300357,0,0,0
sh603167,0,0,0
sz300310,6645,1760,0
sz000708,0,2650,0
sh603823,0,0,0
sh600448,0,0,0
sh600619,0,0,0
sz002271,1718,4536,0
sh603126,1237,0,0
sh603508,0,0,0
sz002848,0,0,0
sh601857,32143,94323,0
sh600358,0,0,0
sz002733,0,0,0
sh600716,0,0,0
sh601991,0,2761,0
sz002910,0,0,0
sz002275,0,0,0
sz000970,2961,7300,0
sz300234,0,0,0
sh603777,0,0,0
sz300093,0,0,0
sh600537,0,0,0
sh600219,33184,81418,0
sh603955,0,0,0
sh601999,0,0,0
sz002401,0,1130,0
sh600460,270547,258651,12996
sh600317,0,4100,0
sh600285,1500,4635,0
sz300589,0,0,0
sz300651,0,0,0
sz300281,1998,1091,0
sz002825,3521,613,0
sh603639,0,0,0
sh601238,0,1663,0
sz300250,0,0,0
sz300587,0,0,0
sz002819,0,0,0
sz002866,1047,9580,0
sh600559,0,0,0
sz000705,0,0,0
sz002054,12448,6630,0
sz002348,0,0,0
sh603308,0,0,0
sh601088,73669,143019,2650
sz002669,0,0,0
sz000030,0,0,0
sz000823,14335,24581,0
sz300316,24460,37370,3366
sz002162,0,0,0
sh600498,20605,16368,671
sh600686,0,970,0
sz300165,0,0,0
sz000576,36215,5122,0
sz002808,0,0,0
sh601633,9696,3550,0
sz300070,19590,12044,0
sh600997,2131,10626,0
sz300549,0,0,0
sz002925,23189,40600,5913
sh601601,16196,27462,470
sz002827,0,0,0
sz000997,769,2096,0
sz000788,0,0,0
sh603018,0,0,0
sz002339,1247,0,0
sz300115,26090,19569,0
sz002210,47857,17225,827
sz300024,8858,5887,0
sz002558,1851,320,0
sz000791,0,0,0
sh603858,716,1132,0
sh600839,0,62920,0
sz002567,0,2000,0
sz000736,600,670,0
sz300633,0,0,0
sz000869,0,836,0
sh603039,230,921,0
sh603987,0,0,0
sh601965,0,0,0
sz300347,1876,622,0
sz002028,17114,764,0
sz002508,16605,0,0
sz300147,0,0,0
sz000922,0,1982,0
sz000519,7737,0,0
sz300562,2399,9282,0
sh600366,612,0,0
sz002039,0,664,0
sh600297,1655,0,0
sh603396,0,0,0
sz002405,33609,43749,1143
sh600170,0,9274,0
sh600488,0,0,0
sh600748,0,0,0
sz300671,1169,1294,0
sh603319,0,0,0
sz002242,639,0,0
sh603556,0,0,0
sz000700,0,0,0
sz300637,0,0,0
sz300631,0,0,0
sh600969,0,0,0
sh600455,0,0,0
sz002285,108344,52722,1060
sz300413,2373,3964,345
sz002893,457,500,0
sh600663,0,0,0
sz300701,0,0,0
sz002888,0,0,0
sz000850,0,0,0
sz002686,0,0,0
sz000958,0,4000,0
sz002011,0,0,0
sz300117,0,0,0
sz002175,7654,0,0
sh600896,0,0,0
sz000733,1120,2016,0
sz000069,47862,64851,0
sh601929,0,3927,0
sz002424,0,1744,0
sh601608,0,3502,0
sh600438,10808,25385,0
sh600547,9624,23628,0
sz002618,0,0,0
sz002395,0,0,0
sz000735,65937,48174,0
sz300203,1639,5757,0
sz000835,0,0,0
sh600626,0,0,0
sh603912,499,0,0
sh603288,202,1280,0
sh600389,0,0,0
sh600865,0,0,0
sz300120,0,0,0
sh601933,89930,204477,1033
sh600435,13896,8334,0
sz000967,0,1493,0
sh600339,0,0,0
sz000670,20116,24301,2021
sz002872,0,376,0
sz002228,0,0,0
sz002383,2380,580,0
sz000725,2183655,2334183,20733
sh603313,413,0,0
sz300399,678,0,0
sz002568,0,0,0
sz300459,5448,5000,0
sz000010,0,0,0
sz002886,431,0,0
sh600617,0,0,0
sz002386,0,2038,0
sz002138,0,0,0
sz300485,0,0,0
sz300282,0,0,0
sz002737,7141,1850,304
sh600630,0,0,0
sh600096,0,3710,0
sz002890,0,0,0
sz002071,0,12271,0
sz002060,0,5003,0
sz300550,0,0,0
sz000662,1147,9284,0
sh600868,254598,377086,43523
sh603496,0,0,0
sh600624,0,4437,0
sh603859,0,0,0
sz300503,0,0,0
sz300322,7778,1403,0
sh600036,173339,248940,5953
sz000921,4553,0,0
sz000710,370,0,0
sz002810,1217,4434,0
sz300227,1221,928,0
sh603686,0,0,0
sh600732,0,0,0
sz300313,0,0,0
sh600231,7538,29778,0
sh600198,12183,8300,0
sz002115,0,0,0
sh600879,56280,26202,0
sz002728,0,0,0
sz300016,0,0,0
sz002042,0,0,0
sh600506,0,0,0
sz300073,436,3353,0
sz300553,0,0,0
sh601366,0,3505,0
sz002338,0,0,0
sh600168,0,0,0
sz002462,1716,418,0
sz000910,1398,8531,0
sz002038,2706,1485,0
sz000655,0,0,0
sh600416,6710,6124,0
sh600456,2931,0,0
sh601952,6513,2662,0
sh603042,0,0,0
sz300676,2884,4123,1095
sh601339,0,0,0
sh603260,6166,2075,0
sh603617,0,0,0
sz300720,0,0,0
sh601158,0,0,0
sz002093,1748,0,0
sz000418,3962,3163,0
sz002224,0,0,0
sz300005,0,0,0
sz002581,721,0,0
sz000503,78648,61629,11439
sh603098,0,0,0
sz002416,1610,0,0
sz300419,0,0,0
sz300440,0,0,0
sz002670,0,862,0
sh603799,48524,58279,9564
sz002813,400,0,0
sz300174,0,0,0
sz002911,5142,4650,913
sz300590,469,0,0
sz002470,1300,1890,0
sz002534,0,1100,0
sh603586,0,0,0
sz002461,0,0,0
sz002335,0,0,0
sz002772,0,0,0
sz002026,0,0,0
sh603689,0,0,0
sz002156,0,25102,0
sz300369,15838,5874,0
sh601208,0,0,0
sz300133,138467,58764,5782
sz300533,0,0,0
sz000935,2485,3440,0
sz300321,0,0,0
sz300048,0,0,0
sh600724,0,0,0
sz002132,7560,0,0
sz002898,0,0,0
sh600698,8010,0,0
sh603882,0,0,0
sz002266,0,6081,0
sz002635,146818,73849,7053
sh600010,34735,41873,0
sh600667,27034,36583,0
sz000591,0,2253,0
sz002019,16005,9674,0
sh600556,2604,0,0
sz002059,0,0,0
sh600305,2452,2185,0
sz300063,0,2360,0
sh600769,0,0,0
sz000652,0,0,0
sz002709,1935,5737,221
sh600696,0,0,0
sz300600,0,589,0
sh600728,4281,11075,0
sh600009,13745,13660,861
sz300371,0,0,0
sh600428,0,0,0
sh600216,11177,12391,702
sz002586,0,1500,0
sh603701,0,0,0
sh600778,2941,0,0
sh600643,6638,19454,0
sz300705,0,0,0
sz002319,0,0,0
sz002368,1229,1626,0
sh603980,589,627,0
sh601899,886060,1022543,2740
sh603321,0,0,0
sz002265,0,0,0
sh600138,3469,7768,0
sz002109,0,3489,0
sz002200,1505,0,0
sz002817,0,0,0
sh600008,21569,38819,0
sh600184,0,0,0
sh603798,0,0,0
sz300023,0,0,0
sz300202,0,0,0
sz002391,0,0,0
sz002654,0,0,0
sz300367,21292,11032,0
sh603050,0,0,0
sz300137,2995,3683,0
sh600129,0,0,0
sh600723,0,0,0
sz300563,0,0,0
sz000957,0,0,0
sh603355,0,383,0
sz002166,1000,0,0
sz002178,39909,25960,1979
sh600127,0,0,0
sz300620,0,0,0
sh603111,14509,1912,0
sh603828,1320,0,0
sz000573,0,0,0
sh603200,0,0,0
sh603797,1252,595,0
sh600406,6058,11868,801
sh600939,0,0,0
sh601616,0,0,0
sz002642,8034,3386,0
sh600990,1983,2557,0
sh600000,112194,106675,0
sz002369,0,9707,0
sz300162,0,0,0
sz300229,5071,1853,0
sh600500,0,1727,0
sh600213,0,0,0
sh600999,10688,20363,0
sh603985,0,0,0
sz002174,13648,5866,0
sh600250,0,0,0
sh600307,55008,35815,0
sz300624,2140,1521,212
sh600897,0,0,0
sh603968,0,0,0
sz300055,1036,2398,0
sh600094,4972,0,0
sz002771,0,0,0
sz300630,0,0,0
sz002627,0,0,0
sz300628,537,150,0
sh600926,3524,12484,0
sz002544,2818,5152,0
sz002752,0,0,0
sz002231,0,0,0
sh600363,1000,1000,0
sz002879,965,1463,0
sz002779,0,0,0
sz000597,11427,4475,0
sz300230,1494,0,0
sh600444,0,0,0
sz000066,13488,17557,0
sz002204,0,15893,0
sh600825,0,0,0
sz002114,0,717,0
sh603609,0,0,0
sh600982,0,0,0
sz300476,15167,7826,0
sh600026,2020,0,0
sz002628,0,0,0
sz000063,246383,272725,33637
sz002880,309,0,0
sh600207,16925,15454,0
sz002787,0,0,0
sh603766,2000,0,0
sz002478,0,0,0
sz300527,600,13000,0
sz300433,19521,12773,0
sh600694,286,336,0
sz002768,443,446,0
sz002659,0,0,0
sh600195,1132,3709,0
sz002102,0,12824,0
sz002742,10360,988,0
sz000798,0,0,0
sz000002,89686,137270,3204
sz002153,7066,9097,2932
sz300636,0,0,0
sh603365,939,0,0
sz000409,0,2876,0
sh600781,0,0,0
sz002561,0,0,0
sz002284,1894,0,0
sz000905,0,0,0
sz002288,6762,79206,0
sz002359,15332,21021,0
sh600329,0,0,0
sz300196,0,0,0
sh603179,0,0,0
sz300006,3432,0,0
sz002917,0,0,0
sh603239,0,0,0
sz300719,0,488,0
sh600083,0,0,0
sh600971,999,20983,0
sz300675,0,403,0
sz002579,0,0,0
sz000651,371293,494746,41201
sz000901,3853,4746,0
sz002551,0,0,0
sh600754,2785,1698,0
sz002388,0,0,0
sz300721,0,0,0
sh603336,0,0,0
sh603227,0,0,0
sh601375,7074,10974,0
sh603712,0,0,0
sh600622,0,1761,0
sh601636,98732,164168,4199
sh603067,0,0,0
sh600218,0,0,0
sh601006,39695,26560,0
sz300236,7718,43404,0
sz300184,0,0,0
sz000059,1625,8291,0
sz002302,6249,2391,0
sh600620,0,0,0
sh601688,53559,107406,3960
sz002346,0,0,0
sh600225,0,4000,0
sz300652,0,0,0
sz002682,0,0,0
sh603238,0,0,0
sz002074,3195,1781,0
sz000539,0,0,0
sz300201,0,0,0
sh603001,0,0,0
sh600238,2871,0,0
sh603515,555,600,0
sh600633,0,3313,0
sz002421,4147,7508,0
sz300615,0,0,0
sh603883,178,586,0
sh600758,0,0,0
sz002262,0,0,0
sz300405,0,0,0
sz300052,909,1010,0
sz002108,1078,5058,0
sz002297,6967,3092,0
sh603186,0,0,0
sz300531,0,0,0
sz300446,0,0,0
sz002091,0,0,0
sz000686,1378,0,0
sh603017,0,0,0
sh600132,0,0,0
sz000062,0,0,0
sh601579,0,0,0
sz000806,16851,17466,0
sh603208,0,0,0
sz002603,800,0,0
sh600291,1914,6561,0
sh600137,0,0,0
sz300679,329,674,129
sz002100,0,0,0
sh603816,2178,4892,0
sz000938,1710,444,0
sh600081,0,0,0
sz300099,0,0,0
sz000037,0,0,0
sz002049,46625,61075,4719
sh603588,0,0,0
sh603738,0,1710,0
sz300740,6367,9591,2757
sz300470,0,0,0
sz002632,0,0,0
sh601600,18708,0,0
sz300130,0,0,0
sh600267,3533,809,0
sz300296,45738,12172,506
sh603722,379,0,0
sh601011,9033,10198,0
sh603269,0,635,0
sz300237,0,0,0
sh603637,0,0,0
sh600409,16315,32072,0
sz002290,0,0,0
sh600531,1561,16255,0
sz300683,0,0,0
sh601333,9663,36784,0
sz300217,0,5000,0
sh600538,0,0,0
sh600719,0,0,0
sz300190,0,0,0
sh600487,74994,78673,6051
sz300665,0,800,0
sz002797,15744,45387,0
sh600647,0,0,0
sh600805,0,0,0
sz300422,0,0,0
sz002124,1325,4781,0
sz000739,0,0,0
sz002214,0,0,0
sz002847,0,0,0
sh600158,24726,7518,0
sh600266,2000,4930,0
sh600570,24774,16116,2465
sh600605,4221,0,0
sz000722,0,1200,0
sz300535,0,0,0
sz002803,0,0,0
sz000009,0,10902,0
sz300235,0,0,0
sz002457,11554,4434,0
sz002912,613,336,95
sz300304,5006,0,0
sz000818,6392,1533,0
sz002757,0,0,0
sz000151,0,0,0
sz300417,0,0,0
sz002215,0,3297,0
sh601018,18151,23220,0
sz300393,6035,0,0
sz000504,0,0,0
sz300195,0,0,0
sz002547,31101,8296,3058
sz002051,0,0,0
sz300487,31701,51717,4580
sz002149,2141,0,0
sz000761,14824,16240,0
sz300518,0,323,0
sh600812,0,0,0
sz000582,0,0,0
sz300335,1648,1735,0
sh600731,0,3000,0
sh600449,1046,1854,0
sh600475,0,0,0
sz002208,0,1600,0
sz002062,0,0,0
sz002773,1091,0,0
sz002009,4903,5022,0
sz300451,16006,8274,347
sz002152,22126,22830,0
sh600326,0,1879,0
sz002522,2048,2648,0
sh600278,0,0,0
sz000428,0,0,0
sh603225,830,652,325
sz002820,0,0,0
sz300716,0,521,0
sz002473,0,0,0
sh600654,0,0,0
sh600978,1200,0,0
sz002786,0,0,0
sz001979,139259,190138,4479
sz300104,796477,669724,39969
sh600562,1543,1169,0
sh603616,46339,54256,11674
sh603129,0,0,0
sz300011,0,1757,0
sz002903,909,484,0
sz300502,7840,2566,0
sz300302,0,0,0
sz002690,565,2261,0
sh601113,0,0,0
sz300149,0,1093,0
sz002417,0,0,0
sz002133,0,0,0
sh600439,25272,7636,0
sz002735,0,0,0
sz300300,656,0,0
sh600259,0,1392,0
sh600420,0,0,0
sz000622,0,0,0
sz002436,0,3894,0
sz000698,0,2668,0
sz002016,20759,40745,805
sz000166,6262,36777,0
sz000005,0,0,0
sz002761,0,0,0
sz002532,0,0,0
sz300018,0,0,0
sz002564,0,1403,0
sz300106,0,0,0
sz300447,0,0,0
sh600343,15474,9682,0
sz002014,1190,0,0
sz002157,0,3510,0
sh601001,0,31822,0
sz300486,0,0,0
sz002448,2463,3503,0
sz000729,2000,6432,0
sh600819,0,0,0
sz002229,40140,15240,2427
sz000625,3361,47450,0
sz002340,148839,196996,0
sz002610,4849,10503,0
sz000017,0,0,0
sh600056,18459,10558,0
sh603970,0,420,0
sz002007,2068,1928,0
sh601872,0,0,0
sz300182,9949,21045,0
sh600370,0,0,0
sz300382,1700,924,0
sz000426,9249,53200,2285
sz002079,6494,3168,0
sz300107,93738,98195,1352
sh601866,0,0,0
sh600173,0,0,0
sh600657,0,0,0
sh600011,8138,1699,0
sh601949,0,5310,0
sz000678,0,0,0
sz300181,0,2036,0
sz002101,0,0,0
sh601500,0,0,0
sh600178,0,0,0
sz300066,0,0,0
sh600523,0,0,0
sz300439,0,0,0
sz002201,0,0,0
sz000595,0,0,0
sh600782,46956,93670,0
sh603757,0,0,0
sh603566,0,0,0
sz300221,1040,852,0
sz002447,43922,31793,0
sz002908,1109,798,0
sz300488,350,0,0
sz002723,0,874,0
sh600201,2833,2928,0
sh600105,0,0,0
sz000422,0,0,0
sh600616,0,0,0
sz300515,0,0,0
sz000981,0,0,0
sh603063,0,0,0
sz002256,0,10320,0
sh600476,0,0,0
sz300097,459,0,0
sh600872,1193,1851,0
sz002795,0,0,0
sz300179,0,0,0
sz300542,3479,2962,0
sh600190,0,0,0
sz300501,0,0,0
sz002187,0,0,0
sz300443,0,0,0
sz002068,11536,2002,1068
sh600377,4063,3348,0
sh600015,21778,71357,0
sh601882,1117,8469,0
sz300199,0,0,0
sz002382,2715,4286,0
sz002864,0,0,0
sz002748,0,0,0
sz002684,9080,0,0
sz000859,0,0,0
sh603895,4421,3566,832
sh603299,0,0,0
sh603026,0,1046,0
sz002195,35906,25778,0
sh600821,0,0,0
sz000498,0,2400,0
sh603076,0,0,0
sz002244,0,9959,0
sh600741,9412,9594,0
sh601997,16969,51528,0
sh601326,0,5215,0
sh603568,0,0,0
sh603878,0,0,0
sh600884,30706,22809,1194
sz300254,0,0,0
sh600526,3034,0,0
sz000572,0,0,0
sh603022,1606,947,0
sz002500,5333,5628,1748
sz300595,0,0,0
sh600380,4367,14691,0
sz300314,0,0,0
sh600114,0,2868,0
sz000610,0,0,0
sz002466,57219,59700,10020
sh600016,100932,194831,1146
sz300378,2114,3853,0
sz000893,35251,51262,0
sz002136,0,4557,631
sz000100,536516,603780,0
sz000416,0,0,0
sz300031,0,0,0
sz000301,0,0,0
sz300511,0,0,0
sz000987,0,0,0
sh601020,0,0,0
sz000920,0,1500,0
sz002280,4982,0,0
sz002431,2548,5784,0
sz300737,2428,2665,0
sh601811,0,0,0
sz002342,0,9583,0
sh600520,0,5486,0
sz300118,0,0,0
sz002840,6404,0,0
sz002756,500,0,0
sh600353,0,0,0
sz300690,0,0,0
sz300170,114611,59706,5822
sz002474,2746,0,0
sh600898,0,0,0
sz002294,2805,7956,0
sz000559,0,1400,0
sh600998,0,4577,0
sz002824,0,0,0
sh600059,0,3710,0
sh603367,0,564,0
sz000752,0,0,0
sh601808,2060,9407,0
sh600885,287,311,0
sz300609,0,0,0
sz300729,0,0,0
sz002400,11553,4251,0
sz000732,124779,125185,16884
sz300332,0,0,0
sz002409,1135,705,0
sh603305,0,0,0
sh600161,1902,1628,0
sh600352,147054,135138,0
sh600256,5415,14264,0
sz300569,0,0,0
sh600517,7339,0,0
sh603969,917,1100,0
sz002597,2638,23859,0
sh600495,9572,2285,0
sh600478,0,10255,0
sh603871,4485,896,201
sh600410,1150,2522,0
sh601801,0,0,0
sz300299,0,3126,0
sz000545,2646,3387,0
sz002392,2404,2728,0
sh601086,54583,62714,0
sh600575,0,3000,0
sz300207,18369,7815,0
sz002572,2459,8721,662
sh600482,2426,3128,0
sz002477,3063,12433,0
sz002430,9860,0,0
sz002412,0,0,0
sz002276,1400,0,0
sz002123,0,0,0
sh600548,1650,0,0
sz002641,0,0,0
sh600577,0,0,0
sz300185,0,7374,0
sz000971,0,1737,0
sh603889,4424,976,0
sh600811,0,9146,0
sh603028,0,0,0
sz002496,4552,4626,0
sz000892,1500,0,0
sz000813,1274,0,0
sh600540,0,0,0
sh600613,0,1500,0
sz002563,7450,5840,0
sh600565,7149,5112,0
sz000541,0,0,0
sz002064,5916,2692,0
sz000048,0,0,0
sz300197,4956,4097,0
sh600019,472842,720094,19464
sh600308,0,3656,0
sz300220,875,0,0
sh601099,48100,41556,0
sz002729,5926,5448,0
sz000995,1718,1162,0
sz002650,348762,236443,2758
sz002199,0,0,0
sz000858,54842,68770,6487
sz002443,3030,0,0
sh600392,16838,43185,1688
sz002234,6463,11641,1068
sh603000,962,3925,0
sz002094,628,1550,0
sz002830,1962,0,0
sz300273,1299,0,0
sz000521,0,2800,0
sz002595,0,576,0
sz002800,0,0,0
sz002286,0,0,0
sz002106,0,0,0
sz300215,0,0,0
sz000972,0,0,0
sh600252,0,3000,0
sz300592,0,0,0
sz002516,0,2540,0
sh603628,0,0,0
sz002867,4619,15604,0
sz002526,0,0,0
sz300320,0,6834,0
sz000423,2327,3058,0
sz002646,0,0,0
sh603787,0,0,0
sz300189,3237,0,0
sh601878,1416,0,0
sz300365,307,299,0
sz002587,0,0,0
sh603607,0,0,0
sh600075,0,0,0
sh600597,770,2741,0
sz002849,0,0,0
sh603869,0,0,0
sh603559,25859,29849,8944
sz002310,19886,9383,0
sh600340,39319,59870,1863
sz300276,2274,21909,0
sz002807,4486,1329,0
sz000711,910,813,0
sz002491,18944,16650,0
sh600265,800,0,0
sh600675,0,0,0
sz000523,0,0,0
sz300469,0,0,0
sz300102,7906,0,0
sh601966,0,539,0
sz002668,27140,6355,0
sz002594,9386,15332,659
sh601010,0,0,0
sh603090,0,0,0
sz002796,500,0,0
sh600215,0,0,0
sz002375,0,0,0
sz002841,377,0,0
sh600319,0,0,0
sh600739,2104,0,0
sz002774,0,0,0
sh603959,0,0,0
sz000966,0,0,0
sh600615,0,0,0
sh601928,0,0,0
sz300685,120,0,0
sz002823,0,0,0
sz002317,984,0,0
sz002609,6208,2220,701
sz002767,717,0,0
sz002731,0,0,0
sz002836,0,0,0
sz002371,31974,24703,3073
sh600792,0,0,0
sh600851,0,0,0
sz000799,0,1721,0
sz000965,0,0,0
sh603458,160,321,0
sz000532,0,0,0
sh600497,24700,67715,0
sz002410,3796,4997,0
sz300141,0,3049,0
sz300575,0,389,0
sz300168,45585,43461,0
sz300309,996,0,0
sz300529,385,500,0
sz002749,0,0,0
sh600742,0,782,0
sh601998,35273,53032,0
sz002530,0,0,0
sh603938,432,1743,0
sz002835,0,0,0
sh603136,309,0,0
sz300074,0,0,0
sz002693,0,0,0
sh603316,0,0,0
sh601233,11762,30850,0
sh600312,0,0,0
sz300242,0,0,0
sz000338,37552,76698,0
sz300368,4732,1483,0
sz300039,0,1816,0
sh600759,3000,0,0
sh603917,0,0,0
sz002550,0,4000,0
sh600459,0,1292,0
sh603595,259,355,0
sh601838,50388,81083,1516
sz300353,1003,16273,0
sh600030,367345,523262,14556
sz002630,1000,989,0
sz300222,5746,2762,0
sz300739,3915,2909,556
sz000882,0,30816,0
sz000513,1968,2188,0
sz000599,0,0,0
sh600391,8486,15148,0
sh600289,0,0,0
sh600726,0,0,0
sz300571,222,454,0
sz300599,0,0,0
sz300420,0,0,0
sz000502,0,0,0
sh603096,0,0,0
sh600185,0,7583,0
sz002299,2462,1654,0
sz300145,0,2430,0
sh600985,832,3728,0
sh603031,0,0,0
sz300033,4554,3712,0
sh603378,0,0,0
sh600558,3000,4164,0
sz002649,1667,0,0
sz000717,46100,52224,0
sh600277,0,0,0
sh603558,0,0,0
sh600159,0,0,0
sz002878,3065,8322,571
sh600232,0,1921,0
sh600012,0,0,0
sh601588,0,3509,0
sh600888,0,1881,0
sz002353,1510,0,0
sz300463,0,0,0
sh600909,2303,1764,0
sz300077,3761,6757,0
sz300401,1825,3075,623
sh600461,0,0,0
sz002574,0,0,0
sh600679,0,0,0
sz300026,0,6057,0
sh600881,0,2336,0
sh603605,0,443,0
sh600522,113089,94892,3283
sz300160,0,0,0
sz002374,0,0,0
sh600845,7738,5359,0
sz300584,0,0,0
sz002344,0,0,0
sz300177,0,0,0
sz000898,88525,114496,1886
sh603286,1493,528,0
sh601898,0,6128,0
sz002067,32532,27673,0
sz002008,20298,17824,444
sh603131,0,2651,0
sz000902,1008,0,0
sz002206,0,0,0
sh600595,0,21096,0
sz300727,388,449,450
sh603429,0,0,0
sz000524,0,0,0
sz002024,43469,73602,0
sz300219,934,1055,0
sh600610,43828,15421,0
sh603035,0,0,0
sz002541,0,0,0
sh600121,2283,2066,0
sh600397,0,0,0
sh600189,0,0,0
sh600606,136023,198224,0
sz300284,0,0,0
sh600060,1867,17952,0
sh600229,1505,1321,0
sh600858,0,0,0
sh600764,3869,18194,0
sh600583,3332,17126,0
sz002900,0,0,0
sh601518,0,0,0
sh603335,0,0,0
sh600293,0,0,0
sz300275,0,0,0
sh603636,0,1995,0
sh600837,14798,22611,863
sz002081,7105,15687,0
sh600050,198105,320181,0
sh603069,0,0,0
sz000680,0,0,0
sh600855,2890,870,0
sz300507,0,0,0
sz000553,0,0,0
sh600761,1169,2565,0
sz300415,0,0,0
sz000619,0,0,0
sz300403,0,0,0
sh600589,0,0,0
sz002320,22810,13562,0
sz300098,3641,7650,0
sz000962,0,0,0
sz300448,0,0,0
sz002363,0,0,2307
sz300029,0,0,0
sz000429,0,0,0
sz002248,3311,7091,0
sz002171,2919,0,0
sz000425,32018,113438,0
sh600996,0,0,0
sz300673,0,0,0
sz002556,1648,7520,0
sh600502,0,5625,0
sz000738,16916,62782,1927
sz300248,0,0,0
sh600089,1710,2877,0
sz300301,0,0,0
sz002116,0,1261,0
sh600873,0,3769,0
sz300648,0,0,0
sz002789,0,0,0
sz002882,0,0,0
sz002010,0,0,0
sz300618,8790,8060,1106
sz000673,41789,12163,1853
sz000585,0,0,0
sz000656,2596,27085,0
sh603806,0,0,0
sz002131,14947,15131,0
sz002209,0,0,0
sz300362,0,0,0
sz000969,0,0,0
sz002225,0,2500,0
sz300110,1268394,627010,11470
sh603366,0,0,0
sz000096,0,0,0
sh603819,0,0,0
sh600486,0,873,0
sz300613,927,3326,229
sz300375,0,0,0
sh600665,0,0,0
sz002373,2471,7309,1125
sz300619,0,317,0
sz000025,2545,0,389
sz002126,1142,16244,0
sh600376,0,0,0
sz300517,0,0,0
sh600073,4847,0,0
sh600386,0,0,0
sz002394,0,0,0
sz002759,0,0,0
sh600528,4382,3406,1216
sh600429,0,0,0
sz000636,32748,31313,0
sh603779,0,0,0
sh603668,0,1000,0
sz002045,18661,48449,1207
sz000510,0,2000,0
sh603881,792,0,0
sh600237,0,0,0
sh600793,0,0,0
sz002843,0,0,0
sz002001,45953,90665,1167
sz000723,17710,3469,0
sz300286,0,0,0
sh600736,0,0,0
sh600299,0,980,0
sz002251,22177,41398,801
sz002238,0,0,0
sh600139,0,7082,0
sh601989,312232,210193,0
sh603728,0,0,0
sh601788,0,4510,0
sz300430,0,0,0
sz002217,21084,14984,0
sz300465,0,1196,0
sh603963,0,0,0
sh600587,0,1000,0
sh600180,0,0,0
sh603800,0,0,0
sh600176,14571,18600,0
sz300408,12711,13904,567
sz300736,247,0,0
sh600549,12512,13127,0
sh603077,9860,5078,0
sh600318,0,1029,0
sh603817,4092,14494,0
sh603356,7143,5292,2145
sz000600,2484,2077,0
sz002782,0,0,0
sh603505,1010,1959,0
sh600710,0,0,0
sh601566,3339,0,0
sh601717,0,6782,0
sh600536,4389,1949,0
sz300472,0,0,0
sz000525,7255,4602,0
sz000554,0,0,0
sz300423,0,0,0
sh601328,510113,629778,0
sh601727,6535,6893,0
sh603158,0,0,0
sz002454,0,1492,0
sh600260,12227,10582,466
sz002245,11151,3709,0
sz300484,0,0,0
sh603648,570,1209,0
sh603877,374,465,0
sz000702,0,24010,0
sz002440,35180,30003,527
sz002776,800,0,0
sz002456,139900,134155,10829
sz000609,0,0,0
sz300350,1801,0,0
sh603868,0,382,0
sh603599,0,0,0
sh600639,0,0,0
sz300105,0,0,0
sh600662,0,0,0
sh603177,844,581,0
sh600638,23606,1000,2000
sz000420,0,3337,0
sz300194,0,0,0
sh600021,0,0,0
sz002287,0,0,0
sz002899,0,470,0
sh600183,47667,31276,2955
sz000665,4104,0,0
sh600233,0,2326,0
sz002543,537,542,0
sh600895,0,873,0
sh600828,2020,0,0
sz000403,0,0,0
sz300092,0,0,0
sz300226,17759,16784,712
sz002896,602,2708,0
sz300112,0,0,0
sz300579,0,0,0
sz002616,0,0,0
sz002184,0,0,0
sz300080,0,4008,0
sz002634,0,0,0
sz300385,0,0,0
sh600810,11818,18611,0
sh600067,2292,1937,0
sz300458,0,1903,0
sz000668,0,0,0
sh601000,13708,72132,0
sh600100,7474,7186,0
sh601186,6622,14441,0
sz000065,0,672,0
sh600678,0,0,0
sz002484,0,0,0
sh600167,0,500,0
sz300649,0,0,0
sz300363,3503,0,0
sz300505,0,0,0
sz300715,0,0,0
sh600126,0,1547,0
sh600088,0,1838,0
sz000536,0,2586,0
sz002057,0,0,0
sz000903,0,4500,0
sh600388,6695,10141,738
sh603885,1741,1700,0
sz300561,326,0,0
sz002034,0,0,0
sz002631,0,0,0
sh600801,8816,26221,0
sz002576,0,928,0
sh600483,0,0,0
sz002165,0,0,0
sz002857,0,0,0
sh603228,438,0,0
sz300396,0,0,0
sz002140,2008,1387,0
sh603860,0,0,0
sh601199,0,0,0
sz002528,0,0,0
sz002385,2084,7146,0
sz000822,0,2238,0
sh603936,4502,1420,0
sh600983,0,0,0
sz300140,0,3538,0
sz300406,0,1153,0
sh601225,142407,239964,11732
sh600530,0,0,0
sz002333,0,0,0
sh603711,0,0,0
sz002084,0,0,0
sz000927,0,3672,0
sh603006,0,0,0
sh603929,0,451,0
sh601288,2253193,2437925,8852
sh600177,0,4587,0
sz300658,0,0,0
sz300100,0,800,0
sz000571,0,0,0
sz002264,4733,0,0
sz002058,0,0,0
sz002370,0,0,0
sz000628,0,0,0
sh600569,35783,94500,0
sz300627,0,0,0
sh603611,0,0,0
sh600756,1862,876,0
sz002919,7508,0,0
sh603626,0,1457,0
sh600234,0,0,0
sz000875,7000,0,0
sz000526,0,0,0
sz002590,0,0,0
sh600903,111310,76194,14989
sh600128,0,0,0
sz300212,9998,17151,346
sh603339,0,0,0
sh600268,0,0,0
sz300172,0,0,0
sz002611,0,835,0
sz300351,0,0,0
sz002397,0,0,0
sz300241,1092,0,0
sh601595,0,0,0
sz002620,0,0,0
sh600518,6876,16793,0
sz000506,1100586,8577,0
sz000862,0,0,0
sz002613,3200,0,0
sz002599,0,0,0
sh600446,6364,2547,0
sz300725,126,1235,0
sz000978,0,0,0
sz002441,0,0,0
sh600738,0,0,0
sz300283,0,0,0
sh600246,0,0,0
sh600767,0,0,0
sz002913,0,0,0
sz300315,100901,63702,0
sz300050,0,3983,0
sz002087,0,0,2146
sh600303,0,0,0
sh600373,701,1678,0
sz300271,22269,22394,1496
sz002570,0,2462,0
sh600576,0,2001,0
sh601003,1660,18148,0
sz000593,0,0,0
sz002905,1454,4140,0
sh603928,0,0,0
sz002180,721,998,0
sz300510,0,0,0
sz002415,119343,141419,15381
sz002306,0,0,0
sz002892,369,1053,0
sz300607,247,0,0
sh601139,0,2474,0
sh600527,0,6708,0
sz002411,1493,0,0
sz002337,0,0,0
sh600322,0,0,0
sh603323,3147,6890,0
sz002701,0,0,0
sh600006,0,0,0
sz300224,0,0,0
sh603315,0,0,0
sz002196,19310,26388,1142
sh600641,0,3319,0
sz000720,0,0,0
sz002145,10166,19832,0
sh603369,0,1212,0
sz000430,0,0,0
sh600251,0,4406,0
sz000786,11942,21987,884
sz002249,1791,10488,0
sh601008,0,0,0
sz300699,4729,3380,0
sz300629,0,0,0
sz300496,2670,1700,0
sz300567,670,0,0
sz002884,0,0,0
sh600908,1382,6651,0
sh600671,1281,0,0
sz002533,0,0,0
sz300545,0,0,0
sz300101,9085,1806,0
sz002711,19303,10134,977
sz002096,0,0,0
sz300479,0,0,0
sz002510,2026,5276,0
sz300733,15951,11593,3482
sz300717,0,0,0
sz002433,0,0,0
sz002591,0,0,0
sh600320,0,1941,0
sz300119,0,0,0
sz000612,0,1513,0
sz000615,1150,5986,0
sh600642,8099,0,0
sz000795,0,0,0
sh603399,3352,3990,0
sz300267,50459,45148,0
sh603328,0,2480,0
sz300043,0,0,0
sz300703,0,0,0
sz300341,0,0,0
sz002596,29056,30073,1085
sz300452,0,0,0
sz300193,0,0,0
sz300152,32341,16354,0
sz300384,0,0,0
sz300622,0,0,0
sh600503,0,4800,0
sh600062,0,597,0
sz300662,2399,0,0
sh600623,122836,75591,5389
sz300546,0,0,0
sz002218,0,0,0
sz002235,52456,90242,0
sh603123,0,0,0
sh601611,3213,1293,0
sz002240,9967,4853,1702
sz000951,0,990,0
sz000953,0,0,0
sz002826,662,1222,0
sz002146,91773,179076,1000
sh600031,177021,213596,0
sz002809,0,0,0
sz002035,22402,26894,1036
sz000078,5155,5325,0
sz002154,0,0,0
sh600688,8280,17080,0
sz002118,1500,0,0
sh600113,0,0,0
sz002695,2506,0,0
sz300718,308,500,0
sh600301,0,0,0
sz002036,19040,11823,0
sh600713,0,0,0
sz300445,0,0,0
sz300264,0,0,0
sz002313,501,1561,0
sz000001,255605,333215,2678
sh600247,0,0,0
sz000977,150118,81853,9883
sz002881,0,0,604
sz002598,0,0,0
sh603679,0,0,0
sh603081,0,451,0
sh600533,0,0,0
sz300069,6067,0,0
sz002660,0,0,0
sz002875,0,0,0
sz300653,0,0,0
sz300008,9297,0,0
sh600820,0,0,0
sz000016,1713,18248,0
sz300075,11544,16176,1607
sh601877,2690,8948,0
sh603197,0,0,0
sz000826,2366,721,503
sz300680,0,0,0
sz300616,0,0,0
sz300528,0,0,0
sh600206,7787,14085,0
sh600808,75650,174604,0
sz002565,0,0,0
sz002626,11933,15537,552
sz002327,0,1176,0
sz000568,4290,5053,473
sz300087,1874,0,0
sz000929,0,0,0
sz002396,5817,9011,1210
sh600814,0,0,0
sz300497,220,405,0
sz000792,22532,42253,797
sz002481,0,0,0
sz300205,1286,1414,0
sz002679,0,0,0
sh600280,0,1409,0
sz002822,0,0,0
sz002111,0,857,0
sh600602,0,0,0
sz300059,327336,362502,10332
sz300499,0,0,0
sh600135,0,0,0
sz300151,23723,1599,0
sz300068,11369,2911,4000
sz300723,0,684,0
sz002350,0,0,0
sh600029,340271,321454,7951
sh600843,0,3569,0
sh600790,0,0,0
sh601718,17358,3573,0
sz300003,5525,8775,0
sz300352,0,5935,0
sh600240,1475,0,0
sh603016,0,0,0
sz300519,0,0,0
sz002455,0,0,0
sh600131,0,0,0
sz002828,0,0,0
sz000780,0,2000,0
sh603003,0,0,0
sz000758,2529,7668,0
sz000839,87405,33756,2562
sh600965,0,0,0
sz000544,0,0,0
sz000669,1100,0,0
sh600208,13536,46415,0
sz000777,840,826,0
sz000828,0,0,0
sh603633,0,0,0
sz300285,0,0,0
sh601828,6719,14587,0
sz000586,6383,34627,0
sh603896,1782,808,0
sz002220,0,2687,0
sz002503,0,0,0
sz002672,0,0,0
sh600653,8961,4825,0
sh600708,0,0,0
sh600355,2000,2687,0
sz002700,0,0,0
sh600830,0,1899,0
sh600980,0,0,0
sh603737,0,0,0
sz000004,0,0,0
sz000923,0,603,0
sh603916,0,1778,0
sh603880,0,0,0
sh600854,0,0,0
sh600064,0,2185,0
sz300061,703,0,0
sz300298,500,4973,0
sz002052,0,2469,0
sz300047,3918,2724,0
sh603387,397,198,0
sz300625,0,0,0
sh601789,0,0,0
sh600372,7020,40062,0
sh603536,0,0,0
sz002139,1023,1075,0
sh603106,0,1046,0
sz300360,0,0,0
sz300056,3046,13011,0
sh600893,60081,34536,1333
sz002270,2998,1158,0
sh603337,241,0,0
sh600078,0,3227,0
sh600816,915,3408,0
sh600107,0,1900,0
sz300474,2232,2310,274
sz002501,0,8910,0
sz000913,15553,20834,2950
sh601766,125703,122170,0
sh600673,52711,49503,3673
sh600875,6143,23472,0
sh600116,1300,7178,0
sz300495,1625,1098,0
sz300345,0,0,0
sh600275,0,0,0
sh600070,0,0,0
sz002343,13851,3430,501
sh603040,0,200,0
sh600203,6130,0,0
sh600818,0,0,0
sz300457,412,709,0
sz300416,0,1002,0
sz000756,2900,896,0
sz300007,0,1300,0
sz002852,0,0,0
sh603320,641,0,0
sz000552,3244,7235,0
sz002445,0,0,0
sh600068,127645,85567,0
sz000685,0,0,0
sz300707,1165,4617,0
sz002458,6963,26207,844
sz002354,2224,1886,0
sh603990,0,0,0
sz000679,0,0,0
sz002211,0,0,0
sh600962,0,0,0
sh601668,389591,412152,3637
sh600133,1120,0,0
sz000908,0,0,0
sh600773,0,1354,0
sh600578,0,0,0
sz002119,0,0,0
sh600470,0,0,0
sh600332,6123,8112,548
sz002023,4896,0,0
sh603128,2228,0,0
sh600072,5593,0,0
sz002901,0,361,0
sz000657,0,0,0
sz300538,0,403,0
sz300126,0,0,0
sh600098,0,0,0
sz300421,0,0,0
sz002549,0,0,0
sh600699,6313,9087,0
sh601515,0,0,0
sz300388,0,555,0
sz000829,1204,1601,0
sz002141,5737,3778,0
sh600704,4091,2246,0
sz300608,0,0,0
sz300094,0,0,0
sz002090,0,0,0
sz300539,0,0,0
sz300183,698,881,0
sh600212,58385,9575,2002
sh600017,0,8550,0
sz002487,0,0,0
sz300328,0,0,0
sz002167,4208,0,0
sh603160,946,715,151
sz300429,4634,1390,0
sz300083,38072,26586,0
sz002182,1628,0,0
sz002341,3953,6042,0
sz002428,0,1400,1100
sz300573,0,0,0
sh603776,583,0,0
sz000718,0,11418,0
sz002643,1150,0,0
sh603383,300,0,0
sz000413,26233,50347,0
sh600093,39156,38637,5527
sz000931,0,0,0
sh603506,1882,3344,0
sz002223,4910,6101,1306
sz002499,0,1796,0
sh603677,0,0,0
sz300666,11364,13469,191
sh600750,0,2306,0
sz300642,0,0,0
sh600160,334870,220223,26492
sh600770,0,7144,0
sz002314,0,0,0
sh601969,0,1811,0
sz002355,0,1455,0
sz300095,0,0,0
sz300355,30430,25970,2594
sh600882,0,0,0
sz300057,0,0,0
sh600038,18034,6193,561
sz002636,804,0,0
sz300374,0,0,0
sz000888,0,0,0
sh600826,0,0,0
sh603993,991832,1439727,20223
sz300136,60102,48365,8119
sh600106,0,5214,0
sh603579,0,0,0
sh603330,0,0,0
sz300395,0,0,0
sz002013,20245,5107,0
sz000590,0,0,0
sz000026,0,0,0
sz300122,6326,5533,601
sz300655,0,0,0
sh603848,702,0,0
sh600063,0,0,0
sz002623,0,0,0
sh603717,0,0,0
sh600803,879,934,0
sz002497,84269,92282,6046
sh601108,12411,13660,0
sh600292,0,0,0
sh601311,937,0,0
sz300257,4181,663,0
sz300233,0,5658,0
sz000753,0,0,0
sz000623,1009,6185,502
sz002539,0,0,0
sh600594,5077,1172,0
sz002876,1958,0,0
sz300232,17524,7901,0
sz002420,0,0,0
sz002578,0,0,0
sz300492,3242,0,0
sz300645,0,0,0
sh601229,21272,45114,0
sh603223,0,0,0
sh600359,0,1593,0
sh603161,0,0,0
sz002017,0,1400,0
sh600604,0,0,0
sh603181,0,0,0
sz002667,0,0,0
sh601200,1628,1795,0
sh603519,0,0,0
sh601628,6859,26479,0
sz000617,0,0,0
sz002365,359,750,0
sh600403,5823,0,0
sh600705,67197,29078,0
sh600874,14859,15583,1181
sh603833,591,581,0
sz300540,0,0,0
sh600421,0,0,0
sz000881,0,0,0
sh600356,0,0,0
sh600282,167542,258033,0
sh603630,0,0,0
sh600426,3357,25276,3881
sh600552,0,0,0
sh601908,6300,0,0
sz002407,7243,3005,0
sz300735,0,0,0
sz000856,0,4164,0
sh603999,0,0,0
sz002044,5560,4732,0
sh600684,0,20335,0
sh601666,20803,40412,0
sh600007,0,0,0
sz002705,0,0,0
sz000638,0,2839,0
sz002389,2201,3128,0
sz000949,0,0,0
sz300414,0,0,0
sh600258,1661,1204,0
sz300603,382,323,0
sz300270,0,0,0
sz002678,1400,0,0
sh600661,0,446,0
sz002334,0,0,0
sz002311,0,1458,0
sh600467,4000,0,0
sh600777,0,0,0
sz000419,0,0,0
sz300400,0,0,0
sh600729,916,939,0
sz300670,0,0,0
sh600408,15043,4677,0
sh601318,257341,326765,21967
sz300711,0,0,0
sz002377,0,0,0
sh600780,0,0,0
sz000807,225045,159542,6475
sz000815,0,0,0
sh600917,0,0,0
sz300450,2876,1482,0
sz002846,0,0,0
sz300319,0,0,0
sh603729,0,401,0
sz300169,0,0,0
sz300560,0,0,0
sz002351,0,0,0
sh603015,0,0,0
sz300331,0,0,0
sz300244,500,671,0
sh600817,0,0,0
sz002408,11748,4555,0
sz300536,1538,0,0
sz002560,0,0,0
sz002805,0,0,0
sz300663,3496,9509,0
sz002418,0,0,0
sh600171,21699,21604,1608
sh603043,0,0,0
sz300606,0,0,0
sh603516,15090,10458,2543
sz300349,618,0,0
sz300307,1391,0,0
sz002485,0,0,0
sz002655,0,1227,0
sz000158,0,0,0
sz002032,0,0,0
sh603809,0,445,0
sh600085,404,1000,0
sh603038,0,0,0
sz300597,1109,0,0
sh600967,40857,17269,0
sh600850,671,3458,0
sh600243,0,0,0
sh600831,0,0,0
sz300494,0,0,0
sh600458,0,0,0
sz000897,0,0,0
sz300638,1011,0,0
sz300081,2129,3000,0
sz300336,12503,3260,0
sz000596,361,434,231
sz000982,20570,18501,0
sz002829,0,0,0
sz002295,0,0,0
sz002372,639,550,0
sz002207,0,0,0
sh600655,0,0,0
sz300697,0,509,0
sh601607,5210,2271,0
sz002511,12139,2720,0
sh603655,616,1106,0
sh601107,2484,3216,0
sh600071,0,0,0
sz300223,397,1806,0
sh603056,93356,56365,9238
sz300436,0,0,0
sz002645,2820,2309,742
sz002801,0,0,0
sh600988,4792,25243,0
sh603036,0,0,0
sh600588,48327,46046,4878
sz300012,11986,0,0
sh603665,0,0,0
sh600082,0,0,0
sz300514,346,799,0
sh600966,10553,16396,0
sz000779,0,0,0
sh600191,0,0,0
sh603118,0,0,0
sz002254,0,2447,0
sz002676,24078,5434,0
sz002895,470,1540,0
sh600052,0,0,0
sz300359,1390,0,0
sz300617,280,300,0
sz300738,2280,4577,1595
sh601988,718133,564615,9931
sh601555,3884,19564,0
sz002746,3318,4954,0
sh600783,1000,0,0
sh603709,343,1974,0
sz000661,3328,2675,169
sh600847,0,0,0
sz002743,0,1600,0
sz002775,0,1304,0
sz002751,321,0,0
sh600749,0,0,0
sz002566,0,0,0
sh600162,3901,3670,0
sz300135,0,0,0
sz002877,0,0,0
sz002493,9551,28651,1038
sz002194,13625,3212,6103
sh600776,0,0,0
sz000099,0,0,0
sh600757,0,1605,0
sz300046,829,0,0
sh600658,0,1049,0
sz000014,0,0,0
sz002283,0,2000,0
sz002818,496,513,0
sh600327,0,0,0
sz300111,0,3815,0
sh603533,2533,996,0
sz300154,0,0,0
sz000402,7501,28959,0
sz002482,0,0,0
sh600272,0,1596,0
sz300596,656,0,0
sz300051,0,0,0
sz300541,0,0,0
sz000520,8000,10027,0
sz000776,27684,50602,0
sz000088,0,0,0
sz000996,6674,3757,808
sz300019,0,0,0
sz300522,0,0,0
sz002557,0,0,0
sz002202,50767,18495,1141
sz000039,4532,10348,0
sh601968,0,2221,0
sh601179,0,2892,0
sh600118,8086,4550,0
sz002680,828,0,0
sh600288,0,0,0
sz002226,0,0,0
sz300389,0,0,0
sz000713,1757,0,0
sh600771,0,1029,0
sz000555,0,3300,0
sh603139,0,0,0
sz002158,2714,3237,0
sz002325,0,0,0
sh600848,10494,5289,463
sz300247,0,5086,0
sz000719,0,0,0
sz002289,0,0,0
sz000906,0,0,0
sz000687,0,0,0
sh600387,0,0,0
sz002601,18750,15932,583
sz300526,709,0,0
sz000695,0,0,0
sz300269,0,0,0
sh600580,1584,1709,0
sz002151,4146,2601,0
sz002002,0,1475,0
sz002066,1509,0,0
sz002130,0,0,0
sz002816,0,0,0
sz300373,3683,3849,0
sz300664,6923,2286,0
sh600572,0,0,0
sz000973,0,0,0
sh601111,81274,97230,0
sh600695,26688,16982,1362
sh603030,0,0,0
sh600337,0,0,0
sz300253,58029,45149,0
sh600120,500,0,0
sh600571,0,0,0
sh603086,0,0,0
sh601058,3849,0,0
sh603020,0,0,0
sh600490,224920,256616,11630
sz000027,0,3032,0
sz300521,0,0,0
sz000878,2002,10373,0
sh600074,26099,60991,0
sh600354,8840,20942,0
sh603326,0,0,0
sz000936,0,0,0
sz300214,2402,0,0
sz002112,51052,0,0
sh601188,0,0,0
sh600766,0,0,0
sh600887,87059,159766,4952
sz300668,0,149,0
sz300171,0,0,0
sz300327,515,1428,460
sh600561,12916,0,0
sh603037,0,0,0
sh600192,0,0,0
sz002483,0,0,0
sh601117,0,13059,0
sh600491,1040,2757,0
sz002434,1936,4941,0
sh603110,0,0,0
sz000598,2421,4536,0
sh600186,11987,0,0
sh603908,0,0,0
sh603289,0,0,0
sz300688,0,538,0
sh600802,0,0,0
sz002725,0,0,0
sh600618,1000,0,0
sh600977,40642,18941,0
sz002465,13621,20272,0
sz300588,1805,2413,0
sh600281,0,0,0
sz002274,0,0,0
