sz002430,13460,15175,1839
sz300439,0,0,0
sz002271,6873,6249,501
sh600321,5406,10788,0
sz300098,5907,6786,0
sz002019,10050,37052,0
sz002563,10883,3534,0
sz000065,0,877,0
sh600745,2731,3937,503
sz002477,56389,54352,0
sz002685,0,0,0
sh603328,0,2564,0
sh600919,21591,52081,0
sz002776,0,0,0
sh600284,4792,1679,0
sh600366,3077,1400,0
sh601128,26651,29463,0
sz002867,0,0,0
sh603699,0,527,0
sz002460,51254,62127,5885
sz000920,0,0,0
sh601989,94321,197130,0
sz300505,0,0,0
sh600837,99029,41765,0
sz002561,0,1433,0
sz300657,0,0,0
sz002105,0,0,0
sz300193,0,1400,0
sz002128,71640,76803,0
sh600820,1522,10966,0
sh600367,0,0,0
sh601595,0,554,526
sz002922,0,0,0
sz002338,0,0,0
sz000521,0,0,0
sz002570,5183,5034,0
sh603086,0,0,0
sz300722,3934,941,305
sh601368,0,0,0
sh603383,0,0,0
sz000633,0,1000,0
sh600218,0,0,0
sh603676,26044,22526,3494
sh603036,0,0,0
sh600076,0,0,0
sz300298,0,1786,0
sh600215,0,0,0
sh603127,0,0,0
sz000899,0,0,0
sz002298,0,1604,0
sh601579,0,0,0
sz000802,0,3750,0
sh600729,406,0,0
sh603909,0,0,0
sz000605,0,0,0
sz002766,0,7309,0
sh600060,11527,5192,0
sz002042,0,794,0
sz002313,2260,355,0
sz002788,0,0,0
sz002126,0,1378,0
sz002618,1017,3089,0
sz002723,0,0,0
sh600879,23974,12757,0
sh603839,0,0,0
sh601999,0,0,0
sz002493,39743,15033,1246
sz002341,2548,1000,0
sz002849,0,0,0
sh601012,41229,47884,3331
sz000550,0,1550,0
sz300220,0,0,0
sz300169,0,0,0
sz002714,48228,34557,1925
sz002862,0,0,0
sh601218,0,0,0
sz002211,0,0,0
sh600864,0,1300,0
sz000066,34671,82463,6053
sh603169,1728,0,0
sh600129,0,1088,0
sz000531,0,0,0
sz000801,0,0,0
sh600770,0,1356,0
sz000779,0,0,0
sz300194,0,0,0
sz300711,0,1671,0
sh600689,0,0,0
sz300390,0,0,0
sh600323,6316,1539,0
sz002888,553,0,0
sz002361,1765,3973,0
sz300431,104624,34602,2539
sh603321,0,0,0
sh603798,0,0,0
sz002362,1212,2653,0
sh600624,0,0,0
sz000402,90821,89404,948
sz002495,0,2500,0
sh601107,0,7045,0
sh600649,10326,22571,0
sh601016,5036,0,0
sz300231,5618,10759,0
sz000839,63575,104592,0
sz002461,0,2035,1025
sz000538,9055,2908,0
sz300359,0,1618,0
sz300587,0,0,0
sz000570,0,0,0
sz002747,0,1973,0
sz002131,233461,72349,0
sz300147,1343,1590,0
sz002529,0,2001,0
sz300207,980,6060,0
sz002690,1028,4274,0
sz002148,0,8491,0
sz002083,2246,0,0
sz300538,0,288,0
sh601336,121506,118552,8380
sh600426,27462,30013,0
sz000659,3391,8680,0
sz002490,0,0,0
sz000978,0,0,0
sz000534,0,0,0
sh600814,0,1497,0
sz000935,3958,3457,0
sh600860,0,0,0
sz002417,0,0,0
sz002274,0,0,0
sz002379,0,0,0
sz300158,0,0,0
sz002001,23458,32604,2204
sh600980,0,0,0
sz002737,327,850,0
sh603030,9812,0,0
sz002261,0,7384,0
sh600598,11133,17819,0
sz300195,0,0,0
sz000712,2560,1544,798
sz300495,2458,2499,0
sz300620,0,0,0
sh600754,918,3084,0
sz000670,4568,7845,0
sh603319,0,0,0
sh600038,5827,15298,0
sz300066,0,0,0
sz300040,0,0,0
sh600933,23146,28931,694
sz002182,8641,1245,0
sh600135,1209,1012,0
sh601113,849,888,0
sz002887,0,421,0
sz002372,2775,2233,0
sh600891,0,0,0
sh600035,0,29461,0
sz000960,33437,21590,991
sh603200,0,0,0
sh600856,22990,19286,0
sz300404,0,0,0
sz002736,2815,1007,0
sh600688,89624,100340,0
sz000970,32081,12686,0
sh603970,335,1076,509
sh600819,0,0,0
sz002596,2615,5975,0
sz000672,201958,209789,10453
sz300202,2999,0,0
sz002730,0,829,0
sz300446,0,0,0
sz300177,0,0,0
sz002572,9631,1851,513
sz002588,1693,5584,0
sz002185,71171,98642,0
sh600025,262364,391580,9939
sz002074,977,2208,0
sz002709,5668,1167,0
sh600260,422,3057,703
sz300592,0,0,0
sh603000,0,1200,0
sz300509,0,0,0
sh603881,632,1814,0
sh603358,0,0,0
sh600966,34551,7391,0
sz300386,21284,10313,2658
sz300244,0,0,0
sz002567,2942,5099,0
sz002080,4192,4111,0
sz300617,0,0,0
sh603186,1240,0,0
sz002816,0,0,0
sz002275,1950,0,0
sz300091,46908,19163,1436
sz002335,750,0,0
sz000630,643449,195957,0
sh600088,0,1500,0
sz300462,0,0,0
sh600318,0,783,0
sh600399,0,0,0
sz300697,498,1047,0
sz002397,0,1674,0
sz300501,0,0,0
sz002644,0,0,0
sz300138,0,0,0
sh600496,4978,0,0
sh600178,0,0,0
sz300352,9711,0,0
sh600628,0,0,0
sz000856,27655,31591,2958
sh600680,0,0,0
sh600069,0,0,0
sz000822,19251,10221,0
sz300204,0,799,0
sz300092,0,0,0
sz300716,5815,1926,0
sz002793,0,0,0
sh600661,0,0,0
sz002188,8096,5901,0
sz002485,0,0,0
sh603158,0,0,0
sh601801,3961,4600,0
sh603716,250,350,0
sz300521,681,0,0
sz300306,866,0,0
sz002632,0,0,0
sh603665,0,0,0
sh600825,0,5757,0
sz002659,745,0,0
sz002032,0,470,0
sz300721,0,277,0
sh600990,381,636,0
sz002292,0,3916,0
sz002494,0,0,0
sz002767,1162,0,0
sz000663,0,0,0
sz002392,0,3129,0
sz000783,55036,46910,2670
sh600871,54860,54856,0
sh600502,0,7204,0
sh603825,0,0,0
sh603096,0,0,0
sh600057,0,3267,0
sz002181,0,0,0
sz000958,0,2310,0
sz002773,201,1749,0
sh600139,11422,8520,3276
sz002910,8507,4059,647
sz000933,236083,266686,14384
sz002688,0,0,0
sz002781,500,0,0
sz300056,0,0,0
sh600903,130136,106866,19037
sz300712,0,0,0
sh603668,0,0,0
sz300274,26588,28792,1874
sz300613,165,421,0
sh600977,0,714,0
sh603305,0,300,0
sz002505,0,23392,0
sh603386,3528,0,0
sh601390,20989,41220,0
sh600343,0,1000,0
sz300281,0,0,0
sz300200,0,0,0
sz002499,500,0,0
sz002086,11587,8637,0
sh603180,247,189,0
sz002296,0,0,0
sh600859,4111,2590,0
sz002631,0,0,0
sz002115,0,1300,0
sh603538,0,0,0
sz300034,0,0,0
sh600306,1002,0,0
sh603011,942,0,0
sz300618,11200,8065,1723
sh600713,1647,2111,0
sz300039,0,0,0
sz300464,0,0,0
sh603026,0,0,0
sh603628,0,0,0
sh601811,0,0,0
sh600810,0,0,0
sz300146,9091,13340,0
sh600604,1867,6637,0
sz002683,6223,3645,0
sh600789,17350,9433,0
sz002439,3437,5055,0
sz000417,1755,0,0
sz300250,0,0,0
sz002831,0,0,278
sh600160,30579,17152,0
sh601318,452654,532111,50403
sh603617,890,0,0
sz000823,60731,50399,826
sh603038,0,0,0
sh600867,3032,6230,0
sh601858,1402,0,0
sz300637,0,0,0
sh600595,25160,23975,0
sz300227,0,0,0
sh601116,545,0,0
sz300029,0,0,0
sz300470,0,0,0
sh603586,0,0,0
sz000790,0,2046,0
sh600835,13177,12479,0
sh603536,0,0,0
sh600796,0,0,0
sz300578,0,0,0
sz300717,2353,555,0
sh601168,59064,37447,3256
sh600326,19884,24620,0
sz002706,0,0,0
sz002686,0,0,0
sh600031,649840,461833,21533
sh603637,0,0,0
sz300028,3868,0,0
sz002557,680,0,0
sz002294,9135,13871,481
sh600200,1010,0,0
sh603020,0,0,0
sh603488,0,899,0
sz002039,978,676,0
sz000626,0,809,0
sz002703,1876,0,0
sz300019,0,0,0
sz300515,0,0,0
sz002753,0,0,0
sh600377,1815,3874,0
sz300563,0,0,0
sz300205,0,0,0
sh600753,0,0,0
sz002238,1405,0,0
sz300295,594,0,0
sz000669,0,0,0
sz002809,0,0,0
sz300589,0,0,0
sh600684,20804,22865,0
sz000962,0,0,0
sh601688,414068,248294,15615
sz002245,7652,19514,0
sz002342,2387,8473,0
sz300179,0,0,0
sz002484,1115,0,0
sz002757,0,0,0
sh601002,8377,13600,0
sz300108,2314,2277,0
sh600529,1859,2036,0
sh600805,0,0,0
sz002770,0,0,0
sh603103,751,715,0
sh600310,0,0,0
sz002070,37439,32619,0
sh603928,0,0,0
sh600585,298010,256712,29233
sh600747,0,5000,0
sz000622,0,0,0
sz300500,1772,2152,274
sh600355,7301,1495,0
sz300089,0,0,0
sz300256,0,1505,0
sz002324,0,472,0
sz000400,3831,2824,0
sh600774,0,0,0
sz002548,0,0,0
sh600723,0,0,0
sh600506,0,0,0
sh600153,74055,40168,1609
sz300358,0,0,0
sz000600,1333,9764,0
sz300325,17217,5300,0
sz300379,0,0,0
sh600797,20648,18301,1189
sz002779,0,0,0
sz002917,3781,2840,0
sh601515,0,5796,0
sh601212,17166,3779,0
sh601198,5784,4488,1082
sz001965,19527,13625,1855
sz300702,0,0,0
sz002535,0,0,0
sz002229,4796,4765,0
sz000422,4700,0,0
sh603869,0,0,0
sz002373,37393,22552,1732
sh600750,2501,400,0
sz002367,0,0,0
sz002440,13813,9311,510
sz300606,0,0,0
sz000416,0,3256,0
sz000830,126661,137568,8940
sz000597,0,6609,0
sh600148,0,485,0
sz002241,38028,56861,0
sz002504,19848,10152,0
sh603345,1259,0,0
sh600651,0,0,0
sz002073,1343,0,0
sh600697,0,0,0
sz300449,1000,0,0
sh600756,1005,625,0
sz002337,0,2000,0
sz300442,0,0,0
sz000551,0,0,0
sz300555,0,0,0
sz002673,37238,20911,0
sz002045,6320,27155,1000
sh600838,0,0,0
sh603766,25712,14787,0
sh600105,0,0,0
sh600691,44919,60430,0
sh603856,1552,0,0
sh600755,55986,46224,2698
sh600117,9765,20474,0
sh603566,0,0,0
sh600186,3340,0,0
sh601898,47909,42750,0
sh601118,6679,4690,0
sz300105,0,0,0
sh600339,0,0,0
sh600078,0,0,0
sz002091,6578,0,0
sz300651,0,0,0
sz002606,74496,53186,5024
sh600983,0,0,0
sz002354,1190,0,0
sh600444,0,0,0
sz300304,7296,0,0
sz000803,0,0,0
sh603636,0,0,0
sh600122,11980,11638,2508
sz000936,0,3000,0
sh600354,1400,1450,0
sz002778,823,0,0
sh600678,0,0,0
sz002534,1000,0,0
sz000002,278716,194717,25061
sh603323,2911,8428,0
sz002740,0,1227,0
sz002771,0,0,0
sh600212,0,1629,0
sz000869,1261,2586,0
sz300058,3837,0,0
sz002674,0,0,0
sz002206,0,0,0
sz002553,0,0,0
sh600335,0,1294,0
sz000835,0,0,0
sh600330,14454,24014,960
sz300030,0,0,0
sz000786,106935,72031,7407
sh603022,1762,1616,0
sh603037,0,0,0
sh601258,52282,56560,0
sh600705,15566,35002,0
sz002851,300,0,0
sz300004,0,0,0
sz002270,0,0,0
sh600804,3132,2395,0
sz300007,0,0,0
sh600962,0,0,0
sz002489,2346,4014,0
sz002573,15509,29042,819
sz300299,0,0,0
sz002162,0,0,0
sh603633,0,600,0
sh600717,3113,5849,0
sh603239,553,500,0
sz002629,0,0,0
sz002846,666,0,0
sz300466,0,3229,0
sh600572,0,3700,0
sz000959,0,3025,0
sz300203,4843,6094,0
sh603010,0,1880,0
sz300597,889,840,0
sh601666,109128,121305,0
sz002578,3006,0,0
sh603318,10584,0,0
sh600861,0,0,0
sz300095,0,0,0
sz300336,0,0,0
sz300131,11055,1520,0
sz002901,0,704,0
sz002143,10021,3525,0
sh600816,7781,6866,0
sh600362,157473,157029,6128
sh600997,55391,25621,0
sh600549,42136,51705,4416
sz000897,3008,11546,0
sz002340,292583,190543,0
sz000685,1984,0,0
sh603811,391,0,0
sh603726,0,0,0
sz000710,184,0,0
sz002134,0,0,0
sz002227,0,0,0
sz300395,873,3601,0
sh601166,170934,190229,2204
sz002616,1136,0,0
sz000893,1200,0,0
sz000718,317899,194472,10539
sh600071,0,0,0
sz002113,6416,8732,0
sz000705,0,0,0
sh600811,17504,4750,0
sh600390,0,2624,0
sz002316,1040,0,0
sz000620,2150,0,0
sz002435,0,0,0
sh601163,0,604,0
sh603389,0,0,0
sz002721,700,732,0
sz002443,0,0,0
sz000507,7129,14997,3059
sh600605,0,0,0
sh600848,1039,1411,0
sz002856,5865,11796,0
sz300017,229521,128137,10214
sz002536,0,0,0
sz300581,0,0,0
sz000016,1659,14634,0
sz002008,22145,48270,2497
sz300230,0,0,0
sz300572,0,462,0
sh603329,0,0,0
sz300051,0,0,0
sz002401,0,1764,0
sh600652,0,0,0
sh600280,0,0,0
sh600647,0,1129,0
sh600247,0,0,0
sh603808,2320,1105,0
sz300477,543,581,0
sz000989,571,2781,0
sz002859,0,556,0
sz300141,1272,0,0
sh600763,855,1338,0
sz002172,0,3947,0
sz002762,0,0,0
sh603168,0,0,0
sz300727,2106,1091,0
sh600603,0,0,0
sz300672,214,569,447
sz300253,0,5984,0
sh600097,0,0,0
sz001979,263838,205189,14874
sz002903,265,0,0
sh600248,16099,70079,0
sh600623,0,0,0
sz002657,13086,5570,0
sz300329,1331,0,0
sz300183,0,1197,0
sz300264,0,0,0
sz300224,1476,4776,0
sz002059,1880,0,0
sz002343,2963,9443,0
sh600621,13195,12229,0
sh603938,1105,1279,0
sz000651,238365,242224,10617
sz300542,4364,9003,0
sh600233,813,0,0
sz300447,0,0,0
sz002835,0,0,0
sh600908,5542,5896,0
sh603978,0,563,0
sz300112,0,0,0
sz300512,0,0,0
sh600707,0,1777,0
sz000025,0,454,0
sh603196,0,0,0
sz000918,0,1500,0
sz002726,832,815,0
sz300258,2249,1899,0
sh600176,82015,83818,3601
sh600600,11298,27884,831
sz000150,940,0,0
sz300317,2750,1700,0
sz002047,2683,4837,0
sh600098,2000,0,0
sz002426,6504,11662,0
sz000860,1557,0,0
sh603611,0,0,0
sz002015,8939,3061,0
sh600381,1182,0,0
sh600531,7098,3196,0
sh600220,0,4030,0
sz002521,0,1235,0
sz002515,0,0,0
sh600716,2093,1906,0
sz002908,1178,1376,0
sh600760,12468,14788,690
sz300478,9967,18387,432
sz300411,0,1500,0
sz300630,0,401,0
sh601766,1012110,1000130,32643
sz300645,0,402,0
sz002476,0,0,0
sz002636,4224,727,0
sz000791,1259,4021,0
sh600562,0,600,0
sz002156,19076,33137,0
sh600665,0,2866,0
sz002108,1944,7262,0
sz000158,0,1253,0
sz000611,0,0,0
sz002058,0,0,0
sz300598,0,0,0
sh603829,0,0,0
sh601900,0,0,0
sz002533,0,0,0
sh603339,0,0,0
sh600019,363037,242061,9998
sh600312,3823,4771,0
sz002014,0,0,0
sh601677,0,0,0
sh600206,76994,54251,2055
sh603885,5941,21160,0
sh603533,294,792,0
sh600528,2509,10967,0
sh600748,6677,7356,0
sh601137,0,0,0
sz002023,1000,14697,0
sz000568,15763,14257,819
sz300075,0,0,0
sz000928,9753,9646,0
sh600543,0,0,0
sh603966,0,0,0
sh603589,1170,5564,0
sh603788,0,0,0
sh600959,0,1225,0
sh603101,0,0,0
sz300350,0,0,0
sh600363,0,3066,0
sz002645,0,0,0
sz002661,823,0,0
sh603722,301,0,0
sz002141,0,0,0
sz002853,0,0,0
sh603077,16026,59331,0
sh603399,1534,0,0
sz000998,31960,26538,511
sz002562,6053,1900,0
sz002315,0,0,0
sh603203,0,0,0
sz002590,3891,1091,0
sh603669,0,0,0
sh600022,268822,151590,0
sz300062,0,0,0
sh600568,0,9096,0
sh600844,0,1970,0
sh600533,4330,4477,0
sh600495,4250,6257,0
sh601991,29595,10497,0
sh600072,6170,2500,0
sh600361,0,2845,0
sz000593,0,1332,0
sz002662,0,2162,0
sz000576,0,2600,0
sh600345,16393,17375,3736
sz002537,10450,7061,0
sz002248,5076,0,0
sz002449,0,9273,0
sz002576,17826,22988,554
sh601010,0,0,0
sz000661,1935,2556,138
sh600698,5736,7015,0
sz002617,704,3047,0
sz002838,350,0,0
sz000050,37543,20558,632
sz002656,3193,505,0
sz300677,729,573,0
sh603878,0,0,0
sh600836,0,0,0
sh600063,0,0,0
sz000798,0,0,0
sh600423,0,0,0
sz000890,0,0,0
sh600511,1906,3389,0
sh600370,0,0,0
sh601618,116981,249747,0
sz300700,2985,5169,790
sh600061,2997,1611,0
sz300344,0,9395,0
sh600668,2001,2914,0
sh600530,38295,41434,0
sz002530,0,0,0
sh600380,20953,18472,0
sh603269,0,0,0
sz300374,0,0,0
sh603018,800,520,0
sz002273,7516,22441,0
sz300519,0,0,0
sh603015,0,0,0
sh600571,11462,1912,0
sh603228,202,714,0
sz002469,0,0,0
sh603916,11597,2465,0
sz300443,0,0,0
sz000923,504,916,0
sh601011,46872,50317,1293
sz002593,0,0,0
sz000502,0,0,0
sz002204,0,0,0
sz300486,0,0,0
sz000012,39109,32991,0
sh600874,29333,27760,0
sz000014,33945,54880,0
sz300367,787,6243,0
sz000153,0,3565,0
sh600488,0,0,0
sh600198,2168,9755,0
sz002777,0,0,0
sz300452,357,0,0
sz002251,5814,700,0
sz002100,1250,0,0
sz300168,10746,4685,0
sz300064,2626,900,0
sh600869,2032,5040,0
sh600397,2688,3596,0
sh600483,0,0,0
sz002419,5402,8880,0
sz002406,0,0,0
sz000668,0,0,0
sz300103,0,0,0
sz002145,94534,5132,0
sh600340,307969,327863,41976
sz000700,0,2002,0
sh600275,0,0,0
sz000667,137680,183425,0
sz300181,5772,3572,0
sh601877,3515,2678,0
sz300283,0,0,0
sh600518,13487,7168,0
sz300262,0,0,0
sz300117,0,0,0
sh600509,0,0,0
sz300031,0,0,0
sz002482,1317,6325,0
sz300353,0,0,0
sh600827,2004,16827,0
sh600889,0,0,0
sh603019,14233,23680,3470
sh600812,0,0,0
sh603039,455,0,0
sz002243,0,0,0
sh600234,0,0,0
sz002116,0,0,0
sz002828,512,0,0
sz000852,0,3647,0
sz300365,0,0,0
sh600853,0,0,0
sz300389,0,0,0
sh600315,618,904,0
sz000408,25558,18189,0
sz300088,67239,92878,0
sz000541,8770,6689,0
sz300047,0,0,0
sz300626,0,0,0
sh600230,21088,13136,931
sz002693,0,0,0
sz300180,546,0,0
sz002626,5030,1123,0
sz002232,1025,0,0
sz300099,0,0,0
sh600559,1923,7612,0
sz002129,193275,250587,6922
sz002508,16247,9420,511
sh600486,4886,1781,259
sz000673,69390,5000,0
sz002546,0,0,0
sz002255,0,0,0
sz000026,0,0,0
sz000737,0,2067,0
sh603197,641,0,0
sz000023,0,0,0
sz000858,65936,72614,6610
sh603920,2702,836,0
sh603799,53102,44236,5850
sh600313,0,0,0
sz300602,0,0,0
sz300483,0,15137,0
sz300576,0,0,0
sz000750,24921,25440,0
sz300416,0,0,0
sh600839,7706,52500,0
sh600706,0,0,0
sz002790,0,0,0
sz002465,14317,5591,0
sh600778,0,0,0
sh601100,4963,8158,904
sh600276,13195,8231,664
sz300196,3594,0,0
sh600970,136365,61301,2149
sh603126,1000,0,0
sz300725,2676,2825,444
sz002394,0,0,0
sz000727,25678,0,0
sz300531,0,654,0
sh601689,922,2616,0
sz300242,0,3270,0
sz000859,0,4500,0
sh600978,0,4169,0
sh603663,0,0,0
sz002433,2750,0,0
sh603667,0,0,0
sz000795,6388,3740,0
sz300595,0,250,0
sz000780,0,10270,0
sh603803,0,0,0
sh600675,5522,16766,0
sh600236,0,2000,0
sz002514,0,0,0
sz002630,1274,0,0
sh600268,2067,0,0
sz002574,0,0,0
sz002857,9298,0,999
sz002883,5641,9180,1159
sz002090,0,569,0
sz000722,0,0,0
sh603559,1679,10810,601
sz000048,0,0,0
sh600131,0,0,0
sz002093,0,3336,0
sz300419,0,0,0
sz000702,0,1800,0
sz300054,6429,19742,0
sz300698,0,2403,0
sz300553,0,0,0
sz000565,0,0,0
sz000760,0,24766,0
sz000929,997,0,0
sz002837,0,0,0
sz002455,0,1049,0
sh600739,5202,2047,0
sh603238,0,0,0
sz002825,0,0,0
sz002363,0,0,0
sz000719,0,0,0
sh603917,2962,2223,0
sh600712,0,0,0
sh600513,2018,0,0
sh603380,0,0,0
sh603078,0,518,0
sz002377,1100,5284,0
sz002842,237,0,0
sh600382,7263,760,0
sz000627,1687,13813,0
sh600963,3520,6139,0
sz300100,694,1457,0
sh600385,0,0,0
sz300215,0,0,0
sh603308,0,684,0
sh600373,0,2687,1201
sz002265,0,753,0
sz000571,0,0,0
sz002276,0,1584,0
sz002882,0,0,0
sz002318,0,0,0
sz002404,1655,0,0
sz300369,0,3652,0
sh601233,31765,28515,1425
sz300076,0,0,0
sz000151,0,1704,0
sh600648,0,660,0
sz002110,154623,125167,10321
sz300289,0,0,0
sz300248,0,0,0
sh600010,278728,114024,0
sz300502,2973,6889,0
sh600587,0,0,0
sh603757,199,358,0
sz002756,0,972,0
sh600189,0,0,0
sz000030,5028,0,0
sh603515,0,1035,0
sz002845,0,400,0
sz002748,0,0,0
sz300293,0,0,0
sz000088,1253,1309,0
sh600735,1000,0,0
sz300221,2517,2631,1499
sh603806,0,331,0
sz300539,0,0,0
sz002252,0,2156,0
sz300015,18325,6928,995
sz300665,0,0,0
sz002805,0,0,0
sh603608,0,0,0
sh600761,4979,8274,0
sh600029,1155387,1082314,52715
sh603055,601,0,0
sz002057,0,0,0
sz002011,0,9189,0
sz002114,2260,1243,631
sz300586,0,0,0
sz002472,0,0,0
sh600222,0,0,0
sh600560,0,0,0
sh600862,0,0,0
sz300719,478,500,0
sz000955,0,1515,0
sz000671,272066,195615,3660
sz300440,0,1004,0
sh603136,0,0,0
sh603083,983,300,0
sh603661,577,0,0
sh600798,1970,0,0
sz300643,0,0,0
sh600327,0,0,0
sz002497,22626,32996,0
sh600988,6039,8606,0
sz300402,0,0,0
sh600240,3200,1566,0
sz300154,0,0,0
sz002066,0,0,0
sh600894,0,3280,0
sz000877,64466,47797,3703
sh600768,1137,1363,0
sh600396,0,0,0
sz002863,0,0,0
sh600090,2900,1333,0
sz000677,0,0,0
sz300498,115401,66108,11602
sz000785,0,2047,0
sz300370,0,0,0
sz002442,0,3446,0
sz300549,0,0,0
sz300567,0,90,0
sh601607,8047,6996,0
sz002395,0,0,0
sz000536,0,18121,0
sz300241,0,7668,0
sh601006,473227,365817,2656
sh601992,209922,227283,3554
sz300330,0,0,0
sz000018,2321,1708,0
sz002613,0,0,0
sh603585,0,0,0
sz002016,7023,12472,1058
sz300703,0,0,0
sh603618,0,1500,0
sz002262,0,1958,0
sz300275,0,981,0
sz002414,0,823,0
sz300148,1464,5000,0
sz000681,0,1993,0
sz002640,2558,6753,0
sh601021,4705,2637,828
sz300641,0,0,0
sh600156,0,5000,0
sz300001,0,800,0
sz000584,2734,9288,0
sh603080,0,0,0
sz002415,115304,71195,1748
sh601949,0,2326,0
sz002506,41030,32826,0
sh600307,106192,102824,0
sz002911,5317,2713,0
sh603031,0,0,0
sz300178,0,0,0
sz000975,13852,6039,0
sz002381,0,0,0
sh600771,6227,4202,0
sz000938,2858,5531,190
sz300355,72840,122628,1018
sz002669,0,0,0
sz002311,0,2043,0
sh603028,0,0,0
sh600395,33029,18083,4858
sz300649,0,282,0
sz300668,0,0,0
sh600555,0,5802,0
sz002198,0,0,0
sz000911,0,0,0
sz000922,1399,0,0
sz002568,0,0,0
sz002584,6878,3408,0
sz300710,0,0,0
sz300408,3516,3587,0
sz000831,8557,2792,0
sz300683,444,303,0
sz002420,0,0,0
sz002441,0,0,0
sz300319,0,0,0
sh600449,3492,3457,0
sh600393,9142,3908,0
sz300494,0,0,0
sz000582,0,2509,0
sh600939,0,1854,0
sz002409,2148,4094,0
sz300610,0,0,0
sh603660,0,0,0
sz000608,0,1714,0
sh603556,0,0,0
sz002400,4033,0,0
sh600317,0,8000,0
sh603987,0,0,0
sz300211,0,0,0
sh603069,0,0,0
sh603416,0,0,0
sz002452,0,0,0
sh600262,0,0,0
sh600746,0,0,0
sz002225,0,3974,0
sz300720,0,506,0
sz300208,0,0,0
sh600736,0,0,0
sz000506,0,0,0
sh603977,0,800,0
sz300199,1000,2763,1039
sz002865,0,1916,0
sz002124,10866,4570,0
sh603043,0,0,0
sh600599,2654,0,0
sz300042,0,0,400
sz002136,2002,0,0
sh600420,0,0,0
sz000539,0,0,0
sz002798,0,0,0
sz000530,4097,2100,0
sz002796,0,0,0
sh603336,0,0,0
sh603023,0,0,0
sh600744,0,0,0
sz000426,83605,70991,3619
sz002234,0,0,0
sz002328,0,0,0
sz002137,0,0,0
sz002627,0,600,0
sh603721,0,0,0
sz002384,4503,10828,0
sz300333,3011,0,0
sh603333,0,0,0
sz300334,0,1228,0
sh600190,0,0,0
sz002448,5696,2567,0
sz002155,33355,26087,1360
sz002787,0,0,0
sz300273,0,1507,0
sh603787,0,0,0
sz002877,0,0,0
sz000528,15652,11206,0
sz002269,0,7465,0
sz300184,0,0,0
sh600657,22095,0,0
sz000517,91366,179903,0
sz000910,3828,6814,542
sh600011,0,8361,0
sz000739,0,0,0
sh600250,0,0,0
sh600159,0,0,0
sz000060,119319,55297,3129
sz300475,0,0,0
sz300133,2611,6744,0
sz002388,0,0,0
sz001896,0,0,0
sh601918,12951,13889,0
sz002841,0,200,0
sz300332,0,0,0
sz000518,0,0,0
sz002869,0,0,0
sz300671,0,0,0
sh603858,417,690,0
sz002907,26635,40091,3767
sh600470,0,2026,0
sz300648,0,161,0
sz002734,0,412,0
sz300192,4400,2262,0
sh603016,4120,948,0
sh600329,0,0,0
sh600766,0,0,0
sh601158,0,1540,0
sz002043,10831,2808,0
sz000758,33071,12507,0
sh600410,1107,1143,0
sh600851,0,0,0
sz002897,0,0,0
sh601717,0,0,0
sz300609,0,305,0
sh603727,0,465,0
sz002408,5131,11715,0
sz002540,1500,0,0
sh600158,2062,5187,0
sz300557,0,0,0
sz002810,1160,525,0
sh600522,85886,122640,6136
sh600515,0,3122,0
sz300414,0,0,0
sh600499,41261,43791,0
sz000895,14438,15166,0
sh603006,0,0,0
sh603778,0,0,0
sz000581,33242,14937,694
sh603189,0,0,0
sh603685,0,0,0
sz002254,913,1915,0
sz000590,0,0,0
sz300311,0,1888,0
sh601611,22785,12513,0
sz300219,1317,0,0
sz002807,0,11024,0
sh600751,0,21274,0
sh600213,0,0,0
sh603001,0,0,0
sz300271,0,2403,0
sz000892,0,0,0
sh600288,1250,0,0
sh600558,2685,18055,0
sh600781,1261,1937,0
sh600114,1530,3995,0
sz002774,0,0,0
sh600080,1300,0,0
sz002539,0,0,0
sz002127,4021,4502,0
sz300303,0,4940,0
sz000848,2887,3805,0
sh600325,300318,248962,4450
sz002306,0,0,0
sz000004,0,900,0
sh600965,0,0,0
sz002850,0,0,0
sh600192,0,0,0
sz002031,30112,0,0
sh600545,8070,2469,0
sz300726,2488,800,0
sz000545,7347,1993,0
sh600609,22307,15849,0
sh600714,0,0,0
sh600592,1927,1200,0
sz000977,44027,100254,3409
sh600784,0,0,0
sh600143,17891,11242,0
sz002763,0,0,0
sz300373,4971,4094,459
sz000999,462,978,0
sz300381,0,0,0
sz300349,2353,300,0
sz000625,57293,46963,0
sh600103,2873,3576,0
sz000797,15869,3059,0
sh600448,0,2311,0
sh603188,0,0,0
sh601001,15550,4015,0
sz300458,0,1981,0
sz002832,0,0,0
sh603767,0,0,0
sz002195,13817,19813,0
sz002133,6849,2097,0
sz002099,0,4449,0
sh600086,14487,2442,0
sh600123,66901,29809,0
sz300536,1623,1689,477
sh600210,2589,3661,0
sh601997,7055,3552,0
sh601127,1660,0,0
sz300426,0,0,0
sh600401,0,30537,0
sh600107,786,845,0
sz300396,485,415,0
sz002456,111569,153244,627
sz300650,0,0,0
sz000021,4571,11897,0
sz300073,419,590,0
sz002223,4291,12586,0
sh601928,2018,1769,0
sh601878,11701,3278,918
sz300420,0,0,0
sz300078,0,2644,0
sz300481,0,0,0
sz002761,0,0,0
sz300014,14782,10367,1984
sh600429,0,0,0
sh600824,0,0,0
sh600167,1064,0,0
sz300190,0,0,0
sh601919,94505,73683,2021
sz300011,0,0,0
sz002176,64173,57707,0
sh600195,1569,0,0
sz002812,0,143,0
sz000691,0,0,0
sh603326,0,0,0
sh600758,6920,4493,0
sz300427,1905,2428,0
sz002447,40583,232574,0
sh603042,0,401,0
sh600561,0,0,0
sz300357,0,624,0
sz002599,0,0,0
sz002886,0,600,0
sz002751,0,362,0
sh603363,12468,11499,2376
sh600708,10459,9386,0
sz300457,500,1046,0
sz300363,0,831,0
sh600821,0,0,0
sz002486,0,4668,0
sz300584,0,549,0
sz300185,5209,22512,0
sz300450,616,896,261
sh600232,0,0,0
sh603889,0,0,0
sh603900,1170,1031,0
sz300642,160,0,0
sh601880,3646,35920,0
sz300479,0,0,0
sz000040,2319,0,0
sz002795,0,0,0
sz002203,0,0,0
sz000596,611,839,0
sz300534,0,0,0
sz002678,0,0,0
sz300050,0,0,0
sh600316,0,0,0
sz000948,0,0,0
sh603612,6569,12544,635
sh603499,0,0,0
sh600068,128616,96561,5023
sz300568,415,500,0
sh600586,6555,3615,0
sh603595,943,784,0
sz300175,1449,1509,0
sh603320,0,0,0
sh600456,1512,3794,0
sh600050,621712,526487,9633
sz000049,296,1429,0
sz002457,0,5926,0
sz300322,2407,3784,0
sh600741,62829,42778,7760
sz002359,22340,6473,1007
sz300046,0,0,0
sz002811,0,0,0
sh600062,2223,2378,0
sh603283,0,0,0
sz000513,2888,4620,413
sh600113,0,0,0
sh603385,0,0,0
sh600975,2987,0,0
sz000898,96412,116378,0
sz002048,1745,3260,0
sz002290,0,0,0
sh603758,0,0,0
sz300234,0,0,0
sh601117,22419,38351,1482
sz002708,7951,1812,0
sz000876,102953,47548,0
sz300252,0,0,0
sh600699,46285,36906,5094
sh600252,15902,4898,0
sz002689,0,0,0
sh601952,3242,15351,0
sz002200,0,0,0
sh603818,0,0,0
sh603330,0,0,0
sz000973,0,0,0
sh603298,714,0,0
sz300652,0,0,0
sh600116,7645,0,0
sh600854,0,0,0
sz000045,0,0,0
sz300417,0,0,0
sh600783,0,2719,0
sz002046,0,0,0
sz000713,0,0,0
sz300114,0,0,0
sz300467,301,1015,0
sh600731,0,0,0
sz300547,0,0,0
sz300615,0,0,0
sz002733,0,738,0
sz002301,5430,720,0
sh603887,0,0,0
sz300391,0,0,0
sz300077,19750,23478,1037
sz300261,0,2171,0
sh603615,0,0,0
sz000800,36990,28239,1942
sh600009,3519,7276,400
sh603027,0,637,0
sz300461,0,190,0
sz002700,0,0,0
sz300516,0,0,0
sz002641,0,0,0
sz002519,0,0,0
sz002600,10979,31605,0
sz002891,290,0,298
sh603826,0,0,0
sz300636,0,0,0
sh603683,0,0,0
sh600998,0,2284,0
sz002868,0,0,0
sz300472,0,0,0
sh600720,123937,101449,3132
sz000601,0,4360,0
sz300413,2251,8120,1304
sh600482,980,10063,0
sh603232,634,0,0
sz000338,354134,169504,0
sh600728,0,18620,0
sh603117,0,0,0
sz002670,10297,7249,0
sz002060,0,3800,0
sz002180,0,1803,0
sh601566,0,0,0
sz300338,0,500,0
sz300453,0,0,0
sh600017,7884,0,0
sh600023,28659,5059,0
sz300151,0,0,0
sz000838,2059,5539,0
sz002017,0,0,0
sh601998,154224,100950,0
sh600704,10902,3559,0
sz002333,0,0,0
sh600573,1228,0,0
sz002464,3313,0,0
sz002320,4629,2382,0
sz300385,0,0,0
sz002822,0,1831,0
sz002620,0,2000,0
sh603813,0,0,0
sh600726,0,0,0
sh600629,0,0,0
sz000069,301096,267516,11406
sz000407,0,2160,0
sz002353,4757,13385,0
sz002880,0,0,0
sz002813,3975,48448,0
sh601086,1217,2735,0
sz002836,0,0,0
sh603090,0,0,0
sh603098,0,0,0
sh603599,1298,0,0
sh603003,0,0,0
sz002167,1142,0,0
sh600724,0,0,0
sh600476,0,791,0
sz300638,0,0,0
sz002498,6002,3120,0
sz000682,0,0,0
sz300132,0,0,0
sz002076,0,0,0
sz002921,0,0,0
sz000017,0,0,0
sz002179,4713,2955,0
sh603288,635,2633,0
sh600961,0,0,0
sh603029,0,0,0
sz000650,0,0,0
sh600161,1366,7043,0
sz300491,0,0,0
sz002309,0,1028,0
sz300713,0,127,0
sz002010,789,850,0
sh603367,1076,746,0
sh600569,205208,57123,0
sz000558,2082,2598,0
sz000430,0,0,0
sh600446,8119,5378,0
sh600292,0,0,0
sz002429,5159,3489,0
sz300270,0,0,0
sh601558,0,0,0
sh603843,0,0,0
sh603106,0,0,0
sh600857,0,0,0
sz002077,0,0,0
sz002898,0,0,0
sz300085,1184,2005,0
sz300537,0,0,0
sh601968,0,0,0
sz000159,0,0,0
sz002327,0,0,0
sz002900,737,348,0
sh600094,2000,0,0
sh600191,3062,4430,3711
sz002680,692,701,0
sz002528,0,0,0
sz002752,1000,0,0
sz002416,0,3583,0
sz300561,0,0,0
sz000533,0,0,0
sz000949,0,0,0
sz002020,18931,17620,0
sz000717,235862,174056,0
sz300069,2248,570,0
sz002334,0,0,0
sh600742,3058,610,0
sh601881,20903,24087,0
sz002731,0,0,0
sz002743,958,0,0
sh603331,0,0,0
sh603558,880,0,0
sh601199,0,0,0
sh603729,0,0,0
sz300601,0,230,423
sz002432,1523,0,0
sz002035,865,404,341
sz000756,1018,1000,0
sz000917,6349,6672,0
sh603223,0,0,0
sz300667,0,0,0
sz300025,0,3462,0
sh600556,0,0,0
sh601939,190919,215261,2099
sz002007,540,5980,0
sz300723,1072,2039,0
sh603085,0,0,0
sz300661,355,288,0
sz002272,0,2062,0
sz000662,0,0,0
sz002719,0,0,0
sh600565,17103,22325,0
sh600993,4259,3870,511
sh600639,720,0,0
sz002084,0,0,0
sh603968,0,3815,0
sh600757,20335,1593,0
sz300272,5255,0,0
sz002064,0,7088,0
sh600489,87378,81760,0
sz300558,910,1121,385
sz002735,0,0,0
sh603985,0,0,0
sh603222,952,700,0
sz002923,0,0,0
sh600188,203783,151907,6312
sz300556,0,0,0
sh603922,819,0,0
sz002371,8904,16435,1372
sz300079,0,12948,0
sz300267,3852,7036,0
sz002230,55685,68805,6968
sz002775,721,1777,0
sz002612,0,0,0
sh600372,0,0,0
sh600795,135024,67312,0
sz002402,20125,5083,0
sz000055,0,0,0
sh600826,0,0,0
sz300041,0,0,0
sz300296,5216,12950,702
sh600896,0,0,0
sz002336,0,0,0
sh600479,0,0,0
sh600064,818,805,0
sz300249,0,0,0
sz002516,5030,4787,0
sz300176,318,172,0
sh600007,1293,2195,0
sh601328,160540,155023,0
sz300560,0,0,0
sh603322,0,0,0
sz300436,0,0,0
sz002538,11992,0,0
sz300331,0,733,0
sz000595,0,2280,0
sz000555,0,4806,0
sh600787,7022,18002,0
sz300164,3594,1500,0
sh600790,2300,1900,0
sz000850,0,0,0
sz002893,0,695,0
sz002209,0,0,0
sh600540,0,0,0
sz002220,0,0,0
sz002239,2657,2500,0
sh600791,0,3066,0
sh600683,2597,0,0
sz000546,0,5999,0
sh600258,6920,18377,0
sh601601,121477,103848,10163
sz300583,0,287,0
sz002267,0,2520,0
sz000980,6335,4910,0
sh600302,0,0,0
sz002303,0,0,0
sz300257,960,0,0
sz002413,0,1000,0
sh603496,0,0,0
sz002637,0,2497,0
sh600208,224163,197688,16204
sz000726,2558,0,0
sz000058,0,0,0
sh603277,0,578,0
sz000996,8431,16999,0
sz000777,7793,1569,0
sz300384,0,628,0
sz300315,33435,29203,0
sh601169,62090,118961,0
sh600510,0,0,0
sz300213,0,0,0
sz002263,0,3644,0
sz002480,0,0,0
sh603906,0,0,0
sh603996,3440,1328,0
sh600469,0,5636,0
sz300335,2562,5450,0
sz000061,0,3725,0
sz002284,10099,5320,0
sh600360,34215,13420,0
sz002375,0,3866,0
sh603316,0,0,0
sh600841,0,0,0
sz002356,5726,1092,0
sh601958,11962,7755,0
sh601058,10832,5658,0
sz300021,0,8315,0
sz300115,5521,6292,0
sh600850,0,0,0
sh603619,39643,78257,6931
sh600348,114945,79048,0
sz300263,0,4132,0
sz300308,4315,2450,200
sz300397,0,739,0
sz300400,0,0,0
sz300394,0,0,0
sh603131,0,0,0
sh601229,13851,18232,0
sz000333,76796,72528,4081
sh603888,0,0,0
sz002642,802,3355,0
sz002256,2500,3041,0
sz300093,0,0,0
sh600111,356101,255218,12113
sz002171,3252,0,0
sh600433,6951,0,0
sz300160,0,0,0
sz000587,73184,26586,1474
sh603929,0,839,0
sh603229,0,0,0
sz300209,930,0,0
sh600251,2682,2279,1918
sz002502,1668,0,0
sz002722,0,0,0
sz002565,0,0,0
sh600037,0,0,0
sh603366,0,5637,0
sz000636,68341,82641,7090
sh600671,0,0,0
sz002374,0,0,0
sz000825,159521,113467,0
sz002692,0,0,0
sz000599,0,0,0
sz300016,0,0,0
sh600376,12630,14145,1991
sh600077,6926,7703,0
sz002713,2879,506,0
sz000990,0,667,0
sz300410,0,332,0
sz002387,0,2383,0
sh603738,0,0,0
sz002746,0,0,0
sz000833,0,0,0
sz000572,9724,5141,0
sh600690,227501,163746,7352
sz002277,4206,6474,0
sz002081,40953,20763,0
sh603903,0,421,0
sz002102,69608,109679,4787
sh603368,0,0,0
sz300118,0,1305,0
sz000761,23938,16269,0
sz300360,0,0,0
sh600548,0,0,0
sz000573,0,0,0
sz002305,29687,6342,0
sz000686,30572,26046,0
sz002376,1483,1520,0
sz002491,917,0,0
sz002111,0,0,0
sz002808,0,927,0
sz300577,0,0,0
sz300045,0,0,0
sh600995,1473,1235,0
sh600409,82335,63023,0
sz002158,3353,9964,0
sh600693,0,1398,0
sh603337,1865,400,0
sz002705,0,0,0
sz300255,0,7340,0
sz002123,5969,1003,0
sz002653,0,0,0
sh601111,407296,395079,31292
sh600777,4067,16111,0
sh603161,0,0,0
sh600809,12451,10988,0
sh600179,40029,17213,0
sh600618,7868,3659,0
sh601700,0,0,0
sz000525,5553,4525,0
sz002096,0,0,0
sz000411,2875,0,500
sh600435,2054,4051,0
sz300107,3020,2714,2495
sz002577,0,0,0
sh603993,671412,503559,1709
sz000665,0,0,0
sz300343,949,0,0
sz000788,0,0,0
sz002196,7835,0,0
sh600845,0,2109,0
sz002797,270014,218671,5331
sh600152,0,0,0
sh600073,1241,0,0
sz300063,0,0,0
sz002483,0,0,0
sz002329,0,4500,0
sz002675,1015,6945,0
sz300145,1004,4907,0
sh603688,0,0,0
sh603703,13058,4163,0
sz002802,0,0,0
sz000921,3090,3119,0
sz002187,0,0,0
sh600439,0,0,0
sz002280,0,9179,0
sz300676,1437,3769,263
sz002554,0,10434,0
sh600536,0,0,0
sz002895,425,603,0
sz300460,0,0,0
sz000969,0,0,0
sz002496,117176,43737,0
sz002132,1921,29849,0
sz300437,0,0,0
sz300418,10364,24906,2507
sz000967,0,0,0
sh600415,15358,10687,0
sh600173,0,8005,0
sz300236,392,333,0
sz002434,1000,9997,0
sh600503,10293,14870,0
sz002522,8200,8638,0
sh603199,3886,1255,0
sh600256,92624,77278,0
sh603998,0,0,0
sh600436,11462,2739,0
sz000010,29679,58070,0
sz300189,5009,2900,0
sz002212,19462,776,2765
sh603226,0,0,0
sz002564,0,0,0
sz300709,0,232,0
sz300233,0,727,0
sz002351,0,0,0
sz300675,27360,49615,3036
sh600279,0,0,0
sh603067,0,0,0
sz002331,0,0,0
sz000912,0,0,0
sh600228,0,0,0
sz002040,0,0,0
sh603040,0,0,0
sh603178,0,0,0
sz002848,0,0,0
sz000952,960,2295,0
sz002664,402,400,0
sh601211,83754,69334,535
sz002231,0,0,0
sz002916,81356,59700,13397
sz300129,4098,13319,0
sz000567,3006,885,0
sh603058,0,0,0
sh601015,19258,17812,939
sz002780,0,0,0
sz002732,0,0,0
sz300223,10004,2440,278
sh601616,0,0,0
sh600589,0,0,0
sz300036,1841,0,0
sz002006,0,10264,0
sh600235,0,0,0
sh600619,0,0,0
sz300429,0,931,0
sz000563,4813,8708,0
sz002264,2097,12443,0
sz000809,0,0,0
sz000157,169332,143010,0
sh603378,509,549,0
sh600030,912386,862622,49470
sh600866,0,0,0
sz300380,0,0,0
sh600053,0,0,0
sz300490,0,0,0
sz002097,0,5809,0
sz300155,0,0,0
sz002745,0,851,0
sz300313,0,880,0
sh603728,613,0,0
sz002034,0,0,0
sh600973,0,3041,0
sz002253,0,0,0
sz002142,43349,73259,630
sz000819,0,0,0
sh603848,6411,3975,525
sh600289,0,0,0
sz002755,0,0,0
sz000701,0,2216,0
sz000753,0,2709,0
sz000612,0,1501,0
sh600800,1585,5329,0
sh600000,39345,47676,0
sz002819,0,0,0
sh600537,0,0,0
sh600570,13835,19420,1921
sh600971,74869,30123,0
sz000637,0,0,0
sz002056,10174,4537,0
sz002201,0,0,0
sz300136,20989,36754,1618
sz300096,2466,2600,0
sh600721,0,0,0
sz002769,0,0,0
sz300669,0,0,0
sz300403,1615,4756,0
sh600885,982,817,0
sz300499,0,0,0
sz000598,4322,9052,0
sz002915,22181,14216,2355
sz002151,31856,13735,1274
sz300362,2454,3496,0
sh603969,4958,16490,1319
sh600588,7857,11852,1413
sz002450,24266,34934,0
sh600653,0,4568,0
sz002510,1995,5308,0
sz300068,0,1996,0
sz300623,259,195,0
sz002079,16299,9828,0
sz002446,1052,0,0
sz300171,0,0,0
sz300625,0,0,0
sh600295,22565,8393,1816
sz300364,0,14454,2117
sz002677,649,0,0
sz300214,0,0,0
sz300268,627,1612,0
sz002818,0,0,0
sh600184,0,0,0
sh603369,24315,9340,0
sh600175,141076,71673,0
sh600136,0,1873,0
sh600594,0,0,0
sz002718,0,0,0
sz000410,0,4498,0
sz002147,35870,19467,1000
sh603076,2423,3131,0
sz300546,0,0,0
sz300127,0,0,0
sz300673,581,0,0
sh600730,0,5152,0
sz002240,4169,2025,0
sz300061,0,0,0
sz002896,0,810,0
sh600547,43070,28449,3521
sz300619,0,0,0
sz002833,0,320,0
sh600855,0,0,0
sh603111,1787,22812,0
sh603855,0,0,0
sh600282,203034,220998,0
sh603963,1545,317,0
sz000001,603536,668956,1820
sz002061,6316,5672,0
sz002623,0,0,0
sz300057,0,0,0
sz002218,47756,8709,0
sh601200,0,1624,0
sh603958,0,0,0
sz300269,0,0,0
sh603823,0,0,0
sz002393,0,0,0
sh600461,0,2000,0
sz002437,0,0,0
sh600566,1242,1143,0
sz002542,1239,3811,0
sh600281,0,0,0
sz000068,0,0,0
sh600169,6125,18218,0
sz300326,0,0,0
sh601228,12793,10286,0
sh600875,29914,20437,0
sz300653,0,0,0
sz000043,1018,1000,0
sz002772,0,0,0
sh601886,0,2488,0
sz002872,0,0,0
sz002595,0,0,0
sh601985,19748,17090,0
sz002197,0,850,0
sh600876,1201,1022,0
sz002140,0,0,0
sh601008,2151,2508,0
sh600801,89937,81500,5935
sh600337,19535,33043,0
sz300708,4157,2792,348
sh603899,2634,1819,0
sz300687,0,0,0
sz002052,0,4000,0
sz002698,0,0,0
sz300565,0,0,0
sh600067,10279,9259,0
sh600658,898,0,0
sz000863,0,0,0
sz300434,0,0,0
sz002246,806,0,0
sh603508,0,0,0
sz300002,2205,4101,0
sh600674,12979,1951,0
sh603955,0,0,0
sz000037,0,0,0
sh600641,26131,8667,1026
sh601020,2543,1001,0
sz300055,6118,24271,0
sz300468,17839,14793,2739
sz300324,0,772,0
sh600428,6712,2935,0
sh600243,0,0,0
sz300382,4306,0,0
sh600138,7159,8776,545
sz000676,0,0,0
sz002583,21148,32511,0
sz002479,5746,12311,0
sz002503,0,0,0
sz000736,0,0,0
sh600398,14010,1008,0
sh600775,0,0,0
sz002024,51386,82712,3596
sh600868,22972,40815,0
sh601177,0,0,0
sh600322,4632,0,0
sz000909,0,2366,0
sz002380,0,0,0
sh600785,0,0,0
sh601929,6100,0,0
sz002244,52400,35053,0
sz000503,12437,29067,646
sz002585,2000,0,0
sz300048,0,0,0
sz300368,0,0,0
sz300406,0,2814,0
sz002651,0,0,0
sz002800,0,0,0
sz000063,336515,352417,21446
sh603989,0,967,0
sh600091,0,0,0
sz002431,2472,1950,0
sh600517,3615,19593,0
sz300459,0,2190,0
sh600546,49882,44379,0
sh603218,0,0,0
sz300111,0,0,0
sh603118,0,0,0
sh601339,0,0,0
sh600776,0,0,0
sz002153,2658,8389,401
sh601818,177616,201964,0
sz300206,0,0,0
sz300545,166,0,0
sz000166,36855,38082,0
sh600872,2956,1429,0
sz000968,800,2065,0
sz002071,2525,0,0
sh600500,5430,9086,0
sh600743,13998,16075,0
sz300508,0,0,0
sh603602,254,207,0
sz002249,37782,2449,0
sh603309,0,0,0
sz002646,0,0,0
sz002285,58118,89331,1316
sz000908,0,1800,0
sh600722,0,0,0
sh601519,0,0,0
sh600711,89584,48688,0
sh600300,0,11795,0
sh600004,6764,17080,0
sz002421,4955,14051,0
sz300052,0,2486,0
sz000905,1508,0,0
sh600834,0,0,0
sh600679,0,0,0
sh600576,0,0,0
sz300027,247591,275411,43421
sz000913,1131,0,0
sz000523,0,0,0
sz300579,0,227,0
sz002817,901,1000,0
sh601366,0,0,0
sz300009,21643,36935,468
sz002707,0,0,0
sz002487,0,0,0
sz000099,0,6908,0
sz002159,0,0,0
sz000965,2416,0,0
sz002558,661,344,0
sz002214,2056,1694,0
sz300685,517,851,0
sz002890,0,0,0
sz002350,1241,1200,0
sz300226,2530,806,0
sz300087,1300,0,0
sz300640,0,0,0
sz300237,607,0,0
sh603355,0,0,0
sz000807,201828,145215,14425
sh600346,36938,35354,1018
sz002760,2069,0,787
sz000425,902200,612710,2273
sz002193,3545,0,0
sz002665,0,9949,0
sz002728,0,0,0
sz002648,12972,11501,1529
sh600802,23912,13348,0
sz002092,115623,92210,5208
sz300388,500,3760,0
sh600269,12240,19294,0
sh600223,5657,8890,0
sh600425,3021,21684,0
sz002418,0,0,0
sz002222,4595,8398,0
sz000738,0,1221,0
sz000987,0,0,0
sh603100,0,0,0
sz300663,0,0,0
sz002544,0,0,0
sh600999,73102,36671,590
sh600196,23322,34188,2524
sz000762,14030,8420,0
sz002885,0,0,0
sz000925,0,1567,0
sh603099,0,0,0
sh600106,0,0,0
sz300371,0,1101,0
sz002481,2071,4580,0
sh600996,0,0,0
sh600110,7400,18540,0
sh600986,0,0,0
sz002205,0,0,0
sh603866,300,0,0
sh601966,745,717,0
sh600981,0,0,0
sz000723,14207,17853,0
sz002135,0,2370,0
sh603359,0,310,0
sz300074,0,2438,0
sh600338,1340,1678,0
sh600202,0,0,0
sh603579,279,318,0
sz002349,0,0,0
sz300314,0,0,0
sh600710,0,0,0
sz000561,0,1633,0
sz002268,3729,3834,0
sz002860,0,504,0
sz300106,0,1395,0
sz002571,0,0,0
sh603338,0,128,0
sz002555,2413,3470,0
sz300246,0,0,0
sh601028,0,1200,0
sz002109,0,1787,0
sz002638,4412,2370,0
sz002106,1558,0,0
sz002463,32070,26023,0
sz000815,0,0,0
sh600682,7641,807,0
sh600119,0,0,0
sh600403,0,0,0
sz002667,0,0,0
sh601326,2269,4888,0
sh603886,0,0,0
sh601155,75350,44338,5258
sh603779,0,805,0
sh600271,12592,58383,1650
sz002210,0,0,0
sz000903,0,0,0
sz002368,0,1862,0
sh603167,0,0,0
sz300342,0,0,0
sh601231,20384,23000,0
sh603776,174,184,0
sh600163,0,0,0
sz000953,0,0,0
sh600141,41138,22398,0
sz300562,0,0,0
sz000617,0,874,0
sh600121,4905,2232,0
sz300065,0,0,0
sh600702,11713,24197,1275
sz000875,0,9357,0
sz300008,0,5623,0
sz002152,18445,20946,0
sz000413,34671,41646,0
sh600166,40076,69201,0
sz002609,0,993,0
sz000607,0,0,0
sh601005,0,4655,0
sz002194,5467,7921,907
sz002278,20507,3849,1004
sh600375,0,0,0
sh600241,0,0,0
sh603458,301,1646,0
sh600982,0,0,0
sz300701,282,0,0
sz000070,0,0,0
sz300003,10076,12689,402
sz002216,0,2000,0
sz000409,0,0,0
sz300603,372,419,0
sh600660,11497,12605,0
sh600246,2921,7776,0
sh603133,0,0,0
sz300251,10873,26363,0
sz002560,1614,0,0
sz002321,80617,38131,0
sh600058,0,0,0
sh600505,0,0,0
sz300655,0,0,0
sh600491,3357,7578,0
sz300124,4029,12580,0
sz002157,52165,13172,0
sh600650,0,0,0
sz300366,0,0,0
sh600612,400,0,0
sh600203,1740,0,0
sz300191,1732,500,656
sz300493,0,0,0
sz300571,0,0,0
sz000915,0,1440,0
sh600299,2855,0,0
sz300142,2507,3604,0
sh603686,0,0,0
sh603528,0,0,0
sz300570,0,0,0
sh600332,85968,107079,11179
sz300566,1495,0,0
sz300658,0,0,0
sz300497,0,0,0
sh603505,2327,478,0
sz002370,22102,0,0
sh603456,0,0,0
sz002920,77010,140697,51880
sh603421,493,903,0
sz002663,0,0,0
sh600793,0,0,0
sh603035,0,0,0
sz002192,1845,2129,402
sz002513,0,0,0
sh603387,266,393,0
sh600197,3592,4268,0
sz000816,6443,8790,0
sz002422,17312,7324,0
sh603012,0,0,0
sz002878,0,0,0
sh600617,0,0,0
sh601988,413577,362954,0
sz300689,0,0,0
sh600984,0,4365,0
sz300600,0,0,0
sh603616,713,1852,0
sz002287,0,0,0
sz002258,3628,2388,0
sh600883,0,0,0
sh600764,0,427,0
sz002619,60616,4811,0
sz000721,0,0,0
sz002175,0,8067,0
sz002668,0,597,0
sh603601,0,0,0
sz002355,5870,2283,0
sh603689,714,676,0
sh600481,0,0,0
sz000028,2945,0,0
sz002582,0,892,0
sz000628,0,2836,0
sz002279,0,3592,0
sh600216,60909,16219,0
sh600405,0,2489,0
sz002556,3513,2268,0
sh600115,619015,634570,22878
sz000619,0,0,0
sz300316,19660,17300,1922
sz000878,79661,36242,0
sz300496,4658,3364,0
sz002286,0,0,0
sz002088,0,1000,0
sz300699,2899,9458,258
sz000861,3387,0,0
sh600419,300,241,0
sh600477,2748,2521,0
sz000423,1946,2933,0
sh600351,0,0,0
sz300201,0,0,0
sz002051,0,3431,0
sh600308,3398,7209,0
sh603606,0,0,0
sz002649,5753,5434,0
sz002332,1475,2120,0
sz000836,76077,102935,6154
sh603659,203,236,391
sh600615,0,1810,0
sz000932,46456,42038,0
sh603160,526,448,0
sz300279,0,0,0
sz002364,0,0,0
sz002454,2901,3745,0
sh600640,0,0,0
sz000586,1214,5029,0
sz002598,0,0,0
sh600976,503,0,0
sz000591,2270,5828,0
sz300693,0,0,0
sz002671,0,0,0
sh600738,0,0,0
sh603300,0,2908,0
sh600490,40485,25380,1501
sh603007,0,0,0
sz002295,0,0,0
sh600701,1996,4499,0
sh600642,2911,2958,0
sh600527,0,7797,0
sh603768,0,0,0
sh603607,260,0,0
sz002758,0,3494,0
sh600219,135890,35155,0
sh600082,0,1698,0
sz000683,92797,52630,0
sh603690,0,0,0
sh600926,24266,8128,0
sz002067,9449,11144,0
sh600468,0,0,0
sz002154,0,6502,0
sh600703,70648,90932,8947
sh603603,0,311,0
sh600070,0,0,0
sh601799,872,0,0
sh603123,0,0,0
sh603880,0,0,0
sh600238,0,0,0
sz000553,2751,831,0
sz300212,1799,1826,0
sz002789,0,0,0
sz002282,0,764,0
sz300488,0,0,0
sz300153,0,986,0
sh603939,0,0,0
sh600654,0,10287,0
sh601518,0,0,0
sh600026,2340,1635,0
sh603128,7813,6070,1176
sh600779,4098,3875,643
sz300530,0,0,0
sz002405,104671,101495,34864
sh600331,7000,4043,0
sz000961,194576,173205,0
sz002615,4386,1854,0
sh603679,0,0,0
sh600893,2212,5884,0
sh603918,0,0,0
sh600369,18677,24048,0
sh601901,28894,20713,0
sh603737,0,0,0
sh600291,4025,9592,424
sz300654,0,0,0
sz002500,41605,39970,1534
sz300022,0,0,0
sh600297,13269,14027,0
sz300070,12748,15435,0
sh600606,2276525,2717119,113451
sh600293,1501,15300,0
sz300139,0,0,0
sh601019,5882,4808,0
sz300428,0,0,0
sz002478,0,0,0
sh600662,0,0,0
sz002696,0,0,0
sz000548,0,0,0
sz002829,0,0,0
sz002283,0,0,0
sh600074,0,0,0
sz000059,50320,51904,0
sz002288,1946,2022,0
sz300535,0,0,0
sh603578,0,300,0
sz300585,784,0,0
sh600039,9703,7137,0
sh603050,0,1030,0
sz002518,1436,615,0
sz000008,5249,0,0
sh601009,167359,121056,0
sh600155,3688,3397,0
sz002468,477,0,0
sz002399,0,0,0
sh600359,0,0,0
sz002396,7291,11190,0
sz002063,7490,2741,0
sh603233,198,0,0
sh600101,1061,1500,0
sh601588,74316,27263,5036
sz002566,0,0,0
sz002614,0,0,0
sh603882,0,432,0
sz002786,11353,2452,0
sz002266,0,6210,0
sz300012,2525,0,0
sz300692,0,252,0
sh600418,7033,15563,0
sz000606,0,0,0
sz002438,0,0,0
sh603025,0,0,0
sh600225,0,0,0
sz002639,0,1530,0
sz300616,0,0,0
sz002471,0,0,0
sh600221,300999,123868,0
sz000889,2461,1948,0
sz300285,2900,1752,0
sz300067,0,1679,0
sz300286,0,0,0
sz000652,0,0,0
sh600580,0,2404,0
sz002412,920,0,0
sz300448,0,0,0
sh603157,0,0,0
sh603535,0,0,0
sz300130,0,0,0
sh600863,6031,0,0
sh603315,0,0,0
sz300328,0,0,0
sh603908,0,0,0
sz002552,0,0,0
sz000616,8570,13613,0
sz002855,0,0,0
sz300122,5958,3556,379
sz002905,0,0,0
sh600563,1121,1683,0
sz000976,0,1375,0
sh603568,0,0,0
sz002847,0,0,0
sz300354,0,0,0
sz002215,1680,0,0
sz002094,2596,633,0
sh601718,0,0,0
sz300198,5000,11864,0
sh600130,4083,0,0
sh600149,1587,0,0
sz000418,517,656,0
sh600172,1507,11523,0
sz002407,8711,4433,0
sz002586,10916,0,0
sz002383,1568,4642,0
sz002445,0,2032,0
sh601069,20496,16118,1374
sz300621,0,1109,0
sz002634,0,0,0
sh600008,48175,66671,0
sz000610,0,0,0
sz002237,6241,3991,0
sz002325,0,0,0
sh603108,2246,1600,0
sz002884,0,0,0
sz002581,0,1514,0
sz002386,21872,15297,0
sh600478,0,2555,0
sh601000,8370,32766,0
sz300533,0,0,0
sz002339,0,1300,0
sz300681,280,0,0
sz300081,0,0,0
sz000687,0,0,0
sz002823,0,778,0
sz000732,1026,62816,0
sz000828,980,1247,0
sh600211,0,0,0
sh600969,0,0,0
sz300229,757,0,0
sh600126,0,1470,0
sz000813,0,1188,0
sz002365,1451,933,0
sz000887,1000,7697,0
sh603063,0,0,0
sz300121,0,0,0
sh603707,1924,0,0
sz002587,0,0,0
sz000759,0,5359,0
sh600171,33715,60190,7186
sz300604,651,1535,0
sz000851,1759,3297,0
sh603630,0,0,0
sh600261,0,1915,0
sz000778,17490,32143,0
sz002701,0,0,0
sh600551,0,0,0
sz300144,0,3198,0
sh603088,0,0,0
sz002164,0,0,0
sz300165,1711,0,0
sh603198,0,718,0
sz000631,4031,3480,0
sz002559,0,0,0
sz300170,5008,9560,0
sz300288,0,0,0
sz300035,0,0,0
sh603588,0,5263,0
sz300469,0,0,0
sh600056,2137,2987,0
sz300541,0,720,0
sh600298,3855,11322,511
sz300232,793,1163,0
sz000716,0,1877,0
sz300320,2043,4096,0
sh603360,0,0,0
sz000755,0,0,0
sz000519,3129,14518,0
sh600985,25495,29381,1432
sh600677,0,921,0
sz300398,560,524,0
sh603890,2004,2309,319
sz300318,0,0,0
sz000657,0,1026,0
sz002323,4326,0,0
sh603789,0,0,0
sh601555,24422,13954,0
sz002242,1160,1301,0
sz300633,0,0,0
sz300044,0,1500,0
sz002839,0,902,0
sz300684,0,0,0
sz002527,0,1071,0
sz002492,3628,0,0
sz000501,1237,716,0
sh601288,649724,716166,0
sz300137,9000,14864,0
sh601225,648816,477936,7144
sh600027,12166,39499,0
sz002236,53868,73135,2592
sh603988,312,0,0
sh600199,0,0,0
sz000656,101761,115592,1973
sh603357,0,1100,0
sh600828,0,0,0
sh603477,9911,7019,0
sz300172,0,1800,0
sh600830,0,4023,0
sh600383,507547,462322,35019
sz300375,4091,6533,0
sz002250,0,2263,0
sz000155,7784,29737,0
sz002044,5119,3717,0
sz002310,23635,31249,620
sz000301,21089,3796,0
sz300632,464,0,0
sz300554,162,166,0
sz000655,4396,0,0
sh600006,4722,18277,0
sz000882,5211,0,0
sz002186,0,0,0
sh600637,4441,3829,0
sh603081,971,0,0
sh600782,227429,119226,2118
sz000520,9600,5612,0
sh600597,1642,10203,0
sz000039,43572,20255,3482
sz300415,0,0,0
sh601608,0,16063,0
sz000729,10826,36291,0
sh601108,74578,36279,1865
sh600636,0,0,0
sz300321,0,0,0
sh600416,2282,4151,0
sz002121,3145,0,0
sz000735,8392,1610,0
sh600881,16986,5678,0
sz000731,0,10280,0
sh603626,0,1035,0
sz000505,0,0,0
sh600125,33061,83999,0
sz000796,0,0,0
sz300525,0,0,0
sh603268,0,0,0
sz300473,0,0,0
sh600900,8694,24239,0
sh601888,25678,13217,1088
sz300582,0,0,0
sz002918,5562,6398,510
sz000544,0,0,0
sz300284,0,0,0
sz300276,0,0,0
sz300487,1600,2455,0
sh603717,951,0,0
sh603701,0,0,0
sz300157,2538,2522,0
sz002054,66831,16883,1216
sz000038,0,0,0
sz300235,3187,0,0
sz000963,3472,2506,548
sh603519,0,0,0
sz002602,2039,1822,0
sh600725,0,0,0
sh600055,2019,857,0
sh600608,0,0,0
sh603113,877,3587,0
sz002467,4000,1432,0
sz002633,0,0,0
sh601699,426774,472254,15653
sz000404,9207,3870,0
sz002679,0,0,0
sh603730,0,0,0
sh600368,0,0,0
sh603677,0,0,0
sh600266,7689,5548,0
sh600320,14586,36284,0
sz002291,0,0,0
sz300277,0,0,0
sz000543,5345,0,0
sz300691,0,149,0
sz002741,0,0,0
sz300110,2465,1230,0
sz000919,0,0,0
sh600180,0,0,0
sz000046,14277,6455,0
sz002864,4997,5444,1468
sz300732,581,1555,140
sh603303,0,0,0
sz002068,10693,1534,0
sz000679,0,0,0
sz002681,0,3711,0
sz002647,800,0,0
sz002009,0,0,0
sz300345,0,0,0
sh600100,2325,13025,0
sz300666,461,2681,0
sz002069,0,0,0
sz300217,0,0,0
sz300239,0,0,0
sh600229,0,0,0
sh603926,0,0,0
sh600890,23950,2160,1020
sh600667,51985,71477,2755
sz002202,55008,72025,2512
sz002085,0,3635,0
sh600888,25798,24193,0
sz300282,530,0,0
sh600958,39741,23179,0
sz300024,918,2208,0
sz000957,2293,1846,0
sh600719,0,0,0
sh600898,0,964,0
sz000552,59089,20273,0
sz002511,2855,3407,0
sh600749,0,0,0
sz300287,0,3313,0
sh600021,0,0,0
sz002166,1657,919,0
sz002666,0,6280,0
sh601808,11181,46306,0
sz000559,13085,2447,0
sz002873,0,0,0
sh601311,0,3230,0
sz002551,0,0,0
sz300660,0,0,0
sh603999,0,0,0
sz300686,0,0,0
sz300482,796,645,0
sh600638,0,0,0
sz300518,0,0,0
sz000826,2945,4931,0
sz002259,0,4565,0
sz002233,25109,15481,0
sz002170,0,0,0
sz000560,2340,1317,0
sh601882,1029,905,0
sz002346,0,0,0
sz300245,0,0,0
sh600272,0,0,0
sz300197,5302,33790,2520
sh600582,11823,6360,0
sz300123,0,0,0
sh600765,0,7029,0
sz300435,0,0,0
sh603896,300,258,0
sz300348,0,0,0
sz000698,0,0,0
sz002247,0,0,0
sz002089,0,3916,0
sz300729,0,476,0
sz002899,0,0,0
sh603997,959,0,0
sz300307,0,3500,0
sz300430,0,0,0
sh600267,6217,3123,0
sh603833,200,183,0
sh600285,0,0,0
sh603638,0,400,0
sz300346,0,0,0
sz300037,0,0,0
sz002026,0,0,0
sz300631,0,0,0
sz002625,2369,8951,0
sz000032,0,0,0
sh603208,0,0,0
sh600081,0,0,0
sz300688,0,230,0
sz300084,0,2107,0
sz000708,4483,1000,0
sh600352,168150,146873,4815
sh603797,0,896,0
sh600512,9867,21181,0
sz300422,0,1599,0
sh603600,0,0,0
sz001696,0,0,0
sz000609,0,0,0
sz300102,15378,31973,1435
sz300456,0,0,0
sz002028,1026,0,0
sh600895,880,2826,0
sh603527,0,0,0
sh600118,9147,4546,0
sz000793,4824,16307,0
sh603577,0,0,0
sz300387,0,0,0
sz300351,0,978,0
sz002509,6542,3107,0
sz002550,0,0,0
sh600535,600,5299,0
sz000715,0,0,0
sz300020,3434,3461,0
sh603859,0,0,0
sh600151,0,2965,0
sz300510,0,0,0
sh603639,0,0,0
sz002139,8340,13200,0
sz000403,0,0,0
sz002791,0,0,0
sh601969,0,0,0
sz000906,0,0,0
sz000537,41838,15695,1506
sh600538,0,0,0
sh603396,289,0,0
sh603696,0,0,0
sh603258,0,0,0
sh600880,0,16245,0
sh600353,0,0,0
sz002027,92114,149207,6055
sz002178,0,1295,0
sz002030,874,0,0
sh600967,23561,7692,0
sz002603,0,5067,0
sh600120,574,0,0
sh600290,0,0,0
sz002691,0,0,0
sz002149,0,1819,0
sz300254,0,0,0
sh601636,173193,122209,16322
sz300433,2926,4257,0
sz002307,2848,6880,0
sz300489,0,0,0
sh603444,1794,281,103
sz002369,8727,1224,0
sh603289,0,0,0
sh603569,0,0,0
sz002213,0,0,0
sz300300,0,0,0
sz000972,2351,0,0
sh600016,318521,166929,0
sh600255,2976,0,0
sh600033,5819,14793,0
sz002118,2059,11333,0
sz000886,14991,9584,0
sh603166,0,0,0
sh603388,0,0,0
sz300238,1911,2360,0
sz002919,2777,2510,520
sh603898,1299,440,0
sh601238,1368,1467,0
sh600769,0,0,0
sz000009,2008,9120,0
sh600516,534944,534691,94368
sh600815,0,0,0
sh600183,24307,29302,2202
sh601669,7440,2586,0
sz002765,0,0,0
sz000993,0,0,0
sh600581,83526,48920,870
sz002466,38943,24300,3593
sz300150,0,0,0
sz002906,0,8237,0
sh603960,360,0,0
sz002041,1158,3540,0
sh603959,325,865,0
sz300432,0,0,0
sh603605,952,0,0
sh600462,0,0,0
sz002391,7672,1651,0
sh601599,2159,1987,0
sz300607,465,168,0
sz300707,232,0,0
sh603860,0,0,0
sz002876,0,0,0
sz300678,1418,713,179
sz300218,0,0,0
sh600917,4869,1074,0
sz300670,0,0,0
sz002672,0,934,0
sh603919,0,1403,0
sz002191,1436,2282,0
sz002488,0,0,0
sz002138,641,8945,0
sh600644,0,0,0
sz000862,0,0,0
sh601101,22984,13388,0
sh603976,0,0,0
sz000885,11765,8040,716
sz000090,12741,5456,0
sh600865,0,0,0
sz300622,0,0,0
sz002532,0,1704,0
sz000880,0,0,0
sz002658,0,0,0
sz300347,0,0,0
sh603306,0,0,0
sz300266,3172,1367,0
sh601179,0,19428,0
sz002543,523,7622,674
sz300647,0,0,0
sz000011,1742,4245,569
sz002687,0,0,0
sh600422,0,3730,0
sz300611,0,0,0
sz002389,2009,2742,0
sh603800,0,0,0
sz000888,0,0,0
sh600311,3829,0,0
sh600128,2000,0,0
sh601139,0,2000,0
sh600085,7476,3749,0
sh603377,283,0,0
sz000020,0,0,0
sh600168,0,0,0
sz002317,12192,12892,0
sh600696,0,0,0
sh600408,3700,0,0
sh601099,105438,73722,0
sz002403,0,1353,0
sz300664,0,0,0
sz300506,0,0,0
sz300635,3069,0,0
sz002892,3879,2307,0
sh600630,0,0,0
sh601222,24774,35472,1727
sz300247,0,2612,0
sz000510,5000,0,0
sz300511,1060,0,0
sz300026,9318,19000,0
sh600694,0,630,0
sz300072,28924,29951,2865
sh600185,43829,48470,0
sh603165,558,606,0
sz300730,20891,25065,1369
sh600847,0,0,0
sz300695,0,0,0
sz002410,660,1619,0
sz300682,0,0,0
sz002861,1865,0,0
sz000554,1213,1226,0
sz300507,0,0,0
sh600523,0,0,0
sz002078,131989,50292,4563
sh600822,18806,25813,763
sh601088,278890,230741,10653
sh603365,3131,563,0
sz300312,2432,1771,759
sh601375,32618,26751,4838
sz300662,0,0,0
sz300376,2609,4440,0
sz300301,0,0,0
sh603008,4029,0,0
sh603725,0,0,0
sh600578,0,0,0
sh600193,2161,0,0
sz300174,0,0,0
sz002875,0,0,0
sz002597,5978,8328,0
sz002424,0,3769,0
sh603655,0,0,0
sh600209,11189,5292,0
sh601857,79888,140312,0
sz000837,0,0,0
sz002174,651,3140,0
sz002235,15514,1467,0
sh603005,2255,1443,0
sz002319,5657,0,0
sh600400,4049,6212,0
sz000988,3063,14979,0
sh603179,0,0,0
sz300463,4603,9843,0
sh603937,5197,1364,1024
sh600622,2187,1278,0
sh600737,5067,2749,0
sh603225,15780,10844,1357
sh600249,2266,2337,0
sz002815,0,1030,0
sh601633,15572,6137,0
sz002360,0,0,0
sz000524,0,0,0
sz300228,0,2009,0
sz002852,0,0,0
sh601628,22431,32105,430
sz002782,0,0,0
sz002783,0,0,0
sh600979,0,0,0
sz000799,3257,14700,0
sz000603,1843,2042,0
sz300243,0,0,0
sz000488,102806,40780,1948
sz002605,0,884,0
sz300705,2100,0,0
sh600833,0,0,0
sh601126,0,2591,0
sz002459,0,0,0
sh600610,2610,0,0
sh603278,5463,0,0
sz000078,16115,10567,0
sz002411,0,0,0
sz002095,0,300,0
sh600305,2084,3058,0
sz002655,14648,16027,7301
sz300113,5182,24994,0
sz000720,0,0,0
sh600557,3269,2000,0
sz002643,0,10943,0
sh601965,0,0,0
sz002003,1864,2674,0
sh600089,79906,45799,0
sz300599,0,0,0
sh603041,0,0,0
sh600792,0,0,0
sz000420,0,5000,0
sh600909,31540,20078,0
sh600475,0,0,0
sh603299,1539,6011,0
sz300094,0,1713,0
sh600583,9242,45453,2551
sz002889,0,0,0
sh600501,0,0,0
sz000421,0,0,0
sh603979,0,0,0
sz300259,0,0,0
sh600095,3000,0,0
sh600780,0,0,0
sh600987,4836,1484,0
sz002695,1459,0,0
sz000428,0,0,0
sh603159,0,0,0
sz002635,6751,5507,0
sz000868,111976,93590,10372
sh600613,0,0,0
sz002725,0,0,0
sz300593,0,0,0
sh600601,0,0,0
sh600887,89030,118793,5195
sh600231,62774,99329,0
sz000927,0,2500,0
sz002750,0,0,0
sz002025,691,4485,0
sz002768,0,385,0
sh603819,0,0,0
sz002002,15453,5413,0
sz002821,896,0,0
sz002146,591363,670703,40388
sz000829,0,1879,0
sh600467,0,15843,0
sz000692,0,0,0
sz002806,0,0,0
sh603139,0,0,0
sh600584,26559,65453,3038
sh601933,111794,104685,0
sz002594,25715,21090,1676
sz300522,0,500,0
sz002799,0,0,0
sz000966,0,3360,0
sz002322,0,692,0
sh603002,0,3650,0
sz300119,0,0,0
sh600075,0,0,0
sz002820,0,424,0
sz002107,0,0,0
sh600602,0,1428,0
sh600497,469937,280201,9516
sh600096,3764,19879,0
sz300128,4050,2994,0
sz002716,22466,19030,665
sh603883,187,0,0
sh600048,1049959,916100,60866
sz000782,0,0,0
sh600616,0,1074,0
sz002120,241,1215,0
sz300083,6677,30888,1819
sh600392,159451,120770,2634
sh600882,0,0,0
sz300407,7086,6510,0
sz300210,0,0,0
sz300294,0,0,0
sz002304,4461,4318,0
sh603557,0,0,0
sz300341,0,0,0
sz002226,0,0,0
sh603711,437,0,0
sh603580,0,0,0
sz002650,0,0,0
sh600083,0,0,0
sz002184,0,0,0
sh600521,7107,16892,1467
sz300513,0,0,0
sh601500,0,0,0
sz002117,0,1700,0
sz300305,0,0,0
sh603861,0,0,0
sz300608,0,0,0
sz000767,0,4000,0
sz002601,44965,25678,1052
sh600519,17904,13845,3238
sz300573,0,0,0
sz300188,1630,7727,0
sz000725,3518688,3907813,0
sh600687,1906,2300,0
sz002281,13532,17693,590
sz002682,0,0,0
sh600655,0,4385,0
sh603313,0,0,0
sh600406,14749,40251,0
sz000982,0,2443,0
sh600507,131807,102415,4168
sz002684,0,600,0
sz300005,3289,2600,0
sz300323,4255,11663,1541
sz000985,0,1040,0
sz300639,158,3200,307
sh600673,35723,14095,0
sz000821,0,1811,0
sz300552,0,0,0
sz000042,4624,2749,0
sh600020,9797,18653,0
sz000613,0,0,0
sz300339,0,2437,0
sh600237,0,0,0
sz300018,0,0,0
sh600371,0,0,0
sz002881,0,0,0
sz002702,0,0,0
sh600389,4209,578,0
sz300540,0,0,0
sz000514,22715,33505,1551
sh601038,0,0,0
sz300423,1300,0,0
sh603801,324,0,0
sz002144,0,0,0
sh603567,0,0,0
sz000415,8797,5190,0
sh600170,13863,40380,0
sh600028,1014768,996359,19034
sh603266,0,450,0
sh601872,2857,2484,0
sz000690,28834,46554,0
sz300480,0,631,0
sh600718,9792,9184,0
sh600207,0,0,0
sh600051,0,0,0
sh603517,1148,0,0
sh600676,0,0,0
sz000707,0,0,0
sz300425,0,0,0
sh600759,16763,22962,0
sz300474,205,2457,0
sh600727,8645,0,0
sh600532,11039,5990,0
sh603017,0,0,0
sh600463,0,0,0
sh601388,132112,49750,0
sh601788,15423,9589,0
sz002161,1158,1193,0
sh603708,4342,9668,0
sh600278,0,0,0
sz002879,15180,1444,171
sz000096,0,0,0
sh600259,10815,9155,416
sh601668,1244894,1035923,13885
sh603838,0,0,0
sz300082,0,1885,0
sz000036,112961,138415,8214
sz300163,0,0,0
sz300059,257384,232687,12065
sz002208,16466,17506,0
sh603033,0,0,0
sz000951,612,1639,0
sz300401,4909,6252,0
sh601789,0,3270,0
sz002221,80510,52002,2038
sz002451,408,0,0
sz002427,2507,1673,0
sz002858,0,0,0
sh600388,20446,27567,0
sh603466,1092,1603,0
sz300575,0,0,0
sz300696,0,0,0
sh600620,0,0,0
sh600886,33124,12966,0
sz300451,0,0,0
sh600892,0,0,0
sz300337,15229,7541,6000
sz002526,0,0,0
sz002801,0,0,0
sz000635,0,3151,0
sz300409,15999,13023,231
sz000792,234969,178975,13682
sz002909,768,522,0
sh601866,13499,17175,0
sh600319,22604,10635,0
sh600277,25028,28359,0
sh603518,0,0,0
sz002224,0,1181,0
sz300438,409,0,0
sz300465,16519,62455,1133
sh600590,0,0,0
sh600873,7133,19097,0
sh601727,0,3614,0
sz300161,0,0,0
sh600336,0,2170,0
sh603656,0,0,0
sz000811,1391,11302,0
sz002029,1706,2207,0
sh600458,0,0,0
sh603777,0,0,0
sz002348,3262,0,0
sh600452,0,1682,0
sh603260,23680,26395,1344
sh600480,1749,4582,0
sh600182,0,0,0
sh600843,0,0,0
sz300569,0,0,0
sz002724,0,0,0
sz300182,0,8331,0
sz300503,0,0,0
sh600831,0,0,0
sh600596,95204,45971,3156
sz300590,0,0,0
sh600767,0,0,0
sz000997,13761,8674,0
sz300309,0,0,0
sh603658,480,0,0
sz000818,2295,4083,0
sh600137,0,0,0
sh601567,0,1150,0
sz002785,0,0,0
sz002347,0,0,0
sz300628,297,437,0
sz002300,0,2415,0
sh603138,799,3439,524
sh603678,0,0,0
sh603286,0,0,0
sz002792,0,918,0
sz300591,0,0,0
sh603648,3793,5244,0
sh600493,0,0,0
sz000711,0,0,0
sh600356,0,0,0
sh600079,5486,9696,0
sz000680,10274,16983,0
sh600104,79668,66708,2047
sz300097,2193,1331,0
sh600846,3538,9864,0
sz002326,0,0,0
sz300166,0,1416,0
sz002717,1531,500,0
sz300731,1533,1471,0
sz300445,0,0,0
sz002729,0,0,0
sh600287,0,0,0
sz000498,0,2472,0
sh600663,0,0,0
sz300588,0,0,0
sz000768,606,12318,0
sz002912,623,1537,113
sh601798,0,0,0
sz002913,3283,3086,566
sz300033,6874,7135,369
sz002049,44554,77763,5115
sh600018,42883,34419,0
sz000776,181120,116616,3024
sz300162,0,0,0
sh603816,2093,921,302
sz300532,0,0,0
sz002712,432,0,0
sz000981,1181,0,0
sh603817,0,3188,0
sh600303,0,2535,0
sh600803,3653,5663,0
sz002547,38406,24043,0
sz300484,0,0,563
sz002444,1578,3312,0
sh603177,0,1140,0
sz002715,0,0,0
sz002378,5278,3115,0
sh600487,59518,102007,3010
sh601106,0,0,0
sz002608,0,0,0
sh600897,0,0,0
sh600526,0,2634,0
sz002826,0,0,0
sz000062,0,1625,0
sz000810,0,0,0
sz002871,0,0,0
sh600283,0,0,0
sz000623,20051,10478,0
sh603555,2312,1351,0
sz002742,1981,2638,0
sz002382,0,1000,0
sh603991,0,0,0
sh601226,0,0,0
sh603507,505,252,0
sz300551,0,0,0
sh603877,1420,0,0
sz300559,0,0,0
sz300405,0,0,0
sz300485,0,0,0
sz002803,0,231,0
sh600550,1700,14253,1959
sz002660,1009,0,0
sh600093,46848,72230,5938
sz002308,0,10595,0
sh600333,4422,9844,0
sz002190,0,579,0
sz002314,1713,2000,0
sh600715,6367,3130,0
sz000100,141386,186400,13461
sz300471,0,12090,0
sh600108,0,13186,0
sh603116,0,0,0
sz300548,0,235,0
sh600858,0,0,0
sh603980,0,0,0
sz300222,0,561,0
sz300080,2000,2040,0
sh601098,909,0,0
sz000632,0,0,0
sz002062,0,0,0
sz300706,878,560,0
sh600508,4532,3900,0
sh603183,0,542,291
sh603809,0,347,0
sz300053,7121,10746,0
sz300476,477,0,0
sz002541,0,0,0
sz002749,0,0,0
sh600823,485006,611706,0
sh600132,3795,3445,0
sz000901,1785,0,0
sz300735,0,0,0
sz002330,9288,3356,0
sh600643,27863,14860,0
sh601890,0,0,0
sz002902,0,263,0
sh600498,6485,12791,503
sz002549,0,0,0
sz002021,0,0,0
sh600059,0,2889,0
sh601188,0,0,0
sz002199,2749,0,0
sh600567,169184,80545,0
sz002501,0,1719,0
sz300612,348,310,0
sh603990,0,0,0
sz000532,0,0,0
sh603110,0,0,0
sh600391,0,1050,0
sh600438,35070,46728,3982
sh603501,6106,9839,243
sz002228,0,0,0
sz002727,0,0,0
sz000931,40045,0,0
sz002293,0,2332,727
sz300421,0,0,0
sh603129,0,0,0
sz000902,4500,10001,0
sz000751,49528,29088,0
sz000728,46127,32416,0
sz002654,0,0,0
sz300327,406,330,0
sz002173,0,0,0
sh600593,0,400,0
sz002183,3981,34528,0
sz002036,0,4509,940
sz002177,56413,81278,0
sz000666,0,890,0
sz000419,0,0,0
sh600052,0,5514,0
sh603936,0,0,0
sz300265,0,2000,0
sh600201,922,6019,0
sz300125,0,0,0
sh600036,147612,179455,5497
sz300543,371,1666,0
sh601018,11340,0,0
sz300627,0,228,0
sh600579,869,3893,0
sh601208,0,0,0
sz000937,89639,55751,0
sh600350,13836,34187,0
sh601333,331139,248240,0
sz002697,28773,50328,4575
sh600386,0,0,0
sz002169,0,0,0
sh603868,0,0,0
sh603718,0,1000,0
sz002652,0,0,0
sz300527,0,0,0
sz300718,0,0,0
sz300517,0,0,0
sh603609,0,0,0
sz000005,2341,0,0
sh603879,0,0,0
sz300528,2037,0,0
sh600127,3550,0,0
sz000752,2500,0,0
sz002475,23638,30360,1130
sh603227,0,0,0
sz300126,2000,0,0
sz002065,40320,27542,0
sz002610,24797,0,0
sh603500,0,0,0
sh600626,0,0,0
sz300526,0,0,0
sh603060,0,0,0
sz000429,1625,0,0
sh603335,0,0,0
sh600992,0,0,0
sh603311,0,0,0
sh600301,0,0,0
sz002390,2505,3013,0
sh600633,2185,11723,0
sz300120,0,0,0
sz002055,4663,1655,519
sh600066,11796,26026,2030
sh600808,380846,228625,0
sh601777,0,2000,0
sz002866,0,0,0
sh600740,127996,78923,2236
sz002759,0,600,0
sh601908,0,7347,0
sh600552,0,1448,0
sz002302,8083,20445,645
sz002843,0,2090,0
sz300393,0,0,0
sz002473,0,0,0
sz002053,2975,4542,0
sz300297,0,0,0
sh600773,2991,10680,886
sz300520,401,1797,0
sh600459,1810,1156,0
sz002699,571,1000,0
sz002830,464,907,0
sz002611,1023,800,0
sh600177,8617,11227,0
sz002589,1936,946,0
sh601186,24884,28162,0
sz002299,3524,10291,0
sz002824,0,787,0
sz300679,0,0,0
sh600099,0,0,0
sz300550,0,0,0
sz002531,1425,12202,0
sz300377,39755,23827,763
sz300378,0,705,0
sz002436,9027,4468,0
sz002104,3034,0,0
sz300023,0,0,0
sz300310,0,11360,0
sh600054,1200,0,0
sz002101,500,3454,0
sz300529,0,4913,0
sz002087,0,2016,0
sz000027,1668,1663,0
sz300596,0,0,0
sh603933,0,200,0
sh600884,22022,12135,0
sz000529,0,0,0
sz002462,3360,1044,0
sz002827,544,0,0
sz300101,0,3181,0
sz002013,2003,0,991
sh601996,10056,5022,0
sz002018,0,3357,0
sh601678,48157,14659,0
sh600460,322058,280098,26736
sz002217,1769,5226,0
sz002119,0,0,0
sz002038,1779,3641,0
sh600379,0,954,0
sz002207,0,0,0
sz300690,0,0,0
sz002474,0,1215,0
sz000697,2071,2899,714
sh600681,0,1132,0
sh601899,2688120,2125453,13782
sh600455,0,0,0
sz002624,1931,1039,0
sz300605,0,0,0
sh603698,0,0,0
sh600217,12915,2059,0
sh600732,0,0,0
sh600611,0,3947,0
sh601377,151546,97431,0
sz002428,28050,7309,0
sh600133,5859,21509,0
sz002385,53797,33187,2361
sz000089,18859,10212,0
sh600577,0,0,0
sz300302,0,0,0
sz300043,0,2157,0
sz000983,205902,126837,7156
sz002050,29559,35554,2376
sh600936,0,0,0
sz300715,0,0,0
sz000881,2674,1075,0
sh601398,659862,766887,0
sh600520,2979,5261,1882
sh603089,0,517,0
sh600635,0,0,0
sz300399,0,0,0
sh601800,6177,11722,0
sh603912,961,2448,0
sz300006,0,1743,0
sz002022,863,1046,0
sh603398,0,0,0
sz000789,218118,225679,14429
sz000709,221659,163723,0
sz002352,615,717,0
sz000639,0,2203,0
sh600817,0,0,0
sh603901,0,0,0
sh601007,0,0,0
sz000883,8056,10612,0
sz000733,0,3918,0
sh600109,19702,23674,0
sz002165,0,24867,0
sz002840,51869,15914,1615
sz300340,0,0,270
sh600012,0,0,0
sz000589,0,0,0
sh603066,0,0,0
sh603181,0,0,0
sh600387,0,0,0
sh600692,0,0,0
sh600015,45710,13886,1795
sz300514,0,0,0
