sh600531,9658,4167,0
sz000989,0,800,0
sz002455,2825,1029,0
sz002819,0,0,0
sz000525,21210,8358,582
sz300351,800,0,0
sz002078,31682,33573,0
sz002757,0,0,0
sz300037,3014,1891,0
sz002329,0,2547,0
sh603180,100,83,0
sz000587,25939,26736,4421
sz300170,18240,8211,0
sz002010,0,0,0
sh603315,0,0,0
sz000550,1428,618,0
sz300146,22849,18412,0
sz002695,737,710,0
sh600463,3028,849,0
sz300005,0,0,0
sh601636,466013,289875,7485
sz002640,8872,5168,0
sz000017,0,0,0
sh600896,0,0,0
sh600597,1711,14280,0
sz002672,11241,3293,0
sz002403,0,839,0
sz002418,0,0,0
sh600444,0,0,0
sz000931,8404,3024,0
sh603360,0,0,0
sh603099,0,0,0
sz002649,0,11913,0
sz002906,3411,453,0
sz002849,0,0,0
sh601229,19170,20940,0
sz002733,0,0,0
sz002568,0,0,0
sh603585,0,0,0
sz300052,0,715,0
sh601069,4560,5649,1382
sh600710,0,0,0
sh600520,16890,11309,3105
sh603860,0,0,0
sz002445,0,0,0
sh600724,0,0,0
sz002732,0,0,0
sh600062,10782,4595,0
sh600507,119345,116605,9855
sz300537,0,0,0
sh600351,0,0,0
sz002067,7450,15129,0
sh600338,1235,888,0
sz300006,0,3732,0
sh600203,0,0,0
sh603366,0,5195,0
sz002127,10352,3259,0
sh600293,0,8854,0
sh603159,0,0,0
sz002639,6925,5977,0
sh601106,2651,0,0
sz300551,0,0,0
sz300387,0,0,0
sz002717,2241,0,501
sz000948,0,0,0
sz300682,0,0,0
sz002154,0,10429,0
sz002606,3688,14316,0
sz002250,2976,0,0
sz000830,101938,115643,7056
sh600809,4507,3867,640
sz300449,0,0,0
sh600985,11488,39905,2342
sh603330,0,0,0
sz002157,25460,0,0
sz002698,0,0,0
sh600712,0,0,0
sh600222,0,0,0
sh603178,0,0,0
sz300447,0,0,0
sz300513,0,0,0
sz300056,0,0,0
sz002245,18335,13538,0
sz002319,1001,0,0
sh603260,2772,3157,514
sh600735,3809,2430,0
sh601618,33608,40141,0
sz002602,0,400,0
sz000625,36566,17700,0
sh603365,1397,2800,0
sz002773,0,0,0
sh600804,2519,9766,0
sh600121,0,0,0
sz300229,1292,0,0
sh600375,0,0,0
sz300022,0,0,0
sh600027,11656,15244,0
sz300209,0,0,0
sz300188,4531,1169,0
sh600613,0,0,0
sh603779,0,0,0
sh600623,0,0,0
sh600256,134830,265907,0
sz002547,2000,1512,0
sh600143,6148,0,0
sz002486,2000,2423,0
sz000408,15946,590,0
sh600822,5885,10389,0
sz300696,0,0,0
sh603987,0,0,0
sz300131,20734,0,0
sh601929,30821,6659,0
sz002342,82447,110803,0
sh600674,18031,9261,0
sz300650,455,0,0
sh600601,0,8711,0
sz300262,0,1500,0
sz000413,63568,77006,0
sz002030,1296,1078,0
sz002261,6058,5157,0
sz002184,0,0,0
sz300397,622,0,0
sz002811,0,0,0
sh601326,115987,49389,3265
sh603869,0,523,0
sh600890,7932,82455,1006
sz300378,0,0,0
sh600593,400,0,0
sh600299,0,0,0
sz002752,0,0,0
sz300721,389,1518,0
sz000059,76315,61589,0
sz000859,0,0,0
sz000710,0,267,0
sz000651,249783,205030,16130
sh603889,3169,790,1026
sz300448,0,501,503
sh600687,2332,0,0
sh600280,6026,1410,0
sz000088,5332,12742,0
sz000597,6396,4275,0
sh600702,4196,17364,0
sz000551,0,0,0
sz002535,0,0,0
sz300560,0,314,0
sz300398,0,0,0
sz000981,1186,4563,0
sh600015,9540,17823,0
sh603536,0,0,0
sh603960,0,0,0
sz002586,0,0,0
sh600572,3004,0,0
sh603396,0,0,0
sz002796,539,361,0
sz000861,0,0,0
sz300074,0,6083,0
sz300465,0,0,0
sh601666,176504,111162,4041
sz002389,1700,1281,0
sh601727,9075,10964,0
sh603611,0,0,0
sz002766,0,1030,0
sz002682,1146,0,0
sz000718,0,4798,0
sh600622,0,4294,0
sh600515,0,0,0
sz000676,0,0,0
sz000519,6723,9177,0
sz000795,0,1760,0
sh600881,1999,5000,0
sz300181,28266,16757,0
sz000837,5500,0,0
sz300304,8292,0,0
sh600863,0,0,0
sh600661,400,1376,0
sh600615,0,0,0
sh600713,0,0,0
sh603393,0,0,0
sz002701,2500,0,0
sh600418,6283,12042,0
sh600221,391103,180316,0
sh603778,13411,13324,0
sh603380,0,0,0
sh600067,1531,16911,0
sh603298,0,0,0
sz300206,0,0,0
sz002223,1973,631,0
sh600990,2478,0,0
sz000418,899,1166,0
sz300582,0,0,0
sz002557,3901,0,0
sh601186,20284,23582,0
sz002335,0,371,0
sz300562,1744,523,0
sh603979,0,0,0
sz000921,6559,700,0
sh600012,0,1977,0
sz002089,2000,0,0
sh603985,0,0,0
sz000716,2010,1995,0
sz000539,0,0,0
sh601318,757957,796374,83312
sh600390,9829,1069,0
sz300261,0,0,0
sz300234,0,0,0
sz002767,0,0,0
sz000150,411,0,0
sh600529,2341,1851,0
sh600276,11767,9875,0
sh603676,21179,19888,4856
sh603803,0,0,0
sz002406,0,0,0
sz002691,0,0,0
sz300415,586,0,647
sh601878,8226,18924,1598
sz002353,0,1015,0
sz002663,0,0,0
sz002700,0,0,0
sh601555,10918,11791,0
sz000100,348793,175428,14026
sz002795,0,0,0
sh600855,800,0,0
sh600295,1092,9898,0
sh603959,575,0,0
sz002855,0,0,0
sz002517,119895,46136,7859
sz300081,2005,0,0
sz002215,0,1407,0
sz002887,0,200,0
sh600127,0,0,0
sz300470,725,604,0
sz000997,10373,19035,1621
sh603035,0,0,0
sh601669,10809,13373,0
sz300586,0,0,0
sz002051,648,0,0
sh600396,0,0,0
sz002450,54241,31436,1498
sh600783,1860,0,0
sz002785,0,0,0
sh600835,28451,25267,2517
sh600316,1730,1079,0
sz002227,0,0,0
sh603556,0,0,0
sz300700,1575,840,244
sh600266,11830,13049,0
sh601028,0,0,0
sz002131,4004,21791,0
sz300151,0,0,0
sh600113,0,0,0
sz002443,0,2713,0
sz000800,11525,3735,0
sz000650,23784,0,0
sh600561,0,0,0
sz300246,0,0,0
sh603718,0,1000,0
sz300622,0,0,0
sh600315,1283,9351,0
sz300485,0,0,0
sh603656,0,0,0
sz000791,2547,10175,0
sz002065,26187,14305,0
sh601088,78766,102642,3315
sh600118,885,0,0
sz000417,1511,10692,0
sz300380,0,0,0
sh600684,0,2180,0
sh603328,9222,4154,0
sh600889,0,0,0
sz000010,4030,0,0
sh600403,0,0,0
sh601225,342337,330872,2272
sz002587,0,0,0
sh600993,1794,3226,0
sh603900,0,400,0
sz002133,0,2500,0
sz300336,0,0,0
sz300667,0,0,0
sh600288,0,2716,0
sz300612,2713,4537,697
sh600618,3844,0,0
sh601188,0,0,0
sh600978,11113,3587,0
sz002019,11155,17777,0
sz300402,0,0,0
sz300707,0,0,0
sz300497,0,429,0
sz002461,842,0,0
sz002734,0,0,0
sh603717,2301,2686,377
sz002270,0,0,0
sh600272,0,1334,0
sz000876,16202,9509,0
sz000838,0,3816,0
sh600892,0,0,0
sz002791,0,0,0
sh600658,0,3765,1020
sz300400,0,0,0
sz300054,1009,4100,958
sz000159,0,0,0
sh600387,0,0,0
sz002152,5648,29007,0
sz002069,0,0,0
sz000783,22380,13900,0
sz000758,10133,14901,0
sz300083,11599,3203,0
sz300452,0,0,0
sh600009,3704,7879,383
sz002288,0,0,0
sh600871,34336,10662,0
sh603098,0,759,0
sz002561,0,0,0
sh603117,0,0,0
sz000679,0,0,0
sh600438,31419,36803,4305
sh600031,281489,321252,4065
sh600720,90389,94776,3759
sz000949,2217,3387,0
sh600139,4842,1603,0
sh600114,0,649,0
sh600168,1993,0,0
sh600105,0,0,0
sz002006,0,7811,0
sh600103,3638,0,0
sz002840,8382,3982,0
sh600382,899,1000,0
sh600237,0,0,0
sh600521,8622,23883,0
sz002515,0,0,0
sz300672,200,161,0
sh600851,0,0,0
sh603861,0,0,0
sz300368,0,0,0
sz002665,2739,4005,0
sz300716,0,435,0
sz002447,4438,3134,0
sh600220,3333,4130,0
sz002492,2747,0,0
sh600025,664390,634814,2476
sz000518,0,0,0
sh603888,607,589,0
sz300507,0,0,0
sh601908,2436,0,0
sz000028,1138,774,0
sz300663,0,0,0
sh600291,11839,16330,429
sh600490,53503,11735,0
sz002348,0,0,0
sz002913,2402,4469,400
sz000599,8967,0,0
sz002590,0,0,0
sz300487,0,0,0
sz000553,0,5152,0
sh603968,501,0,0
sh600843,0,0,0
sh601949,0,9597,0
sz300245,0,1539,0
sz002361,0,0,0
sh603969,6357,4727,935
sz002409,20083,5229,357
sh600741,22259,23641,3001
sz002155,5040,7829,0
sh600493,0,0,0
sh600999,35677,27324,0
sh600977,2566,4056,0
sh600543,0,0,0
sh600149,3891,3452,0
sz300189,0,0,0
sz002305,61282,9240,0
sz000797,0,0,0
sz002239,4823,13380,0
sz300581,0,0,0
sh603978,395,288,0
sh601128,46528,8534,0
sz002728,0,0,0
sz000975,5083,1615,0
sz000670,17994,5585,1570
sh603466,0,450,0
sz002388,0,0,0
sz300308,659,1329,0
sh603833,0,88,0
sz002495,0,0,0
sh600050,1121381,788435,12105
sh600718,5238,6637,0
sh600225,0,2500,0
sz002224,5000,0,0
sz002885,302,465,0
sh600106,0,0,0
sz000811,4001,3254,0
sz000711,5602,4380,0
sz300195,0,0,0
sh600963,17794,0,0
sz000788,0,0,0
sh600814,1100,0,0
sz000430,0,0,0
sz002387,5700,800,0
sh600570,10488,5237,669
sz000559,5445,3797,0
sh601058,0,0,0
sh603829,0,0,0
sz002047,0,10570,0
sh600056,10458,11133,0
sh603127,0,227,0
sz300599,0,0,0
sz000887,8256,1958,0
sz000517,0,0,0
sh601717,10241,7103,0
sz300271,2606,0,0
sh601218,0,0,0
sz002505,13735,4111,0
sz000700,4891,0,0
sz300023,0,0,0
sz002283,0,0,0
sz000561,0,1668,0
sh603728,0,0,0
sz002296,5880,0,0
sh600690,92479,99281,5208
sz002099,3300,4360,0
sh600055,0,3388,0
sz000831,2865,7639,0
sz002207,0,1888,0
sh600385,4518,0,0
sh600828,0,0,0
sz300389,0,0,0
sh603166,0,0,0
sh600750,985,2045,0
sz002479,38796,15672,0
sh600243,0,0,0
sh603066,0,3145,0
sh600585,238371,196360,10872
sz000582,0,1016,0
sh601127,0,0,0
sh603367,997,2117,0
sh600130,18205,4207,0
sz002417,0,0,0
sh601881,41701,24932,2774
sz300135,0,0,0
sh603421,0,0,0
sh601366,0,0,0
sh600727,27908,13569,2804
sz002086,39692,20364,0
sz002090,0,0,0
sh600496,43500,15596,0
sz002584,2205,4323,0
sh603533,925,796,0
sz002149,0,0,0
sz300137,122170,66348,6756
sh600681,0,0,0
sh601390,14806,20822,0
sz000507,67217,17991,0
sh601007,0,0,0
sz300348,2872,694,0
sz300204,0,0,0
sh601991,44430,12880,0
sz002115,0,2497,0
sh600760,9908,16030,2170
sz300335,600,0,0
sz002326,0,0,0
sz000040,0,0,0
sz000410,18348,21825,0
sz000546,839,5235,0
sz002325,4880,0,0
sh603501,1237,3291,536
sh603991,0,0,0
sh603158,0,0,0
sh601388,67036,54276,0
sh601880,34639,4061,0
sz002531,1947,2654,0
sh601339,0,0,0
sz002661,0,0,0
sz300369,1192,1284,0
sh603655,0,0,0
sz002328,0,0,0
sh603699,501,550,0
sz002232,0,0,0
sh600736,3072,4208,0
sz300035,0,0,0
sz002186,0,0,0
sh600980,0,0,0
sz002729,0,198,0
sz300064,8280,4877,0
sz002508,4395,6229,265
sz300333,1525,1200,0
sz300416,0,0,0
sh600580,9293,1261,0
sz002316,0,0,0
sh600213,5248,3022,0
sh601113,0,0,0
sz002354,2999,4152,0
sz300515,0,11897,0
sh600961,0,0,0
sz300489,0,0,0
sz002111,0,0,0
sh600704,0,6383,0
sz002800,0,0,0
sh603612,602,1380,0
sz000760,0,0,0
sh600559,1468,1372,0
sh603813,0,0,0
sz002898,1133,0,0
sz000756,0,1220,1016
sz002266,0,3000,0
sh600398,0,0,0
sz002642,1722,9270,0
sz002340,170594,112662,0
sz002743,9008,971,1013
sh603898,367,650,0
sh603002,0,1770,0
sh603010,851,500,0
sh600234,0,0,0
sz002536,0,2084,0
sh600616,2254,0,0
sh600261,2556,0,0
sz300328,0,0,0
sz300712,430,0,0
sz002435,0,0,0
sh600383,666350,595132,16742
sz300370,0,0,0
sh600518,98890,147226,3747
sz000713,0,0,0
sz300062,0,0,0
sz300243,0,0,0
sh600621,1198,4895,0
sh600462,0,3345,0
sz002480,13735,2067,0
sh600317,0,0,0
sh600175,20233,10922,0
sz300028,0,0,0
sz002502,3436,0,0
sz002036,1216,3614,0
sh600053,0,0,0
sz002428,8374,10435,0
sz002708,0,0,0
sz002911,4891,27301,3054
sz002822,1624,2600,0
sh603197,0,418,0
sh603577,0,0,0
sh600976,0,0,0
sh600188,84302,73229,2512
sz002292,2174,1939,0
sh600691,36818,70138,0
sz002845,0,618,0
sz002715,839,0,0
sh603519,0,1104,0
sz000166,11905,24119,0
sz000065,1163,851,0
sz002464,1100,0,0
sh603828,0,0,0
sh603355,0,0,0
sh600117,11220,4568,0
sh603017,0,0,0
sz002633,0,0,0
sh600486,8955,9110,0
sh600838,0,2064,0
sh603912,0,2138,465
sz002028,0,0,0
sh600167,0,602,0
sh600850,0,515,0
sz002499,0,0,0
sh601002,7115,14755,0
sh600228,851,4856,0
sz002142,4269,7155,0
sz300479,0,476,0
sz300630,356,664,152
sz300573,0,0,0
sz300688,0,180,0
sz002473,0,1206,0
sz000157,8552,55592,0
sh603129,0,0,0
sz002087,1849,5323,0
sz300578,0,0,0
sh600491,0,3909,0
sz300175,1846,0,0
sh601336,30452,50874,3710
sh601566,0,0,0
sz000070,0,0,0
sz300103,0,0,0
sz000905,959,0,0
sz300273,10393,1748,0
sz300435,0,0,0
sh600731,0,0,0
sz300719,0,1290,0
sh600098,10172,3480,0
sh603607,300,306,0
sh600201,2665,2659,0
sz000425,213046,366976,0
sz300445,0,0,0
sz002390,0,0,0
sz002237,5565,8105,0
sz300493,0,0,0
sz002756,433,0,0
sz000069,152066,114439,1318
sz002356,3710,500,0
sz002025,5893,6283,635
sz002185,97982,97713,0
sh603738,0,0,0
sh600824,0,0,0
sh603022,0,0,0
sz002530,0,500,0
sh601801,3875,1275,0
sz002869,0,0,0
sz300691,0,0,0
sz002581,0,0,0
sh603933,193,201,0
sz002902,0,872,0
sz300165,0,0,0
sh600512,29654,11000,0
sz002618,1092,0,0
sh603385,0,1126,0
sz000591,17151,4114,0
sh603855,0,0,0
sz000637,0,0,0
sh603601,0,0,0
sz000598,24924,26280,0
sz000928,14063,8360,0
sh603816,884,490,0
sh603368,0,288,0
sz000630,60643,194153,0
sz002116,0,0,0
sz300461,0,0,0
sz000990,0,0,0
sz300490,0,0,0
sh603357,2790,1132,492
sz300256,11389,1516,0
sh600716,0,2625,0
sh601179,0,0,0
sz002426,22861,6925,0
sz002452,0,0,0
sz300705,0,0,0
sz300427,0,0,803
sh600352,225893,167275,13990
sz002856,24630,11215,919
sh603997,0,0,0
sh600360,21833,5278,0
sz300002,7181,0,0
sz002045,10057,5286,0
sh600630,0,0,0
sz002373,17346,22654,0
sh600776,2523,1526,0
sz300230,0,798,0
sz300505,0,0,0
sz300683,0,0,0
sz002692,0,1400,0
sz300085,1032,774,0
sz000488,18641,20998,0
sz300344,18639,14064,1164
sz002031,5487,0,0
sz002290,0,0,0
sz000612,2263,0,0
sz300244,1092,2632,0
sh600611,2280,0,0
sz002258,17378,5664,0
sz002476,0,0,0
sh600628,0,0,0
sz002549,0,0,0
sz002046,0,0,0
sh600725,0,0,0
sh603316,0,0,0
sh600416,7531,25652,0
sz000510,0,2000,0
sz300161,0,0,0
sz300250,0,0,0
sz002457,82958,77395,1902
sh603208,0,0,0
sz002719,0,0,0
sz000030,0,0,0
sh600090,1924,0,0
sh600522,217175,164979,2674
sz300720,0,0,0
sh601866,3068,9812,0
sh601899,2903682,2763209,30221
sz300283,0,0,0
sz300148,2680,4594,0
sh603077,32901,54417,0
sz300069,600,650,0
sz300699,6722,2956,186
sz300190,0,0,0
sz300430,0,606,0
sh600281,13940,1740,0
sh600782,67459,90451,4807
sz300313,945,1040,0
sz002007,24776,19224,363
sz300557,0,0,0
sh600110,39182,22901,0
sz002205,0,0,0
sz002088,0,897,0
sz000701,0,0,0
sh600285,1489,0,0
sz300681,0,965,0
sh601155,22771,14191,2682
sz002842,512,527,0
sh603063,0,0,0
sz000822,10775,14048,0
sh601021,1263,3019,0
sz300547,0,0,0
sz002883,0,6910,0
sh600420,5848,1000,0
sz002360,0,0,0
sz002271,7134,6930,0
sz300396,3118,599,0
sh603528,0,0,0
sz300366,0,940,0
sz002424,2503,5601,0
sh600502,14233,1614,0
sh603165,201,719,0
sz300325,0,0,0
sz002062,0,0,0
sz000596,1875,593,0
sz002705,0,0,0
sh600673,9219,11413,0
sh600821,0,0,0
sz300242,0,0,0
sz000633,0,10081,0
sh600644,0,0,0
sh603345,0,0,0
sh603920,2122,2035,0
sh603023,0,0,0
sz000568,12399,18766,369
sz300301,0,0,0
sz300065,6165,591,0
sh603970,2179,3727,0
sz002877,0,0,0
sz300259,0,0,0
sz000066,50658,58804,0
sz000860,1845,0,0
sh600738,0,0,0
sz000023,0,0,0
sh603198,0,0,0
sh600029,615422,406138,11573
sz002497,77826,54439,786
sz002081,20331,17362,740
sh603339,0,0,0
sz000038,1127,500,0
sz300533,0,0,0
sz300722,718,829,534
sz000961,20320,35782,0
sz000601,2000,3142,0
sz300203,6990,6167,0
sz002817,0,0,0
sz000908,0,0,0
sz002100,0,0,0
sz002653,0,0,0
sh600971,13674,15045,0
sh600078,0,0,0
sh600303,0,0,0
sh600696,0,19824,0
sz000780,0,2253,0
sz002161,0,5266,0
sh600749,0,0,0
sz002274,0,0,0
sz002408,5253,7015,0
sz000008,1339,0,0
sz300554,0,300,0
sz300584,0,0,0
sz000786,153726,120913,15165
sz300432,1877,0,0
sh600337,0,2229,0
sh603683,0,0,0
sz000620,0,0,0
sz002433,0,5333,0
sz300433,21973,6322,0
sz002487,0,0,0
sz002285,47605,45838,3729
sh603515,400,244,0
sz002654,0,0,0
sz000586,0,0,0
sz300247,52649,10720,2252
sh600732,1379,0,0
sh600311,0,0,0
sz300476,11228,2768,0
sh603668,0,0,0
sh600305,0,4819,0
sz300226,933,1631,0
sh600547,46246,60320,5289
sh600857,0,0,0
sh603758,0,0,0
sh600599,0,0,0
sh601126,1917,0,0
sz300144,6179,5738,0
sz000338,77009,104985,0
sz300180,1560,0,0
sz002095,0,0,0
sz002801,344,0,0
sz000573,0,0,0
sz000685,0,0,0
sz002438,0,0,0
sz002140,1112,0,0
sh600624,0,0,0
sz002697,0,2456,0
sz300127,0,0,0
sh600721,0,0,0
sz300670,0,0,0
sh603268,400,0,0
sh600017,27848,3120,0
sh601567,0,0,0
sh600866,0,0,0
sz300031,800,0,0
sz002662,0,5500,0
sz002810,0,0,0
sh603326,0,0,0
sz002901,335,719,0
sz300332,4501,4288,0
sz002519,0,0,0
sz000552,14462,0,0
sh600318,2800,1110,0
sz300265,0,0,0
sz002503,0,0,0
sz002158,54073,26326,0
sh601009,121959,85345,0
sh600160,29097,19846,0
sz000722,0,0,0
sz002091,4440,1211,0
sz002474,0,0,0
sh601163,0,0,0
sz000988,14811,6296,0
sh603767,0,0,0
sh600058,0,0,0
sz002136,0,0,1006
sh600830,0,3100,0
sh600379,0,1007,0
sz300528,867,0,0
sh603019,34010,35888,4490
sz002209,0,0,0
sz300285,0,1799,0
sh600671,3036,3048,1200
sz300627,0,340,0
sz300484,0,0,0
sh600707,2156,3641,0
sz300287,19131,7322,0
sz300024,4971,857,0
sz000890,0,0,0
sz300499,0,0,0
sz002148,0,1615,0
sz000918,0,12992,0
sz000565,0,0,0
sz002084,0,0,0
sz300458,0,0,0
sz300044,2047,0,0
sz002063,956,0,0
sh600152,0,0,0
sz002401,2045,900,0
sz002552,0,0,0
sh603602,0,0,0
sz300130,0,2934,0
sz000016,6052,3737,0
sz002365,377,785,0
sh603108,0,875,0
sz300185,20201,22584,0
sz002559,0,0,0
sh600060,3793,792,0
sz002833,0,158,0
sh601966,5593,3880,0
sz000728,36883,16482,0
sh600981,0,0,0
sh603138,589,2272,772
sz300600,0,0,0
sz000792,113633,102171,8236
sh603555,0,804,0
sz300319,0,0,0
sh600232,0,0,0
sh600567,65397,69833,0
sz002670,7106,1813,0
sh600206,22645,27904,0
sz002751,578,321,407
sh600844,0,1866,0
sh600740,63880,48838,4201
sz300099,1848,0,0
sz002558,348,304,0
sh600962,0,0,0
sz000528,10512,17793,0
sz300428,1710,1048,0
sz002774,0,0,0
sz002216,0,2822,0
sz002222,9887,2846,0
sz002079,4184,9137,0
sz000698,0,0,0
sz002491,0,0,0
sz300546,0,0,0
sz002660,4398,1095,0
sz002528,0,0,0
sz300106,0,0,0
sh600650,0,0,0
sh603811,651,0,0
sz002107,0,0,0
sz300111,0,0,0
sz300602,0,0,0
sh600533,2500,7477,0
sz000036,3134,13769,0
sh603685,361,1323,0
sh600638,800,0,0
sz002226,0,0,0
sz002190,461,1016,0
sh600096,0,1633,0
sh600313,3622,0,0
sz300087,0,0,0
sh603989,0,0,0
sz002860,0,0,0
sh600596,37986,19563,1320
sz300552,0,0,0
sz002749,0,0,0
sh600133,9009,1353,0
sh603026,0,461,0
sh600057,3000,1501,0
sh600177,1244,5109,0
sh600461,0,0,0
sh600853,0,0,0
sh603568,0,0,0
sz300730,15342,20127,4780
sh600361,0,0,0
sh600761,1235,2139,0
sz000736,1055,1503,0
sz300423,0,0,0
sz300129,0,4266,0
sz300126,1500,0,0
sh603881,2507,2027,301
sh600833,0,0,0
sz002228,0,0,0
sh603081,2065,0,0
sz002315,500,0,0
sh603027,3559,584,0
sz001696,1800,0,0
sh600867,3826,500,0
sz000932,97082,92689,0
sz300019,5419,1000,0
sh603126,0,0,0
sh603599,0,0,0
sh600875,19965,20855,0
sz002459,0,0,0
sz002272,0,0,0
sz002187,0,0,0
sz002117,2348,1630,0
sz002634,0,0,0
sz002441,1007,0,0
sz300233,0,0,0
sh603139,0,0,0
sz002386,54293,48470,2796
sh600568,15742,20699,0
sz002827,0,0,0
sz002680,0,0,0
sz002039,649,0,0
sz300218,0,0,0
sz002362,0,988,450
sz000531,0,1855,0
sh600548,3169,4620,0
sh600589,0,0,0
sz000544,0,0,0
sh600792,0,0,0
sz300270,1012,8476,0
sz002118,0,3213,0
sh600468,0,0,0
sh600063,0,0,0
sz000096,0,0,0
sh601811,0,0,0
sh603069,0,0,0
sz000686,5823,6543,0
sz002137,0,0,0
sz002669,0,5763,500
sz002758,0,0,0
sz002788,0,0,0
sz300610,0,0,0
sh603922,0,948,0
sz300120,0,0,0
sh603808,1438,456,0
sh600290,8177,1724,0
sz002221,4569,23773,1467
sz002383,8350,1126,0
sh603939,1316,0,0
sh603110,0,389,0
sz002108,36124,21431,1457
sh600815,0,0,0
sz002275,0,1462,0
sh600158,14353,4869,0
sh601789,3000,2222,0
sz002908,0,1705,0
sz000058,0,0,0
sz002050,55157,37289,1762
sz000923,14795,11747,3998
sz000883,26045,11913,0
sh600022,108494,154821,0
sz000663,1871,695,0
sz002280,11409,23685,0
sh600131,0,0,0
sz000987,0,0,0
sh601200,977,2384,0
sz300105,0,0,0
sz002299,760,0,0
sh603043,805,0,0
sz002029,1564,0,0
sz300030,0,0,0
sz002119,3005,0,0
sz300248,0,0,0
sh601857,72553,75051,0
sh600480,11940,6055,0
sh603663,0,0,0
sz002839,10166,10357,0
sh603030,3698,6238,0
sh601233,48611,50365,5047
sh600069,1198,0,0
sz000952,0,0,0
sz000778,165905,100504,0
sh600487,122945,73359,4862
sz300684,0,0,0
sz002397,0,0,0
sh601333,158509,182493,0
sz300678,0,1208,0
sh601777,1488,0,0
sz002255,2000,0,0
sh600000,33807,71526,1110
sh600861,0,0,0
sz300661,112,0,0
sh600699,11305,10197,295
sz300623,0,0,0
sz002287,0,0,0
sh603883,852,200,0
sh603579,0,0,0
sz000048,0,0,0
sz300046,2218,537,0
sh603286,0,0,0
sz002553,0,0,0
sz002872,0,0,0
sz002489,0,0,0
sz002248,15699,9077,0
sh603278,0,507,0
sh600037,3520,3702,0
sz002760,11686,3620,0
sh600422,3601,0,0
sz002624,1701,0,0
sz002378,2575,2167,0
sh603616,11653,18056,0
sz300413,1388,3469,0
sz002048,3409,580,0
sh600247,0,2433,0
sh603757,0,621,0
sz300026,10203,20997,0
sz002128,35821,28112,1122
sz002897,0,0,0
sz002631,1309,0,0
sz300735,0,0,0
sz002616,1209,2691,0
sz300334,21033,19651,724
sh600573,0,0,0
sh603001,0,0,0
sz300147,1215,0,0
sz000720,2540,0,0
sh600217,0,4574,0
sh600884,46068,24097,553
sz002550,0,0,0
sh600312,5038,5079,0
sz300329,0,0,0
sz002402,12326,0,0
sz300652,0,0,0
sh603878,0,0,0
sz002896,775,306,0
sz000014,0,0,0
sz002506,23928,82095,0
sh600745,5879,5909,322
sh600278,1246,0,0
sz000919,1437,0,0
sz000888,2831,1209,0
sz002574,0,0,0
sz300275,0,1990,0
sz000810,0,0,0
sz002799,0,0,0
sz002109,0,1496,0
sh600781,1025,1899,0
sz000603,0,0,0
sz002675,0,956,0
sz000877,26141,30173,0
sh600688,82895,39447,0
sh600546,2231,0,0
sz000725,3416898,3397964,0
sh600428,9180,4311,0
sz300282,0,600,0
sh600676,0,1524,0
sz002514,0,0,0
sh600557,0,1007,0
sh603637,0,0,0
sz300649,1662,2170,0
sz002746,1100,554,0
sh603679,0,0,0
sh600199,1604,0,0
sz000155,34210,46266,0
sz000912,1807,6494,0
sz300088,42082,23865,0
sh603090,0,0,0
sh603089,0,0,0
sz000545,2090,4403,0
sz002208,0,0,0
sz002462,7189,2256,0
sz000523,0,1440,0
sh603588,0,0,0
sz002684,0,0,0
sh603711,1846,2649,0
sh600132,0,1007,0
sz300113,17722,12918,975
sz001896,0,0,0
sh603323,20593,8501,0
sh600886,79214,11435,0
sh601008,11691,0,0
sz000767,0,3625,0
sh603608,0,0,0
sz300194,0,0,0
sh601238,4344,2294,0
sz300108,1042,0,0
sh603258,0,0,0
sz002921,0,0,0
sh600729,504,587,854
sz002655,31567,42376,1985
sh600588,5902,2735,0
sh603708,1036,0,0
sh603050,1521,6189,0
sh601158,0,0,0
sz000590,0,0,0
sh603101,0,0,0
sz300274,11540,10219,676
sz300727,2815,5927,0
sz300073,2376,3885,0
sz300220,0,0,0
sz002199,0,4101,0
sz300011,0,0,0
sz002169,0,0,0
sz300434,0,0,0
sh600790,0,0,0
sz002165,3892,2338,0
sz002905,0,0,0
sh600894,4028,1089,0
sh601928,0,0,0
sh600223,0,0,0
sz000608,0,0,0
sz300639,3603,9444,553
sh600249,3211,0,0
sz000521,0,0,0
sh603003,0,0,0
sh600705,43300,56986,0
sh603730,0,301,0
sh603618,1462,6151,0
sh600097,0,0,0
sh600064,0,1027,0
sz002846,0,0,0
sh600919,75413,36726,0
sz002748,0,0,0
sh603823,0,0,0
sh603363,4385,6365,1468
sz000426,34622,27988,2775
sh603882,0,0,0
sh600576,0,0,0
sz300025,6184,0,0
sz300597,4886,2002,0
sh600329,0,2284,0
sz002607,0,0,0
sz300045,0,0,0
sz000927,0,0,0
sz000733,734,1709,0
sh600550,13458,14860,0
sz002861,0,0,0
sz000581,27840,21060,0
sh600582,24340,9312,0
sz000750,19260,10882,0
sz300598,0,0,0
sh603106,0,0,0
sz000090,0,4670,0
sz300703,420,0,0
sz000969,0,0,0
sh603399,0,0,0
sz300043,4101,1658,0
sz300457,1051,463,0
sz002246,940,0,0
sz000089,1254,0,0
sh600667,50184,53779,0
sz300512,0,0,0
sz002546,3000,2000,0
sz002196,0,0,0
sz002737,0,319,0
sz002769,0,0,0
sh603169,0,0,0
sz002879,5285,959,780
sh603589,2527,5624,0
sz300521,0,700,0
sz300726,2165,1797,0
sh600476,1579,5265,0
sz300374,4341,1033,0
sh600333,34562,57407,0
sz300279,2351,970,0
sh603688,0,0,0
sz000937,78905,27162,0
sz002797,184214,113401,5052
sh603232,226,0,0
sz002192,4578,1178,0
sz002541,700,0,0
sh600816,3325,1210,0
sh601766,319095,379309,8181
sh600495,2057,6466,0
sh603085,0,0,0
sz002451,0,400,0
sz300286,0,0,0
sz002623,0,0,0
sh603703,4575,3815,0
sz002096,0,0,0
sz300300,0,0,0
sz300687,0,220,0
sh603080,0,0,0
sh603179,0,470,0
sz000423,20021,13216,0
sz300305,0,0,0
sz300620,0,0,0
sz300067,0,0,0
sh600397,0,0,0
sz300302,1133,874,0
sz002420,0,0,0
sh600389,880,1011,0
sz000793,11798,19281,0
sz300441,750,0,0
sz000153,0,0,0
sh600230,16957,13252,0
sh603055,2009,1568,0
sz000062,1070,504,0
sz002735,0,0,0
sz000554,1254,7321,0
sz000099,0,0,0
sz002826,0,0,0
sh603603,1908,1848,0
sh603976,0,0,0
sz300352,7906,7757,0
sh601969,0,1620,0
sh603906,0,0,0
sh603299,0,0,0
sh600166,78861,31445,0
sz300548,225,0,0
sh600909,95364,50728,0
sz000683,46161,29353,0
sz300463,0,2037,0
sz000534,0,0,0
sh600018,55997,74505,0
sz300626,0,0,0
sh600107,1797,3164,0
sz002707,0,1165,0
sz002627,0,0,0
sz002170,0,0,0
sz002126,1501,1030,0
sz300713,0,0,0
sz002191,4294,0,0
sz002504,1792,0,0
sz002805,0,0,0
sh600775,0,0,0
sh603322,0,0,0
sz002620,1537,0,0
sz002298,0,0,0
sh600345,23039,57357,1924
sz002612,0,0,0
sh603507,599,1498,0
sh600885,505,279,0
sh600888,11855,23198,1870
sz002543,1722,6583,0
sh600587,0,0,0
sh600229,0,0,0
sh600035,0,9770,0
sz002229,7616,0,0
sz002809,5848,1961,633
sh603877,409,816,0
sh601328,152609,124912,0
sz300008,12465,1727,0
sz002651,0,0,0
sz300425,2010,0,0
sz002167,0,0,0
sh603936,0,414,0
sh600499,53270,49508,1103
sz000962,0,0,0
sz000416,0,1350,0
sh600817,2000,0,0
sz000039,19492,32796,1304
sh600289,0,0,0
sz300309,0,0,0
sh603919,547,0,0
sz000782,0,0,0
sh600523,0,0,0
sh600995,0,0,0
sh600926,14726,29820,0
sz002293,2051,2819,0
sz300555,0,0,0
sh603005,5659,20285,1521
sz300053,6503,1425,0
sz300158,6186,3000,0
sz002141,2980,0,0
sh603458,728,425,0
sz300706,212,1516,232
sz002683,0,0,0
sh603116,0,939,0
sz300729,4414,7744,305
sz000852,3455,4220,0
sz300277,2375,0,0
sz300018,0,0,0
sz000960,15351,17704,0
sz300145,842,4513,0
sh600719,0,0,0
sz002249,1560,2000,0
sh601989,243873,130092,0
sz300437,0,0,0
sz000691,0,0,0
sz002466,95567,54608,8906
sh603885,9962,0,0
sh600651,2545,3882,0
sz000502,0,0,0
sz000407,0,0,0
sh600757,1713,14489,0
sh601611,3317,10754,0
sz002371,9600,8154,317
sz002910,516,2628,693
sh600477,33257,37840,1104
sz000667,9001,10204,0
sh603558,0,0,0
sh603701,0,0,0
sh603996,20237,5880,601
sz002472,0,0,0
sz002234,0,0,0
sh603789,0,0,0
sz002265,0,0,0
sz300217,0,4642,0
sz000005,0,0,0
sh600479,0,0,0
sz002786,1284,0,0
sh601006,190138,110197,0
sh603083,506,1012,0
sz002765,0,0,0
sz300139,0,0,0
sh600198,13890,10866,0
sz000819,0,0,0
sh600405,0,7251,0
sz300350,0,0,0
sz000002,138965,150954,13883
sh603488,3370,0,0
sz002436,5549,6499,0
sh600161,2612,4432,551
sh600436,3660,2793,1258
sh600298,12486,10069,0
sz002262,916,1447,0
sh603721,0,0,0
sh601118,18053,22386,0
sz300632,0,0,0
sz000404,0,7644,0
sh603006,0,0,0
sh603289,2157,3845,0
sz002334,0,3094,0
sh600323,0,8787,0
sz002017,2439,0,0
sz300563,0,0,0
sz002013,4610,5031,0
sz002919,0,0,0
sz300701,440,400,0
sh600269,27428,21104,0
sz300535,0,0,0
sz300414,0,0,0
sh603028,0,0,0
sz300042,0,0,0
sh603031,463,0,0
sz002320,1003,2012,0
sh600367,0,0,0
sz002147,0,0,1000
sh600137,0,581,0
sz000657,1200,0,0
sz000659,0,9583,0
sz300150,10124,2138,0
sz000555,2736,0,0
sh601968,0,0,0
sh601608,15005,5510,0
sh600425,2886,7224,0
sz000978,0,0,0
sz300123,0,0,0
sh600169,7900,3099,0
sz300121,2456,0,0
sh603037,0,397,0
sh600665,3500,3811,0
sz300666,1638,2579,0
sz002324,0,0,0
sh600391,504,0,0
sz002685,4676,0,0
sz300294,528,4429,0
sz002151,20864,6024,547
sz300633,0,0,0
sh600675,0,0,0
sz300122,10943,4864,350
sz002613,0,0,0
sz002815,0,0,0
sz300342,0,0,0
sz000957,12823,11310,0
sh600600,4810,8101,411
sz002650,12503,9692,0
sh600354,6939,0,0
sh603078,220,150,0
sz000018,7555,2751,0
sh600030,481530,445163,7767
sz000933,203511,247152,6347
sz002263,18422,11322,0
sh600639,0,0,0
sz002381,0,0,0
sh600620,0,0,0
sz000739,0,0,0
sz002818,0,734,0
sz000078,3043,2230,0
sh600359,1941,0,0
sz300583,0,0,0
sz002034,0,0,0
sz002394,0,0,0
sz300486,0,0,1300
sz300391,0,0,0
sz002790,0,0,0
sh601086,1748,1807,0
sz002440,12226,16501,506
sh600982,0,0,0
sh601108,56413,47932,2006
sz002259,4000,3052,0
sz000635,1502,1726,0
sz002780,0,0,0
sh600358,5333,4376,0
sh600497,163607,145031,0
sz002240,0,0,0
sh600028,831540,672069,8129
sh603980,6959,1666,0
sz002778,560,0,0
sz002666,0,3100,0
sz002291,0,0,0
sz300241,1941,1376,0
sh600086,0,1902,0
sz300298,0,1619,0
sz300481,966,0,0
sz002891,697,0,0
sz300472,0,0,0
sz300654,0,0,0
sh600549,27726,29577,1148
sh603517,722,0,0
sh601098,1000,1250,0
sh600218,0,0,0
sh600016,169506,127928,0
sh600900,88445,34676,2883
sz000333,84214,112493,2986
sh603628,5713,0,0
sh600308,7952,1819,0
sz000759,6706,9749,0
sh600864,1285,3168,0
sh600466,45712,14220,0
sh600859,10662,4799,496
sh603716,0,2448,0
sh600706,0,0,0
sz002597,12184,15926,0
sz002837,0,0,0
sh603826,0,1407,0
sh600125,28073,46185,0
sz002892,1179,1654,0
sz000661,2045,692,0
sz300439,0,0,0
sz300213,0,1300,0
sh600129,2540,0,0
sh600998,0,0,0
sz300199,3468,3522,0
sz002200,0,1240,0
sh603788,0,363,0
sh600410,8455,6473,0
sh600755,19112,16194,0
sz002775,7274,14296,0
sz300040,0,0,0
sz300386,2470,0,0
sh600683,0,0,0
sz002384,22444,12438,1538
sz002716,687,1135,0
sz000541,4235,0,0
sz000584,875,1899,0
sz000532,0,0,0
sh600966,15402,13116,0
sz300115,17041,16731,615
sh600663,0,0,0
sz300133,3981,3085,0
sh600258,10368,6084,477
sz002204,15608,3018,0
sz000826,14714,8849,840
sz002577,0,927,0
sh600419,0,0,0
sz300157,27990,10725,0
sh600717,12743,16239,0
sh601588,2630,3993,0
sh603658,0,0,0
sz300255,9013,0,0
sz000922,0,0,0
sh600399,0,0,0
sz002434,12393,4648,0
sh603600,0,0,0
sh603518,0,0,0
sz000636,104372,68576,1778
sz300092,0,0,0
sz300508,0,0,0
sz002689,0,0,0
sz002865,528,0,497
sz002197,800,1000,0
sz000727,19796,51199,0
sz002049,131078,60111,10590
sz300665,0,0,0
sz002410,4258,1245,0
sh603958,0,0,0
sz300177,0,990,0
sh603890,4849,5295,717
sz002336,0,1019,0
sz002074,13426,6757,0
sz300299,4000,0,0
sz002668,1730,1369,0
sz300020,3262,2086,0
sz300697,542,866,0
sh601208,0,0,0
sh601311,1864,0,0
sh600728,8005,2526,0
sz002038,3415,2980,0
sh601258,170743,99355,0
sh600876,1530,1053,510
sz002303,0,1699,0
sh600093,0,1000,0
sh600279,0,0,0
sz002332,0,0,0
sh601677,0,1000,0
sh600368,0,0,0
sz000803,0,0,0
sz002442,0,0,0
sz300510,0,0,0
sz002864,11177,7515,2451
sz000504,5909,8837,0
sh601798,0,0,0
sh600498,34041,21625,1072
sz300160,2292,0,0
sh600565,38011,18475,0
sz300338,0,0,0
sz300055,23509,13919,0
sz002832,378,0,0
sz002567,13761,8321,0
sh600897,633,1000,0
sz000004,0,0,0
sh600252,8158,48553,0
sh600460,333527,369558,19227
sz300382,5949,801,717
sz000751,24155,17257,0
sz300619,0,0,0
sz002313,4251,6609,0
sz300347,0,798,0
sz300089,1000,8173,0
sh601016,36002,10017,0
sh600023,20858,0,0
sh603559,16821,13150,3673
sz002061,30365,5946,1006
sh600209,17411,4950,0
sz000823,14376,9737,0
sh600020,5430,57638,0
sz000813,0,6117,0
sz002857,0,0,0
sh600448,0,1973,0
sz000833,0,0,0
sz000929,0,0,0
sz000570,0,0,0
sh600153,8983,12521,0
sz002656,1426,500,0
sz000723,0,8819,0
sz002776,0,0,0
sz002294,7052,16353,0
sz300029,0,0,0
sz000609,0,0,0
sz002407,9496,9692,1475
sz300601,0,0,0
sh601038,2656,2843,0
sz300290,0,0,0
sz300310,2222,1000,0
sz000958,6033,24696,0
sz002658,945,0,0
sh600756,1789,0,0
sh603133,0,0,0
sz300662,0,0,0
sz300200,0,0,0
sh600793,0,500,0
sh600647,0,683,0
sz002638,0,0,0
sz002532,0,0,0
sz000668,0,0,0
sz000707,0,0,0
sz300340,2748,1358,203
sh601898,11470,20602,0
sz300314,0,0,0
sh603768,0,0,0
sh603858,533,697,0
sz002203,0,0,0
sz300571,0,0,0
sz000617,0,1629,0
sz000980,4344,925,0
sz300460,0,0,0
sh600606,1074385,910474,29310
sh601595,0,0,0
sz300048,6595,3700,0
sh600011,1617,6719,0
sz002042,3291,4481,0
sh603578,0,0,0
sh600148,0,510,0
sh600380,11869,7285,1463
sh600511,1472,2313,0
sz300315,8917,5973,0
sz300076,0,0,0
sz002210,8933,843,0
sh601368,0,0,0
sz300102,15714,9244,0
sz002841,0,0,0
sz300569,804,2039,0
sh603508,0,0,0
sh603638,0,0,0
sz300648,348,142,0
sh600854,0,4874,0
sz000301,0,0,0
sh603538,0,0,0
sz002242,4189,0,0
sh600893,5852,600,0
sh603909,0,0,0
sz000009,12317,11780,0
sz300446,0,531,0
sh600051,0,0,0
sz300373,6859,7361,0
sh600823,8732,22198,0
sz002432,3020,0,0
sz300520,0,436,0
sz300394,0,0,0
sh600348,36581,46224,0
sz002824,699,0,0
sz002498,0,4000,0
sz002859,670,0,0
sh603238,0,0,0
sh603009,0,0,0
sz300717,0,0,0
sz000967,2836,4606,0
sh600482,393,2758,0
sh600185,0,4225,0
sz000732,94491,135057,12258
sh600136,0,1240,0
sz002220,0,0,0
sh600936,0,1952,0
sz300676,1436,1417,152
sz002915,13003,24677,2758
sz002247,9207,2000,0
sz002863,0,1073,0
sz300153,1656,0,0
sz300205,0,0,0
sh603111,700,926,0
sz300642,0,0,0
sh601952,4196,4268,0
sz002162,7022,0,0
sz300281,0,0,0
sz002500,11331,12152,1474
sh600810,0,0,0
sh603977,0,0,0
sz002779,0,1179,0
sh600640,0,0,0
sz002145,40390,34256,0
sh600510,0,0,0
sz300466,1000,0,0
sh603696,0,0,0
sz300595,0,0,0
sz300453,0,0,0
sz000898,28706,44352,0
sz300469,0,0,0
sh601800,12476,1793,0
sh603817,1664,0,0
sz002008,45873,32856,3061
sh600377,1020,1168,0
sz002600,53290,28203,1370
sz300077,78726,37683,4261
sz300395,1991,2240,0
sh600082,0,2000,0
sz002690,5855,524,0
sz002415,86936,60924,3866
sh603798,0,0,0
sz002194,53068,52824,6820
sh601918,0,10793,0
sz002351,1307,3061,0
sh600246,3172,0,0
sz002202,65659,67868,3583
sz002135,2805,0,0
sh600973,0,0,0
sh603277,0,0,0
sh601500,0,0,0
sh600766,0,0,0
sz000001,1038660,998547,29281
sz000868,246119,147950,15805
sh600151,0,3433,0
sz000729,15097,44136,0
sz300084,0,0,0
sz002044,4443,10562,0
sh600240,0,1289,0
sz300268,1560,4143,0
sh603908,0,0,0
sz300237,1340,0,0
sz002014,0,0,0
sh600372,4786,0,0
sz002346,2607,1799,0
sz002677,4892,2729,0
sh603569,0,0,0
sz002493,9910,32157,3006
sz002718,0,0,0
sh600458,0,0,0
sz000726,2690,965,0
sz000158,3077,0,0
sh603305,300,0,0
sh600216,21935,12576,0
sz300377,5073,2739,0
sz002699,0,0,0
sh600061,0,4203,0
sz000779,0,0,0
sh600081,0,0,0
sh600608,0,0,0
sz300450,5124,1865,0
sh600803,13716,20327,0
sh603822,0,0,0
sh600508,1286,0,0
sh600577,0,0,0
sz300572,0,0,0
sz300628,85,219,0
sh600370,0,0,0
sh600126,0,0,0
sh600267,6216,9347,0
sz002284,0,0,0
sz002178,0,0,870
sh603388,0,0,0
sh600141,4379,15864,0
sz300172,0,0,0
sz300558,392,282,0
sz300525,0,0,0
sz002235,0,0,0
sh600692,0,0,0
sz300228,3319,1248,0
sh601011,60208,83155,0
sh600072,785,0,0
sz001979,194473,96114,6840
sh603358,0,0,0
sh600170,2845,23214,0
sz300095,0,0,0
sz300183,0,1000,0
sz000415,18612,13328,0
sz000705,0,0,0
sz300471,0,1000,0
sz300238,603,0,0
sz300568,463,0,0
sh600156,0,0,0
sh600566,10954,2286,0
sz002648,19472,4975,0
sz002333,0,0,0
sz300641,0,0,0
sz002852,0,0,0
sh600306,0,988,0
sh601858,0,0,0
sz002195,25108,17137,0
sz000709,594088,468805,0
sz300358,0,0,0
sz002870,0,0,0
sz300004,0,0,0
sh600988,31724,52195,0
sz002055,545,0,0
sz300411,2642,0,0
sz002411,0,1442,0
sz002787,0,0,0
sh603199,682,1373,0
sz002164,0,0,0
sz002056,7057,19641,0
sh601882,2695,2691,1888
sz000998,14000,10940,503
sz000151,0,0,0
sz002554,0,0,0
sh603639,0,0,0
sz300456,2272,1524,253
sz300142,18501,11633,1018
sh600579,2000,2264,0
sh600869,0,0,0
sh603690,0,0,0
sh600171,22798,28801,2573
sz300442,0,0,0
sz300607,0,0,0
sz002540,0,2592,0
sz002463,16339,43276,0
sz300343,0,2606,0
sh600233,2380,0,0
sz300549,0,0,0
sz300322,0,1128,0
sh601107,0,5095,0
sz002593,0,0,0
sh600481,4075,2493,0
sh601965,0,0,0
sh601288,905422,895245,0
sh603015,0,0,0
sz300296,8754,10090,485
sh600255,27377,7005,0
sh600104,41742,39453,1152
sh600819,0,0,0
sh600077,0,0,0
sz300559,0,0,0
sz002652,0,0,0
sh603025,0,0,0
sh601375,37975,55128,0
sh603896,319,2261,0
sh600039,0,0,0
sh603177,5419,1542,0
sz000619,0,0,0
sh603318,4598,0,0
sh600211,0,0,0
sz300550,0,0,0
sh600583,11618,24654,0
sz002318,0,0,0
sz002330,0,2745,0
sz002465,37492,17631,2010
sz000973,2321,0,0
sh603527,0,1333,0
sz002881,0,0,0
sh600501,0,0,0
sz300201,0,0,0
sh600584,28723,40760,0
sz002659,0,0,0
sz000025,294,0,0
sh600811,3520,12970,0
sh600284,0,1161,0
sh600036,195018,134354,10737
sz300198,5808,25933,0
sz002201,0,0,1042
sh603633,0,699,0
sh600969,0,0,0
sh600898,980,0,0
sh600959,0,0,0
sz000755,0,0,0
sh600008,447287,427205,18855
sh600526,0,0,0
sz000690,51766,44639,0
sz002830,0,0,0
sz300611,0,0,0
sz002102,5619,7960,0
sz002307,6971,0,0
sh603797,2415,0,0
sz002231,0,0,0
sh600100,7978,6493,0
sz002621,0,627,0
sz300155,0,0,0
sh603136,0,0,0
sz300269,0,790,0
sh600376,9758,9231,0
sz300482,351,772,0
sh603228,646,665,0
sh600283,0,0,0
sz300585,0,670,0
sh600075,2012,1290,0
sh603918,0,0,0
sz300072,24748,14155,1613
sz300698,0,453,0
sz002635,6799,2943,0
sz300410,305,0,0
sz300041,2018,0,0
sz002481,2020,12923,0
sz000858,67315,55484,3712
sh600513,2981,0,0
sz300385,0,0,0
sh600862,1313,0,0
sz002713,0,0,0
sz000920,1000,0,0
sh603686,0,427,0
sh603617,2304,0,0
sz002821,200,366,0
sz000673,71430,6856,2360
sz002836,0,0,0
sh600099,0,0,0
sz002379,4300,7136,0
sh603103,0,0,0
sh603636,4782,0,0
sz002485,0,0,0
sh603963,402,413,0
sz000953,0,0,0
sh600195,1391,0,0
sz002918,3884,5965,421
sz300202,0,0,0
sz002537,2597,1000,0
sh600908,13868,8344,0
sz300590,774,1826,361
sh603586,0,0,0
sz300636,0,0,0
sz000520,0,3127,0
sz300596,0,0,0
sz000655,18818,7785,0
sh600122,23611,13149,0
sz300266,1480,789,0
sh600275,0,0,0
sz002679,0,0,0
sz000719,0,0,0
sh600026,11051,8714,0
sz300677,5804,1191,186
sh600965,0,0,0
sh603222,1701,0,0
sh600536,2642,0,0
sz002687,0,0,0
sh603605,0,405,0
sz000777,1508,0,0
sz002909,605,1506,0
sh603916,5981,6586,0
sh600292,2091,0,0
sz000032,0,0,0
sh600791,5128,0,0
sz002003,5085,4477,0
sh600196,42562,42879,2203
sz002412,790,2595,0
sz000529,0,0,0
sz300330,0,0,0
sz002510,10747,9254,0
sh603809,0,0,0
sh600262,0,0,0
sh600987,4067,0,0
sh600366,5350,6366,0
sh600891,0,2439,0
sh603038,0,0,0
sz002218,50577,29800,0
sh603058,0,0,0
sz002368,0,3749,0
sz002630,0,0,0
sz300349,7390,2406,0
sh600808,134827,168607,0
sh601377,61255,70494,2940
sz002605,2012,794,0
sz002741,0,0,0
sz300588,0,0,0
sh603320,0,0,0
sz000411,0,0,0
sz002182,1881,7275,0
sz000607,0,0,0
sh600642,9496,3556,0
sz002171,0,0,0
sh600882,0,0,0
sz000825,66948,47403,0
sh603843,0,0,0
sz002001,76690,62395,2417
sz002920,119168,91912,25084
sh600079,5123,0,0
sh600635,3013,13934,0
sh600805,0,0,0
sh601231,4664,6449,0
sz002889,475,0,0
sh603020,0,0,0
sz002308,947,1405,0
sz002020,5555,8121,0
sz300645,0,0,0
sh600197,4521,3746,0
sz300685,0,169,0
sh601001,5599,8995,0
sz002626,1170,1739,0
sz002471,2608,0,0
sh600208,94157,53783,0
sz300017,71846,77765,0
sz300592,0,0,0
sz002341,0,1536,0
sz000563,0,2795,0
sz002900,0,374,0
sh600562,1300,0,0
sh600592,6738,2579,0
sz002521,0,0,0
sz000632,0,0,0
sz002644,0,0,0
sz000012,138371,63936,0
sz002347,0,0,0
sz000753,0,0,0
sh600609,0,3213,0
sz002478,0,0,0
sh600395,4594,23346,0
sz000687,5952,4661,0
sh600467,0,0,0
sz300419,0,0,0
sz000880,0,0,0
sh600983,1424,0,0
sz002884,0,453,0
sh603928,0,0,0
sz300640,402,394,0
sz002802,0,0,0
sz002052,0,0,0
sz002414,0,0,0
sz002831,174,0,0
sh601886,5306,0,0
sz002355,4968,0,0
sh603879,1332,0,0
sz002721,0,670,0
sz002092,55100,60736,0
sh603567,0,0,0
sz300211,0,0,0
sz000616,4436,0,0
sz000639,1291,0,0
sz300345,0,0,0
sz000821,0,0,0
sh601788,12593,9000,0
sh600066,31089,15800,967
sz300526,0,0,0
sz002727,0,700,0
sz002066,3000,0,0
sh603929,384,1379,0
sh600173,1764,0,0
sz000498,1546,0,0
sz300058,12842,0,0
sz000717,97933,107481,1889
sz002609,0,0,0
sh600743,2754,0,0
sz000966,2637,0,0
sh603188,1826,598,0
sz300412,0,0,0
sz300542,0,0,0
sz002562,2644,704,0
sz002688,0,0,0
sz002043,5604,7815,0
sz002610,11024,0,0
sh600179,1044,6067,0
sh600846,136293,112152,2597
sz002643,0,0,0
sh603806,0,0,0
sh600353,2601,16205,0
sz000503,14397,23705,1177
sh600138,11967,9084,0
sh603899,421,0,0
sh603266,0,0,0
sz002419,14486,6201,1306
sh600478,0,1670,0
sz002241,67036,51851,582
sz002073,1265,0,0
sz002363,0,1569,0
sz002018,34411,13651,0
sz000895,14753,8967,521
sz002595,605,0,0
sz002730,0,0,846
sh600753,904,2242,0
sz002120,767,301,0
sh601558,16710,0,0
sz002619,23701,0,0
sh601958,2132,3485,0
sh600193,3000,0,0
sh603903,1889,759,0
sz002468,0,0,0
sz000420,4003,9687,0
sz002614,4025,799,0
sz002230,120326,82564,6567
sz300477,0,452,0
sh603659,1237,617,0
sz002895,0,387,0
sz300715,0,0,0
sz000959,3577,0,0
sz002022,3752,2485,0
sz002922,0,0,0
sz002153,1179,4764,0
sh600392,79479,114401,6132
sh600516,459493,438300,88221
sh603661,182,0,0
sz000514,0,0,0
sz300570,471,1747,0
sz300604,0,0,0
sz300718,0,357,0
sz000982,0,0,0
sz002024,55656,54541,0
sz300609,0,0,0
sh601988,497303,321301,0
sh600652,0,2953,0
sz000589,0,0,0
sz300363,0,0,0
sz300451,4425,1071,0
sz300214,5606,2007,0
sh603336,0,0,0
sh600771,9877,1531,0
sh600754,11097,4039,318
sh600739,0,1237,0
sh600872,9097,6532,0
sh600322,0,0,0
sh600708,0,0,0
sz002106,3447,1226,0
sz000798,0,0,0
sh600210,2308,4322,0
sz300354,0,0,0
sz002105,3484,0,0
sz000965,3345,6125,0
sz002899,500,0,0
sh600340,245154,141251,18492
sh600856,19098,39293,0
sh603990,0,282,0
sh603887,0,1336,0
sh603856,0,1193,0
sz300579,0,0,0
sz000681,1384,0,0
sh600800,3348,0,0
sz002576,181702,26982,1158
sh600363,0,0,0
sh600120,0,1420,0
sh600779,1884,1287,0
sh600074,0,0,0
sz000572,6480,0,0
sz300027,16725,13721,0
sz002725,0,0,0
sz002460,134826,89175,15004
sh600747,0,4218,0
sh603239,1682,0,0
sz002252,535,5401,0
sh600773,3187,9255,0
sh603496,0,0,0
sz300196,8219,0,0
sz000910,9844,6962,0
sh603609,3700,0,0
sz002848,0,0,0
sh600820,3058,2027,0
sz002750,0,0,0
sh600677,0,0,0
sz300227,0,0,0
sh601212,5475,11760,0
sz002422,3540,6212,0
sh600795,52249,24201,0
sh601998,73680,46963,0
sz002589,1831,1000,0
sh603168,0,0,0
sz002564,0,0,0
sz002392,8394,3081,0
sz002527,0,2973,0
sz002582,0,0,0
sz300606,0,0,0
sz300399,0,0,0
sz002518,0,807,0
sz300541,0,0,0
sz002026,0,0,0
sz000708,0,2923,0
sz300690,0,0,0
sz300094,0,0,0
sh601997,14206,8717,0
sh600109,23458,15905,0
sh600456,1207,5685,0
sz300496,3926,876,671
sz300475,0,0,0
sz300110,3083,6725,0
sz000050,16278,16995,0
sh600184,0,0,0
sz002673,21726,23522,0
sz300136,29977,11677,544
sz300257,0,1369,0
sz002838,0,0,0
sz002731,0,0,0
sh600887,150923,127029,6409
sh603859,0,0,0
sz002762,0,0,0
sz002166,0,0,0
sz300212,2877,855,469
sh600500,5849,6972,0
sz300009,13089,21664,867
sh603595,280,0,0
sh600159,0,0,0
sh600604,10483,2046,0
sz002395,4532,2250,0
sh603039,0,0,0
sz002511,2077,3063,0
sz300495,0,0,0
sh603387,170,186,0
sz300671,0,289,0
sz002132,0,8600,0
sh600796,0,0,0
sz000850,0,0,0
sh603319,0,0,0
sz002174,5464,0,0
sz000892,0,1741,0
sz002570,0,2129,0
sz300429,0,0,0
sz300068,2562,6337,0
sz002350,29718,30434,1167
sz002377,2679,1000,0
sz002903,0,0,0
sz000881,0,0,0
sh603799,109208,62548,20256
sz002617,0,5682,0
sh600569,99241,137954,0
sz300379,0,0,0
sz000043,0,2646,0
sz002367,0,0,0
sh603886,0,1547,0
sh600694,0,0,0
sz002888,0,1398,0
sh600190,0,0,0
sh603866,0,0,0
sz002583,20683,7345,914
sh600826,0,0,0
sz300323,1596,3260,0
sz000656,33379,45287,0
sz000536,4547,8342,0
sz000606,0,0,0
sz000955,0,0,0
sz000060,37329,53220,0
sh603183,1060,329,335
sh600343,759,0,0
sh600038,4683,2360,0
sh600545,0,0,0
sh600730,0,0,0
sz002054,25347,0,0
sz000558,14854,0,0
sz300731,2053,3883,0
sz300174,0,0,0
sz000021,13606,14194,0
sz002125,1056,0,0
sz002281,41508,22402,3097
sz300326,0,2999,0
sz000421,0,0,0
sz002053,1309,0,0
sz002177,0,2074,0
sh600765,1317,0,0
sh600637,12176,5947,0
sz000622,0,0,0
sz000046,5081,0,0
sh600873,22007,14301,1911
sh603369,8265,25557,0
sh603677,0,0,0
sz002542,75039,12493,0
sz300193,0,0,0
sz000628,0,0,0
sz000409,3799,10037,0
sh603100,1000,0,0
sh600997,4878,12869,0
sh603839,504,500,0
sh600339,0,1790,0
sh600186,3825,0,0
sh603076,3336,1720,0
sz300169,1809,1773,0
sh601211,80566,54431,1661
sz002251,4158,7563,0
sz300675,4231,11160,0
sh600010,86996,21677,0
sz300534,3196,1020,0
sz002114,14938,1610,0
sh601890,0,0,0
sz000901,865,500,0
sz300617,0,0,0
sz300306,903,0,0
sh600191,2664,6388,1569
sh600250,0,0,0
sz000963,10963,7881,706
sz300050,1654,0,0
sh600560,0,0,0
sz002475,67374,46379,3038
sz002571,0,1200,0
sh601166,196813,168974,1364
sh603309,0,0,0
sz002484,0,0,0
sh600812,6015,0,0
sz000809,0,0,0
sz300401,771,2764,0
sz000524,0,0,0
sh600371,0,0,0
sh603901,0,0,0
sz000605,12413,1655,0
sz000893,8997,5767,0
sz002496,13301,15710,0
sz000815,0,0,0
sh601518,0,0,0
sz300154,1953,0,0
sh603113,465,3268,0
sz300264,0,0,0
sh603223,0,0,0
sz002244,12188,36014,0
sh600895,1313,0,0
sh603041,0,0,0
sz002763,0,0,0
sz002269,3668,0,0
sh601018,6125,4177,0
sz002327,2460,0,0
sz300124,6237,6013,0
sz002310,49776,14912,1133
sz300066,9919,0,0
sz300251,54369,23481,0
sz300141,0,0,0
sh601818,386385,184571,0
sh600449,3902,14385,0
sz002657,1343,0,0
sz300404,0,0,0
sz000402,21232,21274,0
sz002238,0,0,0
sz002544,0,700,0
sh600836,0,0,0
sh603722,0,0,0
sz000848,0,6802,0
sh600325,34225,47775,0
sz002276,0,0,0
sz000970,13188,17747,739
sh603042,1107,1192,0
sh603606,0,0,0
sh600839,43660,24832,0
sh600052,0,2770,0
sh601226,0,0,0
sz300288,0,0,0
sz002608,0,0,0
sz002376,6204,0,0
sz300545,0,0,0
sh600503,19481,6097,0
sz002349,0,0,0
sz300197,17049,1842,0
sh600369,27725,33150,0
sz002681,4060,0,0
sz002875,0,0,0
sz002548,0,0,0
sh603505,493,1541,0
sh600241,973,0,0
sz002490,0,0,0
sz002566,0,0,0
sh603917,493,3250,519
sz000672,234832,149668,19197
sz300276,0,0,0
sz002002,8738,7348,0
sh600903,182707,181526,25715
sh600778,0,0,0
sh600408,0,0,0
sh600595,28676,43770,0
sz000976,0,0,0
sz300516,0,0,0
sz300539,0,0,0
sh603416,0,0,0
sh603566,0,0,0
sh600697,0,0,0
sh603036,0,0,0
sz300686,0,0,0
sz002314,0,2190,0
sz000011,1841,0,0
sh601116,969,1471,0
sz300480,0,0,0
sz002917,30904,21373,7166
sh603160,755,260,0
sz300474,1040,974,0
sh600746,0,0,0
sz300176,660,0,0
sz000400,9503,4859,0
sz300613,177,0,0
sh600336,0,2252,0
sh601012,57631,30359,5435
sz300417,0,0,0
sz000911,0,0,0
sh600128,1596,0,0
sh603819,0,0,0
sz000828,0,0,0
sz002212,600,0,0
sz002399,0,0,0
sz002035,5473,1591,0
sz000026,0,0,0
sz300337,0,0,0
sz000801,0,2166,0
sz002188,0,1957,0
sh600260,9664,7114,0
sz002311,1076,472,0
sz000790,9329,3266,0
sz000785,0,0,0
sz002309,0,0,0
sh601633,21838,3126,0
sh600488,0,0,0
sz002723,0,0,0
sz300591,0,0,0
sz000419,0,0,0
sz000878,27375,27562,0
sh600602,3398,0,0
sh603196,0,0,0
sz300098,14466,3321,0
sz300093,1977,0,0
sz300655,0,0,0
sz300317,0,0,0
sh600459,4837,515,0
sz002058,0,0,0
sz002391,741,1701,0
sz002599,0,0,0
sz000902,10715,3653,0
sz300021,18593,0,0
sz300693,0,0,0
sh603825,0,0,0
sh600212,0,3498,0
sz002873,0,0,0
sh600282,175682,176598,0
sz000626,0,813,0
sh603333,0,0,0
sz300388,702,0,0
sz300494,0,1481,0
sh601101,7979,11086,0
sh601668,277082,189749,1231
sz002404,0,0,0
sh600330,17490,12784,1224
sz002686,0,803,0
sh600769,0,0,0
sz300207,2209,2006,0
sz002538,0,0,0
sh600678,0,0,0
sz000505,0,0,0
sz300253,3074,0,0
sz002101,0,0,0
sh601992,518025,456808,79714
sh600551,1980,2715,0
sz002306,0,0,0
sz002027,101103,105670,0
sz002907,12838,23520,1575
sz000818,1770,24205,0
sz002555,17444,12030,0
sz300327,2155,1790,510
sz002806,0,817,0
sh600612,1085,301,0
sh600744,0,0,0
sz300007,1653,0,0
sh603157,0,0,0
sh600483,0,0,0
sz002641,0,0,0
sh603016,0,0,0
sh600594,0,0,0
sz002124,0,1400,0
sh600189,0,0,0
sh601099,76760,70163,0
sz300418,28435,17096,0
sh600452,616,0,0
sz300312,8539,13895,0
sh601519,0,0,0
sh600155,35022,8537,0
sh600310,0,0,0
sz000677,3588,0,0
sh600356,0,0,0
sz300182,2359,0,0
sh600423,3768,0,0
sz300467,1251,3220,0
sh600751,2263,0,0
sz000682,0,0,0
sz300293,0,0,0
sz002264,10397,13533,2616
sz002138,4372,700,0
sh600021,0,0,0
sz300711,1903,2175,0
sh603999,0,0,0
sz300080,0,0,0
sz002372,14084,7726,502
sh603726,0,0,0
sz002444,2582,3964,0
sh600841,34055,12641,1004
sz300311,0,0,0
sz300527,0,0,0
sh600759,11255,18840,0
sh603029,0,0,0
sh600094,6000,9083,0
sz002722,0,0,0
sz300003,11925,17524,637
sz002726,0,0,0
sh603787,745,0,0
sz002176,68730,60068,2469
sh603338,0,0,0
sz300519,0,0,0
sh600698,19874,2684,0
sz002755,0,0,0
sz002828,0,600,0
sz000839,155831,164505,0
sh600519,18368,13678,1827
sz000885,38306,31945,3367
sz000422,7180,0,0
sz002816,0,0,0
sh600489,64442,87156,0
sz300232,9744,1816,0
sz000906,0,0,0
sz002139,1050,3779,0
sz002393,0,0,0
sh603386,0,0,0
sh600236,0,0,0
sz300638,543,0,0
sz002808,0,0,0
sh600527,4821,5209,0
sh601515,1075,1018,0
sh600789,0,2092,0
sh600532,0,0,0
sz300036,5277,1986,0
sh603007,0,0,0
sz300710,0,0,0
sz002429,34459,20820,0
sh600388,27888,15003,0
sz300405,0,0,0
sh600435,2690,5111,0
sz000560,0,1782,0
sz002890,0,0,0
sz300079,19198,2447,0
sz002667,0,0,0
sz000983,122600,104088,0
sh600048,524116,580657,51361
sz300033,5913,2454,0
sh600178,0,0,0
sz002560,0,0,0
sh603500,0,0,0
sz000068,0,5077,0
sz300608,0,0,0
sh603707,3223,3472,0
sh600135,1895,1878,0
sh600845,0,557,0
sz300532,0,0,0
sz300708,5451,10895,0
sz000055,1627,0,0
sz002585,0,0,0
sh600506,0,0,0
sh601607,9451,7128,0
sh601689,2551,2806,0
sz000595,2415,0,0
sh603630,0,0,0
sz300502,2701,2773,0
sz000735,8891,16464,0
sh600219,100182,73233,0
sz300407,2127,1044,0
sz002156,15044,21032,0
sz002853,1443,1259,0
sz300403,0,0,0
sh600605,0,0,0
sz300615,836,0,0
sz300679,0,0,0
sz002578,3080,6777,0
sh603229,0,0,0
sh603269,1100,0,0
sz300096,0,1121,0
sz002611,8817,10170,0
sz000571,0,4135,0
sh600200,0,0,0
sh600073,0,2869,0
sz002893,453,1349,519
sh603398,0,0,0
sz002551,2603,0,0
sz000576,0,650,0
sh600970,24951,36061,0
sz002302,36077,27173,2708
sh600393,0,0,0
sz002323,1626,0,0
sz300692,0,846,0
sz002674,0,0,0
sz002093,1204,3894,0
sz000915,0,831,0
sz000631,0,0,0
sz300097,2087,0,0
sz002343,3079,2681,0
sh603128,13259,0,0
sh600748,2000,3027,0
sh600320,8264,60209,0
sz300039,7030,0,0
sz002783,0,0,0
sz300529,0,400,0
sz300365,0,502,0
sz002060,2581,0,0
sh601688,208829,141850,3171
sh603218,0,0,0
sh600327,0,0,0
sh603233,0,0,0
sh600764,1046,383,0
sh600847,0,0,0
sz300436,0,0,0
sz300459,0,3058,0
sz002858,0,0,0
sh600381,0,0,0
sz002563,1426,0,0
sz002807,11403,16833,0
sz000835,0,0,0
sz300668,362,0,0
sh603300,0,0,0
sh600362,86386,101799,1121
sh600643,1953,6625,0
sz002337,0,0,0
sz002278,0,0,0
sh600883,0,0,0
sz300531,0,0,0
sz300408,10921,13403,2005
sz002835,0,0,0
sz002243,0,2314,0
sh600874,139724,148550,11977
sh603383,309,0,0
sz002494,23734,37945,0
sh603067,0,0,0
sz002057,0,0,0
sz002173,0,0,0
sz002565,0,0,0
sh601996,2430,9808,0
sz300239,0,0,0
sh600068,53585,51742,0
sz002789,0,0,0
sz300651,500,1079,0
sz002629,0,0,0
sh603283,0,0,0
sz002513,0,0,0
sz300047,0,1950,0
sz002331,996,0,0
sz300669,0,0,0
sz300468,0,0,0
sh600176,81647,55248,3214
sz000403,0,540,0
sz300576,0,0,0
sh600085,855,0,0
sz000985,0,567,0
sh601888,42420,19773,3715
sz300249,0,0,0
sz002678,0,0,0
sh600975,0,0,0
sh600251,0,1500,0
sz300280,350,0,0
sz000662,0,0,0
sz000796,0,0,0
sh600992,0,3200,0
sz300605,0,0,0
sh600767,0,0,0
sz002183,5001,33435,0
sh600578,0,0,0
sz000063,551536,437672,34288
sz000042,1139,0,0
sz002793,6064,2537,0
sz002594,26196,26063,2114
sz300168,6845,5440,0
sh600967,6032,5577,0
sh603669,0,0,0
sz300522,0,0,0
sz002295,1057,0,0
sz300422,6308,2001,0
sz000836,2940,0,0
sz002781,0,0,0
sz000600,71018,93694,1556
sh603306,0,1233,0
sh600271,25354,24381,735
sh603033,0,0,0
sh603776,0,0,0
sz300506,1184,0,0
sh601616,0,2948,0
sz300014,16521,13730,531
sz002759,0,0,0
sz002886,0,0,0
sz002882,761,0,0
sh600326,25498,37785,0
sh601222,24868,15127,0
sz002273,13665,6336,0
sz002143,18105,8289,1533
sz000045,1018,0,0
sz002413,0,0,0
sz002282,6942,14135,2762
sz000652,0,2559,0
sz300210,0,0,0
sh600183,31431,51807,697
sh603993,886207,658553,21031
sh601117,18520,31460,0
sh600879,16022,10434,0
sz002501,1118,8867,1264
sz300431,4889,5740,563
sh601718,10037,8651,0
sh603998,0,0,0
sh603303,0,0,0
sz002301,0,0,0
sh603040,0,0,0
sh603189,0,0,0
sz000731,0,9337,0
sh600433,0,0,0
sz000875,0,0,0
sz300530,0,0,0
sz002637,0,0,0
sz300603,0,0,0
sh600335,2132,6955,0
sz000627,9386,4850,0
sz000938,3692,3622,157
sh600581,39956,47427,1164
sz002847,0,0,0
sh603337,590,1357,0
sz002396,9825,8807,506
sz300034,0,0,0
sz300440,0,0,0
sh603008,0,0,0
sh603000,0,4143,0
sh600180,0,0,0
sz300051,0,0,0
sh601398,1240132,1055137,12369
sz000666,1000,1368,0
sz002080,7993,6631,0
sz300658,0,0,0
sz002820,0,0,0
sz000856,51687,91446,3044
sz000897,2967,0,0
sh600446,11584,4888,0
sz000548,0,0,0
sz002016,9837,9186,0
sh600742,2782,3477,0
sz002645,0,0,0
sh601599,3536,3828,0
sz300561,0,0,0
sz000882,4285,4000,0
sh600984,0,0,0
sz002601,25113,15554,0
sh603308,0,634,0
sz002868,0,0,0
sz300621,0,0,0
sz300420,2836,0,0
sh600714,0,0,0
sh603331,0,0,0
sh601900,0,1491,0
sz300553,0,0,0
sz300132,0,0,0
sz300367,3148,1477,0
sz000761,24689,26761,0
sh601199,0,0,0
sz300320,0,5667,0
sz002421,75603,22408,1818
sz002400,6982,5014,0
sh603880,0,0,0
sz002385,41145,21646,0
sz002770,0,0,0
sh603848,8179,10944,2668
sh600400,0,0,0
sz002693,0,1565,0
sh603389,0,0,0
sz000869,0,1320,0
sh600979,0,2109,0
sz300059,190986,129108,938
sh603321,0,0,0
sh603648,1074,2668,0
sz002267,5318,11775,0
sh603580,0,0,0
sz002702,0,2598,0
sz000692,0,0,0
sz000999,3770,0,0
sz002159,0,0,0
sz300138,0,0,0
sz000533,8742,0,0
sz002416,1205,0,0
sh600238,0,0,0
sz002374,0,0,0
sh600300,13312,0,0
sh600163,0,0,0
sz002181,0,0,0
sz002573,15603,14191,1376
sh603678,0,0,0
sh600657,5758,12184,0
sh600868,12837,0,0
sh600737,5936,0,0
sz002792,350,1373,0
sz300321,3496,0,0
sz300556,0,0,0
sz002369,2242,4159,0
sz300001,817,0,0
sz300653,0,0,0
sh603801,0,1169,0
sz002615,0,0,0
sh600711,57700,63349,1824
sh600552,0,2000,0
sz000829,3050,0,0
sz300252,0,0,0
sz300316,15407,23628,819
sz300443,0,0,0
sh603615,726,0,0
sz300511,0,0,0
sh600617,0,0,0
sz000752,0,0,0
sh600787,1908,4678,0
sz002446,1000,0,0
sh600701,6003,8589,0
sh600798,0,2109,0
sz000889,0,1000,0
sh603725,0,0,0
sz000863,0,2000,0
sz300324,0,1830,0
sz300082,0,0,0
sh600319,8163,1262,0
sh600331,0,14180,0
sh600277,1941,0,0
sz002134,0,2705,0
sz000951,2038,8731,0
sh600958,41664,26818,0
sh603626,0,0,0
sh600880,1915,2600,0
sh600802,24604,47246,0
sh600986,0,0,0
sh600586,3703,3239,0
sh600831,1460,0,0
sz300618,10358,6093,1104
sz300566,882,299,0
sz002364,0,0,0
sz300331,632,1901,0
sz002110,52499,44295,3069
sz000613,0,0,0
sh600321,0,0,0
sz300221,2237,2855,0
sz002083,0,6798,0
sz001965,159938,159905,22671
sz300254,0,0,0
sz002427,8145,1430,0
sz000909,1030,0,0
sz002277,0,4519,0
sz300341,0,0,0
sh600723,0,0,0
sz002556,1324,6641,0
sz002211,1397,0,0
sh603359,323,0,0
sz300359,3547,0,0
sh600603,0,0,0
sz002040,5621,0,0
sz002912,720,1859,87
sh600386,0,0,0
sz002437,3800,8238,0
sh600059,2671,0,0
sz300498,8053,2527,0
sz002198,0,0,0
sz300567,266,100,0
sz002375,5122,2143,0
sz300725,1940,2220,0
sh600415,5106,28978,0
sz002175,5386,2005,0
sh600071,630,0,0
sz300503,0,0,0
sz300258,726,0,0
sh600202,0,0,0
sh600693,9057,1031,0
sz000020,1144,0,0
sz300500,8446,5007,0
sz300637,0,0,0
sh600287,0,0,0
sh601019,863,5795,0
sz002129,114474,158648,0
sh601799,0,0,0
sh603227,0,0,0
sz000697,1054,0,0
sh603225,1189,640,0
sz000680,0,12718,0
sh600307,22429,57240,0
sz002866,0,0,0
sh600556,0,0,0
sh601901,44035,15834,0
sh601111,307148,211253,5206
sz002596,16414,32432,0
sz002703,0,0,0
sh601169,62818,83264,0
sz002193,5930,1694,0
sz002772,0,0,0
sh603665,0,0,0
sh601168,13057,36757,0
sh600301,0,0,0
sh600475,0,0,0
sz002539,0,0,0
sh600933,2107,0,0
sz300125,547,0,0
sh600996,0,0,0
sz002664,401,0,0
sz000611,8651,13541,0
sh601872,2507,2275,0
sz300219,0,0,0
sz000501,2019,2486,0
sh600076,1942,1757,0
sh603181,0,0,0
sh603988,2827,723,502
sh600231,43044,34272,0
sz002268,1089,2469,0
sz002747,1411,978,0
sz002449,1884,725,0
sz002714,7795,6756,251
sh600649,0,4359,0
sh603727,0,0,0
sz002454,2960,2300,0
sz000027,3823,2428,0
sz002509,4840,0,0
sz002077,0,0,0
sz300128,23905,10390,2611
sz300171,0,0,0
sz002646,0,0,0
sz300501,0,0,0
sh600668,0,808,0
sz000669,1923,1300,0
sh600653,0,0,0
sz000851,0,0,0
sh601177,0,0,0
sh600660,5756,11377,0
sz000972,0,4008,0
sh600726,0,0,0
sh601678,10513,8453,0
sz002712,1000,634,0
sz002768,0,0,0
sz002482,4257,0,0
sh601985,3473,16146,0
sz300702,0,0,0
sz002736,1007,4313,0
sz300184,0,0,0
sh603689,3197,4508,0
sz300100,0,0,0
sh600633,2499,6277,0
sh601601,71693,110099,3086
sz000789,95989,536635,17269
sh601015,43190,22480,0
sz000037,0,0,0
sh600827,3821,0,0
sh600648,0,0,0
sz300376,0,2978,0
sz002213,0,0,0
sz002724,0,0,0
sh603619,1438,4236,0
sh600409,54635,116924,0
sz002370,0,0,0
sz002598,0,0,0
sz002254,6419,3457,0
sh600089,78446,32635,0
sz000671,86285,70554,0
sh603937,16893,17677,474
sh603838,0,0,0
sh600763,3562,1570,0
sz002146,299390,300600,3110
sh601933,439851,324121,6355
sz300723,472,982,0
sh600590,0,3003,0
sz002279,2000,0,0
sh600679,0,0,0
sh600619,2050,990,0
sz002317,0,14446,0
sz002706,0,1036,0
sh600268,0,0,0
sz002094,4258,900,0
sz002456,86813,51781,2174
sh600505,0,0,0
sz000715,0,0,0
sz300426,0,0,0
sh603660,806,0,0
sh600259,689,2450,0
sh603868,0,0,0
sh603123,0,0,0
sz002636,0,1640,0
sz002286,0,0,0
sz002753,648,800,0
sh600101,1164,0,0
sh600654,9012,0,0
sz002526,0,0,0
sh600703,97570,49236,3450
sh603288,1653,2680,0
sz300295,0,695,0
sh600722,3454,7708,0
sz300371,3394,554,0
sh603557,1000,0,0
sh600111,148622,165722,0
sh603226,0,0,0
sh600054,1000,816,0
sz300179,0,0,0
sz002059,0,0,0
sz300078,5291,2388,0
sz300070,90270,60846,921
sz002632,0,0,0
sz002236,115093,76243,9830
sz002009,0,4194,0
sz300191,600,0,0
sh600346,50633,13619,0
sh601010,2900,0,0
sh601020,0,536,0
sz002878,0,0,0
sh603444,697,248,0
sh603766,21132,16665,0
sz300660,0,0,0
sh600641,0,4832,0
sz002113,1612,0,0
sh603060,0,0,0
sz002823,0,0,0
sz002647,0,362,0
sz002380,0,0,0
sh601005,0,0,0
sz000513,7831,3327,0
sh603011,0,0,0
sh603378,0,970,0
sz002064,16050,2039,0
sz300222,2123,0,0
sz300236,7038,1696,0
sz002843,705,0,0
sz002179,699,4875,412
sz300192,4000,1567,0
sz300318,0,0,0
sh600455,0,0,0
sh603955,0,0,0
sz002076,0,0,0
sz002740,0,0,0
sh601137,0,1010,0
sz000802,1532,4028,0
sz002448,0,0,0
sh601699,128905,135717,17984
sz000538,2966,4079,264
sz002777,729,0,0
sz000737,0,0,0
sz002572,9324,6007,383
sz300673,0,0,0
sz002217,29696,11734,0
sz300689,0,300,0
sh603313,0,0,0
sh601939,245784,233883,11077
sz000968,3449,3423,0
sz000917,11861,5004,0
sz002021,0,0,0
sh603118,0,0,0
sz300118,3708,0,0
sh600655,0,1137,0
sh600865,0,0,0
sh600215,2069,1366,0
sz300163,3000,0,0
sz300355,186235,88184,9655
sh600537,0,0,0
sh600182,0,0,0
sz002782,3859,0,0
sz002876,0,672,0
sz300381,0,0,0
sh600123,24347,24534,0
sz002439,7050,5944,713
sz000061,0,0,0
sz000935,5911,9470,0
sz002696,0,0,0
sz002430,4819,11719,0
sh600768,0,0,0
sz002225,0,2618,0
sh603729,0,0,0
sz300390,0,0,0
sh601139,20918,33002,0
sz300577,0,0,0
sz002023,5487,4617,0
sz000816,13516,0,0
sh601579,846,959,0
sz300647,0,0,0
sh600801,86132,74271,2516
sz000807,309936,258869,4259
sh600858,0,0,0
sz002851,0,0,0
sz000996,14946,22418,1730
sh600207,0,0,0
sz002104,1248,1566,0
sh600555,0,0,0
sz300438,1371,0,0
sh600682,6943,3786,0
sz300231,4722,5215,0
sz000702,0,0,0
sh600629,0,0,0
sz002829,0,0,0
sz300393,0,600,0
sh600662,2000,0,0
sz300478,2399,0,0
sh600860,0,0,0
sh603966,0,0,0
sz002603,0,0,0
sz300178,0,0,0
sh600939,0,0,0
sz300289,0,4006,0
sz000903,4079,0,0
sz300514,0,0,0
sz000567,1500,0,0
sz300117,13696,0,0
sz300409,5880,2640,288
sz002488,0,0,0
sz002798,0,0,0
sh600235,0,0,0
sz002233,12950,20282,0
sz300357,0,0,0
sz000899,0,12014,0
sh600095,0,0,0
sz002431,24015,13379,0
sz002880,0,0,0
sh600834,0,0,0
sz300284,665,651,0
sz300587,0,0,0
sz300223,3466,4467,0
sh600517,2171,5716,0
sz300536,30188,25349,3332
sz300616,136,0,0
sz002405,99561,73576,4195
sz300015,5047,6895,0
sz002867,0,0,0
sz300589,0,0,0
sh603131,0,1480,0
sz300709,439,0,0
sh603088,395,0,0
sh600426,81219,120846,11614
sz300112,0,0,0
sh603777,0,0,0
sz300297,0,0,0
sz000703,28362,31845,1291
sh600429,0,0,0
sh600091,0,0,0
sh600401,38071,12600,0
sz002862,0,0,0
sh600784,0,0,0
sh600470,0,3974,0
sh600774,0,0,0
sz300353,2260,0,0
sz002121,1829,3700,0
sh603800,0,0,0
sh600007,0,600,0
sh603499,0,0,0
sh600019,167281,141760,2631
sh601628,44975,74073,5359
sz002338,900,0,0
sz300538,0,0,0
sh600848,2319,476,0
sz300107,27361,35366,0
sh600439,0,0,0
sz300208,0,0,0
sh600770,3700,1500,0
sh603926,0,0,0
sz300224,0,4157,0
sh600837,51843,13822,1053
sh603477,76929,36497,9071
sz300263,0,2037,0
sh600758,0,1698,1331
sz300695,282,0,0
sh600302,0,2500,0
sh603012,0,2438,0
sh600540,0,0,0
sz000913,724,1043,0
sz300543,0,0,0
sh600033,0,10194,0
sh600297,0,2642,0
sh600192,0,0,0
sz002070,259186,51370,0
sh600080,0,3586,0
sz000799,2244,1465,0
sz300384,790,0,0
sh601198,0,0,0
sz300075,9579,3768,0
sh603203,0,0,0
sh603698,0,0,0
sz002085,0,5116,0
sz000610,987,0,0
sz002850,452,0,0
sh600004,11211,7968,0
sz002097,2258,0,0
sh600406,46341,27813,0
sz000993,0,0,0
sh603329,0,0,0
sz300406,0,0,0
sz002825,0,0,0
sz000936,0,1490,0
sz300016,0,2263,0
sz300488,0,0,0
sz000428,0,0,0
sz300732,1526,1024,175
sh601919,144314,170574,0
sz300643,0,0,0
sz300631,0,500,0
sz002533,0,0,0
sz000776,85111,49903,0
sz002522,1168,1669,0
sh600689,0,0,0
sh600528,3954,16138,0
sh600563,2817,722,0
sz000049,2552,911,0
sh600598,23015,36180,0
sh603200,0,0,0
sz002144,0,0,0
sz300421,0,500,0
sh601228,6193,5080,0
sz002588,1869,1768,0
sz000506,0,0,0
sh601877,6118,6620,0
sh601100,2350,1692,1268
sh600006,11362,13341,0
sz002068,3990,2426,0
sz300575,0,0,0
sh600825,2512,9697,0
sh603018,0,0,0
sz300215,0,0,0
sz002803,0,0,0
sz002477,98171,35188,0
sz300166,25479,2724,2136
sh600108,13071,9522,0
sz300119,0,0,0
sz002300,0,0,0
sz300625,0,592,0
sz000886,1787,0,0
sz300307,0,0,0
sz002172,0,0,0
sz000712,1317,2381,0
sz000862,0,0,0
sh603938,0,1325,0
sz000768,5621,2549,0
sh600116,1146,3304,0
sz002032,0,0,0
sz002483,0,0,0
sz300473,0,0,0
sh600680,0,0,0
sh603335,0,0,0
sz300509,0,0,0
sz002771,0,0,0
sz300635,0,557,0
sz002529,1583,0,0
sz300114,0,0,0
sz300565,0,0,0
sz000721,0,0,0
sh600917,4612,16654,0
sh603667,0,0,0
sz300346,2804,883,0
sh600636,0,9397,0
sh600538,0,1900,0
sz000925,0,0,0
sh603096,154,181,0
sh603086,0,0,0
sh600558,0,1850,0
sz300375,7627,8361,0
sz300593,0,0,0
sz002041,0,830,0
sz300101,6518,2341,0
sz000537,2567,5512,783
sz002534,0,1413,0
sh600350,14506,29624,0
sz300491,0,0,0
sh600785,0,0,0
sz300657,0,377,0
sz002516,4442,12838,0
sz002011,3834,4365,0
sz300162,0,0,0
sz000543,10000,2707,0
sz000738,858,0,0
sz002253,0,0,0
sz300360,0,0,0
sz002214,1684,1580,0
sh600115,589537,410875,12902
sh601000,200391,116392,0
sz002359,463,0,0
sz000429,0,0,0
sh600509,0,0,0
sz002813,0,0,0
sz000593,4544,0,0
sz002180,1379,4315,0
sz000530,15636,22857,0
sh601808,0,0,0
sz002321,24980,8327,0
sz002123,0,2573,0
sh600373,3952,6020,0
sz300462,482,0,0
sz002709,10564,4779,3009
sz300464,0,0,0
sz300267,6824,3609,0
sz002871,0,0,0
sz002812,311,829,0
sh603818,3547,0,0
sz000762,5978,5711,0
sh600355,18302,1219,1500
sz300057,0,0,0
sz002304,7847,6334,462
sh600083,605,0,0
sz000977,34077,32613,0
sh600610,0,0,0
sz000623,2598,7278,0
sz300061,0,0,0
sh600535,1488,1097,0
sh603311,0,0,0
sz300518,0,0,0
sz000665,0,0,0
sz002322,1000,0,0
sh600777,29176,27110,0
sh603167,0,0,0
sz002339,0,0,0
sh600797,7298,2217,0
sh603535,0,0,0
sz300235,1047,0,0
sh600571,1000,0,0
sz002671,0,0,0
sz002467,3204,1450,0
sh600088,0,862,0
sh600119,3558,4968,0
sh600780,0,0,0
sz300063,1851,3385,0
sh603737,0,200,0
sz002469,0,0,0
sh601999,0,0,0
sh600070,0,0,0
sh600172,29757,11339,0
sz300303,0,0,0
sh603186,0,0,0
sh603456,692,655,0
sh600626,2907,0,0
sz002761,0,290,0
sz002742,11074,617,0
sh603377,0,740,0
sz002206,0,0,0
sz300164,0,0,0
sz002256,22600,0,0
sh601700,16007,5966,0
sz300517,965,0,0
sz002071,29308,11659,0
sz300540,0,0,0
sz002352,0,0,0
sz300012,0,0,0
