sz000736,0,0,0
sh600497,42276,19892,1639
sh600376,0,0,0
sz000882,4615,0,0
sz300579,0,0,0
sz300293,0,0,0
sz002600,117095,72164,4138
sz000682,0,0,0
sh600561,0,1544,0
sz002771,0,0,0
sz002531,0,0,0
sz300189,0,0,0
sz300535,0,0,0
sh600853,0,0,0
sz002369,4057,0,0
sh603444,13180,4280,0
sh600511,454,0,0
sz300475,0,0,0
sz002169,0,0,0
sz002131,43804,4015,0
sz002850,0,0,0
sz000557,2597,0,0
sh600323,769,0,0
sh601225,73997,90041,0
sz300619,0,0,0
sh600748,2000,0,0
sz300438,1463,0,0
sz300696,0,388,0
sz002632,0,0,0
sh603458,0,730,0
sz300073,24914,4301,523
sz000753,0,0,0
sh600973,0,0,0
sz000659,7528,0,0
sz000592,0,0,0
sz300569,0,0,0
sh600160,5752,6785,0
sz000410,1300,0,0
sh603556,0,0,0
sh600714,0,0,0
sz300298,600,0,0
sz002229,2568,6937,0
sh600686,2997,904,0
sz000550,0,0,0
sz300642,0,0,0
sh601222,9707,13663,0
sz300353,0,0,0
sh600844,0,0,0
sz300588,0,0,0
sz300396,0,0,0
sh600325,37395,35274,0
sz000531,0,0,0
sh600726,0,0,0
sz002491,3083,0,0
sz002613,0,19164,0
sz300472,0,0,0
sz300271,24423,23748,0
sz300465,0,0,0
sz002386,0,0,0
sz000585,0,0,0
sh600755,17759,12663,0
sh600211,0,0,0
sz300035,0,0,0
sz300540,0,0,0
sh603658,0,0,0
sh603038,0,0,0
sz300136,23136,11609,511
sz300141,0,0,0
sz300555,0,0,0
sh600522,118049,69235,0
sh603183,0,0,0
sz300570,0,0,0
sz002485,453,0,0
sz000791,0,0,0
sh603083,0,0,0
sh603085,6493,0,0
sz002646,2258,0,0
sz002550,0,0,0
sz000973,0,15756,0
sh600850,0,0,0
sz300467,489,562,0
sz002495,0,0,0
sh600697,608,0,0
sh600223,0,0,0
sz002829,0,0,0
sh603031,0,0,0
sz300433,2438,2018,0
sz300511,0,0,0
sh603298,0,0,0
sz002712,0,0,0
sh600078,0,2871,0
sh603161,658,1064,0
sz300416,0,0,0
sh600619,1105,6138,0
sz000655,0,3051,0
sz002090,0,0,0
sz300409,4152,2509,0
sz000672,15553,6251,1001
sz300595,0,0,0
sz000422,5216,0,0
sh600886,63594,25221,0
sh600776,0,0,0
sh600339,0,0,0
sz002681,0,1300,0
sz002701,1901,0,0
sz000428,0,0,0
sh603429,3000,0,0
sz300479,0,0,0
sz300305,0,0,0
sh601111,158357,152461,4927
sh601001,2398,0,0
sz002412,0,0,0
sh600640,0,0,0
sz300554,0,301,0
sh600693,0,0,0
sz300215,1500,0,0
sh600988,0,8874,0
sz000338,16140,8578,0
sz300589,0,0,0
sh600537,42835,53741,32850
sz002822,0,0,0
sz300133,30771,15089,2264
sz300111,0,0,0
sz300736,0,404,0
sh600330,1581,0,0
sz002065,20109,0,0
sz002314,0,0,0
sz300211,0,0,0
sh600328,1643,1620,0
sh601018,2363,22807,0
sz300534,1474,0,0
sh603858,485,0,0
sz002222,1023,5572,0
sz002756,0,0,0
sz002896,0,0,0
sz300130,0,0,0
sz002094,10448,0,0
sh600139,0,0,0
sz002760,0,0,0
sz000166,0,11266,0
sz300653,0,0,0
sz002861,0,0,0
sh600288,0,0,0
sh600817,0,0,0
sh603050,0,0,0
sz002758,0,0,0
sz000656,17521,37073,0
sz002200,0,0,0
sz002759,0,0,0
sz002039,0,0,0
sz000088,0,0,0
sz000729,8510,5480,0
sz002138,3400,0,0
sz300258,0,0,0
sz002346,0,0,0
sh600996,0,0,0
sz002583,2016,2509,0
sh601101,9900,6105,0
sz300210,0,0,0
sz300281,0,0,0
sh603615,0,0,0
sh600491,0,0,0
sz000862,0,0,0
sh603779,0,0,0
sh601188,0,0,0
sz000671,49171,42098,0
sh600749,0,1057,0
sz002125,0,0,0
sh603283,1016,567,0
sz002353,3651,0,0
sh600962,0,0,0
sz300110,911,0,0
sz002801,0,0,0
sz002111,0,0,0
sz300085,0,0,0
sz002696,0,0,0
sh603806,0,0,0
sz000712,1003,0,0
sz000429,0,0,0
sz002482,0,0,0
sh600118,772,651,0
sh600159,0,0,0
sh603856,832,1593,0
sz300058,115274,83490,12417
sh601949,3781,0,0
sz002009,1505,801,0
sz002889,0,0,0
sh600861,0,0,0
sh600098,0,0,0
sh601919,0,12809,0
sz000502,0,0,0
sh601288,1630872,1760394,0
sz300571,183,379,0
sh600276,16205,9544,1273
sh603506,11148,6733,690
sz300645,0,0,0
sz300320,0,2226,0
sz000755,0,0,0
sz000751,3001,0,0
sz002715,0,0,0
sz300124,4212,2775,0
sh600763,0,0,0
sz002618,0,0,0
sh603223,0,0,0
sz002203,4874,0,0
sh600979,3001,0,0
sh601798,0,0,0
sh603366,0,0,0
sh600016,281713,206645,0
sz002778,0,0,0
sh600387,0,0,0
sz000039,4832,9004,0
sz300498,3869,4545,0
sz002084,0,0,0
sz002053,0,0,0
sz002067,0,0,0
sz002410,10573,620,0
sz300282,0,0,0
sz002126,0,0,0
sh600030,475980,426098,22732
sz000681,12923,10966,0
sz000677,0,0,0
sz002776,0,860,0
sz002890,0,0,0
sh603208,530,0,0
sz002799,0,0,0
sz002040,0,0,0
sz300138,0,0,0
sh603515,1986,497,0
sz002797,20647,5516,0
sh600992,0,0,0
sz002645,0,0,0
sh600126,0,2111,0
sz002421,2680,0,0
sz002158,1959,0,0
sh601107,0,0,0
sz002726,2440,4239,0
sz300519,0,0,0
sh603878,0,0,0
sz300733,816,1041,0
sz000726,0,1504,0
sh600800,0,0,0
sh601002,3355,3022,0
sz300178,0,0,0
sz002378,0,0,0
sz002027,109964,72237,4791
sz300062,0,0,0
sz002901,0,0,0
sz002809,0,0,0
sz300442,0,0,0
sz300460,0,0,0
sh600303,0,1572,0
sz300730,375,0,0
sz002105,0,0,0
sh601969,0,3753,0
sh603156,0,3790,0
sz300263,0,0,0
sh600486,2861,1732,0
sz002836,0,3989,0
sz002865,0,0,0
sz000055,14632,2126,0
sh603602,1403,1416,0
sh600170,2950,20336,0
sz002262,853,0,0
sz000955,0,0,0
sh600793,0,0,0
sz002757,500,330,0
sz002115,0,0,0
sh600513,0,0,0
sz002459,0,0,0
sz002165,2038,0,0
sh600729,0,0,0
sz300291,2011,7322,0
sz300076,0,0,0
sz300667,0,0,0
sz300005,0,2372,0
sz300543,0,4153,0
sh603978,0,0,0
sz300187,0,0,0
sz002543,2922,1186,0
sz002276,0,0,0
sz000732,75167,62426,3433
sh603939,851,0,0
sz002363,0,0,0
sh600983,0,0,0
sz000668,0,0,0
sz300405,0,0,0
sz000975,2840,0,1204
sh601012,28849,23027,1537
sh600094,0,0,0
sz000790,0,0,0
sh600990,436,261,0
sh601611,0,0,0
sh603266,0,0,0
sh600467,0,5586,0
sz002470,60503,15089,0
sh600436,4750,3140,283
sz002676,13651,20305,3675
sz002741,0,0,0
sz002729,0,292,0
sz002280,0,0,0
sh600789,39911,30706,2803
sh600521,4462,1428,0
sz002137,1816,0,0
sh600383,68136,57990,2922
sz002728,0,0,0
sz000587,14036,3090,0
sh601908,7974,0,0
sh600883,0,0,0
sh600232,0,0,0
sh603708,1228,554,0
sz002780,1630,0,0
sh601918,0,0,0
sh603738,0,0,0
sz000996,37475,38301,2073
sh601668,406945,496058,12944
sh601566,0,0,791
sz002329,0,0,0
sz300135,3412,0,0
sh603007,996,8888,0
sz000929,1688,0,0
sz300575,0,0,0
sz000887,9967,8691,0
sz300095,1670,0,0
sh600595,10607,0,0
sz002820,0,0,0
sz300229,0,0,0
sz300695,0,0,0
sz002796,0,0,0
sz000520,6329,0,0
sh600609,0,0,0
sh600178,0,0,0
sz002305,0,0,0
sh603023,0,0,0
sz002133,0,0,0
sh600300,0,0,0
sz002330,1578,0,0
sz000526,0,0,0
sz002438,0,0,0
sz300451,18520,9735,409
sz300403,0,0,0
sh603331,0,0,0
sh600722,0,0,0
sh600620,0,0,0
sz002291,0,0,0
sh603345,0,0,0
sh601179,3000,4000,0
sh603186,0,0,0
sz000620,0,0,0
sz002585,0,0,0
sh600368,0,0,0
sh600662,0,0,0
sh603277,0,0,0
sz002462,0,0,0
sh601011,6519,0,0
sz300514,2135,1684,0
sh600740,104126,126484,14625
sh600967,3041,1000,0
sz002298,0,0,0
sh600575,0,3500,0
sz002747,0,0,0
sz300602,0,0,0
sz002895,986,1077,0
sh603958,0,0,0
sh600647,0,0,0
sh600096,0,0,0
sz300017,121419,56405,1287
sh603269,0,1641,0
sz002562,925,0,0
sz300450,4441,1399,217
sz300257,0,0,0
sz002348,0,0,0
sh601007,0,0,0
sz300147,1837,0,0
sh603737,0,0,0
sh603628,0,0,0
sz000686,0,0,0
sz000419,0,0,0
sh600872,426,0,560
sh603136,0,0,0
sh600027,10923,11920,0
sz300402,0,6035,0
sz000679,0,0,0
sz300413,9567,2383,0
sz000402,4711,14824,0
sh600716,0,0,0
sh600783,0,0,0
sh600505,0,0,0
sz300573,0,0,0
sh603757,0,0,0
sh600764,0,0,0
sz002736,2578,8504,0
sz300052,0,0,0
sh600081,0,0,0
sz002300,0,0,0
sh603322,0,0,0
sh600677,0,0,0
sz300321,0,0,0
sz000885,0,0,0
sz002469,0,0,0
sh601599,0,0,0
sh600679,0,0,0
sz300260,0,0,0
sh603477,0,0,1345
sh603996,7653,2250,0
sz300031,0,0,0
sh603488,0,670,0
sz300638,0,0,0
sh603268,0,0,0
sz002339,0,0,0
sh600862,0,0,0
sz300726,0,0,0
sz002709,9075,4710,471
sh600171,15094,2099,0
sz002920,3133,3057,0
sz300243,1287,0,0
sz000880,0,0,0
sz002140,0,0,0
sz000936,0,0,0
sh600321,0,3461,0
sz002654,0,0,0
sh600694,731,2817,0
sh603909,0,0,0
sz300670,0,0,0
sh603180,214,0,0
sh600622,0,820,0
sz000851,0,0,0
sz000933,42287,15604,0
sh603099,0,0,0
sh600269,4503,0,0
sz300717,0,0,0
sz002279,8432,1331,0
sh603588,0,0,0
sz300115,2651,4992,0
sh600322,0,0,0
sh603688,0,0,0
sz000983,16934,33904,0
sz300462,0,0,0
sh600329,0,0,0
sh603039,259,371,0
sz000922,0,0,0
sh603926,0,0,0
sz300061,783,792,0
sz300302,0,0,0
sh600083,0,0,0
sz002860,0,0,0
sz000630,44517,23670,0
sz002597,4981,3747,0
sh600785,0,0,0
sh601228,8574,0,0
sz002319,8015,0,0
sh601108,16168,8102,934
sz000710,0,690,0
sz002293,0,0,0
sh600586,0,0,0
sz300521,0,0,0
sz000718,0,8134,0
sh603861,0,0,0
sz300079,0,2957,0
sz300422,0,0,0
sh600152,0,0,0
sh600775,0,0,0
sh601555,10210,2951,0
sz300625,0,0,0
sh603661,0,0,0
sh600008,7051,2999,0
sh603003,0,0,0
sz300179,0,0,0
sz300478,0,0,0
sz000980,0,0,0
sz002284,0,0,0
sz300459,0,0,0
sz300265,0,0,0
sz002671,0,0,0
sz002185,71991,43381,0
sh603848,0,0,0
sz002668,501,510,0
sz002118,9579,5090,0
sz000786,15981,15748,865
sh603518,0,0,0
sz002832,0,0,0
sz300692,0,0,0
sh600579,0,1883,0
sz002762,0,0,0
sz002454,0,0,0
sz300137,777,2544,0
sz300367,2751,2875,0
sz300190,0,0,0
sh603908,0,0,0
sz000938,577,415,0
sz002430,5094,1885,0
sz300517,0,0,0
sz300276,0,0,0
sz000802,0,0,0
sh600462,0,0,0
sh603009,1326,0,0
sh603600,0,0,0
sz300172,0,0,0
sz300170,31669,38678,0
sz002612,0,0,0
sz002640,8883,3581,2006
sh603368,0,0,0
sz002230,77369,53809,3727
sh600192,0,0,0
sz000514,0,0,0
sz000967,0,0,0
sz002204,0,0,0
sz300606,0,0,0
sz300439,0,0,0
sh603416,0,0,0
sh600348,18743,12029,0
sz300099,0,0,0
sz300192,0,1739,0
sz300608,0,0,0
sh600260,2133,13017,0
sz000610,0,0,0
sh603690,0,0,0
sh600652,1700,1684,0
sh603569,0,0,0
sh600252,2856,9890,0
sh600048,585381,589336,47524
sh601567,0,0,0
sz300720,0,0,0
sh603668,0,0,0
sh603912,0,0,0
sh600603,0,0,0
sz000401,8857,3225,0
sh601390,41697,60121,1545
sz300084,0,0,0
sh603505,0,0,0
sz300735,0,2424,0
sh600358,0,0,0
sh603197,0,0,0
sz000875,0,0,0
sz000607,0,0,0
sz002496,23106,25479,0
sh600456,591,0,0
sh603991,0,0,0
sh600769,0,0,0
sz000333,101137,75435,7213
sh600360,7747,3900,0
sz300108,0,0,0
sh600307,30058,31368,0
sh600390,3730,4742,0
sh601098,0,4757,0
sz300318,0,0,0
sz300165,0,0,0
sz300414,0,0,0
sh600195,0,0,0
sz002527,0,0,0
sh600867,16389,2673,457
sz002149,0,0,0
sz000719,0,0,0
sz002315,0,0,0
sz000823,13923,3783,0
sh600997,2000,2012,0
sz002181,0,0,0
sz002223,516,1024,0
sz300196,0,0,0
sz002338,0,0,0
sh603959,594,0,0
sh600338,688,351,0
sh601799,235,0,0
sz300019,0,0,0
sz000576,733,0,594
sz000888,3232,0,0
sz002056,1191,0,0
sz002407,10848,3213,0
sz300622,0,0,0
sz000937,2875,0,0
sz300027,90778,52161,7458
sz300104,465645,620725,33592
sh600506,0,0,0
sz300647,0,0,0
sh603689,0,0,0
sh603665,0,286,0
sz002258,7417,1269,0
sz002755,0,0,0
sh603228,522,2221,0
sh600149,0,0,0
sh603816,987,1947,0
sz002785,0,0,0
sz300245,0,0,0
sz300087,0,0,0
sh603920,0,0,0
sh600594,2224,1631,0
sz300387,0,0,0
sz002792,1100,0,0
sz300430,0,0,0
sz300274,12839,2955,1538
sz300188,8182,6497,0
sz002549,0,0,0
sh600835,14068,3945,0
sz002139,0,4954,0
sz002824,0,0,0
sh600023,3454,11941,0
sz002409,0,555,0
sh600063,0,0,0
sz000928,0,0,0
sh600838,0,0,0
sz002418,48255,7696,0
sz300024,3756,0,0
sh600774,0,0,0
sh600234,0,0,0
sz300633,0,0,0
sz000572,0,0,0
sh600038,809,2157,0
sz300663,551,2184,0
sh600645,581,1218,0
sh600516,264630,196478,23906
sh600062,0,1314,0
sz300262,0,0,0
sh600981,0,0,0
sz002428,1126,3896,0
sz300419,1514,0,0
sz002859,0,0,0
sz002240,2678,0,0
sz300261,0,0,0
sz002782,0,0,0
sz002424,0,3507,0
sz000026,1379,0,0
sh600452,0,0,0
sh603399,0,0,0
sz300528,0,0,0
sz300286,0,0,0
sz300581,0,796,0
sz002908,485,0,0
sz000582,0,0,0
sh600398,23180,28538,1127
sh600845,9529,1588,0
sh600885,2453,312,0
sh600757,0,0,0
sz002277,2440,0,0
sz300415,0,0,0
sz300014,31714,26256,3086
sz300248,0,0,0
sz002798,0,0,0
sz002079,0,2165,0
sz002912,788,0,0
sz000785,0,0,0
sh600639,0,0,0
sz002730,0,0,0
sz002264,4240,0,0
sz300591,0,0,0
sz002216,0,0,0
sz300376,0,0,0
sz002303,0,0,0
sh600919,42668,56500,0
sz002120,0,300,0
sz002528,0,0,0
sh600825,0,0,0
sh601211,23999,50186,2457
sh600101,0,0,0
sz002018,38711,33181,5020
sz000551,0,0,0
sz000676,0,0,0
sz300191,546,0,0
sz002466,151581,76210,12065
sz002188,0,0,0
sh603077,42750,69285,0
sh600025,32131,24013,0
sz300447,0,0,0
sz002044,7211,7833,0
sz002458,4434,10112,0
sh600313,146428,130254,0
sz002415,71237,55372,3104
sh603839,0,0,0
sh600917,0,1579,0
sh600993,0,0,0
sz002316,0,0,0
sz002581,0,0,0
sz002283,0,0,0
sh600186,43705,81703,0
sz002080,0,0,0
sh600680,0,0,0
sz300322,4960,2204,0
sz300082,0,0,0
sz300463,0,0,0
sz300309,0,0,0
sh603901,0,0,0
sh600355,137678,65621,0
sh601118,4892,2165,0
sz000525,2916,665,0
sz300382,2950,0,990
sz002414,817,0,0
sz002803,0,0,0
sz002827,0,0,0
sh603086,0,0,0
sz002917,690,684,0
sh600875,29146,20718,0
sz002368,2590,2036,0
sz002564,0,0,0
sh600310,0,0,0
sz000883,2347,0,0
sh600176,24358,17443,1906
sh603716,0,0,0
sh600461,0,0,0
sz300074,0,0,0
sz002434,0,38360,0
sh600058,0,0,0
sz002435,0,0,0
sz000661,5782,3219,0
sz300590,0,0,0
sz002007,0,400,0
sz300092,1618,0,0
sh600732,0,0,0
sz002244,11910,2003,0
sz300075,0,0,0
sz300510,0,0,0
sz000848,4191,0,0
sh603360,0,0,0
sz000708,0,0,0
sz000829,0,0,0
sz002099,0,0,0
sh600558,0,0,0
sz000638,0,0,0
sz002211,1753,1985,0
sz300664,922,0,0
sh603128,1418,0,0
sz000800,2376,3233,0
sz300349,1086,997,0
sh600879,3950,0,0
sz000150,0,0,0
sz002906,0,0,0
sh600287,0,0,0
sz000567,500,0,0
sz002226,0,2625,0
sz300176,0,183,0
sz000721,0,0,0
sh603838,0,0,0
sz000731,4374,1475,0
sz300548,0,0,0
sh600061,0,0,0
sz000633,3263,0,4105
sh600259,352,0,0
sz300677,1926,6481,0
sh600449,0,3377,0
sz000619,0,0,0
sh600007,0,0,0
sh600724,0,0,0
sh603527,0,0,0
sz300658,0,0,0
sz300171,0,0,0
sz300705,0,0,0
sz002391,0,0,0
sz002743,0,0,0
sh600406,11568,7566,1312
sh600873,3221,7105,0
sh603113,0,0,0
sh603199,0,0,0
sh603611,0,0,0
sz000963,4265,2077,0
sh600834,0,0,0
sh603320,0,0,0
sh600546,2632,0,0
sz300131,0,0,0
sh601929,30160,10074,0
sz002289,0,0,0
sz002389,0,0,0
sh603880,0,0,0
sz300221,1500,0,0
sh600463,2659,0,0
sz000023,0,0,0
sz002551,0,0,0
sh600225,0,0,0
sh600689,0,0,0
sh601177,0,0,0
sz002146,143738,161263,1582
sz300509,0,0,0
sh600773,0,0,0
sz000050,25793,3141,0
sz000811,0,0,0
sz002254,2500,0,0
sz000988,0,792,0
sh600107,2574,0,0
sh600637,679,753,0
sh601700,0,0,0
sh600854,3000,0,0
sz300553,0,0,0
sh603260,3498,3347,526
sh601366,0,0,0
sz001896,0,0,0
sh600246,0,3300,0
sz002248,0,0,0
sz000899,0,0,0
sz300721,0,471,0
sz002630,0,0,0
sh600059,0,0,0
sz002599,0,0,0
sz002059,0,0,0
sz000568,25942,15563,1749
sz002533,0,0,0
sh601126,0,0,0
sz002245,30485,2509,0
sz000989,1251,7061,0
sh603701,0,0,0
sz300582,0,0,0
sh603337,0,0,0
sz300241,1079,870,0
sh600210,0,3767,0
sz300502,458,0,0
sh600346,7677,16160,0
sz300118,0,0,0
sz000799,2256,1341,0
sh603885,0,0,0
sh600661,0,0,0
sz002091,0,0,0
sz002239,0,0,0
sh600999,10865,25990,0
sz300583,0,0,0
sz002093,0,0,0
sh601158,0,0,0
sh600509,0,0,0
sh600828,3010,0,0
sz002535,0,0,0
sh603833,661,609,0
sz300166,61940,44689,1694
sz002081,6513,2678,787
sz002812,710,1213,0
sh600009,3300,6295,0
sz300107,32773,23868,8483
sz002693,0,0,0
sz300487,18119,23589,455
sz002456,116619,86389,5886
sz300199,0,0,0
sh600976,0,0,0
sz300577,0,0,0
sh600188,46369,52082,2434
sz300329,0,0,0
sz002735,0,0,0
sz002127,13245,11359,0
sh600351,0,0,0
sh603319,0,0,0
sz002828,0,0,0
sz000952,0,0,0
sz300224,0,1600,0
sz300194,0,0,0
sz002752,1626,0,0
sz300332,0,0,0
sz300473,0,0,0
sz002818,0,0,0
sh600502,0,3811,0
sh600066,38202,31341,549
sh600778,0,0,0
sh603079,7897,533,293
sz002769,0,0,0
sh603960,0,0,0
sh601900,0,0,0
sz300255,0,0,0
sz300313,0,0,0
sz002497,38458,41320,8331
sh600231,0,0,0
sz002657,810,0,0
sz002171,5178,2352,0
sh600525,10650,6578,0
sh601788,87042,15393,0
sh600654,0,0,0
sz300206,0,0,0
sh600545,0,0,0
sz000099,0,0,0
sz002108,8145,1096,0
sz002556,7755,3398,0
sz002307,2870,0,0
sh603306,0,0,0
sh600438,47248,58086,0
sz002821,200,0,0
sh603859,0,0,0
sz002638,0,0,0
sz000688,12969,12915,0
sz002516,1945,0,0
sz002006,0,0,0
sh600191,0,0,0
sh600381,3414,0,0
sz300529,0,1649,0
sh603789,813,0,0
sz000915,1004,961,0
sh601952,1330,850,0
sh603330,0,0,0
sh600705,18889,13122,0
sh600894,0,0,0
sz000856,960,673,0
sh600532,0,0,0
sz002683,0,0,0
sz002446,0,0,0
sz000839,25756,8248,0
sz000529,0,0,0
sh600548,0,0,0
sz000609,0,0,0
sz300546,0,0,0
sh601985,11834,29887,0
sh603356,36848,60025,2815
sz000913,800,0,0
sh600896,0,0,0
sz002563,1270,1138,0
sz002642,6346,3421,0
sz300212,19275,4729,722
sh600742,0,0,0
sh600380,0,0,0
sz002722,0,0,0
sh600667,7232,6844,0
sz300148,6334,7043,0
sh600155,0,0,0
sh603717,0,0,0
sz000779,0,0,0
sh600280,0,0,0
sh601808,3101,9861,0
sz002320,1919,3610,0
sz300354,0,0,0
sz002567,0,0,0
sh601231,3089,2051,0
sh603328,0,2723,0
sh600199,0,0,0
sh603938,0,0,0
sh603919,0,0,0
sz000776,41662,63847,812
sz000713,4133,0,0
sh603895,0,23980,0
sh600097,0,0,0
sh600864,0,0,0
sz002371,11903,6233,0
sh603096,0,248,0
sh600698,0,0,0
sh603817,0,1600,0
sh600133,1257,0,0
sz002317,0,0,0
sh600710,0,0,0
sh601333,14250,40130,0
sz002356,0,0,0
sh600189,0,0,0
sh603558,0,0,0
sz002034,0,0,0
sz000636,26631,16428,0
sh600744,0,0,0
sh603589,3238,1208,429
sz002503,0,0,0
sz000801,3803,9052,0
sh600692,0,0,0
sz000622,0,0,0
sz002236,62672,57145,3434
sh600265,0,0,0
sz002919,0,0,0
sz300468,0,0,352
sh600488,0,0,0
sz000981,0,0,0
sh601866,0,0,0
sz000670,10960,0,0
sz002003,0,0,0
sz000722,0,0,0
sh600498,5663,4312,0
sh600386,0,0,0
sz002156,12104,7155,0
sh600326,0,1210,0
sz300628,423,0,0
sz002915,919,0,351
sz300044,10553,1663,0
sh603922,0,0,0
sh600029,403386,333194,21251
sz300644,0,0,0
sz002281,4054,4346,0
sz002444,974,1938,0
sz300505,0,0,0
sh603131,0,0,0
sz300125,0,0,0
sh600333,0,0,0
sh601890,0,0,0
sz002878,1751,0,0
sh603987,0,0,0
sh603999,1530,0,0
sh603380,0,0,0
sz002184,0,0,0
sz002233,0,3054,0
sz300660,0,0,0
sz000404,5063,0,0
sh600868,0,0,0
sz000062,625,0,0
sh600068,36448,38964,2196
sz002095,2801,2539,0
sz002395,0,0,0
sz002566,0,0,0
sh600289,0,0,0
sz002151,3995,1352,0
sh600589,0,0,0
sz002252,1091,3000,0
sh603311,0,0,0
sz002886,0,555,0
sz002380,0,0,0
sh600796,0,0,0
sh601677,2678,0,0
sh601016,15298,0,0
sh600818,2380,1058,0
sh600353,0,13574,0
sz002362,844,1951,0
sz300184,0,0,0
sz002344,0,0,0
sh603826,0,0,0
sz002508,5191,1978,0
sz300718,0,305,0
sz300624,8417,6280,2150
sh600173,0,0,0
sh603636,0,0,0
sz000504,450,1006,0
sh603022,0,0,0
sz300338,0,0,0
sz002486,6147,0,0
sz002706,0,0,0
sh600871,32924,9630,0
sz002625,0,0,0
sz002643,4138,1163,0
sh600054,0,0,0
sz300671,0,0,0
sz002272,0,0,0
sz000632,0,0,0
sz300219,3933,2834,0
sz000063,202278,150106,4409
sh603868,0,0,0
sz300126,0,0,0
sh600075,0,0,0
sz300231,1422,0,0
sh603599,0,0,0
sz300336,975,1533,0
sz300497,0,0,0
sh601088,74562,76688,2700
sz000881,0,0,0
sh603456,6859,3560,0
sz000760,0,0,0
sh601008,2903,0,0
sh600242,3206,3808,0
sz002588,1611,0,0
sh600466,12381,10232,0
sh603196,0,0,0
sh601169,63795,31005,0
sh603081,0,0,0
sz002884,0,0,0
sh601899,754115,583686,0
sh600703,110318,66463,2369
sz000733,1032,0,0
sz300144,3963,1551,538
sh600903,28582,12952,4009
sz002035,1170,1186,420
sz001965,0,1349,0
sh600995,0,0,0
sz002310,3339,3617,0
sh603980,0,0,0
sz002614,0,0,0
sz002684,0,0,0
sz000155,88151,104684,0
sz000810,0,0,0
sz002472,0,0,0
sz000009,2000,15318,0
sz002119,0,0,0
sz002595,0,0,0
sh600020,6464,6070,0
sz000669,0,0,0
sz000637,0,0,0
sz002811,0,0,0
sz002680,0,0,0
sz000400,2500,0,0
sh603056,21145,16324,494
sh600158,2218,7161,0
sz000038,0,0,0
sz002002,1543,18414,0
sz300328,0,0,0
sh603617,0,0,0
sz300180,2525,1088,0
sh603383,0,0,0
sz002205,0,0,0
sh600215,1579,0,0
sh600570,13408,5394,569
sz300586,16809,11379,394
sz300690,0,0,0
sz002830,0,0,0
sz000709,58851,59573,0
sh601226,0,0,0
sh603516,0,1889,0
sz300732,501,0,0
sz002899,0,0,0
sh600183,20461,22533,0
sz300346,0,0,0
sz300597,0,0,0
sh600021,1401,0,0
sh601163,0,0,0
sz300218,0,0,0
sz000498,0,0,0
sh600882,0,0,0
sz002521,2163,0,0
sz002057,9388,0,0
sz000004,0,0,0
sh603177,0,0,0
sh601113,7172,0,0
sz002328,0,0,0
sh600403,0,0,0
sh603305,438,0,0
sz300200,0,0,0
sh600405,0,0,0
sz300549,0,0,0
sz300406,0,0,0
sz002173,1038,0,0
sz002008,34830,18530,1379
sh600077,0,0,0
sz000971,0,0,0
sh600874,0,0,0
sh603326,0,0,0
sh603799,77768,41868,4887
sh600372,0,0,0
sz000720,0,0,0
sh600939,0,0,0
sh600823,9833,27472,0
sh600018,32995,36097,0
sh600713,0,0,0
sz002217,1519,1322,0
sz300421,0,0,0
sz002819,0,0,0
sz300651,0,0,0
sh603767,0,0,0
sh603721,0,0,0
sh601099,13158,41423,0
sz002514,0,0,0
sz002795,0,0,0
sh600824,0,0,0
sz002193,0,0,0
sh600702,5445,10480,0
sh603679,0,0,0
sh600039,2800,0,0
sh600721,0,0,0
sh603030,0,0,0
sh600598,4115,5773,1645
sh600567,46876,37268,7570
sz000850,0,0,0
sz002396,754,1201,0
sh603203,0,0,0
sh603855,0,0,0
sh600977,809,938,0
sz300496,2405,0,0
sz000685,0,0,0
sh600373,0,0,0
sh600091,0,0,0
sz300516,0,0,0
sz300390,0,0,0
sz000005,0,0,0
sz000982,3586,13992,0
sz000993,0,0,0
sh603969,0,0,0
sz000158,0,0,0
sh600615,0,0,0
sz002465,10890,12229,2644
sz002916,5517,7325,170
sh600966,2142,10604,0
sh603496,0,0,0
sz000697,0,998,0
sh600578,0,0,0
sz300693,0,0,0
sh603198,0,0,0
sz002725,0,0,0
sh603519,0,0,0
sz300294,3500,0,0
sz000625,1499,9711,0
sh603316,0,0,0
sz000591,2131,0,0
sh603110,0,0,0
sh601398,1235791,956036,28763
sh603676,0,0,0
sz300719,0,0,0
sh600889,0,0,0
sz300036,5180,0,0
sh600811,5241,0,0
sz002590,0,0,0
sh601009,152488,130165,6927
sh600701,0,1528,0
sz300157,7286,29013,4453
sh600660,990,1452,0
sh600536,3485,0,0
sz000417,0,1602,0
sh600070,0,0,0
sz300360,0,0,0
sz000561,0,0,0
sh600033,0,0,0
sz002572,2350,2945,0
sz002468,9492,0,0
sh600193,0,0,0
sz300541,0,0,0
sh601339,9218,5975,0
sz002365,1347,0,0
sz000869,300,320,0
sz002823,0,0,0
sh603966,0,0,0
sz002116,0,0,0
sz000782,0,0,0
sz300697,0,0,0
sz002441,0,0,0
sh600855,2984,3166,0
sz002170,2900,2245,0
sh603010,0,0,0
sz002261,0,4412,0
sh600131,0,0,0
sz300105,0,0,0
sz002487,0,0,0
sz002478,17519,2008,0
sz000886,0,5315,0
sh603811,0,0,0
sh601558,0,8179,0
sz002698,0,0,0
sz300680,0,0,0
sh600125,2515,4245,0
sh600363,0,0,0
sh600657,2000,2447,0
sh600327,0,0,0
sz300054,3000,0,0
sh600071,0,0,0
sh600250,0,0,0
sh600518,11937,3353,0
sz300666,687,640,326
sh600684,0,2030,0
sh603393,0,0,0
sh600602,0,0,0
sh603963,0,0,0
sz002148,1792,0,0
sz002649,0,1076,0
sz000917,0,3728,0
sz000065,0,0,0
sz002011,0,0,0
sz000010,0,0,0
sh603387,0,0,0
sz001696,0,0,0
sh600699,4583,5079,0
sz002837,5930,8718,0
sz002201,0,0,0
sz000739,0,0,0
sh600175,5324,53940,0
sh600110,34469,16650,0
sh600148,0,0,0
sz000573,0,0,0
sz300556,0,0,0
sz000611,6530,2081,0
sz002847,0,0,0
sh603499,982,3626,0
sz002475,45141,26757,1487
sz002086,225823,51524,6662
sz002322,1106,30406,1204
sz300493,0,0,0
sz002043,2985,2168,0
sz002864,0,0,0
sh600839,16656,9710,0
sz000797,0,0,0
sz000949,0,0,0
sh603928,0,0,0
sz000639,0,671,0
sh603777,0,0,0
sz002390,3213,28664,0
sh600890,0,0,0
sz002394,0,0,0
sh600739,2679,0,0
sh601326,0,0,0
sz300484,0,0,0
sh600200,0,0,0
sh600820,0,0,0
sz300303,21399,3677,0
sh600379,0,0,0
sh600361,0,0,0
sz002474,3247,0,0
sz300440,0,0,0
sz300021,3302,4489,0
sz002249,0,0,0
sz000059,3193,7356,0
sh603585,0,0,0
sz002774,0,0,0
sh600198,4129,2089,0
sz000014,0,0,0
sz300207,1300,2222,0
sh603788,0,0,0
sz002425,0,0,0
sh600370,0,0,0
sz000596,1873,1195,0
sz300284,0,0,0
sh600758,0,0,0
sh600012,1000,0,0
sh601636,40873,30521,0
sz002518,0,0,0
sh600571,0,0,0
sz002876,600,2078,0
sh600681,0,0,0
sh601328,390542,455721,8098
sz300431,18951,14052,0
sh601139,0,0,0
sz000416,0,0,0
sz300319,0,0,0
sz002152,11003,1500,0
sz300078,0,1400,0
sz300494,0,0,0
sz300226,12523,19246,1157
sz000701,0,0,0
sh600371,0,0,0
sz300244,0,0,0
sz002611,0,0,0
sz002178,23038,0,0
sz300057,0,0,0
sz002494,0,0,0
sz300610,0,0,0
sz300160,0,0,0
sz300523,393,0,0
sh600105,0,0,0
sz000553,0,1000,0
sh603580,0,0,0
sh600258,1555,5554,0
sz000858,136874,114713,15006
sz300429,420,0,0
sh600653,10000,70127,0
sz002376,28075,55469,789
sz000803,0,0,0
sh600802,0,0,0
sz002488,1000,0,0
sh603800,0,0,0
sh603168,0,0,0
sh600900,15305,29595,708
sz000918,1851,0,0
sh600563,4528,4846,0
sz300347,2470,3156,0
sh603101,0,0,0
sh601800,800,4583,0
sz300168,35417,8424,2405
sh603683,0,0,0
sz002750,0,0,0
sh600503,2000,0,0
sz002539,0,0,0
sz002355,0,0,0
sz300678,0,860,0
sh603179,0,0,0
sh600153,2864,2925,0
sh600551,0,0,0
sh600377,1343,0,0
sz300012,0,0,0
sh600673,82206,45717,10005
sz002038,1521,1636,0
sh600400,2000,3072,0
sz002373,0,4698,0
sz002019,18387,2421,1003
sz000978,0,0,0
sh603619,1421,0,0
sh603608,0,0,0
sh603555,5279,3533,0
sh603466,1541,207,202
sz300314,0,0,0
sz300587,0,0,0
sz000759,1332,0,0
sz000680,0,2700,0
sz300469,0,0,0
sh603888,543,0,0
sz002882,0,0,0
sh603389,0,0,0
sz002021,0,0,0
sz000078,0,0,0
sz002237,0,4862,0
sz300482,0,0,0
sz002164,0,0,0
sz300620,0,0,0
sh601028,0,0,0
sz002655,0,0,0
sh603877,1350,1312,0
sz002155,0,1273,0
sz000909,0,0,0
sz300729,0,787,0
sh600108,10705,0,0
sz002061,8510,1590,0
sz300723,356,1103,0
sh600369,3307,0,0
sz300068,15708,3050,1211
sh600970,9165,10412,0
sz300561,0,0,0
sh600747,5000,5247,0
sh603385,0,0,0
sh600780,0,0,0
sz300345,0,0,0
sz300683,0,0,0
sz002498,5000,0,0
sh601928,0,0,0
sh600859,1471,0,0
sz000159,0,0,0
sz000524,0,0,0
sh603158,0,0,0
sz002114,0,0,0
sz002049,16580,10305,335
sz000043,0,0,0
sh600683,0,0,0
sz002542,0,0,0
sz002379,0,0,0
sz300369,39633,3579,0
sh600409,25884,30339,1163
sh600228,0,0,0
sz002907,11210,12688,0
sh603035,829,0,0
sz002202,31490,30391,0
sh603883,640,0,0
sh600115,155362,139996,5158
sh603881,0,0,0
sz300434,0,0,0
sz000795,0,0,0
sz002877,0,0,0
sh603377,0,0,0
sz002808,0,0,0
sz002766,0,0,0
sz002473,0,0,0
sh601801,0,0,0
sz002772,0,0,0
sz002845,0,0,0
sz002341,0,472,0
sh603005,400,0,0
sz002677,0,0,0
sh603607,0,0,0
sz002883,0,0,0
sz300204,0,0,0
sz002815,1879,10734,533
sh601618,12087,2500,0
sh600312,0,0,0
sh603157,0,0,0
sz002304,11584,7100,522
sz002626,14217,7437,2076
sz300344,1429,0,0
sh601727,0,0,0
sz002615,0,0,0
sz002603,0,0,0
sh600675,0,0,0
sz002167,5191,6249,0
sh603586,0,0,0
sh600470,0,0,0
sh600691,3828,0,0
sh603578,4456,818,0
sz002294,1234,1533,602
sh601377,13969,16124,2960
sz002635,6668,3324,0
sz000822,3509,0,0
sz300448,0,0,0
sh600727,0,0,0
sh603363,1227,2823,0
sh600884,61545,26883,1395
sz000425,124657,111042,0
sh601233,28511,23672,1864
sz002030,1118,0,0
sh600422,0,2000,0
sz002015,4767,5514,6074
sz002887,0,0,0
sh600240,0,0,0
sh600006,3532,0,0
sz300707,0,0,0
sz300384,600,0,0
sz300106,2496,3400,0
sh601100,567,0,0
sz300072,10242,10192,1171
sz300603,528,813,0
sh600271,5922,6319,0
sh600318,0,0,0
sz002695,0,0,0
sh600301,0,0,0
sz002781,0,0,0
sz300567,0,0,0
sh600812,0,0,0
sh603896,0,0,0
sz000990,0,0,0
sz300117,0,0,0
sz000723,0,0,0
sh603729,0,0,0
sh603098,0,0,0
sh600760,3647,2560,0
sz300426,1229,1438,0
sz300689,0,0,0
sz300485,0,0,0
sz000011,0,0,0
sz300508,0,0,0
sz002530,0,0,0
sz002873,0,0,0
sz300542,0,0,0
sz002628,0,0,0
sz002426,2079,0,0
sh600177,0,5187,0
sh600986,2160,0,0
sz300668,154,0,0
sz000597,3041,0,0
sh601208,0,0,0
sz002594,10161,4118,267
sz002306,7645,3198,0
sh600723,0,0,0
sz002153,7441,7192,0
sz002660,0,0,0
sh603025,780,0,0
sz300445,0,0,0
sh603106,0,0,0
sh603501,502,668,0
sz300253,82543,61788,5213
sz002587,0,0,0
sz300101,22114,32145,0
sh600275,2559,0,0
sz002432,0,0,0
sz300011,0,0,0
sh600082,0,2300,0
sh601989,110358,121580,0
sh600196,38631,20400,639
sz300604,1900,867,0
sh603229,0,0,0
sz300183,1657,1134,0
sh603027,0,620,0
sz000301,2014,3826,0
sh601996,0,6591,0
sh600814,0,0,0
sz002658,0,0,0
sz000809,0,3357,0
sh600116,0,0,0
sh600035,5072,0,0
sz002269,0,3828,0
sz002068,6587,0,0
sz000902,2551,0,0
sh600611,0,0,0
sh600880,0,0,0
sh600305,1000,0,0
sz300547,1562,423,246
sh600477,0,2000,0
sh603798,0,0,0
sz002547,37404,24166,10223
sz300513,0,0,0
sh601212,0,0,0
sh600557,0,0,0
sz000893,0,1954,0
sz300331,0,0,0
sz300527,0,0,0
sh603776,0,200,313
sh603866,0,0,0
sz300731,0,0,0
sz002637,0,0,0
sh600876,0,0,0
sz300673,0,0,0
sh603609,0,0,0
sh603090,0,0,0
sh600630,0,0,0
sz300738,5101,3844,943
sz300175,0,10000,0
sz300185,26332,207049,0
sz300155,27747,6872,7312
sh603933,0,0,0
sz000969,0,0,0
sz002048,2042,0,0
sh600302,0,0,0
sh600982,0,0,0
sz300013,3370,0,0
sh603508,0,0,0
sh603167,0,0,0
sz002025,615,522,0
sz300097,5171,725,0
sz002078,40948,25567,0
sh600146,16424,9552,1500
sh600079,8253,1786,1001
sh600299,0,0,0
sh601633,0,5772,0
sh603726,0,0,0
sh600197,4959,3533,539
sh600971,6505,11990,0
sz000430,0,0,0
sz300252,2556,0,0
sz002558,0,0,0
sz300525,0,0,0
sh600489,6435,5129,2189
sz002515,0,0,0
sh600017,0,0,0
sz002242,0,0,0
sh603169,0,0,0
sz300627,0,0,0
sh600628,0,0,0
sh600283,3563,1898,0
sz300699,1155,301,0
sh600119,0,0,0
sz000815,1000,0,0
sz000028,943,0,0
sz000560,0,0,0
sz000665,0,0,0
sh601689,0,0,0
sz002705,0,0,0
sz300018,0,0,0
sz002629,0,0,0
sz300559,0,0,0
sh601881,15972,18323,0
sz300397,0,0,0
sh601688,90076,109015,2209
sz002405,22424,13987,870
sz000833,0,0,0
sz002020,0,0,0
sh600220,16568,0,0
sh601199,0,0,0
sh603801,687,1075,0
sh603899,0,0,0
sz000571,0,0,0
sh600636,2831,1275,0
sh600708,0,1500,0
sz300592,0,0,0
sh603860,0,0,0
sz300113,55983,36090,1862
sh600362,51949,94558,854
sz300737,6634,7732,626
sh600958,1792,14823,1010
sz002166,0,0,0
sh600261,0,0,0
sz002101,0,0,0
sz002461,0,0,0
sz300368,0,1657,0
sz002332,0,0,0
sz002017,0,0,0
sz000725,2597478,1648252,6432
sz002270,0,0,0
sz002557,0,788,0
sz300214,0,0,0
sz002295,0,0,0
sh603559,3549,0,0
sh600100,1325,1936,0
sz002286,0,0,0
sh600847,0,0,0
sz002745,299,0,0
sz002102,6878,2758,0
sz000890,0,0,0
sz002347,0,0,0
sz002746,0,0,0
sh600527,21127,2508,0
sz300520,0,2112,0
sz000908,0,0,0
sz300599,0,0,0
sz002404,0,0,0
sz002416,0,2336,0
sh603078,568,242,0
sz000090,3059,0,0
sz300550,0,0,0
sz002385,3625,6650,0
sh601966,4605,2487,0
sz300316,20006,14818,0
sh600099,0,0,0
sz300665,0,0,0
sz300394,0,0,0
sz002665,0,0,0
sz002664,4718,0,1583
sh601939,333681,360274,1849
sz000970,6840,1538,0
sz300323,18354,5977,0
sz000002,85350,67093,5586
sz002401,0,0,0
sz002016,8166,5360,0
sh601117,1792,8762,0
sz300039,0,0,0
sz000617,0,0,0
sz300725,1327,757,0
sz300623,0,0,0
sh600731,0,0,0
sh603036,0,0,0
sz002708,0,0,0
sz000715,0,0,0
sh600468,2325,0,0
sh603803,0,0,0
sh600909,1404,1580,0
sh600741,7921,3946,0
sz002652,0,0,0
sz000826,3297,3572,0
sz300437,0,0,0
sh600397,0,0,0
sh600980,0,0,0
sh600860,0,0,0
sz000521,0,0,0
sh600475,902,0,0
sz300181,0,0,0
sh600533,0,0,0
sh600559,2198,885,1334
sh600897,0,1773,0
sh603227,0,0,0
sz000407,0,0,0
sz002135,0,0,0
sz300059,444692,342858,25180
sh603288,1533,727,0
sh603396,0,0,0
sh600103,0,0,0
sz300008,0,0,0
sz300632,0,0,0
sz000998,6840,2751,484
sz002690,0,0,0
sz002605,0,0,0
sz002243,0,0,0
sz000628,2221,10099,2644
sz002499,795,0,0
sz300499,0,0,0
sh600278,0,0,0
sz002633,0,0,0
sh600316,0,0,0
sz300022,0,2638,0
sh603990,0,0,0
sz300702,0,0,0
sh600052,3022,0,0
sz002463,20646,4742,0
sh600090,8197,3028,0
sh600590,0,0,0
sh603016,3735,6928,0
sz300307,0,0,0
sh600765,0,1154,0
sz000852,0,0,0
sh603181,0,0,0
sh600756,1430,0,0
sz002452,0,0,0
sz000931,2000,2164,0
sz300613,411,167,0
sh601015,0,3766,0
sz000025,0,0,0
sz300572,0,0,0
sh603828,0,0,0
sz000532,0,0,0
sz000767,0,0,0
sz000530,0,0,0
sz300576,0,0,0
sh600668,1163,0,0
sz002051,2951,4246,0
sh600222,0,0,0
sz300420,0,0,0
sz300391,0,0,0
sz300637,0,0,0
sz002582,0,0,0
sh600658,0,0,0
sz300425,0,0,0
sh603728,0,0,0
sh600352,84450,45380,0
sz002707,0,2116,0
sz002689,0,0,0
sh600216,3147,1619,0
sh600895,0,0,0
sh603299,0,0,0
sh600426,19482,16267,2579
sz002868,0,0,0
sh603808,0,700,0
sh600315,1767,1085,0
sz002702,0,0,0
sz002327,3898,0,0
sz002431,4448,5341,0
sh600617,0,0,0
sh603123,0,0,0
sz002840,6279,1753,0
sh600963,2242,0,0
sz300408,10775,3235,0
sz002841,0,0,0
sh600019,420539,376167,16194
sz300182,29069,16050,0
sh600293,6078,0,1475
sh601336,23648,24245,1486
sh600718,2712,0,0
sz300381,0,0,0
sz000657,0,2500,0
sh600725,0,4000,0
sh600565,9720,4134,0
sh600311,0,0,0
sz000017,0,0,0
sz002255,0,2402,0
sz000903,0,0,0
sz300066,0,0,0
sz002601,24094,10186,880
sz002703,0,0,0
sh600588,34095,52343,1455
sh600055,0,0,0
sh603976,0,0,0
sz000750,0,0,0
sz000096,0,0,0
sz000426,19711,12399,0
sz002800,0,0,0
sz002232,0,0,0
sz300648,503,737,0
sz300464,0,0,0
sh601628,13598,20822,383
sh600865,0,0,0
sz002777,943,0,0
sz300662,0,0,0
sz300654,0,0,0
sz002872,0,0,0
sh600787,16181,3300,0
sz002333,0,0,0
sh603323,4082,1664,0
sh600508,0,1121,0
sh600184,0,0,0
sh600648,0,0,0
sz300532,0,0,0
sz300418,18525,6688,1275
sz002238,0,0,0
sh603338,0,0,0
sh600128,3644,0,0
sz002666,1813,1865,0
sz002918,248,0,0
sz000683,9658,6383,0
sz300234,0,0,0
sz002287,0,384,0
sz300551,0,0,0
sh600072,1000,1001,0
sz002900,0,0,0
sh603727,0,0,0
sz000977,9883,1640,0
sh600162,6970,10670,0
sh600496,8641,0,0
sh603633,0,0,0
sz300679,0,128,0
sh600132,800,609,0
sz002145,6619,0,0
sz300412,0,0,0
sz000727,72762,10709,0
sz002751,0,0,0
sz002598,0,0,0
sh603258,0,0,0
sh600857,0,0,0
sz300466,0,0,0
sh600674,16261,2011,0
sz300374,0,0,0
sz002001,13886,7705,0
sz002885,0,449,0
sz002074,17167,11685,0
sz300432,0,1788,0
sz300222,1505,0,0
sh601998,64184,153569,0
sz002554,10000,0,0
sz300056,0,0,0
sz002813,0,0,0
sh600836,0,0,0
sz002773,256,0,0
sz002377,0,0,0
sh601717,3562,1978,0
sz000860,681,1389,0
sz000008,0,0,0
sh603117,0,0,0
sz000016,2290,12825,0
sh600138,9986,2771,0
sh601818,406441,466473,0
sz002197,1000,0,0
sz002589,7712,2166,0
sz002492,0,1883,0
sz002453,31253,4629,0
sh600448,0,0,0
sh600688,6055,23335,0
sz002624,1309,845,0
sz002055,0,0,0
sz300228,1211,0,0
sz000968,0,1000,0
sz002324,0,0,0
sz002641,0,0,0
sz000962,0,0,0
sh603528,0,0,0
sz300404,0,0,0
sh600638,0,0,0
sz300203,4868,936,855
sz000695,0,0,0
sz002921,1784,5031,0
sh603336,0,0,0
sh603677,0,0,0
sh600616,0,0,0
sz002880,0,0,0
sh600797,3966,0,0
sz002763,0,0,0
sh600439,0,4741,0
sz000976,0,0,0
sz002807,0,3644,0
sh600340,52615,57142,6082
sz002570,2507,25850,0
sh600759,3358,0,0
sh601588,0,0,0
sh600114,0,0,0
sh600201,2760,4016,0
sh601882,0,0,0
sz300598,947,0,0
sz000153,0,0,0
sz002382,970,1000,0
sz002097,0,0,0
sz000510,0,0,0
sh600801,4116,4305,906
sz002670,0,741,0
sh603286,499,3006,0
sz002041,0,0,0
sz000698,0,0,0
sh601607,5382,2094,0
sz000792,106229,19916,1031
sz000608,0,0,0
sh600337,4530,0,0
sh601166,330220,406006,10487
sh603001,0,0,0
sz300639,204,0,0
sz300348,1150,6383,0
sz300456,0,0,0
sz002311,0,848,0
sh600230,3624,2836,0
sz002447,0,0,0
sz002719,0,0,0
sh603189,0,0,0
sz300230,3221,13747,0
sz300227,858,613,0
sh603535,0,0,0
sz300002,6919,24008,0
sz002674,0,0,0
sh600074,336317,99297,0
sh600169,4838,0,0
sh603126,2055,0,0
sh601838,194191,166675,14193
sh603903,0,0,0
sz002195,11771,6697,0
sh600803,32493,12827,0
sh603536,0,0,0
sz002326,0,0,0
sz300132,0,0,0
sz002537,0,0,0
sz000581,5038,5504,0
sz300681,0,0,0
sh600736,0,0,0
sz300352,4223,6012,0
sz002393,0,0,0
sh600235,0,0,0
sz000070,0,0,0
sh603165,0,0,0
sh600088,11844,8520,0
sz000690,1537,12005,0
sh603006,0,0,0
sh601766,51187,72738,11938
sz000768,0,3768,0
sh603000,0,0,0
sz300643,0,0,0
sh600317,0,0,0
sz300722,0,0,0
sz300716,523,0,0
sz300161,787,1040,0
sz002069,21054,11160,0
sh603178,0,0,0
sz300009,7160,3545,460
sh600961,0,0,0
sh603042,0,0,0
sz000997,700,0,0
sh603709,0,0,0
sh600635,0,0,0
sz300197,6808,1021,0
sz002234,0,1153,0
sz002066,0,0,0
sh603698,0,0,0
sz000948,0,0,0
sz300688,0,380,0
sz002891,0,0,0
sh600833,0,0,0
sz300205,0,0,0
sz002088,0,0,0
sz300650,0,0,0
sz000518,0,0,0
sh601010,0,0,0
sh600644,0,0,0
sh600580,0,0,0
sh603871,5128,5128,1829
sh600202,1496,0,0
sz002045,1912,1869,0
sz002124,0,2476,0
sz002903,0,689,0
sz002734,665,0,0
sh600781,647,0,0
sz000605,0,0,0
sh601992,12995,35863,0
sh603955,0,0,0
sz002420,0,0,0
sz300436,0,0,0
sz002162,0,0,0
sz000972,0,0,0
sz002682,0,0,0
sh600120,2117,2904,0
sz002150,0,0,0
sh600969,0,0,0
sz002274,0,0,0
sh600345,1503,424,0
sz300025,2955,0,0
sh600109,5689,7323,0
sh600053,0,0,0
sz002228,0,8537,0
sz002923,1863,1155,0
sh603900,0,0,0
sh600562,0,0,0
sh600238,0,0,0
sz002460,93976,74362,11351
sz000965,0,0,0
sz002022,0,0,0
sz002548,0,0,0
sz300139,0,0,0
sh603825,0,0,0
sz002839,45914,22360,0
sz300557,0,0,0
sz002343,3050,2533,0
sh600064,0,0,0
sz300616,87,274,0
sh601106,0,0,0
sz300003,14124,974,0
sh600499,40452,9104,0
sh600936,0,0,0
sz002573,1398,3425,0
sz002504,0,0,0
sz300050,3686,0,0
sh603055,0,0,0
sh603818,0,0,0
sh600190,0,0,0
sz000409,0,0,0
sz300149,865,0,0
sz002221,1179,1000,0
sz000543,0,0,0
sz300700,1300,632,0
sh600507,170705,158725,17338
sz000032,0,0,0
sz300727,0,0,0
sh603188,0,0,0
sz300098,921,0,0
sz000783,1372,3190,0
sh603758,0,0,0
sh601997,53285,80024,0
sz002602,416,0,0
sz002532,5120,1625,0
sh603829,0,0,0
sh600487,68726,39498,5397
sh600604,0,0,0
sh603315,0,0,0
sz300295,0,0,0
sh600213,0,0,0
sh600421,0,0,0
sz002718,0,0,0
sh600026,0,0,0
sh600555,3346,0,0
sz300480,0,0,0
sz002534,0,0,0
sz002898,0,0,0
sh600217,0,0,0
sh600601,0,0,0
sz002231,24349,2658,0
sz300380,810,0,0
sz002687,0,0,0
sh600671,944,1083,0
sh600535,303,563,0
sz002561,0,0,0
sz300389,0,0,0
sh600060,8935,0,0
sh601958,1792,0,0
sz300630,0,0,0
sh600517,0,0,0
sz002667,0,0,0
sh603616,0,0,0
sz002299,0,3513,0
sz000517,17573,14199,0
sz000069,60669,74044,3107
sh600549,6332,4189,0
sz300617,0,360,0
sz002793,0,0,0
sz002206,0,0,0
sh600433,0,19159,0
sz300297,0,0,0
sz002540,23114,5399,0
sh600572,4681,6249,0
sh601888,3123,2676,458
sz000538,2624,1905,142
sz000877,3635,3302,0
sz300310,0,0,0
sh600233,0,0,0
sz300518,0,0,0
sz300037,5119,3847,0
sz000595,0,0,0
sz002399,892,628,0
sz000958,0,0,0
sz002250,0,2527,0
sh603886,0,0,0
sz002608,0,0,0
sz000536,4605,0,0
sz002455,0,0,0
sz300109,1030,1942,0
sz002117,0,0,0
sh603289,0,0,0
sh603685,0,0,0
sz300676,1354,2291,0
sh600392,19717,11346,0
sz002761,0,446,0
sh600335,3015,0,0
sz002267,0,0,0
sz000901,0,1015,0
sz300288,669,0,0
sh600015,31826,16294,0
sz300615,0,0,0
sz002688,0,0,0
sz002422,8593,6141,0
sh603879,0,0,0
sz300533,0,0,0
sz002199,0,0,0
sz002448,0,0,0
sh603686,0,0,0
sz300536,1496,0,0
sh603100,0,0,0
sz002856,6080,1195,0
sh600483,0,0,0
sz002214,0,0,0
sz002052,0,2746,0
sh600418,4984,1723,0
sz002733,0,0,0
sz002268,1165,1218,0
sh600771,5162,876,0
sz000421,0,0,0
sz300326,85613,22420,0
sz300601,1256,1860,0
sz300327,518,636,0
sz300053,1664,2400,0
sz300565,0,0,0
sz300675,492,0,0
sz002336,0,0,0
sz002136,3344,2722,0
sz002716,9511,1940,0
sh600236,0,0,0
sh603367,765,0,0
sh601000,15646,14429,0
sh603058,5208,4765,0
sz000045,0,0,0
sz000951,4279,2289,0
sh600985,4027,1957,0
sz002493,25210,9880,750
sz000789,24173,8319,0
sz000555,0,1360,0
sz300029,0,2296,0
sh600359,1660,3407,0
sh601595,0,0,0
sh600746,0,0,0
sz000537,6766,9941,0
sz002318,0,0,0
sh600219,94710,63604,0
sh600343,0,0,0
sz002263,10768,10335,0
sz000838,0,0,0
sz000889,0,800,0
sz002846,0,2974,0
sz300259,0,0,0
sz300264,0,0,0
sz002490,0,0,0
sz300568,3918,4932,0
sh600687,989,0,0
sz000692,0,0,0
sh601500,0,0,0
sh600610,0,18823,0
sz300388,0,0,0
sh600493,0,5414,0
sz002648,3978,1850,0
sz000100,106122,48071,0
sz000959,4627,4284,0
sh600237,2762,0,0
sz002207,0,0,0
sz002440,6129,3449,0
sz002842,409,0,0
sz002732,0,0,0
sz300123,0,0,0
sz300584,434,0,0
sz300249,0,0,0
sh601857,79236,53940,0
sh600037,1508,0,0
sz300102,15917,5267,0
sh600779,23364,10657,3282
sz000652,0,3940,0
sz000635,0,0,0
sz002526,0,0,0
sz300301,0,0,0
sz002577,0,0,0
sz002177,0,0,0
sz002857,572,2031,0
sz002477,8399,9077,0
sz002843,0,0,0
sh603386,0,0,0
sh603768,0,0,0
sz002627,0,0,0
sz002104,0,0,0
sz000687,0,0,0
sz300091,4522,0,0
sz002481,2667,0,0
sz002179,3591,983,0
sz300626,0,0,0
sz000615,0,0,0
sz002484,0,0,0
sz002352,0,395,0
sz300708,454,1709,0
sh603303,0,0,0
sz002511,5010,2665,771
sh601579,0,0,0
sz300712,0,0,0
sh603159,0,0,0
sh600004,1730,11358,945
sz300217,7277,5723,0
sz000507,1302,0,0
sz002476,13277,17267,0
sz000831,0,0,0
sh603015,0,0,0
sh600056,5299,548,0
sh601678,6305,6812,0
sh601669,0,0,0
sz300503,0,0,0
sh600858,0,0,0
sh601058,0,0,0
sh603929,509,1282,0
sh600728,2445,0,0
sh600268,0,0,0
sz300428,0,0,0
sz300661,0,0,0
sz000925,0,0,0
sz000711,0,856,0
sz000408,9470,1716,0
sz002077,0,1300,0
sz300417,0,0,0
sz002501,2016,2491,0
sz300709,0,0,0
sh600085,1451,344,0
sz000861,0,0,0
sz300350,0,0,0
sz300342,0,0,0
sz002361,0,0,0
sz002631,0,0,0
sz002560,0,0,0
sz300386,0,0,0
sh600782,32995,24996,1584
sh601901,1618,0,0
sz300246,0,0,0
sz002290,0,0,0
sh600768,0,0,0
sh600530,0,0,0
sh600643,6029,15017,0
sz300401,5799,8459,0
sh600460,228550,118385,24996
sz300220,0,0,0
sz002235,1530,0,0
sz300080,0,0,0
sh603018,539,500,0
sz002014,0,0,0
sz300685,0,0,0
sh601375,0,6635,0
sz002433,0,0,0
sz300562,0,0,0
sz002553,0,0,0
sz300300,0,2057,0
sz300112,0,0,0
sz002816,0,0,0
sz002227,0,0,0
sh600163,0,0,0
sh600010,74004,53626,0
sz300001,0,0,0
sh600156,0,0,0
sz002342,0,2430,0
sz300150,0,0,0
sz002411,0,0,1140
sz300299,0,1390,0
sz300122,1732,1388,0
sh601811,0,0,0
sz300560,0,0,0
sz002502,0,0,0
sh603329,2863,1131,380
sz002685,0,0,0
sh600898,2200,0,0
sh600073,0,1684,0
sz000837,0,0,0
sz002849,0,0,0
sz002779,0,0,0
sh600576,0,0,0
sz002172,0,0,0
sz002644,1005,6608,0
sz300364,3813,5956,1107
sh600690,97081,73892,2072
sz002372,1958,0,0
sh601872,4335,0,0
sz300691,0,0,0
sz002387,0,1298,0
sz000042,0,0,0
sh603313,0,0,0
sz300358,0,0,0
sz002593,0,0,0
sh600706,0,610,0
sh603568,0,0,0
sz000818,0,0,0
sh600593,9538,2826,0
sh600583,2061,0,0
sz300537,0,0,0
sz002740,0,0,0
sz002510,14297,0,0
sz002063,3071,0,0
sz002190,564,0,0
sh603637,9383,671,0
sz000788,0,0,0
sz300476,7065,3110,479
sz002768,0,0,0
sh600795,17783,12261,0
sz000066,19472,4835,0
sh603968,0,0,0
sh601086,3265,0,0
sz000590,0,0,0
sz300193,0,0,0
sh603626,1132,8003,0
sz000612,0,0,0
sz300631,0,0,0
sz000151,0,1073,0
sz000036,1908,9471,1504
sh603601,0,0,0
sz300269,0,2730,0
sh603813,0,0,0
sz300169,0,0,0
sh603355,323,0,0
sh600665,0,0,0
sh600560,0,1210,0
sh600790,0,0,0
sh603060,0,0,0
sz002024,29333,40549,0
sz002071,23270,24084,0
sz002866,0,0,0
sz300483,0,0,0
sz002083,0,0,0
sh600256,39086,9961,0
sh603339,0,0,0
sz002256,0,0,0
sh603218,0,0,0
sz000999,0,600,0
sz300407,0,0,0
sh600425,0,0,0
sz300333,1575,0,0
sh600388,2039,1825,0
sz000691,53571,9483,0
sh603678,0,0,0
sz000987,0,0,0
sh603365,0,0,0
sh603533,0,0,0
sh603029,0,0,0
sz002331,0,1626,0
sh600136,0,0,0
sh600050,370112,347676,0
sz002419,1478,1483,658
sz300270,0,0,0
sh600111,40021,17343,0
sz300216,41516,50314,0
sz300330,0,0,0
sz000957,1210,0,0
sz300359,0,0,0
sh600135,0,0,0
sh600621,2446,2632,0
sz300621,0,0,0
sz002552,0,0,0
sh603722,0,0,0
sh603579,0,0,0
sh603129,0,0,0
sz000816,0,404681,0
sh600730,0,0,0
sz002838,311,0,0
sz000926,1047,10052,0
sz002246,0,0,0
sz002678,0,0,0
sz002835,0,0,0
sz002191,4575,1686,0
sh600308,0,0,0
sz300558,500,273,0
sz300641,0,6654,0
sz300739,4931,4272,545
sh600745,3280,5440,0
sz000413,22384,10955,0
sz002591,0,0,0
sz002157,17480,6817,0
sz002749,0,0,0
sh600892,0,977,0
sz300100,0,0,0
sh600272,0,0,0
sz300506,0,0,0
sz300486,0,0,0
sh603238,0,0,0
sz002208,0,0,0
sz002578,2623,0,0
sz002620,0,0,0
sz300154,0,0,0
sh600581,30371,29077,1630
sh603936,2885,989,0
sz002855,0,0,0
sz002183,1660,1734,0
sh603069,0,0,0
sz002853,0,0,0
sz000923,0,0,0
sh600428,2458,0,0
sz000778,5976,11324,0
sz300151,21311,11593,0
sz300507,0,0,0
sz000777,0,0,0
sz002519,0,1900,0
sh600284,0,0,0
sh600893,4528,1972,0
sz002810,0,0,0
sz002302,4456,0,0
sz002218,2840,6191,0
sh603809,0,0,0
sz000667,0,7000,0
sh600663,0,0,0
sz300046,0,0,0
sz300377,932,0,0
sz000920,0,0,0
sh600172,5201,0,0
sz002109,0,0,0
sz300163,8866,4853,0
sh603638,0,0,0
sz300669,0,0,0
sh603232,0,0,0
sz300398,1051,0,0
sh601789,0,2800,0
sh603043,0,0,0
sh600415,4149,0,0
sz300202,550,757,0
sz002505,96574,4913,4729
sh600743,0,0,0
sz002134,0,0,0
sh600218,0,0,0
sh600597,1987,0,0
sz002833,0,0,0
sz002913,0,0,0
sh600777,0,12148,0
sh603557,1381,0,0
sh600543,0,0,0
sz002731,0,0,0
sh601005,0,0,0
sz002848,0,0,0
sz002449,13873,8832,0
sz000539,0,0,0
sh603067,0,0,0
sh600696,0,0,0
sz300145,4775,6931,0
sh601128,3626,9326,0
sh600510,0,0,0
sz002753,0,0,0
sh601616,0,0,0
sh600650,0,0,0
sh603008,0,0,0
sh601238,8188,3233,0
sh600605,0,0,0
sz300119,0,0,0
sz300308,989,656,0
sz002383,613,0,0
sh600529,0,0,0
sz000702,0,0,0
sh601200,0,0,0
sh600011,0,0,0
sz300515,1137,0,0
sh601021,0,1121,0
sz002634,0,0,0
sh600501,0,0,0
sh600978,0,0,0
sz000705,0,0,0
sh603127,0,216,0
sh600161,0,718,0
sh603226,0,0,0
sh603648,0,0,0
sz002925,57735,71126,7113
sh600291,1205,0,0
sz002717,0,0,0
sz000911,0,0,0
sh603076,0,0,0
sz002350,0,0,0
sz002479,2697,1784,0
sh601127,0,0,0
sz000061,0,0,0
sz300371,0,0,0
sh601968,0,0,0
sh601828,45468,35393,10054
sh603797,0,0,0
sh600297,4603,4661,0
sz000910,500,3719,0
sz002403,0,0,0
sh601515,0,0,0
sh600435,0,0,0
sh600127,0,0,0
sh603656,0,0,0
sh601877,1492,948,0
sh600719,0,0,0
sz002282,0,0,0
sz000821,0,0,0
sh600476,0,0,0
sz002586,0,0,0
sz002536,0,0,0
sh603278,0,0,0
sh600354,5704,0,0
sz300045,0,0,0
sz300457,4344,0,0
sz000089,0,8732,0
sh601069,3626,11242,773
sz002651,0,0,0
sz300296,1123,1902,0
sz000613,0,0,0
sz000876,15296,13059,0
sz300285,1519,0,0
sh600613,0,0,0
sh600528,6033,3718,0
sz300563,0,0,0
sz300500,0,0,0
sz002863,3696,6709,0
sz000565,0,0,0
sz000488,14960,16859,2078
sz002639,0,0,0
sh600419,0,0,0
sz300649,0,0,0
sh600606,285908,297896,6560
sh600720,26173,37370,0
sz300023,0,0,0
sz300703,0,0,0
sz002159,0,0,0
sh600805,0,0,0
sh600678,0,0,0
sz002354,684,802,901
sz002826,0,0,0
sz002400,0,2278,0
sz300077,8893,2000,0
sz300531,800,0,0
sh601137,0,0,0
sh600495,0,0,0
sz300435,0,0,0
sz002092,21752,41242,0
sz002408,1906,0,0
sh600130,4082,0,0
sh603703,0,0,0
sz002610,36888,0,0
sh600203,53698,0,0
sz002141,0,2600,0
sz002275,0,0,0
sz002926,160849,152583,19843
sh603819,0,0,0
sz300713,0,0,0
sz300006,8827,2000,0
sz002054,255186,58269,2099
sz300636,0,0,0
sz002788,0,0,0
sh600816,0,2572,0
sh600851,0,1000,0
sh600821,0,0,0
sh600067,9022,0,0
sh603138,1251,0,0
sz002565,5835,0,0
sh603985,0,0,0
sz000559,0,3167,0
sz002096,0,0,0
sz300048,0,4922,0
sz000411,0,0,0
sh600717,1103,2284,0
sh603019,22046,6372,364
sz300701,0,0,0
sz002669,8012,2873,1597
sz002770,0,0,0
sz002064,6109,0,0
sz002397,0,0,0
sz300315,32008,37028,0
sh600251,0,0,0
sh600848,556,611,0
sz000049,428,0,0
sh603997,2003,0,0
sz002748,0,0,0
sh600998,4564,670,0
sh600093,18272,20216,4937
sh600243,0,0,0
sz002325,6185,0,0
sh600843,0,0,0
sz000157,10690,7472,0
sz002691,0,0,0
sz000418,684,167,0
sz300596,648,0,0
sh603020,0,0,0
sz000040,0,0,0
sz002805,0,0,0
sz300687,0,0,0
sz000895,14292,6008,1285
sh600831,5480,0,0
sz002576,4182,2941,0
sz002123,0,0,0
sz000626,0,0,0
sz002869,0,0,0
sz300026,3011,0,0
sz002374,0,0,0
sh600933,0,0,0
sh600295,0,0,0
sh601258,38973,16800,0
sh600612,260,0,0
sh601186,21286,25823,0
sz300443,0,0,0
sh600104,21437,10886,389
sz002679,0,0,0
sz300400,0,0,0
sz300378,2073,0,0
sh600143,2002,5892,0
sh600266,0,3728,0
sz002675,0,1451,0
sh603618,0,0,0
sz000707,0,0,0
sh603577,0,0,0
sz002513,0,0,0
sz300446,0,0,0
sz000563,3351,0,0
sz002522,0,0,0
sh600577,3100,0,0
sz300129,0,0,0
sh600822,0,0,0
sz300195,0,0,0
sz300289,0,0,0
sh603725,0,0,0
sz002529,6707,998,0
sz300268,995,0,0
sz300033,1928,1853,0
sz300287,63708,23419,0
sh603889,877,1635,0
sz000519,1954,0,0
sh600389,0,0,0
sz000761,6622,11726,0
sh600584,30928,24433,0
sh603517,0,0,0
sh603605,1278,423,0
sz300140,0,1028,0
sh600846,0,0,0
sz000068,0,2965,0
sz300007,0,0,0
sz300016,0,0,0
sz000716,0,0,0
sz300526,0,0,0
sh603378,0,0,0
sz002224,0,0,0
sz000717,53008,70298,0
sz000523,0,0,0
sz000825,202628,161459,0
sz002323,0,0,0
sz300275,0,0,0
sh600770,0,0,0
sh600209,0,1394,0
sh603421,0,0,0
sh603335,1200,0,0
sh603639,0,0,0
sh601038,0,0,0
sh600180,0,0,0
sh600391,700,0,0
sz002673,9063,10365,0
sz002724,0,0,0
sh601999,0,0,0
sz002783,0,0,0
sh600292,0,0,0
sh600121,0,0,0
sz000548,0,0,0
sz300538,447,0,0
sz002144,0,0,0
sh600819,0,0,0
sh603669,0,0,0
sh600629,0,0,0
sh603026,0,605,0
sz300672,504,0,0
sh600754,1387,300,0
sh600891,0,0,0
sz300030,0,0,0
sz002247,0,0,0
sh603707,0,600,0
sz300481,0,0,0
sz300474,390,0,0
sh600396,0,0,0
sh601718,5143,3571,0
sz300600,0,1000,0
sh601198,0,0,0
sz000966,0,0,0
sz000735,10533,8859,0
sz000898,57516,40264,0
sh603979,0,0,0
sz300311,0,0,0
sz002636,0,0,0
sz000570,0,0,0
sz300306,810,0,0
sh603200,0,0,0
sz000601,0,0,0
sz300395,0,0,0
sz000830,166255,171339,10349
sz300232,0,1800,0
sh603567,0,0,0
sz000813,0,0,0
sz300452,0,0,0
sz300096,979,0,0
sz002902,351,0,0
sh600827,0,0,0
sz000738,1085,0,0
sh603507,0,438,0
sh603089,0,0,0
sz000021,1348,0,0
sh603002,0,0,0
sh600423,2667,0,0
sh603358,0,0,0
sz000546,2511,0,0
sz002107,0,0,0
sz300043,3001,0,0
sz000012,6970,0,1584
sh600767,2036,0,0
sz002292,0,0,0
sh600965,0,0,0
sz300427,0,0,0
sz002806,0,0,0
sh600106,0,0,0
sz300657,0,0,0
sz000737,5047,3036,0
sh600810,0,3169,0
sz300015,14737,9448,300
sz300357,0,0,0
sh601878,4672,852,0
sz002765,0,0,0
sz002296,0,0,0
sz002483,0,0,0
sz300153,3129,0,0
sh601858,0,0,0
sz000807,45787,19319,0
sz000819,0,0,0
sz300065,64562,124603,17127
sh600429,0,0,0
sz002364,0,0,0
sh600737,0,1676,0
sh600826,0,0,0
sz300706,0,0,0
sz000030,0,0,0
sh600523,1150,0,0
sz002031,0,46665,0
sh601666,16534,27606,0
sz300655,0,0,0
sh601988,486744,616371,6197
sh600028,470492,491996,6091
sz002897,0,0,0
sz002042,0,0,0
sz002723,0,606,0
sz002862,0,0,0
sh600500,1532,9524,0
sh603993,274099,133667,0
sh600479,0,0,0
sz002871,0,0,0
sz000953,0,0,0
sh603037,1500,0,0
sh600247,0,0,0
sz000798,0,0,0
sz002142,48351,26072,3312
sz002187,0,0,0
sz000423,2574,559,0
sh603166,0,0,0
sz002737,0,0,0
sz300618,6287,4664,636
sh601880,4522,0,0
sz300267,3200,2043,0
sz300055,2255,0,0
sz000528,7046,5479,0
sz300530,0,0,0
sz000919,0,0,0
sh600282,146303,124215,0
sz002697,2656,0,0
sh603606,0,0,0
sz300162,0,0,0
sz300365,388,422,0
sh600356,0,0,0
sh600641,0,2242,0
sh603225,1141,995,0
sz300539,0,0,0
sz300277,17141,49916,0
sh600248,0,0,0
sz300393,0,0,0
sz300373,1063,0,0
sz300609,0,0,0
sz000554,2000,0,0
sz002893,470,0,0
sh603040,0,0,0
sz002253,4924,0,0
sh600624,0,0,0
sz300605,0,0,0
sz300545,0,0,0
sz000600,0,0,0
sh603970,0,1180,0
sh603823,0,0,0
sh600336,0,0,0
sz002559,0,0,0
sz002100,0,0,0
sz000037,0,0,0
sz002910,0,0,0
sz300611,0,0,0
sh600538,0,0,0
sh603882,0,462,0
sz300020,1150,0,0
sh600649,0,3391,0
sh603357,0,1183,0
sh600520,641,0,0
sh600095,0,0,0
sh600469,0,0,0
sh603917,0,0,0
sh600165,0,706,0
sh603898,0,0,0
sz000700,0,0,0
sh603111,0,0,0
sh603118,0,0,0
sh600229,0,2073,0
sz002905,0,633,488
sh600446,2754,0,0
sz002062,0,0,0
sz000995,0,0,0
sz002032,0,370,0
sh600791,0,0,0
sz300114,0,0,0
sz000897,0,0,0
sz300370,5745,21377,0
sz002436,0,0,0
sz300698,0,0,0
sh603766,7228,4901,0
sz300047,5191,19742,0
sh603906,0,0,0
sh600185,0,5000,0
sz300242,0,0,0
sz002110,16200,12896,0
sh603566,0,0,0
sh600113,0,0,0
sz002892,0,0,0
sh600490,0,4992,0
sz300501,0,0,0
sh603133,0,0,0
sz000921,829,845,0
sh600395,0,12107,0
sz002457,0,0,0
sz002154,0,0,0
sz300341,0,0,0
sz002132,14503,5000,0
sh600281,0,0,0
sh600608,0,0,0
sz002023,0,0,0
sz000878,3376,6171,1897
sh603160,1038,1133,0
sz300223,2737,0,0
sh600676,0,0,0
sh601965,0,0,0
sz002349,0,0,0
sh600761,0,0,0
sh600277,0,2858,0
sh600206,1144,6479,0
sz300355,12315,9247,0
sz300250,0,0,0
sh600815,0,0,0
sh600592,0,0,0
sz002790,0,0,0
sh600022,160897,107734,0
sh600707,0,3156,0
sz000863,0,0,0
sz300334,0,0,0
sh600455,0,0,0
sh603977,0,0,0
sh603041,0,0,0
sz002544,3685,0,0
sz002694,0,0,0
sh600750,1096,612,0
sh600393,1620,0,0
sh600655,0,0,0
sz300362,0,0,0
sz002727,5902,684,0
sz300715,0,0,0
sz000589,0,0,0
sz002313,4442,2111,0
sz300335,0,0,0
sz000020,0,0,0
sz002500,9540,22232,0
sz002616,0,0,0
sz300177,1547,0,0
sz300488,0,0,0
sh603787,0,0,0
sh601368,0,0,0
sh603595,0,0,0
sh601019,0,0,0
sz002546,10490,24009,0
sz300236,454,682,0
sz300423,1500,0,0
sh603308,0,0,0
sz002439,10408,5007,0
sz002192,4611,10191,0
sh600036,240117,234117,18310
sh603388,0,0,0
sh600031,61500,92796,0
sz000758,4500,7504,0
sh600129,2786,5711,0
sz002555,12457,2170,0
sh600249,0,3271,0
sz002265,0,0,0
sz300201,0,0,0
sz000060,36435,25357,0
sh600089,13428,22168,0
sz002417,0,1024,0
sz300272,0,0,0
sz000058,0,0,0
sh600481,0,0,0
sz002867,0,0,0
sh603300,0,0,0
sh600239,20701,10286,0
sh603937,0,0,0
sh600926,8840,3898,0
sz002050,50971,26847,2439
sh603321,0,0,0
sz002852,0,0,0
sz002392,0,2868,0
sz002875,5204,2127,0
sz000623,2273,2228,0
sh601933,139414,130009,0
sz300640,0,0,0
sz300385,0,0,0
sh600285,0,0,0
sz002335,0,0,0
sz300351,0,0,0
sh600141,3383,2850,0
sz300453,0,0,0
sz002713,0,0,0
sz300461,579,0,0
sh603139,0,0,0
sz300063,0,0,0
sh600623,1553,2487,0
sh603116,0,0,0
sh601699,108720,85346,6758
sz002360,0,2584,0
sz300711,0,0,0
sz002831,208,0,0
sz002013,1250,0,0
sh600267,0,0,0
sh603660,5516,1983,0
sh600262,0,0,0
sh600410,1081,0,0
sz002026,0,0,0
sh600830,0,0,0
sh600480,0,0,0
sz300158,3633,8690,0
sz002273,11752,1942,2003
sz002825,0,0,0
sh600599,0,0,0
sz002802,0,0,0
sh600642,0,4010,0
sz300051,0,0,0
sz300740,0,0,0
sh600408,0,18133,0
sz000552,10893,15643,0
sh600738,0,0,0
sz000651,238538,242765,24533
sh603080,788,0,0
sz300152,2913,0,0
sh600444,0,0,0
sz000728,18216,1348,0
sh600887,95586,88431,3769
sh603108,17594,5713,0
sh600556,5494,10000,0
sz300340,4435,6005,247
sz300629,0,0,0
sh600207,0,4005,0
sh603663,0,0,0
sh600459,0,0,0
sz300304,0,0,0
sh600332,4140,2666,0
sz000927,0,0,0
sh600385,0,0,0
sh600552,0,0,0
sz300127,0,0,0
sh603233,0,0,0
sz000868,28870,58971,1739
sh600881,0,0,0
sz300121,2224,1010,0
sz002568,0,0,0
sz002029,1344,2259,0
sz002308,1078,1200,0
sh600331,0,0,0
sh601229,35697,29581,0
sz002623,0,0,0
sz300283,0,0,0
sz000836,7813,7418,0
sz002367,0,0,0
sz300142,4784,1226,0
sh600888,0,0,0
sz000001,221344,273780,13549
sh600151,0,0,0
sz000678,0,0,0
sh600519,22912,20268,3504
sz002775,0,0,0
sh600375,0,0,0
sh601218,0,0,0
sh601991,9482,46793,0
sh600208,30007,29628,0
sh603369,0,0,0
sh600526,1525,0,0
sz000960,26104,21286,0
sh600987,0,966,0
sz000828,0,0,0
sz000598,0,2500,0
sz000627,0,1501,0
sh600573,0,0,0
sh600600,685,889,0
sh601311,0,0,0
sh600618,0,0,0
sz002106,0,0,0
sz300254,0,0,0
sz300552,0,0,0
sz002574,0,0,0
sz002786,0,0,0
sh600382,3288,4489,0
sz002858,0,0,0
sz300375,1022,4027,0
sh600547,6383,16118,487
sz002443,0,0,0
sh600908,1490,0,0
sz300684,1532,1268,418
sz300028,0,0,0
sz300120,0,0,2450
sh600585,73174,74258,1589
sh600540,0,0,0
sz002922,1062,0,0
sz300094,0,0,0
sh601898,0,4549,0
sz300343,10507,1538,0
sh603012,0,0,0
sz002480,0,0,0
sz000027,2918,2278,0
sz000762,5954,0,0
sz000603,1751,0,0
sz002541,0,0,0
sz002128,13907,15130,0
sz002406,0,0,0
sh601168,2197,3339,0
sh601777,0,0,0
sz002767,0,0,0
sz000599,0,0,0
sz002467,1927,1991,0
sz000961,12353,12482,0
sz002220,9233,0,0
sh603711,0,0,0
sh600792,0,0,0
sz300164,0,0,0
sz002225,0,0,0
sh603630,0,0,0
sz002617,0,0,0
sz002196,0,0,0
sz000513,2587,3353,0
sz300612,0,545,0
sz002180,0,0,0
sz000544,0,0,0
sz300034,0,1205,0
sz002700,0,0,0
sz002881,8136,528,0
sz300174,0,0,0
sh600319,83781,0,0
sh600350,0,4465,0
sh600841,0,0,0
sz300235,0,0,0
sz300239,0,0,0
sz300652,0,0,0
sz002659,0,0,0
sz002506,28017,6634,0
sh601020,0,0,0
sz002241,26226,23721,808
sz002337,0,0,0
sh601886,12876,1500,0
sz300251,84427,60785,3519
sz000650,3000,3000,0
sz002036,733,0,0
sz000420,0,0,0
sz002028,3875,3189,0
sh600182,0,478,0
sh600626,0,1786,0
sh600367,0,0,0
sz300490,0,0,0
sz002911,0,0,0
sh603017,0,0,0
sz002489,0,0,0
sh603500,0,0,0
sh600482,1545,1423,0
sz300635,0,0,0
sh603989,0,0,0
sz300470,498,0,0
sz002653,0,0,0
sh600123,12350,1313,0
sh600167,0,0,0
sz002686,0,0,0
sz002879,1627,1062,0
sh601003,12777,3275,0
sz300458,803,666,0
sz300399,0,0,0
sh600531,4701,1614,0
sh601601,66438,58290,4576
sz300489,0,0,0
sh603869,0,0,0
sz300324,3937,0,0
sh601519,0,0,0
sz000906,0,0,0
sz000985,0,0,0
sz300512,0,0,0
sz000541,0,0,0
sz002340,93331,15825,0
sh600478,0,0,0
sh603011,7552,19789,0
sz002791,0,0,0
sh603655,2058,0,0
sz002909,700,0,0
sh603890,383,0,0
sz000859,3119,5810,0
sz300040,0,1363,0
sz002046,0,0,0
sz002888,0,0,0
sz000631,0,0,0
sz000932,75332,33528,0
sz002429,0,3205,0
sh600712,0,0,0
sh601608,0,0,0
sz000752,0,0,0
sz002285,6333,3585,0
sh601318,371506,371670,58148
sh600298,8340,4660,0
sh600420,0,0,0
sh600137,0,0,0
sz001979,118019,102104,3130
sh600320,0,0,0
sh600566,9426,2482,0
sz300070,16149,18826,0
sh601388,0,2839,0
sz002182,0,0,0
sh600550,0,0,0
sz002186,0,0,0
sh600809,11619,7795,206
sz002174,0,643,0
sz000545,0,0,0
sh600168,0,0,0
sz002351,0,0,0
sz000666,0,723,0
sz300339,0,0,0
sz000935,0,770,0
sz000584,3710,3116,0
sz002194,5310,1833,1449
sz300686,0,0,0
sh603916,0,0,0
sh600416,0,0,0
sh601155,118218,123129,6717
sh600000,74732,111753,0
sz002334,0,0,0
sh600837,50678,41605,1017
sz002271,2461,2121,937
sz000905,0,1146,0
sh603063,0,0,0
sh600704,11656,0,0
sz000501,955,0,0
sz300585,0,0,0
sh600596,12363,3896,0
sh600366,857,1742,0
sz000403,0,0,0
sh600975,0,0,0
sh603239,0,0,0
sz000505,0,0,0
sh603103,5736,3706,298
sh601116,0,0,0
sh600279,2014,0,0
sh600587,0,0,0
sh600057,0,0,0
sz002129,428594,92112,5093
sh601006,62292,78602,0
sh601518,0,0,0
sz300379,0,0,0
sz002787,0,0,0
sz002375,4661,0,0
sh600808,87551,109482,0
sh603612,0,0,0
sz300710,0,0,0
sz002176,84696,59856,1870
sz300366,0,1095,0
sh603359,0,0,0
sh600569,18127,24523,5794
sz300088,37625,48056,0
sz002060,0,0,0
sh600651,0,0,0
sz002381,0,0,0
sz002789,0,0,0
sz300491,0,0,0
sz000892,0,0,0
sz002672,0,0,0
sh600582,0,3790,0
sz000048,0,0,0
sz002266,3000,0,0
sz000780,0,2122,0
sh603918,0,0,0
sz002058,0,0,0
sh600458,0,0,0
sh600633,1659,1562,0
sz002714,4922,4443,219
sz002817,759,0,0
sh600863,0,10280,0
sh600166,41763,14595,0
sz002215,0,0,0
