sz002385,0,5620,0
sz300452,0,0,0
sz000721,0,0,0
sh600232,0,1700,0
sz000510,0,0,0
sh600771,1805,499,0
sh600812,0,0,0
sz002428,0,0,0
sz002277,0,0,0
sz002090,0,0,0
sh601991,0,0,0
sz002337,0,0,0
sh600600,329,1619,0
sh600078,0,0,0
sz002907,1854,8021,0
sz000905,0,0,0
sz300597,0,0,0
sz000078,0,2333,0
sh600415,2035,2031,0
sz000838,0,0,0
sh603767,0,0,0
sz300705,0,0,0
sz002786,0,0,0
sz000628,5884,0,0
sz300488,0,0,0
sz002680,0,960,0
sh603655,0,594,0
sz300002,0,19273,0
sz300170,80870,61240,6191
sh600198,0,5962,0
sz300287,33686,17406,1172
sh601881,21995,13560,0
sz002664,500,1000,0
sz002577,0,0,0
sh603996,5583,800,0
sh603396,0,0,0
sh600182,0,0,0
sh603229,0,0,0
sz002629,0,0,0
sh600691,0,0,0
sz300545,0,0,0
sh603726,0,0,0
sh600643,6781,4827,0
sh600801,7485,6110,0
sh600146,32798,7656,500
sh601628,41317,35100,1557
sh601366,0,0,0
sh600208,41326,34375,0
sz002875,988,605,0
sz000417,0,0,0
sz000881,0,0,0
sh600582,0,0,0
sz000059,0,3746,0
sz002631,0,0,0
sz300358,0,0,0
sh600249,0,0,0
sz300719,0,1210,0
sz000620,0,0,0
sz002273,3019,4554,1139
sz002348,0,0,0
sz002344,0,1997,0
sz002624,1684,1191,0
sz002579,2232,0,0
sz002042,3388,2326,0
sh603738,0,0,0
sz002292,0,0,0
sz000411,0,0,0
sz002709,4192,1500,284
sz000960,26036,25251,800
sz300206,0,0,0
sh603063,0,0,0
sz002626,5791,2508,0
sh600776,0,0,0
sz300393,380,0,425
sh600936,0,0,0
sh600605,0,0,0
sh600824,0,0,0
sz002916,4470,10269,560
sz002819,0,0,0
sh603320,0,0,0
sz000607,0,0,0
sh600171,4113,13360,0
sz002391,0,0,0
sh600505,0,0,0
sh600983,0,0,0
sh601390,18458,51776,0
sz300430,0,0,0
sh600380,4186,5004,0
sh600320,6709,1877,0
sz300570,0,594,0
sh601886,0,0,0
sh600809,6043,8724,0
sh603020,0,0,0
sz000710,361,0,0
sz002886,0,0,0
sh600712,0,0,0
sz300321,0,0,0
sh600585,53936,47447,4285
sz002922,0,0,0
sh600252,17802,12395,0
sh603118,0,0,0
sz300599,0,0,0
sh603499,3015,1981,1017
sh603801,1773,256,0
sh600501,0,0,0
sh600486,1673,751,0
sz002325,0,0,0
sh600837,27120,22972,0
sz300571,0,0,0
sz000803,0,0,0
sz002540,2000,0,0
sz002457,0,0,0
sz002909,0,0,0
sz002023,0,0,0
sz002736,7459,5377,0
sz000560,0,0,0
sh603969,910,0,0
sh600199,0,0,0
sz300434,0,0,0
sh600180,0,0,0
sh603103,2569,2373,0
sh600368,0,0,0
sz000422,0,9429,0
sh600361,0,0,0
sz002672,700,0,0
sh600316,0,0,0
sh600127,0,0,0
sz002668,1035,0,0
sz300223,0,937,0
sh600278,0,0,0
sz002757,0,399,0
sz300436,0,0,0
sh603860,0,0,0
sz000012,1810,0,0
sz002812,955,850,0
sh600686,9880,856,0
sz300007,0,0,0
sh601333,17218,18834,0
sh600021,0,0,0
sz300480,0,0,0
sz300729,0,0,0
sh600589,0,0,0
sz002556,0,19423,0
sh600871,5010,28684,0
sh600648,0,0,0
sh600082,0,0,0
sz002083,0,0,0
sz002417,2609,0,0
sz002686,0,0,0
sz002252,0,0,0
sh603501,440,879,0
sh600052,0,0,0
sz000722,0,0,0
sz002655,0,0,0
sh600619,1552,1143,0
sz002765,0,0,0
sz002387,0,825,0
sh603278,0,0,0
sz000636,40211,18989,0
sz000546,0,0,0
sz300136,19910,27622,3086
sh603677,0,0,0
sz000619,0,0,0
sz002522,5100,1367,0
sz001979,66350,59184,4300
sz300485,0,0,0
sz000750,0,12103,0
sz002499,0,0,0
sz000049,300,0,0
sh600792,0,0,0
sh603716,0,10169,0
sz300529,0,532,0
sh603196,0,0,0
sz002030,0,0,0
sz300228,0,0,0
sz300357,463,524,0
sz000886,4579,7943,0
sh601128,3804,14104,0
sh600781,0,0,0
sh600549,1550,8383,652
sz300475,0,0,0
sz002707,2804,0,0
sz002253,0,0,0
sh600022,81985,35012,0
sh600988,0,0,0
sz000633,0,0,0
sh600583,2010,6177,0
sz002039,0,0,0
sz000637,0,0,0
sh600616,0,0,0
sz300282,3600,0,0
sh600371,0,0,0
sz002502,0,0,0
sz300707,0,0,0
sh603328,1137,2653,0
sz000423,8597,14866,1654
sh600272,0,0,0
sz002679,0,0,0
sh600587,0,0,0
sh600828,0,3900,0
sh600741,8989,16565,0
sz002283,0,0,0
sh600729,1060,1580,0
sz000612,0,0,0
sz300559,0,0,0
sz000720,0,0,0
sz000833,0,0,0
sz000897,0,0,0
sh603919,0,0,0
sz300132,0,0,0
sz002323,0,0,0
sz300511,0,0,0
sz300308,0,376,0
sh600926,17147,11513,0
sz300533,0,0,0
sh600719,0,0,0
sh600235,0,0,0
sz002188,0,0,0
sz300353,0,0,0
sz002057,0,0,0
sz300160,0,0,0
sz002920,9418,4694,273
sh600348,24461,30505,0
sz001965,0,2810,0
sz002750,0,0,0
sz300482,0,0,0
sz002649,0,0,0
sh600456,2036,613,0
sh600650,0,0,0
sh603001,1000,0,0
sz300567,0,0,0
sh600713,0,0,0
sz002822,0,0,0
sh603886,0,0,0
sz300726,500,1000,0
sz002846,0,0,0
sh600588,138597,172373,9863
sz002732,0,0,0
sz002262,0,0,0
sh603895,16947,17467,2617
sz300203,7612,26560,0
sz300020,0,0,0
sz000932,81116,84076,0
sz000042,0,0,0
sz000883,0,0,0
sh603303,0,0,0
sh603081,0,0,0
sz000068,0,0,0
sz300509,1008,1881,0
sz002144,0,0,0
sz300331,0,0,0
sz002638,0,0,0
sz300316,7078,9712,0
sz002335,0,0,0
sh600853,0,0,0
sz000995,0,0,0
sz300602,0,0,0
sh600623,0,1580,0
sz300023,0,0,0
sh600610,41467,25608,3605
sh600113,0,0,0
sz300008,0,0,0
sz002060,0,0,0
sz300720,0,0,0
sz000639,0,0,0
sh603711,0,0,0
sz300405,0,0,0
sz002820,0,0,0
sz002921,880,750,0
sz002006,0,0,0
sz002128,10485,21900,0
sh600876,0,3321,0
sh600548,0,0,0
sz300425,0,0,0
sz000570,0,0,0
sh600995,0,0,0
sz002775,0,1488,0
sh603660,0,0,0
sz000402,6034,11281,0
sz002616,0,0,0
sz002743,0,1500,0
sh600322,2000,0,0
sh600435,1290,0,1068
sh600850,0,690,0
sh600838,0,0,0
sz300036,0,1022,0
sh600439,0,0,0
sz300508,0,0,0
sz002328,0,0,0
sz300252,965,0,0
sz002431,17011,2006,0
sz002468,11512,1653,0
sz002229,5602,0,0
sh603788,0,0,0
sh600805,0,0,0
sz300527,0,0,0
sh601579,0,0,0
sh600679,0,0,0
sz300329,0,1385,0
sz002477,15183,10608,0
sz002873,0,0,0
sz000910,1753,604,0
sz002379,0,0,0
sh600362,78901,86384,3417
sh600060,650,1752,0
sz000753,0,0,0
sz002559,0,0,0
sz000821,953,0,0
sh600073,0,0,0
sh601996,6908,0,0
sz000952,0,0,0
sz300530,0,0,0
sh603036,0,0,0
sh600577,12690,0,0
sh601318,445635,459446,62200
sh600831,0,0,0
sh600085,966,355,0
sh601877,4441,0,0
sh600522,45819,46130,2254
sh603238,0,0,0
sz002058,0,0,0
sz002869,0,0,0
sh600195,0,0,0
sz300421,0,0,0
sh600300,0,0,0
sz002603,0,0,0
sz000017,0,0,0
sh600080,1696,3467,0
sz002439,11372,8432,618
sh600275,0,2414,0
sh603288,396,631,0
sz300476,4786,2318,0
sh601800,6139,6515,0
sz300414,0,0,0
sz300070,2676,20073,0
sz300012,0,6665,0
sz002645,0,0,0
sz300709,0,0,0
sh600688,9753,24130,0
sz000009,1800,10530,0
sz002809,599,0,0
sh601928,0,0,0
sh600827,0,0,0
sh600395,0,4055,0
sz300655,0,0,0
sh600291,8086,9632,693
sh600768,0,0,0
sz300340,15363,12097,1574
sh600889,0,0,0
sh600896,0,0,0
sh601689,1664,0,0
sz300554,0,293,0
sz300466,0,0,0
sh600675,0,0,0
sz002392,0,0,0
sh603369,3501,2495,0
sz002203,7115,7206,0
sz000709,80029,64034,0
sz002100,0,0,0
sz000798,0,1366,0
sz300737,3375,19769,836
sz002118,11302,0,0
sz002618,0,0,0
sz002124,1380,1164,0
sh603012,0,0,0
sz002062,0,0,0
sh603158,0,0,0
sz000425,141779,106752,0
sh600068,25081,42968,0
sh603399,750,721,0
sh600895,2669,0,0
sh603018,0,1374,0
sh600331,0,0,0
sz300472,0,0,0
sz300623,0,0,0
sh600475,0,0,0
sz002373,3203,839,0
sh600535,400,1201,340
sz002134,0,0,0
sh600246,2550,0,0
sz300166,117602,154680,3501
sh601258,31598,26365,0
sz002376,49443,45783,1577
sh600975,0,0,0
sh603519,0,0,0
sz000532,0,0,0
sz300318,0,0,0
sh600088,0,0,0
sz002177,0,0,0
sz000659,3277,6453,0
sh600787,5551,15338,0
sh601878,0,0,0
sh603035,0,0,0
sh600575,0,0,0
sh603628,0,0,0
sh600470,0,0,0
sz300019,0,0,0
sh600857,0,0,0
sh603987,0,0,0
sz002667,0,0,0
sz300700,2231,304,0
sz300717,0,0,0
sz300613,657,569,151
sh600184,0,0,0
sz300217,0,0,0
sz002456,65543,72485,3913
sh603937,2747,538,0
sh600006,0,0,0
sh600025,42016,32655,0
sz002767,845,0,0
sz002544,0,2719,0
sz300245,0,0,0
sz002666,13899,3093,0
sh603507,0,0,0
sh601969,0,0,0
sh600897,0,0,0
sz002202,16573,12362,696
sz300133,25926,22353,0
sz002444,980,2079,0
sz002683,0,0,0
sz000859,0,0,0
sz300075,0,0,0
sh600767,0,2355,0
sh600478,0,0,0
sh601618,5450,2800,0
sz000420,0,0,0
sz002422,13597,7594,1120
sh603611,0,0,0
sz300683,0,0,0
sh600303,0,0,0
sz002018,40812,29231,3001
sh600327,0,0,0
sz300619,0,0,0
sz000980,0,0,0
sh601688,112146,100626,6270
sz001696,0,0,0
sh600739,20022,1846,0
sh603058,3714,3526,1385
sz002657,0,2763,0
sz002527,0,0,0
sz002002,0,3718,0
sz002245,13012,29981,0
sh600137,0,0,0
sz002174,1262,1210,0
sz002483,0,0,0
sz000929,1397,0,0
sz300289,1500,1199,0
sh603970,450,0,0
sz002755,0,0,0
sh603085,0,0,0
sz300677,2079,2479,0
sz002475,17689,21232,901
sh601098,0,0,0
sz000587,11058,3529,0
sz300207,2008,2641,0
sh603108,7342,6906,0
sz002146,196012,148404,8580
sz300497,0,0,0
sz002353,0,805,0
sz000690,0,13480,0
sh600705,15414,60702,0
sz300115,3095,5733,0
sh603871,2958,6667,1714
sz002139,2001,0,0
sh603838,0,0,0
sh603227,0,0,0
sz002694,0,0,0
sh601003,2904,8689,0
sh600203,0,1962,0
sz300459,0,0,0
sz300142,4433,2874,0
sh603078,0,0,0
sh603089,0,0,0
sh600103,0,0,0
sh600618,0,0,0
sz002737,0,0,0
sh600000,67672,104599,1684
sz002880,0,0,0
sz300687,0,0,0
sz300404,0,0,0
sz300503,5264,0,1823
sh603676,704,0,0
sh600129,0,793,0
sh600064,2280,0,0
sz300397,0,800,0
sz000090,0,0,0
sz002568,0,0,0
sz002727,10615,0,0
sh601011,10728,4713,0
sh603811,0,0,0
sz300119,0,0,0
sz002698,0,0,0
sh600599,0,0,0
sz002598,0,0,0
sz300088,11376,40747,0
sz000150,0,0,0
sz002231,2998,0,0
sh600459,0,0,0
sz002675,0,0,1114
sz000151,0,0,0
sh600403,0,0,0
sz300601,1234,2750,0
sz002673,4489,6492,0
sh600658,0,0,0
sz002652,0,0,0
sz300691,0,0,0
sh600482,905,1020,0
sz000901,1176,0,0
sz300473,0,0,0
sz002176,55289,92303,3587
sh603055,0,0,0
sh601000,15859,2620,0
sz300526,0,0,0
sh601890,0,0,0
sh600422,0,0,0
sz002415,42229,38573,948
sz002576,0,0,0
sz002038,482,0,0
sz002293,0,2325,0
sz300230,5083,821,1329
sh603989,0,0,0
sh600333,0,0,0
sz300210,0,0,0
sz300033,486,2568,0
sz300712,0,0,0
sz300583,0,0,0
sz002682,0,0,0
sz300502,0,532,0
sh600993,1200,966,0
sz002828,0,0,0
sz002108,4996,2442,0
sz300690,0,0,0
sz002066,0,0,0
sz300371,0,0,0
sh600644,0,0,0
sh600354,0,5892,0
sz002217,7475,1102,0
sh600028,666793,604750,10787
sh603535,0,0,0
sh600250,0,0,0
sh600939,0,0,0
sz300035,0,0,0
sh601965,0,0,0
sz300419,0,0,0
sz002912,0,618,0
sz002300,0,0,0
sz300079,0,35187,0
sz002179,295,667,0
sz002166,0,0,0
sh600338,0,1374,0
sh603678,0,0,0
sz300505,0,0,0
sz002636,1331,0,0
sh600193,0,0,0
sz002716,7618,1921,0
sh603890,0,0,0
sz300349,324,300,0
sh600982,0,0,0
sh600597,6769,4729,0
sz300215,0,2800,0
sz300001,0,0,0
sz000669,0,0,0
sz002768,969,0,0
sz002532,1863,11402,0
sh603569,0,0,0
sz300641,1801,1928,0
sh600139,2038,0,0
sh600622,0,0,0
sh603816,361,1442,0
sz002320,2005,8954,0
sz002581,916,0,0
sh600970,22046,20913,0
sz002735,0,0,0
sh600277,0,4239,0
sh603648,0,0,0
sz000978,0,0,0
sh601111,62488,72476,7564
sz002418,0,0,0
sh600133,0,0,0
sz000610,0,0,0
sz002074,22864,18384,0
sz000627,1508,9405,0
sh603661,0,0,0
sz002671,0,0,0
sh600063,6967,0,0
sh600538,0,0,0
sh601611,1156,0,0
sh600321,0,0,0
sz300336,0,2425,0
sz300126,0,0,0
sz000596,336,539,0
sh601998,222274,164309,2969
sz002191,0,2884,0
sz002269,0,0,0
sh600191,5967,13668,0
sz300039,0,5171,0
sh603260,661,3253,0
sz002390,9301,5511,0
sz002290,0,0,0
sz000530,0,0,0
sh600518,10182,5298,0
sh600498,3762,6499,420
sh600997,0,5570,0
sz002615,0,0,0
sh603306,0,0,0
sz300105,0,0,0
sz300715,0,0,0
sh600811,0,0,0
sz000301,26061,2023,0
sh603316,0,0,0
sz000061,0,3600,0
sz002247,2255,1050,0
sh603329,2217,3726,0
sh600846,3137,5337,3769
sz000868,28326,52202,0
sz002530,0,0,0
sz300577,0,0,0
sz002602,0,1252,0
sh601952,0,1321,0
sz002908,0,428,0
sz002797,20982,11396,0
sh600329,0,0,0
sh600382,2244,898,0
sz002597,4044,3719,0
sh603337,0,0,0
sh600699,1596,6106,0
sz000559,0,1220,0
sz002847,0,0,0
sz002838,0,0,0
sh601678,1324,21558,0
sh600373,1575,1801,0
sz002601,11024,11801,0
sh603268,500,0,0
sh603159,0,0,0
sz002313,4684,1580,0
sz300165,0,0,0
sz300338,0,0,687
sz002226,0,0,0
sh601225,107209,133098,1952
sz002270,0,0,0
sh603903,553,5026,0
sh600826,0,0,0
sz002249,0,0,0
sh603056,12721,29983,5345
sz300489,0,0,0
sz300185,41742,120506,0
sh601997,40335,35070,691
sz000785,0,0,0
sz300608,0,0,0
sz002519,0,0,0
sh600689,0,0,0
sz002311,0,8087,0
sz000799,0,1651,0
sz300106,0,0,0
sz300400,0,0,0
sz002035,567,675,0
sz300302,0,0,0
sz002360,2567,0,0
sh600118,723,1490,529
sz300457,945,1049,0
sz000739,0,3215,0
sz002289,0,0,0
sh600903,25801,14880,501
sz002079,2178,0,0
sz300277,13691,15470,1309
sz000780,6354,5879,0
sh601518,0,0,0
sz002356,0,0,0
sz300311,0,0,0
sz002401,0,0,0
sh600633,0,1153,0
sh603080,1307,0,0
sh603797,0,0,0
sh603090,0,0,0
sz002537,0,9589,0
sz300262,0,0,0
sz300111,0,0,0
sh601718,3951,5251,0
sh600909,1490,0,0
sz000600,1700,0,0
sz002476,15378,4029,0
sh600748,0,0,0
sh603168,0,0,0
sh603878,0,0,0
sz000538,1097,1091,0
sz000836,0,10496,0
sz000811,0,0,0
sz002670,785,2540,4520
sz000505,0,0,0
sz000889,1602,0,0
sh603908,0,0,0
sh600567,43187,64184,0
sh600075,0,0,0
sz300021,0,3894,0
sz002215,0,0,0
sh600009,3748,4923,0
sh600483,0,0,0
sz300181,0,0,0
sh603528,0,3083,0
sh600823,27396,37721,0
sh600356,0,0,0
sz002756,0,500,0
sh603955,0,0,0
sh600962,0,0,0
sz000783,3804,2210,0
sh603269,864,1177,0
sz300603,0,0,0
sh600089,13626,32971,0
sh600998,1221,0,0
sh603101,0,0,0
sh601857,83199,89816,0
sh600802,0,0,0
sz300301,0,0,0
sh600708,10002,3395,0
sh600247,0,0,0
sz002632,0,0,0
sh600071,0,0,0
sz000670,3081,4505,2074
sh600649,2002,2076,0
sz300241,0,0,0
sz002324,0,0,0
sz002354,793,1746,0
sz300711,0,0,0
sz000685,0,0,0
sh601567,0,0,0
sz002550,0,0,0
sz300164,8300,0,2027
sz002241,25266,24487,0
sh600742,1960,0,0
sz000677,0,0,0
sh603585,0,0,0
sz000711,0,0,0
sh601900,0,2011,0
sh603885,0,0,0
sh601919,5735,37645,0
sh600818,0,1423,0
sh600854,0,0,0
sh600717,0,1737,0
sz300479,0,0,0
sz002893,0,0,0
sh600592,0,1827,0
sh600090,0,1400,0
sh603043,0,0,0
sz300267,0,20458,0
sz300680,387,0,0
sh603003,0,0,0
sz002551,0,0,0
sh603558,0,0,0
sh600178,0,0,0
sh601818,568372,544370,0
sz300644,0,0,0
sz000609,0,0,0
sz002763,0,0,0
sz300044,5723,7463,0
sh603717,0,0,0
sh600500,11034,0,0
sh603456,2505,1051,0
sh600026,0,2070,0
sh600668,2560,0,0
sh600100,3800,9474,0
sz002810,0,0,0
sh600576,0,0,0
sz300192,0,3241,0
sz002028,7504,0,0
sh600692,0,0,0
sz002123,0,0,0
sz002432,0,4705,2132
sz300216,43475,41442,0
sz300370,0,0,0
sz300661,0,0,0
sh603336,0,0,0
sz300341,0,0,0
sz300716,0,952,0
sh603208,0,0,0
sh603817,3525,0,0
sh603729,0,0,0
sz300695,0,0,0
sz000573,0,0,0
sz002462,597,0,0
sz300561,303,400,0
sh600107,2358,1910,0
sh603679,0,0,0
sh600449,0,1500,0
sz300315,21128,34423,0
sz000949,0,0,0
sz300739,2484,7262,516
sh603157,0,918,0
sz000762,5938,4812,0
sz002165,0,0,0
sh600570,5578,3943,275
sz002455,0,0,0
sh600336,0,0,0
sh601666,26577,32542,0
sz000961,53363,11740,3100
sh600883,0,0,0
sh600370,0,0,0
sh600790,0,0,0
sz002411,5792,0,7725
sz000688,20031,34493,0
sz000971,0,0,0
sh600017,0,0,0
sh603186,0,0,0
sh601200,0,0,0
sz300189,0,0,0
sh603200,0,0,0
sz300052,0,1005,0
sz002368,0,1304,0
sh603618,0,0,0
sz300031,804,1000,0
sh600128,0,0,0
sz300507,0,0,0
sz000666,1409,2892,0
sh600083,0,0,0
sh600305,0,2212,0
sz000816,307704,458218,37388
sh600594,1523,11597,0
sh601018,0,4071,0
sz002207,0,0,0
sh600479,0,0,0
sh603879,0,0,0
sz000400,0,4099,0
sh600637,0,1086,0
sh601001,0,2000,0
sh600580,0,1473,0
sz002898,0,0,0
sh600095,0,0,0
sz000848,0,4850,0
sz300222,0,0,0
sz002689,0,0,0
sh603368,0,0,0
sz002140,0,0,0
sz300253,38863,84989,11649
sz002734,0,466,0
sz002302,1911,5799,0
sh600745,400,3127,500
sz002582,0,2440,0
sz300738,3496,4768,594
sh601858,0,0,0
sz002065,6599,11810,0
sh600188,41742,40188,689
sh601669,0,1511,0
sh603813,0,0,0
sh603605,430,4590,0
sz002148,0,2300,0
sh600061,0,941,0
sh603099,0,0,0
sh600969,0,0,0
sz002885,0,0,0
sh603615,0,0,0
sh600111,26547,36517,0
sh600152,0,0,0
sz300576,0,0,0
sz000554,0,0,0
sh603906,0,800,0
sh601002,1442,0,1321
sz000617,0,0,0
sz002815,1091,1705,0
sh603359,0,0,0
sh603007,3389,1000,0
sz300681,0,0,0
sz002104,0,2768,0
sh600463,0,0,0
sh601908,0,0,0
sh601113,12883,944,0
sh600010,50663,25505,0
sz300187,0,0,0
sz300205,0,0,0
sz300011,2000,0,0
sh600693,3082,0,0
sh603668,0,0,0
sz000936,0,0,0
sz002557,852,0,0
sh600638,3223,0,0
sh600894,0,0,0
sh600526,0,1265,0
sh600248,0,0,0
sh601126,0,0,0
sz002275,0,0,0
sz002620,0,0,0
sz002195,6374,11640,0
sz002036,0,0,0
sz000925,0,0,0
sz000504,508,0,0
sz002500,4539,18503,0
sz300310,3009,4646,0
sz002566,0,1733,0
sz002878,589,2964,0
sh600503,0,7163,0
sh603758,0,0,0
sz300534,0,0,0
sz000416,0,0,0
sz300319,0,0,0
sh600770,0,0,0
sz300525,0,0,0
sz300669,0,0,0
sz300137,0,4419,0
sz300368,0,0,0
sz000552,3927,10455,0
sz002791,0,0,0
sh600764,0,0,0
sh600094,0,2000,0
sz002211,0,0,0
sh601208,0,0,0
sh603809,1153,1131,0
sz000055,3929,11494,0
sz000576,3188,1119,0
sz300727,437,0,0
sz000543,2638,4637,0
sz300054,0,2535,0
sh603331,0,0,0
sz002342,0,0,0
sz300460,0,0,0
sz000797,0,0,0
sz000823,3893,5124,0
sz300097,0,738,0
sz002792,0,0,0
sz000611,3000,6524,0
sh603160,392,634,0
sh603721,0,0,0
sz002905,1354,514,0
sh603228,582,1942,0
sz002096,0,0,0
sz002307,0,0,0
sz002574,0,0,0
sz300666,0,1023,0
sh601169,66154,41855,0
sz300409,7142,20899,0
sh603858,684,1009,0
sz300348,4389,3295,0
sz000548,0,0,0
sh600684,0,0,0
sh603377,3888,5288,0
sh600814,0,0,0
sz000668,858,3286,0
sz002352,0,0,0
sz002268,459,3907,0
sz300056,0,2382,0
sz300736,276,0,0
sh600740,84282,74949,9130
sh603156,22829,14501,5838
sh600217,0,0,0
sh601966,0,0,0
sz300723,0,0,0
sz002795,0,0,0
sz300367,1718,1782,0
sz300440,0,0,0
sz002296,0,0,0
sh603458,200,0,0
sh603757,0,0,0
sh601899,866156,762449,0
sh603828,0,0,0
sh600785,0,0,0
sh601099,72910,0,0
sz002045,856,0,0
sh601058,0,3631,10614
sz300359,1756,2500,0
sh600774,0,0,0
sh603929,0,0,0
sh600698,5633,0,0
sh600054,748,1000,0
sz000671,140571,204495,7282
sz300622,0,0,0
sz002493,16751,22528,0
sh600072,1500,2418,0
sz300098,0,990,0
sh600189,0,0,0
sz300731,0,0,0
sz300046,0,0,777
sh600351,0,0,0
sz300270,9415,0,990
sz002131,7784,20743,0
sz300244,650,827,570
sz000631,0,0,0
sh600168,0,0,0
sz000973,0,0,0
sz300413,4323,3159,0
sh601226,0,0,0
sz000792,27538,43690,0
sz002008,28432,10959,927
sh603616,0,982,0
sh600126,0,0,0
sh600667,2739,31014,0
sz300652,0,454,0
sz002220,0,0,0
sz300513,0,0,0
sz300326,4091,1346,0
sz002331,0,0,0
sh601211,23782,29560,0
sz002371,3170,4854,0
sz002093,1473,0,0
sh600458,0,0,0
sz300196,1000,0,0
sz002336,0,6389,0
sh600223,0,0,0
sz300557,0,0,0
sh600186,106984,57530,0
sz002497,170348,345785,2163
sz002276,0,0,0
sz002799,0,0,0
sz002015,2004,3087,0
sh601668,691252,584328,0
sz300493,0,0,0
sh600547,12767,9779,0
sh600707,0,0,0
sz002541,0,0,0
sz000938,203,599,0
sz002825,0,0,0
sh603527,0,0,0
sh603037,0,0,0
sh603609,0,0,0
sz002287,0,499,0
sz300155,14174,41860,3791
sz000965,0,0,0
sz002265,0,0,0
sz300699,0,0,0
sz000507,1287,1263,0
sz300735,0,917,0
sz002554,0,0,0
sh600222,0,0,0
sh600992,0,20647,0
sh603595,0,136,0
sz300399,0,0,0
sz300438,0,0,0
sz300149,0,0,0
sh603825,359,0,0
sz300214,0,0,0
sh600865,0,0,0
sz300474,0,509,0
sz300288,0,2251,0
sz000893,0,2200,0
sz300450,2168,1633,0
sh600070,0,0,0
sz002216,0,0,0
sz000985,0,0,0
sh603189,0,0,0
sz002899,0,0,0
sz002329,0,2531,0
sh600671,0,480,0
sz300096,3556,1748,0
sz002511,0,800,0
sz300708,1617,1034,0
sz300531,0,0,0
sz300598,0,0,0
sh600016,185908,152962,0
sh603833,258,494,0
sh603803,0,0,0
sz000100,131762,137878,0
sz002611,0,0,0
sh601519,0,3000,0
sz002152,0,6582,0
sz300045,0,0,0
sh600521,1879,5146,0
sh603223,0,822,0
sz300171,0,0,0
sz002641,0,0,0
sh601212,4716,0,0
sz000039,932,5968,0
sz002865,0,0,0
sz000565,0,0,0
sz300412,2000,0,0
sh603566,0,0,0
sh603139,0,0,0
sz000630,44021,33857,0
sz002771,0,0,0
sh601607,533,3237,0
sz002365,4294,1459,0
sh600035,0,0,0
sh600884,51544,51947,3179
sz300180,1308,0,0
sh603869,0,0,0
sz002674,0,0,0
sh603517,0,0,0
sh600004,17679,10684,645
sh603800,0,0,0
sh603299,0,0,0
sh600746,0,0,0
sz300188,6606,8739,0
sh603888,0,0,0
sz000818,900,0,0
sz000937,2009,0,0
sh603968,0,0,0
sh603602,512,768,0
sz000686,6438,3238,0
sz002218,0,6835,0
sz002749,0,0,0
sh600369,4000,0,0
sz300127,0,0,0
sz000603,0,0,0
sz300500,1193,1516,0
sz300175,0,1765,0
sz002011,0,2874,0
sz002295,1501,1889,0
sh600387,0,0,0
sh600967,6425,7273,0
sz000909,0,0,0
sz300490,0,0,0
sz300380,0,0,0
sz002635,3052,4096,0
sz300671,0,0,0
sh603029,0,0,0
sh600527,5662,3154,0
sz002776,0,0,0
sh600571,0,0,0
sz300612,2441,629,0
sz300005,6013,8698,0
sz002687,6562,1687,0
sz002831,0,0,0
sz002569,49898,4743,0
sz002421,0,5641,0
sh600834,0,0,0
sh600029,211937,183667,11693
sz000584,0,0,0
sh600173,0,2468,0
sh603600,0,954,0
sz300494,1534,0,0
sz002232,0,0,0
sh601388,12094,11347,0
sz002064,0,11169,0
sz000638,0,0,0
sz002505,0,17048,0
sh603298,0,1221,0
sh600166,13389,59403,0
sh603232,0,0,0
sh600359,1689,1975,0
sh601558,0,0,0
sh601020,0,0,0
sh600175,13535,30529,0
sz002243,0,0,0
sh601137,0,0,0
sz002032,0,0,0
sz002821,0,0,0
sz300465,0,0,0
sh603169,0,0,0
sz300642,0,0,0
sz002254,6954,0,0
sz000153,0,0,0
sz300689,0,0,0
sz002102,0,7342,0
sz002728,0,0,0
sz000036,14771,16200,0
sz000829,0,0,0
sz300313,0,0,0
sh600209,0,0,0
sz000158,0,0,0
sh600228,0,0,0
sz000088,0,2046,0
sh603086,0,0,0
sh600839,7325,14646,0
sz000718,0,0,0
sh600653,51192,211370,9219
sz002785,0,0,0
sz300355,4516,14998,0
sh603588,0,896,0
sz000028,0,0,0
sz300123,0,0,0
sh603038,0,0,0
sz002347,0,0,0
sz002381,0,0,0
sh601700,2810,0,0
sz300234,0,0,0
sz300330,0,0,0
sh600285,0,1593,0
sz002770,0,0,0
sz000902,0,0,0
sh603636,0,0,0
sz002486,0,6322,0
sz000026,0,0,0
sh603030,0,0,0
sz002696,0,0,0
sz002718,0,0,0
sz002281,3264,6798,0
sz002782,0,0,0
sh600393,9048,5459,0
sh603113,0,0,0
sh603557,0,0,0
sh603077,36715,36135,0
sh600683,0,0,0
sz000913,0,0,0
sz300352,0,0,0
sz300610,0,0,0
sz000922,0,0,0
sz002426,6053,0,0
sz000597,0,0,0
sz002925,42230,54510,8878
sh603789,842,0,0
sh600106,0,0,0
sz000599,0,0,0
sh600251,0,0,0
sz002504,0,0,0
sz300611,0,0,0
sh601968,0,0,0
sh603181,0,0,0
sh603321,0,0,0
sh603083,384,0,0
sz000858,68392,67296,6807
sz002887,0,0,0
sz002481,0,0,0
sh603305,0,0,0
sz300131,0,0,0
sz000875,0,0,0
sh603798,0,0,0
sh600608,0,1555,0
sz002510,2100,0,0
sz002593,0,0,0
sz002867,0,0,0
sz002535,0,0,0
sh603323,0,1978,0
sz002378,0,0,0
sh601866,0,32314,0
sz000852,0,0,0
sz300006,11927,6904,0
sh603138,0,0,0
sh603899,0,0,0
sh600099,0,0,0
sz002564,0,0,0
sz002695,0,0,0
sz000635,0,0,0
sh600979,0,0,0
sz002879,0,2864,0
sz002651,4326,2413,0
sh600816,0,6523,0
sz002589,5413,0,0
sh600976,0,0,0
sh600238,0,0,0
sz002186,0,0,0
sz300231,0,1172,0
sz002724,0,0,0
sh603579,0,0,0
sh600694,0,0,0
sz002141,0,0,0
sh600578,0,0,0
sz002612,0,1000,0
sh600862,0,0,0
sh603637,0,0,0
sz300153,0,0,0
sz300145,1971,11199,0
sz300396,0,0,0
sz002723,0,0,0
sh600882,0,0,0
sh600230,1314,3079,524
sh600048,617087,543564,36523
sz300536,0,0,0
sz000657,0,0,0
sh600961,0,0,0
sz300498,2678,10054,502
sz002747,0,0,0
sz002405,12703,18180,1079
sh603188,0,0,0
sh603991,0,0,0
sh600326,1224,2000,0
sh603378,0,0,0
sz002127,900,732,0
sh600243,0,0,0
sz000519,0,0,0
sz002031,0,47114,7401
sh603444,467,1460,182
sz300417,0,0,0
sz002224,0,0,0
sz300609,0,0,0
sh600611,0,0,0
sh600657,0,2719,0
sz000408,3760,997,0
sh601139,1508,0,0
sz300260,0,0,0
sh600628,0,0,0
sz300439,0,0,0
sz000976,0,1805,0
sz000996,1729,6170,0
sh600366,0,3147,0
sh603123,0,0,0
sz002256,35322,17286,0
sz300369,17136,82148,0
sz002361,0,0,0
sh600796,0,0,0
sz300624,6185,4612,263
sz300184,0,1000,0
sz300307,0,1934,0
sz300157,26351,34572,0
sz300548,0,0,0
sz300139,0,0,0
sz300309,0,505,0
sz002897,0,0,0
sh603330,0,0,0
sz002250,0,1999,0
sz300107,12438,39178,0
sz002185,17290,12284,0
sz000810,0,0,0
sz300297,0,0,0
sh603918,0,0,0
sh600350,0,2589,0
sz300635,0,0,0
sh603199,0,0,0
sz002848,815,0,0
sz300178,0,0,0
sz300462,0,0,0
sh603258,0,0,0
sh600218,0,0,0
sz300042,0,0,0
sz002841,0,0,0
sz002917,0,2113,0
sz002022,0,0,0
sz000957,0,0,0
sz300135,21462,0,5142
sh603161,0,0,0
sz002041,0,0,0
sz300055,1560,2335,0
sh600297,5000,1500,0
sh601158,0,0,0
sh600581,53590,37249,1511
sz002154,0,0,0
sh601939,596715,448192,4697
sz300009,1807,4335,0
sz002282,0,0,0
sz300261,0,0,0
sh600673,9986,7340,2214
sz300604,0,0,0
sh600281,0,0,0
sz002271,9749,4885,0
sh600476,0,0,0
sh603000,2097,0,0
sz300582,0,0,0
sz002840,740,15986,0
sz002178,238856,194260,29724
sh603026,0,0,0
sz300679,0,0,0
sz002167,1117,1274,0
sh601116,0,0,0
sz002086,99081,23023,0
sh600584,23985,23279,636
sh603936,7850,3430,2019
sz000585,0,0,0
sh600196,23725,11951,2406
sh603042,0,0,0
sh603313,0,0,0
sz002393,0,0,0
sz000695,0,0,0
sh601888,17996,13454,974
sz002588,0,0,0
sh600780,0,0,0
sz002242,3460,2210,0
sz000738,943,1217,0
sz002853,0,0,0
sh603180,137,71,0
sz300461,0,0,0
sz300346,0,0,0
sz002599,0,0,0
sz002906,0,561,0
sz002762,0,0,0
sz000890,1669,0,0
sh600773,5730,1039,0
sz002508,686,1245,0
sz000863,0,0,0
sh600210,0,0,0
sz000927,16488,0,0
sz002297,0,0,0
sh600736,0,0,0
sh600497,58926,40202,2439
sz300219,1000,2957,0
sz300437,0,0,0
sz300429,0,0,0
sz000958,0,3002,0
sz000888,2199,0,0
sh600639,0,0,0
sz300327,528,0,0
sz002403,979,1200,0
sz002272,0,0,0
sz000625,10093,8036,0
sz300618,9055,12279,1592
sh600405,0,0,0
sz002266,0,0,0
sz002435,1728,0,0
sh600815,0,0,0
sh601007,0,0,0
sz000581,9256,8875,693
sz002700,0,0,0
sz002001,22383,15868,1688
sz300713,0,0,0
sh603360,0,0,0
sh600160,24271,13842,0
sh601168,17757,17920,0
sz300701,0,0,0
sz002798,0,0,0
sz300226,8307,13882,365
sh600302,0,0,0
sz300510,0,0,0
sz000568,6218,8320,424
sh600114,0,737,0
sh603856,0,0,0
sz002701,0,1949,0
sz002149,0,0,0
sz300427,0,12628,1806
sz000831,2000,15728,0
sz002891,0,0,0
sh600408,15081,23367,0
sh603167,0,0,0
sh601311,1500,1681,0
sh603098,0,0,0
sz300664,0,1754,0
sh603958,0,0,0
sh600606,233580,327040,20328
sh603883,0,0,0
sz300654,336,0,0
sz002783,0,0,0
sh603496,0,0,0
sz002339,0,0,0
sz002919,0,0,0
sh600765,0,1352,0
sz002910,0,0,0
sz002546,0,6388,0
sh601918,4792,0,0
sh601155,96145,68687,5713
sh600645,2520,0,0
sz300236,0,450,0
sz000430,0,0,0
sz300274,1396,9916,0
sh600039,0,0,0
sz000877,0,1551,0
sh600467,0,0,0
sz000572,0,0,0
sz000558,0,82598,0
sh603389,0,0,0
sh603380,0,0,0
sz000712,0,922,0
sz002778,0,0,0
sh600141,5214,4382,1015
sz002199,0,0,0
sh600836,0,0,0
sz000736,3030,10634,0
sh600057,0,0,0
sh601012,15284,29100,0
sz000732,57319,53975,3012
sz002678,0,0,0
sh600312,0,0,0
sh600743,0,0,0
sz002048,0,515,0
sz300275,0,0,0
sh600328,0,2537,0
sz002299,0,1343,0
sz002467,0,0,0
sz002900,0,0,0
sz000409,0,0,0
sh603355,0,307,0
sz002752,0,0,0
sh603766,3745,7010,0
sz000571,0,0,0
sz300435,0,0,0
sz000598,2104,0,0
sh600211,0,0,0
sz002317,1119,11195,0
sh601163,0,0,0
sz300130,0,0,0
sh600540,0,0,0
sz002244,14733,0,0
sh601186,22592,14533,0
sh600563,1613,1153,0
sz002080,3564,2003,0
sz300702,0,0,0
sz002194,1352,1795,1768
sz000063,211986,197598,6905
sh600858,0,0,0
sz300343,3138,6872,780
sz300467,0,293,0
sz300051,0,0,0
sh603728,0,0,0
sh600376,0,0,0
sh600008,14779,10834,0
sz002558,0,584,0
sh603633,0,0,0
sh601127,0,0,0
sh600229,0,1758,0
sh601009,126289,116756,3433
sz000761,0,13011,0
sh601677,0,0,0
sz000338,20224,27235,0
sh600159,0,0,0
sz000623,692,5181,0
sz300076,0,0,0
sz002394,0,0,0
sh603177,0,685,0
sz002222,2614,732,0
sz000786,14783,16071,1884
sz300692,0,0,0
sz000860,0,0,0
sh603701,0,0,0
sz000676,0,0,0
sh603688,0,1157,0
sz300538,0,0,0
sh600388,5695,3290,0
sh603698,0,0,0
sh600213,0,0,0
sz002539,0,0,0
sh603917,0,0,0
sz000778,6254,4303,0
sh600855,5600,6702,0
sz002590,0,0,0
sz300606,0,0,0
sz002824,0,0,0
sh600791,0,0,0
sh600353,4386,0,0
sh600519,17814,19069,1536
sz000595,0,0,0
sh600703,41252,47582,3432
sz002702,0,0,0
sz300547,960,807,0
sh600601,0,0,0
sh600242,1304,1557,0
sh600596,13010,12473,0
sz002053,0,0,0
sh600778,0,0,0
sz300501,0,0,0
sh601010,0,0,0
sz002316,0,0,0
sh600714,0,0,0
sz002375,0,0,0
sh600105,0,0,0
sh601377,17051,96856,0
sh600491,0,0,0
sz000541,0,0,0
sh600176,25046,18998,1673
sh601229,59179,52349,0
sz300201,0,0,0
sh601198,0,0,0
sz002474,0,0,0
sz002640,745,600,0
sh600201,4866,3757,0
sh601179,0,0,0
sz002088,0,0,0
sz002816,0,0,0
sh603129,0,0,0
sz002713,0,0,0
sz002019,5518,1932,0
sz300141,0,0,0
sz002845,0,0,0
sz300625,0,0,0
sz300151,0,12809,0
sh600062,0,0,0
sz002067,1786,0,0
sh603366,0,0,0
sh600125,9290,8906,0
sz300433,5947,6194,0
sz002923,0,927,0
sz300595,0,0,0
sh603017,0,0,0
sh603703,0,0,0
sh600007,0,0,0
sh600332,1916,4663,0
sz002628,0,0,0
sz002092,11992,16686,0
sz300323,6138,5285,0
sz002881,3914,3938,0
sz300299,0,0,0
sz002407,15603,10494,0
sz002469,0,0,0
sz002712,500,0,0
sz002714,2638,1833,0
sh601019,1258,0,0
sh603578,814,0,0
sz002395,0,0,0
sz300269,0,2001,0
sz002116,0,0,0
sz002529,0,0,0
sz002659,0,0,0
sh601933,64284,80137,2394
sh600867,5014,2309,0
sh600980,0,0,0
sh603829,0,0,0
sh600663,0,0,0
sh600340,57044,51075,3516
sh603283,0,877,0
sh600258,2919,5987,0
sh603286,0,1080,0
sz300663,706,3051,0
sz300013,0,0,0
sz002800,0,0,0
sz300243,0,0,0
sz002478,0,9107,0
sh600237,0,2559,0
sz000058,0,2000,0
sz002349,0,0,0
sh603126,0,0,0
sz000708,0,0,0
sh600355,0,12378,0
sh600429,0,0,0
sh600810,7032,35173,0
sz300194,0,0,0
sz002050,6245,15201,914
sh603179,0,0,0
sh601222,4715,1546,0
sz300022,0,59550,0
sh600629,0,0,0
sz002480,0,13562,0
sz002397,0,0,0
sh601339,0,4606,0
sh600037,0,2509,0
sz300515,0,0,0
sh601838,125081,180747,8616
sz300163,0,9852,0
sz002460,149147,128106,16671
sh600635,0,0,0
sz300298,553,600,0
sh603999,0,0,0
sh600730,0,0,0
sh600759,0,3775,0
sh603506,18832,6851,1102
sz002777,0,0,0
sh600546,2263,5604,0
sh603015,0,0,0
sz002479,0,1568,0
sh601828,19126,20320,0
sh601328,434145,497973,4213
sh600425,0,0,0
sz002318,0,0,0
sh600782,71783,65318,0
sz002758,0,0,0
sz002514,10045,0,0
sh603787,10812,0,2187
sz300078,19602,39139,0
sz002020,3086,4840,0
sh600477,0,0,0
sh601006,35629,12315,0
sz002542,0,0,0
sh600617,0,0,0
sz000060,17275,57694,0
sh600096,0,0,0
sh603808,0,550,0
sz300706,0,0,0
sz002911,0,544,0
sz002560,0,0,0
sh600661,800,0,0
sh600775,0,0,0
sh601368,0,0,0
sh600169,0,3378,0
sz002693,0,0,0
sz000966,0,0,0
sh600723,0,0,0
sz002346,0,0,0
sz300037,14452,2296,0
sz002623,0,0,0
sh603421,0,620,0
sh603882,0,0,0
sh600769,0,0,0
sz002404,0,0,0
sz000990,0,0,0
sh603606,0,0,0
sz000813,0,5100,0
sz002818,0,0,0
sz002013,32476,58975,0
sh603725,0,0,0
sh603518,0,0,0
sh600569,35388,52385,0
sh603002,0,2000,0
sh603069,0,0,0
sh601166,411923,393819,10526
sh601015,0,0,0
sh600509,0,0,0
sz002155,0,0,0
sz002482,0,0,0
sz002833,0,0,0
sh600131,0,0,0
sz002181,0,0,0
sz002858,0,0,0
sh603536,0,0,0
sz000545,0,0,0
sz000520,5040,0,0
sz002643,2780,1126,0
sh601288,2516719,2158841,6248
sz002420,0,0,0
sh600490,3481,8464,0
sz000011,1000,0,0
sz002807,1360,0,0
sz002267,0,0,0
sz000975,0,3037,0
sz002400,0,2767,0
sz300512,0,0,0
sh600409,9770,11629,1130
sh603898,0,0,0
sz300590,0,865,0
sh601633,1003,5801,0
sz300092,0,0,0
sz300304,0,0,0
sz000651,201387,177209,12189
sh600783,0,2195,0
sh600758,0,2500,0
sh600097,0,0,0
sh600410,4426,1152,0
sh600132,488,0,0
sh603117,0,0,0
sh600390,0,0,0
sz300675,1059,19749,464
sz000955,0,2102,0
sh601985,4827,16560,0
sh601588,0,5326,0
sz002183,0,6117,0
sh600557,0,0,0
sh600506,0,0,0
sh600207,0,0,0
sz002769,0,0,0
sh600511,4238,0,0
sh600844,0,0,0
sh603386,0,0,0
sz002182,0,0,0
sh603963,0,0,0
sh600845,14048,21531,1694
sz000828,0,0,0
sz000919,0,0,0
sz300628,848,813,0
sz002837,1269,1750,0
sz300251,74544,73276,7227
sz300422,0,0,0
sh600421,0,0,0
sz300221,0,1394,0
sz002572,1205,1465,0
sz300478,0,0,0
sz300017,34940,39283,987
sz300204,0,1000,0
sz002802,0,0,0
sz002026,0,0,0
sz002389,2620,1238,0
sh600755,7110,9281,0
sz000524,0,0,0
sh600031,88917,59172,8941
sh600520,0,0,0
sz002719,0,0,0
sz002787,0,0,0
sz000861,0,0,0
sz300283,7751,0,0
sz002192,0,5250,0
sh601727,2112,0,0
sh600533,0,0,0
sz002859,0,352,0
sz300406,0,0,0
sh601106,0,0,0
sh600050,284435,305933,0
sz002187,0,0,0
sh600452,0,0,0
sz000997,0,3601,0
sz002204,0,0,0
sh603300,0,0,0
sh601999,0,0,0
sz002685,0,1917,0
sz300199,0,1662,0
sz002528,0,0,0
sz000839,23808,18918,0
sh603826,0,0,0
sz002173,0,0,0
sh600851,0,2003,0
sz300395,0,0,0
sz002501,4157,1738,0
sh603580,0,0,0
sh600604,3836,8265,0
sz002308,0,1230,0
sh600510,0,0,0
sh603326,0,0,0
sz300057,0,0,0
sz300082,0,0,0
sz300147,0,0,0
sz002433,1356,0,0
sz002842,561,329,0
sz300620,0,474,0
sz000608,6881,9861,0
sh600821,0,0,0
sz300053,0,2608,0
sz002184,0,0,0
sz300730,808,0,0
sz002789,283,4473,0
sz000791,0,0,0
sh603367,0,0,0
sh601880,5220,5000,0
sz300514,2733,3080,0
sz002238,0,0,0
sz000800,3548,3953,0
sh600360,2218,3500,0
sh600036,221430,216508,19739
sz002617,804,0,0
sz300693,0,0,0
sz300257,0,0,0
sh603819,0,0,0
sz300152,3491,10493,0
sh603985,0,0,0
sz000899,0,0,0
sz002625,0,0,0
sh600262,0,0,0
sh603709,0,0,0
sh603226,0,0,0
sz000589,0,0,0
sh600676,0,0,0
sh601789,0,0,0
sh600531,0,5388,0
sz300710,0,0,0
sh600315,1020,0,0
sz300732,700,609,152
sz002836,0,3355,0
sz000001,321253,307193,7747
sz300264,0,0,0
sh600020,0,0,0
sz300591,0,0,0
sh603060,0,0,0
sh600565,2798,11332,0
sz002862,0,0,0
sh600560,1043,3279,0
sz002705,0,0,0
sz000850,0,0,0
sh603111,8437,2480,0
sz002748,0,0,0
sz002573,7178,19009,0
sz002228,0,3427,0
sh600358,21022,6935,6158
sz300484,0,0,0
sh600385,0,0,0
sz002049,13850,19330,385
sh600886,53958,39782,0
sh603896,0,0,0
sz002547,55429,53862,1096
sz300481,0,996,0
sz300281,0,0,0
sh600893,7571,2489,0
sh600987,0,0,0
sz000613,0,3898,0
sh603683,933,0,0
sz002280,6668,3851,0
sz300100,0,0,1003
sh600381,0,0,0
sh600170,33231,17768,0
sz002138,709,700,0
sz000333,59706,48611,1655
sz002552,0,0,0
sz002355,0,0,0
sz000526,0,0,0
sh603315,0,0,0
sz002264,0,0,0
sh601336,20330,26206,497
sz000967,0,0,0
sz000987,0,0,0
sz002808,0,0,0
sz002054,490510,78634,8181
sh600727,0,0,0
sz000795,0,0,0
sh603356,17981,27764,869
sh603308,0,0,0
sh600293,0,0,0
sz000948,0,0,0
sz300324,1121,0,0
sz300615,0,0,0
sh600830,0,0,0
sh601958,0,2164,0
sh603383,0,0,0
sz000933,12872,24650,0
sh600756,3765,1099,0
sz300174,0,0,0
sz000715,0,0,0
sz002533,0,0,0
sh600288,1521,0,0
sz300183,0,0,0
sh600077,0,0,0
sh600109,8553,10006,0
sz002892,605,0,0
sh601500,0,0,0
sz000777,0,0,0
sh603658,0,242,0
sz002303,1700,0,0
sh600289,7109,5600,0
sz300549,0,0,0
sh603607,0,0,0
sh601901,0,3937,0
sz002386,0,0,0
sz002099,16019,6553,0
sz000993,0,0,0
sh603358,0,0,0
sh600317,0,0,0
sz300660,0,0,0
sz002595,0,0,0
sh603685,0,0,0
sz000038,0,0,0
sh600438,44176,56889,1109
sz300344,0,1510,0
sh601608,0,7502,0
sh600561,0,0,0
sz002055,0,672,0
sh603966,0,0,0
sz300658,0,0,0
sh603116,0,0,0
sz002578,0,0,0
sz002518,0,3127,0
sz000661,1173,1072,0
sz300581,0,0,0
sh600872,0,790,0
sh603165,0,0,0
sz002494,0,0,0
sh603608,0,0,0
sh600761,0,0,0
sh603877,1157,1076,0
sh601798,0,0,0
sh600502,4691,2000,0
sz002740,0,0,0
sz300632,0,0,0
sz000050,6719,11180,0
sz300121,0,0,0
sz300169,0,0,0
sz002484,0,0,0
sh600256,10758,18121,0
sz002377,0,0,0
sz002491,3802,902,0
sz002913,301,0,0
sz002081,805,3175,0
sh603010,0,900,0
sh600738,0,0,0
sz002562,1145,1841,0
sz300303,0,0,0
sh600283,0,871,0
sh600731,0,0,0
sz000768,4491,1500,0
sz002351,0,0,0
sz300563,0,0,0
sz002868,0,0,0
sz000880,0,0,0
sh600847,0,0,0
sz300376,3196,3572,0
sz000605,0,0,0
sz300202,622,0,0
sz002233,0,1004,0
sz000825,131485,181024,0
sh600543,0,0,0
sz002424,0,0,0
sh600268,0,0,0
sz002162,0,0,0
sz002206,0,0,0
sz300542,0,0,0
sh600917,0,0,0
sh601118,23620,3868,0
sz002225,0,0,0
sh603338,146,155,0
sh603006,0,0,0
sh603363,2903,3883,0
sz002835,0,0,0
sz300190,0,0,0
sh603289,0,0,0
sz300197,0,9248,0
sz300068,4564,3214,0
sz000977,94647,44106,5946
sh600276,10788,8089,647
sh603586,0,0,0
sz000968,5618,1046,0
sz300588,0,0,0
sz300668,0,385,0
sz300630,0,0,0
sz002600,80550,48180,0
sh600598,15285,31677,0
sh600455,0,0,0
sz300375,0,2530,0
sh600391,0,793,0
sh603776,586,239,0
sh603818,0,0,0
sh600817,1696,0,0
sz300066,0,0,0
sz300673,0,0,0
sh600436,2896,1580,0
sz000428,0,0,0
sh601811,0,0,0
sz002156,12179,4182,0
sz002153,3404,5104,0
sh603311,0,0,0
sz002888,0,0,0
sh600640,1543,0,0
sh600822,1997,0,0
sh603388,0,0,0
sh600033,0,0,0
sz000878,6176,3938,0
sh603183,0,337,0
sz000030,0,0,0
sh603567,0,0,0
sh603198,721,0,0
sz002447,9186,11730,0
sh600266,1016,0,0
sh600706,0,905,0
sh600493,0,0,0
sz000020,0,0,0
sz300415,0,0,0
sh600231,26540,7807,0
sz000021,3229,2635,0
sz300389,0,0,0
sh603848,0,0,0
sz002637,0,0,0
sh600056,10303,2378,0
sh600219,140472,111067,0
sz002610,5326,34043,0
sz002170,2000,0,0
sh600835,2115,497,0
sz002429,0,0,0
sh600110,4970,5472,0
sh600665,0,0,0
sh603639,0,296,0
sh603039,0,510,0
sh600398,9970,23844,0
sz002106,0,0,0
sz002441,0,0,0
sz300306,0,0,0
sz000069,61059,66252,1382
sz002860,0,0,0
sz002876,0,0,0
sh600287,0,0,0
sz002305,0,0,0
sz000911,0,0,0
sz000023,0,0,0
sz002466,138439,115741,19892
sh601788,93571,36782,1043
sh600282,262296,281956,0
sz300442,0,0,0
sz000665,0,0,0
sh600720,32197,21128,0
sz000751,4369,10822,0
sz002258,5203,521,0
sz300657,0,0,0
sz002790,0,0,0
sz000767,0,0,0
sz002729,0,0,0
sz300040,0,1430,0
sz000727,31180,24748,0
sz300447,0,0,0
sz002416,0,0,0
sz000040,1200,3246,0
sz000760,0,0,0
sh600267,0,2416,0
sz300651,0,0,0
sh603980,0,845,565
sz000407,5201,0,0
sh603019,14746,11406,2550
sh600261,0,0,0
sz300401,1934,3367,350
sz000550,0,633,0
sh600101,0,0,0
sh600602,0,0,0
sz002382,4980,2955,0
sh600879,0,0,0
sz300499,0,0,0
sz002016,16384,21151,0
sh600149,0,0,0
sh603909,0,0,0
sh603690,0,0,0
sz300496,395,411,0
sh600098,0,0,0
sz002330,2447,0,0
sz002071,60592,31340,0
sh600652,3500,5540,0
sz300065,20359,65656,8791
sh603079,2466,943,0
sz002630,0,0,0
sz002453,0,1420,0
sz000728,6324,13432,0
sz300118,0,0,0
sh601117,3041,3433,0
sh600216,7091,1914,720
sh603385,0,0,0
sz300648,618,1604,0
sz000426,22857,44790,0
sz000789,27816,24088,0
sz002363,0,0,0
sh600898,921,0,0
sz002135,0,0,0
sz002221,1015,3417,0
sh600346,9197,1529,0
sz300255,0,0,0
sz300486,724,0,0
sz300085,0,0,0
sz300650,0,0,0
sh600093,9350,6182,973
sz300117,0,0,0
sh603345,0,0,0
sz300645,0,0,0
sh600722,1778,14979,0
sz300268,0,0,0
sh600513,0,0,0
sz300148,49826,5017,4033
sh601086,16478,7068,0
sz300333,0,1500,0
sz300443,0,0,0
sz002613,0,0,0
sh603239,0,0,0
sz000429,0,0,0
sz300698,0,0,0
sz000683,4739,19734,0
sz002040,0,0,0
sh600586,0,0,0
sz000488,14270,21243,0
sh600551,0,0,0
sh600015,63439,57133,0
sz000885,0,705,0
sz002830,0,0,0
sh603601,0,0,0
sz300058,149567,111248,0
sz000719,0,0,0
sz002449,672,7873,0
sz000906,0,0,0
sh600158,9484,9273,1310
sh601101,4519,4528,0
sz002409,0,0,0
sz000972,0,0,0
sh600529,0,0,0
sh600590,0,0,0
sh600236,3658,0,0
sz002193,0,5420,0
sz000544,0,0,0
sh600900,14155,5884,0
sz002223,1221,636,0
sz002697,0,0,0
sh600612,0,519,0
sz000539,0,0,0
sh600966,0,5602,0
sh601988,715515,514272,4230
sz002126,0,0,0
sz002918,0,0,0
sh600400,0,0,0
sz300596,0,0,0
sz002240,0,2105,0
sh600481,0,0,0
sz002286,0,0,0
sz002027,35979,44178,3023
sh601801,1510,0,0
sh600307,21129,39232,0
sz300179,0,0,0
sz000755,0,0,0
sh600523,0,0,0
sz002374,0,0,0
sh600508,0,1110,0
sz300519,0,0,0
sz300074,0,2384,0
sz002871,0,0,0
sz002788,0,0,0
sh603416,0,0,0
sz002534,0,0,0
sh601515,0,0,0
sh600337,5001,5156,0
sh603322,0,0,0
sz000037,0,0,0
sz002078,27687,13765,1087
sh601188,0,0,0
sh600423,0,0,0
sz002861,0,0,0
sz300263,0,0,0
sz002448,0,3092,0
sh600985,978,785,0
sz300110,0,0,0
sh600793,0,0,0
sh601016,0,8976,0
sh603500,0,0,0
sz000876,6753,18371,0
sz300721,0,0,0
sh600579,3874,0,0
sh600860,0,0,0
sh600558,0,0,0
sh600718,5571,2063,0
sz002780,0,0,0
sh600808,126547,166892,0
sh600892,11555,0,0
sz000016,2000,9551,0
sh603555,10885,6400,0
sh600674,7274,5058,0
sz000667,3708,0,0
sh601028,0,0,0
sz300047,17286,10659,0
sh600530,0,0,0
sz002730,0,0,0
sh600123,4925,4668,0
sh600151,2161,0,0
sz300432,0,0,0
sh600011,2314,0,0
sh601326,0,0,0
sh603777,0,0,0
sz002633,0,0,0
sz002190,0,0,0
sh600750,0,0,0
sz300605,0,0,0
sz300426,800,0,0
sz300285,1019,0,0
sz002472,0,0,1801
sz002059,1958,0,0
sh600081,0,0,0
sh600420,0,0,0
sh600537,9338,31126,28318
sh600726,0,0,0
sh603027,0,0,0
sz002563,0,0,0
sh600172,28228,10389,0
sz300649,0,0,0
sh603922,0,0,0
sz300506,0,0,0
sz000788,0,5043,0
sz000856,2685,2293,0
sz002003,0,0,0
sh600419,0,0,0
sz002136,1674,797,0
sh603939,0,0,0
sh600220,0,10500,0
sz002901,425,0,0
sz002406,0,0,0
sz002095,1171,956,0
sz300546,0,0,0
sh600488,0,0,0
sz000731,0,0,0
sz000567,977,532,0
sz002338,0,0,0
sz002362,0,520,0
sz000776,73460,48418,1802
sh603067,0,0,0
sh603387,0,0,0
sz002314,1787,0,0
sz002594,1762,5367,0
sz002586,1429,0,0
sz300420,0,0,0
sz000701,0,0,0
sh600197,1238,3496,0
sz000155,26222,61268,0
sz000702,1994,0,0
sz300672,0,1018,0
sz002485,1409,0,0
sz300072,8245,15433,0
sh600200,0,0,0
sh600115,109272,73448,1378
sz300491,0,0,0
sh600066,33950,27137,1694
sh600183,45608,45825,866
sz300104,293943,482162,18502
sz300101,56363,22442,3831
sh600487,25781,25397,1418
sz000692,0,0,0
sz300063,0,6722,0
sz300172,0,0,0
sh600615,0,0,0
sz300286,0,0,0
sz002171,12531,7676,0
sz000830,185057,136197,8733
sh603861,0,0,0
sh600202,0,0,0
sz300636,0,0,0
sz002164,0,0,0
sh603106,0,608,0
sz000680,0,0,0
sh600375,0,0,0
sz300385,0,0,0
sh601199,0,0,0
sz000782,0,0,0
sh600313,59936,113591,20806
sz002284,0,0,0
sh600389,1489,642,0
sz002826,0,0,0
sz002021,0,0,0
sz000687,0,1123,0
sh600678,0,0,0
sz300696,0,0,0
sz002639,0,0,0
sh603663,0,0,0
sz002708,0,0,0
sh600460,172234,169880,6092
sh600763,1907,3192,0
sz300589,0,0,0
sz300379,0,0,0
sh603768,0,0,0
sh600379,0,0,0
sz300639,0,303,0
sz300378,0,0,0
sh600012,1740,0,0
sz000801,2000,0,0
sz002034,0,0,0
sz000959,0,0,0
sz002872,0,418,0
sz300177,0,0,0
sh600079,2750,3395,0
sh600323,800,12067,0
sh600525,11764,5600,0
sz300093,0,34482,0
sz300235,0,0,0
sh600697,0,0,0
sh600280,1782,0,0
sh600030,658034,655899,41623
sz002367,0,0,0
sz300099,0,0,0
sz000819,0,0,0
sz300366,0,0,0
sz002364,1374,1702,0
sh600891,0,0,0
sz002676,19749,29508,3552
sz002731,0,0,0
sz002298,0,0,0
sh600800,0,2600,0
sh601699,83512,85631,3064
sz000726,0,0,0
sz300077,2000,9464,0
sz300470,1515,0,301
sh603900,1331,0,0
sz300305,0,0,0
sz002380,0,0,0
sz000591,0,0,0
sh603993,145597,187536,6650
sz002133,0,0,0
sh601599,0,0,0
sz002745,0,0,0
sz002774,0,0,0
sz000413,10131,17686,0
sh600737,1485,2430,0
sz000529,0,0,0
sh601799,316,2387,0
sz300697,0,0,0
sz002781,0,0,0
sz002567,0,0,0
sz000802,0,0,0
sz300374,0,0,0
sh603131,0,0,0
sz000707,0,0,0
sz300384,0,0,574
sz002125,0,0,0
sh603933,0,0,0
sh600059,0,0,0
sz002304,5227,7700,503
sh600138,592,0,0
sz300229,0,0,0
sz000065,0,869,0
sz002773,500,215,0
sh600120,0,0,0
sz300423,0,0,0
sh603880,0,0,0
sz002069,11109,9592,0
sh603556,0,559,0
sz300382,3371,0,2131
sz300600,0,0,0
sz002877,0,0,0
sz002419,1288,3875,0
sh601766,68829,134532,0
sz300314,0,0,0
sh603218,0,0,0
sz002014,0,0,0
sz000759,0,0,0
sz300050,0,1287,0
sz002490,0,0,0
sh603005,445,400,0
sh603707,420,700,0
sz002201,0,0,0
sz300059,288014,266944,11572
sz002703,0,0,0
sh600620,0,0,0
sh600466,9807,23196,1051
sh600383,120321,110806,1083
sz002646,0,0,0
sz002294,843,2347,0
sh600234,0,0,0
sz002506,58515,19309,0
sz002425,1855,0,0
sz000862,0,0,0
sz300048,7761,0,0
sh603976,0,0,0
sh600996,0,0,0
sh600981,0,0,0
sz300518,0,0,0
sz000758,0,4064,0
sh600155,1728,0,0
sh603559,436,1308,845
sz002410,1702,694,0
sz300158,0,1966,0
sh600595,0,4751,0
sz000523,0,0,0
sz000752,0,1258,0
sz000815,739,0,0
sz002068,5150,1148,0
sz002521,5281,0,0
sz300102,7681,15349,0
sz002536,0,0,0
sh600566,7820,5755,0
sh600861,0,0,0
sh600609,0,0,0
sh603589,1622,1254,378
sz002285,7157,6631,0
sz000159,0,0,0
sz002440,11401,13612,821
sz002157,16083,3515,0
sz300740,0,0,0
sz000418,381,1017,0
sh603516,8104,31317,1919
sz002717,0,0,0
sh600863,0,0,0
sz300551,0,800,0
sh600624,0,0,0
sh603656,0,0,0
sz002137,4342,2449,0
sh603096,0,0,0
sz000561,0,0,0
sz002852,0,0,0
sz300360,0,0,0
sz000032,0,1667,0
sz300220,0,0,0
sh600749,0,0,0
sz300520,600,0,0
sz002044,630,0,0
sh600406,12508,13808,0
sz002094,2470,1262,0
sh600710,1961,0,0
sz002196,0,0,0
sz300684,397,1456,386
sh600875,12088,8644,0
sh600489,16309,7533,0
sz300271,10846,21041,0
sz000999,0,1202,0
sh603393,0,0,0
sz002496,2254,0,0
sz300678,382,0,0
sh600681,1044,1000,0
sh600820,4790,2947,0
sz002012,0,0,0
sz300586,8575,5512,0
sz000062,0,643,0
sz300028,0,0,0
sz300665,0,0,0
sh600308,3010,0,0
sz000837,2379,0,0
sh600018,23273,27015,0
sz300328,0,0,0
sz002543,1201,0,0
sz002801,0,0,0
sz002332,0,0,0
sh603128,0,0,0
sz002350,0,0,0
sh601616,0,0,0
sh601992,25635,35934,0
sh600058,0,0,0
sh600516,306171,404743,63272
sh601375,0,1728,0
sz300108,0,0,0
sz300003,4518,4461,2010
sz300532,4578,1992,4398
sh600448,0,0,0
sh600135,0,0,0
sz000615,1377,1528,0
sz300193,0,0,0
sh603266,0,0,0
sz300029,0,0,0
sh600233,0,0,0
sz300073,11104,23940,6457
sh600797,3341,6158,0
sh600613,0,0,0
sz002513,0,0,0
sz000401,13126,15125,0
sh600345,0,0,0
sz002903,7631,4495,330
sz300653,0,0,0
sh600702,4950,13514,312
sh600163,0,0,0
sz300200,0,0,0
sz002487,0,0,0
sh603533,707,0,0
sh600177,0,2000,0
sz000983,25839,27104,0
sz300446,0,0,0
sz002261,2106,4208,0
sh600833,0,0,0
sh600335,0,0,0
sz000404,0,2570,0
sh600990,0,0,0
sh601398,1542888,1291050,16498
sz002516,0,0,0
sz002056,4900,0,0
sh600162,0,11113,0
sh603959,0,0,0
sz300572,0,0,0
sz300388,0,1678,0
sz002772,0,0,0
sz000928,1766,2000,0
sh603806,0,0,0
sz300320,0,1527,0
sz002408,3769,800,0
sz002396,2932,1968,0
sz300575,0,0,0
sz002461,0,0,0
sz300592,0,0,0
sh603203,0,0,0
sz300242,0,0,0
sh600499,12627,9388,1511
sz300176,0,158,0
sh600019,305924,392738,3096
sh600153,4169,4858,0
sh601108,5865,9523,0
sz000498,0,0,0
sz000887,700,9019,0
sz000882,0,0,0
sz000166,12291,12301,0
sz300250,0,0,0
sz002813,438,0,0
sh601005,0,0,0
sz002024,35253,33226,0
sz002436,0,0,0
sz002145,2350,4216,0
sz000908,0,0,0
sz000989,4813,3439,692
sz002583,15535,963,0
sz002150,0,0,0
sz002839,15472,21559,0
sz000926,2207,0,0
sz300637,0,0,0
sh600573,0,0,0
sh600868,0,0,0
sz000419,0,0,0
sz000869,0,388,0
sz000518,0,0,0
sh600890,0,0,0
sh600310,0,0,0
sh603617,0,0,0
sh600023,0,11665,0
sz300114,0,0,0
sz000729,8275,1828,0
sh600206,3545,1112,0
sz002180,500,0,0
sh600728,0,9821,0
sh603665,0,0,0
sh603488,1638,0,0
sh600343,0,1866,0
sh603866,0,2571,0
sh603722,0,0,0
sz002555,730,6613,0
sz000536,0,2630,0
sz000025,405,396,0
sh600319,3320,0,0
sz002722,0,0,0
sz000679,0,0,0
sz002105,0,0,0
sh600259,363,530,0
sh600318,0,0,0
sh600550,0,1891,0
sh603127,0,0,0
sz300345,0,0,0
sz300109,0,356,0
sz300398,0,0,0
sz300195,0,0,0
sz002473,0,0,0
sz002733,0,0,0
sh600647,0,0,0
sh600428,0,0,0
sz002310,1786,8351,0
sz002369,0,0,0
sz002882,0,0,0
sz002561,0,0,0
sz002158,0,1276,0
sh603737,189,500,0
sz000691,5787,7216,0
sh603277,0,0,0
sz000517,47525,27988,0
sh600161,0,591,0
sz002587,0,0,0
sz002107,0,0,0
sh603335,0,0,0
sh601949,0,1655,0
sz300516,0,0,0
sz000920,1489,0,0
sz002866,0,1720,0
sh603136,0,355,0
sz300390,0,0,0
sh600239,21374,17887,2813
sz300686,0,0,0
sz000656,10910,13755,0
sz002883,738,262,0
sz002605,0,0,0
sz300168,7989,18585,0
sh600848,0,0,0
sz002061,11618,0,0
sz300685,0,0,130
sz002864,0,0,0
sz000917,0,5446,0
sz002565,0,0,0
sh601233,13725,11600,0
sh600480,0,900,0
sh600292,0,0,0
sz000563,0,2558,0
sh600556,3183,2486,0
sh603577,0,0,0
sh601717,6339,5000,0
sz300248,0,0,0
sh603926,0,0,0
sh603233,0,0,0
sz000592,0,5598,0
sz002803,0,0,0
sh600777,4807,12867,0
sz300291,4451,2332,0
sz300351,0,0,0
sh600185,0,2937,0
sh600119,0,0,0
sz300456,0,0,0
sh600803,5202,4404,1250
sz002548,0,0,0
sh600655,1308,0,0
sh601088,66311,62028,514
sh603889,9231,0,0
sz300249,0,0,0
sz000622,0,0,0
sz002458,1605,6348,997
sz000733,0,0,0
sz300015,13763,7072,1030
sz002677,2001,0,0
sz300034,0,0,0
sh600468,0,6500,0
sz000502,0,1100,0
sz002855,0,0,0
sz002654,1693,0,0
sz002129,66545,69467,0
sz300332,0,7075,0
sz300569,0,0,0
sh601595,0,0,0
sh600626,0,0,0
sh600562,0,0,0
sh600074,66782,75726,0
sz000822,2861,4407,0
sz002334,0,0,0
sz300469,0,0,0
sh600386,0,0,0
sz300431,8124,6943,1991
sh600279,0,0,0
sz002503,0,0,0
sz300418,12373,8671,0
sh600555,0,0,0
sz000918,0,0,0
sz300043,0,3000,0
sh600651,0,0,0
sz000935,2593,1496,0
sh603689,0,0,0
sz300725,202,1498,0
sz000096,0,0,0
sz300458,0,595,0
sz300064,14188,0,0
sz000998,4101,3876,0
sh603477,0,954,0
sh603028,0,0,0
sz300584,0,0,0
sz300125,0,500,0
sh600919,59658,43733,0
sz300387,0,0,0
sz002843,0,0,0
sz000525,1532,501,0
sh601929,8307,9901,0
sh603881,0,0,0
sz300629,0,0,0
sh600724,0,0,0
sz300350,0,0,0
sh600372,2207,0,0
sh601238,506,1113,0
sh600696,0,0,0
sh601636,112519,57702,2572
sh603960,0,0,0
sh603979,0,0,0
sz300354,0,0,0
sh603708,0,860,0
sh603008,0,0,0
sh600559,3123,2178,0
sz002779,0,0,0
sz000005,0,3000,0
sz002691,0,0,0
sh603041,0,0,0
sz002159,0,0,0
sz300091,0,0,0
sz300541,0,0,0
sz002043,0,0,0
sz002017,0,0,0
sz000682,0,0,0
sh600299,0,0,0
sz002120,0,0,0
sz002526,0,0,0
sh600873,3001,7930,0
sz300543,951,997,0
sh600461,0,0,0
sz002823,0,0,0
sz000553,0,0,0
sz000043,0,2500,0
sh600517,0,2887,0
sz000551,0,0,0
sz000528,89280,52195,0
sz300579,0,0,0
sz002291,1685,0,0
sz002665,2504,1988,0
sh600116,0,4702,0
sh601601,60387,57549,5869
sh600795,28631,59208,0
sh600864,0,0,0
sz300453,0,950,0
sz300633,0,0,0
sz002117,0,0,0
sz002169,0,0,0
sh600528,0,0,0
sh600744,0,3418,0
sz300391,0,0,0
sz000002,109553,83750,4305
sh603855,0,0,0
sz002172,0,0,0
sz300640,0,0,0
sh603031,0,0,0
sh600190,0,0,0
sh603978,0,0,0
sh603859,0,0,0
sz300182,2000,8498,0
sh601872,0,0,0
sz000521,0,0,0
sz000895,7583,6724,0
sz000705,0,0,0
sz002644,1412,1345,0
sz300239,0,0,0
sz300528,0,0,0
sz002327,2179,0,0
sz300539,0,0,0
sz300468,0,0,0
sz002007,0,1925,0
sz002315,0,0,0
sz002492,0,0,0
sz000678,0,1753,0
sh600397,0,3923,0
sz002025,2596,0,0
sh600630,0,0,0
sz000723,9400,4027,0
sz002585,0,0,0
sz300224,0,0,0
sz002209,0,0,0
sz300565,0,0,0
sz300138,0,0,0
sh601107,0,0,0
sz002614,0,0,0
sz300621,0,0,0
sz002341,0,0,0
sh603669,0,0,0
sh601555,4034,0,0
sz002489,0,0,0
sh600377,4493,1948,0
sh600284,0,4052,0
sz002827,0,0,0
sz300025,0,4571,0
sh603568,0,0,0
sh603197,0,370,0
sz000923,0,0,0
sh600887,100028,77131,3036
sz002642,0,1350,0
sh600843,0,0,0
sz000014,3406,3993,0
sz300573,0,0,0
sh600027,0,50622,0
sh600215,0,2599,0
sz002856,1638,561,0
sz002811,0,0,0
sz300284,0,0,0
sh600091,0,0,0
sz002549,0,0,0
sz300540,0,0,0
sz300334,0,0,0
sz002197,0,0,0
sh603901,0,0,0
sz300662,0,0,0
sz000089,1364,3254,0
sz000066,6972,0,0
sz002236,30048,26759,675
sh600192,0,0,0
sh600121,0,0,0
sh600392,7223,14619,0
sz002214,0,0,0
sh600269,3369,2415,0
sz300718,0,0,0
sz300322,9423,2000,0
sz300335,0,875,0
sh600108,0,7437,0
sh601100,0,384,0
sh600760,15131,14860,1886
sz300587,0,0,0
sz300295,0,0,0
sz300585,0,0,0
sz002434,14111,11022,0
sz002634,0,2500,0
sz002142,41535,32198,3804
sh603920,0,0,0
sz002669,10937,3003,0
sh600880,0,7555,0
sh603779,0,0,0
sh600779,5659,8473,225
sz002111,0,0,0
sh600545,1201,1125,0
sz002399,0,0,0
sz000672,17508,14541,1513
sz002857,0,0,0
sz002829,0,0,0
sz002248,1100,0,0
sz002443,0,0,0
sz300191,0,0,0
sz002263,0,12410,0
sz300487,17541,20365,3868
sz300381,0,0,0
sz002753,0,0,0
sz002648,0,1937,0
sz002246,3174,0,0
sz002234,0,0,0
sh600325,48760,55916,1722
sh600874,8647,1880,0
sz300703,0,0,0
sh600687,0,2905,3000
sh603916,0,0,0
sh600552,0,0,0
sh600446,0,0,0
sz300272,0,0,0
sz002063,1527,3244,0
sz000601,0,3660,0
sz002235,0,2593,0
sz002274,0,0,0
sz002383,0,1793,0
sz000970,3690,9616,0
sz002109,0,0,0
sh603110,0,0,0
sz000981,0,1824,0
sz300227,0,0,0
sz000010,0,0,0
sz300150,0,0,0
sz002077,0,0,0
sz300364,5850,6530,0
sz300627,0,0,0
sz002446,0,1835,0
sz300373,0,0,0
sz300018,0,0,0
sh603022,0,0,0
sz300560,0,0,0
sh600260,1099,4212,0
sz002706,0,0,0
sz002414,913,0,0
sz000700,3508,2500,0
sz002760,16852,0,0
sh600754,4576,1244,0
sh600603,0,12093,0
sz300129,0,2500,0
sz300407,0,0,0
sz000537,34145,36795,774
sh600690,40423,58956,3275
sh603076,0,0,0
sz002097,1600,0,0
sz000898,59161,65623,0
sh600641,0,0,0
sh600053,0,0,0
sh603515,487,0,0
sz000403,0,0,0
sh603357,0,0,0
sh600973,0,0,0
sh603050,0,0,0
sz002412,0,0,0
sz002553,0,16541,0
sh601777,0,0,0
sz300161,3507,2619,906
sz300294,0,0,0
sh600496,0,0,0
sh600495,0,0,0
sz300211,0,0,10000
sz300556,0,0,0
sz300676,500,1038,146
sh600636,3077,0,0
sz000582,0,0,0
sz000725,3051402,2137197,2353
sz300254,0,0,0
sh600363,2000,0,0
sh600662,0,0,0
sh601069,1665,2475,0
sz300061,801,700,0
sh603612,0,300,0
sh600654,0,0,0
sz002759,0,0,0
sz300112,0,0,0
sh600965,0,0,0
sz300365,0,429,0
sz000514,0,0,0
sh600104,23063,7731,335
sz300144,622,2497,0
sz002430,2001,0,0
sh600721,0,0,0
sz000698,0,0,0
sz300733,0,0,0
sz300517,0,0,0
sh603225,0,1660,0
sh603626,4665,2457,0
sz002463,7121,23090,0
sz000969,0,0,0
sz002208,0,0,0
sz002470,2013,4786,0
sh600532,6040,0,0
sz300667,0,0,0
sz300402,0,0,0
sz000004,736,0,0
sh601038,1675,0,0
sz002488,1416,1500,0
sz002627,0,0,0
sz002796,0,0,0
sz000826,5040,1740,0
sz002051,0,0,0
sz300339,0,0,0
sh600507,176500,124864,10796
sz000697,773,2129,0
sh601808,3158,1447,0
sz002660,0,0,0
sz300428,0,0,0
sz000157,24588,10832,0
sh600416,0,0,0
sz300095,0,11474,0
sh600339,0,0,0
sz002438,0,0,0
sh600298,2001,1968,0
sz300535,0,0,0
sh603339,0,0,0
sh600593,5107,1122,0
sh600642,3008,2015,0
sz002255,0,0,0
sz300562,0,0,0
sz300300,0,0,0
sh603011,0,0,0
sz300080,0,0,0
sz002895,0,485,0
sz002306,0,0,0
sz300030,0,0,0
sz002151,1279,1408,1296
sh603166,0,0,0
sz000632,2007,0,0
sz300342,0,0,0
sh600311,0,0,0
sh603508,0,0,0
sh600963,0,3170,0
sz300140,0,1275,0
sz300062,2600,0,0
sz002515,4011,5270,0
sz000027,0,0,0
sh600462,0,0,0
sz002658,0,0,0
sh603990,0,0,0
sh600977,694,1470,0
sz002091,0,0,0
sz300523,0,0,0
sz002688,0,0,0
sh600789,72314,85396,0
sz002896,0,0,0
sh600536,11456,5640,1026
sz300552,0,0,0
sz000713,1875,2017,0
sz300276,0,0,0
sz002343,4723,1441,0
sz000851,0,0,0
sz300265,0,0,0
sh603009,0,0,0
sz002741,0,0,0
sh601898,13491,15488,0
sz002805,0,0,0
sz300293,0,0,0
sh601177,0,0,0
sh600038,2435,3665,0
sh601228,0,2996,0
sh603977,1525,0,878
sz300550,0,0,0
sh600143,0,0,0
sz000410,0,0,0
sz000982,0,0,0
sz000681,3288,14008,1710
sh600621,0,2637,0
sz000809,3219,0,0
sz002832,0,0,0
sz002751,0,0,0
sz300638,0,0,0
sz000951,0,683,0
sh600418,0,0,0
sh600677,0,0,0
sz000903,0,0,0
sz002322,0,7074,0
sz000655,0,0,0
sh600167,0,0,0
sh600933,775,0,0
sz000716,0,0,0
sz300670,0,0,0
sz300347,0,668,395
sz000779,0,0,0
sh603466,1263,1271,249
sz300555,0,0,0
sh603868,0,0,0
sz002237,1456,1785,0
sz300451,7958,10094,3375
sh603100,0,0,0
sz002465,27543,4128,0
sh600301,0,0,5000
sh603799,45174,46946,8295
sz000735,12272,16889,0
sh600444,0,0,0
sh603016,1743,580,0
sh603912,0,1824,0
sz000652,2545,2466,0
sz002459,0,1316,0
sh600469,0,0,0
sh603686,0,599,0
sz002495,0,0,0
sz300553,0,0,0
sh600136,0,0,0
sz002817,0,0,0
sz300259,0,0,0
sz000590,1116,0,0
sz300616,0,0,62
sz002452,0,0,0
sz300232,937,0,0
sz002890,0,0,0
sh603839,0,0,0
sz300408,6587,8340,0
sh600225,0,0,0
sz300377,0,1300,0
sz002454,0,0,0
sh600396,0,0,0
sz000790,0,0,0
sz002746,0,0,0
sz002230,37265,50685,2397
sh600295,7031,1176,0
sh603023,0,0,0
sz002902,0,0,0
sz002884,0,0,0
sz002333,0,0,0
sz300558,864,218,0
sz002498,3456,0,0
sz001896,0,0,0
sz002084,0,0,0
sz000626,0,0,0
sz002110,32832,20531,535
sh603599,0,1000,0
sz000962,0,0,0
sz002926,106281,253710,10180
sz002608,0,0,0
sh603505,1318,0,0
sh600825,0,0,0
sz002889,0,0,0
sz300154,0,0,0
sz000008,0,1956,0
sh603630,0,0,0
sz002372,1002,2313,0
sz002200,0,0,0
sz000717,43808,25330,0
sh600958,1731,11779,0
sh600908,0,6062,0
sz002725,0,0,0
sz002340,18509,33125,0
sz000555,0,0,0
sz300386,0,0,0
sz002114,1908,0,0
sh601008,3363,0,0
sh603178,0,0,0
sh600725,0,0,0
sz300626,0,0,0
sh600841,0,0,0
sh600885,5375,965,0
sz300246,0,0,0
sz000531,0,0,0
sz300568,1084,1641,0
sh600352,93184,73051,2844
sz002227,0,0,0
sz000931,5765,0,0
sh600240,0,0,0
sh603823,0,0,0
sz300120,0,0,1635
sz300394,0,0,0
sz300483,861,0,0
sz002029,0,0,0
sz000070,0,0,0
sz002570,30610,6194,0
sz002793,0,0,0
sh603638,354,0,0
sz300026,0,0,0
sz300122,925,4964,0
sh603938,0,0,0
sz300212,16736,27861,1520
sh600067,3438,2000,0
sh600660,4935,1442,0
sz300124,13479,2204,2207
sz000963,1899,2614,229
sh600265,0,0,0
sh603319,0,0,0
sh600433,27640,136164,0
sh600757,0,1600,0
sz002046,0,0,0
sh603727,0,0,0
sh603133,0,0,0
sh600680,0,1928,0
sh600055,0,0,0
sh600881,0,0,0
sz002681,0,0,0
sz002715,0,0,0
sh601882,0,0,0
sz002591,0,0,0
sz300448,0,0,0
sz300537,0,0,0
sz300521,0,0,0
sz300617,0,341,0
sh600701,5600,4363,0
sz000892,0,0,0
sz000045,0,0,0
sz002052,0,0,0
sh600859,0,708,0
sz000501,755,638,0
sh603025,0,340,0
sz000921,0,2096,0
sh600330,0,1430,0
sh600999,14022,20028,0
sz002806,0,0,0
sh600572,0,10286,3135
sz300084,0,0,0
sh600156,0,0,0
sh600888,0,0,0
sz002119,0,0,0
sz002766,5033,0,0
sz000988,6171,2001,0
sz300643,0,0,0
sz002690,1461,0,0
sz000650,0,0,0
sh600819,0,0,0
sz000421,0,0,0
sz300014,19529,27901,685
sz002850,235,0,0
sh601989,88575,147679,0
sz300258,0,830,0
sz300162,0,0,0
sz002115,0,0,0
sz300027,28755,29690,2767
sh600959,1787,6315,0
sz002205,0,0,0
sz300463,0,0,0
sz002009,2245,1453,0
sz002319,14753,689,692
sz002132,0,5322,0
sh600986,1372,1500,0
sz002279,4040,3894,0
sz300024,652,1850,0
sz002326,0,0,0
sh600426,16638,16746,0
sz000513,4132,5065,187
sh603040,0,0,0
sz300087,0,0,0
sz300722,0,0,0
sh600130,45999,2041,0
sh600971,8701,4209,0
sz002101,0,0,0
sz000953,0,0,0
sz000915,3025,5326,0
sh600732,0,0,0
sz300113,74720,38358,4520
sz300016,0,0,0
sh603429,3300,0,0
sz002761,369,818,961
sz000048,505,0,0
sz002531,2072,2000,0
sh603928,0,0,0
sz300218,0,0,0
sh600716,2500,0,0
sz300362,0,995,0
sh600271,5186,2312,0
sh603619,0,310,0
sz300647,0,0,0
sh601231,0,3524,0
sh601566,0,0,0
sh603365,0,0,0
sz002849,0,0,0
sz300464,0,0,0
sz000557,0,0,0
sz300296,0,2266,0
sh600747,0,0,0
sz300094,0,0,0
sz300688,0,0,0
sz002653,0,0,0
sz300403,0,0,0
sz300445,0,0,0
sz002863,5132,8426,830
sh601021,995,0,0
sz000807,45472,26472,0
sz002239,0,0,0
sh600978,0,0,0
sh601218,0,4887,0
sz300416,0,0,0
sh603997,0,0,0
sz300631,0,0,0
sz000099,0,0,0
sz002915,7874,13567,690
sh600367,0,0,0
sh600704,12153,5513,0
