sz300130,502,7248,0
sz002683,0,0,0
sh600498,2322,4817,0
sh603398,0,0,0
sh600711,89068,50949,0
sh601633,7354,6981,0
sz300673,0,0,0
sz002021,0,0,0
sz002363,0,0,0
sh600421,0,0,0
sh603077,21012,37026,0
sh603578,0,0,0
sh603939,0,1586,0
sh600380,2019,5001,0
sh600169,0,7120,0
sz002193,1240,0,0
sz002688,0,0,0
sh603006,0,0,0
sh601318,337159,326446,32732
sh600104,19934,25620,1008
sz002622,14928,8635,1201
sz002084,0,0,0
sz300016,0,1852,0
sz000911,1685,0,0
sz002654,0,0,0
sz002730,0,0,0
sh600317,0,0,0
sh601106,28428,57027,0
sz002566,0,0,0
sh603238,0,0,0
sz300698,369,0,0
sz002354,4788,741,0
sh603421,0,0,0
sz300582,0,0,0
sz002546,0,2700,0
sh601811,0,0,0
sh600208,429656,235316,0
sz002365,753,495,0
sz002469,0,0,0
sh601113,896,0,0
sz300307,0,0,0
sz300178,0,0,0
sh603266,0,0,0
sz300115,3874,2584,0
sz300650,0,0,0
sz300418,9828,11604,0
sh600066,5117,12606,2359
sh600119,0,0,0
sh600641,2339,5055,0
sz300312,0,3102,0
sh600721,0,0,0
sz002164,0,0,0
sh603359,0,0,0
sh600879,1322,2546,0
sh600004,7706,11005,0
sz300035,0,0,0
sz000965,0,0,0
sz300398,0,0,0
sz000166,32922,115074,0
sh603916,0,0,0
sh600895,0,0,0
sz002786,0,0,0
sh600732,0,0,0
sh600130,0,1501,0
sz002893,19021,12575,6014
sh603002,2019,1813,0
sh603499,12092,4950,360
sz300668,0,0,0
sz300205,0,0,0
sz002598,0,0,0
sz002400,27462,87246,2008
sz000985,0,0,0
sz002907,9839,10817,845
sz000820,4616,11413,0
sz300549,0,0,0
sz300591,0,0,0
sz300548,0,0,0
sz300252,877,0,0
sh600850,0,0,0
sh600315,1131,1824,0
sz000795,0,0,0
sz000990,0,0,0
sz300013,0,0,0
sz300075,0,1075,0
sz002837,0,0,0
sz000417,3238,0,0
sh600612,274,0,0
sz300705,0,0,0
sh600714,0,0,0
sz300288,606,2680,0
sh600549,22908,13869,832
sh600223,0,0,0
sz300299,0,0,0
sh603933,7496,0,945
sz300409,898,1440,401
sh603588,0,1228,0
sz300385,0,0,0
sz300393,298,0,0
sz000555,0,2012,0
sh600163,0,0,0
sh601188,0,0,0
sz002556,6589,8672,0
sz300136,58658,43362,8480
sz000656,5984,28511,0
sz000538,870,1143,0
sz000828,1468,0,0
sh601225,189981,281449,0
sz000811,0,9156,0
sz002616,0,0,0
sh600857,0,0,0
sh603311,0,0,0
sh603817,0,0,0
sh600237,0,0,0
sz002233,853,11354,0
sz002716,1730,1157,0
sz002218,2516,13774,0
sh603188,2000,1635,0
sz000627,0,4317,0
sh600361,29902,49245,0
sh600888,1990,8238,0
sz002382,708,3793,0
sz300545,0,0,0
sz002322,0,0,0
sh603536,0,0,0
sz002858,0,0,0
sh600761,1390,1350,0
sz300289,0,1678,0
sz002053,0,0,0
sh603110,0,0,0
sz002183,7813,10935,0
sz000918,0,2020,0
sh600369,5038,11153,0
sh601968,25317,0,0
sh600831,0,0,0
sz300388,0,500,0
sh603699,28473,991,0
sh600356,0,0,0
sz000038,0,0,0
sh600135,1121,1022,0
sz002498,0,0,0
sz000610,0,0,0
sh600379,0,0,0
sz300224,0,0,0
sh600321,0,2518,0
sh600987,0,1939,0
sh600373,1400,1710,668
sz000068,0,0,0
sz002329,0,22910,0
sh603685,0,305,0
sh603859,0,0,0
sh600482,0,0,0
sz002102,0,0,0
sz300271,1679,6139,606
sz000517,33815,50321,0
sh600780,0,0,0
sh600493,0,0,0
sh603922,0,0,0
sz300583,0,0,0
sz000626,2400,0,0
sz000563,0,12324,0
sz300396,0,0,0
sh600785,0,0,0
sz002359,1217,9192,0
sz000826,718,1300,0
sz002330,3999,0,0
sz002296,0,3758,0
sz002909,1932,1321,0
sz000876,19207,46765,0
sh600352,236495,132030,2381
sh603656,0,0,0
sh601616,0,0,0
sz002062,0,0,0
sz002275,0,900,0
sz000582,0,0,0
sh600235,0,0,0
sz300484,0,0,0
sh600984,8325,1702,0
sz000560,1101,0,0
sh603757,0,0,0
sz000550,0,0,0
sh600330,0,1252,0
sz300362,0,0,0
sz000681,499,1970,0
sz300608,543,0,0
sh600287,0,0,0
sz002388,0,0,0
sz002130,0,2200,0
sh600719,0,0,0
sz300516,301,269,0
sz002807,57958,24470,1428
sh600686,5430,926,0
sh600683,0,3000,0
sz300006,0,8734,0
sz300359,0,9580,0
sz300655,0,0,0
sz000559,2000,2786,0
sz002514,8940,8370,0
sz000089,5095,1114,0
sz000505,26313,27725,0
sz002848,0,0,0
sz002593,0,0,0
sz300654,330,0,0
sz300244,0,4466,0
sz300022,0,0,0
sz300625,0,0,0
sz002421,0,7842,0
sz002249,2877,0,0
sh600661,0,0,0
sz000501,7294,5452,0
sh600826,0,0,0
sz002668,5343,1829,555
sh600797,1851,11857,0
sz002150,0,0,0
sz300596,0,0,0
sz000783,3566,30701,0
sz300701,0,651,0
sh600690,82340,73428,1080
sh603178,0,0,0
sz000565,0,1663,0
sz002094,0,600,0
sz300342,0,0,0
sz300415,0,600,0
sz002200,0,0,0
sz002480,0,0,0
sz002437,24867,15034,0
sz002847,0,0,0
sz300558,174,668,0
sh603086,0,0,0
sh603333,2000,0,0
sz300162,0,0,0
sh600090,0,1784,0
sz300589,0,0,0
sz002151,324,2551,0
sz002405,3690,10991,1445
sh600512,2991,5573,0
sh603920,0,0,0
sz002910,0,459,0
sh601952,6642,7030,730
sz300439,0,0,0
sh600779,8574,9540,227
sz002042,1578,0,0
sh603999,0,0,0
sh600333,0,11481,0
sz300522,0,0,0
sh603399,0,0,0
sz300613,0,0,0
sh603659,583,217,0
sh600885,1812,1865,0
sz300721,0,297,0
sh600325,238027,245957,14350
sz002318,0,0,0
sz002277,1786,1766,0
sh600853,14906,0,2235
sh600571,1026,1000,0
sz300282,0,0,0
sz300517,2060,1782,972
sz002050,5847,8202,0
sz002626,1192,605,0
sh600012,0,0,0
sh603025,0,0,0
sh600281,0,0,0
sz002008,21333,25242,2020
sh600308,0,7191,0
sz002571,0,0,0
sz002087,0,0,0
sh600601,0,8444,0
sh600808,225956,448343,3713
sz002337,0,0,0
sh600125,4102,25475,0
sz000957,0,1972,0
sz000572,2688,0,0
sz002090,0,0,0
sz300520,0,0,0
sz300617,0,0,0
sz300270,0,0,0
sz300138,0,0,0
sz002577,0,0,0
sz002231,1000,1100,0
sz300536,0,0,0
sz000591,4964,10504,0
sz002748,0,0,0
sh600743,34009,20645,0
sh600423,0,0,0
sz300152,2002,0,0
sh603183,528,0,0
sz002208,0,0,0
sh603169,0,0,0
sz300541,0,0,0
sz002324,0,0,0
sh601375,7429,2129,0
sz002429,0,5000,0
sz000608,7519,48261,1226
sh600863,0,23458,0
sz002205,0,0,0
sh601933,264618,213255,11478
sz300736,0,2321,0
sz000791,8251,2392,0
sh600115,258190,187217,6634
sh603286,301,0,0
sz002806,0,0,0
sz000759,5734,0,0
sz300253,10347,7419,0
sz002444,1000,0,0
sh603388,1826,1547,0
sz002022,0,0,0
sz002034,0,0,0
sz000620,4709,29024,0
sh600802,0,0,0
sz002230,30549,26162,692
sz002478,0,0,0
sz300131,0,0,0
sh603090,0,0,0
sz002705,0,0,0
sz000901,0,1145,0
sz000066,21693,11441,0
sz002202,16671,36740,893
sh603039,0,0,0
sz300304,0,0,0
sz002771,0,0,0
sz000657,0,0,0
sh601918,0,16776,0
sh600800,2000,0,0
sz000002,270264,305822,30965
sz300170,2888,9570,0
sz300018,0,0,0
sz300149,13489,18862,2873
sz002631,0,0,0
sh600572,0,4613,0
sz000403,0,0,0
sz002606,187146,25685,1202
sz300248,0,0,0
sz000510,0,0,0
sz300261,0,0,0
sh600579,0,0,0
sz002835,0,0,0
sh600103,0,3800,0
sh601126,0,0,0
sz002552,0,0,0
sz000090,4803,5621,0
sz300690,0,0,0
sh603017,0,0,0
sz002273,2976,9220,0
sz000776,74229,109159,1580
sz300638,0,362,0
sh603688,0,0,0
sh603060,0,0,0
sh600074,0,0,0
sz000548,0,0,0
sz300718,5102,10038,1009
sz300352,0,0,0
sh600202,8877,9319,1557
sh600990,0,4036,0
sz000679,0,0,0
sh603067,0,0,0
sh601999,0,0,0
sh600030,917950,910655,44418
sh603196,0,0,0
sz300566,0,0,0
sh600962,0,0,0
sz300113,30615,38502,1374
sz002842,0,0,0
sh603089,0,0,0
sz002852,407,0,0
sz002295,0,0,0
sz002543,542,0,0
sz002855,0,0,0
sz002139,2111,0,0
sh603567,0,0,0
sh600606,289525,500836,4602
sz002417,0,0,0
sz002549,0,0,0
sh600381,0,971,0
sz002377,0,0,0
sz300338,0,0,0
sz300514,0,0,0
sz000632,0,0,0
sh600322,0,4998,0
sz002474,0,0,0
sz300685,523,1013,0
sz002187,1003,0,0
sh600781,0,0,0
sh600098,0,1710,0
sz300377,4932,3615,820
sz300287,3233,3508,0
sz300232,0,1877,0
sz000726,2005,0,0
sh600351,0,0,0
sz002026,0,0,0
sz000963,3197,2307,0
sz300059,443088,432501,33123
sh603980,0,0,0
sz300031,0,2359,0
sh600037,910,0,0
sz002667,0,0,0
sz002565,0,0,0
sz000088,2736,0,0
sz300043,2785,4723,0
sh601163,516,618,0
sh600999,26456,49446,0
sh603387,0,0,0
sz002519,2193,0,0
sz002073,0,0,0
sh600397,8972,0,0
sh600399,0,8214,0
sz002506,2726,14530,0
sh603226,0,0,0
sh600489,11142,46338,0
sh600718,774,2200,0
sz000404,2010,4021,0
sz300726,0,977,0
sz000059,40733,23965,0
sz000418,2127,1341,198
sz000902,0,0,0
sz000333,69955,66175,4824
sz002107,0,0,0
sh603566,0,0,0
sz000429,0,0,0
sh603729,0,0,0
sh600480,0,0,0
sh600468,0,0,0
sh603811,0,0,0
sh600234,0,0,0
sz002019,9685,10791,1016
sz300009,12743,14515,1059
sz002391,0,0,0
sz002493,11038,5099,0
sz000960,161225,183265,12068
sh601718,0,4265,0
sz300194,0,0,0
sz000409,0,0,0
sz000927,0,0,0
sz002798,0,247,0
sh603515,0,0,0
sz000825,1319918,1353105,48953
sh603496,0,0,0
sh600593,400,0,0
sh600569,48851,90561,0
sz000926,19272,29527,832
sz000027,0,3184,0
sh600567,138541,138929,0
sz300195,0,0,0
sh600633,0,0,0
sz002646,0,0,0
sh600291,970,7023,0
sz002406,0,0,0
sz002872,0,0,0
sz000065,0,0,0
sh600843,0,0,0
sz002479,6683,11633,1035
sz002585,0,9694,0
sz300291,0,2833,0
sz300227,0,0,0
sh601595,0,0,0
sz000605,992,0,0
sz002541,0,0,0
sz002562,0,0,0
sh600448,0,0,0
sz000159,6689,0,0
sz002547,15867,9359,0
sz300667,0,0,0
sh603936,1058,0,0
sz300300,639,0,0
sh603606,0,0,0
sz002250,1000,6784,0
sh600789,50373,44955,2779
sz300147,0,0,0
sz300629,0,0,0
sh600161,1551,994,780
sz001696,0,0,0
sz002369,4000,0,0
sh600026,3485,10716,0
sh603020,0,0,0
sz000615,2325,6104,0
sz000723,0,0,0
sz000895,5938,2272,0
sh603556,0,0,0
sz002862,0,0,0
sz002913,241,0,0
sh600523,0,0,0
sz002463,0,0,0
sz002886,0,0,0
sz000598,0,11501,0
sz300025,0,0,0
sz000553,2116,0,0
sh603466,924,2068,198
sz002746,0,0,0
sz300275,0,1892,0
sh600197,6964,1945,0
sh600856,43927,43795,943
sz000863,0,0,0
sh600211,0,0,0
sh600566,449,0,0
sz300096,0,0,0
sz000755,0,2000,0
sh600069,20355,4616,0
sz000009,2000,8539,0
sh600058,2504,4768,0
sz002558,0,803,0
sh603855,0,0,0
sh600219,44179,50930,0
sz002252,0,0,0
sz000905,0,1195,0
sz000821,0,0,0
sz300286,0,0,0
sz000617,0,0,0
sz000526,0,0,0
sh600556,0,0,0
sh600649,0,1796,0
sh600389,0,0,0
sh600713,0,0,0
sz000961,9158,50718,0
sh600433,2764,8194,0
sh603707,668,1016,0
sz300590,0,0,0
sz002877,0,0,0
sz300669,0,0,0
sz002813,0,0,0
sh603788,0,0,0
sz002278,13548,6897,700
sh600967,20612,7626,0
sh601010,0,0,0
sh600682,15725,5606,1330
sh600462,0,0,0
sh603970,6217,2265,812
sz300333,0,0,0
sh600190,0,0,0
sh600141,10410,11588,1253
sz002486,0,2634,0
sh600018,65813,73599,0
sz002542,0,0,0
sh603557,3659,590,0
sh600363,0,0,0
sz300547,355,0,0
sz000058,0,0,0
sz000423,3892,3025,0
sh600871,4222,44869,0
sh600383,108871,172445,4216
sz002224,0,0,0
sz000014,0,0,0
sz002619,8033,5569,0
sz002315,0,1788,0
sz002682,0,0,0
sz002420,0,0,0
sh600289,5858,12244,0
sz300357,240,2277,0
sh600396,0,0,0
sz300679,0,431,0
sh600699,3967,2782,0
sz002334,0,0,0
sh600970,37824,59569,0
sz002635,4621,6006,0
sz300182,18993,19635,0
sh603869,0,0,0
sz000948,0,0,0
sh600010,38930,55151,0
sz002104,0,3380,0
sz002171,0,1513,0
sz002824,0,0,0
sz002745,0,248,0
sz002435,0,0,0
sh600329,2765,0,0
sh600605,0,0,0
sh600456,4815,3735,0
sh603599,0,1049,0
sz300082,0,0,0
sz002783,0,0,0
sz000738,0,0,0
sh601311,0,3893,0
sh600132,655,0,0
sz002356,0,0,0
sh603969,0,2208,0
sz002300,0,0,0
sz002118,5649,0,0
sh603329,10976,10925,3884
sh600276,7020,3034,389
sz000923,804,2111,0
sz000502,1196,0,0
sh600896,0,0,0
sh603383,0,1544,0
sz300311,0,0,0
sz000962,0,0,0
sz000722,0,0,0
sz002859,0,354,0
sh600756,0,0,991
sz000338,53538,79109,0
sh603819,0,0,0
sz002319,4365,0,0
sz000959,0,2001,0
sz300309,2167,1144,0
sh601799,0,0,0
sz002679,0,0,0
sh600758,6123,1408,0
sh603963,723,0,0
sh600658,0,0,0
sh600693,11414,1740,0
sh601500,0,0,0
sh603368,0,0,0
sz300567,0,200,0
sz002590,0,0,0
sh603929,501,0,0
sz002244,9092,13887,0
sz300584,254,662,484
sh600628,3170,0,0
sz002561,3077,1972,0
sh600820,0,8545,0
sz000917,1561,7856,0
sz300635,0,0,0
sz300671,0,0,0
sz300063,0,4075,0
sz300684,8341,4893,1053
sz002737,0,500,0
sz000045,0,6933,0
sh600986,0,0,0
sh600346,14546,29520,0
sz300505,0,0,0
sz002860,0,0,0
sz000595,0,0,0
sh600121,6350,4522,0
sz000792,29965,57338,0
sz300556,0,0,0
sh603198,0,0,0
sz002554,0,0,0
sz002153,487,506,405
sz300262,0,2100,0
sz000155,0,11976,0
sh600390,0,2310,0
sh601390,34361,49077,0
sh601229,25693,72637,0
sz002044,2886,1036,0
sz002608,996,0,0
sh600667,2951,5611,0
sz002412,0,0,0
sh603683,2371,2217,0
sh601179,2486,2345,0
sh600637,3475,3778,0
sh601666,79857,57698,0
sh601208,0,0,0
sz000529,0,0,0
sz000099,0,0,0
sh600035,0,5715,0
sh601900,0,0,0
sh603900,0,0,0
sz000877,6215,38402,0
sh600165,1300,0,0
sz002643,0,0,0
sh603633,0,0,0
sh601678,0,13278,0
sz002504,0,0,0
sz002285,10047,14587,0
sh600768,0,900,0
sz002917,0,0,0
sz002822,0,0,0
sz000858,100601,105773,14355
sz300346,0,0,0
sz300416,0,0,0
sh600310,0,0,0
sz002778,0,0,0
sz000997,802,2301,1103
sh600000,211681,349503,2043
sz000661,3321,2213,291
sz300298,0,0,0
sz000971,705,0,0
sz300411,0,0,0
sz300559,0,0,0
sh603085,0,0,0
sh601339,0,0,0
sh603861,0,0,0
sh600148,0,0,0
sh603809,0,0,0
sz000012,5710,30781,0
sh600801,14053,18897,0
sh603998,0,1047,0
sh600336,0,0,0
sz002922,2641,401,340
sh600158,91552,27728,0
sz002792,0,0,0
sz300163,0,0,0
sh600698,0,2696,0
sh600172,1714,2963,0
sh600531,2750,1694,0
sz300044,691,0,0
sz300148,0,6783,0
sz300129,0,0,0
sz300433,4432,2569,0
sh603289,7319,7463,981
sz002742,5160,2923,0
sz002051,2712,1393,0
sz000780,2114,0,0
sz002046,0,0,0
sz000716,9441,0,0
sh603801,0,0,0
sz000609,0,0,0
sh603638,0,630,0
sz300719,799,600,0
sz000020,0,0,0
sz002009,0,0,0
sh601888,8538,6414,2101
sh603136,0,0,0
sh601989,215014,172662,0
sh603300,0,0,0
sh600621,6649,13005,0
sz300166,9055,3860,0
sz002884,0,0,0
sz300670,0,0,0
sh600089,35722,87235,0
sh600881,23096,10693,0
sz300061,0,0,0
sz002304,4812,3781,595
sh600598,8805,13144,1178
sz002159,0,0,0
sh601899,1162777,1174564,7321
sz300254,0,0,0
sz002671,0,0,0
sz300005,0,0,0
sh600589,0,3156,0
sh600540,0,0,0
sh601788,3056,11182,0
sz002430,3373,661,0
sh600770,0,0,0
sh603602,0,0,0
sh603103,5009,8283,308
sz002570,0,2000,0
sz000546,0,0,0
sz002611,765,902,0
sz300105,0,0,0
sh600728,2740,2190,0
sz300471,0,0,0
sz300040,0,0,0
sh600206,1202,6114,0
sz300187,0,0,0
sz300104,0,0,0
sz002381,0,0,0
sz300586,0,0,0
sz300051,4059,10736,0
sh601168,21016,61658,0
sz300375,0,0,0
sz300363,0,0,0
sz002586,0,0,0
sh600182,865,421,0
sz300103,0,0,0
sz000975,1000,1269,0
sz002588,4513,0,0
sh603580,0,0,0
sz300539,0,0,0
sh603686,0,0,0
sz002036,0,0,0
sz000806,79268,51276,0
sz300603,4854,920,0
sz300180,3281,0,0
sz002719,6617,0,1165
sz300688,0,0,0
sh600754,0,1260,0
sz300092,4331,20439,0
sh603016,583,954,0
sz000760,0,0,0
sh601069,1050,0,0
sz002332,0,0,0
sh600635,4929,11066,0
sh600600,1547,4417,303
sz300102,0,0,0
sh600527,3000,0,0
sz002301,10010,0,0
sz300607,0,0,0
sh600438,39191,20938,0
sz002489,3114,6055,0
sz000422,0,9761,0
sh600179,4923,1600,0
sh601555,5507,18610,0
sz002066,0,0,0
sh601177,0,0,0
sh600827,6096,1730,0
sz000301,3165,0,0
sz300208,0,896,0
sz300017,375042,562271,36890
sz000993,0,0,0
sh603996,2001,0,0
sz002125,0,0,0
sz300720,396,0,0
sz000673,1847,758,0
sh600997,2281,0,0
sz300263,0,0,0
sz002659,0,0,0
sz002199,1526,0,0
sh601857,111457,156845,0
sz002686,0,0,0
sz300068,0,0,0
sz300256,0,2945,0
sh600193,0,0,0
sh600207,1500,0,0
sh600376,3574,7687,0
sh603882,0,0,0
sz002649,0,1252,0
sh603818,0,0,0
sz002602,0,303,0
sz000720,13669,59890,0
sz000719,0,0,0
sz000966,2773,0,0
sz002763,0,4536,0
sz300202,0,759,0
sz300193,0,0,0
sz002864,332,0,0
sz000571,0,0,0
sh601700,0,1279,0
sz002582,0,900,0
sh600167,0,0,0
sz002653,0,0,0
sz002194,0,0,0
sh600626,0,0,0
sh600615,0,1099,0
sz002054,25773,4533,0
sz300468,0,0,0
sh603179,0,0,0
sh600382,1736,0,0
sh601099,45806,64665,0
sh600777,0,23566,0
sz002534,0,0,0
sh600171,2565,7343,0
sh601601,22162,36245,1897
sh600582,0,2700,0
sz002214,0,0,0
sh600064,0,4011,0
sz300318,0,0,0
sz300619,0,0,0
sh603797,0,0,0
sz002785,0,0,0
sz002633,0,0,0
sz300473,0,0,0
sh600900,17834,18342,1159
sh603018,513,390,0
sz000585,0,0,0
sz300214,2000,2696,0
sz300376,0,5956,0
sz002539,0,5022,0
sz002657,543,2109,0
sz300709,0,0,0
sh600643,99143,52500,3467
sh600821,5347,47505,0
sh601226,0,0,0
sz000958,0,0,0
sz002876,351,154,0
sz002618,0,0,0
sz002449,7039,0,1685
sz000860,500,805,0
sz300212,400,4428,0
sz000518,0,0,0
sz300602,0,0,0
sh600767,0,0,0
sz300168,12818,15438,0
sz002868,0,0,0
sh600513,0,0,0
sh600724,0,0,0
sz300528,0,0,0
sz002207,0,0,0
sz002610,20687,8730,0
sz000025,0,0,0
sh603988,0,0,0
sh600787,141419,165239,2282
sh600645,3347,9640,0
sh601588,6000,0,0
sz002389,0,0,0
sh603993,413703,571500,20580
sh601677,0,0,0
sh600122,10659,4870,0
sz000767,0,6055,0
sz002439,4011,1113,0
sh600903,20855,20714,3817
sh603955,0,0,0
sz002796,0,0,0
sh603658,390,0,0
sz002338,0,0,0
sh603008,0,0,0
sz300384,0,0,0
sz002477,3212,30524,0
sz300073,2330,1100,0
sh600936,0,0,0
sz002817,0,0,0
sz000789,44185,89202,0
sz300447,745,0,0
sz000750,2296,19109,0
sh600118,0,0,0
sh600143,2388,16467,3104
sz000488,61163,75881,2532
sh600429,0,0,0
sh603222,1190,692,0
sh603015,0,0,0
sh603139,0,0,0
sh600080,0,0,1975
sz002274,0,0,0
sh600284,0,0,0
sz300507,0,0,0
sh601939,409874,495072,14180
sz002341,0,664,0
sz300557,0,0,0
sz300622,1616,0,0
sh600076,0,0,0
sh600243,0,0,0
sh600137,0,0,0
sh603519,0,0,0
sz002787,0,0,0
sh600435,0,0,0
sh600577,0,0,0
sz002750,0,0,0
sz000906,0,0,0
sz000732,49825,73550,4339
sz002759,0,1727,0
sz300529,0,0,0
sz000785,0,0,0
sz000503,2452,4748,750
sh600565,0,2595,0
sz300317,0,2465,0
sh600406,14941,7612,0
sh600436,1069,1139,0
sz300088,10749,50653,0
sz002063,6235,20774,0
sz300279,0,1932,0
sz000042,0,0,0
sz002328,0,0,0
sz002396,3639,2024,0
sh600650,0,0,0
sz002900,0,0,0
sh601008,0,0,0
sh603607,0,0,0
sz002831,657,402,0
sz300174,0,0,550
sh603619,2476,7292,0
sz002418,0,0,0
sz300122,12261,8743,1739
sz002658,0,0,0
sz002290,4001,0,0
sz002221,6077,23309,0
sh603113,0,0,0
sh603885,0,0,0
sz300066,0,3029,0
sh603660,858,300,0
sz000680,0,0,0
sz300686,0,0,0
sz002825,0,0,0
sz002455,0,0,0
sz000568,15997,16303,1379
sh600120,739,0,0
sh600298,805,932,0
sh600530,0,0,0
sz000972,0,0,0
sz002488,3402,824,0
sz002203,5000,0,0
sh600256,66002,66258,0
sz300575,0,0,0
sz300365,478,0,0
sz300735,2728,1976,601
sh600252,2830,6811,0
sz300725,732,1350,0
sz002331,0,0,0
sz300215,2900,0,0
sh600079,9097,46921,1438
sz300344,0,0,0
sz002181,0,0,0
sh600985,3920,2324,642
sh600833,0,0,0
sz002721,41607,108050,0
sz002597,7763,5134,0
sh603337,0,0,0
sz300140,1826,4663,0
sh600463,0,0,0
sh600495,2100,0,0
sh603319,0,0,0
sh601882,0,0,0
sz000561,0,0,0
sz300329,0,0,0
sh603239,0,600,0
sh600875,41900,23128,0
sz000420,0,5936,0
sh600439,3493,0,0
sz002146,155347,203755,8379
sh603106,488,2797,0
sz300495,11336,1705,0
sz300710,0,0,0
sh603655,12265,12179,3007
sz300057,0,0,0
sh603589,1283,2109,266
sz002916,10226,23987,2852
sh600834,0,0,0
sz300109,613,1764,0
sh601908,0,0,0
sz300093,0,0,0
sz000697,624,628,0
sz000625,5426,20664,0
sz000062,0,480,0
sz300435,0,0,0
sh600400,0,0,0
sz300245,1004,4806,0
sh603308,0,0,0
sz002254,9678,0,0
sz300663,1036,1287,0
sh600251,0,1564,0
sz300351,0,866,0
sz002617,1005,0,0
sz300069,530,0,0
sz000936,1500,0,0
sz002676,29372,34375,0
sz002386,2509,0,0
sz300681,0,0,0
sz002811,0,0,0
sz000669,848,2346,0
sh600824,0,0,0
sz002178,0,0,0
sh600168,0,2092,0
sz000001,245344,234645,3051
sh600704,0,14307,0
sz300470,0,0,0
sz002897,0,0,0
sz002468,0,0,0
sh600684,87446,115661,2924
sh600348,230564,173117,19527
sz002060,0,14539,0
sh603416,0,0,0
sz002424,740,4815,0
sh603316,0,0,0
sz002177,0,0,0
sz300521,0,0,0
sz000590,0,0,0
sh603828,1500,1839,0
sz300330,0,0,0
sh601015,11221,6925,0
sz002362,667,430,0
sz002307,0,1942,909
sh600185,34552,13392,0
sh601139,0,0,0
sh603860,845,0,0
sz002265,0,0,0
sh600702,7784,13417,318
sz300269,0,0,0
sz300553,0,0,0
sz002299,1575,0,0
sz002856,5296,578,0
sz002521,0,0,0
sh603377,0,305,0
sz300091,0,0,0
sz300683,0,0,0
sh600764,0,2385,0
sz300281,0,0,0
sh600176,42228,15060,0
sh603711,0,559,0
sz002587,0,0,0
sz000978,0,0,0
sz000551,0,0,0
sh600159,0,0,0
sz002648,4121,8327,0
sz002372,0,0,0
sh603777,0,0,0
sz000036,18015,40156,0
sh603133,0,0,0
sh600613,0,0,0
sz000797,1352,1000,0
sz002085,0,800,0
sz000663,691,2539,0
sh600689,0,0,0
sh600792,0,0,0
sh601607,5134,19281,0
sz002722,510,1436,0
sz000910,2518,11779,0
sh603378,0,0,0
sh603100,0,0,0
sh603003,0,0,0
sz002790,0,0,0
sh600648,0,3444,0
sz000425,163490,294980,0
sh600405,0,0,0
sh600265,0,0,0
sh600775,0,0,0
sz000055,23888,18176,0
sh600741,4122,3632,442
sh603357,0,982,0
sh603260,3492,10527,781
sh600216,7469,763,0
sz000514,0,1580,0
sh603518,1025,7595,0
sz300364,11043,11562,1712
sz300699,230,972,0
sh600847,0,0,0
sz000711,900,767,0
sh603161,941,0,0
sz300070,21788,17211,0
sz002235,5686,9981,0
sz002030,0,922,0
sz002375,1780,1795,0
sz000581,21145,16336,2189
sh603367,0,0,0
sh600744,0,0,0
sz000690,15642,1170,0
sz000967,1150,0,0
sz300065,0,2520,0
sz300165,0,2282,0
sz002867,0,0,0
sh603225,0,0,0
sz002154,5826,0,0
sh603722,0,294,0
sz300028,0,0,0
sh600337,9806,4068,0
sh600255,0,0,0
sz002527,0,0,0
sz300026,0,0,0
sz002316,0,0,0
sh600195,0,500,0
sz000830,195972,123705,9988
sh603508,0,397,0
sh600282,135749,319069,0
sz002879,26623,3098,0
sz000752,0,0,0
sz000970,0,4128,0
sz300450,595,0,0
sz000700,0,2050,0
sz002466,88631,47109,5125
sz300476,1051,1837,0
sz300677,226,215,0
sz300676,165,868,0
sh603330,0,0,0
sh600854,0,0,0
sz002510,1800,7186,0
sh600855,2085,1020,0
sz300348,1164,5129,0
sz300467,0,0,0
sz000856,557,4575,0
sz002190,28793,31769,1995
sh600844,0,0,0
sh603799,61503,85267,13299
sz002836,0,0,0
sh600238,45584,43872,4658
sh603393,0,284,0
sz300177,0,1974,0
sz002049,5441,15253,606
sz002758,0,0,0
sz300397,0,0,0
sh601088,84996,111559,4096
sh603639,230,275,0
sz300101,11993,3219,5003
sz300046,0,0,0
sz002043,0,1113,0
sz002052,2400,5092,0
sh600836,8264,0,0
sz002812,273,118,0
sh600188,101118,98288,6379
sz000955,2133,1480,0
sz300513,0,0,0
sh600848,0,461,0
sh600708,13909,13172,0
sz300052,0,1844,0
sz002128,38985,27978,0
sz002399,0,0,0
sz002651,0,0,0
sz300489,0,0,0
sh600162,25790,45466,0
sh600452,0,331,0
sz000539,0,0,0
sz300432,0,0,0
sz002815,0,0,0
sz002002,31646,8142,0
sz000890,3602,1501,0
sh600312,18798,0,0
sh603117,0,0,0
sz002496,16128,5992,0
sz300410,0,0,0
sh600965,0,0,0
sz002100,0,0,0
sh603228,0,1500,0
sz300462,0,0,0
sh601992,116382,121930,0
sh601669,6598,15965,0
sz002875,0,0,0
sz300083,8229,6065,0
sh600610,0,0,0
sh600958,23707,22171,0
sh600099,1104,0,0
sz002572,6287,5595,754
sz002472,0,0,0
sz002471,9544,0,0
sz000668,0,0,0
sz300497,1017,2164,0
sh600052,0,0,0
sz000545,0,8509,0
sz000753,3895,0,0
sz000802,969,0,0
sh600082,0,0,0
sh600830,0,0,0
sh600587,0,0,0
sh601618,23193,17618,0
sh603043,1089,0,0
sz002138,1100,687,0
sh600031,207500,270170,0
sh603026,0,0,0
sz300055,869,556,0
sz002752,1577,0,0
sz002669,0,0,0
sh601098,0,0,0
sz002795,0,0,0
sz002380,0,0,0
sh600236,0,4217,0
sh600500,19637,16623,0
sh600269,4313,4210,0
sz002788,0,0,0
sz002045,1010,6400,845
sz300601,0,442,0
sz300637,0,0,0
sh600081,0,0,0
sz002670,0,3960,0
sz000889,3596,0,0
sz002487,0,0,0
sh600551,0,0,0
sh603908,0,0,0
sh603298,0,775,0
sh603528,0,0,0
sh600753,0,0,0
sz300204,0,0,0
sh600155,19903,6228,0
sh601901,9227,1505,0
sz002677,0,803,0
sh603906,0,0,0
sz000798,0,0,0
sh601898,8606,15269,0
sh600533,0,0,0
sz002440,68418,81057,781
sh603976,0,0,0
sh601628,22582,40017,2062
sh600307,31658,138411,0
sz002333,0,0,0
sh600647,0,0,0
sz002025,4420,0,0
sz002697,19122,3666,1769
sz300327,0,446,0
sz002895,3852,1805,0
sz300430,0,0,0
sh603890,305,584,0
sh603778,0,3000,0
sz002191,0,7352,0
sz300078,0,0,0
sz002885,0,0,0
sz000848,1904,1655,0
sh603768,0,0,0
sz002923,10424,6777,699
sz300081,0,2430,0
sz002093,0,0,0
sz000692,0,2300,0
sz300274,6123,3167,0
sh603000,9976,8001,0
sz000999,403,0,0
sh600170,7691,12513,0
sh600543,0,0,0
sz002661,0,0,0
sz300349,588,499,0
sz002195,6694,21983,0
sz002765,0,0,0
sz002061,2249,0,0
sh600996,0,0,0
sh600332,6579,23269,0
sh600192,0,0,0
sz002212,28502,11295,0
sz002685,0,0,0
sh601567,0,0,0
sz300627,0,0,0
sz002092,129281,99163,7779
sz002805,5254,24000,0
sz300107,45973,95533,3932
sz000868,3425,15317,0
sh600136,0,0,0
sz300693,0,333,512
sz000717,102788,95243,1214
sz002378,0,0,0
sh600068,89870,104593,0
sz002612,0,0,0
sz002692,0,0,0
sh600100,11732,11281,0
sh600983,0,0,0
sh600639,0,0,0
sh603258,0,0,0
sz002210,28912,943,0
sz000981,0,0,0
sh600687,0,0,0
sz002789,0,0,0
sh600483,0,0,0
sh603787,0,0,0
sz002484,0,0,0
sz300729,0,0,0
sz300643,0,0,0
sh600127,0,0,0
sh600604,0,0,0
sz002500,28617,19770,0
sz000920,0,0,0
sz300503,0,0,0
sh603031,0,579,0
sh600300,0,0,0
sz000026,939,0,0
sh600980,0,0,0
sz002664,1413,0,0
sz002800,0,0,0
sz300665,0,0,0
sz300378,0,830,0
sh600372,4090,0,0
sh603232,0,0,0
sz002335,0,0,0
sz300696,5815,0,0
sz002342,0,0,0
sh601016,0,3490,0
sh600212,0,0,0
sh603738,0,0,0
sh600560,0,0,0
sz002383,0,0,0
sz002414,0,0,0
sh600277,6307,0,3471
sh603197,0,0,0
sz300145,2973,0,0
sh600814,5959,0,0
sz300630,141,436,0
sz300360,0,0,0
sz000011,0,0,0
sz002843,0,0,0
sz002065,89059,162543,0
sh603138,0,1154,0
sh603001,1000,0,0
sz300615,0,0,0
sz300382,4878,761,0
sh600652,4167,12272,0
sh601211,32237,48928,1693
sh600279,4796,0,0
sz300716,0,0,0
sz002192,11211,34753,0
sh603022,0,0,0
sz002516,67717,69874,2042
sz300561,678,969,0
sh603186,0,978,0
sz300606,0,0,0
sz300003,7538,6298,645
sz300297,0,0,0
sz002148,0,0,0
sz300123,0,0,0
sz000815,0,0,0
sh600961,0,0,0
sz000150,410,381,0
sh600094,5817,2196,0
sh600933,0,0,0
sz300039,1734,0,0
sz002158,1682,0,0
sz002155,2992,4958,0
sh600592,0,1072,0
sz000039,19100,50842,2043
sh603029,0,0,0
sh603331,0,0,0
sz000630,154308,125738,0
sh600353,0,0,0
sz300054,0,0,0
sz002068,4155,2867,0
sh600301,1437,0,0
sz300121,0,1997,0
sz002222,1417,3488,0
sz002409,0,619,0
sh601212,4020,26379,0
sh603009,5960,10454,0
sz000987,1000,0,0
sz002840,12537,1961,3640
sh600763,888,2076,0
sz300368,0,1956,0
sz300142,800,3146,0
sz000426,116462,55977,3328
sz002140,0,0,0
sz002878,0,0,0
sz000897,0,0,0
sz300538,0,0,0
sz300565,0,0,0
sz002014,0,0,0
sh603856,1458,1169,0
sz002172,0,0,0
sz300374,0,0,0
sz002890,0,0,0
sz000416,0,0,0
sh600230,21212,14812,1356
sz300117,0,3035,0
sh600191,1300,2046,0
sh601003,13659,35608,0
sh603063,0,0,0
sz300708,3524,2626,1176
sz002452,0,0,0
sz300461,0,0,0
sz000603,0,822,0
sz002306,0,0,0
sz300506,703,0,0
sz002115,0,0,0
sz300658,0,0,0
sz002287,0,0,0
sz002717,1069,0,0
sz300217,14724,0,0
sh603030,2000,1305,0
sz000662,0,0,0
sz300648,0,0,0
sh603299,918,1391,0
sz300221,0,1573,0
sz002863,0,13554,0
sh600624,0,1537,0
sh600488,0,4383,0
sz300266,525,0,0
sh603806,0,0,0
sz000886,6610,32674,0
sz000519,0,10445,0
sh603979,0,0,0
sz300085,0,2383,0
sh600215,0,0,0
sz002001,14384,12214,459
sz300074,0,0,0
sz300175,0,0,0
sh601166,799350,940678,23152
sz300598,0,0,0
sz300502,969,0,0
sz300228,1062,2441,0
sz002873,0,0,0
sz002245,0,0,0
sz000938,0,371,0
sh600745,886,383,0
sz000677,0,0,0
sz300184,0,0,0
sz002461,0,0,0
sz300341,0,0,0
sh600476,0,0,0
sz002180,9018,0,0
sz300395,0,0,0
sz000822,4776,1872,0
sz000554,0,2256,0
sz002620,0,0,0
sz300106,0,0,0
sh600131,0,0,0
sz002451,0,0,0
sh603816,0,723,0
sz002355,2000,3077,0
sz002083,1495,0,0
sh600129,0,700,0
sh600419,0,0,0
sz002448,0,0,0
sh603108,12523,7772,7395
sz002303,0,2573,0
sh601336,20012,20162,0
sh603081,2100,460,0
sz300340,1280,627,0
sh603919,0,0,0
sz002529,0,0,0
sh600562,0,500,0
sz300588,0,0,0
sh600766,1150,0,0
sz000606,0,2400,0
sh600260,3369,0,0
sz300259,0,0,0
sz300738,0,0,0
sh601012,54978,27423,2000
sz000685,0,3003,0
sz000989,3008,0,1011
sz002896,0,0,0
sz000021,17424,47878,3843
sz300479,850,0,0
sh603305,0,0,0
sh600889,0,0,0
sh601200,0,5161,0
sh601877,24979,13202,0
sz300008,0,0,0
sz002793,0,0,0
sz002550,2300,0,0
sh601668,994029,1287626,10069
sz000421,0,0,0
sz300172,0,0,0
sh600851,2211,0,0
sz300033,9942,5551,800
sz002485,0,0,0
sz002431,3594,2985,0
sz300210,0,0,0
sz002228,0,0,0
sz002074,2732,5310,0
sz300717,0,0,0
sh600228,0,0,0
sh600616,0,0,0
sz000557,0,2500,0
sh603889,2920,700,0
sh603365,11652,24124,1781
sh600739,6656,26525,0
sh603603,0,1143,0
sh600917,0,1903,0
sh603880,0,0,0
sh600909,2704,8337,0
sh603127,1693,479,0
sh600177,10157,16114,0
sh600490,1235,12378,0
sz300581,0,570,0
sz300478,0,0,0
sz002491,1075,0,0
sz300295,0,0,0
sz002537,1000,3581,0
sh600538,2200,0,0
sz300381,0,0,0
sh600552,0,0,0
sh603730,0,0,0
sh603826,0,0,0
sz002162,0,2030,0
sh603558,3706,0,0
sz000833,0,3257,0
sh600618,0,935,0
sh603345,0,400,0
sh603888,0,0,0
sh603335,0,0,0
sz002905,441,307,0
sz002343,3178,895,0
sh600022,47816,118746,0
sz300370,0,0,0
sh601988,520398,787649,0
sh600487,81994,104342,5106
sz300731,0,0,0
sh603040,0,0,0
sh600007,0,0,0
sz002133,0,2281,0
sh600358,18866,18551,0
sh601001,28848,31634,1614
sh601886,0,9627,0
sz002124,21853,21326,0
sz002723,1397,0,0
sh600508,1888,0,0
sh603779,0,0,0
sz300621,0,0,0
sz002614,5053,639,0
sh601368,0,0,0
sh601872,0,16454,0
sh603959,1148,0,0
sz300358,0,0,0
sz300112,0,0,0
sh603960,0,0,0
sh601518,0,2988,0
sh600654,0,2994,0
sz000869,0,340,0
sz000622,2142,0,0
sh603626,0,501,0
sh600009,4681,1857,0
sz300587,0,0,0
sh603690,0,0,0
sh603501,0,811,0
sh600339,2111,7835,0
sz002473,0,0,0
sh603601,0,0,0
sz300181,0,2551,0
sz002416,0,0,0
sz300474,310,1838,0
sh603035,0,0,0
sz002081,13615,26695,0
sz002067,0,14463,0
sz300094,0,0,0
sh600475,0,0,0
sz002733,0,0,0
sh600731,1838,3499,0
sh601727,18038,5259,0
sz000758,51382,11924,0
sz002711,0,0,0
sz000839,58261,31426,0
sh603878,0,0,0
sz002912,1022,2938,257
sh601998,57444,87988,3480
sz000921,1011,13190,0
sz000536,2548,0,0
sh600459,540,2826,0
sz000678,0,0,0
sh601388,0,60960,0
sh600272,0,0,0
sz000513,1346,700,135
sh601009,289108,309230,3742
sz300100,0,0,0
sz002239,0,0,0
sz300176,1203,1439,92
sz000665,0,0,0
sz300555,0,0,0
sz002898,0,620,0
sh600184,0,0,0
sh603131,0,0,0
sz000670,0,2972,0
sz000593,0,0,0
sh601928,2769,0,0
sh600477,0,2054,0
sh603991,0,0,0
sz300241,0,624,0
sz002240,0,748,0
sh600478,12664,0,0
sh603050,8158,6036,1008
sz300480,4185,35244,0
sz300429,1460,0,0
sz002531,0,0,0
sh600521,1605,1887,0
sz002279,931,1033,0
sz002347,0,0,0
sh603005,0,0,0
sz300579,0,0,0
sh601011,3731,18709,0
sh600114,0,0,0
sh600528,5143,6259,800
sh600506,10697,4506,0
sz300011,0,0,0
sz300400,0,0,0
sz000607,0,0,0
sz300451,0,401,0
sz002883,0,0,0
sz300347,3455,1795,0
sh600362,144031,112790,3888
sh603668,0,0,0
sh600210,2100,18296,0
sz300647,0,0,0
sz000852,1021,1097,0
sz300272,0,0,0
sz000761,41500,162058,2010
sz300449,0,0,0
sh600446,10512,5619,0
sh601018,2009,17446,0
sh600845,0,578,0
sz300334,0,1632,0
sz300242,0,0,0
sh603189,658,0,0
sh600422,0,0,0
sz300542,302,345,0
sh603129,0,0,0
sh600218,0,0,0
sh600241,0,0,0
sh600518,14737,30920,1955
sz300491,0,0,0
sh603663,0,0,0
sh600151,0,3364,0
sz300577,0,0,0
sz002283,0,0,0
sh600393,0,0,0
sh603303,0,0,0
sz300695,0,0,0
sz002109,12616,12641,1754
sz300707,0,0,0
sz002845,0,0,0
sz002691,1198,0,0
sz002201,0,2004,0
sz000005,0,0,0
sh601798,0,0,0
sz000885,803,6115,0
sz300285,0,1361,0
sz300128,8756,3039,0
sh600812,0,0,0
sz002134,0,0,0
sh600887,116869,127418,11609
sz300458,0,0,0
sz300155,0,0,0
sh601233,30494,31912,3691
sz300493,0,0,0
sz300653,0,0,0
sz002238,0,0,0
sh600715,11754,9486,0
sz300225,13476,5960,0
sz002708,0,0,0
sh600873,17980,33580,0
sh600819,0,0,0
sh603323,20852,9113,0
sz000151,0,0,0
sz300380,889,0,0
sz300568,0,0,0
sz300500,0,0,0
sz002175,0,0,0
sz000813,0,0,0
sh603203,0,0,0
sz000721,0,0,0
sz300706,0,552,0
sz002302,11036,9299,0
sz300420,0,8346,0
sz002583,2679,1811,0
sh600897,0,0,0
sz002709,1766,266,0
sh600774,0,0,0
sh600063,0,0,0
sz000413,93517,142653,0
sz300616,0,65,0
sz300234,0,0,0
sh600420,937,5549,0
sz002379,0,0,2991
sh600425,0,0,0
sh603168,0,0,0
sz300213,0,0,0
sz000836,81841,229571,0
sz002321,122422,25166,5003
sh603901,0,0,0
sh600028,584539,701982,6994
sz002605,2134,1104,0
sz300469,0,0,0
sh600526,0,0,0
sh600083,3266,0,0
sz002031,0,4022,0
sz000613,0,0,0
sz300087,7493,0,0
sz300626,0,429,0
sh600776,0,0,0
sz002286,0,0,0
sh603839,2383,1008,0
sz000823,3724,5447,0
sh603227,0,0,0
sh603007,0,0,0
sz300226,22889,17984,1868
sz300552,0,0,0
sh600149,2393,1099,0
sh600892,0,0,0
sh600706,0,801,0
sz000671,127805,185155,9891
sh600603,0,0,0
sh600535,593,730,0
sz000402,30696,60868,1005
sh600505,0,0,0
sh603630,0,0,0
sz000739,0,2994,0
sh603157,0,0,0
sz002563,18310,11498,0
sz000048,0,0,0
sh600054,2707,1029,0
sh600966,27522,29165,0
sz300636,0,0,0
sz000809,0,5678,0
sz002368,946,0,0
sh600116,6677,2547,0
sz002078,95830,46101,2348
sz002339,0,0,0
sh600220,5000,17061,0
sz002713,579,0,0
sz000531,0,0,0
sz002533,0,0,0
sz002241,29802,71528,852
sz002501,2124,0,0
sz000567,1340,3123,0
sh600201,1473,847,0
sh600995,0,0,0
sh603229,0,0,0
sh600862,0,0,0
sz300099,0,0,0
sh600532,47200,6432,0
sz002920,2157,960,290
sh603579,0,0,0
sz002182,0,3684,0
sz002248,3534,1452,0
sh601028,1241,0,0
sh603718,0,0,0
sz000903,0,0,0
sz300623,0,0,0
sh603881,0,0,0
sz002023,0,1238,0
sz002156,6337,3026,0
sh600283,0,0,0
sh603322,0,0,0
sh600097,0,0,0
sh600367,891,0,0
sh603977,0,0,0
sz300021,0,1612,0
sz300550,0,0,0
sz002185,18727,8001,0
sz000710,0,0,0
sz300319,0,0,0
sh600017,4000,0,0
sz002706,0,0,0
sz002227,0,0,0
sh600240,1189,10381,0
sz002573,516,5118,0
sh603533,363,224,0
sh600101,0,0,0
sh603023,0,0,0
sh601137,0,0,0
sh603838,0,0,0
sz002818,0,0,0
sz300306,1173,0,0
sz000790,0,2402,0
sh600106,0,0,0
sh600796,0,0,0
sz300144,1073,3403,0
sz002915,1242,5316,930
sz002636,0,885,0
sz300391,0,0,0
sz002841,0,0,0
sh600773,1505,4863,0
sz000061,0,0,0
sz300257,0,0,0
sz002899,7470,1643,404
sh600231,19312,33390,0
sz002028,3763,1474,0
sz000552,0,0,0
sz300373,524,806,0
sh600590,1286,0,0
sz300150,0,0,0
sh601218,0,8000,0
sz002632,0,0,0
sz300089,2389,6022,0
sz001965,974,2110,0
sz002689,0,0,0
sh603559,1313,368,0
sz002436,0,0,0
sz300692,609,0,0
sz002791,0,0,0
sz300110,49857,3709,0
sz000017,0,0,0
sz000659,5167,2842,0
sh600029,501029,500397,19620
sz002114,11407,5078,1563
sh600095,0,0,0
sz300072,35719,29748,337
sz300321,0,0,0
sz300453,0,0,0
sz300675,0,364,0
sh601997,120113,111294,6951
sz002919,0,1015,0
sz000888,0,0,0
sh603366,0,0,0
sz300108,0,0,0
sz002006,3215,2200,0
sz300703,0,0,0
sz002701,0,0,0
sz002040,0,0,0
sh600846,4899,15078,0
sz300156,28883,62384,0
sh600510,0,0,0
sh600350,22987,15931,0
sh603866,0,0,0
sz300219,0,0,0
sz000859,0,0,0
sh600233,0,0,0
sh603577,0,0,0
sh600469,0,2371,0
sh603648,1120,654,716
sh600467,0,0,0
sh601169,91245,185052,0
sz002367,0,0,0
sh600239,21373,29185,0
sz002135,0,0,0
sh600470,0,0,0
sh600769,0,0,0
sz002718,0,0,0
sz000597,957,3419,0
sh600869,7086,4311,0
sz002395,0,0,0
sh603679,0,0,0
sh600110,14606,35319,0
sh603098,0,0,0
sz000695,0,0,0
sz300651,931,0,0
sz002724,0,0,0
sz002457,0,2577,0
sz300526,0,0,0
sz002642,0,1241,0
sh601777,3252,0,0
sh603159,0,0,0
sz300273,0,0,0
sh601880,0,12666,0
sz300691,0,600,0
sz002751,0,0,0
sh600805,0,0,0
sz300305,0,0,0
sh600217,0,0,0
sz002628,0,1453,0
sh603444,100,125,0
sz002129,14262,30317,0
sz300711,422,796,0
sz300251,164356,217697,15990
sh601636,27305,93545,1611
sz300027,83636,98500,5687
sz300446,0,0,0
sz002838,0,0,0
sz300268,600,733,0
sh603725,0,0,0
sz002101,0,1022,0
sz002623,0,0,0
sh600793,0,0,0
sz002768,0,0,0
sh603320,0,0,0
sz002850,566,200,0
sh603586,0,0,0
sz002393,0,0,0
sh600864,0,5905,0
sh600444,0,0,0
sh603517,0,270,0
sz002353,1208,4771,0
sh600036,66543,82813,2023
sz300702,0,410,0
sh603338,139,501,0
sz002176,11988,6244,0
sz000782,0,0,0
sz300540,0,0,0
sh600275,0,0,0
sh600755,15388,56946,0
sz300056,0,0,0
sh600023,14755,19199,0
sz002392,0,0,0
sz002443,0,0,0
sz300164,0,1506,0
sz002869,0,360,0
sh600976,0,0,0
sz002237,0,11257,0
sh600128,0,0,0
sh603698,0,0,0
sz002832,0,0,0
sh603600,0,0,0
sz002624,1722,1471,0
sh601228,0,10241,0
sh600410,1012,5539,0
sh603037,404,0,0
sz002236,87109,75609,4470
sz300097,0,3421,0
sz002589,0,0,0
sz002165,0,0,0
sz000882,19759,12734,0
sh600331,6007,1978,0
sz002707,0,0,0
sz300203,4927,1070,0
sz300079,0,13926,0
sh600288,1409,5202,0
sh603789,0,1980,0
sz000935,4313,9306,0
sh600385,0,0,0
sz300325,0,0,0
sh603355,0,501,0
sh600727,3699,6330,0
sh600261,2000,0,0
sh603056,0,0,0
sh603721,0,0,0
sh600575,0,4600,0
sh600133,1248,2000,0
sz000736,1200,0,0
sz000650,0,0,0
sz300531,0,0,0
sz000520,0,4000,0
sz300198,7162,0,0
sh600160,47697,30346,0
sh600660,10234,11220,535
sh600822,790,0,0
sh600679,0,0,0
sh601005,0,0,0
sh600345,1028,0,0
sh600295,912,760,0
sz002892,0,0,0
sz002170,0,0,0
sz002462,0,0,0
sz300137,2335,1596,0
sz002262,0,2830,0
sh601801,0,3376,0
sh601991,0,0,0
sz300114,0,0,0
sz300296,636,2823,0
sh600392,9070,12548,0
sz300229,0,1263,0
sh600071,0,0,0
sh600328,1042,17794,0
sz000633,0,1722,0
sz000686,7816,13245,0
sh600088,0,0,0
sh603083,0,584,0
sh600156,0,0,0
sh600795,50420,148590,0
sz300640,407,0,0
sh603283,2636,3236,0
sh601689,0,0,0
sz002819,0,564,0
sh603165,784,500,0
sz002603,0,0,0
sh600152,15117,12031,0
sh600006,1903,2609,0
sh600588,24981,3149,2403
sh603661,0,0,0
sz002645,0,0,0
sz000158,0,12677,0
sz300678,383,1116,0
sh603617,0,722,0
sz000931,0,0,0
sz000018,0,1886,0
sz300436,0,0,0
sz002127,8764,4578,816
sh600139,3820,0,0
sh603608,0,0,0
sz300209,0,0,0
sh600823,44935,30001,0
sh600678,0,0,0
sz300084,0,1579,0
sz300067,2085,0,0
sz000523,0,0,0
sh603458,303,1505,0
sz002644,0,0,0
sz300737,0,0,0
sz002767,0,0,0
sh600630,0,0,0
sz002111,0,0,0
sh600146,7099,2596,0
sz002215,0,0,0
sz300481,1197,622,0
sh600268,3878,3914,0
sz300512,0,0,0
sh603966,0,0,0
sh600173,3502,21470,1596
sh600882,0,0,0
sh603737,200,0,0
sz300235,0,0,0
sz300532,0,0,0
sh603937,0,1657,0
sh600326,2543,6298,0
sz000953,1938,0,0
sz300151,0,0,0
sh603918,0,0,0
sz002535,2540,0,0
sz300127,0,0,0
sz300482,3633,538,0
sz000600,6925,33827,1459
sh600782,225196,406477,13445
sh603199,0,0,0
sz000998,14732,9883,574
sh600178,0,0,0
sz300335,7580,4592,0
sz300672,595,456,0
sh600033,8605,7779,0
sh603609,0,1200,0
sh603223,0,0,0
sz300427,0,0,0
sz002727,1153,0,0
sz300303,0,0,0
sh600657,10158,12865,0
sh600108,3440,3086,0
sz002080,443,937,0
sz300509,0,0,0
sh603380,0,640,0
sz300126,0,0,0
sz000628,0,0,0
sz300324,3587,4257,0
sz300350,11607,0,0
sz300485,0,0,0
sz002639,1270,0,0
sh600804,3669,2855,0
sh601515,0,0,0
sz300332,0,0,0
sh600749,0,0,0
sz001979,89685,121101,8490
sh603360,0,0,0
sh600771,0,287,0
sz002270,0,0,0
sz300284,0,0,0
sz002258,0,700,0
sz300442,0,0,0
sz000735,138464,130051,2658
sh600859,529,0,0
sz002494,0,1660,0
sz300477,600,0,0
sz300620,0,0,0
sz300533,0,0,0
sz002048,0,0,0
sz300183,0,2942,0
sz300610,0,0,0
sz002640,3118,1009,0
sz000078,4037,5830,0
sh601866,0,8391,0
sh601111,164896,120434,7992
sz002441,0,1100,0
sz000925,0,0,0
sh603938,840,0,0
sz000069,56940,99292,2002
sh600611,2068,10519,0
sz000713,0,0,0
sh600982,0,0,0
sz300530,0,0,0
sh603527,647,0,0
sh601949,0,1684,0
sz002309,0,2517,0
sz300308,0,0,0
sz300426,2568,0,0
sz000702,0,1932,0
sz002827,0,926,0
sz002293,0,844,0
sz000712,3062,4315,0
sh603678,0,0,0
sz002780,0,0,0
sh600458,0,0,0
sz002197,3891,1380,0
sh600691,11905,3070,0
sh603066,0,0,0
sh600388,873,1505,0
sz000666,0,0,0
sh601611,5985,3373,0
sz300733,865,914,0
sh600584,9258,4559,0
sz002889,0,589,0
sz002637,0,0,0
sz000586,632,0,0
sz300519,0,0,0
sz002731,0,0,0
sz002272,0,0,0
sz300019,0,0,0
sz000819,0,1529,0
sh603611,2500,742,0
sh600292,0,0,0
sz002666,38595,17418,0
sz000037,0,0,0
sz300464,0,0,0
sz000793,187704,33945,3477
sh603877,870,2152,966
sz000683,0,7253,0
sh601258,0,5050,0
sz300313,0,0,0
sz300192,2040,3100,0
sz002821,0,0,0
sz002407,587,1203,0
sh600138,5188,4036,570
sh600597,727,7674,1104
sh603555,17064,5479,0
sh600828,0,0,0
sh600568,1624,6706,0
sh600343,0,0,0
sz300649,0,0,0
sh603605,0,839,0
sz300034,0,0,0
sz000430,0,0,0
sh600391,0,0,0
sz002041,0,1037,0
sz002326,2101,0,0
sh600620,0,0,0
sz002857,0,0,0
sh603813,0,561,296
sh603011,4281,0,0
sz000530,0,0,0
sh600759,0,32619,0
sz002695,0,0,0
sh601808,3556,14697,0
sz300498,13538,27742,578
sz000023,0,0,0
sz300293,0,0,0
sz300267,12490,19278,0
sz000919,0,0,0
sz300233,0,0,0
sz300466,0,0,0
sz002058,0,0,0
sh600573,0,0,0
sz002495,0,0,0
sz002038,2276,312,0
sh600837,26752,58002,1988
sz002039,0,709,0
sh600760,2618,4080,0
sz000937,26098,19481,0
sz002703,0,0,0
sz000691,0,1680,0
sz002246,0,0,0
sz000050,666,2392,0
sh600988,1943,20738,0
sz002747,0,0,0
sz300243,0,0,0
sh603535,0,0,0
sh600736,0,0,0
sz300111,0,2929,0
sh600580,0,0,0
sh601020,0,0,0
sh600576,0,2787,0
sh600908,16931,17615,0
sz300290,0,0,0
sh600085,2916,3385,0
sz000799,1816,3663,0
sz300732,1730,3899,281
sh600546,21053,2054,0
sz300264,0,0,0
sh600057,5398,0,0
sh601566,9787,4080,0
sz300249,0,1900,0
sh603636,0,1023,1043
sz300525,0,0,0
sz300207,6132,24246,0
sz000030,0,2002,0
sh600449,0,4456,0
sh600583,22566,40285,0
sz002553,0,0,0
sz000973,0,2342,0
sz002797,63521,75684,1197
sz300666,0,428,0
sz002726,0,0,0
sz002298,0,0,0
sh603116,0,0,0
sh601000,15181,46133,0
sh603928,0,0,0
sh600105,0,0,0
sh603328,931,0,0
sh600507,46108,29245,1944
sh601155,94564,99271,13783
sz002629,0,0,0
sz300508,0,0,0
sz002311,539,1622,0
sz300689,0,0,0
sh600680,0,0,0
sz002123,1500,4000,0
sh600898,0,0,0
sz002681,0,1100,0
sh600677,0,960,0
sz002145,0,11092,0
sz002310,6536,14109,0
sh600644,0,0,0
sh600665,4863,0,0
sh600222,0,0,0
sh600750,487,1791,0
sz300438,0,0,0
sz002482,1500,0,0
sh603096,154,0,0
sz002276,0,0,0
sz000892,0,0,0
sz002918,0,0,0
sz000969,0,0,0
sz300058,283308,240667,21632
sz002323,0,0,0
sh600466,27478,36799,0
sz000619,0,0,0
sz300585,0,0,0
sz002288,5689,0,0
sz002113,0,5210,0
sz002419,5842,8679,0
sh603269,0,0,0
sz300201,1909,0,0
sz300004,13014,5241,0
sh600053,0,0,0
sz000928,1599,4005,0
sz300554,0,316,0
sh600890,0,0,0
sz001896,0,3634,0
sz300139,0,0,0
sz002696,0,2000,0
sz300366,0,1215,0
sz002829,0,0,0
sh600354,0,3570,0
sh603985,0,0,0
sh600359,0,0,0
sz002404,4105,0,0
sh600710,0,0,0
sz300612,2355,3665,0
sz300448,0,0,0
sz000883,0,10722,0
sh600011,24307,8020,0
sh600558,0,7192,0
sh603833,0,79,0
sh600668,0,695,0
sh600123,28815,8149,0
sz002782,0,0,0
sh600608,0,0,0
sh600545,0,0,0
sh601333,36531,20708,0
sz002660,0,0,0
sh601199,0,0,0
sz300220,1001,0,0
sz300353,1384,1727,0
sz002167,3068,0,0
sz000778,17880,46542,0
sz300652,0,0,0
sz002678,0,0,0
sh601996,0,2533,0
sz300158,0,674,0
sz000153,0,0,0
sz300417,0,0,0
sz002594,5021,4874,165
sz002773,397,1355,0
sz000428,0,0,0
sh600581,15534,15686,0
sh600536,1552,2162,761
sh603356,0,0,0
sz300645,0,0,0
sz300223,1254,1439,0
sh603010,0,0,0
sz002243,0,0,0
sh601919,35412,54811,2635
sz002777,0,0,0
sh601117,8845,14265,0
sz300283,0,0,0
sz002505,0,15558,0
sz300189,0,0,0
sh600722,0,0,0
sh600409,91618,46207,3482
sh600725,0,0,0
sh600623,5801,12815,0
sh603505,3210,0,0
sz002284,0,0,0
sh600747,0,4688,0
sz002095,2860,1209,0
sh600072,0,2325,0
sz002906,0,465,0
sz300125,0,0,0
sh600335,0,2218,0
sh600596,12513,26389,0
sz002595,0,0,0
sh600198,0,3715,0
sh601688,141909,229860,5522
sz002327,3243,4019,0
sz002390,1337,0,0
sz002174,467,4403,0
sh603538,0,0,0
sh600858,0,0,0
sz300562,0,0,0
sz300571,0,0,0
sh603669,0,0,0
sz002361,0,0,0
sz300157,0,7522,0
sh600757,6267,0,0
sz002833,0,0,0
sh600175,6840,24999,0
sh600765,0,0,0
sh600055,0,1074,0
sz002481,3538,0,0
sh603233,235,0,0
sz300389,0,0,0
sz002776,0,0,0
sz000727,0,18543,0
sh600629,0,0,0
sh601086,59331,68828,11469
sh600313,3500,0,0
sh600651,2566,2204,0
sz300041,0,0,0
sz300218,0,0,0
sh600323,1000,1201,0
sh601222,0,0,0
sh603728,0,0,0
sz000976,0,1313,0
sz300354,0,0,0
sz300120,0,0,0
sh603200,0,0,0
sz002157,2006,9129,0
sz300486,0,0,0
sz000731,4579,1294,0
sz002515,0,0,0
sh603766,0,0,0
sz002564,0,1554,0
sh601128,23336,25859,2221
sz002830,0,0,0
sz002410,1557,0,0
sh603268,0,0,0
sh603012,0,0,0
sh600742,0,929,0
sz300179,0,0,0
sz002762,0,0,0
sz300276,0,0,0
sh603895,0,0,0
sh600377,0,1524,0
sz002460,58094,42213,10184
sh600038,889,3259,0
sz300386,0,683,0
sz300501,0,0,0
sz002408,8300,800,0
sz000829,2549,0,0
sz002373,1438,0,0
sz300700,5988,1304,0
sz002264,12381,8603,1756
sh603585,0,0,0
sz000837,0,0,0
sz002166,0,0,0
sh600663,0,0,0
sh603321,0,0,0
sh600638,0,0,0
sz300428,1105,0,0
sh600021,0,3243,0
sz002625,0,2907,0
sz300336,940,4245,0
sz300237,0,668,0
sz002325,0,0,0
sz000599,0,0,0
sz300535,0,0,0
sz000541,1198,0,0
sz002538,0,2033,0
sh600880,0,2000,0
sz002450,23763,55849,2983
sh601186,38276,43448,0
sz300722,338,0,0
sh600061,0,4240,0
sz002853,855,336,0
sz002871,0,0,0
sh600415,2018,7649,0
sh600529,0,0,0
sh600486,1390,1423,0
sz002888,0,0,0
sh600285,0,1555,0
sz300062,0,0,0
sh603158,0,0,0
sh600919,46685,107828,0
sh600109,5367,7982,0
sh603315,0,0,0
sz002289,0,0,0
sh601966,0,1395,0
sz300394,0,0,0
sz002143,3689,9381,0
sh600327,0,0,0
sz300641,0,0,0
sh601599,17567,8297,0
sz002674,0,0,0
sh600640,1029,0,0
sz002426,0,2384,0
sh600977,4168,2852,0
sz002144,0,0,0
sz000762,10406,6572,0
sz002902,250,625,0
sh600209,23329,0,0
sh600246,0,2463,0
sz002029,7480,0,0
sh600267,7921,2352,0
sh603848,0,510,0
sz002352,814,0,0
sz002492,0,0,0
sz002540,0,0,0
sh600008,9439,46960,0
sz000040,3630,1215,0
sz002434,0,1312,0
sz300231,0,3453,0
sh600371,0,0,0
sz002513,0,0,0
sz002866,0,0,0
sz002348,0,0,0
sh603912,371,0,0
sz300419,0,0,0
sh600499,17811,19901,0
sh600578,0,0,0
sh600311,0,2000,0
sz300730,302,1502,0
sz000655,0,0,0
sz002601,35027,19389,0
sh601858,0,0,0
sz000008,3809,0,0
sz002126,1463,0,0
sz002385,4601,13657,0
sz000909,0,0,0
sz300576,0,0,0
sh600811,0,2258,0
sh600189,0,0,0
sz300001,0,0,0
sz300423,0,0,500
sh600740,125810,102385,9279
sz300456,0,0,0
sz300050,0,0,0
sh603385,0,492,0
sz000651,184552,195182,19673
sz002308,0,0,0
sh601579,0,0,0
sz300146,7936,8521,0
sh600992,0,972,0
sz000504,4623,1463,0
sh600712,0,0,0
sh603612,850,248,0
sz002425,0,1395,0
sz002511,4757,5964,0
sz300599,0,0,0
sh600232,0,0,0
sz000838,4317,0,0
sz300387,0,0,0
sh603926,0,0,0
sz002077,0,0,0
sz000709,118639,365565,0
sh600723,0,0,0
sz002568,0,780,0
sz300024,41054,16858,4362
sz000636,6686,8920,0
sz002652,0,0,0
sh603313,0,0,0
sh600096,0,1392,0
sz000652,36380,0,2782
sz002096,0,0,0
sz300020,968,8707,0
sz002839,230982,197071,20832
sz000584,3089,2717,0
sz300185,0,4500,0
sz002715,0,0,0
sz002137,0,0,0
sh600884,11346,5922,0
sz300280,649,1000,0
sz002702,0,0,0
sz002576,0,0,0
sz002152,4877,19191,0
sh600016,303753,333026,1807
sz000589,0,0,0
sh600547,19807,29933,0
sh600746,0,0,0
sz002891,0,0,0
sz000601,0,0,0
sh600617,0,0,0
sz000524,0,0,0
sz002011,0,0,0
sz000498,0,0,0
sh600416,0,0,0
sh600509,1600,0,0
sz002530,0,0,0
sz002560,0,1474,0
sh600674,23776,5595,0
sh603167,0,5303,963
sh603883,719,1195,0
sh601328,635565,897880,6428
sh601800,5159,18978,0
sz300624,0,294,0
sh600861,0,0,0
sh603637,500,470,0
sz002206,0,0,0
sz300628,0,149,0
sz002693,0,0,0
sh600810,0,1350,0
sz000698,0,0,0
sh603716,0,0,0
sz002017,0,0,0
sh600075,2938,2726,0
sz300258,0,0,0
sh600067,2957,12715,0
sz002627,0,0,0
sz300597,0,0,0
sh603843,0,5154,0
sz300445,0,0,0
sz000635,0,0,0
sh600602,0,0,0
sh600370,0,0,0
sz002490,0,0,0
sz300657,0,402,0
sh600872,3722,2057,0
sh603336,0,0,0
sz300239,0,0,0
sz300077,5280,16319,0
sz002816,0,0,0
sh603903,291,0,0
sh600262,0,0,0
sh603123,0,0,0
sz300715,307,1146,0
sh600557,0,0,0
sz300316,16471,29957,0
sz300255,0,0,0
sh603208,0,0,0
sz002578,21626,0,0
sz300153,0,0,0
sh600320,11583,15881,0
sz000408,2891,13572,0
sh600978,0,0,0
sh603896,0,0,0
sz002532,0,0,0
sh600248,0,0,0
sz002615,0,0,0
sz002267,0,0,0
sh603997,0,0,0
sz002089,0,0,0
sz000543,6768,0,0
sh603868,0,0,0
sz002268,1400,5110,0
sh603118,2133,7401,0
sz002169,0,0,0
sz002925,0,2233,0
sz002467,0,2804,0
sz002433,0,3594,0
sh603703,0,0,0
sz002069,3100,1986,0
sh600653,0,0,0
sh600939,1631,4569,0
sz300199,0,793,0
sh600186,0,4000,0
sz002641,0,0,0
sz000672,15712,28010,0
sz002581,0,583,0
sh600516,607945,522472,57998
sh600537,0,2381,0
sz000977,7694,3473,0
sh603978,200,0,0
sz002810,0,0,0
sz002032,0,0,0
sh603987,0,0,0
sh603160,0,381,0
sh600166,0,25552,0
sz002740,0,0,0
sh601019,0,6413,0
sz002555,1619,7408,502
sh603358,0,0,0
sz300511,0,0,0
sh603968,0,0,0
sh600971,38974,32175,0
sz002755,0,0,0
sz300605,0,0,0
sz000983,104261,109915,1204
sz002584,3043,3317,0
sz002261,0,0,0
sz002700,0,0,0
sz002305,0,4401,0
sh601127,6053,1000,0
sz002234,0,2793,0
sz002638,0,3062,0
sz300639,0,0,0
sz002699,0,561,0
sz002769,0,0,0
sz002132,0,0,0
sz000010,0,18117,0
sz002741,0,0,0
sz002108,981,4396,0
sh600366,0,0,0
sz002781,0,0,0
sz002198,0,0,0
sh600783,0,3255,0
sz300133,9242,28115,0
sz002613,0,0,0
sz002136,1159,0,0
sz002808,0,0,0
sh603628,0,0,0
sz002861,0,660,0
sz300402,0,0,0
sz002502,0,0,0
sz002232,0,0,0
sz000528,9989,22242,0
sz300265,1743,0,0
sh600838,27117,20462,0
sz000623,1196,7744,0
sz000875,5378,0,0
sh603288,201,843,0
sz002881,0,0,0
sh600642,2000,4220,0
sz002456,68187,115981,3611
sz300118,1376,971,0
sh603069,0,0,0
sh601766,248831,306695,1434
sh600303,0,1465,0
sz002714,995,4759,0
sz002548,0,0,0
sz002475,14393,15676,845
sh601100,932,0,0
sh600835,9211,1472,850
sh603386,5249,14461,1198
sz300475,0,1798,0
sz300015,1561,716,0
sh600841,891,0,0
sz002055,586,1000,0
sz300518,210,0,0
sh600735,0,9232,0
sz002141,0,0,0
sz000880,0,0,0
sh600048,478631,482631,33099
sz300483,600,0,0
sh600561,0,0,0
sh600426,13701,23063,0
sz002397,0,0,0
sz002503,2253,2009,0
sh600461,4417,0,0
sz000729,2832,24004,0
sh600455,0,0,0
sz300618,3461,0,0
sz002803,0,0,0
sz002483,0,0,0
sz000803,0,0,0
sz002269,0,0,0
sz000525,0,3557,0
sh603507,0,0,0
sh603477,1824,2217,0
sh603180,0,137,0
sh603717,0,0,0
sz300302,0,0,0
sh603800,0,0,0
sh603500,0,0,0
sz002680,0,1700,0
sz300154,0,0,0
sz300463,600,0,0
sz002057,0,0,0
sz300053,63115,18227,0
sh600395,14636,8064,0
sz300563,0,500,0
sz000507,5669,14254,1120
sh601007,0,1000,0
sh600703,82357,64248,2050
sh600496,0,0,0
sz002105,0,0,0
sz002091,2549,1200,0
sz300030,0,0,0
sz300592,0,0,0
sh600249,0,0,0
sz300662,0,0,0
sz000913,0,3920,0
sz300238,460,908,0
sz300345,0,0,0
sz002464,0,0,0
sz002476,0,0,0
sh600093,88802,103457,8024
sh603696,0,0,0
sz000707,0,0,0
sz002217,0,6002,0
sh603569,0,0,0
sz300343,0,842,0
sz300080,0,2003,0
sz300472,0,0,0
sz000631,3743,18551,0
sh600701,0,1212,0
sh603767,0,0,0
sh603488,0,0,0
sz002213,2005,0,0
sh600525,0,5093,0
sz000028,797,884,0
sh600894,0,0,0
sz002725,0,0,0
sh601108,51447,31637,4307
sz000851,0,0,0
sz002179,2723,1208,0
sz002599,0,0,0
sz000949,0,0,0
sh603677,0,0,0
sz002360,0,0,0
sh600056,459,7380,0
sh603055,631,0,0
sz000558,0,0,0
sz002508,3867,3427,0
sz000835,0,0,0
sz002294,1429,2116,290
sz000410,11743,1084,0
sz002772,0,0,0
sh600825,0,2000,0
sh600318,0,0,0
sz300371,0,0,0
sz300440,0,0,0
sz000898,43636,97032,0
sz300247,0,3333,0
sz002173,0,0,0
sz000718,9404,18365,0
sz300452,0,0,0
sh600107,2747,0,0
sh600865,0,0,0
sz300406,0,0,0
sz000596,746,1597,0
sz002350,0,0,0
sz002509,5993,7527,11017
sh600070,0,0,0
sh600694,6352,4594,451
sz002698,0,0,0
sz300036,0,0,0
sz000810,0,0,0
sh603019,15851,12875,817
sz002266,0,0,0
sz000537,36550,42402,1443
sz300551,0,0,0
sh600027,24180,48583,0
sz002849,0,0,0
sz300171,0,0,0
sh600511,6192,1347,0
sz002142,7439,21486,608
sz002027,20020,34028,921
sz300191,2366,1431,467
sh603166,0,0,0
sh603177,0,0,0
sz000407,0,0,0
sz000862,0,0,0
sz300465,0,2918,0
sz300569,1257,2112,0
sz002403,0,1000,0
sz000952,0,1771,0
sz000576,0,0,0
sh600886,24797,27698,0
sz300301,0,0,0
sz000968,0,800,0
sh600199,0,0,0
sh600791,0,0,0
sz300023,1074,0,0
sh601717,2494,15030,0
sz002729,0,462,0
sz000637,0,0,0
sh601519,0,2200,0
sh600726,0,0,0
sz002131,9367,19868,0
sh603318,9672,1848,0
sz000506,0,0,0
sh600839,10996,34656,0
sh600981,0,0,0
sz000639,3010,796,0
sz300211,0,0,0
sz300600,0,0,0
sz002600,3225,5986,0
sz300029,0,0,0
sz002020,2000,0,0
sh600387,1567,0,0
sz002544,9799,69497,0
sz300002,1759,12613,0
sz002734,0,0,0
sh600278,0,0,0
sz002225,0,0,0
sz002690,784,0,0
sh600817,0,0,0
sz002901,0,0,0
sz002387,0,0,0
sz000850,0,0,0
sz002255,0,0,0
sz300496,692,442,0
sz300367,1993,3706,0
sh600039,0,0,0
sz002497,31062,31986,1015
sh600676,0,0,0
sh603076,0,297,0
sh603829,651,836,0
sh600969,0,0,0
sz000676,4237,0,0
sz000667,40245,14456,0
sz002007,453,1346,369
sh600338,2967,6077,0
sz300437,0,0,0
sz002728,0,0,0
sh600319,1200,0,0
sh600803,10202,18726,2992
sz300037,1049,0,0
sh600599,0,700,0
sz300047,0,0,0
sh601288,1777828,1913912,0
sh600015,75663,187658,0
sz002735,0,0,0
sz300007,0,0,0
sz300712,0,0,0
sz300250,0,0,0
sh600428,0,2010,0
sh601558,8953,0,0
sz300515,0,0,0
sh603701,0,0,0
sz300560,0,0,0
sz000908,0,0,0
sz000532,7412,1077,0
sz002826,0,2159,0
sz300190,0,0,0
sz000016,14641,20501,0
sh600340,68452,110145,3977
sh600491,0,0,0
sh600460,32434,33640,1613
sz002099,0,0,0
sz300014,8863,2633,0
sz300595,0,0,0
sh600250,2321,0,0
sz300260,0,0,0
sh600926,20177,29113,1774
sh601608,14585,0,0
sh603886,4899,0,0
sz002253,0,0,0
sh600636,6721,0,0
sh603676,15036,32197,621
sz002313,0,2474,0
sh600705,35639,10971,0
sz002106,1299,6794,0
sh600271,7362,10192,0
sh600975,0,0,0
sh603033,0,0,0
sh600585,42502,62880,5425
sz300401,2875,2952,849
sz002880,0,0,0
sz002059,0,0,0
sh600522,28356,51452,0
sz000570,0,0,0
sh603036,0,0,0
sh601038,4094,0,0
sh603041,877,0,0
sz000592,19655,60011,0
sh603339,0,458,0
sz300546,0,0,0
sz002110,34379,24459,422
sz300339,1704,5219,0
sh600180,0,0,0
sh600519,17136,15573,2285
sz300642,0,0,0
sz300570,0,0,0
sz000831,1006,987,0
sh601238,3403,4796,0
sh600078,0,2000,0
sh603111,0,3289,0
sz000899,0,6496,0
sh600229,0,0,0
sz000419,0,0,0
sz002351,0,0,0
sz300246,0,0,0
sh600225,0,0,0
sz300379,0,0,0
sz300572,150,617,0
sz002774,0,0,0
sz300661,0,0,0
sz002024,234717,193738,11873
sz000786,24421,33338,0
sz002459,0,0,0
sz002216,0,0,0
sz300573,0,0,0
sh603389,0,0,0
sz300328,0,0,0
sh603879,0,0,0
sz300664,20045,10069,4747
sz002229,67013,202735,4970
sz300422,700,0,0
sz002015,0,2000,0
sh600247,0,0,0
sh601002,10290,5987,0
sh601021,584,0,0
sz000988,2064,2065,0
sz002591,0,0,0
sz300421,0,0,0
sz002454,0,0,0
sz002035,0,0,0
sh603456,1371,2710,0
sh600280,0,0,0
sz000915,1221,500,0
sz002766,0,0,0
sh600290,12315,3011,0
sh600299,0,0,0
sz002364,0,0,0
sh601158,0,3325,0
sh600586,0,3003,0
sz000638,0,2157,0
sh600111,35780,39747,3025
sz300459,0,1881,0
sz002422,2368,3793,0
sh600196,16698,14911,564
sz002226,1769,0,0
sz000032,0,1497,0
sz000818,2051,2273,0
sz002394,0,0,0
sz002656,0,0,0
sh601965,0,0,0
sh603798,0,0,0
sh600062,4763,7626,0
sz000063,286268,306254,34701
sz002116,0,0,0
sz000995,0,1265,0
sh600979,0,0,0
sh600503,10670,11680,0
sz002340,24175,34621,0
sz300431,4843,16098,2185
sz002371,6571,6856,0
sz002882,0,0,0
sz002687,15723,28739,3278
sz300611,0,0,0
sz000400,2757,10350,0
sz002675,1503,1000,0
sz002247,0,0,0
sh600213,0,0,0
sh600868,133403,62759,0
sh600258,4606,739,0
sh600517,0,1732,0
sz300222,629,0,0
sz000980,0,900,0
sz002903,0,0,0
sz002281,1068,2507,0
sh600675,0,0,0
sh601878,3388,5473,0
sz002447,25670,55646,0
sh600050,441907,604262,4458
sh600060,2003,10984,0
sz000157,16227,96025,0
sz300413,392,322,0
sz002526,2015,0,0
sz002211,0,8363,0
sz300119,0,0,0
sh600609,0,2094,0
sz002761,0,0,0
sz002820,0,0,0
sz000725,2412406,1702024,18558
sz000544,1500,0,0
sz000922,0,0,0
sz300633,0,0,0
sz002013,0,2273,0
sz300457,0,799,0
sh600183,2170,7083,0
sh601198,6480,4936,0
sz000777,751,2896,0
sh600408,0,6538,0
sz300323,1149,804,0
sh603326,0,0,0
sh603396,0,0,0
sz300488,0,0,0
sz002161,0,1506,0
sz002655,0,1292,0
sz002634,0,0,0
sz300494,0,0,0
sz300161,619,0,0
sh601881,155385,104028,9611
sz002770,0,0,0
sh600860,0,0,0
sz002846,0,0,0
sz002465,0,4021,0
sh600998,751,602,0
sz300405,0,0,0
sh600748,0,0,0
sh600297,0,2842,0
sz000816,13879,52427,0
sz300443,0,667,0
sh601828,170150,222289,29384
sz002271,1931,3738,0
sz300632,0,0,0
sh603078,0,0,0
sh603126,0,3942,0
sh601985,28347,24725,0
sh603088,38202,7734,0
sh600720,8402,20625,0
sz002809,0,311,0
sz002204,0,2535,0
sh600816,0,18017,0
sh601789,0,2472,0
sz002320,5130,6143,0
sz002887,189,0,0
sh603708,0,500,0
sz002823,0,800,0
sh600555,6484,7289,0
sz300609,0,0,0
sz300403,0,0,0
sz300320,20567,44199,1981
sh601326,2592,13195,0
sh603858,452,847,0
sh600893,465,3136,0
sz002712,0,0,0
sh603306,0,0,0
sh600729,1220,0,0
sh600305,1000,1000,0
sh603958,0,0,0
sz000751,87019,35340,0
sz300487,30799,25465,7874
sz002736,24204,60006,0
sh600502,2017,28586,0
sh603278,0,0,0
sz300230,0,0,0
sz000060,195095,213225,5411
sh601890,0,0,0
sz002518,0,735,0
sh600418,0,0,0
sz300604,0,0,0
sh601699,223052,169237,9932
sz002428,9975,10328,0
sh603181,0,0,0
sz000801,25504,15884,0
sz300499,0,0,0
sh603101,0,0,0
sz002756,0,0,0
sh603080,1658,729,0
sz000070,0,1200,0
sz002121,0,0,0
sz002828,0,0,0
sz002196,0,0,0
sz002282,0,0,0
sz300490,0,0,0
sh600973,0,0,0
sz000521,0,0,0
sz002314,0,2000,0
sh600302,0,0,0
sz002076,0,0,0
sh600730,0,0,0
sh600717,2305,3907,0
sz002209,0,1458,0
sz300631,0,0,0
sh600481,0,13359,0
sz002415,24453,43498,2418
sz300727,3774,6467,1373
sz002346,0,0,0
sz002802,0,0,0
sh603899,1331,562,0
sh600688,10155,41817,3021
sz002528,0,0,0
sz000100,113515,97461,0
sz002567,3712,0,0
sz300095,0,3633,0
sz300135,2692,0,0
sz000887,608,0,0
sh601958,3487,28689,0
sh600778,0,0,0
sz300687,0,0,0
sz300236,0,0,0
sz002574,0,0,0
sz000411,0,0,0
sz300543,0,0,0
sh601058,6010,12200,0
sh601818,650922,1036713,0
sz300434,0,0,0
sh601116,4069,578,591
sz002401,2359,1089,0
sh603898,0,0,0
sz300322,0,0,0
sh600595,0,16540,0
sz000996,1732,8307,0
sz300200,0,0,0
sz002047,11076,0,0
sz002665,0,1603,0
sh600368,2685,4030,0
sh603776,310,380,0
sz002609,0,0,0
sz300294,0,0,0
sz002445,17295,3204,886
sz000096,0,0,0
sz002753,1515,0,0
sz002779,0,0,0
sh603990,0,0,0
sz300141,0,0,0
sh603027,0,0,0
sz002559,0,0,0
sz002079,0,0,0
sz002223,11730,2303,1151
sh603369,1750,1412,0
sh600126,0,0,0
sh603568,0,0,0
sz000004,0,0,0
sh601101,44583,15804,2829
sh600671,1580,0,0
sz000951,0,2990,0
sz300310,0,1210,0
sz002291,14660,0,0
sh601118,72712,45092,0
sh603099,0,0,0
sh603823,0,0,0
sz300315,18572,46325,0
sz300537,0,0,0
sh600815,0,0,0
sz002732,0,0,0
sz300697,1834,3892,0
sz002672,853,3683,0
sz300206,0,0,0
sh600520,1008,0,0
sz300197,4479,12548,951
sh600622,0,1407,0
sh600077,0,10437,0
sh600316,0,0,0
sh600266,1935,5451,0
sh603058,4358,29058,0
sh600867,16218,21333,455
sh603909,0,0,0
sh603218,0,0,0
sz000893,29190,3476,0
sz000728,11256,11658,0
sz000788,0,0,0
sh600059,0,0,0
sz300314,0,0,0
sz300660,0,0,0
sz300408,3191,7485,0
sz002921,646,0,0
sz002070,0,5313,0
sz000881,0,0,0
sh600963,16279,41288,0
sh600619,0,0,0
sz002149,0,0,0
sz002056,0,7588,0
sh600293,0,0,0
sz300196,0,0,0
sz002186,0,0,0
sz000573,0,0,0
sz300407,0,924,0
sz002522,1063,3897,0
sh600874,2760,4647,0
sz300337,0,0,0
sz000733,0,0,0
sz300012,26747,19022,0
sz002003,0,0,0
sh600673,3000,5539,0
sz300188,2529,0,0
sh603042,0,0,0
sz000800,11198,10827,0
sz000611,0,0,0
sz002119,0,0,0
sh603038,0,0,0
sz000932,39537,67301,3821
sh600550,0,0,0
sh600020,6657,11503,0
sz000705,0,0,0
sz002349,0,0,0
sz000049,921,388,0
sz002432,0,0,0
sh600993,0,1398,0
sz300425,0,0,0
sh603808,0,0,0
sh601398,648570,824208,15257
sh600570,45608,26883,1981
sz002402,0,0,0
sh600403,0,0,0
sh603618,0,0,0
sz300713,0,0,0
sz300124,784,3594,0
sz300404,0,0,0
sh603689,1701,1403,0
sz002799,600,0,0
sz002184,0,0,0
sz002411,0,384,1883
sh603917,502,429,0
sz300216,46720,70583,4512
sz300132,0,0,0
sz002097,0,1381,0
sh600891,0,0,0
sz000701,0,0,0
sh603277,0,0,0
sz002446,0,0,0
sh601366,0,0,0
sh603595,0,153,0
sh600203,9286,0,0
sz300331,0,0,0
sh601107,0,0,0
sz002673,8779,17507,0
sh603727,0,0,0
sz002086,6316,1252,0
sz300534,0,0,0
sz002908,4197,3371,754
sz000779,0,0,0
sz000861,0,0,0
sh600073,0,0,0
sz002336,0,854,0
sz002088,0,0,0
sh603665,0,0,0
sz000587,39295,19279,0
sz002865,0,0,0
sh601231,36095,34065,2093
sz000933,43021,59965,1600
sh603825,0,0,0
sh600738,0,0,0
sz000982,0,10779,0
sh601929,0,0,0
sh603803,0,0,0
sz300510,0,436,0
sz002663,39399,4345,0
sz002557,0,900,0
sz002743,0,0,0
sz002220,0,0,0
sh600479,0,0,0
sz000687,0,0,0
sh600153,29847,28501,1006
sz300076,0,0,0
sh603128,0,2726,0
sz300460,0,0,0
sh601377,57918,98579,0
sh600401,0,0,0
sh603616,0,4818,0
sz002596,6633,6150,0
sz002760,3727,0,0
sz002317,1382,8368,0
sh600737,0,2600,0
sz300098,865,3569,0
sz000612,0,0,0
sh603615,0,0,0
sz002370,0,0,0
sh600025,160002,180187,0
sh603989,327,0,0
sh600697,445,0,0
sz002458,880,0,0
sz002117,0,650,0
sh600113,1167,2218,0
sz002911,996,760,0
sh600259,0,0,0
sz002064,0,5463,0
sh600386,0,0,0
sh603363,7906,4889,0
sh600594,0,2368,0
sz002010,0,0,0
sz000708,0,1000,0
sz300169,0,0,0
sz002018,0,13018,0
sz002120,0,455,0
sz002551,0,0,0
sz000043,0,0,0
sz300399,0,0,0
sz002630,25079,11783,0
sh600681,0,0,0
sh600091,0,0,0
sh600790,0,0,0
sz002292,11777,11780,0
sz002016,105061,261231,8118
sz002650,8324,4614,0
sz300160,0,1695,0
sz002374,0,0,0
sh600355,0,4201,0
sz000768,3232,4263,0
sh600696,0,0,0
sh600716,0,6599,0
sh600692,0,0,0
sh600501,0,0,0
sh601969,0,0,0
sz002775,0,0,0
sz000929,1020,0,0
sh600360,0,9007,0
sh601006,100470,79604,0
sz002071,3279,0,0
sz002536,0,0,0
sz002801,0,0,0
sz000401,12320,23709,1085
sh600563,2523,3629,0
sz000715,0,3464,0
sh600707,20847,14086,0
sh600019,368849,517799,16771
sz002749,0,0,0
sz002376,1000,2838,0
sz300048,0,3065,0
sz300527,1846,0,0
sz002662,0,0,0
sz300723,1929,486,0
sz300355,19940,46519,7846
sz300390,0,0,0
sz002413,2520,1178,0
sh600375,0,0,0
sz002280,0,10607,0
sh600883,0,0,0
sh600548,0,0,0
sh600662,0,0,0
sz002242,0,0,0
