sz300114,0,0,0
sz002868,0,0,0
sh600654,0,10634,0
sh600419,260,0,0
sz000570,0,0,0
sh603226,423,0,0
sz300125,0,0,0
sh600585,141603,83290,12408
sh600551,0,0,0
sh603458,171,1958,0
sz002718,0,0,0
sh600246,0,0,0
sz002053,0,1885,0
sh603118,0,1907,0
sz000901,0,4292,0
sh603066,2892,0,0
sz300308,979,172,0
sz002533,3000,0,0
sz002048,3373,2913,0
sz002799,995,0,0
sh600858,3497,1669,0
sz002522,0,2466,0
sh600243,0,0,0
sz000705,0,0,0
sz002388,0,0,0
sh600133,6454,3886,0
sz002768,0,0,0
sz300565,0,0,0
sz300334,4990,2376,0
sh603303,0,0,0
sh603889,3489,688,0
sz300146,22141,40237,690
sh603515,0,0,0
sh601100,1355,1152,0
sh600177,58918,32810,0
sh603686,0,570,0
sz002510,0,3711,0
sz000151,0,0,0
sh603039,0,166,0
sz300457,0,0,0
sz002895,6349,6178,1164
sh600746,2452,3205,0
sh603878,0,0,0
sz300482,185,0,0
sz002886,0,0,0
sz000157,53180,86583,0
sh601988,1428143,1327673,2417
sz000998,4592,6312,3001
sz002288,5000,3773,0
sh600687,1660,0,0
sz002555,10596,12505,0
sz002673,29467,24515,933
sh601595,628,500,0
sh600636,0,0,0
sh600356,0,0,0
sz300609,405,0,0
sh603888,0,890,0
sz002859,0,674,0
sh601111,471533,396625,20437
sz002096,0,1275,0
sh600423,0,0,0
sh601003,50053,32059,0
sz300346,402,0,0
sh603676,4626,2596,0
sh603131,0,0,0
sh600958,12838,15213,0
sz002889,0,992,0
sh600436,6019,2436,0
sz000999,687,480,0
sz002050,10564,7852,0
sz002572,4672,2160,0
sz000626,0,0,0
sz002620,0,0,0
sz002820,0,0,0
sh600331,2456,5404,0
sz002557,700,0,0
sh601366,0,1737,0
sz000400,805,1149,0
sh600052,0,0,0
sz000936,0,4800,0
sz002287,0,0,0
sh601996,0,0,0
sh603823,1367,598,846
sz002399,0,0,0
sz002872,0,0,0
sz002083,1919,3669,0
sz002229,3976,0,0
sh603337,0,0,0
sh600284,0,6972,0
sh601965,0,0,0
sz002001,25070,33453,0
sh603960,0,0,0
sz000767,8124,0,0
sz300410,0,0,0
sh600184,0,0,0
sz000005,0,0,0
sh600198,20150,11154,0
sz000409,0,0,0
sz300042,0,0,0
sh603533,5207,2399,866
sh600528,2783,3205,821
sz002516,0,3901,0
sh601128,24930,28773,0
sh600550,0,7350,0
sh600163,0,0,0
sz002922,394,0,1309
sh600066,5110,12286,0
sz002076,0,0,0
sh600763,0,0,0
sz002213,8584,0,0
sz000488,76388,40868,0
sh600376,4258,0,0
sz002057,0,2000,0
sz002228,0,0,0
sz002514,0,0,0
sz300050,0,0,0
sh600628,0,1000,0
sz002792,0,0,0
sh603716,0,0,0
sz002278,24800,1000,1500
sh601669,25745,24040,0
sh600707,1334,0,0
sh600466,27876,16481,0
sz002536,0,4869,0
sh600315,1739,749,0
sh600336,0,0,0
sz002625,3411,980,0
sh603725,0,536,0
sh600867,8057,6785,0
sz300677,766,2037,0
sz000982,0,0,0
sh600137,0,0,0
sz002447,53974,65652,0
sz002137,0,1532,0
sz002747,0,0,0
sh600026,31103,9102,0
sh600563,3713,1330,0
sz002266,3173,6632,0
sh600814,0,0,0
sh600650,0,0,0
sz300608,0,0,0
sz002480,0,0,0
sz002774,0,0,0
sh603669,0,0,0
sz300052,6453,1461,0
sh600903,38236,62653,5730
sz300035,0,0,0
sz300362,0,0,0
sz300590,0,0,0
sh600113,0,0,0
sz300248,0,0,0
sz002779,500,763,0
sz000524,0,0,0
sh600703,30142,34940,835
sz300197,6491,19515,0
sz000585,28153,23761,21265
sz002059,0,0,0
sz300387,0,0,0
sh600725,0,0,0
sz002583,1742,6710,0
sz300293,0,0,0
sz000581,58373,28458,1670
sh603689,0,1739,0
sz300715,0,0,0
sh603369,2295,2540,0
sz002069,0,0,0
sz002713,392,504,0
sh603939,312,0,0
sh600771,399,220,0
sz000887,0,3837,0
sz002290,0,0,0
sz002487,0,0,0
sz002419,11801,6926,0
sz000506,0,0,0
sh600241,0,0,0
sh600512,0,3500,0
sz300591,0,0,0
sh603338,160,150,0
sh600897,0,0,0
sh601166,1449594,1258262,30380
sz002381,0,0,0
sz000595,0,0,0
sz002416,0,0,0
sz002626,724,2794,0
sh600863,0,4897,0
sz300398,0,583,0
sz300184,2309,3037,0
sz002680,0,10549,0
sz002705,0,885,0
sz002012,23786,10198,0
sh600975,0,0,0
sh600926,29258,20515,0
sz002198,1173,1640,0
sh600582,7859,5562,3422
sz300176,5588,2854,121
sz002709,1191,2516,0
sh600279,0,0,0
sz000037,1920,3762,0
sz300313,844,0,0
sh600761,1013,4014,0
sh601188,0,0,0
sh603086,678,1195,562
sz300322,0,0,0
sz002812,850,0,0
sz002429,5894,22879,0
sz002063,18948,34161,2431
sz300622,0,0,0
sh600125,24735,38407,0
sh603110,0,0,0
sh603318,752,0,0
sz300015,1253,4762,606
sz300567,463,0,0
sz002164,0,0,0
sz300112,0,0,0
sz300617,0,0,0
sz002685,0,1100,0
sz300198,1581,0,0
sh600728,0,1600,0
sh601238,11301,7989,0
sz000505,0,1452,0
sz000620,0,0,0
sz002923,368,303,869
sh603326,0,0,0
sz002247,0,0,0
sz002295,0,0,0
sz000976,2043,11091,0
sh601163,0,0,0
sh600583,13157,24762,0
sh600220,0,0,0
sh603859,0,0,0
sz002254,2067,1752,0
sz000420,4377,3904,0
sh600844,0,1755,0
sh603160,0,0,0
sz002440,6754,10693,0
sh600176,22216,34501,0
sh600589,0,1652,0
sz300425,0,0,0
sh601019,7084,831,0
sh600319,0,0,0
sz000610,0,0,0
sh603999,0,3091,0
sz300735,2013,5521,482
sz300011,0,0,0
sz000652,0,0,0
sh600715,4475,1676,0
sz002751,0,331,0
sz300660,0,170,0
sz002867,0,0,0
sh603699,0,0,0
sz002866,1849,364,0
sz002088,1971,0,0
sz002233,23099,13799,0
sz000676,0,0,0
sh603181,0,0,0
sh601113,0,0,0
sz000958,0,2824,0
sz002285,27410,15949,0
sz000010,0,5525,0
sz300404,0,0,0
sz300077,11221,1302,0
sz300082,0,0,0
sh600769,0,0,0
sz300572,0,0,0
sz300333,0,0,0
sh600869,0,0,0
sh600111,62583,90021,3090
sh600233,0,0,0
sh600339,1927,9427,0
sz000605,0,0,0
sh600080,1990,1237,0
sh600965,1087,0,0
sh603078,230,3709,0
sh600232,0,0,0
sz300329,0,0,0
sz002214,0,1846,0
sz002897,0,0,0
sh603638,0,400,0
sz300654,0,0,0
sh603829,0,623,516
sh603033,0,0,0
sh603938,0,2164,0
sz300280,1133,0,0
sh600203,4031,2003,0
sz000009,3847,8137,0
sz002003,0,0,0
sh600114,0,0,0
sz300658,0,0,0
sz000975,1452,2484,0
sz300144,2783,2573,0
sh600817,0,0,0
sz002008,14495,27464,2395
sz002708,0,0,0
sh600579,0,880,0
sz000155,6837,5185,0
sh600216,3168,7114,0
sz002468,0,0,0
sz002024,64721,82363,0
sh600797,10358,9108,0
sz002865,800,0,0
sz002632,0,0,0
sz300540,0,0,0
sz300081,0,0,0
sz002907,4209,8341,796
sz300300,0,0,0
sz300446,0,0,0
sz002733,648,0,0
sz002294,2890,6536,0
sz300500,0,0,0
sh603612,229,1003,0
sz002396,4018,14001,505
sz002261,0,1837,0
sz300243,0,0,0
sh600847,0,0,0
sh603081,3999,2741,0
sz000025,972,275,361
sh600961,0,0,0
sz002746,0,0,0
sh600483,0,1340,0
sz002722,0,0,0
sz000596,519,1548,0
sz000881,3563,12917,777
sh600259,0,288,0
sz002660,0,0,0
sz300088,20454,26009,1451
sh603380,0,0,0
sz002175,0,4335,0
sz002666,0,12082,0
sz002492,0,0,0
sh600202,7095,17868,0
sz002436,0,0,0
sh603708,0,700,0
sz002461,0,1122,0
sz300170,2978,7978,0
sz300325,2018,0,0
sh600210,0,10297,0
sz300423,400,0,0
sh600079,6064,11518,0
sh600282,133659,158388,0
sh603703,0,0,0
sh601579,0,0,0
sz300098,2178,3048,0
sh600737,3864,4936,0
sz002315,0,442,0
sz002180,0,0,0
sh600637,1459,4712,0
sz002281,5726,5080,0
sz000908,0,0,0
sh603359,0,1293,0
sh600721,0,0,0
sz002410,669,812,0
sh600708,30363,69865,0
sh600690,123635,94081,6357
sh601336,86822,84329,4489
sz002682,0,0,0
sh600219,71895,93098,0
sz300672,195,0,0
sh600057,27151,8914,0
sh601985,19208,29216,0
sz000603,1739,12992,0
sz300206,0,0,0
sz002009,2000,860,0
sz000503,3722,10130,0
sz300494,3358,1099,0
sz000961,34653,19661,0
sz000978,0,1480,0
sh600892,20433,14000,0
sz000672,153808,82425,13414
sz300502,0,0,0
sh600159,0,6477,0
sz002204,61625,30169,0
sz002850,0,0,0
sh603757,0,0,0
sz000813,4869,0,0
sz300585,0,0,0
sz300676,361,920,66
sh603017,0,0,0
sh600038,2226,1049,0
sh601099,20541,59071,0
sz002359,4964,10536,0
sz300670,0,0,0
sz002272,0,0,0
sh600403,0,2697,0
sh600415,0,2002,0
sh600368,6934,2568,0
sh603519,0,0,0
sz002079,0,1882,0
sh600833,0,0,0
sz300064,183841,57544,8204
sz000690,15845,1325,0
sz002849,0,0,0
sh603977,0,0,0
sh601069,2397,986,0
sz000510,0,0,0
sh600511,1078,2360,0
sh603133,0,0,0
sh600731,1500,0,0
sz002674,0,0,0
sh603825,406,1828,0
sz300230,0,0,0
sh603129,0,0,0
sz300359,1103,3788,0
sz300417,0,619,810
sh600290,1916,6765,0
sz002591,0,976,0
sz300536,706,0,0
sh600452,0,0,0
sz002556,11749,1422,0
sz002380,0,0,0
sz300515,0,0,0
sh600351,0,0,0
sh600015,144571,93339,0
sz300452,0,464,0
sh603809,0,0,0
sz002574,0,0,0
sh603300,0,1948,0
sh603991,0,0,0
sh600796,0,0,0
sz002860,0,0,0
sz300034,0,0,0
sz300529,0,894,0
sz002150,0,0,0
sh603505,0,3566,0
sh600831,1358,0,0
sz300394,0,617,0
sz000709,106552,230448,0
sh600602,0,0,0
sz300560,0,0,0
sh603648,5374,13566,0
sz300265,0,0,0
sz300686,0,0,0
sz300238,3103,433,0
sh601777,0,2765,0
sh603158,0,0,0
sz002568,0,3952,0
sz300021,0,0,0
sz000848,0,0,0
sh603843,9445,0,0
sz300641,0,0,0
sz000078,1772,37842,0
sz000598,2000,24925,0
sz000631,10484,2231,0
sz300263,1491,0,0
sz300281,0,0,0
sz002721,63144,7599,0
sz300022,0,0,0
sz300426,2534,3057,0
sh600732,0,0,0
sz002846,0,556,0
sh600766,0,0,0
sh600835,0,2239,0
sz002815,363,0,0
sh600008,36988,53855,0
sh600793,0,0,0
sz000632,0,0,0
sh601899,1426255,985300,0
sh600750,1719,2323,389
sz002334,0,1643,0
sz300027,175397,118665,4542
sz300476,2054,1064,0
sz002619,8290,5690,0
sh600873,29318,7539,0
sh600268,0,0,0
sz002071,1291,3661,0
sz002202,13019,17361,0
sz002827,0,0,0
sz002816,0,0,0
sz300399,0,0,0
sh600680,0,0,0
sz300187,0,0,0
sz002179,1521,2980,0
sh601010,0,0,0
sz000788,0,0,0
sz002806,0,0,0
sh600061,2885,3474,0
sz000972,0,6500,0
sz002093,0,2878,0
sh600617,0,0,0
sz002218,0,0,0
sz300001,0,1167,0
sz000823,1985,17916,0
sh601808,11424,2829,3155
sz300150,0,0,0
sh600828,0,3863,0
sz000898,37212,89349,0
sz002104,0,6314,0
sz002734,0,0,0
sz002185,64510,21703,0
sz300730,6220,2159,1264
sz000906,0,4947,0
sz002489,72555,26607,0
sh600538,1929,0,0
sh603665,0,0,0
sh601390,124741,62038,0
sh601966,4049,2309,0
sh600868,82043,35507,0
sz002371,3056,2137,0
sz000738,968,1813,0
sh603885,1564,0,0
sh600610,0,0,0
sz002161,1186,0,0
sh603906,0,0,0
sh600567,351180,228020,0
sz000727,5000,5766,0
sh601288,9130212,7511194,2223
sh600641,1854,7571,0
sz002737,0,0,0
sh603886,0,0,0
sh603788,0,0,0
sz000544,0,0,0
sh603990,341,0,0
sz000959,0,2007,0
sz002711,3028,3488,0
sz002569,15475,19133,459
sh600983,0,0,0
sz002465,2045,2658,0
sz300291,3582,2143,0
sz300597,0,1647,0
sh600012,0,1654,0
sz300180,1447,451,0
sh600879,74844,34234,0
sz002402,0,0,0
sz002888,0,0,0
sz002873,0,0,0
sz002615,0,0,0
sz002719,962,666,0
sh603630,0,0,0
sz300369,2104,0,0
sz002273,11969,36401,1079
sz002354,2396,0,0
sh600392,51009,106040,4872
sh600578,0,0,0
sz300261,0,0,0
sz002210,41178,7588,0
sh603319,0,0,0
sh603617,0,0,0
sz002690,655,0,0
sz002789,0,0,0
sh603722,244,0,0
sz002299,0,4254,0
sh600757,2341,31023,0
sh600584,3682,9480,737
sz002013,0,0,0
sh603589,683,2116,302
sz002783,0,539,0
sh600805,0,0,0
sz000027,0,1839,0
sh603041,0,0,0
sz300128,27658,11933,0
sh603320,0,0,0
sh603197,0,401,0
sz002729,0,0,0
sz002633,0,0,0
sh600328,3257,1945,0
sz300209,2089,679,0
sz002153,1426,1216,624
sz300558,0,478,0
sz000043,0,1075,0
sz000960,76451,100933,8168
sz002375,0,1500,0
sz300627,0,0,0
sz000719,0,0,0
sz002455,1404,4276,0
sz002101,0,0,0
sh603099,0,0,0
sz002205,0,0,0
sh603922,0,380,0
sz002030,0,652,0
sz002825,0,0,0
sz002513,0,0,0
sz000761,17403,27772,0
sz002593,0,0,0
sh600495,0,3901,0
sz300535,0,0,0
sz002035,5780,1872,512
sz002234,0,1210,0
sh600536,0,0,0
sh603189,0,0,0
sh601555,4596,3117,0
sh600297,2852,6444,0
sh601558,0,0,0
sz300367,6505,1479,0
sh603637,466,0,0
sz000880,0,0,0
sh600076,1580,3813,0
sz300621,0,0,0
sh600289,0,9977,0
sh600652,3039,3124,0
sh603588,0,1384,0
sz002703,0,0,0
sz002664,0,500,0
sz300213,0,0,0
sz002049,6503,10098,1191
sh600379,0,0,0
sz002224,0,0,0
sz000662,5046,0,0
sz300462,0,0,0
sz000656,47654,14416,0
sh600074,51552,0,0
sh600773,4920,2000,0
sh600110,4120,27395,0
sh600887,61200,72771,4034
sz000567,1218,922,0
sh600776,13673,2841,0
sh600126,0,0,0
sh601222,5316,0,0
sh600418,1278,9329,0
sh600526,1379,0,0
sh603628,0,0,0
sz000628,0,0,0
sh600460,108225,200452,9416
sz000417,0,0,0
sz300314,0,843,0
sz002444,2278,5953,0
sz002483,0,0,0
sh600775,0,2000,0
sz000039,56078,36061,722
sz300110,41784,1526,872
sz002239,0,0,0
sh603882,0,526,0
sh600462,0,5165,0
sh603813,2041,4889,655
sz002855,0,0,0
sh601969,0,0,0
sz002531,0,0,0
sz002496,2020,23117,0
sh603305,0,371,0
sz000514,2105,0,0
sh600269,9072,6571,0
sz300497,3785,1390,256
sz000680,5773,0,0
sh600149,0,0,0
sh603987,0,888,0
sz002028,9614,773,0
sz300483,0,0,0
sh603758,0,0,0
sh600053,0,0,0
sh601009,658216,606661,9389
sh603817,835,0,0
sz300093,0,0,0
sz300330,0,972,0
sz002317,6025,30063,0
sz300538,0,0,0
sh600353,2567,2965,0
sh600802,0,1500,0
sz002002,0,5573,0
sz002374,0,0,0
sh600812,0,0,0
sh600036,182208,194660,19474
sz002735,0,0,0
sz300301,0,0,0
sz002114,700,990,0
sz002346,0,0,0
sz000836,5494,11697,0
sz000695,0,0,0
sz002264,2197,3507,3147
sz000017,0,0,0
sh603377,6708,1019,0
sz000833,0,0,0
sh600596,30247,33643,0
sh603322,282,247,0
sz002837,0,663,0
sh600305,3766,6927,0
sz000617,0,0,0
sh600845,909,2694,0
sh600739,10743,23562,0
sz002622,2537,1594,1081
sh600822,4267,4732,0
sh603313,0,413,0
sz000981,0,2501,0
sz000002,86138,78306,3630
sz002378,0,0,0
sz002519,0,1730,0
sz002648,3316,10325,0
sz300115,6593,6448,0
sh600546,17328,4000,0
sz002443,0,3675,0
sh603933,0,0,0
sh603166,0,0,0
sz300542,441,1503,0
sz002890,0,0,0
sh603058,6587,5022,1123
sz002099,3000,4200,0
sz002335,0,467,0
sz000785,1200,0,0
sz300489,0,0,0
sh601515,0,0,0
sh600468,1817,10260,0
sz002167,1230,5431,0
sz000561,0,0,0
sz300397,1408,4028,593
sz002408,7344,8678,0
sz000576,28209,0,0
sz002376,0,897,0
sz300323,2942,5790,653
sz300479,0,0,0
sh601958,1326,3014,0
sh601872,27197,6002,0
sz002245,0,4509,0
sh603707,380,1331,0
sz300215,0,0,0
sh600119,875,0,0
sz002329,0,0,0
sz002877,0,0,0
sz002534,0,0,0
sz300091,0,694,0
sz000622,0,0,0
sz300643,0,0,0
sz000536,3300,0,0
sz300506,0,0,0
sh600258,4334,361,0
sh600281,0,0,0
sz300370,0,3128,0
sh600529,879,0,0
sh600978,9282,2738,0
sz300517,0,0,0
sh603779,0,0,0
sh600552,3259,0,0
sz300286,0,0,0
sz000678,0,0,0
sh603038,0,0,0
sh603528,0,0,0
sz300220,0,0,0
sz300123,0,0,0
sh600588,11413,2428,0
sz002488,0,0,0
sz300120,810,2557,0
sz000100,348975,611022,0
sz002132,0,0,0
sh600067,21832,11360,0
sz000803,0,0,0
sh600068,351773,161988,0
sh600006,0,6231,0
sz002762,1372,0,0
sh603335,0,0,0
sz300211,0,0,0
sz002912,835,1397,0
sz300309,0,0,0
sz000593,0,1700,0
sh603727,0,974,0
sz000590,0,0,0
sz000953,1465,0,0
sh600018,182543,58770,11785
sh603198,601,0,0
sh600325,402963,536229,21440
sz300036,0,2197,0
sz002836,488,0,0
sz002385,4454,39046,0
sz002597,3637,3187,409
sz002328,0,0,0
sz000021,25409,15791,0
sh600510,0,0,0
sz300020,1139,19499,0
sh600545,2037,0,0
sz002610,37663,4040,0
sz000507,133381,82428,6328
sz002110,15365,29615,1528
sh601169,178668,148496,0
sh601588,2007,3063,0
sz002373,1905,4262,0
sz002225,0,0,0
sh600620,0,0,0
sh600435,0,8258,0
sz002249,0,0,0
sz300039,0,8575,0
sz002032,1066,0,232
sh600499,51968,32653,1571
sh600573,0,1182,0
sz300244,1409,1364,0
sh600292,0,0,0
sz002611,870,0,0
sh600660,7199,5278,0
sz002623,0,0,0
sz002761,460,0,0
sh600548,0,0,0
sh601518,0,3508,0
sz300165,0,0,0
sz002882,0,1049,0
sz002395,0,0,0
sh603012,0,0,0
sh603866,241,268,0
sz300709,294,756,0
sh600361,15802,4000,0
sz300556,0,0,0
sz002109,0,8921,0
sz000851,10885,1948,0
sz000421,0,0,0
sz000917,27898,5126,0
sz002291,0,0,0
sz300250,0,0,0
sz002740,0,0,0
sh603803,0,0,0
sh600470,10159,11695,0
sz002407,2220,6258,0
sz300018,1680,0,0
sz002022,0,902,0
sh600875,5316,8882,0
sz002543,0,791,0
sz300379,5840,2553,0
sz300422,0,0,0
sz300525,0,0,0
sz300671,0,0,0
sh603618,0,0,0
sh603608,0,0,0
sz000758,6502,11498,0
sz000042,0,0,0
sz000886,14249,16887,0
sz002146,132485,98891,9573
sh603860,0,0,0
sh603136,287,0,0
sh600072,16655,19043,0
sh600455,0,0,0
sh603040,206,232,169
sz000702,21706,42493,0
sh600884,4553,6525,0
sz000032,0,0,0
sz002560,4899,0,0
sz000963,895,883,0
sh600089,44424,55543,0
sh603685,0,1313,0
sz000539,0,0,0
sz300665,0,0,0
sh603881,3353,2795,285
sz002493,3513,21603,0
sz002256,0,12631,0
sh603639,0,0,0
sh600727,4480,24126,0
sh600570,23904,11505,1121
sh603368,0,0,0
sh600449,8379,5661,0
sz300162,0,0,0
sh603955,0,0,0
sz002634,0,0,0
sz002321,201584,145895,8290
sh603085,1300,1500,0
sh603985,906,278,0
sz300101,40016,22997,2308
sz300066,0,0,0
sz002698,0,0,0
sh600506,0,0,0
sz002616,0,0,0
sz300122,12056,5394,0
sh600301,0,0,0
sz300639,0,0,0
sh600180,0,2797,0
sz300473,0,0,0
sz002081,48798,19756,2418
sh601339,0,0,0
sh600657,83234,19035,0
sz000923,0,877,0
sz000601,2000,3496,0
sh600977,600,8515,0
sh600493,0,0,0
sh603599,0,1459,0
sh601633,3830,1035,0
sz000920,0,0,0
sz002457,1684,2960,0
sz002600,8673,21566,0
sh603659,235,800,0
sh600131,0,0,0
sz002039,0,1008,0
sz000059,9452,40960,0
sz002136,0,0,0
sh600575,8706,3032,0
sh600729,817,0,0
sh603067,0,0,0
sz300318,0,0,0
sh603000,0,1837,0
sh600141,5024,7036,0
sh600170,54863,22717,0
sz300575,0,1171,0
sz000038,0,0,0
sh600060,3257,15210,0
sh600090,0,0,0
sh603007,0,0,0
sz002298,0,0,0
sz300304,0,0,0
sh601001,1974,3910,0
sh601318,512283,416102,48414
sz002717,0,0,0
sz002383,0,1606,0
sz002208,0,0,0
sz002771,515,6778,0
sz300251,197295,167637,9053
sh600128,0,0,0
sz002280,3012,4436,0
sh600791,0,1341,0
sh600678,2560,0,0
sh600323,0,0,0
sh600098,27695,0,0
sz002787,0,0,0
sh600295,1361,6303,1068
sh601158,0,2000,0
sz300521,0,0,0
sh603386,0,1164,0
sz000563,9783,25446,0
sz300264,0,0,0
sz300626,0,0,0
sz002807,41036,30889,0
sz300024,10652,12934,0
sz002178,0,2255,0
sz300327,884,2268,0
sh603679,0,437,0
sh603730,0,0,0
sz000671,184251,125578,13421
sz300290,0,0,0
sz300478,0,0,0
sz002108,4515,16453,0
sz002351,0,0,0
sz300596,0,0,0
sz000980,0,6700,0
sz000531,0,1500,0
sz300337,0,0,0
sz000933,35798,69011,0
sh603729,0,0,0
sz002274,1560,0,0
sz300663,857,6132,708
sz300652,0,0,0
sz002921,1003,363,0
sz002289,0,3582,0
sz000780,0,0,0
sz002500,188949,74734,10172
sh603602,0,0,0
sh603868,186,0,0
sz300568,0,0,0
sh600400,0,0,0
sh600834,1072,0,0
sh603277,0,0,0
sh603677,0,0,0
sh603798,0,700,0
sh601012,85348,71733,11004
sh600293,1333,0,0
sz000551,0,0,0
sz000935,52561,19082,2812
sz002036,0,0,0
sh601717,5690,28143,0
sz300241,0,3402,0
sh603607,241,505,0
sz002474,0,0,0
sh603178,0,0,0
sz002322,0,1375,0
sz002353,0,8338,0
sz300727,300,2324,1403
sh600699,8130,12104,731
sz002624,1325,5263,0
sh603559,512,4019,0
sz300612,21002,36993,739
sz300401,1570,216,0
sh603444,190,304,0
sz002726,0,0,0
sh603611,0,0,0
sz300195,0,0,0
sh600599,0,0,0
sh603239,0,0,0
sz002226,0,0,0
sh601177,7000,0,0
sh603080,3207,4479,0
sz300135,0,29898,0
sh603605,1341,2895,0
sz002286,4584,3412,0
sh603920,0,0,0
sz000902,0,1500,0
sh600099,0,0,0
sh600704,0,9706,0
sz300717,0,0,0
sh603958,0,0,0
sz300344,0,0,0
sh600428,12458,5712,0
sz300094,0,0,0
sz000760,2195,0,0
sz002125,15352,21558,3934
sz002243,0,0,0
sh600398,82201,59700,0
sh603385,0,0,0
sz000949,0,0,0
sh603806,0,0,0
sz002638,2351,2288,0
sh601566,743,0,0
sh603600,1455,960,0
sz002362,0,1092,0
sz002795,0,0,0
sz000728,16062,12990,0
sz000850,0,0,0
sz002433,0,0,0
sh600521,6101,7540,0
sh601020,0,0,0
sh600446,6158,7615,0
sz002715,0,0,0
sz002177,1974,0,0
sz002182,0,0,0
sz000650,0,5000,0
sh601989,176889,249670,0
sh600330,1793,14766,0
sz300202,0,1690,0
sz300139,0,0,0
sh600476,0,1223,0
sz300321,0,1619,0
sz300487,26863,60398,1107
sh600352,105722,183423,2036
sz000962,10473,4846,0
sz002731,0,0,0
sz002372,486,1060,0
sz300505,0,0,0
sh600261,0,0,0
sh603229,0,0,0
sh600362,61115,66351,1432
sz300474,0,265,0
sz000925,0,759,0
sh600640,0,0,0
sz002670,2005,4958,0
sh600556,0,0,0
sz002382,2836,3959,0
sz002391,810,877,0
sz300645,0,273,0
sh603603,0,0,0
sz300703,0,0,0
sh600429,0,2500,0
sh600815,0,0,0
sz300598,0,0,0
sh603232,0,0,0
sz002752,0,1360,0
sz002126,1200,0,0
sz000910,4269,2605,0
sz002016,22769,25292,0
sh600188,25750,39415,0
sh600010,24581,62478,0
sz300554,157,0,0
sz000011,1197,2015,0
sz300147,1196,0,0
sh601007,0,0,0
sz002139,1014,8199,0
sh603020,0,0,0
sh600662,0,0,0
sh600616,0,0,0
sh600478,10625,9907,0
sh600540,0,0,0
sh600121,0,1680,0
sz000786,55663,22261,1062
sh600801,55576,24708,904
sz002042,780,932,0
sh600871,13641,24289,0
sh600803,934,13336,0
sz002379,0,0,0
sz002631,0,2877,0
sz002915,3876,1893,890
sz002913,588,0,0
sz002445,19584,19108,0
sz300228,0,7441,0
sz002186,0,0,0
sz002653,0,0,0
sz000638,11574,2941,0
sz300203,6010,12446,497
sz000048,0,0,0
sz300700,462,0,0
sz300355,11948,25616,0
sh600936,0,3500,0
sz300307,0,0,0
sz002576,0,0,0
sh603898,0,1191,0
sh600533,5665,4560,0
sz002898,0,1053,0
sh603388,0,0,0
sh603517,0,0,0
sz000762,1813,9808,0
sz300484,0,0,0
sh603903,0,0,0
sz300218,0,0,0
sz300279,0,0,0
sh601008,0,8094,0
sz000068,0,0,0
sh600175,27765,37761,0
sh603968,0,0,0
sh600979,0,2789,0
sz300602,0,0,0
sh600029,1131145,917547,44653
sz000895,7677,7048,395
sz002770,0,0,0
sz300512,0,0,0
sz002107,0,0,0
sz002509,14238,6875,2025
sh600740,213253,290617,13605
sh600343,0,1653,0
sz300073,0,3273,0
sz002553,0,0,0
sh600120,0,1841,0
sh600275,0,0,0
sh600850,0,0,0
sz002414,0,0,0
sz000560,0,1181,0
sz000875,3230,5999,0
sh603616,800,0,0
sh603396,0,0,0
sz000571,0,0,0
sz000825,67359,144030,0
sh600843,0,0,0
sh603005,0,782,0
sh600676,0,0,0
sz300395,0,0,0
sz002469,0,0,0
sz000407,0,0,0
sh603159,0,0,0
sh600129,2585,801,0
sh603918,2907,0,0
sz000016,99562,169199,10417
sh603311,0,0,0
sh603678,0,477,0
sz300649,0,302,0
sh601225,110691,125358,1066
sz000883,0,7825,0
sz002223,25566,6934,457
sh601208,0,0,0
sz300078,2960,1257,0
sh600981,0,0,0
sz000501,0,1559,0
sz300431,16647,24932,3611
sz002693,0,0,0
sh603728,0,0,0
sz300151,0,0,0
sh603126,1152,1232,0
sz002776,0,0,0
sz002702,0,0,0
sz300062,0,0,0
sz002780,0,0,0
sz000698,0,0,0
sz002549,0,0,0
sz000591,10167,10015,0
sh603721,0,395,0
sz300266,698,0,0
sz300137,3109,4341,0
sz000526,0,0,0
sz000410,11658,7784,0
sh603088,6349,250,0
sh600019,1106029,1037076,66356
sz002255,0,0,0
sh600355,0,5952,0
sz002589,6879,4715,0
sh600369,11155,8241,0
sz300345,0,0,0
sh603200,0,0,0
sz002342,3639,6675,0
sz002090,0,0,0
sz002190,11246,5171,1094
sh603499,1666,2500,0
sh600706,0,0,0
sz300164,5130,1591,0
sz300449,0,0,0
sz002034,0,295,0
sh601519,0,0,0
sz300113,151842,104389,15190
sz300089,4785,1339,0
sz002835,0,0,0
sz002790,396,0,0
sz002529,0,0,0
sz300009,11126,8997,0
sh601212,27120,63334,0
sz000150,0,0,0
sz002542,0,0,0
sh600689,0,0,0
sz000977,8178,14819,0
sz002793,0,0,0
sh600963,4694,18660,0
sh600105,0,0,0
sz300381,0,0,0
sz000301,0,2043,0
sh603100,0,0,0
sz300177,2133,0,0
sz300669,0,499,0
sz000839,24205,45466,0
sz000701,0,0,0
sh603036,0,0,0
sh600612,284,0,0
sh600265,0,0,0
sh600986,0,0,0
sh600321,0,0,0
sh601611,6089,7750,2470
sz000718,19869,13219,0
sz300347,0,0,0
sh603917,0,500,0
sz300442,0,0,0
sh603477,693,1694,0
sh600193,0,0,0
sz002463,13409,30588,0
sh603186,448,0,0
sh603060,0,0,0
sh600097,0,0,0
sh603861,0,0,0
sz002068,3798,0,0
sz300237,0,0,0
sz300429,450,0,0
sz002595,0,0,0
sz002176,0,19883,0
sz300632,0,0,0
sh600207,0,0,0
sh603966,0,0,0
sz002808,0,0,0
sh600804,9328,1297,0
sh600122,1629,3444,4390
sz000423,919,2512,0
sz300566,2361,0,1380
sh603167,2206,6203,0
sh600651,12382,6548,0
sz002409,1882,486,0
sh600530,0,0,0
sh600171,6182,16191,0
sh600262,508,0,0
sh600100,19477,10572,0
sh600359,0,0,0
sz300725,2179,820,130
sz000028,1251,523,0
sz300607,0,0,0
sh600333,0,2240,0
sz300189,0,0,0
sh603619,3951,8226,0
sh600299,850,0,0
sh600106,0,0,0
sh601018,31172,26152,0
sh600783,0,2136,0
sz002149,1200,0,0
sz300100,0,0,0
sh600300,3701,0,0
sz000971,4051,0,0
sz000885,6838,11869,586
sz300096,1000,0,0
sz300738,0,0,0
sz300653,0,0,0
sz002495,0,0,0
sz002629,0,0,0
sh600753,0,0,0
sh603389,0,0,0
sh603566,0,0,0
sz002848,0,911,0
sz002669,0,0,0
sz000663,848,474,0
sz000751,5843,63268,0
sz002657,2201,1752,0
sh600891,0,0,0
sz000831,2306,10389,0
sh600217,0,3666,0
sh600742,1702,2137,0
sh601800,45960,23288,0
sh600138,2567,7924,0
sz000661,20500,27159,1631
sz000869,262,312,307
sz002503,0,0,0
sz300236,0,3040,0
sz300141,0,2578,0
sz000030,0,4160,0
sz002661,0,0,0
sz002070,6377,20674,0
sz000965,3580,10556,0
sz300041,0,0,0
sz300569,0,0,0
sh603203,330,0,0
sz002765,0,0,0
sh601811,0,0,0
sz300358,0,0,0
sz002570,0,2978,0
sz002124,23007,1397,0
sz300469,0,234,0
sz000993,0,0,0
sz002596,2600,4008,0
sz300216,201637,231205,9643
sh600765,0,865,0
sz300726,1163,5241,0
sz300685,844,1731,143
sz300172,0,0,0
sz002758,0,0,0
sh603363,62586,35054,2397
sh603738,0,0,0
sz300368,0,6213,1178
sz002695,1681,1327,0
sh600779,1546,1752,0
sh600360,1388,9905,0
sh600425,11436,3416,0
sz002644,0,0,0
sz300427,0,0,0
sz300040,0,1217,0
sh603535,0,667,0
sz002566,0,0,0
sz002691,0,0,0
sh600267,6226,4110,0
sz002406,0,0,0
sz300171,0,0,0
sh600933,1024,6291,0
sz002454,0,3560,0
sz002559,0,0,0
sz002097,0,0,0
sh600618,0,2695,0
sz002159,0,0,0
sz300475,0,0,0
sz300354,0,0,0
sz300364,23097,39857,1061
sz002077,0,0,0
sz002824,0,752,0
sz000065,0,0,0
sh600705,48527,72900,0
sh600517,2010,14258,0
sh600085,7912,5283,0
sh600280,0,1573,0
sz300044,6674,2431,624
sz300436,0,0,0
sz300618,2594,1825,42
sz002326,0,0,0
sh600000,661372,835118,14557
sh603355,0,854,0
sz000720,0,0,0
sh601168,22403,27502,0
sh603098,0,0,0
sh600410,12526,4616,0
sz002154,0,0,0
sh601949,20074,23698,0
sz002142,28387,43076,0
sh600782,138002,94978,0
sh600011,0,3662,0
sz300678,1790,1981,651
sh603218,0,494,0
sh601006,151657,72242,0
sz000528,6619,11559,9938
sz300576,0,0,0
sz002355,5225,0,0
sz002165,0,0,0
sh601616,0,0,0
sz300051,17399,40219,2583
sh603103,37789,25923,4478
sz300297,0,2030,0
sz002155,15029,90474,0
sh600310,3000,0,0
sh603222,0,0,0
sz000040,0,0,1468
sh603289,0,1248,0
sz002279,21045,2936,0
sz002546,0,0,0
sh600071,0,0,0
sh601599,3793,6260,0
sz002530,0,0,0
sh600860,0,0,0
sz002106,1110,2942,0
sh600710,0,0,0
sh600033,26497,0,0
sh600463,0,1863,0
sz300380,0,0,0
sh601939,1483519,1302875,62275
sh600055,1400,710,0
sh600724,0,0,0
sh600287,0,0,0
sh600838,0,0,0
sz002830,0,0,0
sh600764,403,421,0
sz002060,7575,0,0
sz000798,0,0,0
sz300629,391,860,0
sz300584,3832,2108,320
sz002879,2038,212,0
sh603848,644,2350,1630
sh600308,7810,4871,0
sh600162,92356,35858,0
sz002605,0,0,0
sz002725,0,0,0
sh600371,0,0,0
sz002637,0,0,0
sz002630,24885,7881,0
sh600383,190301,116806,4215
sh600768,0,900,0
sz300012,2844,4813,0
sh603626,0,629,0
sh600572,0,0,0
sz002293,0,3443,0
sz300537,0,0,0
sh603789,0,0,0
sz300295,1333,1155,0
sz300226,20712,26556,3262
sz300294,873,1019,0
sz300130,0,2056,0
sh603258,0,0,0
sz300124,1920,3654,0
sz300592,0,0,0
sh601766,279669,253288,3426
sh600568,14037,35440,0
sh600213,0,1020,0
sh600229,0,0,0
sz300360,0,0,0
sh601567,0,0,0
sz002029,1818,0,0
sh600388,3028,3828,0
sz300245,2148,0,0
sz002601,4134,19724,0
sz300581,0,309,0
sh601231,2290,904,0
sh600623,86846,66346,1270
sh600789,85008,155389,9395
sz002538,0,0,0
sz002401,0,0,0
sz000001,615619,659555,8665
sz300099,0,0,0
sz002659,0,0,0
sz300710,0,0,0
sz000430,0,0,0
sz300729,661,0,0
sz002301,0,0,0
sh600212,0,1455,0
sz002526,0,0,0
sh603615,0,0,0
sz002843,0,0,0
sh601878,11876,3742,0
sh603507,0,1008,0
sh600307,28670,93192,0
sh600409,47096,43739,0
sh600785,0,0,0
sh600444,0,0,0
sz000548,3849,42336,0
sz002441,0,0,0
sh603993,475493,553349,13438
sz000687,2409,1000,0
sz002826,0,729,0
sz002858,0,0,0
sh600172,0,0,0
sz002387,700,1177,0
sz002319,0,3222,0
sz002475,25459,45798,0
sh600673,24194,11361,0
sh601108,56614,59282,10517
sz300508,0,174,0
sh601028,1274,0,0
sz002802,0,0,0
sz300579,307,0,0
sh603030,8526,3387,0
sz300273,0,1393,0
sh600062,0,3333,0
sh600995,0,0,0
sz000557,0,0,0
sh600152,0,0,0
sz000868,18224,19902,0
sz300048,0,0,0
sz002292,8772,1281,0
sh600490,18398,68033,0
sh600998,791,4780,0
sh600527,4021,0,0
sh600608,0,0,0
sz002422,12076,2709,0
sz000568,9255,7868,760
sz002612,0,0,0
sh600997,0,1807,0
sz002564,0,0,0
sz002237,6838,15057,0
sh600525,0,1000,0
sh600966,21226,7738,0
sz002476,0,0,0
sz002143,18092,12203,1171
sz000587,61174,34767,2002
sz300104,0,0,0
sz002318,0,0,0
sz002348,0,0,0
sh600821,0,0,0
sz300636,0,0,0
sz300456,0,250,0
sz002635,7119,15166,0
sh600744,0,0,0
sh600555,4511,0,0
sz002184,0,0,0
sh601139,0,2500,0
sh600228,922,0,0
sz300365,726,1318,0
sz002411,9770,5894,0
sz000517,72248,42226,0
sz300043,1599,0,0
sh600749,0,0,0
sz000666,2941,6460,0
sz002599,0,0,0
sz002696,0,0,0
sz300435,0,0,0
sz300687,0,0,302
sh600851,0,0,0
sz002041,1659,0,0
sz000611,4700,3514,0
sh600235,0,0,0
sh600853,0,0,0
sz002145,12099,0,0
sh600985,1319,1287,777
sz002306,0,22430,0
sh600643,38789,29560,1559
sz000815,1855,815,0
sz300696,0,0,0
sh603988,0,253,0
sz002253,0,0,0
sz000987,0,0,0
sh600438,7975,24603,1707
sh603838,0,0,0
sz300054,0,5045,0
sz002772,1400,0,0
sz002087,0,0,0
sz300092,0,0,0
sh603383,0,299,0
sh601229,118284,51879,0
sh600027,37583,39244,0
sz300419,0,0,0
sz002805,0,0,0
sh603010,0,0,0
sz300185,9752,0,0
sz002796,0,0,0
sh600421,0,0,0
sh603883,205,612,0
sz300519,0,0,0
sz300348,17418,26133,0
sz000630,78993,74186,0
sh600426,33842,15381,0
sz300366,0,0,0
sz002606,7639,6916,0
sz000677,0,0,0
sz000608,186999,279260,13283
sz002732,0,0,0
sz000710,0,226,0
sz002554,2142,2411,0
sz000541,6150,1061,0
sz000966,0,0,0
sz000036,214495,88254,7800
sz000915,417,1693,0
sz002603,658,0,0
sz002305,0,0,0
sh603696,0,0,0
sz300210,0,0,0
sz002668,3319,1179,0
sh600535,4257,3085,0
sz300311,0,0,0
sz002481,0,7621,0
sh601908,6116,4058,0
sh600096,0,3936,0
sz002775,0,0,0
sh601015,9544,2305,0
sz300514,0,435,0
sz300274,2113,3724,0
sz002652,0,1511,0
sz000826,2221,3303,0
sh600723,0,0,0
sz300388,1558,1403,0
sz000063,400322,518612,20146
sz300283,0,0,0
sz300498,16302,27933,571
sh603196,0,0,0
sh600367,13166,13939,0
sh600469,0,0,0
sz002471,0,0,0
sh600475,0,1939,0
sz300142,19336,6613,0
sz002011,0,5927,0
sz300105,0,0,0
sz002417,0,0,0
sh600738,0,0,0
sz002134,0,0,0
sz300461,0,495,0
sz000402,52158,51849,0
sz300642,0,0,0
sh600999,31753,22716,0
sz300516,0,0,0
sh603227,0,0,0
sz002864,411,448,0
sz002347,0,0,0
sz300403,0,0,0
sh601900,0,1433,0
sz300520,0,0,0
sz002749,0,0,0
sz000401,55967,35646,0
sh603970,0,924,0
sz300526,0,0,0
sh600824,0,0,0
sz002236,43985,27414,1130
sz002397,0,0,0
sz002352,0,200,0
sh600035,6040,24426,0
sh603979,0,0,0
sh603508,0,0,0
sz000970,3015,6725,0
sz300582,0,0,0
sh600183,9464,34603,0
sz002230,45958,63335,6175
sz000625,3293,10881,967
sz300605,0,0,0
sh601857,109267,111527,0
sz000948,0,0,0
sz000759,0,0,0
sz002181,0,4809,0
sh600143,1689,25542,0
sh600037,0,0,0
sh600201,3323,4254,340
sh600363,0,0,0
sz000538,7271,8509,0
sz300527,1611,0,0
sz002238,0,0,0
sh600691,0,15747,0
sh600635,8579,9693,0
sh600900,7610,17069,1122
sz300205,0,1100,0
sz000096,0,0,0
sz300434,0,0,0
sh603269,7811,2732,0
sz002018,4425,3461,0
sz300692,704,1501,0
sz002833,0,0,0
sz002803,550,568,0
sz002518,0,0,0
sz000810,7966,0,0
sz002316,0,1200,0
sz002862,0,0,0
sz002723,2777,8013,0
sh600745,3413,4262,0
sh601106,0,0,0
sh603816,558,848,0
sz002473,0,0,0
sz300305,0,0,0
sz300723,0,887,0
sz000012,40630,34168,0
sh600861,0,0,0
sh600826,0,1664,0
sh603900,335,2435,0
sh600856,23910,38177,0
sh600619,3340,0,0
sz300547,0,0,0
sz300471,0,0,0
sh600893,1811,3512,0
sz300070,17443,41066,0
sz002086,1845,3206,0
sz000951,594,1211,0
sh600547,30636,45556,780
sh600736,0,2284,0
sz002277,3990,3689,0
sz300103,0,0,0
sz000926,38730,9051,0
sz300169,2720,0,0
sh603839,0,0,0
sz000955,3582,0,0
sh600266,19003,9436,0
sz300588,0,471,0
sh600594,1999,7794,0
sh600825,0,6500,0
sz300140,0,12063,0
sz300055,2263,0,0
sz002456,66715,130234,584
sh603916,0,608,0
sz002119,0,0,0
sz002325,2530,6175,0
sz000909,0,0,0
sz300562,0,0,0
sz300491,0,0,0
sh600642,0,0,0
sz002699,0,0,0
sz000573,7446,0,0
sh600522,41387,67849,0
sz300183,0,1779,0
sz300270,0,0,0
sh601678,26011,19677,0
sz300513,0,0,0
sh603895,0,0,0
sh600391,0,0,0
sz002665,21002,13322,0
sz002748,0,0,0
sz002540,0,0,0
sz002871,0,0,0
sz300563,0,0,0
sh601788,4380,23219,0
sz300408,3541,1769,0
sz002506,59916,34598,0
sz000755,0,0,0
sz002026,0,0,0
sh600883,0,0,0
sh600115,901523,828340,21005
sh603101,0,0,0
sz001896,0,0,0
sz002869,0,0,0
sz002192,406,1839,0
sh600058,0,0,0
sz002901,1082,2491,0
sz300227,2093,0,0
sz002006,0,0,0
sz002415,25189,32266,3099
sz300157,2421,8679,0
sz002742,10636,1850,0
sz002590,0,900,0
sz002191,3085,13934,0
sz000876,85971,27914,0
sz300002,10049,18975,0
sz300222,2000,569,0
sh603113,0,0,0
sz300378,937,0,0
sz002206,3268,6747,0
sh600487,51416,89914,4917
sz000995,3686,8207,0
sh600701,5607,0,0
sz001965,7174,10789,0
sz300246,0,0,0
sh600467,0,12723,0
sh600448,0,2400,0
sz000599,0,0,0
sh601058,0,12946,0
sz300571,191,207,0
sh603601,0,0,0
sh603019,24191,24683,1385
sh600748,0,0,0
sh600839,10048,28357,0
sz000062,2160,639,0
sh601011,1316,15365,0
sh600864,0,1698,0
sh600337,0,9096,0
sz000070,0,2993,0
sz000673,8279,9785,0
sh603090,0,0,0
sz002262,681,1000,0
sh600882,0,0,0
sh603018,1057,526,0
sh603518,0,0,0
sz002478,0,0,0
sh603177,0,928,506
sz300603,391,0,0
sh600760,2563,7369,0
sh600358,3015,1811,0
sh600191,1377,3400,0
sh600626,0,0,0
sz000733,0,0,0
sz300531,0,1256,0
sh603500,504,470,0
sz000523,0,0,0
sh600135,0,0,0
sz002809,1262,4554,0
sh600967,10602,16591,0
sh601880,11435,11302,0
sz300046,0,0,0
sh600571,4279,1848,0
sz000635,0,1629,0
sz000049,990,1556,0
sh600681,0,0,0
sh603663,0,0,0
sz002450,88024,64140,7742
sz300705,0,396,0
sz002905,2907,2010,0
sz300302,0,0,0
sz300319,0,0,0
sz002462,0,0,0
sh600303,0,1362,0
sz000668,0,0,0
sz002535,0,0,0
sz002829,0,0,0
sz002588,0,0,0
sz002435,0,0,0
sz002712,0,0,0
sh600272,0,0,0
sh603015,0,0,0
sh600020,7485,23797,0
sz300440,0,0,0
sh600206,10092,20365,0
sz000927,3209,0,0
sh601866,13273,0,0
sh603069,704,0,0
sh600516,70167,97201,1981
sh603089,0,0,0
sz002350,0,0,0
sz000419,0,0,0
sz300221,5516,0,0
sz002276,0,0,0
sz002370,0,0,0
sh600679,0,0,0
sz002449,3650,1000,0
sh603488,1324,542,2510
sz002585,0,1660,0
sz002763,735,0,0
sh600767,0,0,0
sz300351,0,0,0
sz002798,0,297,0
sz000882,4092,0,0
sz002091,1199,4558,0
sz002791,0,0,0
sh603909,0,0,0
sz000739,0,11378,0
sz300555,0,0,0
sh603027,0,0,0
sz300217,0,18790,0
sh600215,0,0,0
sz002275,0,0,0
sh600393,2075,0,0
sh600560,0,0,0
sh601016,0,0,0
sh603127,0,297,0
sz002908,0,893,745
sz000659,29449,57388,0
sh603179,0,0,0
sz300191,4511,4667,485
sz002426,26445,2213,0
sh603329,18632,14182,5019
sh600313,0,0,0
sz300532,0,0,0
sh603567,0,0,0
sh600373,3727,2743,0
sz300192,923,1019,0
sz002885,0,0,0
sh600988,4047,10544,0
sz000552,0,3700,0
sh600629,0,0,0
sh600601,17630,0,0
sz000530,0,0,0
sz300067,4008,0,0
sh600148,0,0,0
sh603996,1100,623,0
sh600023,37331,27600,0
sh603937,2738,5093,0
sz300623,0,158,0
sh603808,0,0,0
sz002645,486,0,0
sh603656,0,0,0
sz000996,2347,10010,0
sz000989,3048,1800,0
sz000816,3999,8710,0
sh603042,800,0,0
sz002327,8004,1033,0
sz300276,1005,0,0
sz000667,47500,27849,0
sz002448,1143,0,0
sz000565,0,1729,0
sh600683,0,0,0
sz000721,0,0,0
sz002152,18599,19909,0
sz002170,9674,4099,0
sh600973,0,0,0
sz002252,1219,3189,0
sh600346,5156,17477,0
sh600316,0,800,0
sh600311,0,0,0
sh600663,3129,2302,0
sz300028,0,0,0
sz000582,0,1250,0
sz300249,0,0,0
sz002777,0,0,0
sz300069,3500,0,0
sz002672,0,0,0
sz300016,988,837,0
sz000627,3695,1633,0
sz300255,2184,1500,0
sz002681,0,0,0
sh600209,23518,35467,1007
sz002199,0,0,0
sh600820,5893,1990,0
sh603223,0,0,0
sh600604,2913,12762,0
sz300470,0,0,0
sz000665,0,0,0
sz000408,4533,7369,0
sh603043,0,0,0
sh601999,0,5627,0
sz002284,0,1175,0
sz002019,13733,16580,712
sz000519,1909,8977,0
sz000559,3203,8669,0
sh600199,0,0,0
sz002460,29751,50247,2741
sh600718,0,5717,0
sh600730,0,0,0
sz300296,3139,1126,761
sh600577,0,2758,0
sz000791,0,3243,0
sh600713,0,0,0
sz000802,1101,0,0
sz002296,0,0,0
sh600327,0,0,0
sh601818,934524,927357,0
sh600488,0,0,0
sz300257,2516,0,0
sz000023,0,0,0
sz300324,5616,2165,0
sz002903,0,0,0
sh600675,0,11385,0
sz002197,0,0,0
sh603896,233,211,0
sz002643,2005,902,0
sz002404,0,0,0
sh600397,0,0,0
sz002640,4036,7263,0
sh600630,0,1215,0
sz300630,0,280,0
sh603586,0,0,0
sz002017,0,0,0
sz300736,234,461,0
sh600406,2508,6027,0
sh603108,20519,10164,0
sh600322,0,0,0
sz002537,2110,2799,0
sz300635,0,0,0
sh601991,8068,9242,0
sz002377,0,3900,0
sh600649,7806,1345,0
sz300722,529,991,0
sh603717,0,0,0
sh603056,0,0,0
sz300447,0,0,0
sz002242,3404,0,0
sz002085,0,0,0
sz002810,0,1440,0
sh601801,2000,1182,0
sz300258,0,0,0
sz002646,0,0,0
sz002320,6241,2840,0
sz002586,0,0,0
sh600645,12490,5778,0
sz002706,0,0,0
sh600719,0,0,0
sh600381,2819,3599,1054
sz300503,0,0,0
sh600908,25652,26296,0
sh600386,10524,25441,0
sh600518,53736,48307,1520
sz002300,1710,0,0
sz002714,6490,8004,0
sz002649,11550,5964,0
sh601377,84240,63999,0
sh600182,2110,0,0
sz000818,2557,8953,0
sz001696,0,0,0
sz002020,0,4601,0
sz300196,0,1500,0
sh603595,1182,599,0
sz300477,0,2200,0
sz300689,0,250,0
sz002692,0,7280,0
sh603801,201,0,0
sz300136,25615,64057,3496
sz002883,0,0,0
sz300719,927,2539,522
sz300650,3486,395,0
sz300664,31959,30043,2672
sz300699,464,1441,212
sh600505,0,0,0
sz002310,2531,19935,0
sh603877,0,0,0
sz000403,0,0,0
sz300718,0,518,0
sh600139,0,1708,0
sh600605,0,0,0
sh600482,0,3436,0
sh603023,0,0,0
sz000837,0,0,0
sz000166,39333,46587,0
sz300108,0,0,0
sz000990,2855,0,0
sz300546,0,0,0
sz000717,79778,150686,0
sh600886,24063,16012,0
sz300615,0,0,0
sh603268,0,0,0
sh600078,0,1919,0
sz300402,0,0,0
sz300713,170,169,0
sz002707,6515,1002,0
sh603661,0,180,0
sz002361,0,0,0
sz002782,0,0,0
sz000931,1692,6541,0
sz300023,0,0,0
sh600118,417,2508,0
sz002857,0,0,0
sz300651,0,0,0
sh600082,0,0,0
sz300315,90290,48990,4159
sz300661,0,0,0
sz300298,0,0,0
sh600624,14105,43189,0
sz000929,0,0,0
sz002058,0,0,0
sz002115,2613,0,0
sz300204,0,736,0
sz002231,0,1004,0
sz300111,0,0,0
sh601699,109242,126529,9359
sh603978,0,428,0
sh601375,6743,11107,0
sh601200,0,1811,0
sh600069,4648,6399,2003
sh600970,77061,45445,4316
sz002527,0,1015,0
sz300625,0,0,0
sh600340,76001,64329,3220
sz002183,2750,13287,0
sh603711,879,3132,432
sz300606,0,0,0
sh600592,1242,0,0
sh603869,0,0,0
sh603357,0,2343,0
sz300647,0,0,0
sh603298,0,0,0
sh600109,11326,21581,0
sz002120,0,896,0
sh600593,400,0,0
sz002267,2055,1742,0
sh600909,10064,17075,0
sz000045,0,0,0
sz002477,53585,31276,0
sz002724,0,0,0
sh600155,4269,4851,0
sz300453,0,0,0
sh603980,500,1553,0
sz002393,0,0,0
sz300102,1829,2454,0
sz300382,5785,0,0
sh600248,1904,2000,0
sz002117,2136,563,0
sh600247,0,0,0
sz300720,0,1277,0
sz000997,5493,5519,0
sz300384,0,471,0
sh600007,0,0,0
sh603569,0,0,0
sz002563,13348,0,0
sh601929,0,5584,0
sh601311,0,822,0
sz300223,1087,3189,0
sz002494,1777,1685,0
sz300242,0,0,0
sz300031,0,0,0
sz002089,0,0,0
sz002046,0,0,0
sz300559,0,0,0
sz000799,394,503,0
sh600778,0,0,0
sz300106,0,0,0
sz002502,0,0,0
sz002750,0,0,0
sz002491,800,987,0
sh600107,0,0,0
sz000795,0,1730,0
sz002813,0,0,0
sh600969,0,1406,0
sz002728,0,0,0
sz002246,0,2539,0
sz002582,0,0,0
sz000829,0,0,0
sz002025,3958,6360,0
sz000723,3072,5770,0
sz000821,3110,0,0
sh600372,0,1397,0
sh601186,102376,45821,0
sh603398,0,0,0
sz002084,0,0,0
sz300599,0,0,0
sz300272,0,0,0
sh600318,0,0,0
sh600633,3358,2396,0
sz000639,0,0,0
sz300017,41153,56622,3114
sh600222,0,0,0
sh601021,1875,1224,0
sh600285,0,6000,0
sz002212,22445,0,10100
sz002587,0,0,0
sz300432,0,929,0
sz000793,140358,68225,0
sh600682,24225,10122,2603
sh603283,1806,1627,346
sz300583,0,0,0
sz002283,0,0,0
sz300193,0,0,0
sz002521,0,0,0
sz300349,285,968,0
sh600025,21279,94640,0
sz000729,2223,11534,0
sz002162,0,0,0
sz002418,1680,0,0
sz002639,14462,0,0
sz002356,7688,2780,0
sh600971,5508,22643,0
sz002390,3556,0,0
sh600059,14985,4278,0
sz000835,0,0,0
sz002485,0,0,0
sh600189,0,0,0
sh603387,0,0,0
sh600169,0,0,0
sh603330,0,0,0
sz002504,0,0,0
sz002686,0,0,0
sz300342,0,0,0
sh601038,0,0,0
sz300616,369,61,0
sz002227,0,0,0
sh603009,13660,13858,0
sz300701,0,0,0
sh603609,1703,0,0
sh600509,0,2033,0
sz300199,4051,18699,0
sz000513,3879,4465,0
sz002217,1064,8980,0
sz002893,861,1771,0
sh603787,1001,0,0
sz002023,1072,1571,0
sz002841,0,0,0
sz002211,0,1586,0
sz002697,3905,0,0
sz002558,338,0,0
sz002343,2866,1370,0
sz300707,0,267,0
sz002102,4115,5628,0
sh600726,0,4352,0
sz000069,177201,173964,4832
sh601116,0,3013,0
sz300528,0,0,0
sz002544,0,0,0
sz300225,3890,5937,0
sh600980,0,0,0
sz002135,0,0,0
sh603358,0,0,0
sz000504,0,6035,0
sh600996,0,0,0
sz000735,158032,48902,6025
sh603356,0,0,0
sz002880,0,0,0
sz002577,0,0,0
sh600031,202245,175212,1147
sz002051,0,987,0
sz002736,20484,36922,2109
sh600606,395350,430185,1400
sz002151,6302,7566,0
sz002066,0,0,0
sh603011,4002,886,0
sz002876,0,500,0
sz000861,0,0,0
sh600422,2330,4824,0
sh600507,26707,45123,2975
sz300352,0,0,0
sz002421,0,4351,0
sz300666,181,978,0
sh601226,2154,0,0
sz300288,882,961,0
sz300386,0,689,0
sz300698,0,1456,0
sz000716,0,0,0
sh601198,16549,4745,808
sh603777,0,0,0
sz000633,0,1292,0
sz000637,0,0,0
sz300182,42820,29317,0
sh601328,1192421,954619,1472
sz300541,0,0,0
sz002420,0,0,0
sz300080,2001,0,0
sz000669,0,0,0
sh601002,11444,3179,0
sz002193,0,900,0
sz002340,16486,62160,0
sz300133,36728,18047,1168
sz300683,253,1855,0
sh603963,0,0,0
sz000586,859,0,0
sz000088,7720,8006,0
sh603578,0,0,0
sz002550,0,0,0
sz002220,0,0,0
sh600668,911,2638,0
sh600754,2234,5203,0
sz300284,0,0,0
sz300299,0,0,0
sz002207,0,1952,0
sh603208,1000,0,0
sz300695,0,0,0
sz002811,0,0,0
sz000553,0,4826,0
sz002171,55191,21428,1560
sh603768,0,0,0
sh600693,13281,15961,0
sh600306,0,0,0
sh603233,0,0,0
sz002128,11764,4033,975
sz002565,0,0,0
sz002394,0,0,0
sh603266,0,0,0
sz000722,1107,2804,0
sz002667,0,0,0
sh600016,621093,474985,6168
sz000692,0,2677,0
sh600320,18522,28218,0
sz300499,0,0,0
sz002452,0,0,0
sz300065,0,0,0
sh600028,1195430,874237,4754
sh600962,0,0,0
sh600774,0,0,0
sh600808,136790,233537,0
sh600091,0,0,0
sz002700,0,0,0
sz002074,500,4253,0
sz000897,0,0,0
sz002323,0,1500,0
sh603165,0,806,0
sh600158,0,1000,0
sh600498,20339,12907,930
sz300702,0,0,0
sz000429,6920,1397,0
sh603899,535,831,0
sh601368,0,0,0
sh601137,0,0,0
sz300029,0,0,0
sz002479,3508,7672,0
sz002891,0,0,0
sz000856,13666,4110,1997
sz000778,15024,4567,0
sh601689,2165,3093,0
sz000543,0,2779,0
sz300214,0,3287,0
sh600178,0,0,0
sh600880,0,3158,0
sh601886,21882,3471,0
sz000020,0,0,0
sh600192,0,0,0
sh601117,179170,77464,0
sz002314,17865,22469,0
sz002662,3464,1717,0
sh600716,0,0,0
sz002055,0,0,0
sz300550,0,0,0
sz300200,0,1400,0
sz000525,2855,4657,905
sh600889,0,0,0
sz002021,0,0,0
sz300577,0,1853,0
sh603288,2619,555,0
sz002484,0,0,0
sh601127,3937,0,0
sz300438,874,2365,0
sh603606,0,0,0
sz300637,0,0,0
sh600780,0,0,0
sh603855,0,0,0
sz000589,0,0,0
sh600558,0,0,0
sh600976,0,0,0
sz300269,0,0,0
sh603800,0,737,0
sh600326,7363,7842,0
sh600855,14325,25063,0
sz002413,0,1129,0
sz000554,0,4501,0
sz000425,255298,214916,0
sz300679,0,194,0
sz300657,281,652,0
sz000426,23361,36080,0
sz002847,0,0,0
sz002080,741,2958,0
sz300145,3280,1982,0
sz000988,6272,11918,0
sh601881,37583,55327,0
sz002578,9274,0,0
sz002360,0,0,0
sh600348,10560,24438,0
sz002511,701,0,0
sh600881,10247,0,0
sz002038,5676,2862,0
sh600251,6339,6989,1305
sz002785,0,0,0
sz000416,0,0,0
sz000819,0,0,0
sz300553,0,0,0
sh601607,3794,19581,0
sz002636,0,0,0
sz002594,5072,8798,498
sh601677,0,1365,0
sz300684,4282,3938,756
sh600848,1008,498,0
sz002215,0,0,0
sh603456,6481,12785,0
sh603001,0,0,0
sh600519,14916,12831,2199
sh601608,0,7949,0
sz002400,122302,123240,8299
sh600396,0,0,0
sz002337,0,0,0
sh601233,9432,15328,0
sz002330,26133,20066,0
sz002203,0,0,0
sh600350,6269,8377,0
sz300466,1653,865,2155
sh600190,0,0,0
sz002201,0,2480,0
sz000657,0,955,0
sh600531,0,4926,5772
sz300549,0,0,0
sh600501,0,0,0
sz000852,0,0,0
sz000018,4352,10200,0
sz300463,0,0,0
sh600017,0,0,0
sz002683,0,2500,0
sh601500,0,0,0
sh600569,59383,103370,0
sh600674,14839,10132,0
sh600597,2535,3080,0
sh600992,922,5320,0
sz000828,0,0,0
sh600173,22048,2791,0
sh600586,2663,3358,0
sz300510,0,0,0
sz000789,237330,245101,4075
sh600477,0,10426,0
sh600872,0,485,0
sz002608,0,1762,0
sh600283,1016,849,0
sz300179,0,0,0
sz002349,0,2000,0
sz000838,2763,0,0
sz002609,2252,0,0
sz000597,0,2512,0
sh600252,4334,9214,0
sh603969,3106,0,0
sh600459,3618,2703,0
sz002173,0,0,0
sz002760,0,258,0
sh603496,0,0,0
sh601601,100737,75741,1595
sz300317,951,0,0
sz300681,0,0,0
sz002852,0,0,0
sz300332,0,0,0
sz002437,3510,16816,0
sz000609,0,0,0
sh600236,1919,0,0
sh600345,0,2144,0
sh600195,6539,1268,0
sz300737,0,0,0
sz000862,0,3539,0
sz300460,0,0,0
sh600075,2299,6297,0
sz000004,0,0,0
sh603161,382,0,0
sh600230,9839,12470,1330
sz002067,9938,4440,0
sz002412,0,0,0
sz000800,51919,34676,0
sz002044,3600,4862,0
sz000600,1976,1232,0
sz300161,0,0,0
sz002822,0,0,0
sh600698,0,2097,0
sh600919,105913,58775,0
sz002425,6500,3402,0
sz002548,0,1080,0
sz002598,0,0,0
sz002875,0,0,0
sz300373,440,3937,0
sz000820,37334,23971,2262
sh603168,0,0,0
sh600166,23380,25116,0
sz002613,0,0,0
sz000655,0,5000,0
sz002339,0,0,0
sz002892,0,0,0
sz002817,0,0,0
sz300129,0,0,0
sz002045,3320,16338,0
sz300201,0,0,0
sz300004,2208,2433,0
sh603936,447,0,0
sh603002,7379,10631,0
sh600489,41184,87424,0
sz002141,0,0,0
sz300061,0,0,0
sh603331,0,0,0
sh600755,56328,20472,0
sh600790,0,0,0
sz002369,3322,25377,0
sh600021,0,0,0
sh600743,13045,6505,0
sh600819,0,0,0
sz002121,0,1280,0
sh603929,0,1022,0
sh601179,0,2530,0
sz002818,0,0,0
sh600123,21195,7833,0
sh603880,0,0,0
sz002727,1241,0,0
sz300338,0,0,0
sh600576,0,0,0
sz002451,0,0,0
sz002800,0,0,0
sh601997,32830,43520,4236
sh603585,0,0,0
sz300320,28797,2482,0
sh600684,45328,13641,0
sz300439,0,0,0
sz300732,577,788,0
sz002884,0,0,0
sz000732,83677,119418,14854
sh600439,6846,0,0
sh603286,830,0,0
sz002386,11317,0,0
sz002788,0,0,0
sh600093,75263,67474,5378
sz300259,0,0,0
sz000822,4405,4493,0
sz002769,0,0,0
sz000893,14764,1325,0
sh600661,0,0,0
sz002148,0,4293,0
sh600671,9190,1100,0
sh600196,15156,28389,1136
sh603393,0,1035,0
sz002716,5961,5314,500
sz002336,0,1852,0
sz002187,0,0,0
sh600238,0,0,0
sz000938,1458,2453,0
sz000700,0,0,0
sh600644,0,2709,0
sz300711,1274,811,0
sz000338,77703,85366,2171
sh600714,0,0,0
sz000026,0,0,0
sh603501,788,310,0
sz000089,7018,7658,0
sh600894,0,4703,0
sz002730,0,0,0
sz300163,0,0,0
sz000903,3659,3000,0
sh600857,0,0,0
sz000607,0,0,0
sz300393,0,0,0
sh603908,0,0,0
sz000558,2481,0,0
sh603083,451,993,0
sh600587,0,1427,0
sz000683,4660,68040,0
sz300158,17945,6899,0
sh600278,0,1844,0
sh603378,0,0,490
sz000919,0,0,0
sz000050,7226,10226,0
sh603063,1002,0,0
sz000736,4301,0,0
sh600081,0,0,0
sh600312,0,1500,0
sh603998,0,0,0
sz000533,2510,7917,0
sz002446,0,1163,0
sz002007,1728,1390,0
sz002567,2500,0,0
sh601000,67804,89265,0
sz002130,2258,12088,0
sz000584,4646,815,0
sz002309,0,828,0
sz002464,2180,0,0
sz300153,0,0,0
sz300420,0,0,0
sh600537,0,11919,0
sh603819,0,0,0
sh600491,6204,0,0
sh600841,0,0,0
sz002658,1081,0,0
sh603106,3090,4147,0
sh600993,1653,1184,0
sh600389,0,0,0
sz002663,10606,0,0
sz000555,0,0,0
sz000928,0,6522,0
sz000502,0,0,0
sz300428,0,565,0
sz002431,0,9987,0
sh601799,0,0,0
sh601211,53079,40488,550
sh600508,0,5243,0
sz300019,0,0,0
sh600781,1391,4238,0
sh600712,0,0,0
sz002127,5498,8102,0
sh603826,0,0,0
sz300488,0,0,0
sz300328,0,0,0
sz000779,0,823,0
sz000968,0,0,0
sz002766,808,7038,0
sz002781,0,0,0
sz002111,0,1230,0
sh600702,8638,7881,1414
sh600888,0,3346,0
sz000697,497,574,0
sz002896,0,290,0
sz300406,2701,0,0
sz300335,0,0,0
sh600116,6386,5618,0
sz300589,0,0,0
sh603879,7439,3928,0
sz300168,4095,961,765
sz002169,0,1913,0
sz002920,5601,12622,510
sz000967,0,6529,0
sz300126,0,0,0
sz300239,0,0,0
sh600385,0,0,0
sz002467,4589,0,0
sz000899,0,9930,0
sz000753,0,0,0
sh600987,0,0,0
sz002313,0,400,0
sz000811,5598,10152,0
sh603580,0,0,0
sz002392,0,4680,0
sh601666,24931,25640,0
sz000877,23141,11691,934
sz002010,0,0,0
sh600800,0,0,0
sh600747,0,8593,0
sh601688,148808,112656,4332
sh600056,3204,9561,0
sh603006,0,0,0
sz300534,0,0,0
sh601326,12916,12837,2060
sh600777,32462,13956,0
sh603558,0,0,0
sh603365,0,0,0
sh600291,7967,6442,0
sz002656,0,0,0
sz300207,1073,7003,0
sh601618,30397,52234,0
sz300247,0,0,0
sz300353,0,0,0
sh600638,0,0,0
sh601155,71017,39815,7220
sh600077,4665,0,0
sh603959,447,0,0
sh603856,0,506,0
sh600249,0,4814,0
sh600317,3715,6295,0
sz002054,0,869,0
sh600688,35114,39513,0
sz000708,0,14308,0
sz000905,2811,0,0
sz000613,0,0,0
sz002144,0,0,0
sz002919,814,582,0
sh603077,30273,43391,0
sz300085,1793,4726,0
sz300620,0,0,0
sz300233,0,0,0
sz002918,652,1637,0
sz300063,0,2878,0
sh603366,0,0,0
sz002250,3298,3530,0
sz000685,0,1000,0
sh603199,0,0,0
sh600070,0,0,0
sh601918,0,0,0
sz300083,17219,20385,0
sz002232,0,0,0
sh603180,240,0,0
sz300075,821,0,0
sh601228,102750,60873,6375
sh600667,20288,11777,0
sh600218,0,0,0
sz002498,0,0,0
sh603399,0,0,0
sz300188,2544,1209,0
sh603718,3302,0,0
sz000521,0,0,0
sh600692,0,1021,0
sh601888,6040,8451,0
sz300511,581,0,0
sh600370,0,0,0
sh600520,0,0,0
sh600865,0,0,0
sh601952,25810,9241,3673
sh600050,618731,605254,0
sz300326,0,2000,0
sh600665,0,0,0
sz002095,4400,2661,0
sh600095,0,0,0
sh600004,0,6367,0
sz002838,0,0,0
sh600165,34900,1549,0
sh603225,0,2392,0
sh600103,3083,14480,0
sz002573,1163,4784,0
sz300374,0,0,0
sz002823,0,0,0
sh600549,18679,32874,0
sz000014,0,0,0
sz002156,3333,1010,0
sz002472,0,1200,0
sh603308,0,0,0
sh600405,0,0,0
sh603111,0,1430,0
sz002043,4415,19480,2569
sh600239,25086,28188,0
sh601101,1902,1942,0
sz002828,0,0,0
sh600613,1200,0,0
sh601789,0,0,0
sz000726,0,1000,0
sz002909,558,1322,0
sh600566,526,1039,0
sz300611,0,0,0
sz300376,1642,16716,0
sz000520,11749,3005,0
sh600387,0,1210,0
sh601877,500,4192,0
sh600846,12321,7752,1205
sh600580,1365,9458,0
sz002676,519292,170153,7862
sh600874,3565,14443,1245
sh600234,0,0,0
sz002701,0,0,0
sh603799,71058,44862,7204
sh603766,0,5886,0
sh603912,1024,1307,0
sh600335,0,0,0
sh600639,0,0,0
sh600647,0,0,0
sh603328,0,6015,0
sh600276,17837,14022,924
sh600009,2483,1621,371
sz000058,1552,2148,0
sz000750,15239,19597,0
sz300731,0,0,0
sz002459,0,0,0
sh600382,0,0,0
sz000922,5701,0,0
sh600600,7490,5704,0
sz000768,6682,7845,2125
sh601398,1535147,1355838,16581
sz300595,802,507,0
sz300389,0,0,0
sz000783,14323,9355,0
sh603997,0,0,0
sh603778,0,0,0
sz002528,0,0,0
sz000913,0,0,0
sz002172,2031,0,0
sz300377,7672,14392,0
sh600896,0,0,0
sh603901,0,0,0
sh603188,0,0,0
sh603228,0,1426,0
sh603658,0,235,249
sz000099,0,1168,1206
sz000679,0,0,0
sz002539,0,0,0
sz002389,0,0,0
sz000892,0,0,0
sz002100,0,0,0
sz002424,1117,1700,0
sz300339,0,2500,0
sz002755,0,0,0
sh601919,78446,79322,0
sz300458,0,1780,0
sz002166,0,0,0
sz002584,2497,748,0
sz002821,662,1033,0
sh600479,0,0,0
sz300610,0,0,0
sz300132,0,0,0
sz002174,3789,3812,435
sh601118,42707,6275,0
sh603926,0,0,0
sz002861,997,0,0
sz002062,8227,20960,0
sz300047,3797,2202,0
sz002405,32440,32208,3010
sz300079,8567,5686,0
sz002911,0,3385,414
sh603555,1000,720,0
sz002916,5684,5875,564
sz300285,779,0,0
sz300557,0,0,0
sz300697,24429,8766,2168
sh600917,0,1479,0
sh603096,0,0,0
sz002304,5598,3861,0
sz000529,0,0,0
sz002332,0,0,0
sz002365,0,815,0
sz300310,0,1006,0
sz002756,0,1652,0
sz300561,4709,4070,291
sh600231,57051,76559,0
sz000957,0,1501,0
sz002641,0,0,0
sz300721,1448,626,0
sz000681,1623,1477,0
sz002687,2020,0,0
sz002031,0,0,0
sh600792,0,0,0
sh600094,5050,5104,0
sz300154,0,0,0
sz002092,49212,58966,0
sh600185,75072,29943,2057
sh600823,116299,43249,0
sh603238,0,0,0
sz300068,0,704,0
sh603008,801,1690,0
sh600837,77840,42726,0
sz000153,0,0,0
sz300445,0,0,0
sz002900,0,353,0
sz002552,4005,2281,0
sz300166,1020,3562,0
sz000858,90296,73111,5932
sh603315,0,0,0
sz000418,592,3823,0
sh600658,12886,2211,0
sh603976,0,0,0
sh603035,0,794,0
sh603776,300,0,0
sh600377,1652,1000,0
sh601668,2626089,1883734,19110
sz002561,0,0,0
sz300548,0,0,0
sz002341,7512,7756,0
sh600208,102893,70537,0
sh601005,4700,4998,0
sz300059,948649,668708,60271
sh603690,0,0,0
sh603858,929,500,0
sz300633,0,0,0
sz002116,3000,0,0
sz000670,0,1678,0
sz300287,38362,23281,0
sz300119,0,1030,0
sz300057,0,0,0
sh600481,0,8999,0
sh600648,0,0,0
sh600759,4862,19003,0
sz300194,0,0,0
sz300268,0,0,0
sz300472,0,0,0
sz300053,9794,12785,0
sh601890,0,9373,0
sz002910,1788,1210,0
sz000545,0,0,0
sz300486,0,0,0
sz300407,0,4547,0
sz300190,0,0,0
sz002490,0,0,0
sh600984,0,0,0
sz000572,0,0,0
sz300033,7617,10105,1343
sz002113,0,1000,0
sz002902,1085,3844,0
sh603928,0,0,0
sh603466,2311,1350,181
sh600694,2142,300,0
sz300006,4085,0,0
sh600156,0,0,0
sh600758,0,0,0
sz002061,20142,3049,0
sz002258,528,5387,0
sh600458,0,0,0
sz002497,9023,31282,0
sh600677,0,2100,0
sz300706,0,161,0
sz300312,0,0,0
sz000333,86078,62391,4244
sh600562,492,1100,0
sz300570,1080,5278,0
sz000777,6460,6473,0
sz002650,0,0,0
sz002628,0,2026,0
sh600366,1816,4514,0
sz002551,0,0,0
sz000422,0,48580,0
sh600039,0,0,0
sz002581,0,0,0
sz300156,165900,119808,6278
sz300716,0,0,0
sh603003,1198,1000,0
sz300437,0,0,0
sz002532,0,1644,0
sh600083,0,538,0
sh600288,0,0,0
sz000060,53683,93887,2403
sz300416,0,0,0
sh603076,800,0,0
sh603339,0,0,0
sz300409,2347,3701,244
sh603416,0,0,0
sz300117,0,0,0
sh600795,64948,85849,0
sz000985,0,0,0
sz300341,0,0,0
sz300026,8020,33457,0
sz002432,0,0,0
sh600461,0,0,0
sz300396,0,0,0
sz002797,110257,100130,1083
sh603025,434,549,0
sz300481,0,3075,0
sh601258,18052,31938,0
sz300229,0,1098,0
sh600741,4400,3423,0
sz300496,623,1276,0
sh600197,3931,2976,0
sh600621,59936,32211,11993
sh600255,23694,5002,0
sh603367,555,0,0
sz000776,147933,118540,4314
sz000937,1806,13325,0
sz300518,0,0,0
sz002562,0,0,0
sz002434,0,4039,0
sz300604,0,0,0
sh601933,154692,164245,5799
sz300155,0,2000,0
sh600022,52290,113148,0
sz002073,0,0,0
sz300076,0,0,0
sh600433,2748,0,0
sz002642,0,0,0
sz300430,0,0,0
sz002856,5008,1301,562
sz300131,0,0,0
sz000801,8278,31013,0
sz300058,290815,1006961,49933
sz300413,3112,12479,1031
sz300613,0,0,0
sz002917,477,2188,0
sz002614,0,0,0
sh600939,2909,0,0
sz002428,12944,6812,0
sz002801,0,0,0
sz002602,0,0,0
sz300539,0,0,0
sz002482,0,1700,0
sz002887,154,0,0
sh601882,0,0,0
sz000498,0,0,0
sz300234,0,0,0
sz300160,0,0,0
sz002331,0,1501,0
sz002015,0,0,0
sz300030,1167,2000,0
sz300097,507,1700,0
sz000615,12215,11168,0
sz002627,0,0,0
sz002270,0,0,0
sz300601,0,0,0
sh600225,8056,16074,0
sz300371,0,0,0
sh600160,6294,7030,0
sz000859,0,0,0
sz300464,0,0,0
sz300459,1018,2789,0
sz300005,4613,0,0
sh603556,0,0,0
sz000532,874,0,0
sz000792,144015,138650,21250
sz000973,0,1741,0
sz002571,9170,0,0
sz300545,0,0,0
sz300448,0,0,0
sz000546,0,0,0
sz300530,0,0,0
sz000725,2839002,2028421,2547
sh600862,0,0,0
sz002065,49053,107147,0
sz002014,0,1952,0
sh603323,22474,25322,0
sz002819,0,0,0
sh603117,0,0,0
sz002654,0,0,0
sh603833,221,92,0
sh600354,1721,0,0
sz300174,0,0,0
sh603797,0,0,0
sz002138,691,1016,0
sz000782,0,0,0
sh603538,2542,0,0
sh603536,0,0,0
sh600250,29179,7678,0
sh600982,0,0,0
sz000888,0,0,0
sz002133,0,13475,0
sh601968,0,0,0
sh600622,0,599,0
sh603050,3268,2694,630
sz002430,5943,1422,0
sz002209,0,0,0
sz002832,0,0,0
sh600523,0,0,0
sh600590,1001,2193,0
sz300007,976,1626,0
sz002271,7731,5648,244
sh600486,10180,7329,0
sz300256,0,0,0
sh600611,0,2318,0
sz300619,0,0,0
sz300303,0,0,0
sz002027,62049,55861,0
sz002235,19112,19578,1957
sh600088,0,0,0
sz300507,0,0,0
sh603022,0,0,0
sh600168,2875,0,0
sh600735,9389,2090,0
sz002269,0,0,0
sh600420,0,0,0
sh600686,0,1250,0
sh600503,0,12496,0
sh600136,1448,0,0
sh601199,0,0,0
sz002240,0,0,0
sz002845,0,0,0
sh600399,0,2557,0
sz002842,0,0,0
sz300087,3800,1082,0
sh603139,0,0,0
sz300013,8378,726,0
sz002311,2780,1480,0
sz002308,0,944,0
sh600543,0,0,0
sz300107,162162,179422,16249
sz000969,0,7727,0
sz002617,4872,5987,1608
sz300490,0,0,0
sh600565,22227,23519,0
sz300331,0,0,0
sh600561,0,0,0
sh601901,5744,14835,0
sz300733,1218,9843,2536
sh600787,132817,104618,1807
sh600480,642,0,0
sh603260,12104,8762,755
sh603169,7085,0,0
sz300262,0,1434,0
sh601088,85301,57277,5574
sz300668,471,301,0
sz002675,0,0,0
sh603701,0,0,0
sz300118,0,0,0
sz300712,0,831,0
sz000055,67594,165684,6000
sz002194,0,2852,1255
sz300178,0,0,0
sz000932,16619,34792,0
sh600048,491732,440824,23278
sz002863,3241,7959,693
sh601898,8019,7078,0
sh600500,3682,3007,0
sz300148,4000,1739,1902
sz002324,650,524,0
sh601992,72744,102508,0
sz002222,661,4377,0
sh601098,2028,1071,0
sh600237,0,5811,0
sz002368,3445,600,0
sz300485,0,0,0
sh601727,4018,14503,0
sz002265,0,0,0
sh603655,0,661,0
sh603811,0,0,0
sz300443,0,0,0
sh600697,1553,832,0
sz300662,0,0,0
sz002195,56146,24983,0
sh601798,0,0,0
sh603333,0,0,0
sz002241,43186,94072,3626
sz000863,2000,0,0
sz002052,8705,4781,0
sz300600,0,0,0
sz300014,1310,13364,0
sz000066,77884,92355,0
sz002268,5929,609,0
sz300551,0,0,0
sz000537,31755,56937,1468
sh600146,3743,5821,0
sh601333,32800,51642,0
sh600298,4709,12204,0
sh603698,0,0,0
sh603116,0,0,0
sh600375,0,4278,0
sz000404,0,2000,0
sh603123,0,0,0
sz000623,12623,8232,0
sz002367,0,0,0
sz000008,24484,4495,0
sz300084,0,0,0
sz002302,7844,4300,0
sz300275,0,0,0
sh600104,57951,66424,3052
sh600380,37651,20469,1064
sz002403,0,0,0
sh601628,50975,26861,2170
sz300468,0,0,0
sz300306,0,0,0
sz300316,8072,10925,0
sh601107,0,0,0
sz300231,5336,5203,0
sh603026,0,0,0
sz002118,3007,0,0
sz300175,0,0,0
sz002363,0,0,0
sh600302,0,0,0
sh603636,0,0,0
sh600153,83547,39463,0
sh600859,2772,550,0
sh603668,0,0,0
sz300552,0,0,0
sz000731,0,4195,0
sz300267,16988,19974,0
sh600167,0,0,0
sz002244,54024,56438,0
sz000061,0,0,0
sz300003,9833,15296,0
sz300493,0,951,0
sz000428,0,0,0
sh603568,0,0,0
sh603527,11078,6163,2211
sz002840,0,0,0
sz002743,0,1406,0
sh601858,0,0,0
sz002881,2611,0,0
sz300072,10685,18694,484
sh600186,0,4000,0
sz002140,0,1989,0
sh600063,0,3000,0
sz300363,0,4258,0
sh600696,0,0,0
sz000636,42945,88947,946
sz002333,1624,1907,0
sh600456,912,2305,1707
sh603055,0,1495,0
sz000921,0,765,0
sz002248,0,11062,0
sz002541,0,0,0
sh600609,0,0,0
sz300467,0,0,0
sz002078,24434,26940,1883
sz300418,14048,5921,2588
sh600130,1750,0,0
sz002853,3266,1174,0
sz300501,0,0,0
sz000890,0,0,0
sh601636,203636,156125,2709
sh603016,0,846,0
sh603157,0,0,0
sh600615,0,0,0
sz002157,1617,0,0
sz000158,20673,29519,3822
sz300450,5321,1779,0
sz300624,0,0,0
sz002778,0,0,0
sh603737,0,0,0
sz002303,0,2206,0
sh600811,6622,5336,0
sz300391,796,0,0
sz300693,0,0,0
sz300573,0,628,0
sz300628,101,350,0
sz300336,822,3927,0
sz300638,0,0,0
sz000612,0,0,0
sz002839,897548,248411,16527
sz300480,3530,0,0
sz300235,0,0,0
sz300522,0,0,0
sh600390,887,2679,0
sh601718,0,6303,0
sh603321,0,0,0
sh603278,0,544,0
sh603037,0,0,0
sz002671,0,0,0
sz002655,4639,4292,0
sh600030,1084107,850429,62565
sh600581,10703,31374,0
sz300252,0,0,0
sz000713,0,0,0
sz002767,0,2647,0
sh600151,1954,2000,0
sz002651,0,0,0
sz002338,0,0,0
sz300655,0,0,0
sh600990,621,0,0
sz002677,978,0,0
sz300673,0,0,0
sh603688,0,0,0
sz002196,0,1246,0
sz002466,20599,29761,1934
sh600717,1205,5542,0
sz002131,0,31418,0
sz000159,1910,0,0
sz300289,0,0,0
sz300375,0,0,0
sz300708,19753,17904,1712
sz300037,0,0,0
sz002741,1384,626,0
sh600240,3616,6070,0
sz002200,0,0,0
sz000651,336145,227821,44340
sz002105,0,0,0
sh603890,0,1537,276
sz002831,0,526,0
sh600108,8128,8759,0
sz002906,0,992,0
sz300340,3351,12851,0
sz002064,3001,8831,0
sh603316,0,0,0
sh600211,0,0,0
sh603031,1086,1000,0
sh600810,1985,0,0
sh600557,0,1025,0
sz002508,5718,1294,241
sz000550,0,672,0
sz000711,0,784,0
sz002364,0,0,0
sz300631,1014,0,0
sh600054,1000,0,0
sz300421,0,0,0
sz002307,0,9238,0
sh600854,0,0,0
sz000889,800,0,0
sh603299,5094,0,0
sz002753,0,0,0
sh603828,4010,0,0
sz001979,192417,138438,14951
sz000809,0,0,0
sz002759,0,0,0
sz300688,0,801,0
sz000686,8019,7240,0
sh600720,62400,50542,0
sz000752,0,0,0
sh603336,0,0,0
sz000707,0,0,0
sh603557,0,0,0
sh600064,2876,753,0
sh600595,5716,15371,2611
sh603128,0,1181,0
sh600127,5807,0,0
sz002501,0,2284,0
sz300224,0,1437,0
sz300212,2883,2353,0
sz300343,1165,2127,0
sh603767,0,0,0
sz300495,7638,4626,0
sz002221,0,10451,0
sz002056,4977,7364,0
sz300008,0,6376,0
sh603633,0,0,0
sz300138,0,0,0
sz000413,40338,55117,0
sz000090,28756,11127,1001
sz002158,854,0,0
sh600653,0,5011,0
sz300405,0,0,0
sz300282,2669,0,0
sz300640,0,0,0
sz000860,2651,1814,0
sz300232,2873,4936,0
sh603138,1265,713,324
sz002618,0,0,0
sz300691,464,709,0
sz300109,5015,1979,0
sz300586,0,0,0
sh601126,0,0,0
sh600827,0,1200,0
sz002123,0,0,0
sz300415,605,0,0
sh600830,0,1904,0
sz300271,6501,4719,1481
sz300411,0,0,0
sz002505,12170,42054,0
sz300648,0,0,0
sh600816,3794,3660,0
sz002040,768,3337,0
sz002282,1237,0,0
sz002745,958,941,0
sz300451,3756,0,0
sh603919,0,0,0
sz000830,59861,99429,1978
sh600895,0,0,0
sh601928,0,1274,0
sh601086,41302,54742,6152
sh600395,1382,1610,0
sh600898,899,0,0
sh603577,0,0,0
sz000952,0,0,0
sh600722,0,1647,0
sz300127,0,0,0
sh600502,3398,1754,0
sz000806,100216,23214,0
sz002216,2119,0,0
sz300400,0,700,0
sh600332,7217,5561,0
sh601998,128785,71108,0
sz002094,560,717,0
sh600711,24326,61878,2398
sz300385,0,0,0
sz002899,2458,1190,0
sh600496,2796,5715,0
sh600329,0,0,0
sz300095,0,0,0
sh600401,0,0,0
sz002689,0,0,0
sz300254,0,0,0
sh600408,0,0,0
sz300357,955,0,0
sh603579,0,182,0
sz300690,0,859,0
sz300350,0,0,0
sh603683,5144,5088,0
sz300509,0,0,0
sh600271,8487,5515,0
sh600260,3196,6707,0
sz002679,0,0,0
sz002129,33398,75907,1107
sz000518,0,0,0
sz000715,0,0,0
sh603989,379,755,0
sh601828,229666,243954,26830
sh600073,1227,1767,0
sh600256,29588,21882,0
sz000797,5424,1000,0
sh603818,0,744,0
sz300390,0,0,0
sz002878,0,0,0
sh600598,50274,30752,0
sz002678,0,0,0
sh600338,1625,6439,0
sh600770,2800,2959,0
sh603660,0,0,0
sh603306,0,0,0
sz002486,3097,10898,0
sz000411,0,0,0
sz000918,3125,7701,0
sz002773,0,278,0
sz000983,43975,84479,1183
sh600513,0,0,0
sh603360,0,0,0
sz300587,0,0,0
sz300181,0,6636,0
sz300533,0,0,0
sh603345,0,0,0
sh600161,2713,4146,0
sh600756,2699,2264,0
sz000619,0,0,0
sz300465,0,0,0
sh603183,0,256,0
sz300433,13672,17468,527
sz000911,0,2251,0
sh600885,1208,5052,0
sz300074,0,0,0
sz000691,0,0,0
sz300208,0,1864,0
sh603421,0,1423,0
sz002786,0,0,0
sh600603,0,0,0
sz002515,0,1364,0
sz000606,0,0,0
sh600890,900,1132,0
sz002547,0,10655,0
sh600132,7875,0,0
sh603029,0,0,0
sz002688,0,0,0
sz000790,0,1834,0
sh600179,9263,10874,0
sh601218,0,0,0
sh601700,0,0,0
sz002439,2327,2157,0
sz300219,0,0,0
sz300675,1744,1918,0
sh600101,0,1107,0
sz300121,0,766,0
sz002047,0,0,0
sh601388,28078,17539,0
sz300056,1703,0,0
sz300667,0,0,0
sh600223,0,0,0
sz300025,0,0,0
sz300253,14658,10975,0
sh600416,0,0,0
sh600836,6339,0,0
sz000712,1594,2452,0
