sz002040,0,0,0
sz002286,0,0,0
sh603577,0,0,0
sz000026,0,0,0
sh601113,0,0,0
sh600755,13997,16624,0
sz300348,2790,3474,0
sz002531,0,0,0
sz300218,0,0,0
sz000701,0,0,0
sz002460,128718,111188,22773
sz000719,0,0,0
sh601010,0,0,0
sz002763,0,0,0
sz300478,0,0,0
sh600825,0,0,0
sz300260,0,0,0
sh601965,0,0,0
sz300620,0,0,0
sz000532,0,0,0
sz002438,1417,0,0
sz002881,0,0,0
sz000951,0,0,0
sz000921,0,3413,0
sz002906,2167,1140,656
sz300331,0,0,0
sh603421,0,0,0
sh600996,0,0,0
sz000822,12522,0,0
sh600662,0,0,0
sz002447,39825,27159,0
sh600141,0,1958,0
sh600771,0,500,0
sz002519,0,2947,0
sh600258,1455,6362,0
sh601838,40681,76154,2187
sh600097,0,0,0
sh600560,0,1292,0
sz002782,0,0,0
sh603336,0,0,0
sz000965,0,8306,0
sz002685,0,0,0
sh600556,0,0,0
sz300254,0,0,0
sh600480,0,0,0
sz002923,998,406,0
sz000756,0,0,0
sz000839,52518,66782,0
sz000915,1387,0,0
sz300733,3907,6502,0
sz000627,3056,1365,0
sh601908,0,0,0
sh600017,0,0,0
sh600678,0,0,0
sh600077,0,0,0
sh601318,290784,287302,22582
sz002740,0,0,0
sz000908,0,0,0
sz300076,0,0,0
sh600462,0,0,0
sz000030,2555,0,0
sh600983,0,0,0
sz300548,0,0,0
sz000811,0,0,0
sh603322,0,0,0
sh600438,3387,7536,0
sh603612,0,0,0
sz300562,864,2368,0
sh601878,2669,2831,0
sh600558,6347,2027,0
sh603396,0,0,0
sz300395,0,0,0
sz300572,0,736,0
sz300104,813381,873460,24596
sz300209,0,0,0
sh600035,3000,0,0
sz002092,27846,15025,0
sh600020,2239,0,0
sz300285,1459,0,0
sz002777,0,0,0
sz000708,0,0,0
sh603339,0,500,0
sh603083,287,0,0
sz300500,0,0,0
sh603726,0,0,0
sz300699,1247,1545,0
sz000408,0,0,0
sh600712,0,0,0
sz300092,0,0,0
sh603599,0,0,0
sh600057,0,0,0
sz000593,0,0,0
sh600688,15496,22368,3654
sh603466,982,1541,0
sh600727,0,0,0
sz002031,3994,8630,0
sz002370,0,0,0
sz300136,46251,40349,5064
sz002609,0,0,0
sz300379,0,1202,0
sh603819,0,0,0
sz300425,0,6793,0
sz002360,0,0,0
sz300735,577,1307,0
sz002134,0,0,0
sh600302,0,0,0
sz000663,5738,0,0
sz000550,0,674,0
sh600859,684,5814,0
sz300450,2981,325,0
sh603655,0,1754,0
sh600966,21151,15519,0
sh601766,60245,86348,0
sh600845,12546,10315,2214
sh600962,0,0,0
sz300354,0,0,0
sh600395,8593,3349,0
sz002129,123730,95607,3114
sz300201,0,0,0
sh600369,2966,8367,0
sz000572,3000,0,0
sz300121,0,0,0
sh600025,29319,16177,0
sh600519,13007,18112,1972
sz000552,14538,2941,0
sh603996,0,0,0
sh600403,0,0,0
sz002877,0,0,0
sh601006,13187,42247,1201
sz002308,0,1142,0
sz300689,307,0,0
sz002689,0,0,0
sz300332,1869,2300,0
sz002850,0,0,0
sz300399,0,0,0
sh600895,900,0,0
sz000932,54528,40232,1533
sz002845,0,0,0
sz300695,0,0,0
sz300471,0,0,0
sh600986,0,1044,0
sz300205,2000,0,0
sh601992,58232,42417,0
sh600612,350,230,0
sh603399,7681,1003,0
sz300538,0,0,0
sh600792,0,0,0
sz002067,22940,39750,0
sz300484,0,0,0
sz300526,0,0,0
sz002076,21935,35596,0
sh603617,0,0,0
sz300358,0,0,0
sh600528,49313,10571,0
sh603886,0,0,0
sz002791,793,0,0
sh600059,0,1694,0
sh600375,0,0,0
sh600330,0,0,0
sh603055,0,0,0
sh600027,0,0,0
sh601003,24430,17016,0
sh600088,833,0,0
sz002477,4524,0,0
sh603536,0,0,0
sz002351,0,0,0
sh603429,450,0,0
sz002866,0,0,0
sh600767,0,0,0
sh600810,14346,21114,1046
sz300370,0,0,0
sh603386,0,0,0
sh601788,0,4617,0
sz002826,0,0,0
sh603989,400,0,0
sz002585,0,2384,0
sh601633,2386,1657,1615
sh603019,56097,42273,3870
sz002074,10125,6406,0
sh600486,0,308,0
sz002795,0,1105,0
sz002169,0,0,0
sh600433,12348,8468,0
sz300169,0,0,0
sh600175,16603,14521,0
sz002055,981,0,0
sz300532,0,0,0
sh600997,3284,4081,0
sz300271,19292,28419,667
sh600201,1764,5892,0
sz000798,0,0,0
sz300236,25073,27156,6936
sz300101,30205,8381,1510
sh600566,680,2261,0
sh603586,0,0,0
sz002141,1639,0,0
sh600223,0,0,0
sh603286,0,1037,0
sz000996,1762,4773,0
sz300133,66484,65459,4465
sh600232,0,0,0
sz300543,516,0,0
sz002862,3692,0,0
sz300138,0,0,0
sz000958,0,2265,0
sz002889,0,471,0
sz300639,0,280,0
sz002625,0,0,0
sz002828,0,0,0
sz300310,9081,3225,0
sz300573,0,0,0
sz002028,6600,1751,0
sz300480,0,0,0
sh600536,5279,2556,0
sz300299,18752,20258,0
sz300191,0,0,0
sz000592,15796,2379,0
sz002205,0,0,0
sz300468,723,348,0
sh603157,0,0,0
sh600220,0,0,0
sz000685,1435,0,0
sz300445,0,0,0
sz002210,1884,4023,0
sh600250,1323,0,0
sz000025,0,377,0
sz002476,0,2194,0
sh600322,0,0,0
sh600362,39270,56897,621
sz000032,0,0,0
sh601558,0,0,0
sh603833,0,119,97
sh601933,61578,84386,8331
sh601882,1030,1050,1216
sh600580,2870,0,0
sz000806,18298,9075,0
sh600128,0,0,0
sz002712,0,0,0
sz300258,0,0,0
sh600545,0,0,0
sz300406,2510,0,0
sh600373,6774,3644,0
sz000712,1000,926,0
sh603040,0,0,0
sz300449,0,0,0
sz300068,12960,1650,0
sz000551,0,0,0
sz002673,100576,50625,1242
sz300255,2500,0,0
sh600527,0,0,0
sh600292,0,0,0
sh600275,0,0,0
sz300087,0,0,0
sz002820,0,0,0
sz002883,0,0,0
sz300352,37125,9363,0
sz000501,1367,0,0
sh600099,0,0,0
sh603899,1907,0,0
sz002408,1691,1731,0
sz002009,2825,4657,1477
sh603919,0,0,0
sh603160,408,599,0
sz002534,0,0,0
sh601518,0,0,0
sz000538,1869,2998,0
sz300701,0,0,0
sz002471,22082,46472,0
sz300029,0,2937,0
sh600139,24638,12948,0
sh600158,5374,6155,0
sh603111,1882,0,0
sz300534,0,0,0
sh603225,559,575,458
sh600759,3430,4006,0
sz000797,0,1229,0
sz300632,0,0,0
sh601098,5788,0,0
sz300179,0,0,0
sz300353,24293,56908,1685
sz002307,0,0,0
sh600281,0,0,0
sz300588,358,1722,0
sh603809,0,400,0
sh600909,2063,8492,0
sz300722,419,775,0
sz002659,0,0,0
sz002401,2500,0,0
sh603345,0,0,0
sz300565,0,0,0
sz000970,38706,24399,858
sz300721,0,0,0
sh600664,67147,158767,8258
sh601800,1888,11185,0
sz002466,108864,69699,9479
sh601789,0,0,0
sz300130,500,0,0
sh600917,0,0,0
sh603917,0,0,0
sz002493,17426,12739,0
sz002716,3792,1681,0
sz002097,0,0,0
sh601519,0,3221,0
sh603099,0,0,0
sz300270,0,0,0
sh603861,0,0,0
sz300065,9514,7489,0
sz002227,1262,0,0
sz002305,0,0,0
sz002555,32465,21265,3176
sz000597,13374,0,0
sz002347,0,0,0
sh600725,0,0,0
sh600707,0,8701,0
sz002595,0,0,0
sz300447,1491,0,1000
sz300177,2228,0,0
sh603041,0,0,0
sz002705,887,0,0
sh600737,0,0,0
sh600467,4648,4552,0
sz002888,0,0,0
sz002893,555,1244,0
sh603877,348,0,0
sh600298,1594,1471,361
sz300433,16381,16302,569
sh601928,0,0,0
sz002718,0,0,0
sz300453,0,0,0
sh600630,0,0,0
sh600570,10458,9403,215
sh600189,0,0,0
sz002501,0,0,0
sz300418,43848,28800,3532
sz000001,267937,276122,0
sz000061,0,0,0
sh600529,0,0,0
sh600023,4011,17272,0
sh600578,0,0,0
sh600068,84235,62909,4145
sh603515,0,0,0
sh600886,3000,0,0
sz002823,1155,0,0
sz300075,3151,2427,648
sh600749,0,0,0
sh601211,11353,24600,0
sz002860,0,0,0
sh600119,0,0,0
sh603517,481,2021,0
sh600981,0,0,0
sz002299,1989,1788,0
sz002793,0,0,0
sz000969,0,0,0
sz300162,0,0,0
sz002193,1023,0,0
sz002690,542,800,0
sh601899,490059,588865,6691
sz000988,736,2939,0
sz000835,0,0,0
sz002131,29410,11965,0
sz300330,0,0,0
sh600326,10688,0,0
sz300602,0,0,0
sz002068,0,4990,0
sz000155,26593,12713,0
sh603022,0,0,0
sz300547,0,0,0
sz002298,0,0,0
sz002688,0,1500,0
sh600006,0,0,0
sz002284,0,1771,0
sz300150,0,0,0
sz002106,0,0,0
sz002521,9050,0,0
sh601952,0,970,0
sh603738,0,0,0
sh603811,0,0,0
sz300710,0,0,0
sh600797,1573,4351,0
sh600162,0,0,0
sz002416,0,1183,0
sz002109,0,0,0
sz000301,28567,12744,0
sh600338,550,1278,0
sz002191,9615,2676,2001
sz000897,0,3410,0
sh603813,2365,890,0
sz002831,0,0,0
sz002431,0,1482,0
sz300166,41485,46344,4608
sz300585,0,0,0
sz300269,966,0,0
sh600114,0,0,0
sh603169,0,0,0
sh603501,303,1099,0
sh601208,0,0,0
sz300633,926,0,0
sh600559,395,911,0
sh600511,483,3589,0
sz300167,1303,5326,0
sz300184,1430,1098,0
sh600353,0,0,0
sh600195,4209,0,0
sh600778,0,0,0
sz002503,0,0,0
sh600052,0,0,0
sh603383,0,0,0
sz300007,0,1017,0
sz000666,632,655,0
sz000039,0,3936,0
sz002326,3226,6401,0
sh600215,0,0,0
sz002556,2010,7524,0
sz000416,0,0,0
sz000993,0,0,0
sh603963,0,0,0
sz002306,0,0,0
sz300200,0,0,0
sh600965,0,0,0
sz300315,67174,82560,3533
sh600100,9322,0,0
sz000027,0,0,0
sh600038,8279,4278,0
sz300160,0,2000,0
sh600884,35410,27319,1020
sz002757,440,0,0
sz300494,0,640,0
sh600746,0,0,0
sh603278,0,0,0
sz002563,6204,16849,0
sh600705,4726,8646,0
sz002380,0,0,0
sz000609,0,1807,0
sz300108,0,0,0
sh603567,0,0,0
sz300027,25097,52996,1020
sz300405,0,0,0
sz000999,0,0,0
sh603578,0,300,0
sz002392,0,0,0
sh600237,0,0,0
sz300066,3000,0,0
sz300037,5523,525,1023
sh603823,0,0,0
sh601618,11221,17100,0
sh600768,0,0,0
sz002095,827,821,412
sz000863,0,0,0
sz002675,0,0,0
sz300203,2840,2909,0
sz300081,1171,2386,0
sh600970,1039,14663,0
sh600609,0,0,0
sz002204,0,0,0
sz300226,14753,17138,751
sh603488,1849,0,0
sz300183,809,0,0
sz002842,615,282,0
sh603098,0,0,0
sh600764,1969,504,776
sz000613,0,0,0
sz002790,0,0,0
sz002333,0,736,0
sz000672,11144,21476,0
sz002177,0,0,0
sh603329,870,3557,0
sh600211,0,0,0
sz002567,2560,0,0
sh603619,334,294,583
sz002430,882,1754,0
sz300496,3930,1775,0
sz001696,2432,0,0
sh600007,0,0,0
sz002330,15288,8219,0
sh600282,184604,249024,0
sz300074,14696,10007,0
sz000668,0,0,0
sh601088,50837,51332,2009
sh600883,0,0,0
sz300077,15370,25643,0
sz002419,6820,7747,0
sh600439,11050,0,0
sz002590,1796,11978,0
sz002838,0,285,0
sh600416,9066,6792,0
sh601949,0,0,0
sz300412,0,0,0
sz002706,1314,0,0
sz300705,0,0,0
sh601818,197695,311822,0
sh603050,0,0,0
sh601881,13089,36435,1308
sz002890,0,0,0
sz300673,0,0,0
sz000949,0,0,0
sh600706,648,1783,0
sz300117,0,0,0
sz002730,0,0,0
sh600708,11814,5068,0
sz300657,0,0,0
sz300243,0,0,0
sh603879,0,0,0
sz002789,0,0,0
sz002090,0,0,0
sz300663,10498,21247,3239
sz300706,0,624,0
sz002681,0,0,0
sh603903,399,0,0
sh601985,6012,19240,0
sz000062,0,0,0
sz300040,0,0,0
sh600815,0,0,0
sz002180,0,368,411
sh601238,0,4583,0
sz002548,0,1335,0
sh600547,7098,8721,0
sz300217,3812,0,0
sh600499,37207,9944,0
sh600479,2069,1540,0
sz300300,0,0,0
sh600720,17878,9409,0
sz300429,0,1296,0
sh600272,0,0,0
sh601777,1772,0,0
sh603133,380,0,0
sz002234,8944,4562,0
sz300228,1265,0,0
sz000801,9092,1797,0
sh600243,4900,0,0
sh600388,5149,5739,0
sh603337,0,0,0
sh600555,0,3362,0
sz000931,0,0,0
sz300624,444,1381,481
sz002618,0,0,0
sh600191,0,1500,0
sz002822,0,0,0
sz002289,0,0,0
sh603637,0,0,0
sz002069,0,9272,0
sz300553,0,0,0
sz002633,0,0,0
sz002858,0,0,0
sh600015,14129,43071,0
sh600710,0,0,0
sh600831,0,0,0
sz002030,0,0,0
sz002395,0,0,0
sz000423,620,2119,0
sz002583,2059,7951,0
sz002644,0,4618,0
sh600398,12522,15633,0
sz002714,4305,1352,0
sz000005,0,0,0
sz300151,1762,0,0
sz300339,0,0,0
sz300048,0,0,0
sh600908,3924,4781,0
sz002660,0,0,0
sh600269,0,2110,0
sh600405,0,0,0
sh600696,0,0,0
sz300099,2002,3132,0
sz002322,3358,1651,0
sh600161,385,539,0
sz002148,0,2694,0
sh603712,0,0,0
sh600803,0,8309,0
sz002664,0,0,400
sz002591,0,0,0
sh600074,0,4447,0
sz002599,0,0,0
sz000679,0,0,0
sz300512,0,0,0
sz002884,0,0,0
sz002178,6533,25778,0
sh603108,0,0,0
sz300360,0,0,0
sz002015,0,0,0
sz300541,0,0,0
sz300679,0,0,0
sz300176,1111,2706,809
sz002317,0,1000,0
sh603316,0,0,0
sz000570,0,0,0
sz002084,0,0,0
sz300625,0,0,0
sz300124,20760,16162,361
sz000009,19522,9582,0
sz000938,184,837,0
sh600206,10474,4352,2926
sz002407,3889,9965,0
sh600230,1511,3934,0
sz000737,0,0,0
sz300482,218,500,0
sz002645,464,2315,0
sz000623,496,600,0
sz002174,31403,84836,1510
sz300375,0,0,0
sz000700,2080,0,0
sz002138,42561,37648,3388
sz002373,18192,9524,701
sz002483,0,0,0
sz002207,0,0,0
sz002875,0,0,0
sh603806,0,0,0
sh603920,0,0,0
sz002334,8994,0,0
sz300323,4417,10204,0
sz300677,3085,3266,1398
sz000517,142424,90522,0
sh600961,0,0,0
sz002406,0,0,0
sz002429,44429,18796,0
sh600674,3647,3030,0
sz002019,29650,8645,1503
sh600926,3271,11104,0
sh600526,0,1432,0
sz002343,15993,7919,501
sh603656,0,0,0
sz300171,0,0,0
sz002183,12574,10322,0
sz000573,0,0,0
sh600754,2389,985,0
sh600420,975,0,0
sh600888,0,6000,0
sz000910,1061,2012,0
sh600083,0,0,0
sz002088,0,0,0
sz300088,71895,61190,0
sz002635,43193,49198,6074
sh600278,0,0,0
sz300401,2632,2749,0
sh603686,0,0,0
sz000802,0,0,0
sh603165,0,468,0
sz002836,822,1869,955
sz000016,0,0,0
sz002727,0,922,0
sh600167,0,0,0
sh601999,0,0,0
sh600137,0,0,0
sz002362,631,1000,0
sh603559,2116,9375,827
sz300618,7684,4425,866
sz002071,0,7348,0
sz300135,0,0,0
sz300005,19233,6776,0
sz300107,59268,72398,0
sz002099,0,1959,0
sz000750,2883,9227,0
sz300452,0,0,0
sh600699,994,3473,0
sz300149,0,1833,0
sz300551,693,0,0
sz300207,20287,5301,0
sz300126,0,0,0
sz000401,67570,71937,4570
sh600594,3709,0,0
sz000595,0,0,0
sz000987,0,0,0
sz000088,0,0,0
sz002344,0,0,0
sh603076,0,0,0
sz000779,0,0,0
sz300335,670,0,0
sz002175,4246,0,0
sz002291,0,0,0
sh600004,2213,5843,0
sz300287,29008,20318,0
sz000707,0,0,0
sh600782,70058,78396,2487
sh600313,11304,30769,0
sh600300,0,2460,0
sz000153,0,0,0
sz300737,1866,3740,0
sz300359,3993,0,0
sz300050,6541,3088,0
sz300641,0,0,0
sh601919,9114,24928,0
sz002120,1121,0,0
sh601718,2161,5567,0
sz002669,0,0,0
sh600836,0,0,0
sz000985,0,0,0
sz000967,0,0,0
sh600742,0,0,0
sz300296,8740,7714,0
sh600482,12490,9360,425
sz300561,0,446,0
sz002077,0,1000,0
sz300464,0,0,0
sh601811,0,0,0
sz300555,0,0,0
sh600169,0,13000,0
sh600739,5483,0,0
sz300234,0,0,0
sz002021,24278,0,0
sz002243,0,0,0
sz300508,0,0,0
sz000560,1585,0,0
sz300438,0,2270,0
sz000955,0,0,0
sz002600,50062,46630,0
sh600879,11107,50424,0
sz002480,6529,0,0
sh603036,0,0,0
sz000541,0,0,0
sz300495,1000,0,0
sz002768,0,0,0
sz002445,7227,5498,0
sh603199,0,0,0
sz000656,13531,0,0
sz300731,0,0,0
sz002526,0,0,0
sh600622,0,0,0
sh600872,2013,1898,0
sz002729,6539,6495,323
sz002290,0,0,0
sh600775,0,0,0
sh603929,448,0,0
sz300259,0,0,0
sz000671,71193,40107,0
sz300474,1567,0,0
sz000716,0,0,0
sh600073,0,0,0
sz300140,0,979,0
sz002922,602,982,1516
sh600598,8974,8943,0
sz002750,0,0,0
sz002190,3025,3451,0
sh601798,1330,0,0
sz000626,3391,0,0
sh600838,0,1201,0
sh600376,0,2513,0
sh601108,23952,23330,2126
sz000739,0,0,0
sz002897,0,0,0
sz000529,0,0,0
sz000010,17419,0,0
sz002214,0,0,0
sz000678,0,0,0
sh600610,12973,10037,0
sz002900,0,0,0
sh601011,36277,14284,0
sh601918,4000,7426,0
sz002767,1994,0,0
sz300518,0,0,0
sz002455,0,0,0
sh600470,0,1935,0
sh600819,0,0,0
sz300125,0,0,0
sz002145,0,2403,0
sz002241,95754,77412,1010
sh600138,5074,501,0
sh601377,36892,11766,0
sh600763,0,292,0
sz002506,19562,7176,0
sz000037,0,0,0
sz002596,1085,35059,0
sz300157,3000,1588,0
sz002805,0,0,0
sz300273,0,4915,0
sh601600,170087,0,0
sz000858,71598,84166,11650
sh600115,62270,73640,0
sz002761,0,0,0
sz002843,0,0,0
sh600029,149081,139259,11611
sz300381,0,0,0
sh603959,0,0,0
sz000669,0,0,0
sz000767,0,0,0
sh601900,0,1000,0
sz300645,0,0,0
sz002543,0,700,0
sz002164,0,0,0
sz300559,455,0,0
sh603799,113735,70721,19815
sz002631,0,0,0
sh603630,0,0,0
sh603680,23761,27936,10696
sz000651,160231,170029,25345
sh600882,0,0,0
sh600075,0,0,0
sz300688,0,0,0
sh601001,3252,1723,0
sz300736,0,586,0
sh603198,0,0,0
sz000800,7789,1411,0
sz300622,0,0,0
sz000659,0,0,0
sh601588,0,2318,0
sh600352,76887,72416,2784
sz300028,0,3644,0
sz002372,0,0,0
sh601016,0,0,0
sz002002,0,9761,0
sz002899,0,0,0
sz300063,0,0,0
sz000012,4258,1800,0
sz002300,0,0,0
sz002484,2000,0,0
sz002102,2318,24599,0
sz002463,0,6898,0
sz002915,0,1121,0
sh603056,10501,22690,600
sh600567,380673,353184,2308
sh603158,0,0,0
sz002415,55440,43305,4809
sh603288,845,736,0
sz300012,0,0,0
sz300043,0,0,0
sh603385,0,0,0
sz300142,2310,1149,0
sh601198,0,1959,0
sh600776,0,0,0
sz300461,292,0,0
sz000680,0,0,0
sh603320,0,0,0
sh600834,0,0,0
sh600726,0,0,0
sh601326,2072,2310,0
sh600523,0,0,0
sz000426,17119,20676,0
sz002482,0,0,0
sz002589,6772,3731,0
sz002671,0,0,0
sz300047,1748,0,0
sz002060,0,0,0
sh600262,0,0,0
sz002457,6263,3211,0
sz300120,0,0,0
sh603335,0,0,0
sz300570,0,0,0
sz002562,0,0,0
sh603166,0,0,0
sh601009,80074,67287,0
sh603728,0,0,0
sh600036,99532,135019,8233
sz000628,0,0,0
sh603168,0,1138,0
sz000151,0,0,0
sh600667,76600,50523,0
sz002572,2894,3542,0
sz300426,6821,1894,520
sz300730,521,359,704
sz002541,0,0,0
sz300170,56685,57006,2180
sz002013,9863,1171,0
sh603699,0,0,0
sz300652,0,0,0
sz002359,33343,43391,3722
sh601158,0,0,0
sz300347,604,1318,0
sh600618,1017,1056,0
sz300655,0,0,0
sz000422,0,0,0
sh600722,0,0,0
sh600520,1310,1557,554
sz002578,0,2584,0
sz002387,0,3115,0
sh603600,0,0,0
sz002248,0,1084,0
sh601199,2000,0,0
sh600118,9725,8348,0
sh603078,0,0,0
sh601668,199539,251370,0
sh600589,0,0,0
sh601688,80402,111338,7085
sh603798,0,0,0
sh603116,0,0,0
sz002561,0,0,0
sz300407,9844,32937,0
sz002251,16836,27774,0
sz300241,0,0,0
sh600327,0,0,0
sz002759,0,0,0
sz002080,3610,11603,0
sh603458,0,175,0
sh603058,6287,6041,814
sz300242,0,0,0
sz300045,0,0,0
sz002668,18990,5318,5082
sz002399,603,833,0
sz000918,0,0,0
sz300631,0,0,0
sz300227,569,700,0
sh603363,595,2529,687
sh603979,0,0,0
sz002295,0,0,0
sz000028,833,500,0
sh600758,0,0,0
sz002078,10566,22984,0
sz000409,0,0,0
sz300693,0,373,0
sz300417,0,0,0
sz000859,0,0,0
sh600551,1000,0,0
sz002220,0,0,0
sh603633,0,0,0
sh603906,0,0,0
sz300291,4302,2104,0
sz000837,0,0,0
sz000953,2284,9025,0
sz300675,0,1052,0
sh600425,0,0,0
sz002091,0,0,0
sz002766,1614,0,0
sh603689,0,0,0
sz300039,2031,0,0
sz002735,0,0,0
sz300489,0,0,0
sh600827,2000,0,0
sz002797,114764,72105,13771
sh600611,0,2287,0
sz002414,1620,0,0
sh603000,5133,1962,0
sz300172,0,0,0
sz000692,0,0,0
sz002051,0,0,0
sh600826,0,0,0
sz300739,2012,4409,1019
sz002022,837,0,0
sh600422,2079,0,0
sz300340,1001,949,0
sz000548,0,0,0
sz300194,0,0,0
sh600123,1201,0,0
sh600328,0,1069,0
sz000521,0,2726,0
sh601601,14995,17574,2966
sh600537,0,2307,0
sz000752,0,0,0
sz002776,0,0,0
sz002452,0,0,0
sz002827,0,0,0
sz002518,0,0,0
sz300144,6715,2388,0
sz300466,0,0,0
sz002788,0,0,0
sz300222,0,604,0
sz002324,0,0,0
sz002554,0,3029,0
sh600392,126897,55844,7057
sh601058,0,3222,0
sh603110,0,0,0
sz300199,701,874,0
sz300617,964,0,0
sh600203,0,0,0
sz002475,33468,61535,1365
sh600212,6603,0,0
sz000925,0,0,0
sz300233,0,0,0
sz002809,1199,0,393
sz002325,0,0,0
sh600865,0,0,0
sh603008,0,0,0
sz002703,0,0,0
sh600229,0,1251,0
sh603639,0,0,0
sh600978,0,0,0
sh600491,4000,1000,0
sz002156,92159,69529,9734
sz300313,0,0,0
sh600091,0,0,0
sz300479,0,0,0
sz300377,18860,8917,0
sh603869,0,0,0
sz300530,0,0,0
sz002255,0,0,0
sz300288,0,0,0
sz000883,3198,0,0
sh600714,0,0,0
sz002323,3896,1695,0
sh600837,25505,54350,822
sz300326,5822,1759,0
sh600251,0,0,0
sh601019,1176,945,0
sz002876,257,600,0
sz300333,0,1416,0
sz300336,1000,0,0
sh600320,0,2210,0
sz300552,0,0,0
sz002536,0,0,0
sh600155,0,2180,0
sh603555,968,0,0
sz300615,0,0,0
sh600661,513,0,0
sh600717,2941,1350,0
sz300056,4647,43694,0
sz002319,0,670,0
sz002658,0,0,0
sh603661,0,0,0
sz002558,0,424,0
sz000836,61758,21339,0
sz300295,0,0,0
sz000635,0,0,0
sz000632,0,0,0
sh600202,0,2650,0
sh603060,0,0,0
sh603916,999,0,0
sh600684,7877,0,0
sh600213,0,0,0
sz000713,0,0,0
sh600629,1000,0,0
sz002114,0,1700,0
sz002216,0,0,0
sz002352,1067,3313,0
sz002256,0,0,0
sh600396,0,0,0
sh600695,28926,3438,0
sz000850,0,0,0
sz300163,0,0,0
sz002409,1088,1653,0
sh603787,0,0,0
sz000889,0,0,0
sz000528,13532,38264,0
sh603985,0,0,0
sh600892,11382,3002,0
sh600305,2400,0,0
sh600106,0,0,0
sh600967,23331,9304,0
sh600785,0,0,0
sz000823,6578,6152,0
sz002304,23729,35081,2100
sz002199,0,0,0
sz300666,2302,3129,0
sz300161,3310,1004,0
sz002404,0,0,0
sh603658,206,0,0
sz300435,0,0,0
sh600186,0,0,0
sz002119,0,0,0
sz300155,0,0,0
sh600218,0,0,0
sh600370,0,0,0
sh603990,0,0,0
sz000525,950,3715,0
sz002303,0,0,0
sz002537,0,1271,0
sh600860,0,0,0
sh603826,0,803,0
sz300368,0,3101,0
sh600660,2772,6834,0
sz300628,116,338,0
sh603366,0,0,0
sz002674,0,0,0
sz000926,3926,6769,0
sz300276,4484,5019,0
sz000048,641,2423,0
sz000565,0,0,0
sz002707,1399,805,0
sz000788,0,0,0
sz300046,0,0,0
sz002816,0,0,0
sz002182,0,0,0
sz300665,0,0,0
sz002456,55444,51479,5610
sz002221,4008,1840,0
sz002602,3774,943,0
sz002465,37398,17551,0
sz002386,0,0,0
sz300726,440,638,0
sz300387,0,0,0
sz300522,0,0,0
sz002001,27682,46738,4171
sz300041,0,1535,0
sh603665,0,0,0
sh603533,0,1240,0
sz002785,0,0,0
sh600713,2933,5066,0
sz002698,0,0,0
sh600050,232289,264682,1586
sz002313,1625,857,0
sh603228,650,0,0
sh600343,10965,13674,1185
sh600387,0,0,0
sh600508,1177,0,0
sz000425,52081,102535,0
sz002488,5173,835,0
sz002516,0,1912,0
sh603936,0,0,0
sh600577,0,0,0
sz002096,0,0,0
sz002559,0,0,0
sh600208,0,35832,0
sh600488,0,0,0
sh601727,0,3042,0
sh600153,9916,8354,0
sh601099,71141,39849,0
sz002680,0,0,0
sh600236,0,0,0
sz300428,0,0,0
sz300601,5992,0,0
sh601169,120092,42158,0
sz002237,1668,3972,0
sz300511,0,0,0
sh600267,2199,1315,0
sh601015,1174,0,0
sh600740,67160,64677,6501
sz000920,0,0,0
sh601599,2000,0,0
sz300607,0,0,0
sh603679,0,0,0
sh600933,0,2029,0
sh600408,0,0,0
sh603800,1119,3287,0
sz002632,0,0,0
sh600655,0,0,0
sz000510,0,0,0
sh600461,9709,0,0
sh603918,0,0,0
sh603866,0,318,0
sz300475,0,0,900
sz300707,650,1267,0
sz300250,0,0,0
sz002016,52299,22711,2360
sh600500,2848,7031,0
sh600757,0,0,0
sh603969,35379,54653,0
sh600694,0,350,0
sz300111,0,0,0
sh603999,0,0,0
sh600579,21789,152469,864
sz000166,7578,15543,0
sz300180,5680,2078,0
sz000591,0,0,0
sz300188,28025,11439,0
sz002104,2906,1366,0
sz002713,0,0,0
sh600496,3533,0,0
sh600103,3284,3114,0
sh601939,209526,241100,5270
sz002678,0,0,0
sh600109,10564,18842,0
sh603086,0,0,0
sh603607,0,0,0
sz000021,13056,15070,0
sz300008,15115,8549,0
sh600853,0,0,0
sz300584,0,0,0
sh601877,501,4462,0
sz300648,0,300,0
sz300400,0,1200,0
sz300320,0,3054,0
sz300637,0,0,0
sz002247,4198,2101,0
sz300643,0,0,0
sh600781,0,0,0
sz002268,953,2688,0
sz300055,0,2203,0
sz002781,0,0,0
sh603283,1280,600,0
sz002335,0,0,0
sz002123,0,1000,0
sz002403,0,1247,0
sz000882,233542,114796,4725
sz000933,32301,59680,0
sz000807,191834,191977,2956
sz002195,75766,25952,0
sz000421,0,0,0
sz002646,0,0,0
sh600939,0,0,0
sz300591,0,0,0
sh600863,0,0,0
sh603358,0,0,0
sz300137,7645,5401,0
sz000530,0,0,0
sz002105,2074,0,0
sz000078,0,5205,0
sz002086,11794,0,0
sh603968,0,0,0
sz002041,0,0,0
sz300289,0,0,0
sz002035,6989,6547,919
sz300612,351,0,803
sz002294,6220,797,0
sz000736,0,0,0
sz002390,0,0,0
sz300118,0,0,0
sh603880,0,0,0
sz002774,0,0,0
sz002614,1753,1122,0
sz002341,8629,4783,483
sh600795,49672,10769,0
sh600131,0,0,0
sh601101,2534,3069,0
sz002504,0,0,0
sz300131,0,0,0
sh600171,5955,15284,781
sz000982,16280,15851,0
sh601117,7406,15869,0
sz000612,0,0,0
sh603203,308,0,0
sh600321,0,0,0
sz002792,0,0,0
sz300204,0,1000,0
sz000715,0,0,0
sh603226,0,0,0
sh600026,0,0,0
sz002859,0,0,0
sz002139,13933,3011,0
sz300503,0,8321,0
sz000537,14847,2865,0
sh600745,1242,1970,0
sh603178,0,0,0
sh600984,8733,6145,0
sz300483,0,0,0
sz300711,0,0,0
sz000728,17479,22251,1146
sz000803,0,0,0
sz300305,0,0,0
sz300697,611,0,0
sz002581,0,0,0
sz300304,0,0,0
sh600081,0,0,0
sh600652,8038,10470,0
sz000911,0,0,0
sz002801,0,0,0
sz000936,1817,0,0
sz300430,0,0,0
sh600410,10082,2520,0
sz300635,0,0,0
sz002909,0,997,0
sh600348,21360,19720,0
sh600475,0,0,0
sz000723,0,1922,0
sh603955,0,0,0
sz300314,0,0,0
sz002056,52116,16209,3078
sz002528,0,5498,4065
sh603359,0,0,0
sh603179,0,0,0
sz300031,1000,0,0
sz000661,3388,5905,189
sh600642,0,2000,0
sh601222,0,1758,0
sz002532,0,0,1602
sh603268,0,0,0
sz002094,688,2956,514
sh600173,0,0,0
sh600039,0,6326,0
sz000420,0,0,0
sh600891,0,0,0
sh600843,0,0,0
sz000598,2016,2851,0
sz300237,24728,24329,0
sz300069,1801,0,0
sz300630,0,600,0
sz002310,40262,18708,0
sh600132,0,493,0
sh600209,3244,5770,0
sz300380,561,598,0
sz002835,0,0,0
sz002008,64682,37197,4179
sz300189,0,4000,0
sz002886,379,0,0
sh603602,0,0,0
sh600225,0,3000,0
sz300608,0,0,0
sz300621,0,0,0
sz300357,0,486,0
sz002462,0,0,0
sh600265,0,0,0
sz000020,0,0,0
sh601360,149426,110360,15653
sh600873,57949,14199,0
sz300190,0,0,0
sz300329,0,0,0
sz000610,0,0,0
sz002882,0,0,0
sz300542,3719,11511,1106
sh600372,18648,24396,0
sh600503,8869,6960,0
sz300488,0,0,0
sz002869,0,0,0
sh600676,0,0,0
sh603933,0,420,0
sz300493,0,0,0
sh600178,0,0,0
sz002116,0,0,0
sh600156,0,0,0
sh603126,0,3037,0
sz002083,0,0,0
sh600977,10710,16033,630
sz300685,134,232,0
sh600704,2171,0,0
sh600271,7352,11087,0
sz300515,0,0,0
sz002379,0,0,0
sz300397,769,3185,0
sz000962,0,0,0
sz002233,1810,3573,0
sh600288,4987,38298,0
sz300083,15889,20011,0
sz000099,0,0,0
sh603038,0,0,0
sh600721,0,0,0
sz002731,0,0,0
sz300606,0,0,0
sz002684,1352,2908,1750
sz002472,0,0,0
sz002566,0,0,0
sh600063,0,0,0
sh600605,4770,5860,0
sz300072,17272,19041,1003
sz300678,262,1086,0
sz300492,23516,681,0
sz000063,181300,178575,13576
sz002779,0,0,0
sz002044,3525,4746,0
sz000049,0,0,0
sz002250,1210,0,0
sh600643,3490,7969,0
sz002135,0,0,0
sh600082,0,0,0
sh603885,0,1153,0
sh600649,0,0,0
sz300556,0,0,0
sz000717,39714,27621,0
sz300507,0,0,0
sz000608,7252,2386,0
sh600779,2826,5769,241
sh600687,0,0,0
sh600283,0,0,0
sh600339,0,0,0
sh600104,22149,25676,502
sz002202,62064,42710,715
sh603269,298,0,0
sz300386,660,675,0
sh600532,2681,1140,0
sh600600,963,2839,0
sh603389,0,0,0
sz002186,0,0,0
sh600641,0,2881,0
sh603993,1468419,1046489,44355
sh600332,1616,3019,0
sz000721,0,0,0
sz300093,4120,12088,0
sh601100,0,510,0
sz002273,5552,10285,0
sh601555,7118,19610,1818
sz300355,52046,35516,2375
sh600259,4503,1526,324
sz002235,39765,40265,10635
sz002197,0,0,0
sz002905,1583,2243,0
sh603368,0,0,0
sz002171,4324,0,0
sh600481,0,0,0
sz300129,0,0,0
sz300070,68701,44255,7358
sz300265,0,0,0
sz002902,0,0,0
sz002062,0,0,0
sz002188,3020,11982,0
sz002755,534,0,0
sz300719,0,470,0
sh600597,828,960,0
sh600019,249779,239993,5873
sz300393,1546,0,0
sh603987,0,0,0
sz002557,0,0,0
sz000705,0,0,0
sz300517,0,0,0
sz002636,800,844,0
sz300470,0,465,0
sz300052,15913,50693,0
sz002733,0,0,0
sz002711,4411,9450,0
sz000877,2998,5223,0
sh601007,0,0,0
sz002762,800,0,0
sz002050,41151,9953,1437
sz002302,0,3799,0
sz002261,0,0,0
sz002158,2014,7375,0
sh600624,0,4396,0
sz300382,0,0,1740
sz000650,0,0,0
sh600780,0,0,0
sz002745,582,2130,0
sz002498,0,5739,0
sz002637,0,0,0
sz000600,1557,2600,0
sh600787,0,3092,0
sh603717,710,535,0
sh600318,0,0,0
sh603167,0,1300,0
sz002926,93769,93887,8551
sz002807,0,3586,0
sh600654,0,0,0
sh600731,2369,0,0
sh600242,0,0,0
sz002336,0,0,0
sz002346,0,0,0
sh600476,0,0,0
sh600126,0,5711,0
sz002128,13756,10603,0
sz002353,1741,2852,0
sz300158,771,1047,0
sz000100,473301,373664,0
sz000893,5626,4736,0
sh600030,527121,483346,19291
sh600800,0,0,0
sz002624,7514,3830,0
sh603177,0,0,0
sz000782,0,0,0
sh600531,0,6752,0
sh603966,0,0,0
sh603518,0,0,0
sh603005,908,0,0
sz300664,0,2620,0
sz000665,0,0,0
sh600919,14881,22696,0
sh601717,0,6096,0
sh600125,4771,8695,0
sz002514,0,0,0
sh603683,0,0,0
sz300626,0,0,0
sh603020,0,0,0
sh601958,1460,0,0
sz002758,0,0,0
sh603138,0,0,0
sz000688,9587,13267,0
sz000725,1589621,1339162,0
sz002274,0,0,0
sz002891,0,0,0
sz002153,6443,6440,0
sz002815,0,0,0
sz001896,0,0,0
sh600303,0,6063,0
sz000619,1500,0,0
sh600207,3109,4821,0
sh603011,0,1506,0
sz000338,62296,50811,0
sz000158,0,1597,0
sz300396,0,0,0
sz300404,0,0,0
sz002272,0,0,0
sh600354,0,10933,0
sh600576,1761,0,0
sz002643,0,0,0
sh601116,0,833,0
sh600018,96662,77792,0
sz300647,0,0,0
sz002840,4159,319,1356
sz000159,0,0,0
sh603618,0,0,0
sz000727,104297,10100,0
sh601288,1398067,1044832,0
sh601608,9523,3000,0
sz300009,2895,1239,0
sh600188,31432,34691,1484
sh603239,0,0,0
sz000631,0,0,0
sz002513,0,0,0
sz300220,0,0,0
sh600120,0,0,0
sz300373,0,957,0
sh600010,245767,73048,0
sh600765,2015,944,0
sz300469,617,578,0
sz300003,12520,10763,520
sh603090,0,0,0
sz000848,0,0,0
sh600219,76707,135587,0
sz002593,0,0,0
sz002422,6333,2845,0
sh601689,0,1116,0
sz300463,0,0,0
sz000683,49528,12004,0
sh600885,4106,3925,0
sh601390,7853,3209,0
sh600615,0,0,0
sz000557,0,0,0
sz002765,0,0,0
sh603527,0,0,0
sh601212,22056,6158,0
sh601636,38750,80455,2430
sz300311,0,833,0
sz002612,0,0,0
sh600608,0,0,0
sh603028,0,0,0
sh603937,796,0,0
sz300006,0,0,0
sz002546,0,0,0
sz000419,0,0,0
sh603678,4912,405,0
sz002783,0,1356,0
sh600386,0,0,0
sz002474,0,3057,0
sz002490,0,0,0
sz000776,47133,53952,1015
sz002719,0,0,0
sz300002,6964,4989,0
sh603585,0,0,0
sz300732,0,139,0
sz000563,24686,0,0
sz300062,0,0,0
sz000718,0,0,0
sh600858,0,0,0
sh600111,161108,127437,1395
sz300716,0,0,0
sh600249,0,0,0
sz300437,1166,1885,0
sz300195,0,0,0
sz300272,0,0,0
sh600822,0,0,0
sh600268,0,0,0
sh603196,0,0,0
sz300091,0,0,0
sz000662,0,9180,0
sz300365,2104,0,0
sz002391,0,0,0
sh600697,0,0,0
sh600572,2923,6563,0
sz000504,827,2571,0
sz002239,0,0,0
sz002887,0,0,0
sz002181,0,0,0
sh600426,9958,18610,0
sh603200,0,0,0
sz002281,11021,10612,1808
sz000895,5558,3038,0
sz000058,0,0,0
sz002329,2894,0,0
sz300520,551,561,701
sh600732,0,0,0
sh600861,0,0,0
sz002396,14075,4763,523
sh603186,0,0,0
sh601021,0,0,0
sz300248,1020,0,0
sz000887,3895,1100,0
sz300388,0,0,0
sh603161,0,943,0
sz300658,0,0,0
sz002849,0,0,0
sh600079,7626,2647,0
sz000966,0,0,0
sh603500,0,0,0
sz002473,0,0,0
sz300563,0,0,0
sh603027,1277,0,0
sz002725,0,0,0
sh600177,2417,3636,0
sh603260,1228,2098,290
sz002230,70355,52947,6929
sh600658,0,0,0
sh601107,0,0,0
sz002742,16495,1508,0
sh600389,0,0,0
sz300709,187,0,0
sz300334,1000,0,0
sz300708,2350,2316,0
sz002436,0,0,0
sz002049,44778,44344,4284
sz300408,39756,13870,579
sz000018,1865,20435,0
sh601002,7339,1891,0
sz002034,0,0,0
sz002339,0,0,0
sz300147,0,0,0
sz002837,726,520,0
sz000810,0,0,0
sh601375,6986,12485,0
sz002461,0,0,0
sh600266,860,0,0
sz300261,0,0,0
sz002418,1118,0,0
sz002130,0,0,0
sz000333,66687,68210,4844
sz300281,0,0,0
sz000977,70850,45993,1800
sz002771,0,0,0
sz000761,2268,14363,0
sh600671,0,0,0
sh600959,4000,0,0
sz000892,0,0,0
sz002743,0,0,0
sz002478,0,0,0
sh603878,0,0,0
sz000065,0,0,0
sh600448,0,0,0
sz300164,0,0,0
sz002582,2543,0,0
sz002218,0,3608,0
sh600085,2000,1101,0
sz300683,0,0,0
sz300434,0,0,0
sz002187,0,0,0
sz300098,8663,3438,1273
sz300053,6641,5303,1016
sh603858,0,1202,0
sz300328,0,0,0
sz002697,0,3096,0
sh603356,5946,7937,436
sz002500,112589,73993,4289
sh600280,0,0,0
sh601028,0,0,0
sz000960,54425,37208,1750
sz300251,90818,82801,3424
sh603227,0,0,0
sz002497,309216,274548,4939
sz002695,0,0,0
sh603365,0,0,0
sh601339,0,0,0
sz000917,4012,8532,0
sz300211,0,0,0
sh600601,0,0,0
sz300595,0,474,0
sz002428,11407,983,0
sz002494,0,0,0
sh600325,36297,19485,1336
sh600062,0,452,0
sz300402,0,0,0
sz002232,0,0,0
sz002522,1924,9949,5011
sh603328,0,880,0
sz002598,0,0,0
sz000733,809,0,0
sh600090,3681,6947,0
sz000697,641,0,0
sz000901,2980,3312,0
sz002208,0,0,0
sh601968,0,0,0
sz000400,0,2748,0
sz000068,0,0,0
sh600766,0,0,0
sz002117,1000,0,0
sh600647,0,0,0
sh601388,15497,3272,0
sh601866,3300,7573,0
sz000809,0,3000,0
sh603608,0,0,0
sh603009,2761,11796,0
sh603808,0,553,0
sh603258,0,0,0
sh600693,0,3332,0
sh603688,0,0,0
sz000990,0,0,0
sz300362,1000,1103,0
sz002594,5728,4247,770
sz002246,0,0,0
sh600805,0,0,0
sz002011,8651,5981,0
sh600973,0,0,0
sh603101,0,0,0
sz000553,0,778,0
sh600428,0,0,0
sh603319,0,0,0
sz002229,21459,11069,0
sz000937,3516,3935,0
sh601579,0,0,0
sh600498,11681,8831,0
sz002615,0,0,0
sh600596,68775,62830,3267
sh600635,0,18770,0
sz000004,0,0,0
sh600585,44655,77622,4998
sh603711,0,0,0
sz002925,30181,26796,7599
sz002375,0,0,0
sz300729,0,0,0
sz002209,0,0,0
sh603901,0,0,0
sh600469,0,0,0
sz002502,0,0,0
sz300148,0,3195,0
sz002053,0,0,0
sz300587,0,0,0
sz300671,0,0,0
sh601038,0,0,0
sz002027,102975,94119,1473
sz002155,0,9618,0
sh600657,9079,0,0
sz002124,2527,1656,0
sh600683,0,0,0
sz000157,5903,11085,0
sh603117,0,0,0
sh600053,0,500,0
sh600812,0,0,0
sz002542,0,3289,0
sh600110,12627,9533,0
sh601179,3822,0,0
sz002364,0,0,0
sz002446,0,0,0
sh600857,0,0,0
sz000428,0,0,0
sh601567,0,1659,0
sz002224,2233,0,0
sz002606,38306,46499,1401
sh603725,0,0,0
sz300415,1042,0,0
sh601801,0,1207,0
sh600371,0,0,0
sz300145,1069,0,0
sz000507,2435,5849,0
sz002376,21005,19325,0
sh603776,0,222,0
sh600199,0,0,0
sh600998,0,600,0
sz300420,0,0,0
sh600487,49499,49605,1075
sz002901,0,877,0
sz300141,0,0,0
sz300369,5517,9074,0
sz002677,0,0,0
sh601228,1803,6052,0
sz300297,0,0,0
sz002553,0,0,0
sh600456,0,0,0
sz000576,5388,1372,0
sz002217,8496,8581,0
sz002226,0,0,0
sz002571,0,1480,0
sz300654,1589,0,0
sz000738,93806,67508,12284
sh603895,13589,5187,238
sz300535,0,0,0
sh603839,0,0,0
sh601808,2003,1284,0
sh600590,0,0,0
sh600108,0,8403,0
sh601111,41033,73822,3105
sh600133,0,2308,0
sz300611,0,0,0
sz002179,5808,4516,0
sh600382,0,0,0
sz002817,0,503,0
sz300567,100,0,0
sz300740,7708,14335,1480
sz000760,0,0,0
sh603580,0,0,0
sz002911,2643,3147,0
sh600533,0,0,0
sz300230,806,1082,0
sz300298,2346,605,0
sz000888,0,0,0
sz000607,0,0,0
sz002410,75421,17066,601
sz000417,0,0,0
sh600478,0,6622,0
sz000090,0,0,0
sz000596,873,1418,0
sz002723,0,0,0
sh603757,0,0,0
sh600055,0,1156,0
sh600436,2369,3823,175
sz002036,24932,11406,1635
sz002830,0,0,0
sh603938,0,0,0
sz300440,0,0,0
sh600016,141457,140771,0
sz002868,0,0,0
sh600256,7864,15699,0
sh600665,0,0,0
sh600606,508503,346386,3315
sh603037,0,0,0
sh600897,0,0,0
sh600992,0,0,0
sh600851,0,0,0
sz000590,0,0,0
sz002470,62940,23809,3907
sz300351,0,0,0
sz300019,0,0,0
sh603188,0,1100,0
sh601368,0,0,0
sz002258,4071,1598,981
sz300097,1587,1782,0
sz300264,1937,0,0
sz300497,410,0,0
sh603889,8902,3009,0
sh601998,20929,67669,0
sz300011,1764,0,0
sz002342,4129,6973,0
sh603208,0,0,0
sz300080,0,0,0
sz000851,1934,1510,0
sz002749,0,0,0
sh603868,0,511,0
sh600774,0,0,0
sh600129,0,0,0
sz002282,0,1247,0
sz000531,0,0,0
sz002266,0,5660,0
sz300085,130544,69935,8466
sz002196,1083,6363,0
sh603010,0,500,0
sz000922,2000,0,0
sz002499,1750,0,0
sh600116,1576,0,0
sz000584,0,700,0
sh603818,0,0,0
sz000587,3514,2027,0
sz000589,0,0,0
sz000886,1895,19690,0
sz002184,0,0,0
sh600730,3786,0,0
sh600651,0,3999,0
sz002753,0,0,0
sz002847,432,0,0
sh603499,1489,2578,0
sh600172,112340,65996,3388
sh601989,382722,266286,0
sz002426,0,0,0
sz000979,35723,60864,0
sz300342,0,0,0
sh600522,89974,46261,0
sz002629,0,0,0
sh600307,32985,57875,0
sz300345,0,0,0
sh600569,87227,74172,0
sh603663,0,0,0
sh600743,3699,0,0
sz000558,3507,0,0
sz002459,0,0,0
sh600744,0,10000,0
sh600846,1235,4421,0
sz002046,0,0,0
sz300546,0,0,0
sz000524,0,0,0
sh603039,0,0,0
sz000089,0,0,0
sh600793,2118,491,664
sh603156,9919,16095,1507
sh600252,3000,8169,0
sz000050,3251,4311,0
sz002841,200,0,0
sh600791,0,1796,0
sz002756,1200,0,0
sz002043,980,0,0
sz300021,4186,5182,0
sz002292,870,1026,0
sz300054,0,5536,0
sz300569,0,0,0
sh601226,0,0,0
sh603299,0,0,0
sz002058,0,0,0
sz002560,0,0,0
sz000885,0,772,0
sz300378,1714,15790,0
sz300649,0,0,0
sh600820,1439,0,0
sh600637,0,2172,0
sh603159,0,0,0
sz300390,0,0,0
sz002166,0,994,0
sh600127,0,0,0
sz002601,3770,6984,908
sz000633,0,0,0
sz300307,0,0,0
sz300165,2000,0,0
sz000060,21134,12165,0
sh600248,0,0,0
sz300523,0,0,0
sz002623,0,0,0
sh600163,0,0,0
sh600477,0,1630,0
sz300550,0,0,0
sz300112,0,0,0
sz002293,2973,0,0
sz002551,0,0,0
sz002314,1971,0,0
sh603035,0,778,0
sz002267,0,0,0
sh600168,0,0,0
sz002485,0,0,0
sz002570,0,4595,0
sz002200,0,0,0
sz000860,539,801,0
sz000778,25278,8372,0
sh600056,4645,2905,0
sz300684,9091,6136,561
sz000581,1886,3066,0
sz002810,1430,2501,899
sz002852,0,0,0
sz002495,0,0,0
sh603197,0,0,0
sz300667,0,0,0
sh600058,0,0,0
sh601200,0,0,0
sz300306,966,2053,0
sz300642,0,0,0
sz002873,531,300,0
sz002806,0,0,0
sh600900,9117,5926,0
sz000546,0,0,0
sh603890,0,0,0
sh603797,0,0,0
sz000407,0,0,0
sz300202,0,0,0
sz002057,0,0,0
sz000792,85299,32558,825
sz000995,0,1757,0
sz300687,0,278,0
sz300458,500,0,0
sz000852,0,0,0
sh600976,0,0,0
sz300338,811,0,0
sz300154,0,0,0
sz300715,0,0,0
sz300175,0,0,0
sz002064,0,4844,0
sh600723,0,0,0
sh600599,0,0,0
sz300394,0,0,0
sz002045,15321,6440,2551
sh600011,6267,0,0
sh603077,10047,0,0
sh600518,6787,5064,0
sz300182,150499,51955,5135
sh603003,0,0,0
sh600146,6221,1584,0
sz300036,717,0,0
sz300533,0,0,0
sh600971,5555,3246,0
sz300600,0,0,0
sz002453,0,0,0
sh600620,0,0,0
sh603881,0,0,0
sh600080,0,0,0
sh601607,1836,1805,0
sz000768,20767,23294,0
sz002118,2936,1627,0
sz000729,4017,1800,0
sz002388,0,0,0
sz002508,188396,97924,26084
sh600936,0,0,0
sz002026,0,0,0
sz300592,0,0,0
sz002377,0,0,0
sz002320,7449,4794,0
sz002025,8096,4817,0
sz002115,0,27708,0
sz300644,9320,8183,1099
sz300001,0,850,0
sh600648,0,0,0
sz300539,0,0,0
sz000785,0,0,0
sz002311,0,0,0
sz000997,1005,2245,0
sz002846,0,0,0
sz000710,0,0,0
sz002505,0,4294,0
sz002327,25399,2186,1027
sz000568,8377,6661,0
sh603081,0,0,0
sz000429,0,0,0
sz000818,6894,2223,1030
sz002332,1532,0,0
sh600381,0,0,0
sh600516,140933,128506,9503
sh600311,0,0,0
sh600543,0,0,0
sz002734,0,0,0
sh603595,169,0,0
sh600621,8046,6755,0
sh600617,0,0,0
sz000045,0,0,0
sh600844,0,0,0
sz002276,0,0,0
sz002487,0,0,0
sh600363,0,3822,0
sh603232,0,0,0
sz300100,0,0,0
sh600196,15483,11032,0
sz300282,0,0,0
sh600887,116563,134570,10605
sz300513,0,0,0
sz300557,335,0,0
sz300414,0,0,0
sz002356,0,0,0
sh603817,968,5550,1037
sh600565,6119,8123,0
sz300571,0,0,249
sz002796,0,1000,0
sz300034,0,0,0
sz002444,844,1864,0
sh600093,88607,117683,3864
sz300303,0,0,0
sz000978,1521,0,0
sz002424,1120,0,0
sh600689,0,0,0
sz300391,0,0,0
sh603015,0,0,0
sh600391,20000,20661,2087
sz300216,62651,23428,25277
sh600724,0,0,0
sz002564,0,1420,0
sz300235,0,0,0
sz000919,2995,0,0
sh603721,0,600,0
sz002039,0,0,0
sh601008,2527,0,0
sh600854,0,0,0
sz300293,0,0,0
sh600135,0,0,0
sz002007,5591,3828,0
sh603535,0,0,0
sh600573,0,3000,0
sh600896,0,0,0
sh601858,0,0,0
sh601666,16711,39783,0
sh600999,3496,7557,0
sz002225,0,0,0
sh600777,10110,13016,0
sz300057,0,0,0
sh601128,1500,3443,0
sz002242,639,1359,0
sh600356,0,0,0
sh600276,7908,8723,349
sh600210,0,4798,0
sz002270,0,0,0
sz000989,19163,524,0
sz002552,0,0,0
sz300446,0,0,0
sz002511,709,0,0
sz300653,0,0,0
sh601177,0,0,0
sh600890,990,0,0
sz002296,0,0,0
sz002381,0,0,0
sz000545,0,0,0
sz002132,7100,4026,0
sh600995,0,0,0
sh600760,23151,17646,356
sz002863,0,4424,0
sz002775,707,561,0
sz300566,1022,3292,1098
sh600507,211458,118446,19468
sz002588,1539,0,0
sh601595,0,0,0
sz300609,546,527,0
sh600096,0,0,0
sh601828,4787,21356,0
sz002747,0,0,0
sh600538,0,0,0
sz300374,0,0,989
sz000695,0,0,0
sz000957,0,0,0
sh603801,1066,1027,0
sh600409,7206,17734,0
sz300590,1250,0,0
sz300581,0,0,0
sz300727,1626,733,0
sh600033,0,0,0
sz002054,9098,1745,0
sh603579,0,0,0
sz000755,0,2400,0
sz000777,0,0,0
sh601699,114154,120044,7879
sh600345,1281,0,0
sh600149,0,0,0
sz002154,0,0,0
sh600067,0,0,0
sz300605,0,0,0
sz002079,1500,6598,0
sz002245,7837,11683,0
sh603043,0,0,0
sz002709,5056,4434,905
sh600602,0,0,0
sh600089,10091,5094,0
sh600176,9503,15148,0
sh600143,0,0,0
sh600702,6271,13607,901
sh603557,892,708,0
sz002059,0,0,0
sh600769,5706,1972,0
sh600510,0,0,0
sh603106,0,616,0
sh603628,0,0,0
sh600988,1987,6473,0
sz002920,4223,4773,320
sz002315,0,0,0
sz000973,0,0,0
sz300321,0,0,0
sz000690,0,1326,0
sz000875,0,0,0
sz300690,0,0,0
sz300501,0,0,0
sh600383,138599,72853,0
sh603669,0,0,0
sz000559,1437,1500,0
sz300013,0,0,0
sh600761,3913,0,0
sh600234,0,0,0
sh601018,0,2016,0
sz002800,0,0,0
sz002910,0,637,0
sz300457,850,500,0
sh603330,0,0,0
sh600535,1343,647,0
sz002481,2483,23454,0
sz000720,0,0,0
sh600603,0,1254,0
sz002533,0,0,0
sz002159,0,0,0
sh603909,0,0,0
sh600557,947,0,0
sz000585,0,0,0
sh603980,1178,0,0
sh601166,225165,227684,10082
sh600517,0,2563,0
sz300692,763,0,0
sh601678,19119,26459,0
sh600862,0,0,0
sz300549,0,0,0
sz002469,0,0,0
sz300691,572,201,0
sz002003,914,0,0
sh600893,34087,33130,1135
sz000698,0,0,0
sz002152,16601,1652,0
sz300696,0,0,0
sh601799,594,0,0
sz002724,0,0,0
sh603698,0,0,0
sh603767,0,0,0
sh601218,0,0,0
sz000791,0,0,0
sh600240,2040,1767,0
sz300018,0,0,0
sh603266,0,0,0
sz300422,2487,740,0
sz002630,2001,1255,0
sz002736,6042,4734,0
sz002748,0,0,0
sz000673,5880,10080,0
sh603030,0,0,0
sh601005,4974,21726,5568
sz002626,3398,0,0
sz000898,30547,32900,0
sh600360,1500,3548,0
sh600419,0,731,0
sz002192,13228,2865,0
sz300558,632,0,0
sz000418,369,1941,0
sz000639,1833,0,0
sh600421,0,0,0
sz000829,0,0,0
sz002642,2146,4842,0
sz300017,143440,167512,10426
sz000906,0,0,0
sh603355,0,301,0
sh600289,0,0,0
sz002617,0,1000,0
sz000869,0,0,0
sz002879,460,547,0
sz300432,0,0,0
sz300277,1270,14133,4943
sz002586,0,0,0
sz300341,0,0,0
sz300487,27098,34154,7472
sh600548,1277,0,0
sh600741,9783,21223,0
sh601155,39642,29311,1095
sz300596,842,0,0
sh601616,0,0,0
sh601880,0,5000,0
sz300016,0,0,0
sh603516,10939,7768,4151
sh600312,0,0,0
sz300509,0,0,0
sz000008,20060,27870,0
sh600336,0,0,0
sh603997,0,0,0
sh600963,0,2500,0
sz002443,0,0,0
sz002540,0,0,0
sz000828,0,0,0
sz002679,0,0,0
sz300427,0,0,0
sz300376,1468,0,0
sh603303,0,0,0
sz000488,36204,47170,0
sz001979,149546,140356,5953
sz300247,9888,4961,0
sz002577,0,0,0
sh600184,0,0,0
sz300105,0,3808,0
sz300371,0,0,0
sh603829,0,0,0
sh600680,0,0,0
sh603131,0,0,0
sz300364,59997,38167,20783
sz002687,0,0,0
sz300536,0,0,0
sh600829,0,16518,0
sh603096,153,0,0
sz000505,0,2917,0
sz300467,531,0,0
sz002165,0,0,0
sz002269,0,0,0
sh600653,0,4497,0
sz002405,57563,53511,5278
sz000963,1290,660,0
sz300023,0,0,0
sz300206,0,0,0
sz002802,0,0,0
sz002798,300,0,0
sz002127,2785,3277,0
sh603367,0,0,0
sz002126,1431,4004,0
sh601163,0,1280,0
sh600562,0,0,0
sh603080,350,2645,396
sz002240,11812,1495,613
sh603233,0,0,0
sz000622,0,0,0
sz000711,1263,0,0
sz300537,0,0,0
sz000002,94490,111401,8949
sz002367,0,0,0
sz300363,0,0,0
sz002912,100,337,101
sh603029,0,0,0
sz002486,16620,2854,0
sz300210,0,0,0
sh601086,17663,32068,2387
sz002249,0,1642,0
sz002287,0,0,0
sh601333,5966,17679,0
sz300485,0,0,0
sz000702,0,0,0
sz000615,0,1364,0
sh600640,822,0,0
sh603859,0,0,0
sz300498,13927,8377,572
sz002620,0,0,0
sz000722,0,0,0
sh603113,0,0,0
sz300350,0,0,0
sz002350,0,0,0
sh603626,0,1511,0
sz002222,8211,12909,0
sz002201,0,0,0
sh600802,1507,0,0
sz002468,4502,0,0
sz002672,4625,2522,0
sh603855,0,0,0
sz000980,0,5442,0
sz002211,0,0,0
sz002691,0,0,0
sh600690,58406,54575,3946
sz300024,8418,6515,0
sh600679,0,0,0
sz002865,0,0,0
sz002369,0,3144,0
sh603638,0,0,0
sh600728,6087,6009,0
sz000799,510,608,0
sh603708,630,0,0
sz002142,24550,34609,501
sz002149,2131,1330,0
sz002280,4249,0,0
sh600871,0,7836,0
sz002146,82522,102918,1087
sh600736,2000,0,0
sh600575,0,0,0
sz002389,0,0,0
sz002693,0,0,0
sh600583,0,3996,0
sz002010,0,2389,0
sh600113,0,0,0
sz002383,11972,5322,594
sz000927,0,0,0
sh600390,0,2111,0
sh603326,0,0,0
sz300586,6783,11873,1000
sh600645,1538,5183,0
sh601127,0,600,0
sh600789,123332,236176,13918
sh601020,0,0,0
sz002832,0,0,0
sz002374,0,0,0
sh600639,0,0,0
sh600581,18178,32875,0
sh600876,567,0,0
sz002328,0,0,0
sz002752,0,0,0
sh603888,5325,2320,0
sh600107,1803,0,0
sz300127,10314,8723,0
sz000899,0,0,0
sz002728,0,0,0
sz000652,0,0,0
sz002032,240,735,0
sz300192,6228,0,0
sh603181,0,0,0
sh600677,2353,0,0
sz002254,2000,0,0
sz002918,0,489,0
sh603018,0,0,0
sz002382,675,0,0
sz300720,0,0,0
sh603566,0,0,0
sz002676,4563,20936,0
sz002087,0,5203,0
sz000042,0,0,0
sz300181,0,0,0
sz002786,0,0,0
sh600586,0,3262,0
sz300527,0,3548,0
sh600668,0,0,0
sz002492,0,0,0
sz002285,55469,28930,3169
sz002024,136758,125387,9060
sz002496,0,0,0
sz002125,0,0,0
sz002162,0,0,0
sh600675,2137,0,0
sz300122,1089,2273,0
sz002864,0,414,0
sh600277,0,0,0
sh603707,465,0,0
sh600809,7575,8452,563
sh601186,4479,8591,0
sz002921,755,2512,0
sh603828,0,0,0
sh601669,5208,0,0
sz300267,8197,20299,0
sh601872,0,3404,0
sz300344,1625,2865,0
sz300078,9078,1312,0
sz000638,0,0,0
sh600455,0,0,0
sz000059,13673,17822,0
sz300629,0,0,0
sz002223,2506,8706,0
sh600698,4185,2006,0
sz300318,0,0,0
sh603569,0,0,0
sh603507,0,339,0
sz300152,52585,31850,19758
sh600418,1413,0,0
sh603129,0,0,0
sh600279,0,0,0
sz300252,9898,7804,0
sz002421,0,5395,0
sz002871,0,0,0
sz002686,0,0,0
sz000430,0,0,0
sz300456,1507,373,0
sz002397,0,0,0
sz300448,0,0,0
sz002017,0,0,0
sz002278,13226,20133,0
sh603067,0,0,0
sz300219,3960,0,0
sh603676,0,815,745
sh603306,0,0,0
sh600071,0,0,0
sz002265,0,0,0
sz000890,0,0,0
sz300623,166,654,0
sh603758,0,0,0
sz002856,0,1296,0
sh600423,0,0,0
sz300442,0,0,0
sz002236,97096,101308,5812
sz300223,0,1631,0
sz300473,0,0,0
sh600066,6402,8903,0
sz000825,453478,311607,2512
sh603012,0,0,0
sh603305,0,0,0
sh600192,0,0,0
sh600692,0,0,0
sh603085,400,0,0
sh603766,0,0,0
sz300215,0,1409,0
sz000555,0,0,0
sz000952,0,0,0
sz300531,0,0,0
sz300516,0,0,0
sz300398,5248,2000,0
sz300686,0,0,0
sh600588,123393,80606,13946
sz002547,127926,24764,0
sz002616,0,0,0
sh600078,0,0,0
sz002108,12226,0,0
sh603789,0,0,0
sz300583,0,0,0
sh600346,7945,8569,0
sh600054,0,0,0
sh601991,0,0,0
sh601118,7211,23444,0
sh600592,0,3714,0
sz002277,0,16960,0
sz300249,0,0,0
sz000813,0,0,0
sh603871,915,3422,361
sz002853,0,0,0
sh603308,0,978,0
sh600550,0,0,0
sz002385,9547,4749,0
sz002061,2853,2365,0
sz000023,0,0,0
sz002818,0,372,383
sz300610,0,0,0
sh600400,0,0,0
sz002238,0,0,0
sz300073,15606,5743,1095
sh603505,7617,2043,1194
sh600816,11573,803,0
sh600183,13133,9302,667
sh600880,0,0,0
sh600867,1264,7557,0
sh603709,791,2618,652
sz002634,0,0,0
sz002073,9200,29875,0
sz002435,0,0,0
sh600561,0,0,0
sz000780,0,0,0
sh600048,419864,361163,13907
sh600200,0,2142,0
sz002824,0,0,0
sh600501,0,2447,0
sz000709,25295,71281,0
sz002354,33477,5948,4398
sz002491,24901,904,0
sz002110,21890,30797,956
sh600239,0,6277,0
sz300094,1500,0,0
sz000971,1881,0,0
sz300239,0,0,0
sh600130,2510,1538,0
sz002701,6322,0,0
sz002919,429,0,0
sz000923,0,0,0
sh600980,766,0,0
sz000582,0,0,0
sz002650,17739,45941,0
sz002717,2515,5524,1888
sz002610,15788,6878,0
sz000975,0,0,0
sz300366,0,0,0
sz002799,0,0,0
sz300229,0,0,0
sh600506,0,702,0
sz300279,0,0,0
sz002683,0,0,0
sz000066,1574,5349,0
sz300514,0,661,453
sz300627,0,0,0
sz300061,681,0,0
sz300245,0,0,0
sh600587,0,0,0
sh600975,0,0,0
sz000762,5000,2568,0
sz300545,0,0,0
sz002173,0,0,0
sz300670,0,0,0
sh603218,0,0,0
sz002133,0,0,0
sz000599,0,0,0
sz002737,2456,1856,0
sh603025,0,0,0
sz002821,4701,11509,0
sz000751,2134,3613,0
sz300681,0,0,0
sz002253,0,711,0
sz002018,28293,31180,3300
sh600509,0,0,0
sh603615,0,0,0
sz300703,0,388,0
sz002338,1082,0,0
sz002065,29491,20568,0
sz300577,200,0,0
sz002833,0,0,0
sh603136,0,0,0
sz300540,0,0,0
sh600604,1661,0,0
sz002715,0,0,0
sz000687,0,0,0
sh600874,5102,9906,0
sz000636,14902,24466,0
sh600216,9812,5468,0
sh600350,0,14975,0
sh603605,0,509,0
sh600012,0,0,0
sz002231,0,0,0
sh603882,396,0,0
sz300650,0,0,0
sz000786,8408,12972,0
sh603991,0,0,0
sz300114,0,0,1201
sz000402,3499,12357,0
sh600650,0,0,0
sh603311,0,0,0
sz000605,0,700,0
sz300058,70704,80099,16191
sz300510,0,0,0
sz300465,6227,0,0
sz002489,0,2894,0
sz000150,508,0,0
sz002150,0,0,0
sh601890,6182,0,0
sz002813,1657,2365,874
sz000411,0,0,0
sz000069,31751,54884,0
sz002587,0,0,0
sz002288,6292,10738,0
sz300119,0,0,0
sz300268,0,1287,0
sh600198,36760,26732,1249
sz002530,0,0,0
sh600549,51293,33809,1006
sh600231,0,0,0
sh603277,0,0,0
sh600072,11334,36897,863
sz002203,0,0,0
sh603976,0,0,0
sh600377,0,0,0
sz000070,0,0,0
sz300095,1743,0,0
sz002848,0,0,0
sz300723,0,0,0
sh603183,0,0,0
sh603088,4664,0,0
sz002654,11943,19468,1623
sh603378,0,0,0
sh603017,0,0,0
sz300472,0,0,0
sz000670,3991,10707,0
sz300346,600,0,0
sz002264,3193,1448,0
sh600459,0,0,0
sz002696,0,0,0
sz000790,0,0,0
sz002137,0,0,0
sh601988,334742,482463,0
sz300327,0,427,0
sh600136,876,1077,0
sh600105,0,0,0
sz000831,10029,1355,954
sz300619,0,0,0
sh600368,0,0,0
sz300521,0,0,0
sh601336,19582,20576,626
sh600985,0,0,0
sh600098,0,0,0
sh600530,3564,0,0
sz002172,0,0,0
sh600830,1553,1600,0
sh603079,0,0,0
sz300178,0,1223,0
sh600291,3130,3069,0
sz000881,0,0,0
sz300443,0,0,0
sz002641,0,0,0
sz300286,0,0,0
sh601677,952,1000,0
sh603380,0,0,0
sz002439,15127,13240,0
sz002565,2000,0,0
sh603727,0,0,0
sh603922,0,0,0
sz300505,0,0,0
sz002872,0,0,0
sz002666,50228,24623,0
sh603838,0,0,0
sh600864,0,0,0
sz300015,1639,1245,0
sz002279,5256,3108,0
sz002769,3382,0,0
sh603089,0,0,0
sh600285,0,0,0
sz000795,0,0,0
sh603323,2643,1502,0
sz000586,14957,5267,0
sh600463,0,0,0
sz000096,0,0,0
sz300115,7973,12842,0
sz002573,19609,5140,790
sh600379,0,0,0
sh603900,0,0,0
sz002653,0,0,0
sz000726,0,0,0
sh603377,622,0,0
sh600380,4037,3147,0
sh600061,890,0,0
sz300738,2592,3551,363
sz300123,0,0,0
sz300481,0,0,0
sh603611,597,0,0
sz002527,0,0,0
sh603601,0,0,0
sh600525,0,989,0
sz300519,0,0,0
sh600152,0,0,0
sz000819,0,0,0
sh603456,0,626,0
sh600636,0,1645,0
sh600540,2480,0,0
sh600738,0,0,0
sz300491,0,0,0
sz000502,1637,0,0
sz300232,30534,4982,0
sz000637,0,0,0
sz300636,0,0,0
sh601857,130017,178355,0
sz002271,11704,11577,369
sz002549,0,0,0
sz002425,0,0,0
sz000503,40461,23880,1675
sh600190,0,0,0
sh603388,0,0,0
sz300638,0,366,0
sh600718,3760,4714,0
sz000617,0,0,0
sh600367,0,0,0
sz000959,0,0,0
sh600616,1724,0,0
sh603939,547,545,0
sh600889,0,0,0
sh600329,0,0,0
sz000981,0,1342,0
sh600308,3521,0,0
sz002316,0,0,0
sh600979,0,0,0
sz002023,1264,0,0
sz000731,3303,1500,0
sz002340,634443,367630,5357
sh600101,0,0,0
sh600623,12248,15652,0
sh601233,10658,12026,0
sz002048,11214,8088,932
sz002667,0,0,0
sz002569,0,1171,0
sz300343,4063,8278,0
sz000935,1643,1415,0
sh603722,0,0,0
sh603558,0,0,0
sh601137,0,0,0
sz002029,2338,2537,0
sz000655,0,0,0
sh600756,10790,2525,0
sh600729,1300,519,0
sz300702,311,0,0
sh601126,0,0,0
sz002206,0,0,0
sh601258,11338,13170,0
sh603069,0,0,0
sh603960,0,0,0
sz002458,9890,7501,0
sh603128,0,0,0
sh600628,0,0,0
sz002665,0,9170,0
sh603002,0,0,0
sz002093,0,0,0
sh600295,1856,0,0
sh601515,0,0,0
sz002927,0,0,0
sh600638,6181,0,0
sh600008,20906,36959,0
sz300257,673,0,0
sz000519,3184,0,1600
sz000732,113295,106395,10704
sz300528,0,0,0
sh600505,1672,0,0
sh603977,2417,0,0
sz300316,6025,9063,0
sz300579,0,0,0
sh600301,0,0,0
sz002063,3202,17408,0
sz002020,9149,3023,0
sz000968,2250,1756,0
sz002579,0,0,0
sz300502,3155,2373,0
sz300193,0,1567,0
sz300389,0,0,0
sh600489,5037,15216,0
sh600571,3658,0,0
sz002185,39373,25153,0
sz002811,0,0,0
sz002916,7272,9974,1831
sz002420,0,0,0
sh600595,0,3600,0
sh603648,0,0,0
sz300153,0,0,0
sz300139,0,0,0
sz002885,0,0,0
sh601000,20104,23612,0
sz300576,0,0,0
sz300025,0,2011,0
sz300132,0,0,0
sz000856,1284,2598,581
sz002639,0,1712,0
sz000826,2310,3411,0
sz300661,250,0,0
sz300185,18593,5299,0
sh600064,0,0,0
sh600773,1966,2297,0
sh603609,0,0,0
sz002803,0,0,0
sz300423,0,0,0
sz000404,2000,4000,0
sz002283,0,4078,0
sz000677,0,0,0
sh603416,0,0,0
sz000783,0,2033,0
sh601012,15957,25497,2151
sh600449,0,0,0
sz000561,0,1500,0
sz000526,0,0,0
sh600337,0,3768,0
sz002640,44156,20003,579
sh603568,0,0,0
sz000753,0,0,0
sh600355,0,0,0
sh600521,1042,7365,0
sh600335,4208,1136,0
sz002101,0,0,0
sh600814,0,0,0
sz000816,121462,209728,7362
sh603331,0,0,0
sz300651,0,0,0
sh603026,600,1154,0
sz000543,0,0,0
sz002194,0,4944,0
sz002038,774,414,0
sh603496,0,0,0
sz300598,0,0,0
sh603926,0,0,0
sz002867,17008,7978,4539
sz001965,2016,4217,0
sh603703,0,0,0
sz002433,0,0,0
sh601888,11454,18770,816
sz000821,14825,1032,0
sh600969,0,0,0
sz002722,0,0,0
sh603636,0,0,0
sz300221,0,680,0
sh603668,0,0,0
sz002855,0,0,0
sz300059,337022,294861,11642
sh603063,0,0,0
sh600626,0,0,0
sz300349,304,609,0
sz300669,0,0,0
sh600701,0,0,0
sh603660,0,824,0
sh600848,464,1822,0
sz300409,4455,1776,0
sz300187,0,0,0
sh601311,0,0,0
sz002700,0,0,0
sz002544,923,1706,0
sz002751,0,319,0
sh601886,0,0,0
sz000759,0,0,0
sh600823,23330,42646,0
sz002467,0,0,0
sz002066,0,0,0
sh600458,0,0,0
sz300214,0,0,0
sh601628,3497,11084,0
sz000520,9635,0,0
sh603606,0,0,0
sz300451,7147,13166,2960
sz002670,2343,0,0
sh603716,0,221,0
sh603444,0,91,0
sh600663,0,0,0
sh603223,0,0,0
sz300309,0,600,0
sh603100,0,0,0
sh600022,154237,123684,0
sz300283,0,0,0
sz000880,0,0,0
sh603883,178,500,0
sz002787,0,0,0
sh600502,3790,18446,0
sh600351,0,0,0
sz002136,2129,2659,0
sh600359,1932,0,0
sh603816,0,2790,0
sz002778,0,0,0
sh603589,1836,1338,0
sz000868,1801,3654,0
sz300604,0,0,0
sh600366,6062,7012,0
sh603978,0,0,0
sh600811,0,3271,0
sh603528,0,0,0
sz002760,1050,1472,0
sz002042,3000,1000,0
sh600333,0,5010,0
sz300284,0,1800,0
sz300231,4987,6050,0
sz000913,1995,593,592
sh603118,0,0,0
sh603779,0,0,0
sz002244,86327,24362,0
sz300603,0,349,0
sz000972,0,0,0
sz002331,0,0,0
sz000833,0,0,0
sz300294,0,0,0
sz000861,3500,0,0
sz000514,0,0,0
sh600673,22925,18330,0
sz300713,0,0,0
sh600182,0,0,0
sh603338,165,473,0
sh603229,0,0,0
sz300616,0,111,0
sh601188,0,0,0
sz300439,0,0,0
sh600323,0,0,0
sh600633,790,1928,0
sh600582,0,0,0
sz300196,0,1000,1005
sh600095,0,0,0
sz000403,850,0,0
sz002651,0,0,0
sh600513,0,0,0
sz000567,4218,0,0
sz000036,4396,9295,0
sh603189,0,0,0
sz002167,4031,1168,0
sh601996,0,0,0
sh600828,6033,1950,0
sz002649,19930,38163,0
sz002903,0,701,0
sh600217,8608,0,0
sh600358,0,2000,0
sz300042,0,0,0
sh603519,0,0,0
sz002449,8350,5414,0
sz300033,2436,6584,205
sz300035,6403,1780,0
sh600310,0,0,0
sz002448,11411,1932,0
sz300384,0,0,0
sz300212,12292,11730,512
sh600748,2000,0,0
sz002144,0,0,0
sz000789,14693,12980,0
sh600493,0,0,0
sz300680,503,0,0
sz002348,0,3416,0
sz300717,0,0,0
sh603928,0,0,0
sh601366,0,2737,0
sz300413,322,971,290
sz002539,0,0,0
sh600261,0,0,0
sz300014,20557,8899,0
sh600495,0,0,0
sz002605,0,0,0
sz002228,0,0,0
sz002337,0,0,0
sh600716,0,0,0
sz002808,0,1000,0
sz002176,134144,86491,1817
sz002454,0,5375,0
sz002550,10000,0,0
sh601566,0,867,0
sz000878,1000,7197,0
sz002812,117,0,0
sh603477,0,0,0
sh600233,0,0,0
sz000011,0,0,0
sz002907,28478,20847,7643
sz300244,1176,1317,0
sz002574,0,0,0
sz300044,2985,5986,1015
sz002825,0,0,0
sz002361,0,0,0
sz000554,0,0,0
sh600835,902,1128,0
sz002006,0,0,0
sh603898,0,0,0
sz002880,0,0,0
sz300712,0,500,0
sz000518,0,0,0
sz300529,0,0,0
sh603729,0,0,0
sh603123,0,0,0
sz000657,0,0,0
sz300462,0,0,0
sh600783,0,3948,0
sh600315,0,0,0
sh600801,14455,23367,2127
sz002895,805,0,0
sz000691,5990,1642,0
sh603701,0,0,0
sz000976,1202,3006,0
sh601611,2835,3090,0
sz002378,0,0,0
sz002318,0,0,0
sz300421,0,0,0
sz300302,0,3622,0
sz300246,0,0,0
sh600483,0,0,0
sz000676,0,0,0
sz300030,0,0,0
sz002682,0,0,0
sh600260,39268,25306,2249
sz002839,8249,49864,1146
sz300079,18664,17335,0
sz002515,4000,3400,0
sh600397,0,0,0
sz002819,0,0,0
sz002157,0,0,0
sh600824,0,0,0
sz300174,395,845,0
sz000620,0,0,0
sh600818,600,0,0
sh603677,0,0,0
sz300554,178,164,0
sh603958,0,0,0
sz002627,0,0,0
sz000498,2011,0,0
sz002732,502,0,0
sh603001,0,0,0
sz000513,565,3138,0
sh600287,0,0,0
sz300110,255194,235229,0
sh600361,0,2600,0
sz002170,0,0,0
sh600584,46103,27271,2745
sh603042,0,0,0
sz002112,0,7185,0
sz002896,0,0,0
sz300490,0,0,0
sz300253,26150,16307,0
sz300486,0,0,0
sz000876,5020,9891,0
sz300599,0,0,0
sz002913,0,0,0
sh600490,130363,123684,1590
sz000055,161618,183721,4840
sh600750,0,1863,0
sz002917,0,450,0
sz000603,0,0,0
sh600703,72479,71797,3541
sh600796,0,0,0
sz002892,300,0,0
sz000630,40299,33811,0
sz002100,0,0,0
sz300416,0,0,0
sz002349,0,0,0
sz300026,3300,0,0
sh603357,0,0,0
sz300367,14986,18826,0
sz300322,0,1544,0
sz300568,0,0,0
sz300224,2942,10274,0
sh601500,0,0,0
sz002417,0,0,0
sh600719,0,0,0
sh600894,0,1197,0
sh600429,0,0,0
sz002597,33593,24875,0
sz002107,0,0,0
sz300700,1663,3975,337
sz002140,0,1221,0
sz002611,0,0,0
sz300084,0,0,0
sh601901,5739,0,0
sz300597,0,0,0
sz000681,1372,2315,0
sz000043,1200,0,0
sh600444,0,0,0
sh600293,0,0,0
sh600552,0,1601,0
sh600159,0,11121,0
sh603912,0,0,0
sh600446,726,800,0
sz000611,0,0,0
sz300319,0,0,0
sh600833,0,951,0
sh603315,0,0,0
sz300672,575,656,0
sh603730,4913,2257,0
sh600406,3834,1896,0
sz002568,0,24117,0
sz002741,0,0,0
sh600546,2576,0,0
sh600238,1310,1296,0
sz002861,0,0,0
sh603321,0,0,0
sh600993,0,699,0
sh603139,0,0,0
sh603856,772,0,0
sh600821,0,0,0
sh601168,6391,15095,0
sh600246,0,0,0
sz300109,1141,297,0
sz002089,23102,23360,0
sz002772,0,0,0
sz300582,834,729,0
sz300022,0,0,0
sh600987,4014,1069,0
sh601225,59367,66680,0
sz002708,0,0,0
sh600185,1941,12147,0
sh600850,763,1000,0
sh603387,0,0,0
sz300419,0,0,0
sh603007,790,0,0
sh601106,3096,3798,0
sz002603,0,0,0
sz300613,70,1021,388
sh600228,0,1532,0
sh603737,0,0,0
sz000758,14370,0,0
sz002297,1928,6864,0
sh603180,515,265,229
sz000040,1200,0,0
sh600881,0,3025,0
sh600021,1668,0,0
sh600031,186323,251820,1692
sz300506,0,568,679
sh603031,0,0,0
sz002355,0,1350,1520
sz002275,0,0,0
sh603506,4332,5183,0
sz002014,0,0,0
sh603300,0,2066,0
sz000838,2749,0,0
sz002400,12792,11847,15755
sz002052,2331,0,0
sh601969,0,0,0
sz300403,1000,0,0
sz002576,0,0,0
sz002070,2388,21329,2255
sh600037,0,3810,0
sz000928,0,0,0
sz002081,34530,22047,0
sz002628,1702,0,0
sh603588,0,0,0
sz300575,0,0,0
sh600468,0,0,0
sz000544,0,0,0
sh600497,32434,27391,0
sh603127,0,0,0
sh600644,0,0,0
sz002215,2286,1729,0
sh600070,0,0,0
sh601929,6712,4362,0
sh603369,748,1494,0
sz000413,63766,50429,0
sz000571,0,0,0
sh600180,0,0,0
sz000929,0,3179,0
sh600284,0,1423,0
sh603690,0,0,0
sz000903,0,0,0
sh600855,1638,0,0
sz002535,0,2556,0
sz000625,6060,13523,0
sh600613,0,0,0
sz002371,27862,14180,0
sh600898,0,0,0
sh600319,0,0,0
sh600593,2068,610,0
sh600686,1798,0,0
sh600197,1107,719,0
sz300460,0,0,0
sz300718,0,0,0
sz300113,56497,69823,1697
sz002440,7685,15295,2600
sz300459,0,0,0
sz000905,0,0,0
sh600839,12449,25889,0
sh603289,0,0,0
sz000902,6196,0,0
sh600331,6362,0,0
sz002652,2058,0,0
sz300525,0,0,0
sz002393,0,0,0
sz300301,0,0,0
sh600982,0,0,0
sh600847,0,0,0
sh603556,0,0,0
sh600340,42669,58514,6791
sz000667,6030,4089,0
sh603238,0,0,0
sz300275,0,0,0
sh600094,3900,0,0
sh601898,18163,3893,0
sh600808,61593,137997,0
sh600790,0,1962,0
sh600817,0,0,0
sz300660,0,0,0
sh600841,0,0,0
sh600193,0,2439,0
sz000983,27449,23489,0
sz300256,1484,0,0
sz002746,0,596,0
sz002529,4148,15002,0
sh600435,4434,5901,1015
sz002441,0,0,0
sh600875,1457,4269,0
sh603103,976,2583,1100
sh600466,11017,8612,0
sh600297,0,0,0
sz002898,0,0,0
sh603016,0,794,0
sz002657,0,1190,0
sh600060,5866,1719,1020
sz300263,0,0,0
sh600770,1871,0,0
sh600000,41003,91968,0
sz002262,0,2798,0
sz002908,0,455,0
sh600028,308471,389614,4162
sh600222,0,0,0
sh603360,0,0,0
sz002368,500,2142,0
sh600958,6358,13175,0
sz300197,32307,8947,0
sh601069,2159,1123,0
sh600316,2089,2135,0
sz000536,0,0,0
sh600415,0,2005,0
sz300168,14809,34228,0
sh603788,0,0,0
sh600452,0,0,0
sz002412,0,0,0
sh601398,744693,667917,7875
sz300676,899,948,0
sh603970,0,0,0
sz300051,13206,1027,0
sz002613,0,0,0
sz300560,0,0,0
sh603298,0,800,0
sz002663,0,2798,0
sz000909,0,0,0
sh600460,261266,183430,15571
sz300431,101997,66790,12106
sz002878,0,1930,0
sh600299,0,0,0
sz002780,0,0,0
sz000682,0,0,0
sh603860,0,0,0
sh600160,133185,144875,6299
sh601966,0,2847,0
sh603896,0,465,0
sz002411,8562,1941,0
sz000014,0,0,0
sz002432,0,1409,0
sz000017,0,0,0
sh603825,0,0,0
sh601139,0,0,0
sz300410,0,0,0
sz300385,0,0,0
sh600990,478,378,0
sh603023,0,0,0
sz002829,0,0,0
sz300436,0,0,0
sz002365,400,799,0
sh600166,10004,33979,0
sz300725,266,847,0
sh603006,0,0,0
sz300096,1000,1919,0
sh600151,1800,3355,0
sh600317,0,0,0
sh600747,0,0,0
sz000523,0,0,0
sh600619,0,0,0
sz300589,0,0,0
sh603768,0,0,0
sz000539,0,0,0
sh600681,0,0,0
sz002394,0,0,0
sz300476,2621,5840,366
sh603777,0,0,0
sz300324,25901,24836,3687
sz000830,111763,117938,5233
sz002111,0,0,0
sh603685,0,0,0
sh600235,0,0,0
sz300262,4853,22994,0
sh600691,10672,7961,0
sz300668,0,0,0
sz300662,0,500,0
sz002638,23171,57119,0
sz300106,0,0,0
sh603908,0,0,0
sh603803,0,0,0
sz000862,0,0,0
sh600563,0,774,0
sh600385,0,0,0
sz002608,0,0,0
sz002510,0,10589,0
sz000961,24253,15001,0
sz002655,0,0,0
sz002702,0,0,0
sz000686,5813,6348,1353
sh601997,7801,18328,0
sz002434,0,1920,0
sz000601,3993,0,0
sz002363,0,0,0
sh601229,21819,38105,0
sz300499,0,0,0
sz300082,0,0,0
sz002773,894,275,0
sz300274,4952,4758,858
sz300698,478,766,0
sz300213,1415,0,0
sh603313,0,0,0
sz002648,3973,1899,0
sz002479,31319,19849,0
sz000735,38463,27006,0
sh600009,2258,9971,0
sh601328,247709,263455,0
sz000815,989,2008,0
sz300308,398,162,0
sz300010,2722,2817,0
sh601231,8632,15237,1005
sh603848,0,0,0
sz002151,1111,1521,0
sh600170,3216,19915,0
sz300020,6159,6054,0
