sh600612,0,0,0
sz002158,1812,817,0
sz002521,0,0,0
sz002443,1514,0,0
sh603136,230,238,0
sz000639,575,0,0
sz300109,723,3126,0
sh600300,0,0,0
sz300221,6421,4035,632
sz002195,50393,33705,0
sz000838,1775,4456,0
sz002083,0,0,0
sh603660,975,0,0
sh601163,0,0,0
sz002632,0,0,0
sz002630,0,2017,0
sh600896,0,0,0
sz002711,9553,6667,0
sz300088,27578,38110,0
sh600884,14015,9163,1042
sh600482,0,0,0
sh601126,0,0,0
sz002536,0,0,0
sz000760,0,0,0
sz000938,1777,2229,0
sh600892,0,0,0
sh603991,0,0,0
sh600229,0,0,0
sz000028,300,0,0
sz000590,0,0,0
sh600247,0,0,0
sh600880,0,1937,0
sz300717,0,0,0
sz002054,28120,1337,781
sz002065,170043,249448,3109
sz300726,29060,14806,575
sh603987,0,0,0
sh600183,16825,24519,0
sh600688,49904,116861,0
sh600180,2721,26014,0
sh600508,1943,0,0
sh600036,311788,252468,17785
sz300226,22944,15515,1646
sh601333,30667,83182,0
sz300281,0,0,0
sh600146,11487,5655,0
sz002675,0,0,0
sz300238,439,486,0
sh603116,0,0,0
sh603789,0,0,0
sz002897,525,0,0
sz002339,0,0,0
sz300556,0,1457,0
sz300625,0,0,0
sz000790,0,0,0
sz300285,4556,0,0
sz300641,0,0,0
sh600835,4396,1007,456
sz002256,2000,8291,0
sz000506,0,0,0
sh603090,0,0,0
sh600580,2458,0,0
sz002020,0,1200,0
sz300061,2500,0,0
sz000876,21104,21608,0
sz000622,0,2624,0
sz000691,0,0,0
sh601877,5217,3504,0
sz300019,1557,0,0
sz002120,0,1829,0
sz000911,0,0,0
sz300678,578,508,0
sh603655,3270,4133,477
sz000558,10599,6224,0
sz000960,59312,25235,750
sz002462,798,588,0
sz002117,1293,0,0
sz002134,0,0,0
sz002597,30163,17696,366
sz002595,0,0,0
sz002793,0,0,0
sz002430,2716,6454,0
sz002689,0,4239,0
sh603958,0,0,0
sz002015,0,0,0
sz002258,8667,5985,0
sh601179,6188,2500,0
sz300220,0,0,0
sz002840,500,0,0
sz000788,0,0,0
sz300245,946,0,0
sh603708,4461,4225,0
sh603696,0,0,0
sh600872,5157,2497,0
sz000727,5000,14121,0
sz300547,401,365,0
sz002910,504,1424,0
sh600557,0,0,0
sz002387,6524,2941,1722
sh600311,5500,2500,0
sh600737,0,12700,0
sz000881,0,1000,0
sz300127,645,0,0
sh600133,5851,1018,0
sz000595,0,0,0
sh600513,0,0,0
sh600845,5705,522,0
sz002634,1936,11698,0
sz300017,267407,173104,18788
sh603318,0,0,0
sh600766,0,0,0
sh600742,1508,859,0
sh600756,0,600,0
sz300632,0,0,0
sz300357,736,0,0
sz300531,18224,26741,7034
sz002712,0,0,0
sz002809,0,0,0
sh600352,138083,127490,4259
sh600917,0,1483,0
sh603227,0,0,0
sz300024,22404,17078,1025
sz300684,22994,32907,7531
sz300079,37375,5971,0
sz002064,5354,2000,0
sz000826,6501,2187,0
sz300094,0,2009,0
sz300686,0,0,0
sh603186,0,0,0
sh603988,0,735,0
sz000725,4399832,3728569,11825
sh600599,0,0,0
sh600343,0,854,0
sz002002,3338,0,0
sz300445,0,0,0
sz300613,79,0,0
sh600301,0,0,0
sz300330,0,0,0
sz002396,3081,2254,0
sz300196,0,908,0
sz000550,19198,11008,1881
sh603161,1648,779,0
sz300399,0,0,0
sz300513,0,0,0
sz002692,0,0,0
sh603098,0,1602,0
sz300599,0,0,0
sz300108,0,0,0
sz002129,72210,97771,2236
sz000835,0,0,0
sh603955,0,0,0
sz002676,0,0,0
sz002847,493,403,0
sh603826,0,0,0
sz002783,2748,1952,0
sz300716,1357,633,0
sz002730,0,0,0
sh603797,1284,0,0
sz300089,1126,0,0
sz000510,1500,0,0
sz002695,0,0,0
sh603839,0,0,0
sz300364,51001,23582,3840
sh603393,0,0,0
sh600351,1484,0,0
sz002633,0,0,0
sz300295,1446,2012,0
sz000717,284330,181135,0
sz002795,0,0,0
sz300229,1017,0,0
sh600792,0,0,0
sz002096,0,0,0
sh603778,0,0,0
sz300155,0,0,0
sz002426,1784,1860,0
sh600831,0,0,0
sz002188,0,0,0
sz002582,0,0,0
sz000030,0,1500,0
sz002539,0,0,0
sh600667,1976,7817,0
sz000400,6198,950,0
sz002461,1587,5407,0
sz300561,396,3785,502
sz002090,0,0,0
sz300014,3834,5067,0
sz002755,1740,8052,0
sh600768,0,0,0
sz300005,10094,0,0
sz300302,0,1000,0
sz300576,0,0,0
sz002838,0,0,0
sh600323,0,2785,0
sh600548,0,0,0
sz300070,27725,25416,0
sz300453,0,0,0
sz300385,0,0,0
sh603678,0,0,0
sz002332,0,0,0
sz002486,5058,8201,0
sz300532,0,0,0
sz002773,750,3357,0
sz002091,1381,1456,0
sz000758,13354,6626,0
sz000786,24253,32283,0
sh600721,0,0,0
sh600821,0,0,0
sh600449,827,2846,0
sz300435,0,0,0
sz002203,0,0,0
sz002156,7641,9988,0
sz000833,0,1565,0
sh600617,0,0,0
sz300369,12151,4733,0
sz000829,0,0,0
sh600573,0,1300,0
sz000800,36217,23782,0
sh603232,0,0,0
sz300427,0,0,0
sh603188,0,1140,0
sz002826,4470,1181,0
sh600275,0,0,0
sz000635,0,1010,0
sz002235,31194,35560,2364
sz300054,0,0,0
sh601328,1613378,1803583,16562
sh600999,35972,27837,551
sz002250,4850,9945,0
sz000069,158690,204187,5298
sz002320,3834,3936,0
sz000513,7459,4124,146
sh600361,0,0,0
sz300692,1272,647,431
sz002756,0,0,0
sz000726,0,0,0
sh600104,73403,57646,3253
sh603701,0,0,0
sz000530,1979,0,0
sh600420,0,6761,0
sz000009,3773,3870,0
sz000886,12675,3978,0
sz300331,0,606,0
sh603686,0,0,0
sz000989,0,2001,0
sh600861,0,0,0
sz002583,4978,23813,716
sz300318,0,0,0
sh600753,420,0,0
sz002285,26146,11408,0
sz300072,11568,8650,350
sh603855,0,0,0
sz000819,0,0,0
sz002832,0,0,0
sz002354,9187,3588,592
sh600317,0,0,0
sh600050,419445,553980,0
sz002048,1553,700,0
sh603618,1645,0,0
sh600197,17992,13519,2098
sz002649,0,2040,0
sz002805,0,0,0
sz001979,91983,92966,2317
sz300730,681,1051,0
sz300284,1580,656,0
sh600624,4160,0,0
sz000037,0,0,0
sh600080,0,0,0
sz002415,55996,43539,5461
sh601007,0,0,0
sh600506,5566,2481,0
sh603985,0,0,0
sz002109,0,0,0
sz002818,365,0,0
sz300237,0,0,0
sz002094,5357,2356,0
sh600030,537814,609514,31508
sh600699,9977,4478,332
sh600990,1393,1289,0
sh600141,6111,3599,0
sh603218,0,0,0
sh600011,0,2001,0
sh600602,0,0,0
sz300209,0,0,0
sh600732,0,6833,0
sz000418,560,579,0
sz002194,1441,1912,0
sz002671,0,2800,0
sh600501,0,0,0
sh600203,0,1119,0
sh600320,16430,24221,0
sz300530,0,0,0
sh600519,27464,19290,3837
sh600109,21973,37317,0
sz300259,0,0,0
sz300639,0,403,0
sz300313,0,0,0
sz300347,1372,0,0
sz000521,2000,0,0
sh600235,0,0,0
sz300690,0,0,0
sh603127,0,0,0
sz002177,0,2276,0
sh600630,0,0,0
sh601158,2010,0,0
sz002863,18397,17911,1842
sh601998,188816,222825,5572
sh600936,0,0,0
sh600189,0,0,0
sz002475,93553,72402,1517
sz300534,2952,0,0
sz000426,40577,19845,1007
sz300521,0,0,0
sh603396,0,541,0
sz300657,0,970,0
sz000937,10562,5051,0
sh601088,107131,107832,14424
sh601677,0,11523,0
sz000429,4229,0,0
sz300168,8041,5914,0
sh600100,18040,13306,0
sz000972,0,0,0
sh600152,0,0,0
sz000055,0,9733,0
sh600962,0,0,0
sz002452,0,0,0
sz002578,0,0,0
sz002780,0,0,0
sz002581,579,650,0
sz002028,1987,1002,2007
sz002241,28722,20680,1337
sz000671,170147,105891,0
sz300112,0,0,0
sz002041,0,0,0
sh600555,30704,13609,0
sz300243,0,0,0
sz300124,5767,4499,0
sz000011,0,0,0
sz002798,1038,1306,0
sh600137,0,0,0
sh601388,34851,9038,0
sz002559,25753,1814,0
sh600261,0,3488,0
sz300343,16955,26819,0
sz002024,188597,108523,1530
sh600160,19007,14194,0
sz000921,11335,8142,0
sz000713,0,0,0
sz000563,3057,22688,0
sh601139,0,3372,0
sz002682,0,0,0
sz300551,0,0,0
sh603133,0,0,0
sz300605,0,0,0
sz300516,0,0,0
sh603806,363,0,0
sz300572,0,0,0
sh601199,1995,0,0
sh601177,0,0,0
sh601208,0,4000,0
sh600326,7906,4709,0
sh601969,1693,0,0
sz002892,300,574,0
sh600590,2348,8694,0
sh600377,3550,1400,0
sz002902,1797,3311,233
sz300582,0,0,0
sh600232,0,0,0
sz002414,0,1000,0
sh600671,9389,610,0
sz300327,399,400,0
sz002439,10364,5890,2700
sz300304,38897,21734,0
sh600243,0,0,0
sz002717,0,753,0
sz002638,0,0,0
sz002771,0,0,0
sz000534,10838,0,0
sz000005,0,0,0
sz300008,0,2402,0
sz002011,0,0,0
sh600111,108460,82051,3968
sz000978,0,1220,0
sz000555,0,0,0
sz002166,0,0,0
sz300567,567,122,0
sh600425,4033,11190,0
sh603101,0,0,0
sh603233,0,0,0
sh600597,9956,7202,709
sz300679,398,125,0
sh600206,9239,5775,0
sh600172,7200,0,0
sz300658,0,0,0
sz300713,0,471,0
sh603015,0,0,0
sz000737,0,0,0
sz002859,0,315,0
sh600367,0,0,0
sz300194,0,0,0
sz300289,0,0,0
sh601519,0,0,0
sz300040,0,0,0
sh600295,3002,750,0
sz002488,0,0,0
sz002182,1172,0,0
sh603337,0,0,0
sz300586,0,0,0
sh603637,0,0,0
sh600151,1615,13086,2000
sz300126,1816,0,0
sz002115,0,0,0
sh601018,0,5853,0
sz002615,0,0,0
sz300011,0,944,0
sh601882,910,0,0
sh600604,23577,6450,0
sh600577,4512,0,0
sz300176,1905,1560,0
sz300528,0,0,0
sh603363,4499,13408,3965
sh600780,0,0,0
sz000837,0,0,0
sh600520,506,0,0
sh601518,6142,0,0
sh603788,1302,505,0
sh600269,17058,15485,0
sz000797,0,2504,0
sh603912,501,1255,399
sh601669,7068,21248,0
sh600068,49446,50009,0
sz000058,1466,0,0
sz000421,0,0,0
sh603039,0,0,0
sh600458,0,0,0
sz002190,0,0,0
sz000975,0,6061,0
sh600416,1027,1207,0
sz300113,25710,13977,1207
sz300438,0,0,0
sz002666,56209,11758,0
sz300563,0,0,0
sz002588,0,3352,0
sz300354,0,0,0
sz000973,0,0,0
sz300249,0,0,0
sh600468,0,0,0
sh603009,16084,43802,1204
sh600259,685,1113,0
sz002913,324,0,0
sz000628,0,0,0
sh601515,0,0,0
sh603037,471,0,0
sz002858,0,0,0
sh600376,2155,0,0
sz300589,1051,1010,0
sz000333,142470,100825,10079
sz300163,0,0,0
sh603040,0,0,0
sz001696,0,0,0
sz002605,0,0,0
sh603477,1916,2614,0
sh603939,390,623,0
sz300436,0,0,0
sz002449,4622,1640,0
sz000935,1406,605,0
sz000813,0,4966,0
sz300539,7431,5002,0
sz002035,7732,3629,0
sz300039,11730,1541,0
sz002472,0,1164,0
sh600279,0,0,0
sz300191,607,0,0
sz300475,1000,0,0
sh600268,0,0,0
sz000599,8018,0,0
sz002407,3751,1202,0
sh600101,1246,0,0
sh601326,0,3954,0
sz300087,12765,0,0
sh600882,0,0,0
sz000860,13872,2559,0
sh600645,6739,15052,877
sz002760,12961,3079,1062
sz000789,40966,38284,0
sh600217,0,11046,0
sz300131,1527,0,0
sz000721,0,0,0
sz002362,443,476,516
sz002105,0,0,0
sh600241,0,0,0
sz000926,16238,34617,0
sz300389,0,0,0
sh600846,20752,10975,0
sz002522,4055,4958,0
sh600781,0,0,0
sh603027,0,0,0
sz002856,12298,9227,2743
sh600619,0,0,0
sz002403,0,0,0
sh600360,0,1634,0
sh600017,3569,8214,0
sh600975,0,0,0
sz002786,6223,0,0
sz000698,5000,0,0
sz300365,1133,2184,0
sz300205,0,0,0
sz000666,9777,2835,1016
sz002471,0,0,0
sh603535,745,0,0
sz002596,851,6767,0
sz002549,0,0,0
sz000952,1693,0,0
sz300507,0,0,0
sh600153,12745,14942,0
sz002175,0,0,0
sh601997,27100,58075,0
sz002887,353,184,0
sz300468,285,0,0
sz300471,0,0,0
sh601958,4479,4330,0
sh603338,385,670,0
sz002395,0,0,0
sz002864,338,962,0
sh603566,0,0,0
sz002088,1020,0,0
sz000839,4779,36574,0
sh600332,6594,8879,0
sz000815,0,0,0
sh600284,0,0,0
sz000598,9614,8379,0
sz002393,0,0,0
sz002857,2077,0,0
sz000890,0,0,0
sz002454,0,0,0
sz000801,158959,136997,6453
sz002300,2424,0,0
sz000517,130385,124766,0
sz000901,461,0,0
sz002862,0,0,0
sh601699,131767,127817,7676
sz300500,0,329,0
sz300494,750,0,0
sh600115,233858,183186,0
sz002737,1809,0,0
sh601127,0,0,0
sz002432,0,0,0
sz002142,19313,47065,2638
sh600726,4986,0,0
sz002402,1407,0,0
sz002748,0,0,0
sh600711,46069,47561,0
sh601069,934,5889,0
sh601005,0,14124,0
sz002628,0,2723,0
sz002729,0,0,0
sz002923,4081,6244,917
sz300652,0,0,0
sz002078,9682,5806,1020
sh600713,2335,0,0
sz002665,15080,16165,0
sh600329,671,2612,0
sh600202,0,0,0
sh600545,1000,1124,0
sh603507,0,0,0
sz002635,6993,9824,0
sh600375,0,0,0
sz300034,0,1340,0
sh601965,0,0,0
sh601137,0,0,0
sz002335,0,0,0
sh601398,1672029,1755964,8729
sh603305,0,0,0
sz000933,207080,114481,2183
sh600803,5597,7059,0
sh600107,0,0,0
sz300009,5077,5718,0
sz002202,22882,16081,0
sz002485,0,0,0
sh603367,603,505,0
sh600088,0,0,0
sh600366,38527,55030,2955
sh603033,0,0,0
sh600535,2689,600,0
sh603601,0,0,0
sh600033,12782,6157,0
sz000157,123273,79827,0
sz300305,0,0,0
sh600592,2000,1830,0
sz002124,5122,0,0
sz300352,20350,0,0
sh601717,2500,3191,0
sh600297,6775,1700,0
sz002087,3130,0,0
sz300549,0,0,0
sz002464,876,0,0
sh600791,0,0,0
sz000915,8103,14506,958
sz000166,52935,52414,0
sh600690,317493,191543,31081
sh601901,14400,22819,0
sz002253,0,0,0
sz300184,3350,1000,0
sz300411,1262,2047,0
sz000882,0,10012,0
sh603306,0,0,0
sz000050,8536,15213,0
sz300215,4613,2016,0
sz300484,0,0,0
sz002008,70183,32448,3351
sh600717,0,2930,0
sz002014,0,0,0
sz002474,3930,0,0
sh600644,0,0,0
sz002761,0,513,0
sz002895,13568,5788,1256
sz300581,3310,842,846
sh600250,0,0,0
sz000498,0,1615,0
sh600000,832029,957152,50159
sh603811,0,0,0
sh601919,19857,41957,0
sz002071,141368,18182,1231
sh603969,2201,0,0
sh600825,2193,0,0
sz300174,0,0,0
sh600233,889,0,0
sh600551,946,0,0
sz300157,1153,3254,0
sz000919,0,0,0
sz002758,0,0,0
sh603898,1171,0,0
sz300179,0,0,0
sz000681,4070,0,0
sh603066,0,0,0
sz002610,40419,30293,0
sz000032,0,0,0
sz300416,0,1709,0
sh601229,70805,94659,977
sh600527,0,0,0
sh603602,0,0,0
sh603099,0,0,0
sz300397,0,0,0
sz000523,0,0,0
sh600993,3152,1961,0
sz300138,1957,0,0
sh600027,13407,35659,0
sz000961,32263,62754,0
sh603268,0,0,0
sz002274,0,0,0
sh603159,0,0,0
sh603580,0,0,0
sh600246,0,0,0
sz300402,0,0,0
sz002436,0,0,0
sz002242,1000,1302,0
sh603128,2720,1927,0
sz300685,7800,2758,100
sz002196,0,1150,0
sz300650,0,0,0
sh600594,3475,3207,0
sh600566,318,1048,0
sh600848,0,1005,0
sh600971,20780,14604,0
sh600110,5403,8201,0
sz300653,0,0,0
sz000532,25582,12055,881
sz002108,3316,2150,0
sh600676,0,0,0
sh603728,0,470,0
sh600248,0,0,0
sz002781,0,0,0
sh600679,0,0,0
sz000417,5526,0,0
sz000010,0,0,0
sh601038,0,0,0
sh600059,1638,0,0
sh601857,220811,165431,0
sz002086,3151,2385,0
sz300525,0,0,0
sz300600,0,0,0
sh601003,67398,43851,1305
sz000038,2632,1818,0
sh600452,0,0,0
sh601908,2356,0,0
sh600763,2294,2623,0
sz300144,8163,3587,0
sh600650,0,0,0
sh601009,202133,267386,16775
sz002361,0,0,0
sh600661,0,0,0
sz300351,0,0,0
sz000798,0,0,0
sz002416,1406,0,0
sh603329,21138,14435,5895
sz300512,0,0,0
sz300207,0,4058,0
sh600126,1956,0,0
sz002803,0,0,0
sz002110,201570,239613,16605
sz002186,0,0,0
sz300030,0,0,0
sz002119,0,0,0
sh603603,0,0,0
sh600176,57506,34319,999
sz002779,0,4260,0
sh600727,0,0,0
sh600517,2094,0,0
sz300447,0,0,0
sz002051,4253,552,0
sh601118,2000,0,0
sh600584,31607,17268,849
sh600820,2809,4269,0
sh600282,440895,294289,0
sz002429,23279,14719,0
sh600683,0,0,0
sh603226,0,0,0
sh600854,0,0,0
sh603106,7114,11024,0
sz300458,1826,549,0
sh601567,0,0,0
sh603518,0,0,0
sz300308,391,824,0
sz300353,0,0,0
sz300725,967,2319,130
sz002555,1943,832,0
sh600547,13783,27021,0
sh603886,0,0,0
sz002850,0,200,0
sz002310,27302,20669,0
sh603577,0,764,0
sh603081,0,0,0
sh600864,0,0,0
sz300316,43149,24077,1109
sz002040,0,0,0
sz300275,2396,722,0
sh601006,392629,275078,11025
sh603607,257,295,0
sh600316,883,1396,0
sz002499,0,600,0
sz300654,0,0,0
sz002364,0,0,0
sz300409,2093,3021,349
sz300078,4264,0,0
sh600318,0,0,0
sz002154,0,0,0
sz300231,3114,1022,0
sh600083,0,0,0
sz002661,0,1135,0
sz000625,34088,23347,0
sz300077,15318,13893,0
sz002768,0,5030,1340
sh601899,660633,695272,0
sh603860,0,0,0
sz002502,0,0,0
sh603798,0,0,0
sh603997,0,0,0
sz000078,18019,3713,0
sz000668,0,0,0
sh603018,0,0,0
sh603023,1966,2552,0
sz002528,0,0,0
sz002701,0,0,0
sz002774,0,0,0
sz002353,4036,0,0
sz000718,7289,9880,0
sh600606,317337,285038,6587
sz002399,0,685,0
sh600600,4718,8445,0
sh600973,9803,0,0
sz002325,4531,6135,0
sh600538,0,0,0
sh603508,0,0,0
sz000700,0,2647,0
sz000545,0,0,0
sh600293,0,0,0
sh600839,74488,17159,0
sz300248,0,0,0
sz300663,9650,13588,633
sh600398,6351,12112,0
sz002089,2200,0,0
sz300169,0,0,0
sh600883,0,0,0
sz300210,0,0,0
sh600909,33969,39986,0
sz002100,0,0,0
sz002725,0,0,0
sz002866,311,350,0
sz002693,0,0,0
sz300189,0,0,0
sz002044,5899,501,0
sz002759,0,0,0
sz002377,0,0,0
sh600418,7748,8318,0
sz002648,3789,10907,1010
sz002254,22749,4101,0
sh600757,16181,5221,0
sz002668,1559,993,0
sz002875,0,483,0
sh600267,4523,7538,0
sh603717,0,457,0
sh600572,1814,1426,0
sz300338,0,0,0
sz300722,7659,3627,1642
sz002047,0,0,0
sz002571,0,0,0
sz002553,0,0,0
sh603366,0,0,0
sz000552,0,0,0
sh600315,1514,339,0
sh600571,2179,0,0
sz000903,0,4000,0
sh603880,0,0,0
sz300224,0,0,0
sz300588,0,0,0
sz000536,2601,3454,0
sz002303,2007,3763,0
sz002076,0,0,0
sh603656,0,0,0
sz300258,0,2026,0
sz002192,0,6352,0
sz300098,1681,3894,0
sh603928,0,0,0
sh600987,0,0,0
sh600166,58108,87864,0
sz000927,3556,0,0
sz000792,52122,68766,1868
sz002081,16701,23935,649
sz002705,920,0,0
sz002131,24153,44408,0
sz002243,0,0,0
sz000301,0,4633,0
sz300028,0,0,0
sh603677,2435,0,0
sh603801,200,386,0
sz002885,0,0,0
sh600390,3107,4029,0
sz300021,0,2000,0
sh600657,0,1964,0
sh600097,0,0,0
sz300570,0,0,0
sz000816,0,3500,0
sh601689,12027,13557,0
sh601607,9201,11030,0
sz300287,13718,1657,0
sh601225,225094,258916,5560
sh600075,0,1396,0
sh601601,77674,61395,6820
sh600540,0,0,0
sz000685,1054,0,0
sz002239,0,6020,0
sz002060,0,0,0
sh601098,7320,2021,0
sz300413,4490,505,0
sh600162,31276,26708,0
sh600489,7301,49049,0
sh601231,3388,833,0
sz000409,0,1591,0
sh600741,53969,32064,2234
sz300681,0,0,0
sh600319,0,0,0
sz300136,111853,84592,15078
sz002672,0,1089,0
sz002865,0,0,0
sz300707,2455,470,0
sh600836,0,0,0
sh600369,14765,15374,0
sz300046,0,0,0
sz300092,0,0,0
sh603196,0,1966,0
sh603990,0,0,0
sz000859,0,0,0
sz300083,25820,2749,0
sz002245,0,0,0
sz300257,3727,725,0
sz002144,0,0,0
sz002644,1000,0,0
sz000004,0,0,0
sz002232,0,0,0
sz300462,477,0,0
sz002623,0,0,0
sh603258,0,500,0
sh600230,2549,2717,304
sh603466,355,641,0
sh603929,1219,0,0
sz300683,0,0,0
sh600328,2714,2244,0
sh600114,0,0,0
sz000528,11424,14580,0
sz000899,0,3000,0
sh600881,8408,22504,0
sz002102,25601,2151,0
sh600117,3953,0,0
sz300384,0,0,0
sz300012,0,0,0
sz000997,8185,1556,0
sz300121,840,708,0
sz002248,0,2261,0
sz300332,0,0,0
sz000818,1942,3789,0
sz002230,68700,69444,11281
sz002187,0,0,0
sh601808,2813,6405,0
sh603359,0,0,0
sz002185,16838,20653,0
sz002149,0,0,0
sz002482,0,0,0
sz000782,0,0,0
sz002107,0,0,0
sz002125,0,0,0
sh603823,0,0,0
sz002236,131005,106426,8101
sh600216,12066,1681,0
sz000868,103367,37236,3953
sz000411,0,0,0
sz300223,692,2477,332
sz002279,1500,1060,0
sz000581,7407,7769,2499
sh601028,2165,0,0
sz002169,0,0,0
sz300640,0,0,0
sz300642,280,0,0
sz300319,2050,0,0
sh600487,47182,62822,2233
sz300151,0,0,0
sz000519,3044,3100,0
sh601766,180630,220020,3359
sz002434,0,1434,0
sh600620,1873,0,0
sh600801,10405,5473,0
sz300335,0,0,0
sh600210,12953,14973,0
sz300466,14923,9622,761
sh601558,0,0,0
sz000407,0,0,0
sh600502,1881,1826,0
sh603758,0,0,0
sz002346,532,769,0
sh603716,0,0,0
sh600876,0,0,0
sh600745,2665,4259,0
sz002385,27106,4521,0
sh600281,0,0,0
sh603959,386,0,0
sh603315,0,0,0
sh603089,0,0,0
sz300314,843,0,0
sz300610,0,0,0
sh603139,0,0,0
sz300325,10000,8000,0
sz300428,0,0,0
sh603326,0,0,0
sh600325,35407,28649,0
sh600403,0,0,0
sz002572,3534,6083,0
sz002696,0,0,0
sz300503,1000,0,0
sz000735,19413,45323,2532
sz002726,0,0,0
sh600475,0,0,0
sz300497,264,300,0
sz000806,86714,74144,7173
sz000623,6422,8546,0
sh600735,3501,0,0
sh600789,3255,2643,0
sz002220,0,0,0
sz000791,0,0,0
sh600305,4809,1040,0
sz300239,0,0,0
sh600339,0,3703,0
sh600129,0,0,0
sh603767,0,0,0
sz300373,2523,2975,601
sz002173,0,0,0
sh600811,0,5625,0
sh600838,0,0,0
sz300463,0,0,0
sh600220,0,0,0
sz000520,0,2605,0
sh603165,809,1044,0
sh603919,0,0,0
sh600165,0,0,0
sh600312,0,0,0
sh601636,144084,80778,8165
sh600769,0,5000,0
sz300677,201,615,0
sz300128,3923,8183,0
sh601238,6666,3339,0
sz000905,0,3370,0
sz002473,1400,0,0
sz002743,0,3560,0
sz000063,309080,364606,36292
sz002281,12495,8129,626
sh603330,0,0,0
sh600093,106811,131494,18336
sz002637,0,0,0
sh600094,11083,1500,0
sz300197,9959,5782,0
sz000589,0,0,0
sz300153,0,0,0
sz002901,1112,1505,0
sh601878,26476,29635,677
sh600022,345490,174525,0
sh603111,0,0,0
sz002222,4322,3611,0
sz300311,0,0,0
sz000729,51300,11142,0
sh600283,0,0,0
sh600031,140936,277393,4325
sh600028,1330196,1470493,2528
sh600561,0,0,0
sz300122,3474,6659,0
sz002410,609,1178,0
sz002519,0,0,0
sh603909,0,300,0
sh600765,0,0,0
sz002558,0,638,0
sz300598,0,0,0
sz002468,0,500,0
sz300668,2069,2247,280
sh603500,0,0,0
sh600438,93118,46867,2018
sz000862,0,0,0
sz300506,0,0,0
sh601012,42497,35280,4473
sh600096,1587,0,0
sz300697,0,978,0
sz300315,57857,43378,3137
sz002609,0,1700,0
sz000850,0,0,0
sz002311,1760,0,0
sz002831,0,200,0
sz300262,1766,0,0
sz002816,0,0,0
sz000155,0,9190,0
sz000722,0,0,0
sh603917,0,1604,1081
sh601086,60095,47655,1529
sz002789,0,0,0
sz002052,0,0,0
sh603365,506,529,0
sz002431,6077,9040,0
sz300665,0,0,0
sz000573,2633,0,0
sz002906,0,2402,0
sh603776,350,215,0
sh601336,103594,150313,5329
sz002284,1197,2118,0
sh600009,3863,6164,346
sz002685,0,0,0
sz002068,9876,2560,0
sz002548,0,1458,0
sz002817,2617,0,0
sz002598,0,0,0
sz300279,0,0,0
sh600729,379,401,0
sh600021,0,1583,0
sh600456,1460,461,0
sz002506,32567,19038,0
sz002375,2010,0,0
sh601111,191025,205214,3409
sz002563,3030,4325,0
sz300595,200,0,0
sz000761,148110,79063,0
sh601228,1800,3781,0
sz002422,3506,1884,0
sz002428,35799,6273,0
sh600052,0,6048,0
sz300246,0,0,0
sz300611,0,0,0
sh603378,0,901,547
sz000966,0,6488,0
sh600549,28959,12752,1215
sh600026,9896,0,0
sh600121,6879,0,0
sz002876,206,334,0
sh600025,113111,209003,0
sh600119,2058,0,0
sh600410,8121,0,0
sh600958,20628,20226,0
sz000422,0,0,0
sh600035,0,0,0
sz300213,0,0,0
sz002829,0,0,0
sz002860,0,0,0
sz300689,0,0,0
sh600069,0,6029,0
sz002493,39434,13914,0
sz002740,0,0,0
sz002643,2075,0,0
sh603000,1002,2420,0
sh603858,1537,3043,0
sz300265,0,0,0
sh600260,2733,3455,0
sz002614,0,0,0
sh600345,887,387,0
sh600143,32185,7450,0
sh603828,0,0,0
sz300236,0,0,0
sz300125,0,0,0
sz300345,0,0,0
sh600569,138370,125579,0
sz002338,0,0,0
sz002551,0,0,0
sz000971,700,0,0
sz300456,0,0,0
sh603960,0,0,0
sz300336,27184,14400,0
sh603488,708,0,0
sh603360,0,0,0
sz002552,3495,0,0
sh600680,0,0,0
sz300664,27282,9006,2066
sh600118,1338,591,0
sz000993,0,0,0
sz300073,0,0,0
sz300729,891,2463,0
sz002883,192,179,469
sh600397,0,0,0
sh600965,0,0,0
sh603633,0,0,0
sz300493,0,0,0
sh600085,9981,3023,0
sz000066,14613,9537,0
sh603030,1500,1579,0
sh600523,674,3919,0
sh603368,316,581,0
sh603012,0,0,0
sz002316,0,0,0
sz002367,0,0,0
sz300430,0,0,0
sh600105,0,0,0
sz002176,14138,8674,0
sh603138,898,263,0
sh600462,0,0,0
sh603017,0,0,0
sh600400,0,0,0
sh600327,0,0,0
sz300067,2703,0,0
sz000780,6740,6861,0
sh601218,0,6016,0
sh600526,1338,2002,0
sh600056,3292,8381,1090
sz300675,4353,1374,0
sz300165,0,0,0
sh603608,0,0,0
sh603829,0,0,0
sh603178,0,0,0
sh600368,0,1975,0
sz300037,1632,593,0
sh603058,3488,14571,8025
sz002271,4742,2828,360
sz300006,0,0,0
sz000068,0,0,0
sz002382,15827,39189,3100
sz002152,39578,29176,2843
sh600073,0,9174,0
sz300560,0,0,0
sz300003,4936,4715,0
sh603738,0,0,0
sz000996,4287,6762,0
sh600298,5737,10851,0
sz002392,0,7111,0
sh603078,0,0,0
sz002577,0,0,0
sz002397,0,5060,0
sh603026,0,0,0
sz002925,0,0,0
sz300501,0,0,0
sh600185,0,7377,0
sh600337,0,0,0
sh603683,4399,5869,413
sz300358,0,0,0
sh600358,0,0,0
sh600132,1055,0,0
sz300081,1000,0,0
sz000830,108356,77310,3953
sz300660,0,0,0
sh600409,22388,20767,0
sz000042,0,0,0
sz000686,17022,23974,0
sz300363,0,0,0
sz002455,0,0,0
sh603599,0,0,0
sh600642,39464,22298,0
sh600020,9056,10697,0
sz000962,0,0,0
sz002830,0,0,0
sz002174,6453,9346,0
sz002307,16215,33519,0
sh603882,0,0,0
sz002734,0,0,0
sz002275,0,0,0
sh600682,18029,9715,0
sz300666,444,1679,0
sh600588,11196,6160,0
sz000910,968,2000,0
sz002683,0,1719,0
sh600774,0,0,0
sh603167,12199,3048,0
sz000428,0,0,0
sz300648,0,570,0
sh600213,3816,0,0
sz000820,39015,62301,5062
sh600179,9592,4635,0
sz000925,0,0,0
sz300256,5762,1413,0
sh600706,0,0,0
sz300247,0,0,0
sz000918,4875,1606,0
sh601688,131925,144071,3778
sz300141,0,0,0
sh601678,20669,8167,0
sz002073,0,0,0
sz000018,6823,0,0
sz002050,20050,40159,1728
sh600395,26905,22332,0
sz002483,0,0,0
sh600651,7719,1200,0
sz300346,0,0,0
sh601618,23620,32253,0
sh600633,11274,6959,0
sz002612,0,0,0
sz300510,0,0,0
sz000650,0,0,0
sz002487,0,0,0
sh603869,907,0,0
sz300720,0,0,0
sh603011,948,0,0
sh600824,0,0,0
sz002656,1060,0,0
sh600844,0,0,0
sz300548,0,0,0
sh600819,2259,0,0
sh600435,4360,0,1257
sh600610,0,0,0
sz300095,0,3009,0
sh603980,0,1298,0
sz000715,0,0,0
sz300058,8593,8678,0
sz300044,20118,51016,0
sz002101,0,0,0
sz002157,16219,0,0
sh600595,17376,10661,0
sh600841,0,0,0
sh603936,0,0,0
sz000529,0,0,0
sz300286,700,0,0
sh600984,0,0,0
sz300601,613,261,0
sz000701,0,0,0
sh603890,970,2811,0
sz000897,4000,0,0
sz000585,0,7935,0
sz300703,0,0,0
sh600967,9139,5355,0
sh603766,80437,15165,0
sh601198,70326,73020,12138
sh603881,612,0,0
sz300101,35364,8203,0
sh600168,0,0,0
sz002287,446,0,0
sh603968,0,0,0
sh600850,946,5145,0
sh600291,10331,19341,0
sh603496,0,0,0
sh600847,0,0,0
sh600843,0,0,0
sz002576,3878,0,0
sz000692,2396,0,0
sh600528,2005,1996,0
sz002736,56571,103407,3372
sh600098,8501,0,0
sz300483,0,0,0
sh603333,0,0,0
sz002788,0,0,0
sh600191,5909,1165,0
sz300200,0,0,0
sh603203,0,0,0
sz002269,0,0,0
sz300431,10721,10475,802
sh603536,0,0,0
sz002031,3784,0,0
sh600867,4914,4424,617
sz300415,0,0,0
sz300244,0,1531,0
sz300515,0,0,0
sz002702,11148,0,0
sz000012,10512,29255,0
sh600585,49409,49864,2940
sh600568,80354,28221,0
sz002350,0,0,0
sz000673,13288,1954,0
sz300533,0,0,0
sh600665,0,0,0
sh603922,0,395,0
sh600023,148678,104382,4485
sz000802,3349,1000,0
sz300219,6043,0,0
sz000892,0,1461,0
sz300274,3688,7549,0
sh601991,36333,13000,0
sz300212,500,483,0
sz002886,0,0,0
sz002184,0,0,0
sz000848,1092,2627,0
sh603777,414,0,0
sh600800,0,0,0
sh600705,25383,29457,0
sz000593,1201,0,0
sz002435,0,0,0
sh600122,28613,15642,0
sh603661,682,162,0
sz002642,0,0,0
sh600857,0,0,0
sh603076,370,0,0
sz002505,0,0,0
sz000159,0,0,0
sz000977,17969,11578,0
sz002209,0,0,0
sz000682,0,0,0
sz300655,0,0,0
sz002765,0,0,0
sz300496,2153,938,0
sh601700,0,0,0
sz000710,235,822,0
sh600702,11578,9411,451
sh603663,0,0,0
sh603266,0,0,0
sh600530,0,1686,0
sh603617,0,0,0
sh600696,0,0,0
sh600897,0,996,0
sh600893,2311,3229,0
sz002903,0,1596,0
sh600795,59286,101738,0
sh600048,372188,349617,24057
sz002280,13327,1344,0
sz002451,0,0,0
sh600236,4671,2691,0
sh603639,0,0,0
sz002478,0,0,0
sz002055,1541,0,0
sh603833,0,187,0
sh601106,4288,0,0
sz300150,0,0,0
sh603025,0,0,0
sz300306,0,0,0
sz002391,0,856,0
sz300119,0,0,0
sh600004,3579,4985,0
sz000633,2000,0,0
sh601608,8392,22275,0
sz002872,0,0,0
sz300432,0,0,0
sz002527,0,0,0
sh600635,3771,4508,0
sz002530,0,0,0
sz000572,20131,2880,0
sz300339,0,0,0
sz300406,999,0,0
sz000821,0,0,0
sz300137,6032,4190,0
sz000767,4000,5000,0
sz002627,0,0,0
sz002845,0,504,0
sh603225,12458,7228,540
sz002806,540,926,0
sz002815,0,0,0
sh603885,2206,841,0
sz300062,0,0,0
sz002703,0,0,0
sz300467,802,0,0
sh603303,0,923,0
sz300013,2807,4803,0
sh600381,35382,115261,14589
sh601101,3293,2696,0
sh600563,275,1569,0
sz300723,1549,3766,768
sz300110,19631,14060,950
sh603377,3292,3483,0
sz300227,0,0,0
sz002289,1166,2500,0
sz002678,0,0,0
sh600354,1443,0,0
sh600148,0,0,0
sh600701,0,3614,0
sh603998,0,0,0
sh603020,0,0,0
sh600127,0,0,0
sz000785,0,0,0
sh601595,986,1310,0
sh600980,0,936,0
sh600891,0,0,0
sz002772,0,0,0
sz300321,1234,0,0
sh600077,0,0,0
sz000705,0,0,0
sz002255,0,0,0
sz002651,0,0,0
sh600596,34465,33225,0
sz002278,1000,0,0
sh600184,0,0,0
sh601113,0,811,0
sz000626,0,0,0
sz000825,163841,147926,0
sz300251,144722,130675,4464
sz002495,0,0,0
sz000851,0,0,0
sz000605,0,0,0
sz300297,1328,1593,0
sh603108,0,976,0
sh600262,0,0,0
sz002718,0,284,0
sh600348,7313,17897,0
sz300042,798,0,3338
sz300117,0,1667,0
sh600057,0,0,0
sz002670,27501,13930,3891
sh603129,0,0,0
sz300482,304,241,0
sz002218,5502,11489,0
sz300076,0,0,0
sh603126,1303,1028,0
sh600359,0,0,0
sz000720,0,0,0
sh603819,0,0,0
sh600603,0,0,0
sz002593,0,0,0
sz300499,0,0,0
sz002171,22135,9681,0
sz002321,66662,13100,11622
sh600894,0,0,0
sz002714,3580,1810,0
sh600830,0,0,0
sh603648,4333,8916,0
sz000861,0,0,0
sz002277,18342,4735,0
sh603887,624,900,0
sz000609,0,0,0
sz000608,8362,15303,1511
sz002514,0,0,0
sh600822,1694,1598,0
sh600505,1458,0,0
sz300350,0,1500,0
sz002590,0,0,0
sh603813,546,356,0
sh603787,0,0,0
sz002667,0,0,0
sz300359,3578,2243,0
sh601727,0,3970,0
sz002092,64857,48157,0
sh600771,898,1110,0
sz300474,5683,640,0
sz000043,3143,1844,0
sh600640,0,0,0
sh600856,21738,31910,0
sz300672,0,479,0
sz002293,0,933,0
sz002294,4700,5825,0
sz002265,923,0,0
sz002234,1000,0,0
sh600016,344575,461079,1641
sz300020,0,946,0
sh600782,261017,167753,15719
sz002566,0,0,0
sz002381,0,0,0
sz000613,0,0,0
sh600071,918,0,0
sh600970,2572,9695,0
sh603690,0,0,0
sz002513,0,0,0
sh600428,11258,4780,0
sz002881,0,0,0
sz300566,3765,0,0
sz300638,0,0,0
sh601611,2359,0,0
sh603920,0,0,0
sz002244,10071,19777,0
sz300052,3946,4459,0
sh603699,0,0,0
sz300055,2650,1349,0
sh600986,0,0,0
sz002848,0,0,0
sz002479,2207,2997,0
sz300696,0,0,0
sh600605,0,0,0
sh603160,177,195,0
sz000089,7798,14453,0
sh600776,2859,4851,0
sz000928,1620,3656,0
sz000955,0,0,0
sz300374,678,0,0
sz300177,0,0,0
sz300418,32722,15998,624
sz002639,5232,0,0
sz300509,0,0,0
sz300476,4115,2575,0
sz300587,0,0,0
sz002842,0,0,0
sz300300,0,0,0
sz300337,0,0,0
sz002920,3564,6188,310
sh600175,51466,2354,0
sh600310,0,0,0
sh601966,0,0,0
sh600812,0,4002,0
sz000612,0,0,0
sh603996,3505,0,0
sz300700,826,1377,361
sh600479,19607,1893,0
sz002624,10598,6390,502
sz002741,0,0,0
sz002601,9781,580,0
sh601858,0,0,0
sz000917,3087,9940,0
sh601169,149962,256468,0
sz002600,5523,8268,0
sz300643,0,0,0
sz300187,1000,0,0
sh600804,16096,4661,0
sz002750,0,0,0
sz000518,0,0,0
sh603933,0,0,0
sz300562,0,0,0
sh600503,16009,9599,0
sz002319,0,0,0
sz300396,0,0,0
sz300478,0,0,0
sz002706,0,0,0
sz002922,1571,3109,0
sh603100,0,0,0
sz300631,0,391,0
sz002162,0,0,0
sz002819,0,0,0
sz002608,0,0,0
sz002753,0,0,0
sh603005,0,365,0
sh603721,0,0,0
sz300718,0,0,0
sz002746,0,0,0
sh601886,1100,3135,0
sz002861,0,0,0
sz002916,27472,37969,6271
sz000809,0,0,0
sz000920,1047,0,0
sz300326,0,0,0
sz002221,2101,3202,0
sz002373,728,0,0
sz300540,0,0,0
sz002515,0,0,0
sz000505,0,0,0
sh601117,9789,36251,0
sh603055,0,1518,0
sh600658,1000,0,0
sh603586,0,0,0
sz300573,0,0,0
sz002130,0,2019,0
sz002867,0,1334,0
sz300390,0,0,0
sh600898,10913,7953,0
sz002067,18808,4083,0
sh600863,0,7200,0
sz000932,156584,228390,11709
sz002104,0,0,0
sh603517,883,1125,0
sz000403,1599,372,0
sz002873,0,0,0
sz300161,0,0,0
sh600581,86380,58490,4707
sz002420,0,0,0
sh600018,24281,58384,0
sz000507,0,11204,0
sh600919,86163,177318,1620
sh600939,8607,16127,0
sz300328,0,0,0
sh600851,0,0,0
sz002183,59323,49892,5936
sh601952,0,3783,0
sz002747,2000,0,0
sz000908,0,0,0
sh600687,2353,2932,0
sz002833,232,0,0
sz300545,0,0,0
sh600814,0,0,0
sh600237,0,0,0
sh601949,0,6608,0
sh603288,1090,1166,0
sz300105,0,0,0
sh600779,7893,3993,613
sz002213,0,0,0
sh600593,0,0,0
sz300449,0,0,0
sz300485,0,0,0
sz002389,0,0,0
sz300617,334,271,0
sz002662,0,0,0
sz300439,2282,705,0
sz300333,0,0,0
sz300120,0,0,0
sh600649,1426,0,0
sz002603,0,739,0
sh603283,10723,10872,1920
sz300029,0,0,0
sz000001,606684,627306,25075
sh603385,542,0,0
sz300429,0,0,0
sz300002,0,17667,5658
sh600587,0,0,0
sh600895,0,1175,0
sz300398,801,0,0
sh601211,67576,69557,974
sz000430,0,0,0
sz000732,131407,129908,14593
sz002841,148,0,0
sz000711,4882,0,0
sh600522,72516,70156,3208
sh600455,0,0,0
sh600496,0,2949,0
sz300457,625,0,0
sz300378,1669,0,0
sh600748,2802,0,0
sh600578,2954,0,0
sz002019,5527,3651,0
sh600643,3160,18403,1149
sh600446,35091,20459,645
sh600926,41656,77020,1957
sh600078,0,0,0
sz000893,3879,0,0
sz000756,951,1012,0
sh603456,0,0,0
sh600303,3065,0,0
sz300464,0,0,0
sh600461,0,1809,0
sz000036,3165,6849,0
sz002383,695,1400,0
sh600978,3503,1200,0
sh600234,0,0,0
sz000976,0,0,0
sz300488,0,0,0
sh600654,0,0,0
sz300602,0,0,0
sz300472,0,0,0
sz300701,0,0,0
sh600511,9716,2638,505
sz002869,0,0,0
sz300702,0,270,0
sz300571,1568,2753,0
sz000963,887,1068,0
sz300387,1086,0,0
sh600681,0,0,0
sh603918,0,0,0
sz002010,0,0,0
sh600422,0,1540,0
sh600598,21652,31634,0
sh600480,0,0,0
sz002309,2775,0,0
sz300148,15318,2938,1660
sh600731,0,0,0
sz002029,0,0,0
sz002097,0,0,0
sz002336,3619,9040,0
sh603879,0,0,0
sz002046,0,0,0
sz002619,0,0,0
sz002625,0,500,0
sz000060,155290,87590,12341
sz002911,5615,14656,491
sz002532,0,0,0
sz002331,1076,0,0
sh603838,0,0,0
sz300309,0,0,0
sz002565,0,0,0
sh600609,0,0,0
sz002564,0,3452,0
sz000856,8973,3509,0
sz300434,0,0,0
sh600611,0,11021,0
sz300250,0,0,0
sz300156,179057,215006,17830
sz002390,0,0,0
sh600292,0,1413,0
sh603088,4000,818,0
sz002762,0,744,0
sh603809,0,0,0
sz000888,2416,2768,0
sz001965,3969,10811,0
sz000616,0,10847,0
sh603817,0,803,0
sz000620,0,0,0
sh600719,0,0,0
sz002126,0,0,1379
sh600509,1528,0,0
sz002533,0,0,0
sz002456,84329,80897,2573
sh600855,1020,0,0
sh600550,5559,15276,0
sh603505,2873,3076,0
sz002200,0,0,0
sz002351,0,0,0
sh601801,7685,1189,0
sh600725,0,0,0
sz002790,0,0,0
sz300026,10656,11088,0
sh603899,2134,1898,0
sz002811,0,0,0
sz000600,6611,9756,0
sh603387,0,425,0
sz000733,1382,0,0
sh603313,0,0,0
sz002543,605,1315,0
sz002288,0,0,0
sz300233,0,0,0
sz002058,0,0,0
sz002518,0,0,0
sh603668,0,0,0
sz000557,40184,53146,0
sh603319,0,0,0
sz000863,0,0,0
sz000597,0,0,0
sh603737,0,0,0
sz300636,0,0,0
sh600207,0,0,0
sh603357,0,1432,0
sz000750,31157,30984,0
sz002484,0,0,0
sh600529,1111,500,0
sz002228,0,0,0
sz300001,1740,0,0
sz002450,31371,31120,2113
sz002888,516,0,0
sz300322,1231,0,0
sz300344,0,0,0
sh600219,86362,91755,0
sz002567,0,0,0
sz002697,5691,7589,0
sh600686,5552,0,0
sz000669,0,0,0
sh603355,300,0,0
sz300022,6693,0,0
sz300190,0,0,0
sh600196,22677,17442,399
sz000702,0,0,0
sh600723,0,0,0
sz300423,0,0,0
sz000953,0,0,0
sh600082,0,0,0
sh600498,4827,7196,0
sh603803,0,0,0
sz002785,0,0,0
sz000969,2794,2800,0
sz300063,2373,6881,0
sh603038,0,0,0
sz002602,3139,657,0
sh600639,0,0,0
sh600470,0,0,0
sz002025,4748,4469,0
sz002508,4039,2225,446
sz300294,0,1201,0
sh600778,0,0,0
sh600531,0,1639,0
sh603730,0,0,0
sh601900,0,1000,0
sz300446,0,0,0
sh601668,2295107,1823776,50375
sh600858,0,0,0
sz002268,968,524,0
sz000858,168615,100820,14760
sh603895,0,0,0
sh600393,1595,2513,0
sh603228,1526,2861,0
sh600363,1363,0,0
sz300312,1424,2665,0
sz002063,24850,32287,2316
sh600169,0,9689,0
sh601200,0,811,0
sz002915,6425,13138,2197
sz002544,0,0,0
sh600156,0,0,0
sh600387,38069,12884,0
sz300670,0,0,0
sz300264,0,0,0
sh603585,0,0,0
sz300425,0,0,0
sh603336,500,0,0
sh600371,1900,0,0
sh603158,0,0,0
sz002459,0,0,0
sh600285,0,1291,0
sz002557,0,0,0
sh601800,13454,30672,0
sz002707,2004,0,0
sz002394,0,0,0
sz000755,1728,0,0
sz300096,1408,3679,0
sz002752,5277,0,0
sz002727,10597,27456,0
sh603979,0,1000,0
sh603519,0,0,0
sz000936,0,2459,0
sz300164,0,5529,0
sz002640,5406,4560,0
sz002324,9227,570,0
sz300377,16249,7486,0
sz300047,9243,12984,0
sh603669,0,0,0
sz002365,464,807,0
sh600815,0,0,0
sz300618,1813,2595,103
sh603725,668,531,0
sz002636,917,0,0
sh601011,30025,6521,0
sh600039,0,12030,0
sh600182,0,0,0
sz000016,31137,16004,1558
sz300107,45001,10343,2708
sz000670,1643,0,0
sh600439,0,4161,0
sz300146,50631,18618,0
sh600103,0,0,0
sh600198,3100,2006,0
sh600255,0,0,0
sh601107,0,0,0
sh600385,0,0,0
sh600159,0,3000,0
sz002045,1908,8623,0
sz000712,1526,7977,0
sh603179,1301,0,0
sh600518,10825,12112,2207
sz000611,0,0,0
sz000553,8689,624,0
sz002709,2112,3575,0
sz002681,2647,0,0
sz300565,0,0,0
sz300529,0,0,0
sh600199,1300,1727,0
sh600135,0,0,0
sh603458,151,786,0
sz000048,0,0,0
sh600463,933,3421,0
sz300733,0,0,0
sh601008,0,0,0
sz002229,0,0,0
sh603883,264,755,0
sz002480,0,0,0
sz002616,0,0,0
sz300261,0,0,0
sz300051,0,2897,0
sz002388,0,0,0
sz000883,8808,5147,0
sz002216,0,0,0
sh600276,20395,13997,962
sh600225,0,0,0
sz002562,0,0,0
sz002017,0,0,0
sh600231,42514,32825,0
sz300056,0,0,0
sz002852,0,0,0
sh600684,7077,7618,0
sh600746,0,0,0
sz002820,406,466,0
sh600258,3082,1014,0
sz000587,21722,14012,0
sz002286,1993,0,0
sz300687,0,0,0
sh603183,347,0,0
sh603977,0,0,0
sh600816,11738,12631,0
sz300118,2954,3867,0
sz002700,0,0,0
sh603722,609,349,250
sh600302,0,0,0
sh601368,0,0,0
sz002613,0,0,0
sh603612,0,0,0
sz300375,0,1471,0
sz300366,1048,0,0
sz300688,236,0,0
sz300552,0,0,0
sz002810,0,0,0
sz000404,1797,0,0
sh600976,0,0,0
sh600211,0,0,0
sz000988,3883,1706,0
sh603056,0,0,0
sh600308,28001,5561,0
sz002135,0,0,0
sz002542,1262,2020,0
sz002343,3392,4067,0
sz002378,1538,0,0
sz300050,3703,1265,0
sz002884,0,200,0
sh601099,110854,131688,0
sh603966,0,0,0
sh600716,0,8569,0
sz002165,3947,2076,0
sz000676,0,1003,0
sh600525,8716,5678,0
sz002716,3520,5168,0
sz002238,0,0,0
sz002283,0,0,0
sh601258,15977,28898,0
sh600476,0,0,0
sz300470,544,1691,0
sh600459,0,1114,0
sz002776,0,0,0
sz300568,368,0,0
sz000560,4050,0,0
sz000413,69026,46969,0
sz300612,20339,12716,4820
sz002645,0,479,0
sh601390,29105,39979,0
sz300709,0,412,0
sh600379,2000,0,0
sh603311,0,0,0
sz000661,2070,782,102
sz000637,0,0,0
sz002664,1600,0,0
sz300495,20239,2690,0
sh600493,1431,3188,0
sz002673,41157,38588,8243
sz002404,0,0,0
sz000551,0,0,0
sh601890,0,2016,0
sh603042,0,0,0
sz000999,4368,1636,0
sz300691,0,0,0
sh603322,0,249,0
sz300290,0,0,0
sz300192,0,0,0
sz300517,0,0,0
sh600888,1627,2033,0
sh600543,0,1000,0
sz002882,0,850,0
sz300705,0,0,0
sz300082,5495,0,0
sz300202,4716,1007,0
sh600192,0,0,0
sz002263,0,0,0
sz300596,0,0,0
sh603043,0,0,0
sz002026,0,0,0
sh600173,0,0,0
sh600755,45919,61398,0
sz300452,0,476,0
sz000548,0,0,0
sz002889,1335,1175,0
sh603976,0,0,0
sz000651,492886,307451,51668
sz300154,0,0,0
sz300064,22757,4037,0
sh600481,0,0,0
sz300671,0,0,0
sz000657,0,0,0
sz000902,0,1813,0
sz300623,0,0,0
sz300417,0,0,0
sz002246,953,0,0
sz300201,0,0,0
sh600823,54829,60490,0
sz000656,10645,11017,0
sh600570,47351,31201,5054
sz300443,0,812,0
sz002348,2060,0,0
sz002723,0,0,0
sh603002,0,0,0
sz002641,3000,0,0
sh603896,0,904,0
sh600536,2516,7767,0
sh601633,5701,2497,0
sz300271,12506,3556,731
sz300031,0,0,0
sz000753,0,0,0
sh603117,0,0,0
sz000525,5605,465,0
sh600054,1806,1001,0
sh600019,955014,1050118,41570
sz002356,354,383,0
sh601928,2590,5874,0
sz002713,1772,1073,535
sh603689,0,884,0
sz300091,0,0,0
sh603238,0,0,0
sh600996,1290,4468,0
sz000096,0,0,0
sz300035,0,0,0
sh600228,810,0,0
sh603889,5518,781,0
sz000716,0,0,0
sz300590,0,0,0
sz002715,0,0,0
sz002305,6862,4616,0
sh603335,0,0,0
sz002792,0,400,0
sh603320,0,0,0
sz000150,0,0,0
sz000898,64393,77758,3422
sh600533,0,2500,0
sz000603,1029,0,0
sz000526,374,0,0
sh600289,6542,0,0
sh600637,5753,4082,0
sh600208,206551,199945,0
sh601226,2500,0,0
sz002266,6263,0,0
sz002732,0,350,0
sz300553,0,0,0
sh600560,0,0,0
sh601888,17517,19868,328
sz002276,0,0,0
sh600218,0,0,0
sh601777,0,0,0
sz002477,48521,7835,0
sz300607,300,0,0
sz002114,742,0,0
sz000559,4439,3127,0
sh600072,1000,1728,0
sz300527,0,0,0
sh603698,0,0,0
sz002657,4511,3717,463
sz000401,20105,28807,0
sz002855,0,0,0
sh600158,0,0,0
sh603685,0,391,0
sh603616,770,673,0
sz300615,0,457,0
sz002379,3814,0,0
sz002853,3310,2047,527
sh600900,30932,62796,0
sz002878,0,0,0
sz300317,0,1000,0
sz000836,3296,4450,0
sh601128,41827,103892,4055
sh600677,0,0,0
sh600510,0,0,0
sz002782,0,0,0
sh603626,725,1286,0
sh600866,0,0,0
sz002584,2810,2636,0
sh603978,0,311,0
sh600382,0,0,0
sz002655,1305,0,0
sz002080,2529,671,0
sh603339,0,0,0
sh601828,0,0,0
sz300115,28418,16170,0
sz002056,6592,9099,0
sh603600,846,0,0
sh600697,0,0,0
sh603006,0,0,0
sz300268,0,0,0
sz002457,0,0,0
sh600708,83204,28368,0
sh600810,0,0,0
sh601718,0,2000,0
sz300111,0,0,0
sh600239,90685,115745,2825
sh600873,4195,7244,0
sh603035,0,0,0
sh600720,20051,30822,2957
sh600885,665,298,0
sh601010,2965,0,0
sh600335,3000,1000,0
sh603993,670131,384723,1320
sz300097,2690,960,0
sz000153,0,0,0
sz002022,1900,0,0
sz000533,11683,4060,0
sz002138,2105,8182,0
sz002205,0,0,0
sz002084,0,0,0
sz300469,0,0,0
sz002225,0,2802,0
sz000779,900,0,0
sz002206,0,1859,0
sz002796,0,0,0
sh600362,58472,56650,2539
sh601108,86786,142657,11839
sz300242,0,9509,0
sz002292,6857,7015,0
sh600081,800,0,0
sz300727,5479,3587,1000
sh600628,0,0,0
sh600992,3856,1581,4149
sz002372,1003,1375,0
sh603399,0,700,0
sz002191,0,0,0
sz300569,0,0,0
sh600660,15827,8265,0
sh600278,0,0,0
sz002369,4951,9333,0
sz300166,865,0,0
sz002153,2974,3491,504
sh600336,0,0,0
sh603386,937,0,0
sz300208,2205,3164,0
sz002043,2632,1800,0
sz002016,0,1321,0
sh600373,11475,9449,0
sz300204,0,0,0
sh600689,0,0,0
sh600012,0,0,0
sz300341,0,0,0
sz002574,0,0,0
sz300608,0,0,0
sz000514,0,0,0
sz002123,4003,0,0
sz002013,1470,0,0
sh600053,0,0,0
sh600186,6051,27517,0
sz002328,0,0,0
sz002376,900,1000,0
sz002679,0,0,0
sh600775,2960,0,0
sz002531,3260,1542,0
sz300340,6014,7755,799
sz002751,293,3105,0
sz002208,0,0,0
sh600694,656,378,0
sz000636,26548,22271,1010
sz000906,0,0,0
sz002061,10660,1887,0
sz002352,816,1554,307
sh601021,2083,0,0
sh600338,1744,544,0
sz300182,8949,20183,1425
sz002198,0,0,0
sh601375,65178,99558,0
sz300669,0,748,0
sz002611,1472,0,0
sz002871,0,0,0
sz000869,300,1218,0
sz000663,6418,0,0
sh600099,0,0,0
sz002799,0,0,0
sz300172,0,0,0
sh603818,0,0,0
sh600058,1000,961,0
sh603278,0,1013,0
sh603050,1539,500,0
sh603877,0,0,0
sh603421,0,0,0
sz300370,10060,6000,0
sh600559,6551,3033,390
sh600486,242,333,0
sh600793,2231,500,0
sz000958,2026,9087,0
sh601988,1488288,1558379,13650
sz000630,32907,33993,0
sz002139,1444,0,0
sz002749,0,0,0
sz000728,25595,22543,0
sh601989,202928,175106,0
sz300731,0,0,0
sh600055,1000,700,0
sh600353,0,0,0
sh601366,0,0,0
sh600488,0,0,0
sz300211,0,0,0
sz002538,36966,38492,0
sz002802,0,0,0
sz002178,0,0,0
sz000617,0,0,0
sz300130,0,500,0
sz002133,0,0,0
sz002167,1341,0,0
sh600837,30886,36810,2160
sz300273,1177,0,0
sz300597,0,0,0
sh603022,0,0,0
sh600106,0,0,0
sz300103,0,0,0
sz300526,0,0,0
sz300147,0,0,0
sz000582,0,1670,0
sh600859,2593,3137,514
sz002843,0,0,0
sz300584,583,0,0
sz002419,2141,1929,0
sz000100,406339,352255,0
sz000615,17989,22481,0
sz002384,10537,15374,493
sz002077,1597,849,0
sh603556,0,0,0
sh603398,0,0,0
sh603567,0,0,0
sh600636,0,0,0
sz002172,0,2202,0
sz002556,8264,0,0
sz002919,0,1428,0
sz300036,1807,1625,0
sz002501,1199,2333,0
sh600067,0,0,0
sz300178,0,0,0
sz000752,0,0,0
sh600222,0,0,0
sz002363,0,0,0
sh600346,18945,10489,0
sh603269,1082,582,0
sz300102,1699,0,1516
sz300698,8622,13406,696
sz000810,0,0,0
sz000541,6127,1100,0
sh600271,10820,10095,2055
sh603908,0,0,0
sz300045,0,0,0
sh600828,0,0,0
sh601799,241,305,0
sh603096,0,238,0
sh603926,0,0,0
sz000544,1005,5412,0
sz002070,0,0,0
sh603345,859,0,0
sh603086,0,0,0
sh600500,2601,0,0
sz000739,0,0,0
sh601866,4208,0,0
sz002688,0,0,0
sz300158,1759,800,0
sh600331,7260,9526,0
sz002652,0,1500,0
sh600558,0,2000,0
sz300254,0,0,0
sh600663,521,0,0
sz002099,0,2536,0
sz300508,0,187,0
sh600388,22492,4997,0
sz300293,0,0,0
sz000679,4605,0,0
sh600903,161163,182461,60003
sz300405,713,0,0
sz300277,0,0,0
sz002893,1161,2030,0
sz300386,0,1404,0
sh600010,99283,89525,0
sz300241,0,3293,0
sh600802,0,0,0
sz002201,0,0,0
sh600419,0,0,0
sh603559,743,1601,0
sz300535,0,0,0
sh603868,724,458,271
sh601818,1664197,1493242,10821
sh600333,1861,0,0
sz002140,0,0,0
sz002770,3206,3147,0
sh603630,0,0,0
sz002654,0,0,0
sz002411,0,0,0
sz300591,0,0,0
sz000687,1906,1100,0
sz002330,0,7168,0
sh600583,15903,25677,0
sz000596,4242,1406,0
sh600330,5748,8449,0
sz000665,7879,2166,979
sh600647,0,0,0
sz002210,49041,17319,2100
sh600860,0,0,0
sh600399,21303,7033,0
sh603528,0,1800,0
sh600773,0,5364,0
sz002249,5010,0,0
sh600491,12483,0,1101
sh600764,4745,2481,2130
sh603568,6034,511,554
sz300266,7569,963,0
sh603579,354,138,0
sz002036,2642,2462,0
sh603416,1586,2665,801
sh600728,11393,4821,0
sh600340,74923,70342,9455
sh603611,0,0,0
sz300183,0,1700,0
sz000887,1300,2984,0
sz000751,38553,16045,0
sh603444,50,0,0
sz300662,0,0,0
sz300505,0,0,0
sz002412,0,0,0
sz002291,0,0,0
sh603726,0,0,0
sz300348,0,0,0
sh600648,0,0,0
sz300719,31554,46722,7925
sz002540,0,5675,0
sh600429,0,0,0
sh601918,13550,3700,0
sz002224,4548,0,0
sz000023,0,0,0
sh600579,0,0,0
sz002264,28215,5501,0
sh601933,625197,411838,25640
sz300100,0,0,0
sz002421,11154,4973,0
sh603118,0,0,0
sz300554,0,150,0
sh600961,0,0,0
sz300075,0,678,0
sh603999,0,0,0
sz002409,1012,1558,0
sh600704,2343,4596,0
sz000026,0,0,0
sh603103,3004,434,340
sh600977,55904,15077,0
sz002418,0,0,0
sz002591,0,0,0
sz002233,5394,2041,0
sz300296,9306,2087,0
sz300307,1371,0,0
sh600552,103696,51459,0
sh600200,0,1010,0
sz000531,0,0,0
sz002497,8232,7587,0
sh600251,0,2871,0
sz300342,0,0,0
sh601001,5690,8293,0
sz300291,25510,25124,0
sz002813,0,0,0
sz300645,0,0,0
sz300518,0,0,0
sz000823,871,1000,0
sz300550,0,0,0
sh601168,37887,21696,0
sz300575,0,300,0
sh600575,5051,4608,0
sh603676,9473,12456,0
sh600436,14467,4074,766
sz000524,0,0,0
sh600356,0,0,0
sh600408,0,0,0
sh600785,0,0,0
sh603286,372,0,0
sh600178,0,0,0
sh600724,0,0,0
sz002606,29255,12925,1013
sz000913,0,0,0
sh600350,12516,14668,0
sz000793,11914,1082,0
sh600015,80905,129327,0
sz002617,1459,0,0
sz300142,25335,7864,0
sh603501,598,850,0
sh600383,108446,126255,2906
sh600787,16294,17402,0
sz002589,0,900,0
sh600556,0,0,0
sz000410,3583,1038,0
sh603239,0,0,0
sh600908,99278,100626,16228
sz000554,0,3850,0
sh603199,0,2215,0
sh600703,177889,176721,10826
sz300270,0,0,0
sz300033,46439,67958,2290
sh600062,1400,540,0
sh603619,3366,6317,0
sz300382,6486,0,0
sz002334,4852,0,0
sz300206,1458,0,0
sh603609,0,0,0
sz002252,0,551,0
sz002401,0,0,0
sz300263,0,0,0
sz000683,36920,0,0
sz002890,0,0,0
sz002038,2636,908,0
sz300185,17012,17033,0
sh601628,38348,39572,1745
sz300232,4870,0,0
sh600223,5442,0,0
sh600215,0,0,0
sh603300,1434,1283,0
sz300272,0,0,0
sh601116,2516,0,0
sz000584,2494,0,0
sz002836,1385,0,0
sh600758,0,0,0
sh603010,0,0,0
sz002295,0,0,0
sz002735,0,1189,0
sz000606,0,0,0
sz000576,0,0,0
sh603029,0,0,0
sz300635,0,0,0
sz002342,9322,16726,4862
sz002686,0,935,0
sz002215,1500,0,0
sz002465,3419,6380,0
sz002406,0,0,0
sz002359,10242,1369,500
sh600079,12670,9179,0
sz002141,0,1899,0
sz300502,1006,612,0
sz000059,10287,13565,0
sz002535,2197,0,0
sh600692,0,5801,0
sh600966,7979,3590,0
sz300442,0,0,0
sh600738,0,0,0
sz300181,1683,2082,0
sz300706,142,1436,0
sz002822,1276,5992,0
sz300362,3681,3445,0
sz300025,2529,3000,0
sz300420,0,0,0
sh601992,66649,103683,0
sz002095,4247,12274,0
sh600777,69222,37612,0
sh603906,0,0,0
sh600871,26032,22643,0
sz000045,0,0,0
sh600691,12385,37728,0
sh601985,20379,70451,0
sz000803,0,0,0
sz000985,0,0,0
sz000065,0,1189,0
sh600747,0,0,0
sh603606,0,0,0
sz000672,32017,25152,1277
sz300491,0,0,0
sz300633,0,0,0
sh600266,745,5753,0
sz300255,1637,4000,0
sz000965,0,0,0
sz000423,35299,19393,2442
sz002193,0,0,0
sh600655,0,0,0
sz300329,0,0,0
sh601288,2542892,3464524,15269
sz002797,439217,494943,30654
sh603200,300,930,0
sh600886,40103,3971,0
sz002807,235618,239195,28462
sz300616,69,0,0
sz000488,94774,137805,1478
sz002900,0,1288,0
sh600613,0,0,0
sh600998,0,0,0
sz300536,0,0,0
sh601599,2340,0,0
sh600562,895,2109,0
sh601872,0,0,0
sz000949,0,0,0
sz300320,5123,2000,0
sz300620,0,0,0
sz002907,30502,19957,3891
sh603157,791,0,0
sh600066,11631,5489,0
sz000062,998,0,0
sz002504,0,0,0
sz300193,0,0,0
sz002699,0,0,0
sz000017,0,0,0
sh600467,8360,3445,0
sz300393,300,807,0
sz002491,2361,0,0
sh600797,7888,1400,0
sz300542,1769,3940,0
sh600238,0,0,0
sz002669,0,0,0
sh603316,0,0,0
sh603169,1275,0,0
sh603888,2152,511,426
sz002500,32475,26014,0
sh601016,0,3751,0
sz300016,1055,0,0
sh600091,0,0,0
sh600380,21568,8884,0
sz002317,0,917,0
sz000040,2200,929,0
sz002568,0,0,0
sz300162,0,1446,0
sz300217,3750,4210,0
sz000970,4296,5276,0
sh600209,33109,35019,2170
sh603299,2983,1000,0
sz000719,0,0,0
sz002059,0,0,0
sh600163,0,0,0
sz002405,39916,21800,2492
sh603229,0,0,0
sh600722,0,0,0
sh600128,0,0,0
sh600483,2114,0,0
sh603223,0,0,0
sh600138,22769,9940,578
sz000828,0,0,0
sz000008,0,1300,0
sz002653,0,0,0
sz300710,0,302,0
sh600622,0,0,0
sz002586,0,0,0
sh600389,0,0,0
sz000778,8107,7423,0
sz000158,1306,0,0
sz300408,3749,9559,0
sz000959,3014,1841,0
sh600136,1356,0,0
sh600249,0,0,0
sh601166,1898375,1618874,20685
sh600212,6508,9468,0
sh603878,0,600,0
sh601188,0,0,0
sz002896,0,0,0
sz002349,0,0,0
sz002445,6535,10434,0
sz300511,0,0,0
sz002463,21564,9796,0
sz300708,30399,17509,656
sh600698,1485,0,0
sh603181,410,0,0
sz002891,0,0,0
sh600653,0,0,0
sh603383,0,0,276
sh600887,229279,213486,10318
sz002374,0,2200,0
sh600076,0,2948,0
sh600252,0,4140,0
sz300376,21300,68768,1740
sh603380,0,0,0
sz002370,0,0,0
sz002079,0,0,0
sz000416,0,0,0
sz002880,0,0,0
sz002318,0,0,0
sz002296,6379,2224,0
sz002027,232946,160299,9871
sz300559,0,0,0
sz002626,500,0,0
sh600063,2800,8905,0
sz000981,0,6113,0
sz300355,56318,30062,0
sz000875,9900,7552,0
sz002690,0,1781,0
sh600108,0,5668,0
sh600997,9252,0,0
sz300520,1004,0,0
sh600170,43774,26585,0
sz002062,0,3037,0
sh603848,2797,20122,603
sh600161,2791,2212,0
sz002006,5229,0,0
sh600130,0,0,0
sz002066,0,0,0
sz000659,0,3000,0
sh603019,27590,21019,1397
sh601798,0,0,0
sz002181,0,0,0
sh603557,744,0,0
sz002724,0,0,0
sz002093,0,1100,0
sz300282,0,0,0
sz000968,0,1013,0
sh603041,0,0,0
sz002012,22279,8983,6788
sz002237,1578,7670,0
sz300280,0,1219,0
sz002240,0,1839,0
sz300419,0,0,0
sz002877,0,0,0
sz002121,1200,1737,0
sz300371,0,0,0
sh603916,928,4399,0
sz000889,0,0,0
sz000677,0,2807,0
sh603328,0,1004,0
sh603757,0,0,0
sz300349,1039,2561,0
sz002620,0,0,0
sz300461,316,168,0
sz300546,0,0,0
sh600754,1917,1746,0
sh603707,502,354,0
sz300084,0,0,0
sh600355,9210,6011,0
sz300043,0,0,0
sh600256,22481,19113,0
sz002197,1064,0,0
sz000795,2497,0,0
sz002618,0,889,0
sz002898,0,0,0
sz300027,178630,80171,10474
sz300450,4635,3578,406
sz300324,25653,4911,0
sz000627,10414,7098,0
sz300160,1932,0,0
sh601566,1651,0,0
sh601000,22042,84718,0
sh601155,27599,35164,2094
sz002299,1435,3357,0
sz300629,423,1974,290
sh600064,727,1075,0
sh600834,0,0,0
sh600652,8257,4762,0
sh603615,0,0,0
sh603779,0,0,0
sz300622,0,0,0
sz002030,0,0,0
sz300479,0,0,0
sh600444,2515,0,0
sz300624,0,0,0
sh600714,0,0,0
sh600582,0,0,0
sz300437,0,0,0
sh600177,1150,6077,1592
sh603718,9400,0,0
sh600290,7829,0,0
sz300360,0,0,0
sz000980,5042,1075,0
sz000408,2730,680,0
sh600370,0,0,0
sh600833,0,0,0
sz002687,0,0,0
sz002150,0,0,0
sz002680,800,0,0
sz002510,0,1800,0
sh603859,0,0,0
sz002490,0,0,0
sz300106,3947,0,0
sh603189,0,0,0
sz002650,4596,0,0
sz002111,882,0,0
sh603658,274,0,0
sz000565,0,0,0
sz002763,0,0,0
sh603628,0,0,0
sz300711,1042,3862,0
sz300522,0,0,0
sh603578,0,0,0
sz002529,0,0,0
sh600322,0,2230,0
sz000678,0,0,0
sh601058,0,4077,0
sh601666,44762,42617,0
sz000151,0,0,0
sh603533,323,729,785
sz000631,0,0,0
sh601019,930,4330,0
sh600874,10906,11803,0
sh603036,0,0,0
sz300069,302,0,0
sz000402,7786,14285,0
sh600421,0,2610,0
sz002170,0,0,0
sh600707,31925,10377,0
sz300139,0,0,0
sh603003,0,0,0
sz300410,1167,945,0
sh603123,0,0,0
sz000982,19024,2403,0
sz002413,0,1583,0
sh600869,4194,0,0
sz300074,3877,2609,0
sh600749,0,0,0
sz002719,0,0,0
sz002042,858,819,0
sh600982,0,0,0
sz300015,1327,2453,0
sh601811,0,0,0
sh603729,300,0,244
sz300738,0,0,0
sz300490,0,0,0
sz300699,1659,3642,0
sh600890,1102,3806,0
sh600875,18163,6221,0
sh603222,0,0,0
sz300310,0,1150,0
sz002116,0,0,0
sz300400,0,0,0
sz000880,0,0,0
sz002355,998,1608,0
sh600288,0,0,0
sz002212,51632,9310,2054
sh600460,148925,96302,6580
sz000852,0,0,0
sh600007,1800,0,0
sh603558,0,0,0
sh600478,0,0,0
sz002808,0,0,0
sh603198,0,0,0
sz002199,0,0,0
sz002333,0,838,0
sz002481,14745,4633,0
sz300421,0,0,0
sh603900,0,0,0
sz000690,2588,5620,0
sz002812,0,120,0
sz002023,3159,0,0
sz000537,817,9749,0
sz000638,11593,7613,0
sz300649,1142,1000,0
sz000776,87058,83940,2258
sh603131,466,644,0
sh600739,1798,4426,0
sh600718,3099,3288,0
sz002466,17335,18146,1693
sz002226,0,0,0
sz000811,0,2000,0
sh603180,103,0,0
sh603369,20092,3889,0
sh601002,4378,6585,0
sh600299,0,1027,0
sz002917,7935,11405,1024
sz000697,1704,501,0
sh600621,56753,92508,5848
sh601318,510237,473550,81539
sh600490,10653,9408,0
sz002821,0,0,0
sz300489,0,0,0
sz002313,3859,3773,0
sh603177,1449,962,0
sh603016,4024,12026,0
sz300065,0,811,0
sz000695,0,0,0
sz300627,0,0,0
sz002722,0,412,0
sz002570,25320,16236,0
sh603569,0,0,0
sh600712,0,0,0
sh600979,0,0,0
sz002777,0,0,0
sh600988,0,4452,0
sh603727,0,0,0
sz000543,17944,9647,0
sz002053,0,928,0
sh603077,124580,103118,0
sz002708,0,0,0
sh603856,534,1274,0
sh603515,0,439,0
sh600125,10374,18709,0
sz002322,1360,1395,0
sh600123,5934,24249,0
sh600516,350907,213654,16568
sh601588,0,31865,0
sz002267,0,1414,0
sz000998,16263,28004,2137
sh603688,0,0,0
sz002498,0,0,0
sh603197,452,800,0
sz000736,0,0,0
sh603816,551,603,0
sh600515,7254,7781,0
sz000709,156805,138319,0
sh600306,0,2006,0
sz002207,4709,0,0
sh600615,0,0,0
sh600287,0,1527,0
sh600668,1042,0,0
sh603308,0,0,0
sz300023,1820,0,0
sz000967,7626,3709,0
sz002143,7408,9293,0
sh600193,0,0,0
sh600715,4715,6170,0
sh603389,0,0,0
sz300693,0,607,0
sz300135,0,0,0
sz300579,0,246,0
sz000502,0,0,0
sh603768,0,0,0
sz002069,0,0,0
sh600307,52656,53194,0
sz300394,0,0,0
sz002001,31233,22380,266
sh601233,21155,16097,472
sh603800,0,0,0
sh603843,0,2711,2619
sz002550,9986,9797,0
sz300171,0,0,0
sz300555,0,0,0
sh600983,0,0,0
sh601996,11856,7817,0
sz002775,572,0,0
sh603665,0,0,0
sh600693,2000,12439,0
sz002424,950,750,0
sz002085,0,0,0
sz300647,0,0,0
sh600090,0,3000,0
sz300367,9603,1412,0
sz000731,1410,1479,0
sz002824,0,0,0
sz002304,11296,9151,997
sz002691,0,0,0
sz002547,2001,2771,0
sh600641,2242,3940,0
sh600750,461,1314,0
sh601789,0,2449,0
sh603538,487,0,0
sz300721,0,0,338
sz002728,0,0,0
sh600638,0,0,0
sz300222,8010,2185,0
sz300004,5688,0,0
sz002825,0,0,0
sh600089,55696,118041,0
sz002326,0,1094,0
sz000831,3474,4765,0
sz000607,0,0,0
sh603636,1360,0,0
sh600678,5337,0,0
sz002918,978,1303,0
sz000783,37122,27365,0
sh603799,21586,14414,2556
sz300541,0,0,0
sh600074,0,0,0
sz000504,3328,400,0
sh603085,0,0,0
sh600862,0,0,0
sh603711,2603,3629,819
sz300583,0,0,0
sz300188,7158,2696,0
sh601100,1580,1763,0
sz000025,282,329,0
sh601222,4610,4034,0
sz300695,0,0,0
sh600760,5226,4733,0
sh600386,0,0,0
sz002659,0,0,0
sz000762,1551,820,0
sz002400,4795,10162,0
sz000929,0,0,0
sz002745,0,0,0
sz300661,0,201,0
sz300283,0,0,0
sh601929,35431,9921,0
sz000707,0,3470,0
sh603679,0,0,0
sz300460,0,0,0
sz000822,0,1291,0
sz002905,457,309,0
sh600623,0,0,1585
sh600826,0,0,0
sz300129,0,0,0
sz002660,0,0,0
sz001896,1959,0,0
sz300459,0,0,0
sh600761,0,0,0
sz300603,0,0,0
sz000799,2948,758,0
sz002132,0,0,0
sh600415,7626,5175,0
sz000619,4359,2363,0
sz300253,18976,2239,0
sz002787,0,0,0
sh600662,0,0,0
sz002337,0,0,0
sz002778,539,0,0
sh603938,0,0,0
sz300093,0,0,0
sz000957,0,0,0
sh600401,0,10718,0
sz000655,0,0,0
sz000568,30096,22314,343
sz300057,0,0,0
sz300234,0,0,0
sz300380,2937,19068,0
sh600879,3298,7090,0
sh600448,2000,0,0
sz002839,236532,224905,28280
sz300440,1908,3050,0
sz002537,0,1030,0
sh600565,16219,0,0
sz000546,6302,0,0
sz002908,4398,9933,0
sz300667,0,0,0
sh603703,0,0,0
sz002270,0,0,0
sh600537,2364,0,0
sh603970,857,2038,0
sh600790,0,0,0
sz002509,29996,13793,0
sz002629,0,0,0
sz000338,100305,117733,0
sh600521,3883,9395,0
sh600674,7443,7064,0
sz300066,0,0,0
sz000759,6880,2645,0
sz300068,0,0,1462
sz002214,0,0,0
sh603208,0,0,0
sz300538,800,0,0
sh600405,0,0,0
sz002658,0,0,0
sz300477,0,650,0
sh600499,15506,21120,0
sz000990,0,0,0
sz002118,2667,4754,0
sh603659,0,323,0
sz300606,0,0,0
sz000909,0,0,0
sz300537,0,0,0
sh600006,0,0,0
sz002327,6189,2127,0
sz300585,562,557,0
sz000662,0,0,0
sh603060,0,0,0
sz300414,0,0,0
sh600171,13433,17550,0
sh600576,0,4028,0
sh603989,1055,1757,0
sz300276,2044,4830,0
sz000948,0,0,0
sz000090,2743,1736,0
sz002503,0,0,0
sz002846,0,0,0
sz002408,10640,910,0
sz002526,0,0,0
sh601898,0,7230,0
sh600037,0,0,0
sz002476,3100,0,0
sz000425,94442,186313,0
sh601500,0,1270,0
sh600743,0,17033,0
sh601999,0,0,0
sh600272,0,0,0
sz002469,0,0,0
sh603555,14389,21682,0
sh600313,0,0,0
sh600029,745086,717186,35445
sz300048,0,3064,0
sz002146,164204,180385,4910
sh600796,0,0,0
sh600963,0,9647,0
sz300203,3136,1465,0
sz300604,492,0,0
sz000061,0,0,0
sh600512,8082,7000,0
sh603110,0,0,0
sh603638,0,0,0
sh600853,0,0,0
sz300519,0,0,0
sh603808,0,0,0
sz300053,72476,43342,2856
sz002437,6890,0,0
sh600546,10145,22135,0
sh603260,4543,4581,0
sz002757,0,303,0
sz300199,5130,2902,0
sz000983,53871,36865,10016
sz000070,0,0,0
sz002161,2906,0,0
sz300132,0,0,0
sh600155,21013,18474,2502
sh603499,0,418,0
sh603388,12116,32651,595
sz002148,2796,1186,0
sh600933,839,3293,0
sh600423,0,0,0
sz000708,0,0,0
sz002164,0,0,0
sz000014,0,857,0
sz002663,0,0,0
sz002912,2071,2771,91
sh600070,0,0,0
sh603331,0,0,0
sh600626,0,0,0
sh600805,0,0,0
sz000570,0,0,0
sz300114,0,0,0
sz300228,1992,0,0
sz300619,0,0,0
sz300216,0,0,0
sz300403,0,0,0
sz002899,2006,1014,0
sz002057,0,910,0
sz002909,541,546,0
sz002599,0,0,0
sz300235,0,0,0
sz002360,0,0,0
sz000027,7366,3424,0
sz002272,0,0,0
sh600736,0,0,0
sh600507,83265,65300,12679
sz000561,0,0,0
sz300558,0,0,0
sh603080,21833,15132,2910
sz002879,9101,4578,7132
sh600567,46487,45891,0
sh601788,16120,15149,0
sz002447,34868,58040,2114
sz300673,0,0,0
sz000680,0,0,0
sz300422,1000,0,0
sh603903,0,0,0
sz300170,24271,1671,2539
sz002211,0,0,0
sz002323,0,0,0
sz002298,0,0,0
sz000020,0,0,0
sh603358,0,0,0
sh603031,0,0,0
sz000951,1329,1493,0
sh603289,591,2538,0
sz002003,3905,5370,0
sz002261,8859,2009,0
sz002009,1832,0,0
sh600608,0,0,0
sz300395,926,0,0
sz300007,0,1016,0
sz300715,0,0,0
sh600675,3870,2200,0
sz300480,0,0,0
sz002113,0,0,0
sz000667,22554,26783,0
sz000088,0,0,0
sz300252,0,0,0
sz002007,4942,5427,0
sz300303,0,12758,0
sh600770,5431,0,0
sz000610,0,0,0
sz000987,0,3526,0
sz300230,0,0,0
sz002800,0,0,0
sz300269,5437,5700,0
sz002425,1353,66479,1418
sh603321,0,1026,0
sz002546,0,0,0
sh603963,0,0,0
sh603113,0,0,0
sz002034,0,236,0
sz002262,2552,1677,0
sz300498,19089,9726,0
sz002677,1208,0,0
sh600139,0,0,0
sz300214,0,0,0
sh600601,0,0,0
sz002868,921,0,0
sh603008,0,1339,0
sz000049,686,2550,0
sh603063,0,0,0
sz002646,0,1450,0
sz002448,0,0,0
sz002587,0,0,0
sz002767,0,757,0
sz300577,0,603,0
sz002341,601,2948,0
sz300401,1081,1765,0
sz300085,6825,2452,0
sh600188,48340,41864,0
sh603866,0,0,0
sh600759,0,0,0
sz002371,12057,11119,0
sh600865,0,0,0
sz002074,5970,4886,0
sz002594,46013,17326,3029
sz002128,21668,13015,0
sh600433,0,7094,0
sh601968,0,2642,0
sh600426,43670,27397,1924
sh600149,0,0,0
sh600817,0,0,0
sz002386,2160,3232,0
sz002541,0,0,0
sz002179,8424,5589,0
sz300676,2225,3474,284
sh600008,35116,64812,0
sh600113,0,0,0
sz300712,2570,781,0
sz002837,0,0,0
sz002204,4974,3188,0
sz002301,0,0,0
sz300448,0,0,0
sz002368,2026,637,0
sz002049,16201,15821,2064
sh600985,3212,1847,0
sh600190,0,0,0
sz300175,0,0,0
sz002039,0,3045,0
sh603298,0,0,0
sz002380,0,0,0
sz300198,14187,12750,0
sz002631,0,0,0
sh601015,0,3344,0
sz000632,0,0,0
sz002489,0,0,0
sz000738,991,0,0
sz002444,3577,2089,0
sz000885,740,802,0
sh601616,0,0,0
sz002534,0,0,0
sz002561,0,0,0
sz002698,0,0,0
sh601881,253362,315610,24398
sz002573,18311,6622,0
sh600889,0,0,0
sz000923,0,1805,0
sh600131,0,0,0
sz002766,2297,2765,0
sh601555,9380,22394,1358
sz002585,0,0,0
sz002136,0,0,0
sz300180,1682,0,0
sz300407,5997,25876,2231
sz300451,1000,531,0
sz000768,5363,1960,0
sh600827,814,995,0
sz002433,0,0,0
sz002921,0,3688,0
sh600372,0,812,0
sh600629,0,0,0
sz002769,0,0,0
sh601186,22567,24252,0
sh601212,0,1981,0
sz000538,10709,7251,457
sh603166,0,0,0
sz300514,0,8905,0
sz300288,6652,2568,0
sz300465,0,0,0
sh601377,44499,53673,0
sz300391,0,0,0
sz300145,31386,14782,0
sz300628,200,139,0
sz300630,0,200,0
sz002511,0,1225,0
sz002282,0,0,0
sz002441,0,0,0
sz300621,0,561,0
sz300299,0,0,0
sz002159,0,0,0
sh603168,0,0,0
sz002828,0,0,0
sz002306,0,0,0
sz002106,0,3798,1015
sz002516,4272,3048,0
sz300609,2658,0,0
sz002835,0,0,0
sz000571,1980,0,0
sz002494,0,0,0
sz002329,1655,0,0
sh603527,0,0,0
sz000931,12139,0,0
sz002145,0,0,0
sh601939,717363,963888,12494
sz300218,0,0,0
sh600868,3000,4836,0
sz000039,1357,11058,0
sz000723,8000,3199,0
sz002492,0,0,0
sz300637,0,0,0
sh601579,0,0,0
sz300557,0,0,0
sh600618,0,0,0
sz000420,0,0,0
sh600673,16700,8912,0
sz002308,0,0,0
sz002217,15665,1374,0
sh601339,0,0,0
sh600280,7388,9171,0
sz000503,9606,25802,1423
sh603007,0,0,0
sz300133,4631,6432,0
sh600616,0,0,0
sz300381,0,0,0
sz002227,0,0,0
sz300592,0,652,0
sz002742,5980,0,0
sh603069,7825,0,0
sh600586,2500,0,0
sh600710,0,0,0
sh603067,0,0,0
sh600095,10729,5582,0
sz002733,3552,2171,0
sh600321,0,0,0
sz000601,0,0,0
sz300123,0,0,0
sh600120,3299,2572,0
sz000539,0,0,0
sh603861,0,0,0
sz002823,689,0,0
sz300099,0,0,0
sz300426,0,0,0
sz002032,3445,0,0
sz002849,0,0,0
sz300388,499,0,0
sz002151,22433,9460,1760
sh600466,33340,49798,0
sh600808,205943,175184,3380
sh600589,0,0,0
sz002827,0,0,0
sh603277,0,0,0
sz000501,2144,2165,0
sh601880,0,0,0
sz000099,0,6064,0
sh600477,0,2694,0
sz002180,969,4165,0
sz000652,0,0,0
sh600391,0,746,0
sz002791,0,0,0
sz002417,0,0,0
sz000877,10472,26422,0
sz002340,156912,98612,0
sh603001,0,0,0
sz300473,0,0,0
sh600240,1690,0,0
sh600201,4883,8220,0
sh600060,23826,16083,1449
sz300404,0,0,0
sz002247,1903,876,0
sh601020,0,0,0
sz002554,0,2703,0
sz000895,18208,17669,381
sz300301,0,0,0
sh603901,0,0,0
sh600038,1422,4765,0
sz000591,11375,3800,0
sz300080,0,2072,0
sh603605,809,885,825
sz300735,4701,10895,1895
sz000021,28121,39947,0
sz300732,1903,810,0
sz002231,0,0,0
sh603937,426,3502,0
sz002460,18513,21344,1382
sh603588,0,0,0
sz002731,0,0,0
sz300626,0,0,0
sz002155,1457,4031,0
sz300736,5105,2030,0
sz300651,286,0,0
sz002302,1929,745,0
sz002127,8807,901,0
sz002560,0,0,0
sz002137,0,0,0
sz000567,458,0,0
sz002290,0,0,0
sh601311,1000,0,0
sz002446,0,0,0
sh600167,420,1284,0
sh600195,0,0,0
sz002021,0,0,0
sh600406,11316,11019,0
sz002223,4695,2456,0
sz000419,0,0,0
sh600995,2000,0,2001
sh600969,0,0,0
sz000777,0,647,0
sh603825,1119,4903,0
sz002315,4029,7045,0
sz300267,7369,0,0
sh600767,0,0,0
sz000922,0,0,0
sh603595,170,128,0
sh600061,0,2705,0
sz000586,880,0,0
sh600392,67665,51897,2034
sz000002,67582,70887,3635
sz300059,868895,648285,74008
sh600469,2082,0,0
sz002801,0,0,0
sz002440,12070,8791,0
sz002018,6012,0,0
sh600396,0,0,0
sh603083,1503,3694,0
sz002467,0,0,0
sh600981,0,0,0
sz300041,0,0,0
sh600783,0,868,0
sz002347,0,0,0
sz002674,2030,1147,0
sh600495,0,0,0
sh600116,2015,2461,0
sz300195,0,0,0
sh600730,0,0,0
sz300433,10370,6520,865
sz002496,7499,6782,0
sh603589,8365,2757,0
sh603323,14670,57255,2211
sz002273,3713,4184,0
sh600744,0,0,0
