sh600197,3005,1408,0
sz002194,7100,7783,0
sz002735,0,0,0
sz002683,14553,5938,0
sz002679,2459,0,0
sh600199,0,2193,0
sh600166,32483,26451,0
sh600190,0,0,0
sz002682,0,0,0
sz002193,0,2211,0
sh600012,1359,0,0
sz002737,838,650,491
sz002673,5143,2442,0
sz002165,0,0,0
sh600113,3390,5168,0
sz002733,0,0,0
sh600195,0,0,0
sz000719,0,0,0
sz000708,0,0,0
sh600192,0,0,0
sz002731,0,0,0
sz002705,1030,0,0
sz000001,205560,197450,0
sz000002,79870,122380,15296
sz000004,0,0,0
sz000005,7911,3421,0
sz000006,1793,6712,0
sz000007,0,0,0
sz000008,2000,4635,0
sz000009,21424,26315,0
sz000010,0,0,0
sz000011,0,0,0
sz000012,3522,8080,0
sz000014,2735,0,0
sz000016,12211,18943,0
sz000017,0,0,0
sz000018,6312,0,0
sz000019,21462,61136,3459
sz000020,0,1026,0
sz000021,4608,9365,0
sz000022,0,0,0
sz000023,0,639,0
sz000025,0,629,0
sz000026,0,0,0
sz000027,3000,1795,0
sz000028,1802,1154,0
sz000029,0,0,0
sz000030,0,0,0
sz000031,0,0,0
sz000032,1403,0,0
sz000034,0,0,0
sz000035,0,0,0
sz000036,6767,5703,0
sz000037,0,0,0
sz000038,0,0,0
sz000039,1427,3755,0
sz000040,1343,8578,0
sz000042,0,0,0
sz000043,0,0,0
sz000045,0,0,0
sz000046,0,0,0
sz000048,0,0,0
sz000049,0,0,0
sz000050,2038,8461,2042
sz000055,1437,7211,0
sz000056,0,0,0
sz000058,6028,32559,2342
sz000059,5584,7792,0
sz000060,9558,5029,0
sz000061,1391,9412,0
sz000062,539,0,0
sz000063,69360,69056,4100
sz000065,0,1515,0
sz000066,143877,59868,0
sz000068,0,0,0
sz000069,16822,25277,0
sz000070,0,0,0
sz000078,2284,7185,0
sz000088,9663,9835,0
sz000089,0,5117,0
sz000090,0,0,0
sz000096,0,0,0
sz000099,10325,11409,0
sz000100,103292,161383,0
sz000150,0,0,0
sz000151,29905,48751,3987
sz000153,12310,12721,0
sz000155,0,10718,0
sz000156,0,0,0
sz000157,3463,53154,0
sz000158,2083,0,0
sz000159,0,0,0
sz000166,0,8070,0
sz000301,0,3447,0
sz000333,81489,136726,11195
sz000338,38916,60274,0
sz000400,5996,4725,0
sz000401,14858,16352,0
sz000402,0,1115,0
sz000403,0,0,0
sz000404,0,0,0
sz000407,0,0,0
sz000408,1966,1517,0
sz000409,0,0,0
sz000410,0,9989,0
sz000411,5569,1036,0
sz000413,6834,19336,0
sz000415,0,0,0
sz000416,0,11625,0
sz000417,0,0,0
sz000418,230,1089,0
sz000419,0,0,0
sz000420,0,0,0
sz000421,0,0,0
sz000422,0,0,0
sz000423,1093,4307,0
sz000425,18287,22627,0
sz000426,17325,1188,0
sz000428,0,2900,0
sz000429,0,0,0
sz000430,0,0,0
sz000488,7613,6630,0
sz000498,4236,0,0
sz000501,818,0,0
sz000502,0,0,0
sz000503,34622,26156,2098
sz000504,3457,1557,0
sz000505,22147,40849,9616
sz000506,0,0,0
sz000507,118232,66240,1359
sz000509,10943,3529,0
sz000510,0,0,0
sz000513,709,4526,0
sz000514,3628,3012,0
sz000516,0,0,0
sz000517,6244,5384,0
sz000518,0,0,0
sz000519,1541,12668,0
sz000520,7859,3640,0
sz000521,0,0,0
sz000523,0,0,0
sz000524,0,0,0
sz000525,2245,1454,0
sz000526,0,0,0
sz000528,1141,11209,0
sz000529,0,0,0
sz000530,0,0,0
sz000531,0,0,0
sz000532,4096,13251,1726
sz000533,19246,16512,0
sz000534,0,0,0
sz000536,0,0,0
sz000537,8566,12229,0
sz000538,1606,1634,0
sz000539,0,0,0
sz000540,0,0,0
sz000541,5876,0,0
sz000543,0,2194,0
sz000544,0,0,0
sz000545,3027,0,0
sz000546,644,1183,0
sz000547,42900,37846,0
sz000548,0,0,0
sz000550,0,0,0
sz000551,0,0,0
sz000552,3075,0,0
sz000553,0,0,0
sz000554,1560,0,0
sz000555,10915,23015,0
sz000557,0,0,0
sz000558,2555,3078,0
sz000559,0,5224,0
sz000560,30815,4638,0
sz000561,4335,1528,0
sz000563,2939,3186,0
sz000564,0,0,0
sz000565,0,0,0
sz000566,0,0,0
sz000567,13601,8715,0
sz000568,5277,5499,0
sz000570,0,0,0
sz000571,54043,87775,5015
sz000572,59037,58549,0
sz000573,0,0,0
sz000576,10312,3103,0
sz000581,3349,2054,0
sz000582,30900,10672,0
sz000584,0,0,0
sz000585,0,0,0
sz000586,4000,0,0
sz000587,9818,3218,0
sz000589,0,0,0
sz000590,0,869,0
sz000591,3556,0,0
sz000592,47340,3477,0
sz000593,0,0,0
sz000595,0,0,0
sz000596,929,180,0
sz000597,0,1202,0
sz000598,0,5199,0
sz000599,0,0,0
sz000600,0,0,0
sz000601,1499,0,0
sz000603,0,0,0
sz000605,1188,4358,0
sz000606,0,0,0
sz000607,0,3153,0
sz000608,0,0,0
sz000609,0,0,0
sz000610,0,0,0
sz000611,0,0,0
sz000612,0,0,0
sz000613,144491,129797,10512
sz000615,1200,8740,0
sz000616,0,0,0
sz000617,10129,2773,729
sz000619,0,0,0
sz000620,0,0,0
sz000622,0,0,0
sz000623,2814,6903,0
sz000625,2164,3813,0
sz000626,0,0,0
sz000627,3420,6031,0
sz000628,0,0,0
sz000630,44618,45679,0
sz000631,0,0,0
sz000632,0,0,0
sz000633,0,0,0
sz000635,0,0,0
sz000636,80476,64433,4502
sz000637,0,0,0
sz000638,0,0,0
sz000639,0,1287,0
sz000650,0,2316,0
sz000651,123761,154965,12298
sz000652,0,7837,0
sz000655,7549,2403,0
sz000656,13824,13015,0
sz000657,3626,2562,0
sz000659,0,0,0
sz000661,4656,2224,429
sz000662,800,0,0
sz000663,1494,3041,0
sz000665,0,0,0
sz000666,0,0,0
sz000667,0,7500,0
sz000668,0,0,0
sz000669,0,0,0
sz000670,24313,43831,0
sz000671,8829,14752,0
sz000672,18090,33538,0
sz000673,18389,1751,0
sz000676,32147,32281,925
sz000677,0,0,0
sz000678,0,0,0
sz000679,0,0,0
sz000680,0,0,0
sz000681,1050,2299,0
sz000682,0,0,0
sz000683,26443,24393,0
sz000685,5480,6575,0
sz000686,0,2413,0
sz000687,0,0,0
sz000688,5693,16087,0
sz000690,3006,3662,0
sz000691,0,0,0
sz000692,0,3062,0
sz000693,0,0,0
sz000695,0,0,0
sz000697,869,1066,0
sz000698,0,0,0
sz000700,0,0,0
sz000701,1110,11471,1592
sz000702,0,0,0
sz000703,46940,75597,2523
sz000705,0,0,0
sz000707,0,0,0
sz000709,60881,107909,0
sz000710,1292,1029,0
sz000711,0,0,0
sz000712,3861,1302,0
sz000713,3808,16413,0
sz000715,0,0,0
sz000716,0,2100,0
sz000717,31902,17433,0
sz000718,0,0,0
sz000720,0,0,0
sz000721,0,0,0
sz000722,0,0,0
sz000723,0,0,0
sz000725,1571526,1528225,8284
sz000726,0,0,0
sz000727,5000,0,0
sz000728,5355,7455,0
sz000729,0,6317,0
sz000731,1600,1930,0
sz000732,9651,7089,0
sz000733,0,2490,0
sz000735,97515,149524,11525
sz000736,1274,1517,0
sz000737,0,0,0
sz000738,20879,20001,0
sz000739,0,1583,0
sz000750,6220,5213,0
sz000751,0,0,0
sz000752,0,0,0
sz000753,0,0,0
sz000755,0,0,0
sz000756,0,2318,0
sz000757,0,0,0
sz000758,0,1748,0
sz000759,1402,0,0
sz000760,0,0,0
sz000761,2932,0,0
sz000762,1009,1705,0
sz000766,0,0,0
sz000767,0,0,0
sz000768,45636,41468,2541
sz000776,13983,21735,0
sz000777,0,817,0
sz000778,0,8248,0
sz000779,0,0,0
sz000780,2028,0,0
sz000782,0,0,0
sz000783,0,1600,0
sz000785,0,0,0
sz000786,11436,8685,0
sz000788,46126,21669,0
sz000789,62402,38332,824
sz000790,168852,316354,5251
sz000791,0,0,0
sz000792,21812,75870,932
sz000793,0,0,0
sz000795,4024,5312,0
sz000796,0,0,0
sz000797,0,1384,0
sz000798,0,0,0
sz000799,4212,2481,454
sz000800,4621,6723,0
sz000801,36614,14931,0
sz000802,0,0,0
sz000803,0,0,0
sz000806,3807,11375,0
sz000807,91318,51267,0
sz000809,0,0,0
sz000810,0,4579,0
sz000811,2503,0,0
sz000812,0,0,0
sz000813,7343,31361,0
sz000815,1700,0,0
sz000816,16541,49424,0
sz000818,17900,13547,2019
sz000819,0,0,0
sz000820,2869,11169,601
sz000821,0,872,0
sz000822,17603,3932,0
sz000823,5668,4079,0
sz000825,46313,35820,0
sz000826,1792,4647,0
sz000828,0,0,0
sz000829,0,4333,0
sz000830,50345,88103,5249
sz000831,143660,160375,10311
sz000833,0,0,0
sz000835,0,0,0
sz000836,0,0,0
sz000837,0,0,0
sz000838,0,0,0
sz000839,29388,26799,0
sz000848,2116,0,0
sz000850,0,0,0
sz000851,8631,9675,0
sz000852,96707,146774,3576
sz000856,953,3825,0
sz000858,48262,65243,7884
sz000859,0,0,0
sz000860,12058,7751,0
sz000861,0,0,0
sz000862,9953,46044,0
sz000863,0,0,0
sz000868,11968,14403,0
sz000869,862,5622,0
sz000875,0,38165,0
sz000876,8721,32033,0
sz000877,11638,3369,0
sz000878,0,1875,0
sz000880,0,0,0
sz000881,0,0,0
sz000882,0,22471,0
sz000883,0,0,0
sz000885,0,0,0
sz000886,207269,156590,12750
sz000887,3704,6117,0
sz000888,0,0,0
sz000889,0,785,0
sz000890,0,0,0
sz000892,0,0,0
sz000893,22634,11606,0
sz000895,2890,2212,550
sz000897,0,0,0
sz000898,22937,18819,0
sz000899,0,0,0
sz000900,0,0,0
sz000901,5769,10090,618
sz000902,0,0,0
sz000903,0,0,0
sz000905,6884,4161,0
sz000906,1358,2151,0
sz000908,18469,129463,0
sz000909,0,0,0
sz000910,1200,1180,0
sz000911,0,0,0
sz000912,0,0,0
sz000913,6372,0,0
sz000915,0,3909,0
sz000917,1430,2815,0
sz000918,0,1651,0
sz000919,1546,1144,0
sz000920,0,3116,0
sz000921,2813,9317,0
sz000922,0,1699,0
sz000923,0,529,0
sz000925,0,0,0
sz000926,0,0,0
sz000927,2500,0,0
sz000928,0,2450,0
sz000929,0,0,0
sz000930,0,0,0
sz000931,0,3000,0
sz000932,83429,54346,6741
sz000933,60752,23332,0
sz000935,574,5261,0
sz000936,17455,12796,0
sz000937,0,0,0
sz000938,20474,24207,966
sz000939,0,0,0
sz000948,1018,10521,0
sz000949,0,0,0
sz000951,0,0,0
sz000952,0,0,0
sz000953,0,0,0
sz000955,182385,409807,18271
sz000957,1490,3064,0
sz000958,0,0,0
sz000959,0,0,0
sz000960,12817,7912,0
sz000961,6526,15416,0
sz000962,0,0,0
sz000963,5168,3354,0
sz000965,23896,2025,0
sz000966,0,0,0
sz000967,0,0,0
sz000968,0,0,0
sz000969,2745,0,0
sz000970,21227,10516,0
sz000971,0,0,0
sz000972,2500,0,0
sz000973,3407,3834,0
sz000975,6904,6971,0
sz000976,0,2610,0
sz000977,160137,127441,4824
sz000978,0,1741,0
sz000979,218360,99429,0
sz000980,1151,1953,0
sz000981,1960,6158,0
sz000982,0,0,0
sz000983,2762,8827,0
sz000985,0,940,0
sz000987,0,2684,0
sz000988,3993,8660,0
sz000989,1206,1717,0
sz000990,0,0,0
sz000993,0,2231,0
sz000995,0,0,0
sz000996,5178,4908,0
sz000997,16745,23269,1255
sz000998,4905,8529,0
sz000999,433,812,0
sz001696,0,0,0
sz001896,0,0,0
sz001965,1374,2458,0
sz001979,17479,22065,1703
sz002001,9649,12804,442
sz002002,0,0,0
sz002003,0,1000,0
sz002004,0,0,0
sz002005,0,0,0
sz002006,0,0,0
sz002007,11156,5302,0
sz002008,9925,11145,0
sz002009,800,733,0
sz002010,972,1460,0
sz002011,0,0,0
sz002012,70499,66905,6993
sz002013,8361,7482,0
sz002014,0,0,0
sz002015,0,0,0
sz002016,38027,13613,709
sz002017,0,0,0
sz002018,0,0,0
sz002019,10098,9306,0
sz002020,13258,35777,970
sz002021,9072,5448,0
sz002022,3242,1617,0
sz002023,28422,21275,1045
sz002024,112596,202619,4915
sz002025,2644,3704,0
sz002026,0,3202,0
sz002027,166143,222859,7754
sz002028,21646,4749,0
sz002029,0,0,0
sz002030,3533,3681,0
sz002031,4675,0,0
sz002032,1525,1066,271
sz002033,0,0,0
sz002034,0,0,0
sz002035,531,1787,0
sz002036,2121,2907,0
sz002037,0,0,0
sz002038,12538,8960,625
sz002039,0,1350,0
sz002040,0,0,0
sz002041,8903,17457,0
sz002042,1000,0,0
sz002043,1612,0,0
sz002044,1374,926,0
sz002045,1032,6807,0
sz002046,1600,0,0
sz002047,0,0,0
sz002048,0,1563,0
sz002049,110575,135241,19789
sz002050,2203,10571,0
sz002051,0,0,0
sz002052,3909,0,0
sz002053,0,0,0
sz002054,0,1693,0
sz002055,0,700,0
sz002056,2532,0,0
sz002057,0,0,0
sz002058,0,0,0
sz002059,0,0,0
sz002060,0,0,0
sz002061,2553,0,0
sz002062,0,2600,0
sz002063,13125,6092,0
sz002064,0,0,0
sz002065,11473,28538,0
sz002066,0,0,0
sz002067,0,0,0
sz002068,0,0,0
sz002069,0,0,0
sz002070,0,0,0
sz002071,0,4503,0
sz002072,0,0,0
sz002073,0,3285,0
sz002074,7575,19629,0
sz002075,0,0,0
sz002076,29053,57796,2643
sz002077,0,0,0
sz002078,8155,9724,0
sz002079,15896,2068,0
sz002080,0,0,0
sz002081,2974,1660,0
sz002082,0,0,0
sz002083,0,0,0
sz002084,0,0,0
sz002085,0,0,0
sz002086,0,6429,0
sz002087,3000,0,0
sz002088,640,7632,0
sz002089,3004,4100,0
sz002090,0,0,0
sz002091,0,0,0
sz002092,2641,1342,0
sz002093,0,0,0
sz002094,4919,2693,0
sz002095,665,849,0
sz002096,0,0,0
sz002097,0,0,0
sz002098,0,0,0
sz002099,0,0,0
sz002100,0,0,0
sz002101,0,2231,0
sz002102,0,17421,0
sz002103,0,0,0
sz002104,4542,0,0
sz002105,0,0,0
sz002106,0,0,0
sz002107,0,0,0
sz002108,0,3989,0
sz002109,0,0,0
sz002110,12425,15683,0
sz002111,0,0,0
sz002112,1077,11345,0
sz002113,0,0,0
sz002114,994,1846,0
sz002115,0,0,0
sz002116,0,0,0
sz002117,0,0,0
sz002118,21289,53874,1754
sz002119,0,0,0
sz002120,0,0,0
sz002121,0,0,0
sz002122,0,0,0
sz002123,1380,2169,0
sz002124,0,0,0
sz002125,0,0,0
sz002126,2090,0,0
sz002127,3428,1570,0
sz002128,0,4969,0
sz002129,240483,260146,7606
sz002130,0,0,0
sz002131,26742,48573,0
sz002132,0,2998,0
sz002133,0,0,0
sz002134,0,1394,0
sz002135,0,0,0
sz002136,0,0,0
sz002137,40242,61858,1750
sz002138,6808,9577,0
sz002139,9403,5096,0
sz002140,0,0,0
sz002141,0,1707,0
sz002142,8482,12267,722
sz002143,0,0,0
sz002144,0,0,0
sz002145,3000,3010,0
sz002146,3442,21855,0
sz002147,0,0,0
sz002148,0,0,0
sz002149,0,0,0
sz002150,0,0,0
sz002151,0,0,0
sz002152,0,0,0
sz002153,0,0,0
sz002154,0,0,0
sz002155,0,0,0
sz002156,0,0,0
sz002157,0,0,0
sz002158,0,0,0
sz002159,0,0,0
sz002160,0,0,0
sz002161,0,0,0
sz002162,0,0,0
sz002163,0,0,0
sz002164,0,0,0
sz002166,0,0,0
sz002167,0,0,0
sz002168,0,0,0
sz002169,0,0,0
sz002170,0,0,0
sz002171,0,0,0
sz002172,0,0,0
sz002173,0,0,0
sz002174,0,0,0
sz002175,0,0,0
sz002176,0,0,0
sz002177,0,0,0
sz002178,0,0,0
sz002179,0,0,0
sz002180,0,0,0
sz002181,0,0,0
sz002182,0,0,0
sz002183,0,0,0
sz002184,0,0,0
sz002185,0,0,0
sz002186,0,0,0
sz002187,0,0,0
sz002188,0,0,0
sz002189,0,0,0
sz002190,0,0,0
sz002191,0,0,0
sz002192,0,0,0
sz002195,0,0,0
sz002196,0,0,0
sz002197,0,0,0
sz002198,0,0,0
sz002199,0,0,0
sz002200,0,0,0
sz002201,0,0,0
sz002202,0,0,0
sz002203,0,0,0
sz002204,0,0,0
sz002205,0,0,0
sz002206,0,0,0
sz002207,0,0,0
sz002208,0,0,0
sz002209,0,0,0
sz002210,0,0,0
sz002211,0,0,0
sz002212,0,0,0
sz002213,0,0,0
sz002214,0,0,0
sz002215,0,0,0
sz002216,0,0,0
sz002217,0,0,0
sz002218,0,0,0
sz002219,0,0,0
sz002220,0,0,0
sz002221,0,0,0
sz002222,0,0,0
sz002223,0,0,0
sz002224,0,0,0
sz002225,0,0,0
sz002226,0,0,0
sz002227,0,0,0
sz002228,0,0,0
sz002229,0,0,0
sz002230,0,0,0
sz002231,0,0,0
sz002232,0,0,0
sz002233,0,0,0
sz002234,0,0,0
sz002235,0,0,0
sz002236,0,0,0
sz002237,0,0,0
sz002238,0,0,0
sz002239,0,0,0
sz002240,0,0,0
sz002241,0,0,0
sz002242,0,0,0
sz002243,0,0,0
sz002244,0,0,0
sz002245,0,0,0
sz002246,0,0,0
sz002247,0,0,0
sz002248,0,0,0
sz002249,0,0,0
sz002250,0,0,0
sz002251,0,0,0
sz002252,0,0,0
sz002253,0,0,0
sz002254,0,0,0
sz002255,0,0,0
sz002256,0,0,0
sz002258,0,0,0
sz002259,0,0,0
sz002260,0,0,0
sz002261,0,0,0
sz002262,0,0,0
sz002263,0,0,0
sz002264,0,0,0
sz002265,0,0,0
sz002266,0,0,0
sz002267,0,0,0
sz002268,0,0,0
sz002269,0,0,0
sz002270,0,0,0
sz002271,0,0,0
sz002272,0,0,0
sz002273,0,0,0
sz002274,0,0,0
sz002275,0,0,0
sz002276,0,0,0
sz002277,0,0,0
sz002278,0,0,0
sz002279,0,0,0
sz002280,0,0,0
sz002281,0,0,0
sz002282,0,0,0
sz002283,0,0,0
sz002284,0,0,0
sz002285,0,0,0
sz002286,0,0,0
sz002287,0,0,0
sz002288,0,0,0
sz002289,0,0,0
sz002290,0,0,0
sz002291,0,0,0
sz002292,0,0,0
sz002293,0,0,0
sz002294,0,0,0
sz002295,0,0,0
sz002296,0,0,0
sz002297,0,0,0
sz002298,0,0,0
sz002299,0,0,0
sz002300,0,0,0
sz002301,0,0,0
sz002302,0,0,0
sz002303,0,0,0
sz002304,0,0,0
sz002305,0,0,0
sz002306,0,0,0
sz002307,0,0,0
sz002308,0,0,0
sz002309,0,0,0
sz002310,0,0,0
sz002311,0,0,0
sz002312,0,0,0
sz002313,0,0,0
sz002314,0,0,0
sz002315,0,0,0
sz002316,0,0,0
sz002317,0,0,0
sz002318,0,0,0
sz002319,0,0,0
sz002320,0,0,0
sz002321,0,0,0
sz002322,0,0,0
sz002323,0,0,0
sz002324,0,0,0
sz002325,0,0,0
sz002326,0,0,0
sz002327,0,0,0
sz002328,0,0,0
sz002329,0,0,0
sz002330,0,0,0
sz002331,0,0,0
sz002332,0,0,0
sz002333,0,0,0
sz002334,0,0,0
sz002335,0,0,0
sz002336,0,0,0
sz002337,0,0,0
sz002338,0,0,0
sz002339,0,0,0
sz002340,0,0,0
sz002341,0,0,0
sz002342,0,0,0
sz002343,0,0,0
sz002344,0,0,0
sz002345,0,0,0
sz002346,0,0,0
sz002347,0,0,0
sz002348,0,0,0
sz002349,0,0,0
sz002350,0,0,0
sz002351,0,0,0
sz002352,0,0,0
sz002353,0,0,0
sz002354,0,0,0
sz002355,0,0,0
sz002356,0,0,0
sz002357,0,0,0
sz002358,0,0,0
sz002359,0,0,0
sz002360,0,0,0
sz002361,0,0,0
sz002362,0,0,0
sz002363,0,0,0
sz002364,0,0,0
sz002365,0,0,0
sz002366,0,0,0
sz002367,0,0,0
sz002368,0,0,0
sz002369,0,0,0
sz002370,0,0,0
sz002371,0,0,0
sz002372,0,0,0
sz002373,0,0,0
sz002374,0,0,0
sz002375,0,0,0
sz002376,0,0,0
sz002377,0,0,0
sz002378,0,0,0
sz002379,0,0,0
sz002380,0,0,0
sz002381,0,0,0
sz002382,0,0,0
sz002383,0,0,0
sz002384,0,0,0
sz002385,0,0,0
sz002386,0,0,0
sz002387,0,0,0
sz002388,0,0,0
sz002389,0,0,0
sz002390,0,0,0
sz002391,0,0,0
sz002392,0,0,0
sz002393,0,0,0
sz002394,0,0,0
sz002395,0,0,0
sz002396,0,529,0
sz002397,0,0,0
sz002398,0,0,0
sz002399,0,0,0
sz002400,0,0,0
sz002401,0,0,0
sz002402,0,0,0
sz002403,0,0,0
sz002404,0,0,0
sz002405,0,4764,0
sz002406,0,0,0
sz002407,0,0,0
sz002408,0,0,0
sz002409,0,0,0
sz002410,0,0,0
sz002411,0,0,0
sz002412,0,0,0
sz002413,0,0,0
sz002414,0,0,0
sz002415,0,986,0
sz002416,0,0,0
sz002417,0,0,0
sz002418,0,0,0
sz002419,0,0,0
sz002420,0,0,0
sz002421,0,0,0
sz002422,0,0,0
sz002423,0,0,0
sz002424,0,0,0
sz002425,0,0,0
sz002426,0,0,0
sz002427,0,0,0
sz002428,0,1053,0
sz002429,0,0,0
sz002430,0,0,0
sz002431,0,0,0
sz002432,0,2483,0
sz002433,0,0,0
sz002434,0,0,0
sz002435,0,0,0
sz002436,0,0,0
sz002437,0,0,0
sz002438,0,1863,0
sz002439,0,0,0
sz002440,737,0,0
sz002441,0,0,0
sz002442,0,0,0
sz002443,0,0,0
sz002444,0,0,0
sz002445,0,0,0
sz002446,0,0,0
sz002447,0,0,0
sz002448,0,0,0
sz002449,0,0,0
sz002450,0,0,0
sz002451,0,0,0
sz002452,0,0,0
sz002453,0,0,0
sz002454,0,0,0
sz002455,0,0,0
sz002456,817,0,0
sz002457,0,0,0
sz002458,0,0,0
sz002459,0,0,0
sz002460,0,969,0
sz002461,0,0,0
sz002462,0,745,0
sz002463,0,0,0
sz002464,0,0,0
sz002465,0,12449,0
sz002466,0,0,0
sz002467,0,0,0
sz002468,0,0,0
sz002469,0,0,0
sz002470,0,0,0
sz002471,0,0,0
sz002472,0,0,0
sz002473,0,0,0
sz002474,0,0,0
sz002475,0,0,0
sz002476,0,0,0
sz002477,0,0,0
sz002478,1914,22967,0
sz002479,0,0,0
sz002480,0,0,0
sz002481,0,0,0
sz002482,0,0,0
sz002483,0,0,0
sz002484,0,0,0
sz002485,0,0,0
sz002486,0,0,0
sz002487,0,0,0
sz002488,0,0,0
sz002489,0,0,0
sz002490,0,0,0
sz002491,0,0,0
sz002492,3705,25149,0
sz002493,0,0,0
sz002494,0,0,0
sz002495,0,0,0
sz002496,0,0,0
sz002497,865,0,0
sz002498,0,0,0
sz002499,0,0,0
sz002500,6237,2805,0
sz002501,0,0,0
sz002502,0,0,0
sz002503,0,0,0
sz002504,0,0,0
sz002505,4596,9054,0
sz002506,0,0,0
sz002507,0,0,0
sz002508,353,937,0
sz002509,987203,528165,7833
sz002510,13319,0,0
sz002511,0,0,0
sz002512,0,0,0
sz002513,0,0,0
sz002514,0,0,0
sz002515,0,0,0
sz002516,0,0,0
sz002517,0,1363,0
sz002518,0,0,0
sz002519,0,0,0
sz002520,0,0,0
sz002521,0,0,0
sz002522,0,0,0
sz002523,0,0,0
sz002524,0,0,0
sz002526,0,0,0
sz002527,0,0,0
sz002528,19590,12639,0
sz002529,0,0,0
sz002530,0,0,0
sz002531,0,0,0
sz002532,0,0,0
sz002533,0,0,0
sz002534,0,7237,0
sz002535,0,0,0
sz002536,0,0,0
sz002537,892,0,0
sz002538,0,0,0
sz002539,0,0,0
sz002540,0,0,0
sz002541,0,0,0
sz002542,0,0,0
sz002543,0,0,0
sz002544,0,0,0
sz002545,0,0,0
sz002546,0,0,0
sz002547,0,0,0
sz002548,0,0,0
sz002549,0,0,0
sz002550,0,0,0
sz002551,0,0,0
sz002552,0,0,0
sz002553,0,0,0
sz002554,0,0,0
sz002555,1482,0,0
sz002556,0,0,0
sz002557,0,0,0
sz002558,0,0,0
sz002559,0,0,0
sz002560,0,0,0
sz002561,0,0,0
sz002562,0,0,0
sz002563,0,0,0
sz002564,0,0,0
sz002565,0,0,0
sz002566,0,0,0
sz002567,0,0,0
sz002568,0,0,0
sz002569,0,0,0
sz002570,0,0,0
sz002571,5818,9735,0
sz002572,0,0,0
sz002573,0,0,0
sz002574,0,0,0
sz002575,91060,44500,0
sz002576,0,0,0
sz002577,0,0,0
sz002578,0,0,0
sz002579,0,0,0
sz002580,0,0,0
sz002581,0,0,0
sz002582,0,0,0
sz002583,0,0,0
sz002584,0,0,0
sz002585,0,0,0
sz002586,0,0,0
sz002587,0,0,0
sz002588,0,0,0
sz002589,0,0,0
sz002590,0,0,0
sz002591,0,0,0
sz002592,0,0,0
sz002593,0,0,0
sz002594,0,958,0
sz002595,0,0,0
sz002596,3531,7941,0
sz002597,0,0,0
sz002598,0,0,0
sz002599,0,0,0
sz002600,0,0,0
sz002601,0,0,0
sz002602,0,0,0
sz002603,0,0,0
sz002604,0,0,0
sz002605,0,0,0
sz002606,0,0,0
sz002607,0,0,0
sz002608,0,0,0
sz002609,0,0,0
sz002610,0,0,0
sz002611,0,0,0
sz002612,0,0,0
sz002613,7070,0,0
sz002614,0,0,0
sz002615,0,0,0
sz002616,0,0,0
sz002617,0,0,0
sz002618,0,2192,0
sz002619,0,0,0
sz002620,0,0,0
sz002621,0,0,0
sz002622,0,0,0
sz002623,0,0,0
sz002624,0,0,0
sz002625,668,0,0
sz002626,0,733,0
sz002627,0,0,0
sz002628,0,0,0
sz002629,0,0,0
sz002630,720,2541,0
sz002631,0,0,0
sz002632,0,0,0
sz002633,0,0,0
sz002634,0,0,0
sz002635,0,0,0
sz002636,0,0,0
sz002637,0,0,0
sz002638,2092,0,0
sz002639,0,0,0
sz002640,0,0,0
sz002641,0,0,0
sz002642,0,0,0
sz002643,0,0,0
sz002644,0,0,0
sz002645,0,0,0
sz002646,0,0,0
sz002647,0,0,0
sz002648,0,0,0
sz002649,0,0,0
sz002650,0,0,0
sz002651,0,0,0
sz002652,0,0,0
sz002653,0,0,0
sz002654,0,0,0
sz002655,0,0,0
sz002656,0,0,0
sz002657,0,0,0
sz002658,0,0,0
sz002659,0,0,0
sz002660,0,0,0
sz002661,0,0,0
sz002662,0,0,0
sz002663,0,0,0
sz002664,0,0,0
sz002665,0,2085,0
sz002666,4579,0,0
sz002667,0,0,0
sz002668,0,1338,0
sz002669,0,0,0
sz002670,0,0,0
sz002671,0,0,0
sz002672,0,0,0
sz002674,0,0,0
sz002675,28216,13878,2123
sz002676,0,0,0
sz002677,0,0,0
sz002678,0,0,0
sz002680,0,0,0
sz002681,0,0,0
sz002684,0,0,0
sz002685,0,0,0
sz002686,0,0,0
sz002687,0,0,0
sz002688,0,0,0
sz002689,0,0,0
sz002690,0,0,0
sz002691,0,0,0
sz002692,0,0,0
sz002693,125710,214059,13214
sz002694,5555,2164,0
sz002695,0,0,0
sz002696,0,0,0
sz002697,0,0,0
sz002698,0,0,0
sz002699,0,0,0
sz002700,0,0,0
sz002701,0,0,0
sz002702,0,0,0
sz002703,0,0,0
sz002706,0,0,0
sz002707,0,0,0
sz002708,0,0,0
sz002709,0,0,0
sz002711,0,0,0
sz002712,0,0,0
sz002713,0,0,0
sz002714,217,484,0
sz002715,0,0,0
sz002716,20336,14073,0
sz002717,785,775,0
sz002718,0,0,0
sz002719,0,0,0
sz002721,0,0,0
sz002722,0,0,0
sz002723,0,0,0
sz002724,0,0,0
sz002725,0,0,0
sz002726,0,0,0
sz002727,0,756,0
sz002728,0,2310,0
sz002729,0,0,0
sz002730,0,0,0
sz002732,0,0,0
sz002734,0,0,0
sz002736,0,0,0
sz002738,978,0,0
sz002739,0,0,0
sz002740,0,0,0
sz002741,0,0,0
sz002742,1043,0,0
sz002743,0,0,0
sz002745,0,0,0
sz002746,0,0,0
sz002747,2757,5878,0
sz002748,0,0,0
sz002749,0,0,0
sz002750,0,0,0
sz002751,0,0,0
sz002752,0,0,0
sz002753,844,867,0
sz002755,0,0,0
sz002756,0,0,0
sz002757,0,0,0
sz002758,0,0,0
sz002759,0,0,0
sz002760,0,0,0
sz002761,0,0,0
sz002762,0,0,0
sz002763,0,0,0
sz002765,0,0,0
sz002766,0,0,0
sz002767,0,0,0
sz002768,0,0,0
sz002769,580,672,0
sz002770,0,0,0
sz002771,0,0,0
sz002772,0,6403,0
sz002773,0,0,0
sz002774,0,0,0
sz002775,0,0,0
sz002776,0,0,0
sz002777,0,0,0
sz002778,0,0,0
sz002779,0,0,0
sz002780,0,0,0
sz002781,0,0,0
sz002782,0,0,0
sz002783,0,0,0
sz002785,0,0,0
sz002786,0,0,0
sz002787,0,0,0
sz002788,0,0,0
sz002789,0,0,0
sz002790,0,0,0
sz002791,0,0,0
sz002792,0,0,0
sz002793,0,0,0
sz002795,0,0,0
sz002796,0,0,0
sz002797,23401,12205,0
sz002798,0,0,0
sz002799,0,0,0
sz002800,0,0,0
sz002801,0,0,0
sz002802,0,0,0
sz002803,0,0,0
sz002805,0,0,0
sz002806,0,0,0
sz002807,0,0,0
sz002808,0,0,0
sz002809,0,0,0
sz002810,0,3000,0
sz002811,0,0,0
sz002812,0,0,0
sz002813,0,1491,0
sz002815,0,1095,0
sz002816,0,0,0
sz002817,683,0,0
sz002818,0,0,0
sz002819,0,0,0
sz002820,0,0,0
sz002821,0,721,0
sz002822,0,0,0
sz002823,0,0,0
sz002824,0,0,0
sz002825,0,0,0
sz002826,954,3340,0
sz002827,0,0,0
sz002828,0,0,0
sz002829,8775,17489,0
sz002830,0,0,0
sz002831,0,0,0
sz002832,0,0,0
sz002833,0,0,0
sz002835,0,972,0
sz002836,0,0,0
sz002837,0,0,0
sz002838,0,0,0
sz002839,5927,3930,0
sz002840,0,0,0
sz002841,0,0,0
sz002842,0,0,0
sz002843,0,0,0
sz002845,0,0,0
sz002846,0,0,0
sz002847,0,0,0
sz002848,0,6556,0
sz002849,0,0,0
sz002850,0,0,0
sz002851,0,0,0
sz002852,0,420,0
sz002853,0,491,0
sz002855,0,0,0
sz002856,2869,2398,0
sz002857,0,0,0
sz002858,0,0,0
sz002859,900,2622,0
sz002860,0,0,0
sz002861,0,0,0
sz002862,0,0,0
sz002863,0,0,0
sz002864,0,0,0
sz002865,7811,55662,0
sz002866,0,0,0
sz002867,0,0,0
sz002868,0,0,0
sz002869,0,0,0
sz002870,393,0,0
sz002871,0,0,0
sz002872,0,0,0
sz002873,437,236,0
sz002875,0,0,0
sz002876,426,0,0
sz002877,952,1729,0
sz002878,0,0,0
sz002879,859,0,0
sz002880,0,0,0
sz002881,1606,1082,0
sz002882,0,874,0
sz002883,369,0,0
sz002884,0,0,0
sz002885,0,282,0
sz002886,17829,24759,1395
sz002887,0,0,0
sz002888,0,0,0
sz002889,0,0,0
sz002890,0,711,0
sz002891,0,0,0
sz002892,0,0,0
sz002893,0,0,0
sz002895,483,567,0
sz002896,0,0,0
sz002897,609,1731,0
sz002898,1511,1777,0
sz002899,0,0,0
sz002900,3747,2506,0
sz002901,0,0,0
sz002902,2758,3694,272
sz002903,0,0,0
sz002905,511,0,0
sz002906,1220,433,0
sz002907,8857,5193,306
sz002908,881,3288,400
sz002909,0,0,0
sz002910,1512,2371,0
sz002911,4203,855,602
sz002912,0,507,0
sz002913,251,986,0
sz002915,5720,9014,1914
sz002916,6848,10230,2611
sz002917,9051,5785,421
sz002918,0,509,0
sz002919,0,366,0
sz002920,2321,4250,0
sz002921,572,499,0
sz002922,0,690,499
sz002923,4002,6032,609
sz002925,885,739,537
sz002926,116765,58988,3132
sz002927,3711,4257,189
sz002928,0,0,0
sz002929,5088,3143,184
sz002930,0,539,0
sz002931,0,0,0
sz300001,0,0,0
sz300002,11336,16880,0
sz300003,1326,1152,331
sz300004,0,0,0
sz300005,0,2503,0
sz300006,0,1932,0
sz300007,982,3679,0
sz300008,6450,16820,0
sz300009,574,677,0
sz300010,12078,2555,1021
sz300011,0,0,0
sz300012,14974,4970,2604
sz300013,2893,6010,0
sz300014,2235,1926,0
sz300015,1310,526,0
sz300016,0,0,0
sz300017,33844,50922,892
sz300018,22604,45254,3812
sz300019,0,0,0
sz300020,0,934,0
sz300021,0,1494,0
sz300022,0,0,0
sz300023,0,0,0
sz300024,4822,13064,1264
sz300025,0,0,0
sz300026,0,6778,0
sz300027,1431,6096,0
sz300028,0,0,0
sz300029,0,0,0
sz300030,0,0,0
sz300031,0,1168,0
sz300032,0,0,0
sz300033,0,234,0
sz300034,0,4272,0
sz300035,0,0,0
sz300036,10732,29845,0
sz300037,0,0,0
sz300038,0,0,0
sz300039,0,0,0
sz300040,0,0,0
sz300041,0,0,0
sz300042,0,0,0
sz300043,0,0,0
sz300044,641,8652,0
sz300045,23868,53477,2000
sz300046,0,0,0
sz300047,0,0,0
sz300048,0,0,0
sz300049,0,0,0
sz300050,14758,40062,0
sz300051,0,0,0
sz300052,0,0,0
sz300053,8844,15035,0
sz300054,19385,28111,6784
sz300055,0,0,0
sz300056,0,0,0
sz300057,0,0,0
sz300058,0,1852,0
sz300059,54554,75348,6979
sz300061,0,0,0
sz300062,0,0,0
sz300063,0,0,0
sz300064,0,0,0
sz300065,1233,6808,0
sz300066,0,0,0
sz300067,0,0,0
sz300068,0,0,0
sz300069,0,0,0
sz300070,1281,3772,0
sz300071,0,0,0
sz300072,2495,1444,0
sz300073,920,432,0
sz300074,0,0,0
sz300075,0,3751,640
sz300076,21605,13081,0
sz300077,1139,2197,0
sz300078,8071,1015,0
sz300079,4006,8595,0
sz300080,0,0,0
sz300081,0,1945,0
sz300082,0,0,0
sz300083,117002,149380,7758
sz300084,0,0,2022
sz300085,0,4275,0
sz300086,0,0,0
sz300087,4015,1057,0
sz300088,6390,25936,0
sz300089,0,0,0
sz300090,0,0,0
sz300091,0,0,0
sz300092,0,0,0
sz300093,0,0,0
sz300094,0,0,0
sz300095,0,0,0
sz300096,1172,7237,0
sz300097,0,0,0
sz300098,5177,3008,0
sz300099,2019,2079,0
sz300100,704,1327,0
sz300101,162743,170597,23443
sz300102,3237,2859,0
sz300103,0,0,0
sz300104,46126,75739,4204
sz300105,0,0,0
sz300106,0,0,0
sz300107,18710,23047,1909
sz300108,0,0,0
sz300109,285,0,0
sz300110,5359,0,0
sz300111,0,0,0
sz300112,0,0,0
sz300113,1069,800,603
sz300114,0,0,0
sz300115,0,0,0
sz300116,52700,77157,0
sz300117,0,0,0
sz300118,0,0,0
sz300119,0,0,0
sz300120,0,0,0
sz300121,1344,0,0
sz300122,2703,3611,0
sz300123,1334,2201,0
sz300124,0,4146,321
sz300125,0,0,0
sz300126,0,0,0
sz300127,0,0,0
sz300128,22037,13320,0
sz300129,0,2317,0
sz300130,439,549,0
sz300131,0,0,0
sz300132,7636,19560,1680
sz300133,5508,14494,0
sz300134,0,0,0
sz300135,0,0,0
sz300136,621,3203,0
sz300137,1797,713,0
sz300138,0,0,0
sz300139,0,0,0
sz300140,0,0,0
sz300141,0,0,0
sz300142,6329,7550,0
sz300143,7174,16168,0
sz300144,0,516,0
sz300145,861,0,1065
sz300146,0,0,0
sz300147,0,0,0
sz300148,0,0,0
sz300149,0,0,0
sz300150,0,0,0
sz300151,1739,0,0
sz300152,0,0,0
sz300153,0,0,0
sz300154,0,0,0
sz300155,0,3671,0
sz300156,20411,10780,767
sz300157,1773,0,0
sz300158,695,1693,0
sz300159,2861,1089,0
sz300160,0,0,0
sz300161,0,0,0
sz300162,0,1734,0
sz300163,0,0,0
sz300164,0,0,0
sz300165,0,0,0
sz300166,103624,92279,8082
sz300167,0,0,0
sz300168,29836,48217,4908
sz300169,0,0,0
sz300170,24175,59449,9472
sz300171,0,0,0
sz300172,0,0,0
sz300173,0,0,0
sz300174,0,0,0
sz300175,0,7730,2311
sz300176,99,100,0
sz300177,0,9805,0
sz300178,0,773,0
sz300179,0,0,0
sz300180,0,982,0
sz300181,0,0,0
sz300182,3707,7683,0
sz300183,1313,4271,0
sz300184,1000,2120,0
sz300185,0,0,0
sz300187,0,0,0
sz300188,5423,9191,0
sz300189,2909,27291,2881
sz300190,0,0,0
sz300191,0,2959,0
sz300192,0,0,0
sz300193,0,0,0
sz300194,0,5051,0
sz300195,0,0,0
sz300196,0,0,0
sz300197,17174,34332,1941
sz300198,0,0,0
sz300199,0,0,0
sz300200,0,0,0
sz300201,0,0,0
sz300202,0,0,0
sz300203,824,811,0
sz300204,0,0,0
sz300205,1874,1083,0
sz300206,0,0,0
sz300207,0,0,0
sz300208,0,0,0
sz300209,0,0,0
sz300210,0,0,0
sz300211,0,0,0
sz300212,5300,6166,1263
sz300213,1191,1163,0
sz300214,0,0,0
sz300215,0,0,0
sz300216,3601,0,0
sz300217,0,0,0
sz300218,0,0,0
sz300219,0,0,0
sz300220,0,0,0
sz300221,0,0,0
sz300222,1021,2067,0
sz300223,9493,2780,0
sz300224,2517,2000,0
sz300225,0,0,0
sz300226,613,1215,0
sz300227,0,0,0
sz300228,0,3359,0
sz300229,0,0,0
sz300230,1166,0,0
sz300231,0,0,0
sz300232,8732,17205,0
sz300233,0,0,0
sz300234,0,0,0
sz300235,0,0,0
sz300236,2475,14653,644
sz300237,1323,0,0
sz300238,0,0,0
sz300239,0,0,0
sz300240,0,0,0
sz300241,842,2185,0
sz300242,0,0,0
sz300243,0,0,0
sz300244,2873,1962,0
sz300245,0,0,0
sz300246,0,0,0
sz300247,0,0,0
sz300248,0,0,0
sz300249,0,6602,0
sz300250,0,0,0
sz300251,18713,42278,1033
sz300252,0,0,0
sz300253,9161,20952,1439
sz300254,0,1727,0
sz300255,0,0,0
sz300256,0,1950,0
sz300257,0,0,0
sz300258,1118,0,0
sz300259,0,2345,0
sz300260,0,0,0
sz300261,0,0,0
sz300262,0,0,0
sz300263,4701,3131,0
sz300264,0,0,0
sz300265,0,0,0
sz300266,0,0,0
sz300267,1513,3772,1636
sz300268,0,0,0
sz300269,3473,5546,0
sz300270,0,0,0
sz300271,1658,3218,0
sz300272,5576,5305,0
sz300273,0,1199,0
sz300274,1815,1733,0
sz300275,0,0,0
sz300276,0,0,0
sz300277,0,0,0
sz300278,6818,8155,0
sz300279,0,0,0
sz300280,0,0,0
sz300281,0,0,0
sz300282,0,0,0
sz300283,0,0,0
sz300284,0,0,0
sz300285,2312,1149,0
sz300286,0,0,0
sz300287,8515,11297,0
sz300288,2226,3008,0
sz300289,0,0,0
sz300290,0,0,0
sz300291,0,1000,0
sz300292,0,0,0
sz300293,0,0,0
sz300294,301,1681,0
sz300295,0,0,0
sz300296,952,0,0
sz300297,0,1199,0
sz300298,1712,531,0
sz300299,0,0,0
sz300300,0,1654,0
sz300301,0,2045,0
sz300302,0,3253,0
sz300303,5674,17428,0
sz300304,0,0,0
sz300305,0,0,0
sz300306,0,6316,0
sz300307,0,0,0
sz300308,373,2193,0
sz300309,0,0,0
sz300310,2296,1459,0
sz300311,0,0,0
sz300312,0,0,0
sz300313,0,0,0
sz300314,0,0,0
sz300315,73585,159472,0
sz300316,3993,9074,0
sz300317,0,0,0
sz300318,0,0,0
sz300319,0,0,0
sz300320,1483,0,0
sz300321,0,0,0
sz300322,0,0,0
sz300323,0,1895,0
sz300324,1169,8083,0
sz300325,0,0,0
sz300326,0,0,0
sz300327,0,2083,0
sz300328,0,0,0
sz300329,0,0,0
sz300330,0,0,0
sz300331,0,0,0
sz300332,0,0,0
sz300333,1275,4957,0
sz300334,0,0,0
sz300335,0,0,0
sz300336,0,1337,0
sz300337,0,0,0
sz300338,0,0,0
sz300339,0,0,0
sz300340,289,1307,0
sz300341,26488,0,2068
sz300342,0,932,0
sz300343,0,3228,0
sz300344,3247,3339,0
sz300345,0,0,0
sz300346,0,0,0
sz300347,2019,2908,0
sz300348,0,0,0
sz300349,0,550,0
sz300350,0,3290,0
sz300351,0,857,0
sz300352,41380,91056,0
sz300353,8281,13539,0
sz300354,2616,4102,0
sz300355,4536,3804,0
sz300356,1875,0,0
sz300357,0,0,0
sz300358,0,917,0
sz300359,15331,25838,0
sz300360,0,0,0
sz300362,0,0,0
sz300363,1070,3233,0
sz300364,24158,25282,1197
sz300365,0,0,0
sz300366,1118,2126,0
sz300367,1856,10027,2301
sz300368,0,0,0
sz300369,0,833,0
sz300370,0,0,0
sz300371,0,0,0
sz300373,3807,4423,0
sz300374,4689,16761,0
sz300375,0,0,0
sz300376,0,0,0
sz300377,7670,6448,0
sz300378,0,0,0
sz300379,0,0,0
sz300380,0,0,0
sz300381,0,0,0
sz300382,0,0,0
sz300383,24898,29563,2743
sz300384,0,0,0
sz300385,0,0,0
sz300386,0,1754,0
sz300387,0,0,0
sz300388,0,0,0
sz300389,0,0,0
sz300390,2231,6284,0
sz300391,0,0,0
sz300392,0,1236,0
sz300393,0,0,0
sz300394,0,0,0
sz300395,700,0,0
sz300396,0,0,0
sz300397,820,3800,980
sz300398,0,2106,0
sz300399,0,0,0
sz300400,0,0,0
sz300401,772,544,0
sz300402,0,0,0
sz300403,0,0,0
sz300404,558,0,0
sz300405,1008,0,0
sz300406,846,0,0
sz300407,0,2336,0
sz300408,490,931,0
sz300409,0,0,0
sz300410,5218,3929,0
sz300411,0,0,0
sz300412,0,4034,0
sz300413,263,271,0
sz300414,0,2808,0
sz300415,6723,6890,0
sz300416,0,0,0
sz300417,0,0,0
sz300418,5986,14134,0
sz300419,0,1738,0
sz300420,0,0,0
sz300421,0,0,0
sz300422,881,0,0
sz300423,4402,13958,0
sz300424,0,0,0
sz300425,0,0,0
sz300426,0,600,0
sz300427,0,0,0
sz300428,0,0,0
sz300429,0,0,0
sz300430,0,0,0
sz300431,9363,12757,2168
sz300432,3910,2097,0
sz300433,13480,29637,1644
sz300434,0,963,0
sz300435,0,0,0
sz300436,2379,3268,0
sz300437,0,0,0
sz300438,2532,0,0
sz300439,623,1136,0
sz300440,0,1927,0
sz300441,0,0,0
sz300442,0,0,0
sz300443,0,788,0
sz300444,0,0,0
sz300445,0,0,0
sz300446,0,0,0
sz300447,0,0,0
sz300448,0,0,0
sz300449,1949,990,0
sz300450,1469,1482,168
sz300451,0,1004,0
sz300452,13262,15543,393
sz300453,0,0,0
sz300455,0,0,0
sz300456,294,2051,0
sz300457,0,0,0
sz300458,6495,5227,2055
sz300459,0,0,0
sz300460,0,0,0
sz300461,0,0,0
sz300462,3137,3658,1061
sz300463,0,0,0
sz300464,0,0,0
sz300465,0,6895,1000
sz300466,0,0,0
sz300467,325,0,0
sz300468,0,0,0
sz300469,0,0,0
sz300470,0,0,0
sz300471,1332,2874,0
sz300472,0,0,0
sz300473,0,0,0
sz300474,0,370,265
sz300475,0,0,0
sz300476,666,718,0
sz300477,13350,3317,1133
sz300478,0,0,0
sz300479,0,0,0
sz300480,0,0,0
sz300481,0,0,0
sz300482,0,0,0
sz300483,0,0,0
sz300484,4333,627,1226
sz300485,649,0,0
sz300486,0,0,0
sz300487,0,0,0
sz300488,847,1002,0
sz300489,0,574,0
sz300490,0,697,0
sz300491,0,0,0
sz300492,0,0,0
sz300493,1824,751,0
sz300494,0,611,0
sz300495,4631,0,0
sz300496,48101,40823,8596
sz300497,0,0,0
sz300498,2429,6945,0
sz300499,0,0,0
sz300500,0,0,0
sz300501,0,0,0
sz300502,5667,6017,0
sz300503,0,0,0
sz300504,0,0,0
sz300505,0,0,0
sz300506,0,0,0
sz300507,1281,0,0
sz300508,475,536,0
sz300509,0,0,0
sz300510,405,0,0
sz300511,0,419,0
sz300512,3153,851,0
sz300513,0,0,0
sz300514,2920,4160,894
sz300515,0,0,0
sz300516,0,0,0
sz300517,0,0,0
sz300518,0,0,0
sz300519,0,0,0
sz300520,1406,512,0
sz300521,0,0,0
sz300522,0,0,0
sz300523,0,0,0
sz300525,256,770,0
sz300526,0,2613,0
sz300527,0,0,0
sz300528,0,0,0
sz300529,1426,887,707
sz300530,0,0,0
sz300531,1303,0,0
sz300532,0,0,0
sz300533,0,0,0
sz300534,1227,0,0
sz300535,0,1110,0
sz300536,0,0,0
sz300537,0,0,0
sz300538,0,0,0
sz300539,0,0,0
sz300540,458,0,0
sz300541,0,0,0
sz300542,567,282,299
sz300543,3254,454,0
sz300545,886,2506,773
sz300546,0,500,0
sz300547,200,0,0
sz300548,277,927,0
sz300549,0,0,0
sz300550,1516,3256,0
sz300551,0,0,0
sz300552,0,0,0
sz300553,0,0,0
sz300554,485,971,139
sz300555,0,0,0
sz300556,957,1087,0
sz300557,0,0,0
sz300558,915,1338,231
sz300559,0,0,0
sz300560,0,647,0
sz300561,0,488,0
sz300562,0,0,0
sz300563,0,0,0
sz300565,0,0,0
sz300566,0,0,0
sz300567,0,0,0
sz300568,839,421,0
sz300569,0,0,0
sz300570,0,1177,0
sz300571,141,273,0
sz300572,0,0,0
sz300573,0,0,0
sz300575,0,0,0
sz300576,868,3207,965
sz300577,0,0,0
sz300578,0,0,0
sz300579,0,0,0
sz300580,0,0,0
sz300581,1230,3543,349
sz300582,0,0,0
sz300583,885,1415,0
sz300584,166,449,0
sz300585,1310,0,0
sz300586,0,0,0
sz300587,0,0,0
sz300588,945,4150,0
sz300589,3394,28800,599
sz300590,0,5228,0
sz300591,0,0,0
sz300592,0,0,0
sz300593,0,0,0
sz300595,171,717,301
sz300596,531,0,0
sz300597,0,690,0
sz300598,27311,36864,4984
sz300599,5997,8810,0
sz300600,0,245,0
sz300601,1133,1371,0
sz300602,0,0,0
sz300603,7053,6925,698
sz300604,0,170,229
sz300605,0,0,0
sz300606,0,0,0
sz300607,0,0,0
sz300608,0,0,0
sz300609,0,725,0
sz300610,0,1762,0
sz300611,0,0,0
sz300612,2140,230,786
sz300613,525,1559,229
sz300615,504,0,0
sz300616,0,64,0
sz300617,0,0,0
sz300618,5220,3197,219
sz300619,0,0,0
sz300620,309,677,339
sz300621,6773,5135,977
sz300622,0,0,0
sz300623,0,290,0
sz300624,4588,11073,1921
sz300625,0,0,0
sz300626,0,0,0
sz300627,0,5505,0
sz300628,1201,991,84
sz300629,0,586,0
sz300630,0,0,0
sz300631,1125,2605,583
sz300632,0,0,0
sz300633,0,0,0
sz300634,0,0,0
sz300635,0,804,0
sz300636,0,597,501
sz300637,2781,4462,0
sz300638,616,897,0
sz300639,210,199,0
sz300640,0,0,0
sz300641,0,0,0
sz300642,1172,2204,115
sz300643,1258,0,0
sz300644,6678,2245,449
sz300645,0,0,0
sz300647,501,439,0
sz300648,246,1135,0
sz300649,0,0,0
sz300650,374,342,0
sz300651,0,0,0
sz300652,0,0,0
sz300653,3001,7427,215
sz300654,805,812,0
sz300655,751,1106,0
sz300656,0,0,0
sz300657,0,4976,737
sz300658,0,951,0
sz300659,0,0,0
sz300660,2521,3092,0
sz300661,913,1994,0
sz300662,0,0,0
sz300663,462,351,0
sz300664,661,531,0
sz300665,0,0,0
sz300666,1697,4977,182
sz300667,0,0,0
sz300668,970,670,139
sz300669,0,0,0
sz300670,38563,56980,4196
sz300671,973,2315,0
sz300672,1288,2969,0
sz300673,231,1019,0
sz300675,599,299,0
sz300676,288,253,0
sz300677,174,0,0
sz300678,972,910,212
sz300679,1141,1291,424
sz300680,517,0,0
sz300681,0,0,0
sz300682,2555,2770,0
sz300683,210,279,0
sz300684,9534,5428,1863
sz300685,114,0,0
sz300686,0,0,0
sz300687,1786,2171,0
sz300688,10188,10244,900
sz300689,0,0,0
sz300690,0,0,0
sz300691,0,0,0
sz300692,357,314,0
sz300693,630,362,0
sz300695,0,0,0
sz300696,2290,3751,1218
sz300697,1315,442,0
sz300698,1126,1056,0
sz300699,1015,1717,0
sz300700,724,1260,0
sz300701,2382,1414,645
sz300702,0,1987,0
sz300703,0,475,407
sz300705,31198,37209,4092
sz300706,146,143,0
sz300707,2976,12541,5456
sz300708,1361,5406,0
sz300709,1695,5559,531
sz300710,0,0,0
sz300711,5746,13569,1046
sz300712,507,1350,0
sz300713,519,354,0
sz300715,1348,643,0
sz300716,4651,3596,0
sz300717,0,0,0
sz300718,0,978,0
sz300719,3718,8802,779
sz300720,609,578,0
sz300721,0,1056,0
sz300722,12237,35563,1580
sz300723,1361,2504,1000
sz300725,869,312,113
sz300726,10720,11723,3462
sz300727,12901,19147,3370
sz300729,3437,1569,0
sz300730,244,3918,744
sz300731,763,2759,0
sz300732,142,588,0
sz300733,394,2926,915
sz300735,5899,6500,0
sz300736,340,0,0
sz300737,0,857,0
sz300738,3352,3031,354
sz300739,6062,3711,268
sz300740,624,1285,0
sz300741,0,0,0
sh600000,13835,4904,0
sh600004,2274,0,0
sh600006,0,0,0
sh600007,0,0,0
sh600008,0,2933,0
sh600009,873,452,0
sh600010,0,0,0
sh600011,3903,2314,0
sh600015,3656,0,0
sh600016,28008,18881,1521
sh600017,0,0,0
sh600018,88544,163956,2573
sh600019,168280,126832,0
sh600020,0,0,0
sh600021,0,0,0
sh600022,0,0,0
sh600023,0,0,0
sh600025,3085,6317,0
sh600026,0,0,0
sh600027,0,0,0
sh600028,72392,104176,2212
sh600029,48469,39105,1107
sh600030,436903,408220,14728
sh600031,38369,24209,0
sh600033,0,0,0
sh600035,0,0,0
sh600036,42156,22832,0
sh600037,0,911,0
sh600038,1942,4117,0
sh600039,0,3407,0
sh600048,179917,129216,6185
sh600050,33273,58806,0
sh600051,0,0,0
sh600052,0,0,0
sh600053,0,0,0
sh600054,0,0,0
sh600055,0,0,0
sh600056,3581,4009,0
sh600057,1420,0,0
sh600058,17904,7447,0
sh600059,1227,1228,0
sh600060,0,1741,0
sh600061,0,0,0
sh600062,2496,2775,0
sh600063,0,0,0
sh600064,0,0,0
sh600066,1521,2520,0
sh600067,0,0,0
sh600068,16444,6852,0
sh600069,0,0,0
sh600070,0,0,0
sh600071,0,0,0
sh600072,0,8927,0
sh600073,0,0,0
sh600074,0,13345,0
sh600075,0,0,0
sh600076,0,0,0
sh600077,0,0,0
sh600078,0,4995,0
sh600079,3042,8222,0
sh600080,0,0,0
sh600081,0,0,0
sh600082,0,0,0
sh600083,508,0,0
sh600084,0,0,0
sh600085,1418,2564,344
sh600086,0,0,0
sh600088,0,0,0
sh600089,1513,3804,0
sh600090,0,0,0
sh600091,0,0,0
sh600093,14361,12002,0
sh600094,0,0,0
sh600095,1682,18470,0
sh600096,0,0,0
sh600097,0,0,0
sh600098,0,0,0
sh600099,0,0,0
sh600100,8620,25274,0
sh600101,0,0,0
sh600103,0,0,0
sh600104,13540,29802,0
sh600105,1735,0,0
sh600106,0,0,0
sh600107,0,0,0
sh600108,18082,15057,0
sh600109,29744,49178,1243
sh600110,4049,12194,0
sh600111,29187,55285,8376
sh600112,6118,0,0
sh600114,0,0,0
sh600115,2637,3944,0
sh600116,0,0,0
sh600117,0,0,0
sh600118,53287,39436,5269
sh600119,0,5498,0
sh600120,0,0,0
sh600121,0,0,0
sh600122,11151,12794,1599
sh600123,0,0,0
sh600125,1346,3616,0
sh600126,0,0,0
sh600127,0,0,0
sh600128,0,0,0
sh600129,1121,0,0
sh600130,0,0,0
sh600131,0,0,0
sh600132,0,0,450
sh600133,0,0,0
sh600135,2245,6993,0
sh600136,0,1939,0
sh600137,0,0,0
sh600138,502,1314,0
sh600139,0,0,0
sh600141,900,865,1004
sh600143,0,0,0
sh600145,0,0,0
sh600146,4232,3305,0
sh600148,0,0,0
sh600149,3053,4270,2203
sh600150,11941,17249,1526
sh600151,0,0,0
sh600152,0,0,0
sh600153,3387,0,0
sh600155,1267,0,0
sh600156,0,0,0
sh600157,29764,84484,0
sh600158,0,0,0
sh600159,0,0,0
sh600160,14105,16738,0
sh600161,386,1507,0
sh600162,0,3996,0
sh600163,0,2625,0
sh600165,0,0,0
sh600167,0,0,0
sh600168,0,0,0
sh600169,0,0,0
sh600170,0,3017,0
sh600171,3800,4868,725
sh600172,5098,9019,0
sh600173,0,0,0
sh600175,0,0,0
sh600176,7312,3147,0
sh600177,69313,60697,12086
sh600178,0,0,0
sh600179,10571,23690,594
sh600180,0,0,0
sh600182,0,0,0
sh600183,1237,5947,0
sh600184,0,0,0
sh600185,0,0,0
sh600186,6907,0,0
sh600187,0,0,0
sh600188,9626,14064,0
sh600189,0,0,0
sh600191,0,0,0
sh600193,0,0,0
sh600196,7249,5542,616
sh600198,0,0,0
sh600200,5608,3113,0
sh600201,0,452,0
sh600202,0,0,0
sh600203,1300,0,0
sh600206,17100,26578,1008
sh600207,3192,17946,1506
sh600208,0,0,0
sh600209,23522,41867,0
sh600210,2400,0,0
sh600211,0,0,0
sh600212,0,0,0
sh600213,10657,17949,0
sh600215,0,0,0
sh600216,999,0,0
sh600217,0,0,0
sh600218,0,0,0
sh600219,98713,48868,0
sh600220,0,0,0
sh600221,0,0,0
sh600222,0,10329,0
sh600223,0,0,0
sh600225,0,0,0
sh600226,0,0,0
sh600227,0,0,0
sh600228,0,0,0
sh600229,0,0,0
sh600230,3519,2980,344
sh600231,3109,0,0
sh600232,0,0,0
sh600233,0,0,0
sh600234,0,0,0
sh600235,0,0,0
sh600236,0,0,0
sh600237,0,0,0
sh600238,12324,36121,0
sh600239,0,0,0
sh600240,0,0,0
sh600241,0,0,0
sh600242,0,0,0
sh600243,0,0,0
sh600246,0,0,0
sh600247,0,0,0
sh600248,0,0,0
sh600249,0,0,0
sh600250,0,0,0
sh600251,1374,5154,0
sh600252,0,11745,0
sh600255,0,0,0
sh600256,69056,143520,0
sh600257,0,0,0
sh600258,0,379,0
sh600259,1167,4630,344
sh600260,1601,1843,0
sh600261,0,0,0
sh600262,0,500,0
sh600265,0,0,0
sh600266,0,0,0
sh600267,0,700,0
sh600268,0,0,0
sh600269,0,3020,0
sh600270,1080,1172,0
sh600271,48065,53820,4063
sh600272,0,0,0
sh600273,0,3220,0
sh600275,0,0,0
sh600276,6631,3695,263
sh600277,0,0,0
sh600278,0,1000,0
sh600279,0,0,0
sh600280,0,0,0
sh600281,0,0,0
sh600282,82817,24061,0
sh600283,0,0,0
sh600284,0,0,0
sh600285,0,1362,0
sh600287,0,0,0
sh600288,1131,0,0
sh600289,0,0,0
sh600290,0,0,0
sh600291,2631,703,0
sh600292,0,0,0
sh600293,0,0,0
sh600295,0,1199,0
sh600297,5181,6731,0
sh600298,620,1096,0
sh600299,0,0,0
sh600300,0,0,0
sh600301,0,0,0
sh600302,0,0,0
sh600303,0,0,0
sh600305,0,0,0
sh600306,1500,0,0
sh600307,72465,15326,0
sh600308,5707,0,0
sh600309,0,0,0
sh600310,0,0,0
sh600311,0,0,0
sh600312,0,0,0
sh600313,6037,14389,0
sh600315,3586,1109,0
sh600316,2252,5080,0
sh600317,0,0,0
sh600318,0,0,0
sh600319,0,2072,0
sh600320,0,0,0
sh600321,0,0,0
sh600322,0,0,0
sh600323,0,0,0
sh600325,31277,33794,0
sh600326,0,0,0
sh600327,0,0,0
sh600328,0,0,0
sh600329,1200,1000,0
sh600330,0,0,0
sh600331,0,0,0
sh600332,832,1595,0
sh600333,0,2675,0
sh600335,0,0,0
sh600336,0,0,0
sh600337,0,0,0
sh600338,0,502,0
sh600339,0,0,0
sh600340,12076,5985,399
sh600343,0,9806,0
sh600345,2899,5490,1438
sh600346,2205,762,0
sh600348,7225,1557,0
sh600350,0,3810,0
sh600351,1661,0,0
sh600352,73326,47261,1005
sh600353,0,0,0
sh600354,32832,63359,0
sh600355,0,0,0
sh600356,0,0,0
sh600358,0,0,0
sh600359,3910,6080,0
sh600360,4868,31212,0
sh600361,0,10024,0
sh600362,12272,9986,0
sh600363,3343,1971,0
sh600365,3500,0,0
sh600366,0,0,0
sh600367,0,0,0
sh600368,0,0,0
sh600369,5558,0,0
sh600370,0,0,0
sh600371,1329,2229,0
sh600372,0,1522,0
sh600373,0,0,0
sh600375,0,0,0
sh600376,0,0,0
sh600377,0,0,0
sh600378,0,0,0
sh600379,0,0,0
sh600380,0,1735,0
sh600381,0,0,0
sh600382,0,0,0
sh600383,10283,11397,0
sh600385,0,0,0
sh600386,0,0,0
sh600387,0,0,0
sh600388,1609,1963,0
sh600389,0,0,0
sh600390,0,0,0
sh600391,2286,6618,0
sh600392,24093,35645,0
sh600393,0,0,0
sh600395,0,0,0
sh600396,0,0,0
sh600397,0,0,0
sh600398,1528,6726,0
sh600399,0,0,0
sh600400,0,1828,0
sh600401,0,0,0
sh600403,0,0,0
sh600405,0,0,0
sh600406,1899,0,0
sh600408,0,0,0
sh600409,0,0,0
sh600410,5262,15334,0
sh600415,0,0,0
sh600416,891,0,0
sh600418,3161,0,0
sh600419,0,0,0
sh600420,0,0,0
sh600421,0,0,0
sh600422,1225,2542,0
sh600423,0,0,0
sh600425,3000,0,0
sh600426,6024,1171,0
sh600428,0,0,0
sh600429,0,0,0
sh600433,0,0,0
sh600435,166583,201775,22667
sh600436,1646,3375,0
sh600438,0,2240,0
sh600439,0,1672,0
sh600444,0,0,0
sh600446,8768,17615,0
sh600448,0,0,0
sh600449,0,0,0
sh600452,0,0,0
sh600455,0,0,0
sh600456,607,0,0
sh600458,0,0,0
sh600459,677,585,0
sh600460,15690,18786,0
sh600461,0,0,0
sh600462,0,0,0
sh600463,0,0,0
sh600466,5749,0,0
sh600467,0,0,0
sh600468,0,0,0
sh600469,0,0,0
sh600470,0,0,0
sh600475,0,0,0
sh600476,0,0,0
sh600477,0,0,0
sh600478,0,0,0
sh600479,0,0,0
sh600480,743,2239,0
sh600481,0,0,0
sh600482,1553,6290,0
sh600483,0,0,0
sh600485,0,0,0
sh600486,0,0,0
sh600487,9909,7010,0
sh600488,0,0,0
sh600489,12188,23883,0
sh600490,9513,12186,0
sh600491,1000,3536,0
sh600493,0,0,0
sh600495,0,0,0
sh600496,0,0,0
sh600497,6006,14627,0
sh600498,2250,3551,0
sh600499,0,2298,0
sh600500,0,0,0
sh600501,0,0,0
sh600502,0,0,0
sh600503,0,4274,0
sh600505,0,0,0
sh600506,0,0,0
sh600507,13489,19731,0
sh600508,0,0,0
sh600509,0,0,0
sh600510,0,0,0
sh600511,1999,1908,0
sh600512,12533,10678,0
sh600513,0,0,0
sh600515,0,0,0
sh600516,35381,13215,1164
sh600517,0,2374,0
sh600518,605,529,0
sh600519,3754,4488,356
sh600520,0,566,488
sh600521,2199,2628,348
sh600522,5675,12577,0
sh600523,0,0,0
sh600525,7787,12621,954
sh600526,0,0,0
sh600527,5673,4545,0
sh600528,0,1510,0
sh600529,0,0,0
sh600530,0,0,0
sh600531,0,0,0
sh600532,0,0,0
sh600533,0,0,0
sh600535,3017,2343,0
sh600536,15456,15654,733
sh600537,0,0,0
sh600538,0,0,0
sh600539,64943,28963,0
sh600540,51023,102246,0
sh600543,0,0,0
sh600545,0,0,0
sh600546,0,0,0
sh600547,17072,32437,3526
sh600548,0,0,0
sh600549,10498,9213,484
sh600550,0,0,0
sh600551,0,0,0
sh600552,0,0,0
sh600555,24782,52214,0
sh600556,0,0,0
sh600557,12881,9224,0
sh600558,0,0,0
sh600559,0,0,0
sh600560,943,0,0
sh600561,0,0,0
sh600562,1748,640,0
sh600563,0,0,0
sh600565,10626,38514,0
sh600566,2601,2335,0
sh600567,76832,23249,0
sh600568,0,0,0
sh600569,14509,19650,0
sh600570,30277,45106,3573
sh600571,0,0,0
sh600572,0,0,0
sh600573,0,0,0
sh600575,0,0,0
sh600576,0,0,0
sh600577,0,0,0
sh600578,0,0,0
sh600579,0,0,0
sh600580,0,0,0
sh600581,38021,23272,858
sh600582,0,0,0
sh600583,3726,3552,0
sh600584,19824,32009,3314
sh600585,129668,120963,17212
sh600586,0,0,0
sh600587,0,0,0
sh600588,18761,23109,1173
sh600589,0,0,0
sh600590,0,0,0
sh600592,0,0,0
sh600593,0,0,0
sh600594,1544,13652,0
sh600595,2435,3234,0
sh600596,10474,21940,916
sh600597,0,2092,0
sh600598,106084,168366,6613
sh600599,0,0,0
sh600600,1134,1407,0
sh600601,0,0,0
sh600602,2671,4732,0
sh600603,0,0,0
sh600604,0,3777,0
sh600605,0,0,0
sh600606,62222,38455,0
sh600608,0,0,0
sh600609,2423,0,0
sh600610,0,0,0
sh600611,0,2503,0
sh600612,0,0,0
sh600613,0,0,0
sh600614,0,0,0
sh600615,0,0,0
sh600616,0,0,0
sh600617,0,0,0
sh600618,0,0,0
sh600619,0,0,0
sh600620,0,0,0
sh600621,64830,65669,12123
sh600622,0,0,0
sh600623,0,0,0
sh600624,0,0,0
sh600626,4157,22455,0
sh600628,0,0,0
sh600629,0,0,0
sh600630,1544,0,0
sh600633,850,2000,0
sh600634,0,1297,0
sh600635,2449,2207,0
sh600636,1350,0,0
sh600637,1699,7747,0
sh600638,0,0,0
sh600639,0,0,0
sh600640,0,0,0
sh600641,1000,1765,0
sh600642,0,0,0
sh600643,0,0,0
sh600644,0,0,0
sh600645,1595,2490,0
sh600647,0,0,0
sh600648,0,0,0
sh600649,0,1500,0
sh600650,0,0,0
sh600651,0,0,0
sh600652,2218,0,0
sh600653,22077,5000,0
sh600654,0,0,0
sh600655,0,0,0
sh600657,0,0,0
sh600658,0,0,0
sh600660,878,507,0
sh600661,0,0,0
sh600662,2096,6484,0
sh600663,0,0,0
sh600664,0,3012,0
sh600665,0,3505,0
sh600666,0,0,0
sh600667,0,8928,0
sh600668,773,682,0
sh600671,0,0,0
sh600673,31892,26803,1006
sh600674,1111,0,0
sh600675,0,0,0
sh600676,0,1670,0
sh600677,4982,8700,0
sh600678,0,0,0
sh600679,0,0,0
sh600680,0,0,0
sh600681,0,0,0
sh600682,0,0,0
sh600683,0,0,0
sh600684,4010,6798,0
sh600685,0,1164,0
sh600686,0,3424,0
sh600687,0,0,0
sh600688,4978,0,0
sh600689,916,4639,0
sh600690,37289,16506,0
sh600691,2995,4654,0
sh600692,0,3417,0
sh600693,0,4000,0
sh600694,0,0,0
sh600695,0,2850,0
sh600696,0,0,0
sh600697,0,0,0
sh600698,0,0,0
sh600699,0,768,0
sh600701,0,0,0
sh600702,2112,1266,304
sh600703,33421,59784,3046
sh600704,0,0,0
sh600705,8948,30019,0
sh600706,1263,0,0
sh600707,0,0,0
sh600708,0,5513,0
sh600710,0,0,0
sh600711,0,55628,0
sh600712,0,0,0
sh600713,0,0,0
sh600714,1154,0,0
sh600715,0,0,0
sh600716,0,2737,0
sh600717,0,0,0
sh600718,9980,43523,846
sh600719,0,0,0
sh600720,34614,17383,0
sh600721,1435,2761,0
sh600722,0,2573,0
sh600723,0,0,0
sh600724,0,0,0
sh600725,0,0,0
sh600726,0,0,0
sh600727,0,0,0
sh600728,8996,22514,0
sh600729,40015,42890,1872
sh600730,0,0,0
sh600731,0,0,0
sh600732,0,0,0
sh600733,0,0,0
sh600734,0,0,0
sh600735,0,0,0
sh600736,0,0,0
sh600737,0,0,0
sh600738,0,0,0
sh600739,0,3000,0
sh600740,24370,22365,0
sh600741,6879,4539,0
sh600742,0,1988,0
sh600743,0,0,0
sh600744,0,0,0
sh600745,731,3198,0
sh600746,0,0,0
sh600747,0,0,0
sh600748,0,0,0
sh600749,0,0,0
sh600750,0,0,0
sh600751,0,0,0
sh600753,0,0,0
sh600754,0,0,0
sh600755,2547,12927,0
sh600756,3695,6895,0
sh600757,0,0,0
sh600758,0,0,0
sh600759,0,0,0
sh600760,11001,14311,879
sh600761,0,0,0
sh600763,261,269,265
sh600764,0,836,0
sh600765,5945,7966,0
sh600766,0,0,0
sh600767,0,0,0
sh600768,0,0,0
sh600769,0,0,0
sh600770,0,1600,0
sh600771,0,1434,0
sh600773,0,0,0
sh600774,0,0,0
sh600775,0,2290,0
sh600776,0,0,0
sh600777,0,0,0
sh600778,0,0,0
sh600779,2758,1541,0
sh600780,0,0,0
sh600781,0,0,0
sh600782,38714,24997,0
sh600783,0,0,0
sh600784,0,0,0
sh600785,0,0,0
sh600787,1214,8073,0
sh600789,1000,5148,0
sh600790,4993,0,0
sh600791,0,0,0
sh600792,0,0,0
sh600793,0,0,0
sh600794,0,0,0
sh600795,19816,0,0
sh600796,0,0,0
sh600797,3050,20675,0
sh600798,0,0,0
sh600800,0,0,0
sh600801,56681,48433,4766
sh600802,35955,21646,1472
sh600803,3918,1800,0
sh600804,1811,940,0
sh600805,0,0,0
sh600807,0,0,0
sh600808,79002,43946,0
sh600809,1553,4170,0
sh600810,1839,2469,0
sh600811,0,8773,0
sh600812,0,0,0
sh600814,0,1526,0
sh600815,0,0,0
sh600816,0,0,0
sh600817,0,0,0
sh600818,0,0,0
sh600819,0,0,0
sh600820,0,0,0
sh600821,0,0,0
sh600822,1929,9066,0
sh600823,7515,2513,0
sh600824,0,0,0
sh600825,0,0,0
sh600826,0,0,0
sh600827,0,0,0
sh600828,0,0,0
sh600829,0,0,0
sh600830,0,0,0
sh600831,0,0,0
sh600833,0,846,0
sh600834,0,0,0
sh600835,595,0,0
sh600836,0,0,0
sh600837,31566,22992,0
sh600838,5511,0,0
sh600839,0,13352,0
sh600841,0,0,0
sh600843,0,0,0
sh600844,0,3226,0
sh600845,0,695,0
sh600846,1245,1580,0
sh600847,0,0,0
sh600848,22840,28397,2436
sh600850,0,0,0
sh600851,0,0,0
sh600853,0,0,0
sh600854,0,0,0
sh600855,0,1689,0
sh600856,0,0,0
sh600857,0,0,0
sh600858,0,0,0
sh600859,1504,546,0
sh600860,2007,11273,2394
sh600861,0,0,0
sh600862,0,4100,0
sh600863,0,0,0
sh600864,0,0,0
sh600865,0,0,0
sh600866,0,0,0
sh600867,2551,1623,0
sh600868,0,0,0
sh600869,0,2997,0
sh600870,5992,2746,0
sh600871,0,0,0
sh600872,3001,14106,520
sh600873,2931,26433,0
sh600874,0,0,0
sh600875,0,1145,0
sh600876,595,0,0
sh600877,0,0,0
sh600879,14737,43988,0
sh600880,0,0,0
sh600881,0,0,0
sh600882,0,0,0
sh600883,0,0,0
sh600884,7118,3249,0
sh600885,0,0,0
sh600886,3550,3292,0
sh600887,170408,163298,9314
sh600888,0,0,0
sh600889,0,0,0
sh600890,4325,24566,0
sh600891,0,0,0
sh600892,3000,2580,0
sh600893,3709,15214,1858
sh600894,0,0,0
sh600895,2582,1604,0
sh600896,66391,143351,13817
sh600897,0,0,0
sh600898,0,0,0
sh600900,3160,3311,0
sh600901,10759,24933,0
sh600903,42654,37651,6048
sh600908,0,0,0
sh600909,0,0,0
sh600917,0,0,0
sh600919,11930,12424,0
sh600926,3951,0,0
sh600929,0,3440,0
sh600933,27012,40525,3036
sh600936,0,0,0
sh600939,0,0,0
sh600958,1622,2924,0
sh600959,0,0,0
sh600960,0,0,0
sh600961,0,0,0
sh600962,2370,1073,0
sh600963,6976,3224,0
sh600965,0,0,0
sh600966,1918,1849,0
sh600967,3733,12711,0
sh600969,0,0,0
sh600970,13946,4282,0
sh600971,6020,7399,0
sh600973,0,0,0
sh600975,5828,2328,0
sh600976,0,0,0
sh600977,2544,0,0
sh600978,0,1780,0
sh600979,0,0,0
sh600980,24327,14224,0
sh600981,0,0,0
sh600982,0,0,0
sh600983,0,0,0
sh600984,8106,0,0
sh600985,0,0,0
sh600986,0,0,0
sh600987,0,0,0
sh600988,22914,42145,5492
sh600990,0,195,0
sh600992,0,0,0
sh600993,0,565,0
sh600995,0,0,0
sh600996,0,0,0
sh600997,4022,0,0
sh600998,0,1984,0
sh600999,2498,2680,1244
sh601000,0,15928,0
sh601001,0,0,0
sh601002,0,0,0
sh601003,26178,24758,0
sh601005,5856,26339,0
sh601006,16570,12998,0
sh601007,0,0,0
sh601008,0,6292,0
sh601009,39964,10854,0
sh601010,0,0,0
sh601011,3470,0,0
sh601012,3351,2004,0
sh601015,0,0,0
sh601016,0,0,0
sh601018,0,13263,0
sh601019,3840,3246,0
sh601020,0,0,0
sh601021,0,0,0
sh601028,0,0,0
sh601038,0,0,0
sh601058,0,0,0
sh601069,25896,31212,9683
sh601086,8884,971,0
sh601088,24263,12267,544
sh601098,0,0,0
sh601099,39797,32617,0
sh601100,0,0,0
sh601101,0,0,0
sh601106,0,3331,0
sh601107,0,0,0
sh601108,8951,3173,0
sh601111,31793,19735,1199
sh601113,7156,0,0
sh601116,7996,2346,0
sh601117,5807,0,0
sh601118,216898,198791,32830
sh601126,0,0,0
sh601127,1102,2960,593
sh601128,4830,0,0
sh601137,0,0,0
sh601139,0,0,0
sh601155,25121,11426,1105
sh601158,0,0,0
sh601163,0,0,0
sh601166,77669,44638,716
sh601168,64054,49124,4150
sh601169,19913,4001,0
sh601177,0,0,0
sh601179,0,0,0
sh601186,14032,3879,1621
sh601188,0,0,0
sh601198,4943,6201,0
sh601199,0,0,0
sh601200,0,0,0
sh601208,6245,17923,0
sh601211,14212,8298,0
sh601212,1630,0,0
sh601216,0,0,0
sh601218,0,0,0
sh601222,0,0,0
sh601225,26798,40844,4876
sh601226,0,0,0
sh601228,4882,18502,2709
sh601229,3182,4382,0
sh601231,0,1359,0
sh601233,5435,1233,0
sh601238,1502,2365,0
sh601258,173171,79049,0
sh601288,854783,465544,0
sh601311,0,0,0
sh601318,144887,116524,15739
sh601326,0,2219,0
sh601328,159924,87540,0
sh601333,5046,6433,0
sh601336,8963,10495,1164
sh601339,0,0,0
sh601360,15198,7914,599
sh601366,0,0,0
sh601368,0,0,0
sh601369,0,0,0
sh601375,10717,5582,0
sh601377,9388,5852,0
sh601388,23144,12466,0
sh601390,7638,2355,0
sh601398,593453,363421,0
sh601500,0,0,0
sh601515,0,0,0
sh601518,0,0,0
sh601519,0,0,0
sh601555,5009,0,0
sh601558,0,16569,0
sh601566,0,0,0
sh601567,0,0,0
sh601579,0,0,0
sh601588,3148,0,0
sh601595,0,0,0
sh601599,0,8916,0
sh601600,857652,604161,0
sh601601,29359,25110,0
sh601607,2640,7199,0
sh601608,0,3714,0
sh601611,0,0,0
sh601616,0,0,0
sh601618,14085,14491,0
sh601619,0,0,0
sh601628,3899,1693,0
sh601633,0,0,0
sh601636,49521,39946,0
sh601666,21835,21649,0
sh601668,78544,67590,0
sh601669,0,0,0
sh601677,0,0,0
sh601678,4975,10720,0
sh601688,75627,56492,3179
sh601689,0,725,0
sh601699,30001,9304,0
sh601700,0,0,0
sh601717,15446,14855,0
sh601718,0,0,0
sh601727,0,0,0
sh601766,52169,18587,0
sh601777,0,0,0
sh601788,1051,0,0
sh601789,0,0,0
sh601798,0,0,0
sh601799,0,0,0
sh601800,3802,4815,0
sh601801,0,0,0
sh601808,0,0,0
sh601811,0,0,0
sh601818,156074,48485,0
sh601828,2775,7918,0
sh601838,10159,13116,0
sh601857,28940,13383,0
sh601858,7163,3134,0
sh601866,0,0,0
sh601872,7850,0,0
sh601877,1890,1967,0
sh601878,2710,1413,0
sh601880,5940,18953,0
sh601881,114907,65465,5619
sh601882,0,0,0
sh601886,0,0,0
sh601888,3433,6668,220
sh601890,0,6307,0
sh601898,0,0,0
sh601899,437817,153980,0
sh601900,0,0,0
sh601901,1664,0,0
sh601908,0,0,0
sh601918,0,0,0
sh601919,5000,10662,0
sh601928,0,2258,0
sh601929,0,0,0
sh601933,17533,14212,0
sh601939,285756,204160,0
sh601949,9856,3838,3115
sh601952,0,5106,0
sh601958,6776,7698,0
sh601965,0,0,0
sh601966,0,0,0
sh601968,0,0,0
sh601969,14332,30331,0
sh601985,2050,6366,0
sh601988,261117,131642,0
sh601989,120477,279143,0
sh601991,0,0,0
sh601992,16685,6491,0
sh601996,10191,3500,0
sh601997,4512,2219,0
sh601998,44534,21013,0
sh601999,3802,1400,0
sh603000,0,1000,0
sh603001,0,0,0
sh603002,0,0,0
sh603003,0,0,0
sh603005,369,0,0
sh603006,3129,0,0
sh603007,0,0,0
sh603008,0,0,0
sh603009,2853,14996,0
sh603010,0,0,0
sh603011,0,0,0
sh603012,0,0,0
sh603015,0,1331,0
sh603016,0,494,0
sh603017,0,0,0
sh603018,0,0,0
sh603019,16408,30598,1361
sh603020,0,0,0
sh603021,0,0,0
sh603022,0,0,0
sh603023,0,0,0
sh603025,0,0,0
sh603026,0,0,0
sh603027,0,0,0
sh603028,0,0,0
sh603029,0,0,0
sh603030,0,0,0
sh603031,0,0,0
sh603032,11372,6135,284
sh603033,0,0,0
sh603035,0,0,0
sh603036,0,0,0
sh603037,0,0,0
sh603038,0,0,0
sh603039,0,556,0
sh603040,0,0,0
sh603041,0,0,0
sh603042,0,0,0
sh603043,0,0,0
sh603050,0,0,0
sh603055,0,705,0
sh603056,1255,8273,0
sh603058,731,2434,0
sh603059,0,1433,0
sh603060,0,0,0
sh603063,0,0,0
sh603066,0,0,0
sh603067,48086,80470,2858
sh603069,2166,8170,0
sh603076,0,0,0
sh603077,0,10000,0
sh603078,408,0,0
sh603079,0,0,0
sh603080,30754,62859,2835
sh603081,506,1576,0
sh603083,0,0,0
sh603085,0,0,0
sh603086,0,0,0
sh603088,0,0,0
sh603089,0,0,0
sh603090,0,0,0
sh603096,126,501,0
sh603098,0,0,0
sh603099,0,0,0
sh603100,0,0,0
sh603101,0,1000,0
sh603103,323,349,0
sh603106,4583,64125,0
sh603108,0,0,0
sh603110,0,865,0
sh603111,0,0,0
sh603113,0,0,0
sh603116,0,0,0
sh603117,0,0,0
sh603118,0,1493,0
sh603123,0,0,0
sh603126,0,0,0
sh603127,127,0,134
sh603128,12109,13053,0
sh603129,0,0,0
sh603131,0,1611,0
sh603133,0,0,0
sh603136,0,274,0
sh603138,617,2807,0
sh603139,949,0,0
sh603156,1787,1292,0
sh603157,656,0,0
sh603158,0,650,0
sh603159,0,0,0
sh603160,198,317,0
sh603161,9160,7261,345
sh603165,0,0,0
sh603166,0,0,0
sh603167,0,0,0
sh603168,2030,699,0
sh603169,0,0,0
sh603177,0,0,0
sh603178,0,0,0
sh603179,577,545,0
sh603180,0,169,0
sh603181,1500,449,0
sh603183,0,0,0
sh603186,0,0,0
sh603188,0,0,0
sh603189,0,0,0
sh603196,0,0,0
sh603197,227,526,0
sh603198,0,0,0
sh603199,0,0,0
sh603200,0,0,0
sh603203,0,0,0
sh603208,0,0,0
sh603214,0,627,0
sh603218,0,0,0
sh603222,0,0,0
sh603223,0,0,0
sh603225,0,0,0
sh603226,0,0,0
sh603227,0,0,0
sh603228,0,0,0
sh603229,30736,92043,6106
sh603232,0,400,0
sh603233,0,329,0
sh603238,0,0,0
sh603239,0,0,0
sh603258,0,0,0
sh603260,1091,1649,0
sh603266,0,0,0
sh603268,0,0,0
sh603269,0,0,0
sh603277,0,880,0
sh603278,627,654,0
sh603283,0,2201,0
sh603286,450,1111,0
sh603288,0,176,0
sh603289,0,40081,0
sh603298,0,0,0
sh603299,0,0,0
sh603300,0,0,0
sh603303,0,0,0
sh603305,6453,16203,1888
sh603306,0,0,0
sh603308,0,685,0
sh603309,0,0,0
sh603311,0,0,0
sh603313,0,0,0
sh603315,0,0,0
sh603316,914,0,0
sh603318,0,0,0
sh603319,0,0,0
sh603320,0,0,0
sh603321,0,0,0
sh603322,0,0,0
sh603323,3771,0,0
sh603326,0,0,0
sh603328,0,0,0
sh603329,3884,8354,989
sh603330,0,0,0
sh603331,0,0,0
sh603333,0,16000,0
sh603335,32681,47995,2305
sh603336,0,0,0
sh603337,0,594,0
sh603338,0,0,0
sh603339,0,0,0
sh603345,0,0,0
sh603355,0,0,0
sh603356,2793,3922,0
sh603357,1080,0,0
sh603358,0,0,0
sh603359,0,0,0
sh603360,0,0,0
sh603363,2766,6578,0
sh603365,455,0,0
sh603366,0,0,0
sh603367,4573,4788,745
sh603368,271,410,0
sh603369,24535,18439,2655
sh603377,0,0,0
sh603378,0,0,0
sh603380,2506,558,0
sh603383,9545,16306,1145
sh603385,0,0,0
sh603386,0,1309,595
sh603387,0,0,0
sh603388,0,0,0
sh603389,0,0,0
sh603393,0,0,0
sh603396,371,2440,0
sh603398,0,0,0
sh603399,1804,0,0
sh603416,0,0,0
sh603421,0,0,0
sh603429,0,0,0
sh603444,0,0,0
sh603456,0,0,0
sh603458,0,0,0
sh603466,4041,8766,891
sh603477,0,0,0
sh603488,0,0,0
sh603496,284,1382,0
sh603499,346,1351,0
sh603500,0,0,0
sh603501,2598,266,502
sh603505,1103,0,0
sh603506,1569,268,0
sh603507,0,0,0
sh603508,0,0,0
sh603515,1028,252,0
sh603516,14433,18116,2734
sh603517,578,0,0
sh603518,0,0,0
sh603519,2565,0,0
sh603520,0,0,0
sh603527,402,0,0
sh603528,15004,30008,1169
sh603533,6135,2623,949
sh603535,1036,4090,0
sh603536,0,0,0
sh603538,0,0,0
sh603555,0,0,0
sh603556,0,0,0
sh603557,0,0,0
sh603558,0,0,0
sh603559,0,310,0
sh603566,1122,707,0
sh603567,0,0,0
sh603568,0,0,0
sh603569,0,0,0
sh603577,0,0,0
sh603578,0,0,0
sh603579,150,0,0
sh603580,0,0,0
sh603585,0,0,0
sh603586,0,0,0
sh603588,0,0,0
sh603589,0,0,0
sh603595,436,579,0
sh603598,10618,11119,0
sh603599,0,0,0
sh603600,0,0,0
sh603601,0,0,0
sh603602,0,0,0
sh603603,0,0,0
sh603605,0,0,0
sh603606,0,0,0
sh603607,1388,1441,0
sh603608,0,0,0
sh603609,0,0,0
sh603611,0,0,0
sh603612,0,687,0
sh603615,0,0,0
sh603616,0,0,0
sh603617,0,0,0
sh603618,0,0,0
sh603619,3501,1960,758
sh603626,0,429,0
sh603628,0,0,0
sh603630,414,463,0
sh603633,0,0,0
sh603636,0,6276,0
sh603637,0,0,0
sh603638,0,0,0
sh603639,0,0,0
sh603648,51135,53250,12465
sh603655,3094,6710,2031
sh603656,0,0,0
sh603658,0,0,0
sh603659,0,0,0
sh603660,352,0,0
sh603661,197,0,0
sh603663,0,0,0
sh603665,0,0,0
sh603667,0,0,0
sh603668,0,0,0
sh603669,0,1065,0
sh603676,1289,2068,0
sh603677,0,0,0
sh603678,861,2411,0
sh603679,0,0,0
sh603680,305,320,0
sh603683,422,1214,0
sh603685,0,0,0
sh603686,0,0,0
sh603688,0,1000,0
sh603689,0,0,0
sh603690,0,0,0
sh603696,0,0,0
sh603698,0,0,0
sh603699,600,0,0
sh603701,0,0,0
sh603703,0,0,0
sh603707,0,0,0
sh603708,0,500,0
sh603709,0,1001,0
sh603711,5318,9078,0
sh603712,48432,125127,13685
sh603716,1345,1402,0
sh603717,0,0,0
sh603718,7158,13192,1026
sh603721,0,0,0
sh603722,0,0,0
sh603725,0,0,0
sh603726,0,0,0
sh603727,0,628,0
sh603728,0,0,0
sh603729,207,1160,0
sh603730,0,0,0
sh603737,0,0,0
sh603738,0,0,0
sh603757,0,380,0
sh603758,0,0,0
sh603766,0,9809,0
sh603767,0,0,0
sh603768,0,0,0
sh603776,0,171,0
sh603777,0,0,0
sh603778,0,0,0
sh603779,0,0,0
sh603787,0,0,0
sh603788,0,0,0
sh603789,0,0,0
sh603797,0,0,0
sh603798,0,0,0
sh603799,33707,32016,5520
sh603800,0,0,0
sh603801,0,341,0
sh603803,0,0,0
sh603806,0,0,0
sh603808,545,2095,0
sh603809,0,735,0
sh603811,0,0,0
sh603813,0,808,0
sh603816,202,170,0
sh603817,0,0,0
sh603818,0,0,0
sh603819,0,1900,0
sh603822,0,0,0
sh603823,0,0,0
sh603825,0,332,0
sh603826,0,0,0
sh603828,0,0,0
sh603829,0,0,0
sh603833,0,0,0
sh603838,0,0,0
sh603839,0,0,0
sh603843,0,0,0
sh603848,0,0,0
sh603855,0,0,0
sh603856,0,0,0
sh603858,0,1564,0
sh603859,1476,0,0
sh603860,0,0,0
sh603861,0,0,0
sh603866,1589,445,212
sh603868,0,0,0
sh603869,0,500,0
sh603871,1954,2699,208
sh603877,0,0,0
sh603878,0,0,0
sh603879,1167,0,670
sh603880,0,0,0
sh603881,0,761,0
sh603882,1100,1623,0
sh603883,552,0,0
sh603885,0,0,0
sh603886,0,0,0
sh603887,0,0,0
sh603888,0,0,0
sh603889,0,0,0
sh603890,0,697,0
sh603895,5231,5857,418
sh603896,0,350,0
sh603897,0,0,0
sh603898,0,0,0
sh603899,667,0,0
sh603900,0,0,0
sh603901,0,0,0
sh603903,0,0,0
sh603906,0,0,0
sh603908,0,0,0
sh603909,0,0,0
sh603912,928,3361,0
sh603916,3887,2566,0
sh603917,0,0,0
sh603918,12039,25457,961
sh603919,0,1181,0
sh603920,755,3529,0
sh603922,0,1378,0
sh603926,0,0,0
sh603928,0,0,0
sh603929,463,0,0
sh603933,0,0,0
sh603936,0,0,0
sh603937,8574,9393,0
sh603938,362,2113,0
sh603939,301,256,0
sh603955,0,0,0
sh603958,0,0,0
sh603959,0,300,0
sh603960,0,0,0
sh603963,1904,325,0
sh603966,0,0,0
sh603968,0,0,0
sh603969,0,0,0
sh603970,372,1015,0
sh603976,0,0,0
sh603977,0,0,0
sh603978,0,0,138
sh603979,0,0,0
sh603980,0,0,0
sh603985,0,0,0
sh603986,5042,11003,354
sh603987,0,0,0
sh603988,0,0,0
sh603989,0,0,0
sh603990,0,300,0
sh603991,0,0,0
sh603993,552984,322371,6190
sh603996,599,0,0
sh603997,0,0,0
sh603998,0,0,0
sh603999,0,0,0
