sz300123,0,0,0
sh601116,1720,1486,0
sz300419,0,0,0
sz300355,18901,6669,0
sh601998,143241,208084,0
sh601958,0,2415,0
sz300364,50242,11086,1225
sh601228,3730,0,0
sz300550,0,0,0
sh603063,0,0,0
sz300190,0,0,0
sh603357,0,0,0
sz300078,8214,0,0
sz002822,0,0,0
sz300242,0,0,0
sh603889,8174,673,0
sh600379,0,0,0
sz000861,0,0,0
sz300516,0,0,0
sh603128,8511,6209,0
sz000089,1531,9482,0
sh600072,0,0,0
sh601199,0,0,0
sh600183,18023,6736,0
sz002254,883,0,0
sz300637,0,0,0
sz300145,13888,3602,0
sz000609,0,0,0
sz002798,0,0,0
sz002185,21896,10892,0
sh600095,0,0,0
sz002780,0,0,0
sz002921,0,0,0
sh601000,11462,9741,0
sz000426,24084,36029,0
sz002401,0,0,0
sz002909,0,0,0
sh601211,14579,20557,0
sh603566,0,0,0
sz300583,0,0,0
sz300523,0,867,0
sh600997,6895,21370,0
sz300001,0,0,0
sz300521,0,0,0
sh600845,0,1092,0
sz300474,0,405,0
sz002624,2359,807,0
sz300735,1226,0,0
sz002617,0,1609,0
sz300080,0,0,0
sz300087,1400,0,0
sz002803,0,0,0
sz300368,0,9929,0
sh600578,0,0,0
sh600258,1593,0,0
sh600838,0,0,0
sz300731,0,0,0
sh601288,3439184,3533113,13593
sz002449,4586,4509,0
sz000608,3105,7863,0
sz002145,9122,2213,0
sh601668,1601899,2020433,36394
sh600533,2610,9885,0
sh600396,0,0,0
sz300636,0,0,0
sh600196,15728,12132,0
sh600291,2065,2040,0
sh600163,0,0,0
sz002281,6285,4090,0
sh600345,0,705,0
sz000893,0,2600,0
sh600082,2296,0,0
sz300308,2475,1345,0
sz000818,0,0,0
sz300126,0,0,0
sh600455,0,0,0
sz002772,0,0,0
sh600859,0,0,0
sz000536,0,0,0
sh603626,0,0,0
sh603458,0,0,0
sh600363,0,1026,0
sh601992,60982,36746,0
sh600597,1594,859,0
sz002483,0,9976,0
sz300282,633,0,0
sz002893,0,0,566
sh600602,0,0,0
sh600120,554,0,0
sz000523,0,0,0
sz002095,1482,753,0
sz002059,0,0,0
sh601567,0,0,0
sh603227,0,0,0
sz300502,0,0,0
sh603568,0,0,0
sz002228,3138,7800,0
sh600340,97148,102041,6279
sh600699,4135,969,0
sh601801,8558,0,0
sz002482,0,0,0
sh600980,0,0,0
sz000906,0,0,0
sz002549,0,0,0
sh600060,4377,3832,0
sh600598,2045,10978,0
sz002141,0,3500,0
sh600184,0,0,0
sh603139,0,0,0
sh600548,1964,2772,0
sz002266,0,0,0
sz300179,0,0,0
sz002079,4260,0,0
sz002440,9219,12843,0
sz300672,301,0,0
sz300737,4147,8218,3333
sh601158,0,0,0
sh600872,3286,1453,450
sh603020,0,0,0
sh600354,4850,4992,1506
sz300451,16492,7475,4935
sz300053,809,3112,0
sz002354,7709,0,0
sz300285,800,0,0
sh600958,14293,25489,846
sh600288,0,0,0
sh603779,0,0,0
sz000005,0,0,0
sh601258,10638,21498,0
sz002902,0,0,0
sh603989,0,0,0
sh600059,0,0,0
sz300203,5535,7399,451
sz002686,0,0,0
sh601238,526,8060,0
sz002782,0,0,0
sh600502,0,4706,0
sz300400,999,0,0
sh603558,0,0,0
sz000557,10000,0,0
sz300245,0,0,0
sz002485,1515,0,0
sh601901,5161,0,0
sh600098,0,0,0
sh603879,0,0,0
sz300483,0,0,0
sh601607,6775,7419,0
sh603728,0,0,0
sz002430,0,928,0
sh600677,0,0,0
sz300315,131612,84944,12903
sz002826,5422,3159,0
sz300573,0,0,0
sz002546,0,0,0
sz000576,0,0,0
sz002872,0,600,0
sz300669,0,0,0
sh603179,0,0,0
sz002093,0,0,0
sh600239,12847,8286,0
sz002774,0,0,0
sz002781,0,0,0
sh600028,1116192,1538471,38909
sz300681,0,0,0
sh600673,15331,24596,0
sh600382,0,1140,0
sz002241,30528,20573,926
sz000404,0,0,0
sh600267,0,3071,0
sz002131,12701,0,0
sh603313,0,0,0
sz000671,109832,92150,10758
sz002169,0,0,0
sh603022,0,0,0
sh603996,0,627,0
sh600048,761959,774079,56227
sz300039,1660,5665,3209
sz300510,0,500,0
sh600675,2422,0,0
sz002918,310,0,0
sh603026,0,1690,0
sz300176,0,290,100
sz000637,0,0,0
sh603496,0,0,0
sz000682,0,0,0
sh603012,0,0,0
sz002552,1735,0,0
sz002660,0,0,0
sz002138,930,1006,0
sz300349,0,0,0
sh603158,0,0,0
sz300106,0,0,0
sh600729,0,1309,0
sh603898,0,0,0
sh600720,31478,41942,2288
sz002153,11794,6599,3231
sh600896,0,0,0
sh603901,0,0,0
sz002636,0,852,0
sz002657,1443,0,0
sh600826,0,0,0
sh603099,0,0,0
sz000903,4000,3766,0
sz002377,0,0,0
sz300545,0,0,0
sh600081,0,0,0
sh603377,0,0,0
sz000668,0,0,0
sh600009,5073,11395,0
sz300096,3474,1230,0
sz000815,0,0,0
sz000929,1642,0,0
sz002613,0,0,0
sz002397,0,0,0
sh603393,0,0,0
sh603499,14430,9177,5295
sh601231,18270,5390,0
sz300253,28244,26818,1649
sz002665,22308,1771,0
sz002244,6822,13698,0
sz002841,0,0,0
sh600749,0,0,0
sz002096,0,0,0
sz300204,0,0,0
sz300589,0,0,0
sh601919,28332,41474,0
sh600698,0,0,0
sh601828,8982,8589,0
sh603896,316,0,0
sh600493,0,0,0
sh601616,3055,0,0
sh600642,5645,10463,0
sz000502,0,0,0
sz300463,0,1000,0
sh603001,0,0,0
sz002179,3122,5204,342
sz002759,0,0,0
sz002066,0,0,0
sz300395,2000,0,0
sz002078,55448,62474,0
sz300508,0,0,0
sz002327,1000,4156,0
sz002438,0,0,0
sh603978,430,0,0
sz000572,6698,0,0
sz300076,0,0,0
sz300335,700,0,0
sz000958,0,0,0
sh600220,0,3800,0
sh603708,0,523,0
sz300162,0,0,0
sz002717,0,0,0
sh600975,0,0,0
sz002276,0,0,0
sz000862,0,0,0
sz002672,0,2586,0
sz000657,0,0,0
sh600730,0,0,0
sz000617,0,0,0
sz000620,0,0,0
sz000990,666,0,0
sh600529,0,0,0
sh601882,0,1619,0
sz300296,7420,3043,729
sh601139,0,1393,0
sh601900,0,0,0
sz000922,0,0,0
sh600792,0,0,0
sh600703,149690,85407,7764
sh600741,26145,32375,1812
sz002431,1536,0,0
sz300241,0,3469,0
sh600552,0,0,0
sz300718,0,364,0
sz002678,0,0,0
sh600355,182605,5323,0
sh600508,0,2031,0
sz300021,32128,25412,1555
sh600680,1946,0,0
sz300265,0,0,0
sz300479,0,0,0
sh600678,2122,0,0
sh600486,419,320,0
sz002181,2639,0,0
sz300024,1904,2992,0
sz002215,0,0,0
sz002007,0,2427,0
sh600629,0,0,0
sh600248,0,0,0
sz300174,0,0,0
sz300118,2331,0,0
sz002533,0,0,0
sz002308,0,1118,0
sz300726,0,0,0
sz300343,7165,19247,0
sh600315,3477,857,0
sh603131,0,0,0
sz002240,0,989,0
sh600053,531,612,0
sz002248,1313,0,0
sz300420,0,0,0
sh600608,0,0,0
sz000598,5983,2157,0
sh600483,0,0,0
sz002824,0,1210,0
sh601886,0,0,0
sh600400,0,0,0
sh600423,0,2470,0
sz300428,0,0,0
sh603737,0,0,0
sz300440,0,0,0
sh603500,0,0,0
sz000066,3600,6141,0
sz002737,0,0,0
sz002225,0,0,0
sz300177,0,0,0
sh603871,0,0,0
sh601857,165615,143278,9722
sz002829,0,0,0
sz002021,0,0,0
sh600461,0,0,0
sh603585,0,0,0
sz300302,2240,0,0
sz002243,0,0,0
sz300525,0,0,0
sh603578,325,0,0
sz300338,4451,3974,600
sh600497,122737,213482,5371
sz300272,0,0,0
sh600742,0,1719,0
sz002328,0,0,0
sz002368,0,0,0
sz000528,57169,28977,0
sz002128,29523,66978,1086
sz300554,0,229,0
sh600823,13972,16699,0
sz002246,0,0,0
sz002825,0,0,0
sh600452,0,800,0
sz300657,0,0,0
sh600767,0,0,0
sz000552,15232,42707,0
sh600658,0,0,0
sh603019,22463,11716,994
sh600275,0,0,0
sz002148,3468,0,0
sz000767,0,5718,0
sz002216,0,0,0
sh603577,0,0,0
sh600790,0,0,0
sz300476,11614,3285,0
sz002380,0,670,0
sh600744,3873,0,0
sh603233,0,0,0
sh600287,0,0,0
sh603002,0,0,0
sz300491,0,0,0
sh603165,0,0,0
sz300007,0,0,0
sh603798,0,0,0
sz000501,1036,1048,0
sh600575,0,0,0
sz000888,0,0,0
sz000996,0,0,0
sz002036,0,2326,0
sz300373,1503,0,0
sh600690,88083,66360,3404
sz000055,8710,3364,0
sh600801,18818,48806,842
sh600293,1500,5459,0
sz002233,0,2496,0
sz300376,0,1421,0
sz000811,0,0,0
sh600704,0,0,0
sz002252,0,0,0
sh603027,0,0,0
sh603042,0,0,0
sz002626,7032,98041,1331
sz002364,0,0,0
sz300288,500,1197,0
sh600507,45564,59099,2604
sz002708,0,0,0
sh603536,0,0,0
sh600978,0,1409,0
sz000876,21643,80592,0
sz300679,0,0,0
sh601007,0,0,0
sh600936,0,0,0
sz300180,500,1556,0
sz002337,0,0,0
sz300269,0,0,0
sh603877,561,0,0
sz002680,0,0,0
sz002494,0,0,0
sz300585,1002,0,0
sz000993,0,0,0
sz002432,1756,0,0
sh603006,0,0,0
sz300460,0,0,0
sz002343,6698,2505,0
sz002376,31202,32863,0
sz000798,0,0,0
sh600234,0,0,0
sh600061,1506,2184,0
sz300632,0,0,0
sh603690,0,0,0
sh600419,0,0,0
sh600321,0,0,0
sh603366,0,0,0
sh600478,0,0,0
sz002457,1242,0,0
sz300708,638,3047,357
sz002410,7492,1568,0
sh600252,0,0,0
sz000548,0,0,0
sz002191,0,0,0
sz300131,1824,0,0
sz000681,4982,9258,0
sz002465,21703,14140,3540
sh600814,0,0,0
sz002491,2530,3260,0
sz300255,0,0,0
sz300548,0,0,0
sz002355,0,0,0
sh603928,0,0,0
sh601016,0,0,0
sh600987,0,0,0
sh603387,0,0,0
sz002758,0,0,0
sz002435,0,0,0
sz300147,0,0,0
sz300642,0,0,0
sh603612,0,0,0
sz300140,0,0,0
sh603689,0,0,0
sh600718,2209,975,0
sz002820,0,0,0
sz002557,0,0,0
sz002396,908,590,0
sh603160,0,0,0
sh600707,5648,1929,0
sz002414,0,0,0
sz300437,0,0,0
sh600706,0,0,0
sz002318,0,0,0
sz002805,0,0,0
sh600732,0,2185,0
sh603926,0,0,0
sz002843,1439,0,0
sz002484,0,0,0
sz300149,0,0,0
sz000965,0,2077,0
sz300016,0,0,0
sz002873,0,0,0
sz002605,0,0,0
sh600393,1937,0,0
sh603323,10200,29469,0
sz300201,2494,0,0
sz300109,597,1363,322
sh603367,0,0,0
sz300184,1138,0,0
sh603031,0,0,0
sz000928,0,0,0
sh601933,124191,87556,1954
sz300267,9440,4629,0
sz300056,0,0,0
sz002295,0,0,0
sh600962,0,0,0
sh600218,0,0,0
sz300561,0,0,308
sh600900,35152,61626,626
sh600238,0,0,0
sh600771,551,0,0
sz300448,0,0,0
sz002232,0,0,0
sz300499,0,0,0
sz002099,0,0,0
sh603768,1996,0,0
sz300590,522,523,0
sz000972,0,0,0
sz000723,4710,4453,0
sz300003,17813,5533,1055
sz300662,0,0,0
sz002775,0,0,0
sz300172,0,0,0
sh603299,0,0,0
sz002002,0,0,0
sh603767,0,0,0
sz002748,0,0,0
sz300085,0,0,0
sh603383,0,0,0
sz002025,0,0,0
sh601999,0,0,0
sz300712,0,0,0
sz000919,0,0,0
sz000425,44768,177452,0
sz002199,0,2404,0
sz300570,0,0,0
sh600149,0,0,0
sz002863,1805,0,0
sz002639,0,1500,0
sh600777,19326,7403,0
sz002503,0,0,0
sh603638,0,0,0
sz000582,0,0,0
sz002698,0,0,0
sh600510,0,0,0
sz300309,570,0,0
sz002910,0,0,0
sz000830,220945,297988,38781
sz002627,0,0,0
sh600830,0,0,0
sh600903,11930,19933,435
sz000702,0,0,0
sh600230,785,3153,832
sz000421,0,0,0
sz002747,0,0,0
sz002773,0,0,0
sz300458,0,0,0
sz002285,9622,14015,0
sz000902,0,0,0
sz300484,0,0,0
sh603360,0,0,0
sz300114,1655,0,0
sz002736,2949,3603,0
sz300418,8346,19169,0
sh603602,0,2103,0
sz002156,5681,0,0
sh600819,0,0,0
sh600031,114006,124110,15293
sh603266,0,0,0
sz002671,0,0,0
sh600074,1631517,64319,0
sz000612,0,0,0
sz000670,37927,48317,0
sh600579,0,0,0
sh600864,0,4331,0
sz002044,588,0,0
sh600331,0,0,0
sz002469,0,0,0
sz000416,0,0,0
sh600993,594,690,0
sz300332,1939,0,0
sz002508,233,2006,0
sh603811,0,0,0
sz002221,4014,3643,0
sz002139,5725,0,0
sh600793,0,0,0
sz002511,4759,8639,0
sh603960,0,0,0
sz002572,1810,3474,0
sz000039,8224,4638,0
sh603906,0,0,0
sz300588,0,0,0
sz000886,2000,10697,0
sz300547,0,0,0
sh600523,0,0,0
sz300138,0,0,0
sz300370,3735,43256,0
sh600653,0,4500,0
sz002905,698,0,0
sh603000,0,1293,0
sz002536,0,0,0
sh600593,2987,1119,0
sh600033,0,0,0
sh600697,0,0,0
sz002255,0,0,0
sh603416,0,0,0
sz000725,2768854,2058216,0
sz000880,0,0,0
sh600385,0,0,0
sz000739,0,2122,0
sh603126,0,0,0
sh600582,6736,37697,0
sz002479,15870,2760,0
sh600392,24421,14194,0
sh603555,8785,2204,551
sh600278,0,0,0
sz300334,1436,1200,0
sz000665,0,0,0
sh600691,0,0,0
sz002797,46260,21091,0
sz002864,0,0,0
sz300571,416,402,0
sz300553,0,0,0
sz000962,0,1673,0
sz000721,0,0,0
sh600233,0,0,0
sh603938,0,0,0
sz000060,87040,125241,1602
sz000779,0,0,0
sz002679,0,0,0
sz002582,0,0,0
sh600376,1203,0,0
sz300558,2714,524,0
sz000008,0,0,0
sz300314,0,0,0
sz002462,0,0,0
sh601881,10260,5823,0
sz300120,0,0,0
sz300705,0,0,0
sz002892,0,0,0
sz000913,0,0,0
sh603136,0,330,0
sz300503,0,0,0
sz002818,0,850,0
sh601618,40269,39786,2406
sz300040,0,0,0
sh603169,0,0,0
sh603076,0,0,0
sz300250,0,1969,0
sh600280,1355,1310,0
sz300284,0,0,0
sz002415,129780,97483,4668
sz300618,5588,4271,370
sh603338,0,0,0
sh600825,0,0,0
sz002842,0,0,0
sz000613,0,0,0
sz000932,32924,54099,1663
sh600159,0,0,0
sz002331,0,0,0
sh603868,0,0,0
sh603579,0,0,0
sz002211,0,0,0
sz300227,0,0,0
sh600839,10843,4286,0
sz000838,0,0,0
sz002421,0,3000,0
sz000045,3625,0,0
sh600530,0,2100,0
sz300331,977,0,0
sz002271,5070,4984,0
sz002277,2565,0,0
sz002651,0,0,0
sh603721,0,0,0
sz000712,0,2744,1006
sh600736,0,0,0
sz300133,21632,32983,0
sz300531,0,0,0
sh600242,1098,993,0
sz300520,3555,0,0
sz002801,0,0,0
sz002293,801,1066,0
sh601798,0,0,0
sz002861,0,0,0
sh600299,840,0,0
sz002190,1663,2534,0
sh603869,0,0,0
sz000960,88082,128445,10283
sz300661,281,0,0
sh600844,0,0,0
sz300519,0,0,0
sh600743,0,5076,0
sh603166,0,0,0
sh603300,2045,0,0
sh600883,1501,0,0
sh603856,0,0,0
sz300171,0,0,0
sh600056,3446,0,0
sz000848,0,3440,0
sh600722,0,0,0
sz002192,1021,0,0
sz002650,33273,26334,0
sh600269,0,12225,0
sz300381,0,0,0
sz300536,0,0,0
sh601669,18695,13045,0
sz000799,2413,0,0
sh600620,0,0,0
sz000971,0,0,0
sh600153,9784,2851,0
sh600588,38476,26726,1847
sz300228,0,0,0
sh600750,0,0,0
sz000809,0,0,0
sz000070,0,2501,0
sz002016,16213,9204,0
sz002031,0,0,0
sz002641,0,0,0
sh600641,0,2445,0
sh600585,101764,149675,10918
sz300329,0,0,0
sz300676,933,495,0
sz000729,6496,3404,0
sz300446,0,0,0
sh603803,0,0,0
sz002529,0,0,0
sh603258,0,0,0
sh600177,4186,7330,0
sz002287,0,0,0
sh603321,0,0,0
sz002729,0,0,0
sh600667,20434,6595,0
sh600137,0,0,0
sz300045,0,0,0
sz000718,4200,2685,0
sz002100,0,0,0
sz000713,0,8351,0
sz000807,40616,47184,0
sh600587,0,0,0
sz002791,0,0,0
sh603589,1064,1677,0
sz000690,0,5800,0
sh600123,8014,21900,0
sz000909,0,0,0
sh601336,31059,42384,2804
sz002727,0,800,0
sh603168,0,0,0
sz300673,0,0,0
sh601997,46705,71541,2036
sz300595,294,0,0
sz300183,0,0,0
sh603616,0,0,0
sh600543,0,0,0
sz002126,0,0,0
sh603017,0,0,0
sz002786,1500,0,0
sz300651,0,0,0
sz300012,0,0,0
sz002486,0,0,0
sh603609,0,0,0
sh603090,0,0,0
sz300649,0,0,0
sz002236,50710,30171,0
sh600655,0,1300,0
sh600887,108228,122608,5615
sh601628,67005,102750,7533
sz002032,0,0,0
sz300291,1000,2166,0
sz300385,0,0,0
sz002238,0,0,0
sz002578,2777,21025,0
sz002638,0,5039,0
sz000635,0,0,0
sh600696,0,0,0
sh600139,0,13511,0
sz000012,3046,1524,0
sz002616,0,0,0
sz300195,0,0,0
sh600193,0,0,0
sz000532,0,0,0
sz300352,10538,0,0
sh600448,0,0,0
sh603098,0,0,0
sz000554,0,0,0
sz000065,0,0,0
sz300320,0,0,0
sz300643,0,0,0
sz002809,0,0,0
sz300048,3000,0,0
sz002701,4961,5381,0
sh600180,0,0,0
sz002895,0,507,0
sz300592,0,0,0
sz002778,0,0,0
sz300275,0,0,0
sz002372,549,500,0
sh603157,1634,0,0
sh603711,0,0,0
sh600171,3538,4814,0
sz002726,0,974,0
sh600490,0,6483,0
sh603380,0,0,0
sh600815,0,0,0
sz002766,0,0,0
sz002151,1096,2745,0
sh603668,0,0,0
sh603618,0,0,0
sh603023,0,0,0
sz002732,0,0,0
sz300330,0,0,0
sz300029,0,0,0
sz300650,0,0,0
sh601166,913619,1216394,62277
sz000062,0,550,0
sz000751,0,2088,0
sz002480,3515,0,0
sz300470,0,0,0
sh601186,73799,149359,4437
sz002263,11325,0,0
sh603985,0,0,0
sh603686,0,0,0
sh600292,0,0,0
sh600029,347105,446392,23909
sz300222,0,0,0
sh601555,2394,11845,0
sz300301,0,0,0
sz300119,0,0,0
sz002200,0,0,0
sz002666,5559,8785,0
sz000953,0,0,0
sh601789,0,0,0
sz000672,20945,16815,4058
sh600052,0,0,0
sh600066,57773,31446,1555
sz300142,4093,4541,0
sz300062,0,0,0
sh603199,0,0,0
sz002487,0,0,0
sh601225,157846,233638,19475
sz002481,0,0,0
sh603378,0,0,0
sh600589,0,0,0
sh600499,6569,8936,0
sz000626,0,0,0
sz000517,2651,24652,0
sz000652,0,0,0
sz300117,0,0,0
sz002899,0,0,0
sz002745,3620,1367,0
sz300130,0,0,0
sz002757,938,0,0
sz000856,2332,1000,0
sh600235,0,0,0
sz300211,0,0,0
sz000010,0,0,0
sh600079,16955,981,0
sh600358,17859,14735,0
sz002342,0,0,0
sh600760,1563,1631,0
sz002765,0,0,0
sz000969,0,0,0
sz000605,0,0,0
sz002644,0,1016,1197
sh600335,0,4054,0
sh600489,31614,49476,0
sz300611,0,0,0
sz002749,0,0,0
sz000050,7881,6826,0
sz002382,0,1400,0
sz300321,0,0,0
sz002690,0,0,0
sh600506,0,0,0
sz002743,0,0,0
sz000686,0,1481,0
sh600369,13799,5192,0
sz000543,2243,0,0
sh600406,6049,8366,0
sz300101,3179,0,0
sh600645,3648,3734,0
sh600375,0,0,0
sh600316,0,0,0
sz000952,947,7439,0
sz300333,0,0,0
sz300357,300,505,0
sh600745,3764,0,0
sh600600,2333,1940,0
sz300037,2108,717,0
sh600319,3504,0,0
sz300462,1456,2868,0
sz002374,0,0,0
sh603050,0,0,0
sz002632,0,0,0
sz002338,0,0,0
sz002110,20819,16957,0
sz002039,0,0,0
sz300217,20321,0,0
sz002837,768,546,0
sz002521,1135,0,0
sz300377,3284,0,0
sh600436,1179,203,0
sz002478,0,0,0
sh603777,0,0,0
sz000901,1274,0,0
sz300108,0,0,0
sz002642,0,0,0
sz000607,0,0,0
sh603018,0,0,0
sh603698,0,0,0
sz002712,0,0,0
sz300229,0,0,0
sz300036,5309,2534,0
sz000920,0,0,0
sz001979,93716,119482,12819
sz300691,0,235,0
sz300739,11020,6663,1291
sh600368,2499,0,0
sh601595,0,0,0
sh603567,0,0,0
sh603535,0,0,0
sz000792,35964,30016,0
sz002821,0,685,0
sh603456,933,0,0
sz002035,2861,5643,0
sz300582,717,4248,0
sh601515,0,0,0
sz000565,0,0,0
sz300540,0,0,0
sh600207,0,0,0
sh601318,571445,689205,101717
sh603839,0,0,0
sh600854,0,0,0
sz002247,0,0,0
sz002026,0,0,0
sz002588,0,1641,0
sz002475,33276,32324,2202
sz300513,0,0,0
sh600610,3378,4322,0
sz300480,0,0,0
sz000676,0,994,0
sh603833,527,588,0
sh600146,3042,3620,0
sh600884,13233,10932,0
sh600091,0,0,0
sh600505,0,0,0
sz002740,0,0,0
sh600850,0,0,0
sz300567,227,0,0
sz300575,0,0,0
sz000099,0,0,0
sz000936,0,0,0
sz000032,0,0,0
sh603757,0,0,0
sh600665,2953,0,0
sz002183,9484,0,0
sh600789,65927,78839,2857
sz002001,20439,24537,604
sz002543,2174,412,0
sh601168,20979,50468,3998
sz002408,2763,2698,0
sz300528,0,0,0
sz300384,0,0,0
sz002532,48238,8142,0
sz300260,0,0,0
sh603556,0,0,0
sz002152,0,0,0
sz300151,0,0,0
sz002326,0,0,0
sh600800,0,0,0
sh600647,0,0,0
sz000910,852,2069,0
sh601328,871162,1494471,34115
sh600006,0,0,0
sz000819,0,0,0
sz002633,1541,1210,0
sh601088,173361,217244,19048
sh600601,0,5288,0
sh603797,0,0,0
sh600992,0,0,0
sz000088,0,0,0
sh601226,0,0,0
sh601108,29874,17803,0
sh600104,64516,76604,2423
sh600310,0,0,0
sz000858,175656,155778,19284
sh600862,0,0,0
sz000560,0,0,0
sh600721,0,0,0
sz000020,0,0,0
sh603025,694,0,0
sh600359,2272,10767,0
sh600546,2223,2096,0
sh603488,0,0,0
sz000507,0,2638,0
sh603828,0,0,0
sz000828,0,0,0
sh600684,4500,8000,0
sz002050,8457,2564,601
sh601128,9441,24047,3002
sz002598,0,0,0
sz300654,0,0,0
sh600178,0,0,0
sz002493,2887,31813,0
sz000822,0,1809,0
sz000036,2019,6317,0
sz000728,7065,6461,0
sz300729,398,436,0
sz300379,1581,0,0
sz300382,3589,0,0
sz000997,1000,2000,0
sz002294,3912,4471,415
sz300527,0,0,0
sh600763,322,369,0
sh600058,0,0,0
sz000698,0,0,0
sz002433,0,0,0
sz002472,0,0,0
sh601579,0,0,0
sz000959,0,0,0
sz002434,1742,0,0
sz002746,1498,0,0
sh603196,0,0,0
sh600783,0,0,0
sz300459,0,2898,0
sz000925,0,0,0
sh603505,0,0,0
sz002124,1501,0,0
sz002674,0,0,0
sz002459,0,0,0
sh601818,980519,1058502,10172
sz300047,2006,2759,0
sh603665,0,313,0
sz300188,6988,4034,0
sz002429,3234,7622,0
sh601519,0,0,0
sh600115,151847,257894,10155
sh600737,0,0,0
sh600026,0,2001,0
sh603920,0,0,0
sh603108,11915,8157,0
sh600425,3049,7517,0
sz000720,0,0,0
sh603881,0,0,0
sz002349,0,0,0
sh600671,5169,9361,0
sz300396,0,0,0
sz002361,0,0,0
sh600460,175444,136480,7459
sh603703,6576,5036,1044
sz002926,399231,600188,77172
sz002253,0,0,0
sz000016,12418,7567,0
sz300706,582,0,0
sz000592,15589,21832,0
sh603369,1012,2367,0
sz002237,5039,17367,1015
sh600055,0,0,0
sh601137,0,0,0
sh600692,0,0,0
sz002346,0,0,0
sh600827,3830,875,0
sh601010,0,0,0
sz000038,0,1111,0
sz002530,0,0,453
sz300439,0,0,0
sh600330,9193,1383,0
sh600640,0,0,0
sh600077,0,0,0
sz002591,0,0,0
sz002787,0,0,0
sz000407,0,0,0
sz000023,0,0,0
sh603305,499,0,0
sz002205,0,0,0
sh600209,0,0,0
sz300239,0,0,0
sh601188,0,0,0
sz300018,0,0,0
sh603389,0,0,0
sh600583,16642,22151,0
sz300311,0,0,0
sz300464,0,0,0
sh600885,0,503,0
sz300542,0,360,0
sz300552,0,0,0
sh600301,0,0,0
sz002320,777,2546,0
sh601666,43409,52592,0
sh600612,0,0,0
sz000931,0,0,0
sh600615,941,0,0
sh600151,0,0,0
sz300342,0,0,0
sz002901,0,0,0
sz300717,0,0,0
sz300620,0,0,0
sz002897,383,0,0
sh600979,0,0,0
sz002836,2257,1229,0
sz002916,7652,5651,1140
sz000632,0,0,0
sh600236,0,2000,0
sz002585,0,0,0
sh603968,0,0,0
sz300318,0,0,0
sz300350,0,0,0
sh603997,0,0,0
sz002564,0,0,0
sz300701,0,0,0
sh600189,0,0,0
sh603615,0,0,0
sh603980,0,0,0
sh603508,0,0,0
sz002903,0,432,0
sz300733,0,0,0
sz300154,0,0,0
sz000882,0,0,0
sh600739,4226,2590,0
sz300263,2030,0,0
sh600225,0,6000,0
sh600109,2502,1206,0
sh600289,2979,9049,0
sz002812,130,0,0
sz300555,0,0,0
sz002777,0,0,0
sz300365,1161,0,0
sz002390,55610,13976,1381
sz002249,0,0,0
sz002404,0,0,0
sh603669,0,0,0
sh603183,0,0,0
sh601015,0,4289,0
sh600527,16915,24509,0
sh600068,77018,148421,9866
sh603838,949,0,0
sz002810,0,0,0
sz002313,13958,11703,0
sh601086,1656,3062,0
sh600203,0,0,0
sz300443,0,0,0
sz300546,880,0,0
sh603329,470,1100,0
sh600605,0,0,0
sh601518,0,0,0
sh601566,0,733,0
sz000966,3100,0,0
sh603043,0,0,0
sz000869,1055,0,0
sh600353,0,0,0
sh603678,0,0,0
sh601700,0,0,0
sh603038,0,0,0
sz002282,0,0,0
sh600519,33482,26025,5305
sz300505,0,0,0
sz300603,0,0,0
sz300486,0,0,0
sz300068,5438,1904,0
sz000049,306,434,0
sz002184,0,0,0
sh603388,0,0,0
sz000631,0,0,0
sh600326,5919,1280,0
sh600657,0,0,0
sz002395,0,0,0
sh603268,490,0,0
sh600169,3715,3419,0
sz002428,0,6078,1128
sz300535,0,0,0
sh600676,0,0,0
sh600808,131445,261410,0
sz300070,25514,22684,0
sh600148,0,0,0
sz000791,0,0,0
sh600377,1300,0,0
sz002700,0,0,0
sz300655,0,0,0
sz002568,0,0,0
sz002409,3150,8223,1099
sz300353,0,0,0
sz002911,0,0,0
sh603617,0,0,0
sh600302,2400,0,0
sz002381,0,0,0
sh603890,0,0,0
sz300489,0,0,0
sz002643,1062,0,0
sz300088,92228,54576,4035
sh603083,0,292,0
sh600725,0,4750,0
sz002640,3160,0,0
sz002673,4511,8758,0
sz300450,2159,1534,0
sh603557,0,0,0
sh601339,0,0,0
sh601229,74772,121045,2517
sz300435,0,0,0
sh601718,3499,24066,0
sh600387,0,0,0
sz002062,0,0,0
sh601003,3765,27099,0
sz000096,0,0,0
sz000069,145584,128940,4948
sh603977,0,0,0
sz000905,0,0,0
sz002502,0,0,0
sh600520,0,0,0
sh601899,1676876,1714614,67386
sz000539,0,0,0
sz000651,272282,278032,32619
sz000009,6145,1798,0
sh603533,1621,296,0
sz002458,21534,36032,0
sz300163,2475,22781,0
sh600343,0,0,0
sh601929,10435,7374,0
sh600372,0,0,0
sz300633,0,0,0
sz002040,0,0,0
sh600986,0,0,0
sz000537,10587,26999,975
sz300417,0,0,0
sh603203,0,0,0
sh600662,0,0,0
sz000514,0,0,0
sz002550,0,0,0
sh603605,869,0,0
sz002289,0,1820,0
sh603060,0,0,0
sh603515,598,0,0
sh600168,0,0,0
sz300327,0,0,0
sh600216,9807,3884,0
sz002597,1991,8628,468
sz002835,0,0,0
sz300221,0,0,0
sh600403,0,0,0
sh603320,0,0,0
sz002718,0,0,0
sz002067,0,8202,0
sh600463,0,0,0
sz002768,0,0,0
sh600668,0,0,0
sh600429,0,0,0
sz002217,3273,10239,0
sz002369,1913,18476,0
sz300644,0,0,0
sh600462,0,0,0
sh600320,5554,4540,0
sh600360,1729,0,0
sz002789,0,0,0
sz000921,0,0,0
sz002043,7376,3446,0
sh600408,0,0,0
sh600518,504,1094,0
sz002792,950,0,0
sz000666,0,0,0
sz300640,0,0,0
sz000551,0,0,0
sz002490,0,0,0
sz300432,0,0,0
sz000759,0,0,0
sz000989,3907,3100,0
sz300341,0,0,0
sz002734,1089,0,0
sh603936,2742,700,3202
sh601002,5442,8340,0
sz000028,0,0,0
sz300276,0,0,0
sz000918,0,0,0
sz000538,1335,2175,0
sz002558,3221,365,0
sh600855,1803,0,0
sz002831,0,2174,766
sz002920,4042,1234,906
sz000510,0,0,0
sz002323,0,0,0
sz300218,0,0,0
sh601811,0,0,0
sh601126,0,0,0
sz002610,5755,0,0
sz000401,9521,15977,0
sz300670,0,0,0
sz300532,0,0,0
sh600479,3005,2190,0
sz002565,0,0,0
sh600099,0,0,0
sz300258,0,0,0
sz000926,932,12103,0
sh600874,6739,3299,0
sz002603,0,883,0
sh603900,628,0,0
sz002707,0,1030,0
sz000777,0,0,0
sz000518,0,0,0
sh603789,0,0,0
sz300347,1385,0,302
sh600307,22944,10012,0
sh603707,848,0,0
sz002755,0,0,0
sh600395,0,12531,3043
sz300340,909,0,0
sz000400,1966,8752,0
sz300215,0,0,0
sz002084,0,0,0
sh600977,666,2042,0
sz000589,0,0,0
sz002779,0,0,0
sz300684,1408,2165,0
sh603628,0,1181,0
sz300112,0,0,0
sz002391,0,0,0
sz002020,1582,4989,0
sh601808,4533,9548,0
sz300066,0,0,0
sz300683,0,0,0
sz002441,0,0,0
sz300077,10166,16333,2841
sz000408,3000,3906,0
sh601106,3498,0,0
sh600351,3069,1505,0
sh600380,910,1001,0
sz000100,312600,172023,0
sh603289,0,0,0
sz000619,0,0,0
sh603331,0,0,0
sz300436,0,0,0
sz000655,0,0,0
sh601375,2007,5599,2007
sh600397,0,0,0
sz002625,0,0,0
sh600688,17915,24286,0
sh600219,26378,54053,0
sz300599,0,0,0
sh600976,0,500,0
sz000505,1445,0,0
sh600617,0,0,0
sh603339,0,0,0
sh600135,0,0,0
sz300157,7628,0,0
sh600843,0,0,0
sz002659,1007,0,0
sh603096,0,0,0
sh600350,0,0,0
sz002553,0,0,0
sh600580,1500,5248,0
sh603663,0,0,0
sz002187,0,0,0
sh600886,3795,26373,0
sh600057,0,0,0
sh600232,0,0,0
sh600982,0,0,0
sh600663,0,0,0
sz000687,19750,4034,2688
sz000899,0,0,0
sh601717,3556,1784,0
sh600422,0,0,0
sz300008,2105,0,0
sz002881,0,0,0
sh601952,2058,4331,0
sz300044,10270,5770,662
sh600449,6941,7091,0
sh603738,0,0,0
sz002048,578,0,0
sh600459,0,0,0
sz002202,16284,9409,746
sh600381,0,0,0
sh600398,72916,59107,1383
sh600202,0,0,0
sz002167,2000,0,0
sh603277,0,0,0
sh603311,0,0,0
sh600581,59999,58457,5186
sh601179,0,0,0
sh600498,4449,7165,0
sz300205,0,0,0
sz000428,0,0,0
sz000711,0,0,0
sh603056,16689,17155,1874
sz000059,2300,15710,0
sz002770,0,0,0
sz000667,0,9289,0
sz002463,5660,2788,0
sz002587,0,0,0
sz002101,0,0,0
sz000987,0,0,0
sz002527,0,0,0
sh600356,0,0,0
sz000506,4066,0,0
sh601069,2190,8629,0
sz300023,0,0,0
sz002498,0,0,0
sz000825,317330,251755,7764
sz002107,0,0,0
sh600881,0,0,0
sh603976,0,0,0
sh600361,0,0,0
sz002783,1973,3800,0
sh601333,71754,98625,3107
sz300175,0,0,0
sh600592,0,0,0
sz002907,2606,1345,0
sz000908,0,0,0
sh603011,13503,1418,0
sz000037,1964,0,0
sh600500,3101,10872,0
sh600727,0,1656,0
sz002172,0,0,0
sz002505,0,20540,0
sh600458,0,0,0
sz300496,2588,0,0
sz300648,499,0,0
sh600577,9917,3625,0
sh603586,0,0,0
sh600075,0,0,0
sh601058,6015,7736,0
sz000982,0,10000,0
sz300425,0,0,0
sh600175,98187,150754,0
sh603709,0,0,0
sh600643,13167,6815,0
sz000166,10718,17655,0
sz300351,0,0,0
sz300549,0,0,0
sh600908,4600,23272,0
sz002334,3260,0,0
sh600215,0,0,0
sh600482,1043,1749,0
sz000040,0,1002,0
sh601200,598,0,0
sz000852,0,0,0
sz300600,0,0,0
sh600012,2325,1000,0
sh600067,0,0,0
sz000948,0,0,0
sz002906,0,0,0
sh603005,0,0,0
sz002092,5733,24985,0
sh603861,0,0,0
sz002064,0,0,0
sh600623,5651,7652,0
sz000688,56114,58661,1113
sz300192,0,0,0
sh601208,0,0,0
sz000868,8555,5981,0
sz002283,0,0,0
sh603656,0,0,0
sh600143,1675,2000,0
sh603800,0,0,0
sz300193,0,0,0
sz300124,12501,12073,0
sh600173,0,0,0
sh600085,328,1297,0
sz002618,0,0,0
sz002635,11360,2327,0
sh603516,0,0,0
sh600190,0,0,0
sz300196,1061,0,0
sh600882,0,0,0
sh600821,0,0,0
sh600243,0,0,0
sz002300,0,0,0
sh601008,0,0,0
sz300299,9810,1322,0
sh603319,0,0,0
sz002142,50147,87021,3584
sz000726,0,2018,0
sz002551,0,0,0
sh600391,1000,1313,0
sz300608,0,0,0
sh603223,0,0,0
sz000715,0,0,0
sz300740,0,0,0
sz300687,0,0,0
sh600192,0,0,0
sz002696,0,0,0
sh600966,5279,37309,0
sh600893,10003,5269,0
sz300500,416,0,0
sz002267,0,0,0
sh601127,0,0,0
sh600604,0,0,0
sh600106,0,0,0
sh600488,0,0,0
sz000782,0,0,0
sh603970,0,0,0
sz300225,1051,1030,0
sz300254,0,0,0
sh603089,0,0,0
sh603030,0,0,0
sh600622,0,0,0
sh600010,10069,79363,0
sz300412,0,0,0
sz000780,0,0,0
sh603363,1361,1734,0
sh600782,101919,133653,4935
sz300074,1980,0,0
sh603758,0,0,0
sz002360,0,0,0
sh603725,0,0,0
sz002157,0,6924,0
sz300388,0,545,0
sz002719,1554,567,0
sh603660,2107,805,0
sz002330,19928,3741,0
sh603922,0,0,0
sh603229,0,0,0
sh600305,2490,0,0
sh601601,58238,94937,7839
sh600303,0,0,0
sz000603,829,1214,0
sz002476,0,0,0
sz300587,0,0,0
sz300401,9008,5397,279
sz300402,0,0,0
sz300713,0,0,0
sh601996,0,0,0
sh600594,0,0,0
sz300094,0,0,0
sz002261,0,0,0
sh600635,0,0,0
sz002114,0,900,0
sh603003,0,0,0
sz000708,0,2176,0
sz002280,0,0,0
sz002833,0,365,0
sz300624,1859,1893,1352
sz300371,0,0,0
sz000967,0,0,0
sz002515,0,0,0
sz300433,16319,11641,426
sh600141,1510,0,0
sz000014,0,0,0
sh600538,0,0,0
sh603818,0,0,0
sz002652,0,0,0
sh601636,71826,95378,5593
sz300529,0,0,0
sh600708,4501,1500,0
sz002049,18601,13948,1270
sh603085,1440,0,0
sh600774,0,0,0
sz000585,0,0,0
sh603958,0,0,0
sh603129,0,0,0
sz002042,0,900,0
sh600295,0,0,0
sh600757,1504,1773,0
sh600128,0,0,0
sz002477,0,8782,0
sh600132,0,0,0
sh600983,1946,0,0
sh600213,0,0,0
sh600674,10108,20326,0
sh600466,18550,23498,0
sz300631,0,0,0
sh600894,0,0,0
sz000762,0,0,0
sh603809,0,0,0
sh603528,0,0,0
sz000937,9586,22360,0
sh603396,0,0,0
sh601558,18228,8050,0
sh600933,0,0,0
sz300058,379357,366598,61155
sh600681,2022,0,0
sz000738,947,0,0
sz000683,8640,16622,0
sh603825,0,0,0
sz002637,0,0,0
sz000823,9968,7141,0
sz002448,0,0,0
sz000488,55487,108631,1479
sz002015,0,0,0
sh600211,0,350,0
sh601939,641743,698372,50603
sz300170,13405,8382,0
sh600880,0,0,0
sz300105,0,0,0
sh603226,0,0,0
sz002817,0,0,0
sh601888,11369,9140,725
sh603007,0,0,0
sh603506,0,4004,0
sh600097,0,0,0
sh601019,0,0,0
sz000498,0,0,0
sz002653,0,0,0
sh600556,0,0,0
sz300621,0,0,0
sh600558,0,0,0
sh600562,0,0,0
sz300035,0,0,0
sh603959,0,0,0
sz000650,0,0,0
sz000977,6776,0,0
sz000995,0,0,0
sz300358,0,0,0
sz002140,0,0,0
sh600804,21289,25787,0
sh603658,0,0,0
sz002038,0,1529,0
sz300619,0,0,0
sh600352,73166,159476,2982
sz002094,0,0,0
sh600300,0,0,0
sh600111,51665,20106,3707
sz002466,41201,24884,1363
sh603358,0,0,0
sz002769,0,889,0
sz002195,11417,10792,0
sh603330,0,0,0
sh600158,2330,1806,0
sz002446,1488,0,0
sh601866,8734,0,0
sz000895,26535,22469,618
sz300602,0,0,0
sh600611,0,0,0
sz300226,10797,10940,837
sz300406,0,0,0
sz000628,0,0,0
sz002235,2517,2668,0
sz002912,114,625,0
sh601788,37089,18210,1012
sz300155,0,3170,0
sh600537,7344,0,0
sz000692,0,0,0
sz300617,0,0,0
sz300264,0,0,0
sh600121,16116,12168,0
sh600841,6527,2863,0
sz002090,871,0,0
sz002865,8354,1652,0
sh600748,0,0,0
sz300604,0,0,0
sz300375,0,0,0
sz000546,0,0,0
sh603969,1050,0,0
sh600283,2000,0,0
sz002589,24655,7433,3836
sh603355,399,392,0
sh600861,0,0,0
sz300652,0,0,0
sh601012,59995,69612,4475
sh600509,1881,0,0
sh600197,22371,17854,732
sh600118,578,2089,0
sz002685,3486,2598,0
sz000831,0,4292,0
sz002292,937,1000,0
sh600810,1864,5986,0
sz300104,5161196,1059135,118153
sz000630,229603,169840,0
sh600323,1010,3410,0
sh600871,16774,0,0
sh603200,0,0,0
sh603507,0,0,0
sh603181,0,0,0
sh600246,0,2529,0
sz300409,1612,3882,0
sz002279,997,0,0
sh603816,0,894,570
sh601838,417907,461649,94083
sh600138,3128,5240,0
sz300127,0,0,0
sz000735,6629,19109,0
sz300216,85569,113096,52386
sz002871,0,0,0
sz002860,0,0,0
sz002226,0,0,0
sh600389,0,0,0
sz000529,0,0,0
sz002162,0,0,0
sh600166,49855,56003,0
sz300738,1181,3299,256
sz001965,0,1878,0
sh600540,0,0,0
sh603991,0,0,0
sz002539,0,0,0
sh603979,0,0,0
sz000750,0,4779,0
sz300577,0,0,0
sz002171,0,0,0
sh600090,3679,0,0
sh603859,0,0,0
sz002290,1200,0,0
sh600770,0,0,0
sz002333,0,0,0
sh603727,0,0,0
sz000875,0,0,0
sz000885,0,739,0
sh600857,0,0,0
sz002116,0,0,0
sz002201,0,0,0
sz300568,623,0,0
sz000042,0,0,0
sh600094,0,0,0
sz300699,3347,301,0
sh600824,0,0,0
sz002845,0,0,0
sh600222,0,0,0
sz002340,7886,10642,0
sz002562,853,2040,0
sz002713,0,0,0
sz000043,0,0,0
sz000717,48689,48663,0
sz002681,0,0,0
sz000863,0,0,0
sz000988,1806,1966,0
sz001696,0,0,0
sh600240,1501,1667,0
sh603888,0,0,0
sh600167,0,0,0
sz300144,6360,1392,0
sz002534,0,0,0
sz002363,0,0,0
sz300645,0,0,0
sh600973,0,3217,0
sh600755,7006,10356,0
sz002733,0,0,0
sz002683,0,0,0
sz000985,0,0,0
sz000859,0,0,0
sz000623,1026,4006,0
sz002291,0,0,0
sz000011,0,0,0
sh600511,1574,655,0
sz002214,1770,48799,0
sz002325,0,2288,0
sz300538,0,0,0
sh600565,14301,6392,0
sz000709,110496,196561,0
sh601877,2507,1158,439
sh600609,0,2000,0
sh603999,0,0,0
sh600313,102503,231600,0
sz002387,750,698,0
sh600165,700,0,800
sz300160,4136,0,0
sz002351,0,0,0
sh603189,0,0,0
sh600311,2812,0,0
sz300641,0,821,0
sz002350,0,0,0
sz002242,0,797,0
sz002322,0,1000,0
sz002847,0,0,0
sz300099,0,0,0
sz002888,0,0,0
sz000568,13824,13725,180
sz002776,50698,1833,0
sh600638,0,1100,0
sz002120,0,0,0
sh600297,0,0,0
sh600456,901,1000,0
sz300664,2531,3205,0
sz300178,0,0,0
sh603648,1199,0,0
sz002850,300,0,0
sz002146,151122,186967,19258
sh603127,0,0,0
sz002612,0,0,0
sh600388,3464,4686,0
sz300345,0,10099,0
sz002682,0,0,0
sz002231,0,0,0
sz300319,0,0,0
sh603399,800,1090,0
sz002165,0,2011,0
sh601985,15982,28244,0
sz300034,0,0,0
sz002173,0,0,0
sh601388,0,14677,0
sh600096,0,0,0
sz300572,0,0,0
sz002405,13330,16615,1808
sh600386,0,0,0
sz000898,32443,93739,0
sz300367,0,978,0
sh603228,1460,1358,0
sh603885,775,4165,0
sz300543,0,0,0
sz002697,1801,0,0
sh600271,8869,2510,1059
sz002394,0,0,0
sz000691,8500,0,0
sz002353,1091,1937,0
sz002220,25230,0,0
sz300287,21596,34021,0
sz002648,7261,0,0
sz002695,0,0,0
sh600503,0,3932,0
sh603429,0,0,0
sh600596,27411,21259,1198
sz300148,6803,17860,2952
sz002655,0,0,0
sz002891,0,0,0
sz000697,700,2320,0
sh603636,0,1049,0
sz000611,0,0,0
sz300346,0,0,0
sz002608,0,0,0
sz002074,4087,3117,719
sz002336,0,1000,0
sz300732,205,0,0
sz300304,0,0,0
sh603729,0,0,0
sz000839,16745,30478,0
sh600130,30350,16394,7010
sz002501,2000,0,0
sz002017,0,0,0
sz002218,13218,0,0
sh600129,0,0,0
sz002883,0,0,0
sz000068,0,0,0
sz300663,1010,752,0
sh600371,0,0,0
sh600101,0,0,0
sh600093,5446,14080,0
sz002488,0,0,0
sh600329,0,0,0
sh600939,0,0,0
sz002106,0,1422,0
sz300565,0,0,0
sz002454,0,0,0
sz002234,0,0,0
sh600616,0,0,0
sz002630,14231,0,0
sz002528,0,0,0
sz000151,0,0,0
sz000752,0,0,0
sz002063,2774,0,0
sz002362,539,0,0
sh600415,0,4810,0
sz002730,0,0,0
sh600834,0,0,0
sz300374,0,0,0
sh600383,88361,133614,0
sh601689,529,0,0
sz000797,1396,3180,0
sz002193,0,0,0
sz002600,0,2600,0
sz000836,10028,2467,0
sz000159,0,0,0
sz000878,20150,26605,794
sh603899,0,0,0
sz000788,0,0,0
sz000627,2192,0,0
sh600100,5824,4701,0
sz300468,0,0,0
sz300220,0,0,0
sh600683,0,0,0
sh600405,10751,0,0
sh603787,0,0,0
sz300125,0,1400,0
sz300622,0,0,0
sz002304,7839,4390,788
sh603611,0,0,0
sz002061,17473,0,0
sz000633,16619,4058,0
sh600802,0,0,0
sh600073,0,3000,0
sz300386,0,0,0
sz300166,14909,10881,979
sz002473,1586,0,0
sz000731,0,4572,0
sz000677,0,3748,0
sz300518,0,0,0
sh601500,0,0,0
sz000877,1327,3397,0
sz300478,795,0,448
sz000524,0,0,0
sh603829,0,0,0
sh600586,0,0,0
sz000961,22684,16330,2001
sz300006,2010,0,0
sh603444,316,100,0
sz300534,0,0,0
sz000625,4655,12782,0
sz002922,0,0,0
sz002144,0,0,0
sz002526,0,0,0
sh600851,0,0,0
sh600990,2342,2220,0
sz300014,6284,1524,0
sz002379,0,0,0
sz000423,940,1670,0
sz002400,5000,0,0
sh600501,0,0,0
sh603335,0,0,0
sz300668,0,0,0
sh603041,0,0,0
sz002535,3350,0,0
sz002081,20219,4608,0
sh603161,400,0,0
sz002091,0,0,0
sh603819,0,0,0
sz002500,1335,8845,0
sh600867,2777,955,0
sh600787,0,0,0
sz300139,0,0,0
sz300509,0,0,0
sz002522,0,0,0
sh601390,316417,346328,18039
sz002258,749,724,0
sh600831,0,0,0
sz002204,0,0,0
sz002724,0,0,0
sh603607,0,0,0
sz002688,0,0,0
sz000927,0,0,0
sz300234,1293,0,0
sz002620,2856,1368,0
sz300556,0,0,0
sz300461,0,0,0
sh600261,0,2318,0
sh600039,0,15886,0
sh603336,0,0,0
sz002919,0,0,0
sh600985,2236,6262,0
sz300072,9522,17849,0
sz002615,0,0,0
sz002832,0,0,0
sh601169,94446,187813,1797
sh601611,0,0,0
sh600848,963,0,0
sz000833,0,0,0
sz300506,0,0,0
sz000153,0,0,0
sh600865,0,0,0
sz300394,0,0,0
sz000333,99106,102682,9492
sz002420,0,0,0
sz002583,15552,2993,0
sh601727,7379,12294,0
sh601872,6195,3000,0
sz000881,0,0,0
sh600256,11701,2947,0
sz000981,0,0,0
sz300613,83,0,0
sh603326,0,0,0
sz300232,1000,0,0
sz000727,18368,0,0
sz002693,0,0,0
sz300082,0,0,0
sh600723,0,0,0
sh600008,13019,0,0
sz300300,1269,0,0
sh600879,23210,8650,0
sh600812,0,2540,0
sh600103,0,0,0
sh603337,0,0,0
sz300526,0,0,0
sz002356,0,0,0
sz300344,2061,1446,0
sz300626,0,0,0
sz300689,0,0,0
sh603069,0,0,0
sh603766,0,0,0
sh601117,43772,98200,0
sz002900,0,0,0
sh601633,1110,0,0
sz300481,600,0,0
sh603882,0,0,0
sz300095,0,0,0
sh603722,0,0,0
sz300115,12253,2257,0
sz300635,0,0,0
sz002898,0,0,0
sh600633,7108,1007,0
sz002419,1589,3386,1336
sz300653,0,0,0
sz002884,0,0,0
sh603039,0,0,0
sh603111,0,1364,0
sh603569,0,0,0
sz300122,6121,6180,0
sh600648,2600,624,0
sh601020,0,0,0
sh603283,422,461,0
sz300161,0,0,0
sz002166,0,0,0
sh603886,0,0,0
sh600963,0,11405,0
sz002756,0,0,0
sz300283,0,0,0
sh600107,0,0,0
sh600805,0,0,0
sz000520,0,0,0
sz300362,0,0,0
sh600000,215010,323507,10734
sh603010,1000,700,0
sz000732,40256,33729,2587
sz002335,0,0,0
sz002132,57222,14798,0
sz000573,0,0,0
sz002807,1543,5498,0
sz002771,0,0,0
sz300434,0,0,0
sz300366,0,0,0
sz000761,1991,16033,0
sh600679,0,0,0
sh601966,958,0,0
sz300475,0,0,0
sz000790,0,0,0
sz300194,0,0,0
sz002531,0,0,0
sh601969,0,0,0
sh600876,0,0,0
sh600624,0,0,0
sz000803,0,0,0
sz000590,0,0,0
sh601777,0,0,0
sh600155,2089,3140,0
sz002069,2000,0,0
sz002284,0,0,0
sz000550,0,2126,0
sz300281,0,0,0
sh601005,0,0,0
sh600712,0,0,0
sh603633,0,0,0
sh603858,0,268,0
sz000685,0,1346,0
sz002542,3000,0,0
sz000595,0,0,0
sh603058,48600,3510,0
sz002510,4979,3050,0
sh600050,174082,220193,4268
sz000999,0,0,0
sz300164,0,0,0
sh603801,0,0,0
sh600858,0,0,0
sz000963,1072,1165,0
sh601118,2002,8400,0
sz000810,0,0,0
sz300158,3974,0,0
sz002105,0,0,0
sz000048,0,0,0
sz000581,7233,19939,465
sz002846,1327,10810,0
sh600126,3305,0,1501
sz300323,14041,15228,0
sz002715,0,0,0
sz002029,8142,8408,0
sh603559,19815,28239,0
sh603826,0,0,0
sz002155,1414,11078,1499
sz300560,0,0,0
sh600136,0,0,0
sh600526,0,0,0
sz300467,0,0,0
sh601398,1741362,2031901,39128
sz300230,7925,3605,1190
sz300515,0,0,0
sz000027,0,0,0
sh601100,0,403,0
sh600895,0,1400,0
sz000636,15801,28311,0
sz300098,2843,3141,0
sh600162,0,0,0
sz000409,0,0,0
sz002595,0,0,0
sh600188,79360,80549,2310
sz300059,306984,308464,24459
sz002418,2000,4994,0
sh600250,0,0,0
sh603186,0,0,0
sz300562,720,0,0
sz300399,0,0,0
sh601098,50425,26694,0
sz300303,3725,0,0
sz000800,7905,5308,0
sh600590,0,0,0
sz002286,996,0,0
sz300498,15749,10723,0
sz300380,685,0,0
sz300316,20615,16898,0
sh600769,5039,0,0
sh603519,1000,0,0
sz000430,0,0,0
sh600161,941,403,0
sz002611,0,0,0
sh603188,0,2720,0
sh603322,300,674,0
sz002856,0,0,0
sz002013,5913,1546,1225
sz002299,1000,1809,0
sz002577,0,0,0
sz002915,414,1416,0
sz300207,1514,2164,0
sz002828,0,0,0
sh603159,0,0,0
sh603963,0,0,0
sz300511,0,0,0
sz002594,2931,3242,0
sh603912,1032,0,0
sh600160,3196,35810,0
sz002890,0,0,0
sz002018,0,0,0
sz002840,366,0,0
sz002879,3700,3419,730
sz300423,0,0,0
sz000610,0,0,0
sh600531,13288,12830,0
sh600652,0,0,0
sh600573,0,0,0
sh600764,1039,0,0
sz002763,0,0,0
sz002886,0,0,0
sh600426,17503,21054,2604
sh603676,1793,1584,0
sh603238,0,0,0
sz002875,0,0,0
sh600480,0,0,0
sz000301,0,13123,0
sh600566,428,400,0
sz300354,0,0,0
sz000338,28152,40654,0
sh600919,117346,265937,0
sh603880,0,0,0
sz300336,0,0,0
sz300169,0,0,0
sh600346,16948,40103,906
sh600584,19205,21232,0
sh600651,0,0,0
sz002474,0,0,0
sz002065,9647,12320,0
sz002272,0,0,0
sz002399,0,0,0
sz000411,0,0,0
sz300473,0,0,0
sh600337,6198,0,0
sz002307,0,0,0
sh601799,0,0,0
sz300709,200,0,0
sh603316,0,0,0
sh600559,2857,3933,0
sz000678,0,0,0
sh603103,2721,686,0
sh600873,10811,4191,0
sz002468,429,447,0
sz002447,0,8395,0
sh600686,0,1000,0
sz000639,0,3631,0
sh600897,0,0,0
sh600019,684812,678652,77006
sz002127,7392,6086,0
sz300310,0,0,0
sh600999,9697,13537,1213
sz002917,1685,523,0
sh600576,3000,0,0
sz002808,0,0,0
sh603966,0,0,0
sz300715,342,0,0
sh603167,0,0,0
sh600260,1978,8618,465
sz000661,2207,3364,130
sz300019,0,0,0
sz002009,10177,0,0
sz000155,9006,0,0
sh600125,2305,2188,0
sz002859,0,0,0
sz002118,0,5860,0
sz300512,0,0,0
sh603987,0,0,0
sh600961,0,0,0
sh603813,0,0,0
sz002051,612,4021,1718
sz002159,0,0,0
sz002790,0,0,0
sz300700,250,204,0
sh600317,0,0,0
sh603955,0,0,0
sh600438,8588,15407,0
sz002206,0,0,0
sz002180,0,0,0
sh603055,0,0,0
sh603385,0,0,0
sh600444,0,0,0
sh600195,0,0,0
sh603918,0,0,0
sz002554,0,0,0
sz000889,0,0,0
sh600199,0,0,0
sz002882,0,0,0
sz300102,5577,3320,0
sz002455,0,0,0
sz000659,3000,8053,0
sz002197,0,0,0
sz300629,0,0,0
sh600569,47575,150720,2147
sh600837,41196,56549,0
sz002109,0,0,0
sh603078,0,0,0
sz002111,0,0,0
sz300671,0,0,0
sz300686,0,0,0
sh603688,1488,5148,0
sh600259,2220,831,0
sz300307,1852,0,0
sh603608,0,0,0
sz002806,0,0,0
sh600967,13437,4121,0
sz002194,7673,9024,0
sz300698,0,0,0
sh603086,0,0,0
sh601011,6269,5603,0
sz002880,0,0,0
sz000776,43605,55780,831
sh603895,5149,10272,0
sz300447,0,0,0
sh600247,0,0,0
sz000521,0,0,0
sz002795,0,0,0
sz002262,759,0,0
sz000669,898,1208,0
sz002762,700,0,0
sh600468,0,0,0
sh600689,0,0,0
sz002497,11830,14061,0
sz300387,0,0,0
sz300605,0,0,0
sz000418,2258,1907,0
sz300541,0,0,0
sz002011,0,0,0
sh600054,0,0,0
sz002329,3752,0,0
sh600428,0,0,0
sh600348,74434,92637,4471
sh600201,1991,6375,0
sz000571,0,0,0
sz002422,3633,2006,416
sz300725,604,1105,0
sz000541,1536,0,0
sz300293,0,0,0
sh603637,838,0,0
sz300305,0,0,0
sh600469,0,0,0
sh600868,4782,4112,0
sz300360,0,0,0
sz002223,1552,1736,0
sz000555,4797,0,0
sh600071,700,0,0
sz000722,0,0,0
sz002030,4850,0,0
sh603600,0,0,0
sh600089,5281,9479,0
sz002224,0,0,0
sz000911,0,0,0
sz002819,1493,0,0
sh603878,0,0,0
sz300132,0,0,0
sh600279,0,0,0
sz300398,0,0,0
sz300615,0,0,0
sh603177,0,1620,0
sh600717,0,4067,0
sh601608,3632,0,0
sz002506,15123,9754,0
sz002889,0,0,0
sh603368,270,0,0
sh600467,0,4355,0
sz002055,0,0,0
sz300050,0,3037,0
sh600015,98019,169606,0
sh603036,828,0,0
sh600152,0,0,0
sh603619,958,1952,0
sz002023,1720,5099,0
sh600795,33818,20374,0
sz002741,0,0,0
sh603466,2280,2107,0
sh600416,4905,0,0
sz002908,0,491,0
sz000860,833,1596,0
sz300150,0,0,0
sz002687,0,0,0
sz300306,0,0,0
sh601377,10787,37421,0
sz002670,0,0,0
sz300457,722,0,0
sz000719,0,0,0
sh601222,4000,0,0
sz300404,0,0,0
sz000587,7723,6415,0
sz300606,0,0,0
sz002123,1705,0,0
sz002767,0,1600,0
sh603848,0,0,0
sh601198,762,1925,0
sh600328,0,0,0
sz000429,0,1522,0
sh601588,0,0,0
sz000001,611366,650484,5900
sh600889,0,0,0
sh600535,2492,0,0
sz000915,467,500,0
sz000980,4142,5673,0
sz000591,0,0,0
sz000150,0,0,0
sz300408,17612,13299,1033
sh601965,0,0,0
sz300187,1000,0,0
sz002316,0,0,0
sz002761,417,0,5000
sz002125,0,0,0
sh600036,281522,347692,35060
sz300259,0,0,0
sz300031,2000,1000,0
sh600522,90387,96736,1045
sz300678,241,0,0
sh600713,0,0,0
sz002855,0,0,0
sh601001,6056,16519,2466
sz300596,0,0,0
sh600119,0,0,0
sh603315,0,0,0
sz002154,0,0,0
sz300485,0,0,0
sh600110,6201,0,0
sh603239,0,0,0
sz000561,0,0,0
sh601880,53306,6000,0
sz300730,803,0,0
sh603517,0,395,0
sz300022,0,0,0
sh600390,0,1312,0
sh600603,6990,0,0
sz300658,0,0,0
sz002315,0,0,0
sh600023,34741,92231,1938
sh600131,0,0,0
sz300716,0,2155,0
sz002265,0,0,0
sh600909,5267,4925,0
sh603008,0,0,0
sz300214,0,0,0
sz000530,0,0,0
sz000600,0,0,0
sz300623,0,0,0
sh603993,116067,137685,3649
sz300551,0,0,0
sh600223,0,3612,0
sz002878,1796,3016,0
sz002887,0,0,0
sz000892,0,0,0
sh600410,0,0,0
sz002513,0,0,0
sz002849,1503,938,0
sz002311,0,509,0
sz002456,177498,92299,8151
sz002436,0,0,0
sh600820,3463,1971,0
sz002857,0,0,0
sz002793,0,0,0
sz000802,0,0,0
sz300111,0,0,0
sz300665,0,0,0
sz300616,0,0,0
sh600756,0,0,0
sz300268,7018,27469,892
sh603776,0,0,0
sz002389,0,1177,0
sz002182,0,0,0
sz002149,0,2300,0
sh600017,0,0,0
sz002706,0,0,0
sz002868,0,0,0
sh603197,0,0,0
sh600555,0,0,0
sz300416,0,0,0
sh603225,0,0,0
sh600570,9185,7746,501
sz300685,0,0,0
sz000403,0,1596,0
sz002689,0,0,0
sz300271,10862,700,1720
sz300152,51040,45287,0
sz002537,16032,2802,0
sh600738,0,0,0
sh600545,0,0,0
sz000615,0,0,0
sz300274,2974,16148,0
sh600251,0,0,0
sz002136,4416,15928,685
sh600759,0,0,0
sz000061,0,0,0
sz300493,0,0,0
sh603133,500,0,0
sh600731,0,0,0
sz002802,0,0,0
sz002923,935,695,0
sh600433,0,0,0
sz002560,0,0,0
sz002574,0,0,0
sz300612,1549,1138,0
sz002417,0,0,0
sz002045,1954,1159,0
sz000422,0,0,0
sz002134,0,0,0
sh603035,786,0,0
sz300660,0,0,0
sz002785,0,0,0
sz002676,44998,86892,2116
sh601890,0,0,0
sh600327,0,0,0
sh603866,0,0,0
sh600705,15784,34652,0
sz000504,464,1065,0
sh603328,0,0,0
sz300191,0,576,0
sh600822,979,0,0
sz002495,7261,7385,0
sz002056,1561,3939,0
sh603606,0,0,0
sh600062,599,1530,512
sh603180,0,0,0
sh601898,8303,32170,3229
sz000733,0,0,0
sz002593,0,0,0
sh600971,10479,30600,4890
sz002385,0,1710,0
sh603118,0,0,0
sh600557,0,0,0
sz300129,0,10000,0
sz002504,0,0,0
sh600208,22222,38101,0
sh600409,77034,82109,0
sz002645,0,0,0
sz000755,0,0,0
sh603286,80474,5682,0
sz002800,0,0,0
sh600185,2000,0,0
sh601009,155663,169822,2262
sh600693,2001,0,0
sz002460,27975,17653,1590
sz002852,0,400,0
sz002838,0,288,0
sh600338,3239,1196,0
sz000705,0,0,0
sz300431,43425,44525,2859
sh600765,0,0,0
sh603903,0,0,0
sz000030,0,0,0
sh600513,0,0,0
sz002752,0,0,0
sh600217,0,0,0
sh603639,0,0,0
sh601218,0,0,0
sz002628,0,0,0
sz300405,0,0,0
sz002677,0,0,0
sz300313,0,0,0
sz002352,0,484,0
sz002052,0,0,0
sz300465,1991,0,0
sh600892,5050,1990,0
sz000826,4715,3104,0
sh600446,1696,0,0
sz300456,620,0,0
sz300298,0,0,0
sz002566,0,0,0
sz300206,0,0,0
sh600818,0,0,0
sz000785,0,0,0
sz002137,0,0,0
sz002602,1412,365,0
sz002174,3177,7868,0
sh600156,0,0,0
sz000821,0,0,0
sz300328,0,0,0
sh600088,0,0,0
sz002019,2043,4716,1171
sh600660,20898,10029,0
sh603580,0,0,0
sz300472,0,0,0
sz002060,0,0,0
sz002229,6957,18225,0
sh601677,1222,0,0
sz002344,0,0,0
sz002541,0,0,0
sz300579,0,0,0
sh600108,0,7801,0
sz000567,1783,496,0
sz300262,0,0,0
sz002196,0,0,0
sz300223,2068,430,460
sz300563,0,0,0
sh600775,0,0,0
sh600027,0,3869,0
sz000519,0,0,0
sh603808,0,0,0
sh600038,7383,2161,0
sz300025,0,43709,0
sz300244,3561,0,0
sz002303,0,0,0
sz002102,8130,0,10012
sz000890,0,0,0
sz300707,0,0,0
sh603298,0,0,0
sz300453,0,0,0
sz000700,0,0,0
sz002341,559,635,0
sz002750,0,0,0
sh600970,5815,9415,0
sh600860,0,0,0
sz002646,0,0,0
sz300397,0,0,0
sz002176,74355,107188,24369
sz300057,1300,1177,0
sz002406,0,0,0
sh600710,0,0,0
sz300627,0,0,0
sz002731,0,0,0
sz300693,0,0,0
sz002034,0,240,0
sh601918,0,4120,0
sz300181,0,0,0
sz300421,0,0,0
sh603599,1901,0,0
sz300219,0,0,0
sz300445,0,0,0
sz000758,0,11059,0
sz002296,2000,0,0
sh600336,0,0,0
sz000656,36227,128990,0
sh603067,0,0,0
sh600176,8524,11553,666
sh600747,0,5609,0
sh603106,0,500,0
sz300289,0,3000,0
sz300487,10635,10229,2168
sz300719,0,0,0
sh601212,0,7883,0
sz300243,0,0,0
sz002339,0,0,0
sz300584,0,700,0
sh603990,0,0,0
sz002714,1536,2845,0
sh600724,0,0,0
sz002270,0,0,0
sh600969,0,1000,0
sh600550,0,0,0
sz002816,0,0,0
sh600063,0,0,0
sh603683,0,0,0
sz300294,1112,2492,0
sz002716,5690,12033,0
sz300017,76392,62610,4672
sh603717,0,0,0
sz002347,0,0,0
sz000601,0,0,0
sh601177,0,0,0
sz002492,0,0,0
sh600435,13395,1205,0
sh603308,0,0,0
sz002570,4617,18066,0
sz002443,0,0,0
sh600277,0,0,0
sz002796,0,0,0
sz002461,0,0,0
sz300692,611,0,0
sz002133,0,0,0
sh600833,0,0,0
sz300413,4347,880,0
sz300391,0,0,0
sz300011,1467,0,0
sz002590,0,0,0
sz300182,13277,17486,0
sh600420,0,0,0
sz300688,0,0,0
sz002913,0,0,0
sz002631,0,0,0
sz002306,0,2812,0
sz000897,0,0,0
sz002024,69522,51677,0
sh600030,558792,553059,34391
sh603208,0,0,0
sh600035,0,5000,0
sz000783,0,10430,0
sz300005,12411,0,3878
sh600285,1580,0,0
sz002324,545,0,0
sz002203,4303,6663,0
sz000002,136814,115621,5095
sz000973,2085,0,0
sz300690,0,0,0
sh603081,0,0,0
sz300722,0,0,0
sz000957,0,0,0
sz002444,971,0,0
sz002489,0,0,0
sz002022,0,0,0
sh600475,0,0,0
sh600007,0,0,0
sz002006,0,0,0
sh603386,0,0,0
sz000419,0,0,0
sz000597,3219,0,0
sh603855,0,0,0
sz300414,0,0,0
sz000090,2000,1108,0
sz002314,0,0,0
sz002371,7228,9568,378
sz002877,0,0,0
sh600702,16511,8039,938
sh600637,0,686,0
sh600996,0,0,0
sh600628,0,0,0
sh600116,0,0,0
sz002581,0,0,0
sh600198,22961,4408,0
sz002839,35195,65004,1582
sh600661,0,456,0
sz002885,0,0,0
sh603345,500,0,0
sz002269,0,0,0
sz300249,1894,0,0
sz002268,0,0,0
sz300185,25030,15053,0
sz002567,1798,4680,0
sz000716,0,0,0
sh600817,0,0,0
sz300667,0,0,0
sz000970,4602,0,0
sh601233,20128,16644,2660
sz300270,0,0,0
sz300736,0,276,0
sh600333,0,1677,0
sz300231,2300,0,0
sz000710,351,0,0
sz300723,0,0,0
sh603679,0,0,0
sz002518,2038,0,0
sh600532,1355,0,0
sz300065,15372,14205,2100
sz300100,0,0,0
sz000923,1550,0,0
sh603178,0,0,0
sz002305,0,0,0
sh601599,0,2163,0
sz000545,0,2958,0
sh600816,12281,20149,862
sh600995,0,0,0
sz002275,0,0,0
sz300610,0,0,0
sh600172,0,0,0
sz000063,268418,185457,8625
sz000017,0,0,0
sh603501,3369,12186,0
sh601099,28828,13587,0
sz002862,0,0,0
sh601326,0,0,0
sz300257,0,759,0
sz300097,0,0,0
sz002426,5997,7032,0
sz002239,0,3000,0
sh603110,0,0,0
sh600284,0,0,0
sh600776,0,0,0
sh600439,6000,2042,0
sh603077,135474,34036,0
sz002753,0,0,0
sz002896,0,0,0
sh600746,0,0,0
sh600791,0,0,0
sh600740,176491,192276,15919
sz002848,0,746,0
sh603113,0,0,0
sz300390,0,0,0
sz002649,0,0,0
sz002273,6779,8028,0
sz002310,7087,5741,0
sz002080,0,0,0
sz000695,0,0,0
sh601800,38116,63327,726
sz002008,22613,17551,0
sh600773,0,1233,0
sz300084,0,2290,0
sz002164,0,0,0
sh600853,0,0,0
sh600847,0,0,0
sz300002,14558,6187,0
sz002467,0,0,0
sz300710,0,0,0
sz000851,0,2870,0
sh600639,0,0,0
sz300199,0,2966,0
sh603101,0,0,0
sz002563,0,0,0
sz300586,0,2078,0
sh600282,130915,124378,0
sh603518,0,492,0
sz300403,0,0,0
sh600781,0,0,0
sz000955,3544,0,0
sh600619,0,0,0
sh603909,0,0,0
sz300224,0,0,0
sh600797,3000,0,0
sz000813,2174,0,0
sz300322,0,0,0
sz002439,3955,1085,0
sz002629,0,0,0
sh603040,0,0,0
sz300469,0,0,0
sz002876,0,188,0
sz000829,0,14633,0
sz002348,0,0,0
sz002705,0,0,0
sz300252,887,1013,0
sh600796,0,0,0
sz000801,12962,2434,0
sz002068,0,0,0
sh601311,2857,2201,0
sz002867,0,0,0
sh600636,1000,2461,0
sh600613,1580,0,0
sz000917,5026,2501,0
sz300695,0,150,0
sh600716,0,0,0
sh603916,0,0,0
sh603677,0,0,0
sh600785,0,0,0
sh600476,0,0,0
sh600276,11964,7122,1080
sh600836,2316,0,0
sh600572,0,4055,0
sz300497,0,0,0
sh600687,0,1845,0
sz000887,6432,5571,0
sz000976,0,2607,0
sz300324,2841,1468,0
sz300675,0,0,0
sh600846,0,0,0
sh600644,0,0,0
sh600694,877,0,0
sz000420,0,0,0
sz002452,0,0,0
sz000553,0,2049,0
sz000526,414,0,0
sz300165,0,0,0
sz300339,0,0,0
sh600004,5205,6749,0
sz300494,0,0,0
sh600016,409990,498668,21641
sz300696,0,468,0
sz300702,0,0,0
sh601155,94223,112639,6139
sz300559,0,0,0
sz300013,0,0,0
sz000768,14160,9739,0
sh600563,619,0,0
sz300052,0,0,0
sz300581,0,0,0
sh603588,0,0,0
sz300533,0,0,0
sz300200,0,0,0
sz002028,2380,0,0
sh601968,0,0,0
sz002178,1918,0,0
sz002735,0,0,0
sz002519,0,0,0
sz000978,0,0,0
sh600863,0,0,0
sz002654,0,0,0
sh600308,3157,7242,0
sz002119,0,0,0
sh600370,0,0,0
sz300427,0,0,0
sz300677,730,1531,0
sh600768,0,0,0
sz300426,604,0,0
sh603306,3551,1118,0
sh603356,2408,2086,0
sz000938,295,179,0
sh603029,0,0,0
sh603123,0,0,0
sz002614,1587,607,0
sh600206,1222,0,0
sh600758,0,1511,0
sh603117,0,23260,0
sz000058,0,0,0
sh600649,1200,1622,0
sz300359,1742,0,0
sh603937,602,0,0
sz000935,0,0,0
sh603303,0,946,0
sz300091,12426,10712,0
sz002186,0,0,0
sz300046,806,0,0
sh601991,0,0,0
sz300168,16877,20522,706
sh600266,1032,1088,0
sz300517,0,0,0
sh603630,0,0,0
sz002668,0,613,0
sz300079,0,13053,0
sz000525,1537,1974,0
sz300430,0,0,0
sz300075,0,0,0
sh601028,0,0,0
sh601678,27124,44080,0
sh600318,10786,1000,0
sz002392,0,0,0
sh601366,0,0,0
sz300277,77404,143425,3394
sz000157,14653,19971,0
sz300202,0,0,0
sz300422,0,800,0
sh600599,0,0,0
sz300628,0,0,0
sz002858,0,0,0
sz000795,0,0,0
sz300153,0,0,0
sh600133,0,1315,0
sh600714,0,0,0
sz300569,0,0,0
sh600339,0,7022,0
sz002054,0,0,0
sh600421,0,0,0
sz002188,0,0,0
sz002393,0,0,0
sz300721,0,400,0
sh603477,1566,5684,0
sh603933,0,0,0
sh601928,0,0,0
sz300639,0,0,0
sz002027,68749,57930,1207
sh603817,0,0,0
sh600890,1200,0,0
sh600761,0,1200,0
sh601989,158538,86557,3808
sz002407,4168,725,0
sz300490,0,0,0
sz300389,0,0,0
sh600114,753,0,0
sh600561,0,0,0
sh603278,0,0,0
sh601699,217246,285610,16128
sh600020,2101,5330,0
sz000753,0,0,0
sz002170,6289,0,0
sz002544,1502,2887,0
sz002725,0,0,0
sz000413,20156,14552,0
sh603701,0,0,0
sz000816,0,38032,0
sh600210,0,0,0
sh600595,5555,0,0
sz300136,31165,21948,1502
sz000004,500,0,0
sz300442,0,0,0
sz002869,600,0,0
sh600516,98909,80695,5557
sz002227,0,0,0
sh601858,0,0,0
sz002077,1215,0,0
sz002815,0,0,0
sz300537,0,0,0
sz002722,0,0,0
sh603009,2012,5279,0
sh600778,0,2240,0
sz300251,83996,126503,10529
sh601101,9479,55864,0
sh603917,0,0,0
sz300697,0,0,0
sz300212,9346,16363,2086
sz300043,5069,17061,0
sh600998,1337,1449,0
sh603232,0,0,0
sz000968,2311,0,0
sz002386,0,0,0
sz300248,0,0,0
sz000789,31497,79162,1024
sh603860,1228,726,0
sz002514,45054,0,0
sz300027,169611,156454,2187
sz002222,770,710,0
sz002709,1419,548,0
sz000021,4191,1964,0
sz300235,0,0,0
sz300033,21045,26246,3054
sz000933,13545,25590,1943
sz002416,0,0,0
sh600811,6356,2568,0
sz002088,0,0,0
sz000883,2345,14114,0
sz300703,0,0,0
sz300236,0,0,0
sz300514,1076,388,0
sz300407,1023,0,0
sz002496,2215,0,0
sh603116,0,0,0
sz002117,0,0,0
sh603601,0,0,0
sh600037,0,0,888
sz000998,10559,9366,0
sh603015,0,0,0
sh600809,17868,11448,0
sz300137,2030,2162,0
sz300295,0,0,0
sz002302,677,966,679
sz300061,0,0,0
sh600021,0,0,0
sh601107,0,0,0
sh600191,0,0,0
sh600272,0,0,0
sz000680,0,0,0
sh600549,18356,14296,0
sz000402,9952,13757,0
sz002365,2916,1411,0
sz300107,80599,58398,3905
sh600332,2688,3425,0
sz300647,0,0,0
sh600105,2353,0,0
sh600898,0,1151,0
sh600551,0,0,0
sh600891,0,0,0
sz000975,3094,4942,0
sh600200,0,0,0
sh600418,3738,2242,0
sh600701,0,0,0
sh601038,0,0,0
sh600229,1427,0,0
sz300030,0,0,0
sz300141,0,0,0
sz002150,0,0,0
sz002925,48890,33937,2129
sh600070,0,0,0
sz300711,586,0,0
sz300009,2440,507,0
sz002664,12381,4039,3600
sz000850,0,0,0
sz300530,0,0,0
sh600495,0,0,0
sz002540,0,0,0
sh601113,908,0,0
sz002425,0,0,0
sh600366,1304,0,0
sz300378,0,0,0
sz300576,0,0,0
sh600835,4745,561,0
sz002041,0,0,0
sz002104,0,0,0
sh600011,0,2305,0
sz300557,0,0,0
sz300063,0,9253,0
sz002375,0,0,0
sz300638,0,0,0
sz002207,4836,12238,0
sz000679,0,0,0
sz002230,83896,63550,5353
sz002412,0,0,0
sz002274,0,0,0
sh603260,2396,4124,547
sh600528,4749,3048,0
sz300720,0,0,0
sz002424,0,0,0
sz002658,0,0,0
sh600127,0,0,0
sh600373,1000,0,0
sh603100,0,0,0
sh600496,0,0,0
sh600083,0,0,0
sh601111,130590,140206,7810
sz002601,41112,42987,0
sz002135,0,0,0
sh600630,0,0,0
sz300507,0,0,0
sh600888,0,0,0
sz002811,0,0,0
sh600828,0,2636,0
sh603883,500,0,0
sh603218,0,0,0
sz300246,0,0,0
sz002853,0,0,0
sz300539,0,0,0
sh600525,4029,4721,0
sh600517,0,0,0
sz002576,1497,0,0
sh600237,0,0,0
sz000570,0,0,0
sz300055,1315,2146,0
sh600477,1786,1608,0
sz300073,674,1889,0
sh601766,415981,411706,31607
sz002555,13701,2754,0
sz000707,0,0,0
sz300092,0,0,0
sh600536,0,0,0
sz002115,0,0,0
sz300297,0,0,0
sh603661,0,0,0
sh600728,19537,7554,0
sz002573,1750,2900,0
sh600367,0,0,0
sz000949,0,0,0
sh601368,0,0,0
sh603919,0,1716,0
sz002378,0,0,0
sz000786,26345,51187,2095
sh600988,2939,9519,0
sz002830,0,0,0
sz300210,0,0,0
sz002158,1285,2001,0
sh600268,0,0,0
sh600571,2716,1462,0
sz300438,0,0,0
sz002516,0,0,0
sz002014,1000,0,0
sz000760,0,0,0
sz000417,1857,0,0
sz002702,3000,0,0
sz300488,0,0,0
sz002177,0,0,0
sz002108,1202,1385,0
sh600231,22318,62600,0
sh603908,0,0,0
sh600965,0,4850,0
sz002403,1844,961,0
sz300466,0,0,0
sh600650,0,0,0
sz300054,2109,0,0
sz002208,0,0,0
sz002547,28953,62915,0
sh603365,0,520,0
sz300597,0,0,0
sz002703,0,0,0
sz300286,0,0,0
sh600606,401552,248159,8534
sh600779,5010,4921,507
sh603806,0,0,0
sz300601,20273,4563,0
sz000563,0,0,0
sh600362,156692,227840,15549
sz000559,0,0,0
sz002411,1504,2302,1060
sh600170,38919,84003,0
sz002799,0,0,0
sz000513,1413,1603,0
sz300415,0,0,0
sh600265,0,0,0
sz000531,0,0,0
sz002623,0,0,0
sh600312,0,0,0
sh601006,130090,166508,0
sh600025,31628,36001,0
sz002046,0,0,0
sz002319,0,0,0
sz300429,0,0,0
sz300452,510,0,0
sh603080,717,1525,0
sh600249,0,0,0
sz002264,2876,2000,0
sz000410,0,3318,0
sz300598,0,0,0
sh600754,3238,750,0
sz002083,0,0,0
sz002559,0,0,0
sh603595,0,0,0
sh600325,28429,55663,3119
sz002383,3531,1590,0
sz000983,40396,97984,4770
sh603823,0,0,0
sz002097,0,0,0
sz001896,0,0,0
sz300015,4822,5741,517
sh603269,9379,2827,0
sz000622,0,0,0
sz002827,0,0,0
sh600926,17349,42796,1113
sz300028,0,0,0
sz000025,333,2179,0
sh600621,3383,2766,0
sh603685,0,0,0
sh601688,62231,68367,0
sh600322,4700,0,0
sh601988,1268073,1536983,18683
sz002788,0,0,0
sz002057,0,0,0
sz002675,0,0,0
sz002813,0,0,0
sz000736,712,600,0
sz002691,0,0,0
sh600228,0,0,0
sh603788,0,0,0
sh601878,2161,893,0
sz300113,40800,38782,7828
sz300666,2749,1010,603
sh603799,43286,35368,5077
sh600018,29543,108301,2116
sz002599,0,0,0
sz000837,0,0,0
sz300591,0,0,0
sh600491,0,0,0
sh603138,0,0,0
sz300482,903,435,0
sh603288,1592,2321,0
sh603939,298,0,0
sh603198,0,0,0
sh600481,0,0,0
sh600113,0,0,0
sh600547,48815,87066,4729
sh600078,0,0,0
sz002298,0,0,0
sz002556,0,0,0
sz002667,0,0,0
sz000778,2368,16858,0
sh603726,0,0,0
sh600298,5175,8747,353
sh603929,0,0,0
sz002823,0,0,0
sh600521,10916,9488,0
sh600487,69483,52231,2252
sh603037,0,0,0
sz300393,0,0,0
sh600470,0,0,0
sz002367,1600,0,0
sh600262,0,0,0
sz300026,3208,2900,0
sz300630,0,0,0
sh600719,0,0,0
sz002317,0,0,0
sz002728,0,0,0
sh600182,0,0,0
sz000544,1000,0,0
sz002634,0,0,0
sh600064,1040,1000,0
sz300189,0,0,0
sz000026,0,0,0
sz300501,0,0,0
sz002332,0,0,0
sh600981,0,0,0
sz300020,0,0,0
sh600626,0,0,0
sh603016,717,0,0
sh600186,125793,151213,16321
sh603359,0,0,0
sz002751,0,500,0
sz300625,0,0,0
sz002586,0,0,0
sz300727,0,474,659
sz002250,2435,0,0
sh600618,0,0,0
sz002723,0,0,0
sh600560,0,0,0
sz300051,0,0,0
sh600917,0,0,0
sh600726,0,0,0
sz000158,0,0,0
sz300135,6390,0,0
sz002245,5980,4158,0
sh600022,195586,308103,0
sz002548,0,0,0
sz300261,0,0,0
sz002388,0,0,0
sh601908,0,0,0
sz000596,1444,298,0
sh601021,364,0,0
sz002003,0,0,0
sh601949,0,0,0
sh603655,0,0,0
sz002561,0,0,0
sz000078,0,2260,0
sz000701,0,0,0
sz300348,8193,7449,586
sz002058,0,1121,0
sh601163,0,0,0
sz000599,0,0,0
sh600281,0,0,0
sz000951,919,856,0
sh601018,12290,7073,0
sh603421,0,0,0
sh600567,224179,210522,0
sz002866,0,0,0
sh600654,0,0,0
sh600780,0,0,0
sh603527,0,0,0
sz300609,0,0,0
sz300197,0,0,0
