sh603311,0,0,0
sz000999,1756,910,0
sz002166,0,0,0
sz300100,54979,57783,6177
sz002097,0,0,0
sh600696,0,0,0
sz300520,517,0,0
sz000851,0,6123,0
sz300080,0,0,0
sh600702,1609,334,0
sz000719,0,0,0
sz002150,0,0,0
sh600900,9812,15989,0
sh601086,16528,3046,0
sz300398,16514,8120,0
sz300043,0,0,0
sz002599,0,0,0
sh603838,0,0,0
sh603711,0,1712,0
sz000910,0,500,0
sz000425,65983,50808,0
sh600372,4345,2170,0
sh600590,0,0,0
sz000411,0,0,0
sh600078,3100,0,0
sz002100,0,0,0
sz002871,0,461,0
sh603232,0,0,0
sz300048,0,0,0
sz002838,0,0,0
sh603199,0,0,0
sz002867,0,345,0
sz002324,0,0,0
sz002603,2500,898,0
sz002228,3168,0,0
sz300570,0,0,0
sz300669,450,891,0
sz300729,0,964,0
sz002496,0,0,0
sz000809,0,0,0
sz300220,0,0,0
sh603022,0,0,0
sz000759,0,0,0
sh600688,5599,0,0
sz002670,1303,1161,0
sh600321,0,0,0
sz002306,0,0,0
sz300434,0,0,0
sz000610,2300,0,0
sh603088,0,580,0
sz000523,0,0,0
sz300161,0,0,0
sz002043,1000,964,0
sz002325,0,0,0
sh600676,12027,0,0
sh603026,0,0,0
sz300359,5680,0,1828
sh601579,0,0,0
sz002056,6235,2722,0
sh600778,0,0,0
sz002688,0,0,0
sz000965,0,0,0
sz300028,0,0,0
sz002317,0,1891,0
sz300324,13514,7974,590
sh603633,0,0,0
sh600971,15797,23306,0
sz000785,0,0,0
sh601890,3091,0,0
sh600528,2038,1049,0
sz000926,2381,7062,0
sh600305,0,0,0
sz002769,11039,25026,1390
sz300218,0,0,0
sz300305,0,0,0
sh600276,39448,15493,2822
sh603963,0,0,0
sz000958,2909,0,0
sz300624,10720,11504,1135
sh601799,0,244,0
sz300440,19881,36957,0
sz300499,0,0,0
sz002251,7656,0,0
sh600004,1607,0,0
sz002492,0,0,0
sz002484,0,0,0
sz300212,5728,5936,0
sh603326,3045,1735,0
sz000595,0,16054,0
sh601288,832401,818592,4387
sz002843,0,0,0
sh600113,5775,21093,0
sh603488,0,1459,0
sz002461,0,0,0
sh601007,0,0,0
sz000733,0,0,0
sz300541,0,0,0
sz002092,3783,6294,0
sh600011,1500,0,0
sz002333,1564,0,0
sz000551,0,0,0
sh600648,0,0,0
sh600620,0,1200,0
sh601118,34214,51407,0
sz002377,0,0,0
sz300243,0,0,0
sh600177,0,1296,0
sh600708,2000,11264,0
sz002141,0,2500,0
sz000697,0,0,0
sh603507,0,362,0
sz002114,2314,0,0
sz002364,2961,0,0
sh603017,0,0,0
sz000913,0,0,0
sz000908,0,0,0
sz002581,721,1280,0
sh603708,521,0,0
sh600012,0,2515,0
sz300635,0,0,0
sz002264,96218,102929,10543
sz300022,0,2400,0
sh600368,0,3050,0
sz000811,0,1500,0
sz002683,4000,1403,0
sh601998,8087,43991,0
sh600545,0,0,0
sz300264,0,2630,0
sz002542,0,1543,0
sh600764,2000,0,0
sh600136,11469,2231,0
sh600610,0,2127,0
sz002680,17618,34103,4221
sh600338,1320,295,0
sh603378,0,0,0
sh600460,138721,146657,10658
sz002225,0,0,0
sz002353,0,0,0
sh600197,0,462,0
sh601339,0,0,0
sz000671,21569,89039,0
sz002623,580,0,0
sz300484,0,695,0
sh600992,0,0,0
sz000768,10704,8143,0
sz000837,0,0,0
sh603089,0,0,0
sz002528,0,0,0
sh600120,6535,13664,1134
sz000563,8394,7059,0
sz300242,0,0,0
sz002362,2134,0,0
sz002540,2173,0,0
sh603703,0,0,0
sh603505,0,486,0
sh603826,0,720,0
sz300329,0,0,0
sz300533,0,0,0
sz300697,0,0,0
sz300136,12061,12237,413
sz300021,0,0,0
sh600732,1656,0,0
sh600496,0,0,0
sz002298,0,0,0
sh600317,0,0,0
sz002848,0,0,0
sz300006,0,2107,0
sz002691,0,700,0
sz000736,0,0,0
sz300477,50747,44547,2935
sz300046,0,602,0
sz002469,0,2000,0
sh600674,4508,9711,0
sh600160,41548,48082,0
sz300695,0,0,0
sh600695,0,0,0
sh603738,0,0,0
sz002204,0,4182,0
sz002052,0,2092,2398
sh600580,6873,3562,0
sh600470,0,0,0
sz000927,9075,9678,0
sz002360,0,0,0
sh600639,0,0,0
sz300258,0,0,0
sz002563,0,0,0
sh603157,0,0,0
sz002158,1916,0,0
sh603328,0,0,0
sh600376,0,1884,0
sh600667,21917,6511,0
sz002295,0,1333,0
sh600598,2711,6274,0
sh603322,0,0,0
sz002602,305,400,0
sh600979,0,0,0
sz300693,0,0,0
sh600621,16690,5277,0
sz300336,2223,2334,0
sh603688,737,0,0
sz300549,0,0,0
sh600511,3898,428,0
sh600961,0,0,0
sh600824,0,0,0
sz000782,0,0,0
sz002538,5607,21787,0
sh600036,71186,50934,1865
sz000700,0,2271,0
sh600874,15981,19337,869
sz300076,0,0,0
sz002438,0,0,0
sz300581,0,0,0
sh600265,0,0,0
sz300366,2044,0,0
sz000955,0,0,0
sz000802,0,0,0
sz300235,0,0,0
sh603933,0,0,0
sh601949,0,0,0
sh603335,0,0,0
sz000611,0,0,0
sh603800,0,0,0
sz300063,0,4491,0
sz002703,0,0,0
sz002285,22812,14916,1140
sh600698,0,8152,0
sh603161,1501,0,0
sh603388,0,0,0
sz000430,0,0,0
sh600319,0,0,0
sz300311,0,0,0
sz300020,87035,80615,32288
sz000723,14162,14695,0
sh603496,0,0,0
sz300246,1421,0,0
sz300689,0,0,0
sz300211,0,0,0
sh601500,0,0,0
sh603058,17083,17891,1468
sz300062,1846,0,0
sz000969,0,0,0
sz300126,0,0,0
sz000510,1414,0,0
sz000975,2541,6871,0
sh603028,0,0,0
sh603758,2848,3116,0
sz000159,0,0,0
sz002742,0,67812,0
sh600363,1200,0,0
sz300014,3834,1709,0
sz300257,0,0,0
sz000973,0,10268,0
sz300651,0,0,0
sh600202,6317,0,0
sh600746,0,0,0
sz002558,0,0,0
sz002913,783,508,0
sz000568,1059,1231,0
sz002846,0,1059,0
sh600219,33900,19554,0
sz300253,213712,210489,2411
sz002910,2031,695,0
sz002870,4346,819,1002
sh600285,0,3833,0
sz002414,0,0,0
sz002410,18796,15117,505
sh603517,1619,4744,0
sz300273,3335,2321,0
sh600098,1678,0,0
sz300144,2835,4371,0
sz000026,0,0,0
sz300268,1008,618,0
sz300661,0,0,0
sz000657,0,0,0
sz002574,0,0,0
sz002186,0,0,0
sh600820,0,0,0
sh600823,4797,14240,0
sz300498,10554,19639,0
sh603658,0,217,0
sz002651,0,1834,0
sh600420,0,0,0
sz000970,11731,15724,787
sz300072,6387,9670,310
sz300738,980,1004,0
sz300373,2731,3913,0
sh603138,0,0,0
sh603339,0,0,0
sh603323,0,6737,0
sh600146,6984,8525,0
sh600247,0,0,0
sz300529,1440,0,0
sh600149,0,1931,0
sh603067,0,0,0
sz300557,0,0,0
sz002480,5995,0,0
sz002116,0,0,0
sz002658,0,0,0
sz002041,0,0,0
sz300339,1609,0,0
sz000726,1200,0,0
sh600594,0,1339,0
sz000541,0,0,0
sz000027,3888,5510,3890
sh600158,30690,27948,0
sz000009,4204,30926,0
sz002045,2298,4906,0
sh600231,2376,2319,0
sh600572,0,4085,0
sh600719,0,0,0
sz002649,2431,0,0
sh600640,0,0,0
sz002091,1634,8569,0
sh600898,0,0,0
sz300346,0,0,564
sz002837,0,528,0
sh601177,0,0,0
sz002348,0,0,0
sz002415,33062,23921,620
sz300739,1328,261,365
sz002533,0,0,0
sz300300,15996,25196,2604
sh600595,10107,6000,0
sz000598,7193,0,0
sz002595,0,0,0
sz002244,13944,11999,0
sz300702,0,0,0
sh603886,0,0,0
sz002293,0,0,0
sz300590,0,0,0
sz000650,0,0,0
sh600896,0,0,0
sz000530,37318,19427,9141
sz300350,0,0,0
sz300152,0,2460,0
sz300120,0,0,0
sz300163,0,2000,0
sz000669,1937,0,0
sz300585,0,0,0
sh600978,0,0,0
sh600501,0,0,0
sz300296,8504,5758,0
sz000020,2739,1404,0
sz300703,500,0,0
sh600099,0,1803,0
sz000911,0,4856,0
sz002334,5128,1459,0
sh600831,1487,0,0
sz300187,0,0,0
sz300182,44342,37143,0
sz002374,0,0,0
sz002893,0,437,0
sz300575,0,381,0
sh600027,11228,3538,0
sh600053,7613,13913,1634
sz300221,79904,97795,13508
sz000408,4180,2672,0
sz000552,0,0,0
sz300105,0,0,0
sh603701,0,0,0
sh600234,0,0,0
sz002881,377,0,0
sh603599,0,0,0
sz000836,5333,2500,0
sz002279,6351,5045,0
sz000972,0,0,0
sh603329,878,697,0
sh600743,0,0,0
sz300368,0,0,0
sh600312,1800,0,0
sh600397,0,0,0
sz002570,24907,100683,14059
sh603020,0,0,0
sh600143,2227,6752,0
sh603019,100661,76175,12070
sz002911,0,0,0
sz300630,0,0,0
sh603298,0,0,0
sh603569,0,0,0
sz300140,0,3949,0
sz002197,0,0,0
sh601689,0,822,0
sh601186,20690,8540,0
sz300070,17237,17373,0
sz300639,0,0,0
sz002644,1009,1061,0
sh600608,0,0,0
sz002140,0,0,0
sz002921,17491,14713,3722
sz300088,32716,38876,0
sz300637,0,0,0
sz300101,7612,0,747
sz300347,790,1059,231
sh603600,0,956,0
sz002021,0,8760,0
sz000881,0,1594,0
sh603360,0,0,0
sz002639,1332,0,0
sz300691,0,0,0
sz000413,7855,3164,0
sz002762,0,0,0
sz002698,0,0,0
sz000532,4197,126099,0
sz300622,0,0,0
sz300085,10817,8050,633
sz002503,0,0,0
sz300097,1201,0,0
sz300371,0,0,0
sh600389,0,554,0
sh600380,6875,30092,0
sz300200,0,0,0
sh603117,0,0,0
sz300677,2176,1817,0
sh600814,0,0,0
sh603369,599,1759,0
sh601012,12106,18540,353
sz300526,0,0,0
sh600127,0,0,0
sh603919,0,0,0
sh601616,0,0,0
sz300036,2969,748,0
sh600398,7944,6140,0
sh600810,2346,3829,0
sh600999,3052,9078,0
sz300201,0,0,0
sz002879,0,0,0
sz002562,0,0,0
sz300458,11914,3172,0
sz300054,2217,4384,0
sz000338,13170,33940,0
sh600748,0,0,0
sh601069,5839,4247,2278
sh600373,2000,6865,0
sh600815,0,0,0
sz000833,0,0,0
sz300289,0,0,0
sh601128,0,0,0
sz300404,0,0,0
sh601028,0,1290,0
sh600336,3884,0,0
sz300685,257,861,0
sh600381,0,0,0
sh600260,5394,8074,0
sz000559,1427,0,0
sz002316,5222,3574,0
sz002281,12884,5850,0
sh601519,0,4089,0
sh603477,0,1359,0
sz002320,20984,39382,3518
sz002489,0,2400,0
sz002672,0,2090,0
sh601992,56647,101550,0
sz000753,0,0,0
sz002191,0,0,0
sh600350,1800,16787,0
sh600259,0,0,0
sh600611,14834,49945,0
sh603111,0,0,0
sz300084,0,0,0
sz000750,0,2311,0
sz000903,0,10000,0
sz300642,180,100,0
sz002294,2458,3258,362
sz300509,0,0,0
sh600589,0,0,0
sh600297,0,0,0
sh600963,5691,0,0
sh600835,0,461,0
sz002606,3906,17864,0
sz002819,0,0,0
sh603186,0,0,0
sz002029,0,1394,0
sz002280,5946,15736,0
sz002514,1711,0,0
sh600268,0,0,0
sh601200,2154,4702,0
sz002231,0,0,0
sh601218,0,0,0
sh603197,0,0,0
sz300402,0,0,0
sh603598,0,0,0
sz300169,8602,0,0
sz002350,0,0,0
sz002737,2664,2700,0
sz002445,1029,1618,0
sz300471,0,0,0
sh601888,7217,4972,0
sz002144,0,0,0
sz000938,3590,5023,391
sz002020,4941,2341,0
sh603260,14200,3965,377
sz000166,26793,12315,0
sh603366,2638,19420,0
sh600307,14334,45937,0
sz002792,0,0,0
sz002196,0,0,0
sz300580,0,0,0
sz300185,0,6590,0
sh603918,0,0,0
sz300277,917,0,0
sz300214,2188,0,0
sz002883,0,0,0
sh601377,1592,0,0
sh600834,0,0,0
sz002498,5282,0,0
sh603181,578,0,0
sz000061,1587,0,0
sz000919,0,0,0
sh601919,6216,12626,0
sz002343,3661,1965,0
sz002019,5322,8353,0
sz000886,23190,25729,0
sz002468,1232,0,0
sh600421,0,0,0
sz300717,0,0,0
sz300543,0,0,0
sz300389,0,0,0
sh601882,0,0,0
sh603060,0,0,0
sz002858,761,1087,0
sz300548,0,0,0
sz000868,6829,18769,0
sz002342,0,4231,0
sz002916,5135,3539,139
sz002860,1252,1211,0
sz002872,0,0,0
sz002118,14122,2596,0
sh600855,1260,0,0
sh601727,0,0,0
sz300018,0,0,0
sz002336,0,839,0
sz300566,400,0,0
sz002840,0,0,0
sh600892,0,0,0
sz002677,675,3486,0
sh600837,10043,12910,0
sz300497,212,449,0
sh601985,9274,15183,0
sh601996,0,0,0
sh603165,201,0,0
sz000778,17639,12818,0
sh603555,2545,1382,0
sh600288,0,1247,0
sz000862,0,0,0
sz300172,0,1700,0
sh603158,0,0,0
sz002368,1027,500,0
sh603179,587,0,0
sh600750,545,468,0
sz000005,0,0,0
sz000416,5563,35719,0
sh603110,0,0,0
sz300483,0,0,0
sh600075,0,0,0
sh600557,0,0,0
sh600548,1863,0,0
sz002136,0,0,0
sz002417,0,0,0
sh603356,1121,4585,0
sh603839,0,0,0
sz002778,0,0,0
sh600229,0,8145,0
sh600405,0,1720,0
sh601101,2176,2873,0
sh603618,0,0,0
sz300567,461,476,0
sh600237,4689,0,0
sh603787,0,0,0
sz002036,2058,0,0
sh600821,0,0,0
sz300344,8050,10978,0
sh600730,2441,1698,0
sz002010,0,0,0
sh600170,0,4110,0
sh600716,0,0,0
sh600817,0,0,0
sz300616,133,0,0
sh603501,1371,918,0
sh600458,0,0,0
sh600377,0,1822,0
sh601766,55188,64336,0
sh600673,25895,18846,0
sz000586,0,0,0
sh600623,6850,27909,0
sh603663,0,0,0
sz300719,0,508,0
sz300618,2314,3572,599
sz300595,189,727,0
sz002880,0,0,0
sz300597,0,0,0
sz000767,10050,25505,0
sz002829,0,0,0
sh601633,0,0,0
sz000905,0,0,0
sh600291,1823,5666,0
sz300377,57931,32221,2651
sz002341,2580,978,0
sh600726,8029,18319,0
sh600248,0,0,0
sz000859,0,0,0
sh600980,0,811,0
sz300066,4000,5529,0
sz002665,12177,1668,0
sh600729,12731,2909,0
sz300029,0,0,0
sh600020,0,2419,0
sh600195,0,0,0
sh603000,0,11774,0
sh601600,420694,467144,0
sz001696,0,0,0
sz300360,0,0,0
sh600787,13983,5775,0
sh600353,0,0,0
sz002382,2054,1456,0
sz300390,61365,61969,11088
sh600055,3846,1730,0
sz300267,54152,31847,1667
sz300138,0,0,0
sz300407,0,0,0
sh600252,12311,3000,0
sh601939,247434,156359,1345
sh600184,0,0,0
sz000585,0,0,0
sh603586,0,0,0
sz000631,0,0,0
sz300469,0,350,0
sz300248,1200,1452,0
sz000518,0,0,0
sz002849,0,0,0
sh601607,14834,4482,0
sz002267,0,6600,0
sz300508,0,0,0
sz002768,5873,0,1200
sz000922,6050,0,0
sz002356,0,0,0
sz002553,0,0,0
sh600303,0,1500,0
sz002690,0,0,0
sz002600,8598,15330,0
sz002554,0,0,0
sz002327,6721,0,0
sh600546,3530,9380,0
sz300348,2121,0,0
sz300397,1700,635,0
sz002809,0,0,0
sh600428,0,0,0
sh600426,3527,10042,0
sz300005,4815,2000,0
sz300275,0,0,0
sh600858,0,0,0
sz300283,0,0,0
sz300416,0,0,0
sz002702,17265,31518,29242
sh600396,0,0,0
sh601001,2021,14283,0
sz300382,0,0,0
sz002717,0,0,0
sz000088,0,0,0
sz300468,300,272,0
sh603166,0,0,0
sh603113,0,0,0
sz300716,517,0,0
sz300418,44885,22069,1552
sz002452,3749,1681,0
sh603036,0,0,0
sh600403,3510,0,0
sz002234,0,0,0
sh600249,12878,9411,0
sz000607,0,0,0
sz002745,738,584,0
sz002773,1214,391,0
sh603018,0,0,0
sz002261,0,0,0
sz002897,0,0,0
sz002436,0,0,0
sh600936,0,0,0
sh603123,0,0,0
sz002397,0,0,0
sh601388,6409,7241,0
sz300582,0,0,0
sz000895,1077,2980,0
sz002869,1115,0,0
sz000807,51914,47006,7219
sh600083,0,471,0
sh603721,0,593,0
sz300108,0,0,0
sz300168,82254,68574,6360
sh601019,0,0,0
sh603086,0,0,0
sh600054,0,0,0
sz300174,0,480,0
sh603359,0,0,0
sz000780,0,0,0
sh600267,4739,972,0
sh600452,0,353,0
sz300511,607,2095,0
sh603937,1013,0,0
sh600841,0,0,0
sz300474,5209,1843,770
sz002028,2984,6000,0
sz300583,0,0,0
sz300216,51819,43266,2775
sh600208,126886,34800,9016
sz002243,0,0,0
sh600604,7149,12833,0
sz000632,0,0,0
sh600483,1505,2661,0
sh600622,0,0,0
sh600277,0,0,0
sh601628,9067,4341,0
sh600637,999,4722,0
sz000803,0,0,0
sz002009,5489,7594,0
sz000423,6201,5800,959
sh603816,1037,1459,0
sz002190,564,2582,0
sh603040,0,0,0
sz300234,1500,0,0
sh603421,506,0,0
sh600739,1378,0,0
sz300286,0,0,0
sz002443,0,1498,0
sz300292,0,0,0
sh601199,2044,0,0
sh600418,3015,4842,0
sz300031,0,0,0
sz000659,0,3781,0
sh600887,152848,146602,18554
sz300177,0,0,0
sz002160,0,0,0
sz300571,0,620,0
sz300135,0,0,0
sz002725,0,0,0
sh600119,1003,0,0
sh603889,0,1690,0
sz002154,5648,0,0
sh600295,0,0,0
sz300428,2570,2841,0
sh600981,0,0,0
sh600885,0,0,0
sh601225,118760,165550,3744
sz002170,0,0,0
sh601668,167409,166088,0
sh600884,6578,5300,0
sh600209,14335,17100,0
sz002789,0,0,0
sh601678,15964,4949,0
sz000620,0,0,0
sh600862,0,0,0
sh603668,1061,0,0
sh600200,0,0,0
sz300577,0,205,0
sz002432,0,0,0
sz000967,0,2011,0
sh600882,0,0,0
sh603042,0,0,0
sh600162,0,0,0
sz002396,17245,12111,0
sh603709,1883,1169,528
sz300052,0,0,0
sz300352,6076,13035,0
sh603320,0,0,0
sh600415,0,4021,0
sh601000,4730,8869,0
sz300435,0,0,0
sz300327,1679,0,0
sh601997,3649,3023,0
sz300293,0,0,0
sh601898,0,30246,0
sh600115,57217,98158,0
sh601003,0,15709,0
sh603579,240,0,0
sh603535,0,0,0
sh601966,0,3043,546
sh603167,0,0,0
sz000055,0,1285,0
sh603518,0,0,0
sz300603,498,0,0
sz002821,2319,1283,0
sz000752,0,0,0
sz000557,0,0,0
sh603607,0,0,0
sz300615,0,0,0
sz002508,2332,5767,529
sz300453,0,0,0
sh600033,0,2946,0
sh600533,0,2596,0
sz300024,4813,6997,0
sh603027,0,0,0
sz300515,0,0,0
sz300658,0,0,0
sz300502,0,410,0
sz000720,2201,0,0
sh600559,0,1220,0
sz300335,747,1500,0
sz002194,0,5924,0
sz002426,2531,20534,0
sh600895,17886,37040,5908
sz002741,4205,580,0
sz002504,0,0,0
sh600747,9970,4909,0
sh600649,3688,0,0
sh600969,1100,0,0
sz002391,0,0,0
sz002237,0,1474,0
sz002044,3516,3860,0
sz000709,23144,119968,0
sz000792,12873,23051,0
sz300413,3789,1791,291
sz002586,0,1304,0
sz002126,0,58964,0
sz002632,0,0,0
sh600976,0,722,0
sz300065,8256,625,0
sh600391,901,1292,0
sz000692,0,0,0
sz002157,0,13972,0
sh603345,1478,0,0
sh600111,24559,62066,2053
sz000639,0,0,0
sz300282,0,0,0
sh600300,0,0,0
sh600844,0,0,0
sh600135,1523,0,0
sh603239,0,0,624
sz002346,0,0,0
sz300406,0,0,0
sh600486,190,0,0
sh603218,0,0,0
sh600681,0,1400,0
sh600499,7100,21008,0
sz002694,19226,38489,2444
sz000627,3886,1300,0
sz002676,3012,3063,0
sh600792,0,0,0
sz300726,2260,1208,0
sh600495,3920,2954,0
sz002439,9520,4611,0
sz300041,0,0,0
sz002876,0,0,0
sh600579,945,1068,0
sz300165,0,0,0
sz300559,300,0,0
sh600482,996,4165,0
sz002286,0,0,0
sz000826,1325,2142,0
sz002806,0,0,0
sz002049,136069,73922,8729
sh600153,1093,3196,0
sz002403,0,0,0
sh600489,2497,8925,0
sz300055,5765,648,0
sz300568,632,0,0
sh600909,0,5281,0
sz000980,0,6318,0
sh603628,0,0,0
sh600021,0,0,0
sh603466,0,0,0
sz000683,0,6460,0
sz300560,1222,0,0
sh600532,10854,1280,0
sh600717,0,1079,0
sz300059,813140,586941,60496
sz002371,14394,7463,357
sz000680,0,0,0
sz300051,2558,2323,0
sz300527,1174,1252,0
sz002454,5035,818,0
sh603385,0,0,0
sh600586,7974,3005,0
sh600897,0,3656,0
sh600523,0,2609,0
sz300112,0,0,0
sz000893,2106,1788,0
sh601872,0,0,0
sz300628,628,357,0
sh603001,770,0,0
sh600959,0,0,0
sz300219,1745,0,0
sh600222,0,0,0
sh603183,0,800,0
sz002472,10242,10413,0
sz002238,0,0,0
sz002705,0,0,0
sh603156,1134,1241,155
sh600536,4658,828,0
sz000823,6221,1043,0
sz002249,1882,9272,0
sh600638,1957,0,0
sz002729,0,0,0
sz002555,3308,3321,0
sz300149,0,0,0
sz000030,0,0,0
sz300193,2912,0,0
sz000860,1573,601,0
sz002156,3276,3611,0
sz300114,0,0,0
sz002297,0,1657,0
sz300654,407,0,376
sz300304,4461,2310,0
sz000402,11727,19222,0
sh601366,1060,0,0
sz300701,0,0,0
sz002605,0,0,0
sz300507,0,0,0
sh603989,0,0,0
sz000068,0,0,0
sz002746,0,0,0
sz300236,8268,6059,655
sh600871,0,0,0
sh600889,0,0,0
sz002380,0,0,0
sh603908,0,0,0
sz002031,0,5575,0
sz300545,0,193,0
sz002499,0,0,0
sh601699,124022,137964,7611
sh601368,0,0,0
sz300482,0,0,0
sz002463,2331,0,0
sz002740,0,2037,0
sh603689,0,0,0
sz300610,0,0,0
sh600833,0,0,0
sz002299,0,3043,0
sz002273,7802,9406,0
sz300598,0,0,0
sz000988,3842,9075,0
sz000617,0,0,0
sh600662,0,6489,0
sz000698,0,0,0
sh600156,0,0,0
sz300096,10711,1001,0
sh600758,4222,0,0
sh603608,0,0,0
sz000006,4542,4661,1617
sh600444,0,0,0
sz002441,0,0,0
sz300016,0,0,0
sz002885,362,0,0
sh600560,8852,34078,0
sz300307,3948,1500,0
sz002108,22179,9565,0
sz002611,13502,15633,0
sh601717,0,1759,0
sz300720,0,0,0
sz300147,0,0,0
sh603728,0,0,0
sh600068,21208,52832,0
sh600714,0,0,0
sh600706,0,0,0
sz000028,197,203,0
sh603882,0,0,0
sz300692,4294,376,0
sh600520,0,0,0
sh600767,0,7157,0
sz000806,3831,7676,0
sh600872,2198,1353,0
sh603337,0,0,0
sz300239,0,0,0
sh600624,0,5838,0
sz002218,3123,0,0
sz000882,72432,125792,23296
sz000058,0,0,0
sz000043,0,0,0
sh603506,2060,0,276
sz002518,0,0,0
sz300306,800,0,0
sh603585,0,0,0
sh600180,0,0,0
sz002748,0,0,0
sh600801,17961,28002,0
sh601011,26021,4351,0
sh600052,0,0,0
sz300045,0,0,0
sz300223,0,377,0
sz300303,0,0,0
sz002099,0,0,0
sz300363,0,0,0
sh600310,0,4140,0
sh601318,439484,275719,41911
sh600687,9500,8371,0
sz002287,0,0,0
sz002102,21021,86224,0
sz002070,25516,11863,0
sz002539,0,0,0
sz000925,0,0,0
sh603677,0,0,0
sz002625,2131,2242,0
sz002265,0,0,0
sz000667,3329,3781,0
sz002552,0,0,0
sz002749,0,0,0
sz002017,0,0,0
sh600048,252864,337489,5192
sz300486,0,0,0
sz002673,7172,14562,0
sz002470,4138,14533,0
sz000852,0,0,0
sh601828,1132,1249,0
sh600479,0,0,0
sz300171,0,0,0
sh600345,0,388,0
sz300426,623,0,0
sh600358,12608,4824,0
sh603676,0,0,0
sz300302,1297,0,0
sz300068,7827,4769,1011
sh600193,0,0,0
sz002506,0,0,0
sh600581,19770,46352,0
sz002172,0,0,0
sh600122,10641,13750,0
sz002760,430,1446,0
sh603108,6860,4127,0
sz002898,0,0,0
sz002855,0,0,0
sz000613,45723,72594,9998
sh601231,0,864,0
sh603188,0,0,0
sz300123,3280,0,0
sh603277,0,0,0
sh600939,0,0,0
sz000060,9720,12761,0
sz300700,394,0,0
sh600215,0,0,0
sh600243,0,0,0
sz300668,0,0,0
sh601238,1868,4263,0
sz300522,1420,0,0
sz002059,0,0,0
sh600337,2411,0,0
sz002435,0,0,0
sz002922,15355,18476,1841
sh603527,0,0,0
sz300338,0,0,0
sh600212,45450,34995,0
sz300496,8356,2333,361
sh600756,697,639,0
sz000498,0,5660,0
sz002038,18769,8667,462
sz300079,14878,8351,0
sz002008,11741,11546,907
sz002889,0,0,0
sz300609,0,0,0
sz002138,0,0,0
sz000665,2926,2147,0
sz002836,0,0,0
sz300686,0,0,0
sz002095,1373,3906,744
sz002652,0,0,0
sz002308,0,5618,0
sh603978,773,0,0
sh600763,4381,1849,568
sh603861,0,0,0
sz300167,2973,0,0
sz300576,0,0,0
sh603023,0,0,0
sh600168,0,0,0
sz002086,1179,1001,0
sh603303,0,0,0
sz000010,0,3500,0
sz002344,0,0,0
sh600395,0,2558,0
sz002708,0,0,0
sz002283,5136,0,0
sz300326,0,0,0
sh600596,25381,44214,1051
sh603386,0,2628,0
sz300512,0,0,0
sz002388,0,0,0
sz300375,0,0,0
sz000861,14909,12710,0
sh600355,0,5467,0
sz002758,0,0,0
sz000403,0,0,0
sz002576,0,0,0
sh600351,0,5304,0
sh600576,0,0,0
sz002232,2489,0,0
sz002608,0,0,0
sz000560,2964,0,0
sh603809,0,0,0
sh600679,0,0,0
sz000932,30137,86488,0
sz002208,96056,106727,48005
sh603890,6773,9540,0
sz300241,0,1602,0
sz002392,0,0,0
sh600779,306,804,0
sh601808,3000,1468,0
sz002609,684,0,0
sz000428,0,0,0
sh603383,0,0,0
sh601168,3550,10925,0
sz002240,0,0,0
sz002633,2064,0,0
sh600984,0,0,0
sh600508,0,1518,0
sz300381,0,0,0
sh600635,687400,387036,31262
sz002133,0,0,0
sh600206,5689,5523,0
sh600851,0,0,0
sz002311,0,1073,0
sh603099,0,0,0
sz000885,1043,1876,0
sh603903,0,0,0
sz002288,0,6383,0
sz002868,0,0,0
sh603168,0,0,0
sz300470,0,0,0
sh600703,20868,32884,1502
sh600137,0,0,0
sz000758,0,0,0
sz300265,0,0,0
sz002887,0,0,0
sz300131,1676,0,0
sz300206,0,0,0
sz300554,0,123,0
sh603085,0,0,0
sz002641,0,0,0
sz300643,0,0,0
sz300039,1527,0,0
sz000838,0,0,0
sh603039,127,0,0
sh600771,2777,1056,0
sh600050,111022,122017,0
sh600477,0,3929,0
sz300412,0,0,0
sh600919,5469,47514,0
sz002811,0,0,0
sz002642,901,970,0
sz002062,0,0,0
sh600107,3640,0,0
sz000062,0,1268,0
sz002420,0,0,0
sh603363,0,2612,0
sh600446,2954,4297,0
sh603306,0,0,0
sz000921,0,0,0
sz000976,1500,0,0
sh600340,25981,52651,2394
sz300664,5118,22867,0
sz002835,0,0,0
sh600998,0,0,0
sz300600,0,0,0
sz000155,6162,38229,0
sz002628,0,0,0
sz002253,0,0,0
sh600497,6342,10378,0
sz002449,1063,1501,0
sh603611,0,0,0
sz300417,0,0,0
sh600189,0,0,0
sz300696,940,0,0
sz002456,26401,22189,0
sh600232,0,0,0
sh600926,1068,2772,0
sh600822,4132,840,0
sz000888,0,0,0
sh600392,27934,41906,627
sz002475,12561,5832,0
sz002815,350,0,0
sh601058,0,0,0
sz000678,0,0,0
sz002536,0,0,0
sh603901,0,0,0
sz002631,1635,4765,0
sz000505,0,0,0
sh600888,0,0,0
sz300030,0,0,0
sh603456,0,640,0
sh603090,0,0,0
sz002393,0,0,0
sz300195,0,0,0
sz002119,0,0,0
sh603516,4439,1662,0
sz000023,645,552,0
sh601179,0,0,0
sz002886,400,506,0
sz002529,3272,1029,616
sh600406,2500,6440,0
sh600261,0,0,0
sh601008,0,0,0
sz002182,15140,0,0
sz300118,3236,0,0
sh600721,10562,6378,3877
sz300636,0,0,0
sz002839,11137,10142,0
sh600839,14264,24626,0
sh603336,2364,0,0
sh600857,0,0,0
sz000050,3351,7149,0
sz000007,6974,3085,0
sh601163,0,0,0
sz000979,40543,121706,0
sz300456,0,0,0
sh600383,24899,56219,0
sz002731,0,0,0
sh600663,0,0,0
sh600651,0,8113,0
sz002358,1496,1500,0
sz002481,0,0,0
sz002572,300,1338,0
sh600469,0,0,0
sz002421,0,2144,0
sz300430,0,0,0
sz000002,42041,82315,3130
sz300262,5637,0,0
sh603808,0,0,0
sz300492,0,300,0
sh600653,0,4940,0
sz000899,0,0,0
sz300287,90875,34782,1535
sh600461,1992,0,0
sz300461,0,420,0
sz002666,8067,4299,0
sz002206,0,0,0
sz002718,0,0,0
sz002664,0,0,0
sh600282,76897,122200,4967
sh603639,0,0,0
sz300653,0,0,0
sz000686,3009,3340,0
sz002681,11259,927,1080
sz300184,1991,0,0
sz002149,0,1701,0
sh600668,1706,1536,0
sz002363,0,0,0
sz300383,0,7459,0
sz002369,4666,5089,0
sz300550,0,0,0
sz300501,0,0,0
sz300207,855,1709,0
sz002767,0,0,0
sz000513,2841,3557,0
sz002902,1301,0,0
sh600803,1000,3029,0
sh600738,0,0,0
sz002735,0,0,0
sz300479,3604,1768,3093
sz300649,679,0,0
sh603399,3872,2441,0
sh601999,0,0,0
sz000949,0,0,0
sh600853,0,0,0
sh603638,1203,1227,0
sz300606,0,0,0
sh600603,0,0,0
sz002014,0,0,0
sh603619,2913,1645,0
sz002305,0,0,0
sz002205,0,0,0
sh600185,0,0,0
sh603595,111,0,111
sz002823,0,0,0
sz002202,38813,13400,0
sh603300,0,0,0
sz000716,0,3502,0
sz002841,0,0,0
sz000419,0,0,0
sz000069,27816,33159,0
sh600097,0,0,0
sz300629,0,0,0
sh600090,0,1350,0
sh600289,0,0,0
sz000573,0,0,0
sh603377,0,0,0
sh603559,1760,1480,0
sh600809,2996,1012,0
sz000628,0,2406,0
sz002761,0,280,0
sz002616,0,0,0
sh603880,0,0,0
sh600988,0,5887,0
sz002214,0,0,0
sh600360,1507,0,0
sz300151,0,0,0
sz000589,0,0,0
sz000059,1059,5168,0
sh603101,0,0,0
sz300002,52408,17147,0
sz000850,0,0,0
sz300387,0,0,0
sh601595,0,0,0
sh600039,0,0,0
sz002517,3662,2521,0
sz002183,15378,8594,3060
sz002167,0,12223,0
sh603588,0,0,0
sh600793,0,0,0
sz002331,0,0,0
sh600791,0,0,0
sh600436,4172,2931,842
sz002093,1538,0,0
sz000952,3426,0,0
sh600689,0,0,0
sz002577,767,0,0
sz002230,172641,102088,10660
sz000880,0,0,0
sh603655,0,0,0
sz002776,0,0,0
sz000663,4542,10213,1911
sh600313,0,6276,0
sz300133,27853,4358,0
sh601258,120245,86525,0
sz002875,0,0,0
sz002165,0,0,0
sh600785,0,0,0
sz002430,0,0,0
sh600558,0,0,0
sh600114,700,0,0
sh603567,0,0,0
sh600256,74257,94321,0
sz002908,506,412,0
sz002462,440,0,0
sz002201,1004,0,0
sz300209,541,0,0
sh600774,0,0,0
sz002816,0,0,0
sz000037,0,0,0
sz002646,0,0,0
sh600973,13395,0,0
sz002001,10047,14546,1271
sz002123,4796,13297,0
sz002236,30524,31395,3118
sz000702,0,0,0
sh603626,907,7171,1471
sh603126,28852,24160,934
sz002892,0,0,0
sh600077,0,0,0
sh603169,0,0,0
sz300488,0,0,0
sh601127,0,766,0
sh600292,0,0,0
sh600066,4647,16291,0
sh600299,8782,0,0
sz300153,0,0,0
sh600995,0,0,0
sz300222,0,1670,0
sh603106,2151,0,0
sh600522,17462,30636,0
sh600521,13787,4973,0
sh603899,1865,423,0
sh601326,0,1769,0
sz300233,0,0,0
sh600038,12351,3299,0
sz000096,0,0,0
sh603979,0,0,0
sz000825,160407,284798,5076
sz000543,17862,9688,0
sz002081,5712,4986,0
sz300015,6055,2588,0
sh603578,301,404,0
sz002787,0,0,0
sz000936,32081,45934,3039
sh600737,15133,20960,0
sh600740,30444,37992,6978
sh600116,1500,1785,0
sh600433,0,4704,0
sz002013,11894,0,0
sh600503,0,3953,0
sh600129,0,0,0
sz002810,0,0,623
sz300121,0,0,0
sh600570,27168,27957,2641
sh603313,0,0,0
sz300518,0,0,0
sz002613,0,0,0
sz000875,0,6308,0
sz002852,0,0,0
sz000963,4553,4479,844
sz002822,0,0,0
sh603208,0,400,0
sz300330,0,0,0
sh603860,0,0,0
sz300437,0,0,0
sh603766,2309,0,0
sz002909,0,0,0
sh603010,1147,1603,0
sh600271,16225,9868,0
sz300154,0,0,0
sz300741,735,867,0
sh603801,575,545,0
sh603059,1242,704,0
sz000520,0,0,0
sz002076,7584,17115,0
sh603278,5462,12185,0
sz300604,0,250,223
sz002274,0,0,0
sz000996,32774,26642,609
sz002733,0,0,0
sz002493,1312,4860,0
sz002050,11785,18180,0
sz002669,0,0,0
sh600977,4024,0,0
sh603797,2384,0,0
sh600854,0,0,0
sh603602,0,0,0
sz002478,0,0,0
sz300256,1729,0,0
sh601155,18145,23855,2030
sh603859,0,0,0
sh603031,0,0,0
sz002865,0,0,0
sh601958,2000,6706,0
sh601789,2500,0,0
sh600196,98026,61606,1319
sz000039,3983,2815,0
sz300180,0,800,0
sh603678,2850,6404,0
sz002211,0,0,0
sz000971,0,0,0
sz000153,0,0,0
sz002550,3604,0,0
sz002409,5344,9424,0
sz300107,10765,10478,1992
sh600438,2021,12500,0
sz002105,0,0,0
sz002527,0,0,0
sh603960,0,0,0
sz000553,0,0,0
sz002381,0,0,0
sz300547,0,0,0
sz002174,1362,1630,0
sz300539,0,0,0
sz300427,0,0,0
sh603189,734,0,0
sh603002,0,0,0
sh600605,0,0,0
sh600555,0,4000,0
sh600220,3712,0,0
sz300473,0,0,0
sh600273,22533,2010,0
sh603288,371,0,0
sz002763,0,0,0
sz000858,43734,38973,4460
sh600736,6523,4587,0
sz002896,0,0,0
sz001896,0,0,0
sz300197,1960,12504,0
sh600359,0,0,0
sz002071,1394,0,0
sz300537,0,0,0
sh600343,2339,0,0
sh600966,6583,0,0
sz300255,0,0,0
sz002674,0,0,0
sz000301,0,6190,0
sz300521,0,0,0
sz000548,0,0,0
sz300476,53864,46048,4764
sz002440,5475,17258,0
sh603819,0,0,0
sh603330,0,0,0
sh600070,0,0,0
sz000707,0,0,0
sz002579,0,0,0
sz000848,0,0,0
sz002830,0,0,0
sz002351,5485,22266,0
sz300602,336,199,0
sh603229,0,0,0
sh600183,5404,8804,0
sh600552,4513,0,0
sh600527,0,0,0
sz002375,0,0,0
sh600827,0,3135,0
sz300619,499,370,0
sh600808,80994,129687,0
sz000929,0,0,0
sh600103,0,2694,0
sh600067,0,8165,0
sz300525,0,0,0
sz300517,0,0,0
sz002088,3655,4766,0
sz000670,2103,3267,0
sz300513,0,0,0
sh600269,0,0,0
sz002418,53896,10862,0
sz000070,0,0,0
sh603900,500,0,0
sh600643,9332,22942,1004
sz000933,55270,42187,0
sz000727,16881,10402,0
sz000718,0,4602,0
sh600550,0,0,0
sz000818,800,899,0
sz000791,0,3162,0
sz002187,0,0,0
sz000735,141161,165880,17292
sz300432,0,0,0
sz002226,121008,117739,4995
sh600684,0,0,0
sh600903,22238,23256,3709
sh603308,0,0,0
sh600588,112832,101638,9586
sh603030,0,0,0
sh603909,0,0,0
sz000571,0,0,0
sz300310,1000,0,0
sz002292,9747,1730,0
sh600167,0,0,0
sh600783,15690,11903,0
sh601107,0,0,0
sh600060,6837,12298,0
sh601880,17121,0,0
sh600064,815,0,0
sz002588,0,0,0
sh603615,0,0,0
sz300472,0,0,0
sz300134,38580,15026,1118
sh603877,0,0,0
sz000989,2467,1000,0
sz300500,500,0,0
sz300599,0,0,0
sz300698,1354,422,0
sh600095,0,0,0
sz002453,0,0,0
sz002502,0,0,0
sh601886,0,0,0
sz300551,0,0,0
sh600325,17589,39315,0
sz300109,317,270,0
sz002171,7258,1961,0
sz002129,60868,132628,1610
sz300281,0,0,0
sz002431,0,1872,0
sh600745,500,0,0
sh600543,1147,0,0
sh603988,0,0,0
sh603100,0,0,0
sz002500,5140,6071,0
sh601226,0,0,0
sz002416,3214,9079,0
sz000521,2393,0,0
sh600660,16027,28539,603
sz002359,5029,5756,0
sz002296,8648,36881,0
sh600780,0,0,0
sh600409,5166,32794,0
sh603177,3576,21793,0
sz300294,0,300,0
sh601005,5000,11751,0
sz300365,276,300,0
sh600571,35821,40045,0
sh600475,0,0,0
sh601360,12309,15777,1316
sh600016,35016,69420,0
sz300367,45832,36529,879
sh600316,1836,0,0
sh603986,20701,12854,1910
sh601601,32773,24308,2155
sh603729,300,0,0
sz000531,0,0,0
sh600006,4135,1905,0
sz300591,1470,0,0
sz300688,13441,9834,1620
sh600490,56527,49225,0
sz002402,3956,0,0
sh600456,0,1294,0
sz002125,0,0,0
sz000605,0,0,0
sz002549,2465,1800,0
sh600201,536,874,0
sh601198,0,0,0
sz300386,1406,0,957
sh601116,43318,32332,10662
sh603912,6042,17992,1055
sh600449,0,4076,0
sz300017,98177,80036,866
sz300475,0,800,0
sz000014,0,0,0
sh600997,0,11417,0
sz300328,1004,1304,0
sz000021,4072,4634,0
sh600017,0,0,0
sh603848,1536,0,0
sz002668,1822,3014,0
sz002757,0,0,0
sz002304,547,1334,0
sz300132,0,0,0
sh600235,0,0,0
sh601390,16940,8572,0
sz300666,13689,3012,416
sz000488,9117,6851,1502
sz300351,4253,1389,1105
sh600176,8010,29839,823
sz300202,9208,0,0
sz300354,0,0,0
sh603580,0,0,0
sh600860,0,0,0
sh600467,4234,0,0
sz002096,0,0,0
sz000544,0,0,0
sz002302,3468,2430,0
sh601718,18984,22660,1844
sh600240,0,0,0
sh603966,0,0,0
sz000597,0,1000,0
sz000731,0,0,0
sz300623,0,177,0
sz002087,0,0,0
sh600551,0,0,0
sz300141,0,0,0
sh600488,0,0,0
sz300148,0,9252,0
sz300380,1078,15300,640
sz000898,12157,39926,0
sh600566,2508,241,0
sz002684,0,1377,0
sh600587,0,0,0
sh601838,2822,9407,989
sz002104,4579,0,0
sh600207,32329,64295,1268
sh600476,667,2450,2197
sz002882,0,0,0
sz300503,0,0,0
sh601567,0,0,0
sh603871,639,1027,0
sh600159,0,0,0
sz002376,2779,675,0
sh603500,0,0,0
sh600575,0,0,0
sz002068,0,1210,0
sz002352,914,1167,0
sz300519,0,0,0
sh600765,0,1029,0
sh600869,17535,8133,0
sh601098,0,1010,0
sz300478,4240,5097,0
sz300297,0,0,0
sz002227,0,0,0
sz300308,783,0,0
sz002925,16085,12215,1498
sz002594,2258,2837,0
sh603223,0,0,0
sz300332,0,0,0
sh600829,0,0,0
sz002723,0,0,0
sz002629,3463,2642,0
sz000713,0,0,0
sz300082,0,0,0
sz000572,28194,25919,0
sh600531,4248,7457,0
sz002074,3960,7967,0
sz300033,2851,316,0
sz300318,0,0,0
sh603289,0,0,0
sh600188,43803,42706,2506
sz002246,8050,10361,0
sz300489,0,0,0
sh601588,0,4000,0
sh603338,0,173,0
sh600893,10882,9933,418
sz000673,35074,3123,646
sz300069,6019,372,0
sz300210,0,0,0
sz002617,0,0,0
sh600846,0,1217,0
sh603806,0,0,0
sz002054,1600,3537,1557
sz300026,12373,6010,0
sz300340,0,842,0
sh600318,0,3318,0
sh600573,0,0,0
sh600356,0,0,0
sz002494,0,0,0
sz300009,10204,6651,400
sz300589,0,0,0
sh600805,0,0,0
sh600096,0,0,0
sh603118,0,2493,0
sh601208,0,0,0
sz002803,0,500,0
sz002424,1091,2005,0
sh600789,12371,11578,0
sh600983,0,0,0
sh601233,2082,12708,0
sh600327,0,0,0
sz300735,16562,69840,516
sh600795,17941,42664,0
sz300279,4695,0,0
sh601908,0,0,0
sh600063,0,0,0
sh601222,4262,18104,0
sz002847,5976,2190,0
sz002477,0,9119,0
sh600301,0,0,0
sz000948,0,0,0
sz002640,4430,0,0
sz300011,0,0,0
sz300667,0,0,0
sz300358,0,0,0
sz000630,18953,38547,0
sh600692,0,0,0
sh600026,5022,2065,0
sz300357,634,953,0
sz300057,0,0,0
sz300334,945,0,0
sz000856,2926,1967,0
sz300130,2373,2770,0
sz002598,0,0,0
sz002495,0,0,0
sz002682,0,0,0
sz002888,503,0,0
sh600848,44956,18332,3709
sz300679,0,0,0
sh600530,0,0,0
sh600468,0,0,0
sh600169,4273,0,0
sh600601,0,3759,0
sh603993,1055184,808520,7445
sz002314,0,0,0
sz000890,0,5309,0
sh600664,8301,3880,0
sh600597,0,874,0
sh600629,0,0,0
sz300110,31068,22402,0
sz002245,4265,2663,0
sh600346,4002,26408,754
sz300003,43497,10585,482
sh603881,0,792,986
sh601788,1660,0,0
sz000565,0,0,0
sz000525,0,1180,0
sz000609,0,0,0
sh601858,0,0,0
sz300449,0,0,0
sh603920,0,1699,0
sz002379,0,15093,0
sh600163,0,0,0
sh600283,0,2595,0
sz000762,1943,4175,0
sz002164,0,0,0
sz300725,207,221,0
sh603365,801,840,0
sh603730,0,0,0
sz002637,0,0,0
sz002148,1963,2385,0
sz300215,0,0,0
sz002612,0,944,0
sz002826,0,0,0
sz300252,850,0,0
sh600742,0,0,0
sh603005,0,0,0
sz002667,800,0,0
sz002853,0,0,0
sz002278,1911,1027,0
sz002730,0,0,0
sz300727,3366,2139,310
sh600712,0,0,0
sh601555,0,4327,0
sz002568,0,0,0
sz002024,54361,51495,876
sh603803,0,0,0
sz300104,154719,0,0
sz002766,0,0,0
sz300625,0,0,0
sz000636,20866,22178,915
sh600130,0,0,0
sz002727,5202,519,0
sz002583,984,0,0
sh600760,5573,3056,0
sh601020,0,0,0
sz002042,0,1023,0
sz300322,2710,3882,0
sz300188,4955,1057,0
sz002693,0,0,0
sz000887,3951,3368,0
sz300531,0,0,0
sz000738,20571,30471,637
sz002797,61721,33352,0
sh600074,0,0,0
sh600686,810,2369,0
sz002386,0,5028,0
sz002030,0,0,0
sh603333,0,0,0
sh600773,0,1000,0
sh600225,0,0,0
sh600634,184184,242396,9950
sz000688,0,1100,0
sh603609,0,1200,0
sh600540,0,0,0
sz300115,9840,8854,0
sh600986,14315,971,0
sh600366,0,1080,0
sz300093,0,2388,0
sz002361,0,0,0
sz300023,0,0,0
sz000157,2850,0,0
sz002268,12893,19669,0
sz000968,0,0,0
sh600339,0,0,0
sz300706,1705,604,0
sz002643,2414,11525,0
sz002655,20608,42731,2506
sz002378,0,3313,0
sz002543,0,0,0
sh600037,1243,6171,0
sz300415,0,0,0
sh600101,0,0,0
sh600281,0,0,0
sz002645,0,0,0
sz002266,84234,24239,0
sz000025,1154,1630,0
sz000918,0,1646,0
sz002053,0,0,0
sz002800,0,0,0
sz000672,24230,62743,6340
sz002354,1304,7700,691
sh600584,51923,29235,0
sh603878,0,0,0
sz002715,0,556,0
sh600865,10762,19734,0
sh601801,6577,5740,0
sh601009,33876,36604,0
sh603258,2283,337,0
sz300709,0,300,0
sz000529,0,0,0
sz002003,0,1500,0
sz002458,994,2249,0
sz002567,0,0,0
sz300419,0,0,0
sz000789,24758,44073,953
sh603896,711,0,0
sz000668,0,0,0
sh600239,2979,0,0
sz002112,0,0,0
sz300584,0,0,0
sh600583,1752,8541,0
sz000923,0,543,0
sz300420,0,1412,0
sz002146,48285,72647,1010
sz002906,4056,10690,704
sh600675,0,0,0
sz300573,0,0,0
sh600693,2946,1500,0
sh603648,692,622,0
sz300665,0,0,0
sz000538,2513,1282,0
sz000906,0,4445,0
sz000036,2852,19969,0
sh601328,107643,79420,0
sz000546,759,2650,0
sz002215,3000,0,0
sz002675,0,0,0
sz002407,34126,21596,2099
sz002796,894,0,0
sz000550,5230,0,0
sh601688,39907,44386,0
sh600790,2000,4843,0
sz300605,0,0,0
sz000987,0,7852,0
sz300058,11196,46683,0
sz002390,4774,1614,0
sz000829,1184,1905,0
sz002460,30292,38736,5831
sh603096,0,183,0
sz000619,0,0,0
sz300579,0,0,0
sz000409,0,0,0
sh603936,0,0,0
sz002313,0,2933,0
sz002541,931,0,0
sh603928,0,0,0
sz000417,1660,0,0
sz000982,0,0,0
sz002291,0,0,0
sh601558,0,0,0
sh600123,2553,6536,0
sh601158,0,0,0
sh603980,0,0,0
sh603977,0,0,0
sz000917,44359,88086,1425
sh601106,2781,0,0
sz000633,0,0,0
sz300137,3173,2681,0
sh603612,1782,1538,0
sz000863,0,0,0
sz300203,0,480,0
sz002224,0,3270,0
sz300315,46475,34827,0
sh603665,0,0,0
sz002519,0,1700,0
sz002269,3922,0,0
sh600085,12275,3360,1030
sh600647,0,0,0
sz300155,0,3000,0
sz000831,2030,6610,0
sz000798,0,0,0
sh600556,1889,0,0
sh603679,0,0,0
sz000737,0,0,0
sz002064,2969,7642,0
sz000090,0,0,0
sz000400,0,0,0
sh600694,680,0,0
sz300204,0,0,0
sh603991,0,0,0
sz300192,0,0,0
sz300723,2526,420,0
sz000902,1500,0,0
sz300627,0,216,0
sh600691,8631,37736,0
sh603606,0,0,0
sz300370,0,0,0
sh600507,38685,49034,2171
sz300707,2508,2986,303
sz002389,800,0,0
sz300439,0,0,0
sz002485,0,0,0
sz000407,0,0,0
sz002011,1416,1495,0
sh603198,0,0,0
sh600538,0,0,0
sh600993,0,0,0
sz300722,0,0,0
sh603996,12381,4136,0
sh601989,76415,70697,0
sz300042,0,0,0
sz002659,0,0,0
sz002002,0,0,0
sh603396,0,270,0
sz300298,1571,0,0
sz300388,0,0,0
sh600293,0,0,0
sh600009,2463,1982,0
sz002707,935,0,0
sz300399,0,1443,0
sh603515,0,0,0
sz000001,196613,120711,0
sz002565,0,9001,0
sh600901,58541,48078,1094
sh603868,0,0,0
sz002772,0,0,0
sz300601,12819,4802,730
sz300730,2881,2090,0
sz002756,0,0,0
sz002173,0,0,0
sz002812,868,894,88
sz300092,0,0,0
sz000100,171532,153998,0
sz002719,0,0,0
sh601700,5399,1988,0
sz000063,84880,94321,3372
sh600125,11769,12784,1218
sz002027,33961,50163,0
sz000839,17808,41560,0
sz000786,28767,39578,933
sz002845,0,0,0
sh600705,11138,42838,0
sh603128,2944,0,0
sh603016,0,0,0
sz000915,1192,501,0
sz002479,1666,3041,0
sh601113,3616,925,0
sz000705,0,0,0
sz002319,0,0,0
sz002457,872,0,0
sh601002,17277,1178,0
sh601099,69951,76791,0
sh600382,0,0,0
sz002111,0,0,0
sz300587,0,0,0
sh601800,2489,0,0
sz002061,1606,0,0
sz002339,2423,0,0
sh600335,8421,13617,2478
sz000536,4922,2464,0
sh603970,464,0,0
sz000983,60631,76312,0
sh600118,3086,0,0
sz002557,0,0,0
sh600422,6729,9493,0
sz002210,3314,3679,0
sz002175,1425,1754,0
sz002793,0,0,0
sh600028,476624,236217,0
sh600894,0,0,0
sz000892,0,0,0
sz002833,0,0,0
sz300362,0,1792,0
sh600369,0,3864,0
sh600754,623,0,0
sz000797,0,0,0
sh601965,0,0,0
sz300445,0,0,0
sh603813,383,0,0
sz002505,0,0,0
sh603828,0,0,0
sh601900,0,0,0
sz000570,0,0,0
sz300316,22181,19459,2090
sh603985,0,0,0
sz000717,11947,47483,0
sh603011,0,0,0
sz000507,0,7206,0
sz000503,15227,10423,2526
sh600962,21300,22887,2803
sz300102,3751,0,0
sz002678,0,0,0
sz000591,0,0,0
sh603499,0,0,0
sh600121,0,2288,0
sh600562,3477,1672,0
sz002861,538,356,0
sz002873,0,0,0
sz300490,2236,3645,785
sh600308,0,1757,0
sh600642,0,4067,0
sh603367,10276,12149,563
sh600967,20079,4537,0
sz300073,13634,6905,490
sz300075,2997,2055,0
sh600199,10425,0,0
sz002335,1243,0,0
sh603037,0,0,0
sz002779,0,0,0
sz002903,0,0,0
sz000966,0,0,0
sz000567,5247,4968,0
sz300737,3089,3166,0
sh603987,0,0,0
sz002189,2777,3547,0
sz300001,0,2451,0
sh600311,0,0,0
sh600641,0,0,0
sh603227,0,0,0
sz300655,0,589,0
sz002429,10726,45907,0
sh600370,7350,0,0
sh603726,0,0,0
sz002207,0,0,0
sh600526,0,0,0
sh600025,57831,65605,0
sh601929,5700,0,0
sh600761,1001,1086,0
sh600287,0,0,0
sz000690,1715,2761,0
sh600079,0,3632,0
sh603007,0,0,0
sz002130,0,9312,0
sh600715,39467,2667,968
sz300672,2568,1282,229
sh601599,7221,3002,0
sh600890,0,0,0
sz002724,0,0,0
sz002466,18028,12520,1174
sz002055,1377,690,0
sz000878,0,7372,0
sz300528,0,0,0
sh600970,2287,7476,0
sh603041,1791,0,0
sz300710,0,0,0
sz002370,9379,601,0
sh601857,41626,87149,0
sh600375,0,0,0
sz300663,0,0,0
sz002131,29900,44083,0
sz000815,0,0,0
sz300230,0,2416,0
sz002465,1033,15319,0
sh603661,0,0,0
sz001979,12468,21991,1083
sz000600,3719,1460,0
sh603299,4517,1132,0
sz002084,0,0,0
sh600056,598,2229,0
sz002901,713,430,0
sz002178,6528,9170,0
sh600298,0,762,0
sz002025,6593,1013,0
sh601968,0,2342,0
sz300670,0,600,0
sh600035,0,5445,0
sh600875,1233,8524,0
sh600513,0,0,0
sz300423,0,0,0
sz002801,0,0,0
sh600661,0,0,0
sz002110,22106,34305,1516
sz300122,20671,6228,962
sz002780,0,2796,0
sz002790,0,0,0
sh603727,0,0,0
sz002785,0,0,0
sh603926,0,0,0
sh601117,13034,16334,0
sz002618,0,0,0
sz002069,0,0,0
sz300481,0,0,0
sh600057,0,0,0
sz002907,0,308,0
sh603043,550,0,0
sh600619,0,0,0
sh600015,9461,14828,0
sz300050,0,1200,0
sz002474,0,1708,0
sh600302,0,0,0
sz300660,0,0,0
sh600262,0,0,0
sh600110,1887,14830,1533
sh603885,0,3636,0
sz300181,3068,1500,0
sh603866,0,0,0
sz300713,0,0,0
sz000869,0,0,0
sz300291,0,967,0
sz000635,0,967,0
sh601166,101318,151296,0
sh600582,0,11577,0
sz000801,0,6608,0
sh600435,3491,2939,0
sz002022,754,0,0
sz002185,19411,6371,0
sz300638,0,0,0
sh600879,13411,1899,0
sz002179,1566,930,0
sh600683,0,0,0
sh603009,1005,0,0
sh601333,19020,64456,0
sh600030,240578,198694,4055
sz002033,0,1876,0
sh600429,0,0,0
sh603630,0,0,0
sz300592,0,1198,0
sz002798,264,0,0
sz300081,0,1884,0
sz300736,552,0,0
sz000596,160,0,0
sh603990,0,0,0
sh600463,0,0,0
sz002284,0,0,0
sz000760,0,0,0
sh603858,805,1229,0
sz000625,6284,11956,0
sh603556,0,0,0
sz300733,7377,8641,1491
sz000661,3494,3619,61
sh603519,1000,0,0
sh600410,119418,54509,7307
sh600093,6410,1006,0
sz000509,5715,0,0
sh600019,135347,172926,1144
sz300272,0,0,0
sz000728,7725,1562,0
sh600816,0,1831,0
sz002571,0,1500,0
sz002919,2768,715,0
sz002522,0,0,0
sz002120,503,0,0
sz002862,0,0,0
sz000691,0,0,0
sh600089,2481,19347,0
sz300400,0,0,0
sh600826,0,0,0
sh601608,0,3064,0
sz002751,0,300,0
sz000822,1356,0,0
sz002864,0,0,0
sz002239,13390,5657,0
sh603617,1400,843,0
sz300652,0,0,0
sh600645,2661,5643,1002
sz300044,2507,2269,0
sz300611,0,0,0
sh603922,4211,2115,397
sz002920,9916,3294,0
sh603776,959,787,0
sz300565,0,0,0
sz002774,0,0,0
sh603038,0,0,0
sh601169,5723,11248,0
sz000877,8560,6825,0
sz002877,8616,5515,903
sh600725,0,0,0
sz002808,0,0,0
sz002254,7761,987,0
sh600139,0,0,0
sz002709,2812,1735,211
sh600757,0,0,0
sz300467,277,0,0
sz002596,40463,84704,4901
sz300227,499,0,0
sz002585,0,1850,0
sh603997,0,0,0
sh600480,0,827,0
sz002551,0,0,0
sz002373,12469,6191,647
sz300189,0,0,0
sz000032,0,0,0
sz300232,625,1316,0
sh600836,0,2086,0
sz002486,0,0,0
sh600561,0,0,0
sz300553,0,0,0
sz000623,3616,1400,0
sz300384,0,0,0
sz000990,1802,0,0
sz300450,1448,1619,0
sz002891,0,0,0
sz000679,0,0,0
sz002614,984,1156,0
sz002736,2921,1647,0
sz000909,8240,16466,0
sh601928,0,2167,0
sh603444,1245,139,0
sz300711,0,0,0
sz300145,4492,2545,0
sz002487,0,0,0
sz000528,10595,37582,0
sz300708,1088,423,0
sz000876,13110,6132,0
sz300301,0,0,0
sh600233,570,0,0
sz300083,0,5130,0
sz300143,1732,437,0
sz002813,0,0,470
sz300641,0,0,0
sh600565,0,8399,0
sz002546,0,2397,0
sz002753,0,0,0
sh600517,0,0,0
sh603917,966,0,0
sz300276,968,0,0
sz002782,0,0,0
sh600592,0,2464,0
sz300374,1000,0,0
sz300495,0,0,0
sh600518,21335,11086,0
sh600498,966,3712,0
sh600782,29095,78912,3705
sh601988,80924,180284,0
sz300244,3092,0,0
sz002900,0,0,0
sz300452,0,0,0
sz002657,2310,2134,0
sh603916,3934,0,0
sz002248,0,0,0
sh600217,1805,2000,0
sz300035,0,0,0
sz300394,0,0,0
sh600230,1931,2203,405
sh600655,0,1700,0
sh600819,0,0,0
sz300288,574,1041,0
sh603238,0,0,0
sz000799,838,0,0
sz002663,7875,7960,0
sh600628,0,0,0
sz002711,19042,3701,0
sz000592,10499,21991,0
sh603817,1343,3824,0
sz300391,0,0,0
sz002556,0,0,0
sh603127,869,10287,0
sz300378,748,2098,0
sh600633,2345,0,0
sh600126,0,1737,0
sh603321,0,0,0
sh603788,0,0,0
sz002153,3997,1437,0
sz300196,890,0,0
sh600749,0,0,0
sh600155,1210,0,0
sh603536,0,0,0
sh603717,538,0,0
sh600908,0,2669,0
sz002229,6133,9108,2715
sh600535,32327,17760,918
sz002752,0,0,0
sz000953,0,0,0
sz300087,0,2000,1000
sh603080,721,0,390
sz000652,0,0,0
sh603416,0,0,0
sz002689,0,0,0
sh603577,0,0,0
sh601518,0,0,0
sz002559,0,0,0
sz300676,943,531,0
sz002566,0,0,0
sh600697,0,0,0
sz000011,0,0,0
sh600567,54834,164132,0
sh603316,0,0,0
sz000576,624,0,0
sz300124,9052,5107,0
sh603083,749,266,744
sh600131,0,0,0
sh600704,6101,5000,0
sh603969,0,0,0
sh600348,57207,111242,9237
sz000016,18973,8387,0
sz002573,2451,4223,676
sz002355,0,0,0
sz000561,0,0,0
sz002428,17123,12608,1004
sh603079,0,0,0
sz000995,0,0,0
sh600251,0,8091,0
sz300459,3343,2303,0
sh600843,0,0,0
sh600419,0,0,0
sz300249,0,0,0
sh600073,0,0,0
sh600275,0,0,0
sz300229,4912,0,0
sz002258,0,3359,0
sh603833,0,0,0
sh603387,0,0,0
sh603103,0,0,0
sh603331,0,0,0
sh600007,0,0,0
sz002783,614,804,0
sz000712,0,6189,0
sh601108,2436,4712,0
sz000695,0,0,0
sh600630,0,0,0
sz002923,15401,14782,2931
sz002326,3244,1088,0
sz002615,0,0,0
sh600881,9031,7065,0
sz300260,0,0,0
sh601018,0,0,0
sz300446,0,0,0
sz300047,1599,1000,0
sz000777,0,0,0
sz002247,0,0,0
sz000993,0,0,0
sh603203,0,0,0
sz000682,2581,0,0
sz300608,0,0,0
sh603939,885,441,0
sz000042,0,705,0
sz002488,688,0,0
sh600500,1400,0,0
sz000410,15182,21412,2710
sz002109,0,0,0
sz002394,0,0,0
sz300485,395,0,0
sh600825,7400,19950,5551
sh601952,0,850,0
sz000821,0,0,0
sh601137,0,0,0
sz002501,0,1901,0
sz300117,4378,0,0
sh603266,0,0,0
sz300271,7686,2039,0
sz300506,0,0,0
sz300493,0,0,0
sz002807,3255,0,0
sz300162,0,0,0
sz000901,1000,1707,0
sh600178,0,0,0
sz002307,0,4606,0
sz300442,0,0,0
sz300447,0,0,0
sh600547,6443,6467,0
sh600323,0,0,0
sh600022,39198,58657,0
sz002255,0,0,0
sh603139,0,0,0
sz002046,0,0,0
sh603283,1318,583,0
sz002347,0,0,0
sh603006,0,0,0
sz002483,0,0,0
sz000401,11951,9603,0
sz002513,0,0,0
sh600279,0,0,0
sh603069,0,0,0
sz002192,378,0,0
sz300385,0,0,0
sz002217,3440,8095,0
sz300514,0,0,0
sz300094,0,0,0
sz300607,674,0,0
sh603601,0,0,0
sz300487,817,4659,526
sz002051,0,0,0
sz000526,0,0,0
sh603698,0,0,0
sz002048,1087,0,0
sh603789,0,0,0
sz000711,0,1000,0
sz300596,0,0,0
sz002155,2871,4213,0
sz300129,0,1765,0
sz002015,0,1719,0
sz300650,3660,10075,0
sz300321,2113,1575,0
sz000426,6890,20617,0
sz300259,2840,0,0
sz002169,0,0,0
sz002818,1028,0,0
sh601636,93358,149821,8380
sz002687,0,0,0
sz000685,0,3386,0
sh601139,0,0,0
sz300408,2378,2702,0
sz002701,12163,0,0
sz300429,1481,373,0
sz000404,0,0,0
sz002127,2001,2300,702
sz002624,893,401,0
sz002712,0,0,0
sz300731,2769,681,828
sz300683,0,0,0
sh603660,703,0,0
sz300671,0,0,0
sz002181,0,0,0
sh603035,0,0,0
sh600626,0,0,0
sh600080,3305,0,0
sz002057,1056,0,0
sz002058,0,0,0
sz000920,0,0,0
sz002700,0,0,0
sh603855,0,0,0
sz300008,0,2900,0
sh600315,6099,1374,0
sh600386,19239,25486,0
sz002145,0,4127,0
sh603012,0,0,0
sh600266,2968,2945,0
sz300705,0,0,0
sh601010,0,0,0
sz300343,809,1010,0
sh603003,0,0,0
sh603669,0,0,0
sh600958,5631,5900,860
sh603178,0,0,0
sz002561,0,0,0
sh603856,0,1340,0
sh600759,36674,10962,0
sz002184,33524,41099,12536
sh600769,6479,0,0
sz002660,0,0,0
sh600175,2514,45269,0
sz002176,32205,18187,0
sz300208,0,0,0
sh601006,29999,56611,0
sh603029,0,0,0
sh603268,0,0,0
sz002591,0,0,0
sz002537,0,3039,0
sz002564,0,0,0
sz300251,32328,39472,1315
sz002825,0,0,0
sh600104,35759,18566,1278
sh600172,18062,28139,0
sh600690,40949,48131,901
sz000937,9451,13059,0
sz000662,0,1380,0
sz000998,24774,37956,1903
sh600008,32861,8047,0
sz002510,38410,14463,0
sh600838,1249,0,0
sh600072,4375,1546,0
sz300433,12331,11312,775
sz300561,0,272,0
sz300612,23825,10898,1482
sh601229,2906,9935,0
sz002271,929,1280,560
sz002250,0,0,0
sz002395,0,0,0
sz002406,0,0,0
sz002459,881,0,0
sz002850,0,504,0
sh600094,2268,0,0
sh603528,0,0,0
sz300555,0,0,0
sz002385,4486,8372,0
sh600332,13083,7727,0
sh600602,0,1981,0
sz000537,2225,4530,0
sz002135,0,0,0
sz300106,0,0,0
sz300010,1126,1212,0
sz300012,8804,0,0
sh600680,0,0,0
sz000049,509,596,0
sz002482,0,0,0
sh600191,4320,0,0
sh603879,0,0,0
sz300675,1151,323,0
sz300403,0,0,0
sz000065,0,0,0
sz300572,286,0,0
sh600830,12871,8690,0
sz002209,0,0,0
sz002706,0,1139,0
sh600612,300,0,0
sz000788,0,0,0
sz002040,0,0,0
sh603829,0,5305,0
sz002089,9785,1637,0
sz002303,0,0,1710
sh603686,0,0,0
sz300494,1364,0,0
sh601016,3247,0,0
sh603777,0,0,0
sh600061,0,0,0
sh603938,851,490,0
sz002526,0,0,0
sz002338,0,0,0
sz300269,1566,1625,0
sz300556,6184,14298,2215
sz002697,4075,6468,0
sz300164,0,0,0
sh603699,0,0,0
sh601777,0,0,0
sh603160,0,165,0
sh600128,4901,0,0
sz300443,0,0,0
sh600828,5396,0,0
sh603823,0,0,0
sh600917,0,0,0
sz000977,188003,96430,8873
sz300648,0,0,0
sz002795,0,0,0
sz000554,2030,1500,0
sh601100,547,330,0
sz002530,0,943,0
sh600847,0,0,0
sz002193,677,0,0
sh600609,2213,0,0
sz300037,940,0,0
sz000655,0,0,0
sh601515,0,0,0
sz002512,11377,24591,0
sh600246,0,2741,0
sz300191,572,0,0
sh600223,0,0,0
sh601369,3329,7834,0
sz000708,0,0,0
sz002786,0,0,0
sz002917,1102,855,0
sh600333,0,0,0
sz002455,0,0,0
sz002290,2353,0,0
sz000739,1791,0,0
sz002399,0,960,0
sz300534,0,0,0
sz000599,2008,1794,0
sz300170,92967,44359,2622
sh600109,4341,4908,0
sh600088,0,1752,0
sz002884,0,0,0
sh600481,0,0,0
sz002791,1700,0,0
sh601021,427,1075,0
sh600811,0,0,0
sz300226,6885,8728,1224
sh600278,0,0,0
sh603999,0,0,0
sh603159,0,0,0
sz000603,0,3638,0
sz000710,468,257,262
sz300421,0,0,0
sz000017,0,0,0
sz002820,500,0,0
sz002177,0,4722,0
sh603200,0,0,0
sz002383,0,641,0
sz002831,0,0,0
sh600525,18806,20146,0
sz000756,0,0,0
sz002471,0,0,0
sz300355,9364,10620,0
sz002233,1060,8147,0
sz002929,11304,10629,1026
sh600618,0,2860,0
sh600425,2702,4073,0
sh600755,61027,23786,0
sh603129,0,0,0
sz002078,6547,7037,0
sh603458,0,0,0
sz002365,423,1607,0
sz000582,0,0,0
sh603380,1699,1342,0
sh600328,1000,0,0
sz002750,0,0,0
sh600059,0,0,0
sh603269,626,0,0
sz002587,0,0,0
sz002277,0,7816,0
sh600818,3336,850,0
sz002039,1175,0,0
sz002151,0,2296,0
sz300721,0,0,0
sz300019,6683,1041,0
sh600718,3917,0,0
sz002282,0,0,0
sz300617,0,0,0
sz002890,0,0,0
sz002912,324,1297,721
sz300678,2787,1671,0
sh601126,0,0,0
sh600850,2114,818,0
sh600352,26262,19802,0
sz002695,0,0,0
sz002653,0,0,0
sz300532,371,0,0
sz002544,2700,0,0
sz000601,2608,0,0
sz000729,0,0,0
sh601818,86054,95408,0
sh600106,0,0,0
sh603869,468,0,0
sz300113,10348,9699,0
sz002771,0,0,0
sh600505,0,0,0
sh600330,1150,1585,0
sh600400,14855,0,0
sz000626,1855,1621,0
sz002272,0,0,0
sz300558,5584,1539,0
sh603557,807,0,0
sz002444,6610,0,0
sh600509,0,2000,0
sz002132,0,0,0
sz002340,573128,592765,13775
sz300414,0,0,0
sh600867,12748,5677,0
sz002531,0,0,0
sz002590,0,1013,0
sz002115,0,0,0
sz000687,0,0,0
sh600671,837,0,2730
sh600408,0,0,0
sz002023,7250,1586,0
sz000951,0,0,0
sh603180,211,58,0
sz300460,0,0,0
sz002827,0,0,0
sh600238,1622,2693,0
sz300250,0,0,0
sz002318,1606,5039,0
sz300342,0,0,0
sz000779,0,0,0
sh600768,0,957,0
sh601969,0,0,0
sz000997,8464,4187,0
sh600018,18876,37254,3490
sz300139,0,0,0
sz002077,0,0,0
sz300213,76360,118636,0
sz300040,0,0,0
sh603707,361,399,0
sz002101,0,0,0
sz002405,36253,30090,1766
sz300237,3005,2997,0
sz300061,5450,0,0
sz002065,14855,12048,0
sz002593,0,0,0
sz002728,0,0,0
sh600284,0,0,0
sz300178,1000,0,0
sz002080,1667,470,0
sh600387,0,0,0
sh600416,15059,8530,0
sh603712,216067,161764,38609
sz300536,2676,0,0
sz002442,900,1810,0
sh600549,10179,25711,521
sz002289,0,0,0
sz002221,6691,7331,0
sh603825,0,500,0
sh603319,0,0,0
sz000721,0,0,0
sz000755,0,0,0
sz002634,0,0,0
sz300157,0,3577,0
sh600236,0,0,0
sz002006,0,0,0
sh603315,0,0,0
sh600996,0,0,0
sz002401,14231,7932,1037
sz002713,354,0,0
sh600722,0,0,0
sz300158,0,786,0
sz000099,0,0,0
sh601398,393814,271882,0
sh600493,0,0,0
sh601111,113563,170607,0
sz000593,0,0,0
sh603722,0,0,0
sz000587,6442,4629,0
sh600883,0,0,0
sz002802,0,0,0
sh600600,2117,1402,0
sz000504,0,0,0
sz002621,0,0,0
sz000897,0,0,0
sh600677,0,0,0
sz002856,0,0,0
sh600644,2020,0,0
sz300320,0,0,0
sh603025,0,0,0
sz002928,2792,1173,0
sh600728,186203,261455,42090
sz000501,2033,0,0
sh600766,0,3395,0
sz300405,0,0,0
sz002899,0,0,0
sz002094,1608,858,0
sz002137,76367,164254,24115
sh603355,0,0,0
sz000420,0,0,0
sz002714,3689,7511,0
sz000558,12345,4926,0
sh603136,279,0,0
sz002162,0,0,0
sz300119,0,0,0
sh600058,0,0,0
sz300295,0,826,0
sz300247,7864,17002,0
sz300680,2767,1069,0
sh600173,0,0,0
sh601015,0,1261,0
sz000701,1321,1625,0
sz000018,0,0,0
sh603133,0,0,0
sz000651,61090,84535,5056
sh603779,0,0,0
sz000422,3759,0,0
sz300025,0,0,0
sz300353,62766,44660,4294
sz000150,0,0,0
sh600975,0,0,0
sz000524,0,0,0
sz000828,1472,0,0
sz300673,0,0,0
sh601811,0,0,0
sh601311,912,890,0
sz300261,0,0,0
sz002067,0,4000,0
sh600190,0,0,0
sz002535,0,0,0
sh600242,0,0,0
sh600510,0,0,0
sh600151,9862,0,0
sz002007,2837,1237,0
sz002915,3703,603,0
sz002372,0,1358,0
sz300505,0,0,0
sh603778,33055,23021,1225
sz002262,0,0,0
sz000783,0,2010,0
sz300542,650,0,0
sh600727,0,1464,0
sz002315,0,0,0
sh603389,0,0,0
sh603656,0,0,0
sz002446,0,0,0
sz002627,0,0,0
sz000089,0,1348,0
sz002918,492,212,0
sz300098,8310,3277,0
sh600210,7105,11494,0
sz000502,0,0,0
sz000612,0,0,0
sz300333,0,0,0
sz002716,23617,4483,0
sz000608,0,0,0
sh600654,0,0,0
sh600258,2096,2366,0
sz300620,0,0,0
sz002638,11273,0,0
sz000790,37236,26066,7491
sz000935,6819,9890,1141
sz002434,0,0,0
sh601188,0,0,0
sz000656,1970,2300,0
sh600227,0,0,0
sh600228,0,1009,0
sz000637,3564,2131,0
sh600731,0,0,0
sz300401,1007,2112,0
sz002679,0,0,0
sz002828,0,0,0
sh600707,0,0,0
sz300224,0,1617,0
sz000158,1403,0,0
sh600864,0,0,0
sz002788,409,0,0
sz002467,3079,1459,0
sz000835,0,0,0
sz300142,14797,7223,0
sh600031,40908,49768,0
sh600448,0,0,0
sz002534,0,1094,0
sh601677,800,0,0
sz000078,0,17137,0
sh600000,14369,32126,0
sz000725,1231660,1059450,0
sz002926,38351,23709,0
sz300540,0,0,0
sz002610,12028,10000,0
sh600023,8848,17930,0
sz300712,0,0,0
sh601618,0,13198,0
sh603098,0,0,0
sz000590,0,0,0
sh603076,0,338,0
sz001965,0,0,0
sh600599,0,0,0
sz000581,0,1989,0
sh600062,5435,957,0
sz002832,0,464,0
sz300395,0,0,0
sh601866,19742,14819,0
sz002722,0,0,0
sh600613,0,0,0
sh601666,13132,43631,0
sh603050,934,0,0
sz000066,71260,44408,0
sz002419,2080,2557,0
sz002425,2777,0,0
sz300166,39877,21222,1371
sh600982,0,0,0
sz002276,0,0,0
sh600537,0,2448,0
sh603358,0,0,0
sh600577,44358,60659,2197
sz300422,0,0,0
sz002817,0,0,0
sh603116,0,0,0
sz300127,0,0,0
sh600071,0,0,0
sz000931,0,7879,0
sz000045,0,0,0
sz002223,1164,2998,679
sz002620,1519,0,0
sz000418,1058,170,0
sz002349,0,0,0
sh600585,84662,115305,6910
sh603233,287,0,0
sz000012,1271,14552,0
sz300284,0,0,0
sh600171,11786,3980,0
sh600502,1763,0,0
sz300644,0,0,0
sh600665,0,0,0
sz300263,0,0,0
sz000681,21488,9544,0
sz300718,0,0,0
sz002433,1454,6456,0
sz002491,12369,4087,0
sz002037,0,0,0
sz002090,0,0,0
sz000776,10607,11441,0
sh603637,0,0,0
sh601211,3395,3022,0
sh603558,0,1000,0
sh600744,0,0,0
sz002216,0,0,0
sz002859,893,0,0
sz000961,3525,19057,0
sh600861,0,0,0
sz002004,4531,8559,0
sz002411,13015,10436,2872
sz300190,0,0,0
sz000622,0,0,0
sz002124,0,0,0
sz002743,0,0,0
sh601878,1726,2914,0
sz000517,3005,25082,0
sz000539,5799,0,0
sh603767,880,880,0
sz300396,360,359,0
sz002404,0,0,0
sz002026,51467,42419,1461
sh603589,0,0,0
sh603131,2180,0,0
sz000732,20164,32233,2553
sh600331,0,2674,0
sz002018,0,7312,0
sh603566,0,0,0
sh600112,0,0,0
sz002195,30141,5627,0
sh600211,0,0,0
sz000957,1048,6985,0
sz300007,10737,5340,0
sh600388,857,3050,0
sh600868,16293,37605,0
sz300632,500,0,0
sh603226,0,0,0
sh601336,21230,14463,2778
sh600990,797,351,0
sz000008,3326,13233,0
sh603958,0,0,0
sz002159,0,0,0
sh603685,0,0,0
sz000584,738,0,0
sz002412,845,0,0
sh600082,0,0,0
sz002824,0,0,0
sh600933,0,0,0
sz002012,3029,4691,0
sh603929,678,0,0
sz002755,0,0,0
sh601877,5406,5696,0
sh603895,276,0,0
sh600161,3666,502,0
sh600105,0,9510,0
sz000615,0,0,0
sz300205,1555,0,0
sz300465,19151,12001,4504
sz002636,0,1931,0
sz300699,1907,1228,305
sh603976,0,0,0
sh600029,164674,249059,9026
sh601669,8611,11858,0
sz002300,0,0,0
sz002927,7339,11216,1725
sh600280,78819,22053,0
sz300621,0,0,0
sz002497,36817,30798,0
sz002275,0,0,0
sh600100,8190,23337,0
sz002905,0,273,0
sz002422,10911,9767,559
sh600652,1298,16079,0
sz002589,5984,2386,0
sz300331,800,39181,745
sh600329,904,0,0
sz002630,9378,8054,0
sh600616,0,0,0
sz002732,0,0,0
sz300588,0,0,0
sh601798,0,0,0
sz300647,16120,43531,0
sz300740,5207,3511,561
sz300323,8916,1055,0
sh601228,2047,2851,0
sz000429,0,1504,0
sh600578,3419,0,0
sh603811,0,0,0
sh603683,0,0,0
sz002242,0,0,0
sh600367,0,1008,0
sh601933,74148,67132,995
sh601918,4321,3297,0
sz300309,0,0,0
sh600487,30721,17686,1911
sh603008,0,0,0
sh603063,0,0,0
sz000795,11815,13695,0
sz002063,3973,2494,0
sz300562,0,0,0
sh603055,0,0,0
sz000638,1200,0,0
sz002107,0,0,0
sz300179,0,0,0
sh600250,0,0,0
sh600152,2810,0,0
sh600186,0,5535,0
sz000676,5281,3624,0
sh600800,0,2007,0
sz000830,343799,271235,26806
sz300199,0,0,0
sh603357,0,0,0
sz300451,6134,1328,502
sz002328,0,0,0
sz300510,2828,1500,3943
sz002220,0,0,0
sh603305,0,936,0
sh603056,3802,1021,0
sh600678,0,0,0
sz002648,666,2589,0
sh603616,11107,3283,611
sz002241,33205,21743,861
sz002035,802,402,0
sz300160,7513,10076,0
sh601881,9951,9254,0
sz002511,0,889,0
sz002842,0,0,0
sh600615,0,0,0
sz002367,129864,194357,28552
sh600390,1028,3464,0
sh600658,3000,0,0
sh603818,0,0,0
sz002079,2038,0,0
sz002878,0,0,0
sh600710,0,0,0
sh600863,4758,9613,0
sh600459,0,600,0
sz300183,3306,1256,0
sz300530,0,0,0
sz300194,0,0,0
sh600617,0,0,0
sz002387,693,911,0
sh600010,309684,164156,0
sz300345,0,0,0
sz000960,6798,15969,0
sz002330,0,2007,0
sh600218,0,0,0
sz300480,900,0,0
sz002199,0,0,0
sz300231,12299,6338,1193
sh600802,0,0,0
sz002117,0,612,0
sz002142,15629,16725,716
sh600723,0,0,0
sz002671,0,0,0
sh600859,752,0,0
sz000048,0,0,0
sh600650,0,0,0
sz002635,1841,3603,0
sz300569,0,0,0
sh603798,0,0,0
sz002337,0,0,0
sz300436,0,0,0
sh600796,0,0,0
sz300319,0,2848,0
sz000889,0,0,0
sz300111,0,0,0
sz002083,2249,1976,0
sz300535,0,0,0
sz002685,0,1500,0
sh600478,0,0,0
sz300299,0,0,0
sz300393,0,279,0
sz000978,0,0,0
sh600720,13401,44753,0
sh603898,0,0,0
sh600876,11690,10755,1369
sz000816,40145,55667,0
sh600272,0,0,0
sz300349,1311,0,0
sh600385,0,0,0
sh600216,5830,7599,797
sz000715,0,0,0
sz002654,0,1730,0
sh601375,2754,0,0
sz002775,672,544,0
sh600091,0,0,0
sh601611,0,1554,0
sz000004,0,0,0
sz000819,0,0,0
sz002270,0,0,0
sh600322,0,0,0
sz002310,8537,17055,0
sh600462,0,28216,0
sz000677,0,0,0
sh600166,5538,15000,0
sh603225,0,603,0
sz002759,0,0,0
sz002626,0,0,0
sh600845,6623,3255,507
sh600326,0,0,0
sz000761,5447,27186,0
sh601038,0,0,0
sh603799,56801,41971,8305
sz000985,0,0,0
sz300523,235,1456,0
sh600770,16883,30236,0
sz002066,9271,61461,0
sz300631,0,0,0
sh600569,11771,38828,0
sh600506,1000,0,0
sz002696,0,0,0
sz300657,0,0,0
sh600804,5674,7873,0
sz002473,0,0,0
sh600439,0,10065,0
sz000514,0,0,0
sz002060,0,0,0
sz002134,0,1302,0
sh600132,1008,0,0
sz300313,0,0,0
sh603081,0,0,0
sz002476,20188,17132,0
sz002569,0,0,0
sh600713,6000,0,0
sz300546,0,0,1000
sh600519,13879,10688,1757
sh600797,2505,8765,0
sz002686,0,0,0
sz300687,200,0,193
sh600985,0,0,0
sz300150,0,0,0
sh600108,0,2985,0
sz300228,0,0,0
sz002408,0,5070,0
sz002106,0,1602,0
sh603196,0,0,0
sz002332,1205,0,0
sh603959,294,0,0
sh600606,121719,243169,0
sh600362,28704,38567,2555
sz300245,1206,0,0
sh600636,0,820,0
sz300078,3709,2589,0
sh600491,25212,7844,0
sh603757,626,0,0
sz002895,939,0,0
sz000751,0,6730,0
sh600081,0,0,0
sz002734,0,500,0
sz002032,0,0,0
sz000810,46612,29767,2562
sh601899,643469,517224,4799
sz300462,4974,25320,1741
sh600354,0,0,0
sz300027,89231,35320,1957
sh603077,28555,14020,0
sz300095,2006,0,0
sz002222,4204,1397,0
sh603680,1035,1682,0
sh600192,19863,41950,1474
sz000959,0,9540,0
sz002016,1780,8278,1040
sh600203,0,0,0
sh600516,34820,57110,1083
sz300681,220,0,0
sh603605,0,500,0
sh600741,883,4978,0
sh601212,0,0,0
sz000928,2208,0,0
sh600361,0,0,0
sh600466,11917,11753,1757
sz002073,1564,10623,0
sz300077,1207,0,0
sz300369,9776,8386,0
sh601991,0,0,0
sz002180,402,500,0
sz002516,10216,0,0
sh601088,82851,131517,1414
sz300613,0,0,0
sh603568,1482,0,0
sz002152,2691,6197,0
sz000813,0,0,0
sz002200,0,0,0
sz000545,0,6326,0
sh603533,382,0,0
sh600724,0,0,0
sz002235,2204,0,0
sh603078,217,0,0
sz002547,7752,3761,0
sh600775,0,0,0
sz002139,7495,2980,1279
sz300425,1572,0,0
sh603768,0,0,0
sh600812,0,0,0
sz300314,0,0,0
sh603015,0,0,0
sz300715,6479,14302,5607
sz300552,0,0,0
sz300379,0,0,0
sh603906,0,0,0
sz300690,0,0,0
sz000981,0,0,0
sz002323,0,0,0
sh603368,531,0,0
sh603883,492,400,0
sz002597,4915,6988,0
sz002863,5725,4794,0
sh600455,0,0,0
sz300099,1561,12329,0
sz300516,0,0,0
sh600776,0,0,0
sh600891,0,0,0
sz300274,7408,4611,0
sh600138,2643,1020,0
sz300125,0,0,0
sh601566,0,1633,0
sh603429,0,0,0
sh600873,4205,0,0
sz300431,11118,9385,0
sh600965,0,0,0
sh603888,0,480,0
sz002747,0,979,0
sh600657,2031,13440,0
sz300217,0,0,0
sh600320,0,1928,0
sz000333,31633,39160,1355
sh600886,2955,3396,0
sz300254,0,0,0
sz300563,0,0,0
sh600379,0,0,0
sz300270,0,0,0
sz002398,0,3543,0
sz300466,1211,0,0
sz300684,222,1355,0
sz002329,0,1700,0
sz002777,0,0,0
sz300013,0,0,0
sz300034,0,1058,0
sz300448,0,0,0
sz300438,0,963,0
sz300376,4372,1537,0
sz002582,0,0,0
sz002548,0,0,0
sh603737,0,0,0
sh600141,650,4267,0
sz300364,8457,2162,902
sh600593,334,0,0
sz002322,0,718,0
sz002521,0,0,0
sh603716,1925,0,0
sz002203,4519,2647,0
sh601901,0,0,0
sz300626,0,0,0
sz300074,0,3173,0
sh600198,0,4726,0
sh600371,966,16735,0
sz002781,0,0,0
sh600529,0,0,0
sz000722,0,0,0
sh603286,0,0,0
sh600213,12111,12594,1037
sz002490,0,0,0
sz000519,7477,0,0
sz002188,0,1725,0
sz000040,1000,0,0
sh603228,243,0,0
sh600699,1363,334,0
sh600781,0,0,0
sz300176,454,269,83
sz000883,0,2896,0
sh600563,211,300,0
sz002805,0,0,0
sz002400,2237,16487,0
sz000555,58238,123202,8016
sz000800,4722,20839,0
sz000421,0,0,0
sh600182,0,380,0
sz300633,0,0,0
sz300463,0,0,0
sh603968,0,0,0
sh600133,7369,1520,0
sz300645,0,0,0
sz300538,0,0,0
sz300732,130,250,152
sz002448,0,0,0
sz300175,0,0,0
