13046307918 2 1.00
18689387057 2 1.00
13068101666 1 1.00
15507645864 2 1.00
18676105071 1 0.00
13178627792 5 0.40
18666153805 2 1.00
18680183851 1 1.00
13112908113 1 0.00
13112931799 11 0.00
18680160681 2 0.50
18676179172 1 1.00
13005538225 4 0.50
18576072993 2 0.00
18576270983 3 0.67
15625356702 3 0.67
15521866981 1 1.00
17520299863 4 0.50
13246058507 1 1.00
18689354227 1 1.00
18576035265 1 0.00
13018728881 2 0.00
18688105323 1 0.00
18688130802 7 0.57
13189236887 4 0.75
13085860053 12 0.83
15507650533 4 0.75
15507674966 3 0.33
18680167229 2 0.50
15507675720 6 0.00
13113927636 2 0.00
18676179072 1 1.00
13112962831 6 0.67
13144034143 3 1.00
15521832527 4 1.00
13112968118 3 1.00
13267616188 6 0.50
13112931490 1 1.00
18576239605 1 0.00
13078629121 1 0.00
18576024673 17 0.12
17666473361 2 1.00
13232582024 1 1.00
18576024149 1 1.00
13068157358 1 1.00
13226063925 1 1.00
13189226482 5 0.60
13085885463 1 1.00
18676243415 1 0.00
13068104494 2 0.00
18688115616 4 0.75
13113948260 3 0.67
18689403398 6 0.67
15507678867 1 1.00
13178623812 1 1.00
15507676933 2 0.50
13148535423 1 0.00
18680198539 3 0.67
18675394950 11 0.55
13229108308 3 0.33
13144041055 4 0.75
13113933734 7 0.71
17666368382 1 0.00
13189214028 1 1.00
18676266166 1 1.00
13078608016 1 1.00
13286397336 6 0.67
18676180627 6 0.00
13005519012 4 0.50
18676294392 8 0.62
18576213481 23 0.17
13068139529 1 0.00
13267601249 4 0.50
18676123468 1 1.00
18680595280 2 1.00
13078663568 4 0.00
13129248208 2 0.50
13085891062 1 1.00
13068178295 3 1.00
13249024253 2 0.50
18676031986 2 0.50
15521555287 1 0.00
18676118910 6 0.83
15507633620 2 1.00
13189293100 2 1.00
13025547985 3 0.00
13242222722 12 0.67
18676189866 4 0.50
13005549449 1 1.00
13217605077 2 1.00
13025511140 1 0.00
13005503258 1 0.00
15625372826 7 0.57
18676178603 10 0.80
13169312149 2 0.00
13129217692 1 0.00
13085891821 2 1.00
15521545383 4 0.25
18676169939 2 0.50
17666373191 7 0.29
13148539281 1 0.00
15507694223 4 0.25
17607608611 1 0.00
15521749579 1 1.00
13113935308 3 0.33
13025507718 5 1.00
13005502274 3 0.67
13078619778 1 1.00
15521590459 1 0.00
13189288755 1 1.00
18666175964 3 0.33
13005512909 1 1.00
13189258659 2 0.50
18675340219 8 0.62
18666172127 3 0.33
13169864883 3 0.00
13112954448 2 0.50
13189250350 9 0.00
18664432216 3 0.67
13286394318 5 0.60
13025536583 7 0.57
13242244549 1 1.00
18688102705 1 1.00
13249383158 31 0.16
13286346208 7 0.57
15507618138 8 0.88
13078687139 5 0.60
13078648476 3 1.00
15507666774 8 0.88
18676441007 1 0.00
18507600663 8 0.38
13232348270 6 0.00
13267603384 12 0.58
13018723458 2 0.00
13257602366 1 1.00
18689344370 1 1.00
18607603995 12 0.67
13113932395 2 1.00
18676427427 1 1.00
18676230302 1 1.00
13226080164 1 1.00
13250094231 1 1.00
13129220384 1 0.00
18576072339 25 0.48
18689388838 9 0.33
13178678854 1 0.00
18576090310 6 0.50
18666186245 1 1.00
13113945999 2 0.00
13250491566 3 0.67
15521813720 12 0.25
18664427641 5 0.80
13078611090 2 0.50
15521516940 1 0.00
13169302678 6 0.67
15625362915 1 0.00
13286359068 7 0.86
13018729617 20 0.65
13267610008 1 1.00
13148516680 1 1.00
13211121350 2 0.50
15507647476 3 0.33
18576252321 5 0.60
18666175646 1 1.00
18676410979 31 0.65
18689366201 1 1.00
18689350594 2 1.00
13178639533 1 1.00
13025502233 3 0.67
15521770400 2 1.00
15521757910 3 0.67
15521733708 1 0.00
18664434148 2 1.00
15521542096 1 1.00
18680168992 10 0.70
18576203132 1 0.00
13250094556 1 0.00
13169877861 2 0.50
18676245278 3 0.33
18676431772 4 0.50
15507665779 1 1.00
15507627507 2 0.50
17688102848 1 1.00
18689396044 1 1.00
13018739148 11 0.45
18676005701 3 1.00
13169889323 10 0.80
13217607738 1 1.00
13144033205 1 1.00
15521536187 1 1.00
13005552852 3 1.00
13286930689 1 1.00
13246054440 1 1.00
18689370512 1 1.00
13169330888 1 0.00
18576253712 2 0.50
13189229528 1 1.00
15521522582 1 0.00
18680151135 6 1.00
13226088320 5 0.40
13178658525 1 1.00
18576278913 9 0.33
13018732751 5 0.60
13189269813 4 0.50
13178655676 8 0.75
13078627503 13 0.62
18689354295 3 1.00
13286906676 1 0.00
13178648295 1 1.00
13257609490 1 0.00
13112921450 18 0.72
18676033717 3 0.67
18576082792 6 0.83
18576087973 1 1.00
15507613859 5 0.40
13085886062 2 0.50
13068198398 1 0.00
13018761613 2 0.00
13211122933 6 0.50
13046309869 12 0.17
13144030074 2 0.00
18688143513 2 1.00
13189289405 1 1.00
13113914373 15 0.80
13169334878 1 0.00
18676413392 6 0.50
13025530623 1 1.00
13232582765 3 0.33
18689366302 2 1.00
13068180409 2 1.00
18676160306 12 0.67
13005530738 1 1.00
15502099552 2 0.50
18680594656 1 1.00
13169309648 4 1.00
15521843703 1 1.00
18689383332 1 1.00
18676123431 2 0.00
17666376657 1 0.00
15521561145 3 0.67
13178698246 6 0.17
13018741916 2 0.50
13078626978 2 1.00
13169888506 1 1.00
17688129247 1 0.00
13232563735 5 0.60
13078668630 1 0.00
13232398901 4 0.75
15521820504 1 0.00
18689389051 2 1.00
18676417963 4 1.00
17666383789 3 1.00
13046327632 4 1.00
13068127773 5 1.00
13189291674 1 1.00
13129276427 6 0.33
13246056039 1 0.00
17666375287 2 1.00
13148539155 1 1.00
15521828922 3 0.33
17607603921 1 0.00
13232374128 11 0.27
13286379388 1 1.00
13078646135 1 1.00
17666369979 1 0.00
18676129345 5 0.60
15521868725 1 1.00
18676167054 2 0.50
13046331821 3 0.33
15625336472 1 1.00
13129213711 3 0.67
13232367789 2 0.50
17666388762 1 0.00
18666178113 5 0.80
18688138452 1 0.00
13286918704 2 1.00
13232347653 1 1.00
15507692508 6 0.83
13242224189 3 0.33
13250081339 1 1.00
17520293427 1 0.00
13018720380 1 0.00
15521867780 2 0.50
13085897814 9 0.11
18664423008 5 0.00
13286376848 1 1.00
18666185503 1 1.00
18576233510 1 0.00
18676266047 8 0.75
13129253912 1 0.00
13249010522 2 0.50
13226068323 1 1.00
18676147701 2 1.00
13112906316 1 0.00
13286371531 1 0.00
18676400892 1 0.00
13112989822 6 0.33
15521711728 1 1.00
13232397685 4 0.75
18689397905 2 0.00
18676263288 9 0.22
18576004873 2 0.50
13286900526 2 0.50
18676133286 2 0.50
13112959678 5 0.20
15521735513 2 0.50
13229123642 1 1.00
17097119138 1 1.00
13068129319 2 1.00
13267647053 1 0.00
18664408357 2 0.50
13085881813 6 0.33
13129287710 7 0.43
13242200607 1 0.00
13005543036 1 1.00
13078634390 1 1.00
18576258324 3 0.33
13085885271 1 1.00
18676167335 1 1.00
18576213766 6 0.67
13286360092 1 0.00
13046318201 7 0.43
13112904603 1 1.00
13025543389 1 0.00
13005525502 5 0.60
13169330783 3 0.67
18607600883 4 0.75
13046306639 1 1.00
13129251390 6 0.83
13112907839 1 1.00
13286380020 1 1.00
18680165166 5 0.60
18688109549 1 1.00
13018749785 2 0.50
13018766052 1 0.00
17093480668 4 1.00
15507696860 1 0.00
13249034072 1 1.00
18576030939 3 1.00
15521759623 1 1.00
13129209315 1 0.00
17089796733 5 0.80
17507609112 1 1.00
13085892325 1 1.00
13246034937 1 1.00
18680159785 1 1.00
18676238516 18 0.72
13078630566 8 0.75
15521571226 26 0.69
13144033948 5 0.60
13129256862 2 0.50
13068145154 3 0.00
13068144506 2 1.00
15521713964 1 1.00
18666157115 2 1.00
13232340518 1 1.00
15521714624 1 1.00
13085889078 1 0.00
13112937328 3 0.33
13189201350 1 1.00
13068188759 1 1.00
18688146440 1 1.00
18576009247 15 0.67
13169898638 1 0.00
17666483044 1 1.00
17666381044 2 1.00
17089790290 1 1.00
17666484695 1 0.00
13267602490 3 0.00
13005549328 7 0.29
15521827714 3 0.67
13112929505 1 1.00
17666383183 2 0.00
18689380309 10 0.30
13129233576 5 1.00
13249371622 1 1.00
13078690784 5 0.20
13249044692 1 1.00
18676101378 1 0.00
17666384933 3 0.33
13112959229 1 0.00
13250483277 4 1.00
13178682817 2 1.00
18676190813 6 0.83
18688119876 3 0.67
15521597220 3 0.33
18688114321 3 0.33
13286922985 7 0.29
13018731958 1 0.00
15507694815 6 1.00
18675348709 1 1.00
13025552428 1 0.00
13078621192 1 1.00
15521759704 1 1.00
18676406781 7 0.29
18689396102 10 0.80
18666188038 5 0.60
13005516255 2 0.50
13112996433 2 0.00
17666473551 2 0.50
13078680931 1 1.00
15521732317 1 1.00
18689395435 8 0.88
13267605463 11 0.64
13129244733 1 1.00
13068143998 1 1.00
18664403874 1 0.00
15521579948 3 0.67
18676412201 1 1.00
13129285693 2 1.00
18688133372 1 1.00
18576013302 2 0.00
18576030169 1 1.00
15521522012 3 1.00
18676011150 1 1.00
18680188533 5 0.20
18676415371 1 0.00
13129240169 2 0.00
13005506885 1 0.00
13178694297 10 0.70
13112932679 1 1.00
13129282011 2 1.00
18676019892 15 0.67
18676246659 2 0.50
13250480849 1 1.00
13232539528 5 0.80
13178634795 6 0.50
17520369353 5 0.20
18576275844 2 0.50
13018755549 3 0.67
13144049387 2 0.00
13046335672 9 0.11
13148503027 1 0.00
18676402492 5 0.20
18689334102 3 0.67
18688114785 3 0.67
15521764322 1 0.00
18680156179 1 1.00
18576257682 1 0.00
18676243396 2 1.00
13068184020 18 0.50
13250090950 1 0.00
18680162997 1 1.00
13113932339 2 1.00
18666155523 3 0.67
13025541568 7 0.43
13232350603 2 0.50
17688131468 1 1.00
18576022845 1 1.00
13169328642 7 0.86
17688137599 9 0.56
13078690170 4 0.75
13286339567 2 0.50
13148517511 1 0.00
18680176293 1 1.00
15507604379 1 0.00
13078609797 1 0.00
15521543911 1 1.00
13178631312 2 1.00
13078636753 2 1.00
13046349132 9 0.44
18666162480 1 0.00
13232398175 1 1.00
13129223351 5 0.60
13189268575 2 0.00
18688122713 1 1.00
13112969588 4 0.50
13112931709 3 1.00
13189263878 1 1.00
13246063626 6 0.00
13232340925 3 0.67
18688560115 2 1.00
13232355479 1 1.00
13267628676 1 1.00
18676117685 1 1.00
13112922255 3 0.00
13078602351 1 0.00
15697601402 6 0.33
15625368976 1 1.00
13232538179 1 0.00
18689382207 1 0.00
13242242226 9 0.56
15625303879 1 1.00
17607603553 1 1.00
18676116336 12 0.50
18676279758 1 0.00
13178678168 6 0.67
13112987332 2 0.00
15521723362 24 0.50
15521769565 8 0.00
18664478734 1 1.00
15507655521 1 1.00
13046318067 2 0.50
13129248581 2 0.50
13169872007 1 1.00
13178609771 1 1.00
13169867046 4 1.00
13169887388 4 1.00
13189223352 1 1.00
18688563305 3 1.00
17089791772 2 1.00
15521591659 1 1.00
13144013888 2 1.00
13005545495 4 0.75
13112993948 1 0.00
18689341064 1 1.00
18664434428 4 1.00
13068118187 1 0.00
13113936578 2 1.00
13178626873 3 0.67
18576272335 7 0.57
15521546399 1 1.00
13005501667 2 0.00
13178690101 1 0.00
18689333789 2 0.50
18676169083 9 0.89
15507618988 6 0.50
18676033718 9 1.00
17507606867 4 0.25
17688127753 3 0.00
18576059785 1 0.00
15502069423 4 0.25
18676406352 1 1.00
13178677635 1 1.00
17089797773 7 0.57
18676171890 1 1.00
13249006613 5 1.00
15521784360 13 0.62
18576275293 1 1.00
13129200015 7 1.00
18607609727 1 1.00
13112963184 1 1.00
13068125313 1 0.00
13078677207 3 0.33
18676188826 1 0.00
13113933627 1 0.00
15507663503 14 0.50
13267631045 1 1.00
13178645333 11 0.82
15521597808 4 1.00
18676119837 4 1.00
13112906313 4 0.50
18576232391 1 1.00
18676160946 1 1.00
18676180541 2 0.00
13025554841 1 1.00
13211121579 6 0.83
18676411210 3 0.67
18688564588 1 0.00
13085878158 2 1.00
18688146302 6 0.33
13068197763 1 1.00
15521816593 7 0.57
13226089763 2 1.00
18676178279 9 0.89
18676147269 21 0.76
18576051925 4 0.25
17097116277 2 0.50
18576076128 2 0.50
18576087536 1 0.00
18680595853 1 1.00
15507636345 2 0.00
13286307790 1 1.00
18676159108 7 0.43
13068136873 2 0.00
13189239712 1 0.00
13250095425 3 0.00
17666388863 9 0.33
13068113270 9 0.78
18576078080 1 0.00
15625388169 1 1.00
18676103021 1 1.00
17666476863 1 1.00
18680152512 1 1.00
17666472535 3 0.33
18664434229 3 0.00
18676134996 1 1.00
18688138201 2 0.00
17688141909 4 0.50
18576274434 1 1.00
13246060285 1 1.00
17688126101 6 0.33
15521791605 2 1.00
13018762902 1 1.00
18676247602 4 0.75
13018748391 4 0.75
13267600070 13 0.77
15507616068 6 0.50
18676023110 4 1.00
18675391342 8 0.38
17520369631 1 1.00
13217602320 1 1.00
13025554203 2 1.00
17688146728 1 1.00
18664424176 2 1.00
15521744613 24 0.58
15521711309 1 1.00
13046308569 1 0.00
17666478540 1 0.00
18680170699 1 1.00
18676193624 1 1.00
13085872907 1 1.00
18688563568 8 0.75
15507659208 2 0.50
13169323129 1 1.00
13068110770 14 0.93
13246024707 3 0.67
13129280750 1 0.00
15507657432 1 1.00
18676123502 1 1.00
15502074537 1 1.00
13178617956 12 0.67
18676034388 1 1.00
15502061011 1 0.00
13189238282 1 1.00
13112959050 2 1.00
18680155185 1 1.00
13068117257 2 0.00
13112952969 1 1.00
15521816702 1 0.00
15521735603 5 0.20
13169899930 2 1.00
18664473828 2 0.50
18576034080 1 0.00
13242203285 3 0.67
13232583259 3 0.67
13169899572 1 1.00
13005514330 5 0.60
18666193926 1 1.00
18676024268 7 0.86
13226088928 1 1.00
13242227605 8 0.00
13226070855 24 0.54
17507600042 1 1.00
15521511185 1 1.00
17688149995 1 1.00
13286301627 2 0.50
18676292312 1 1.00
18666176880 5 0.40
15521768615 1 0.00
15521752875 6 0.67
18676188795 7 0.86
18676296261 9 0.78
17520369606 3 0.67
18676276082 3 1.00
13169321456 2 0.50
15521521780 1 0.00
18688118494 1 1.00
17666486609 2 0.00
13178691253 1 1.00
13226073896 10 0.40
13169894914 1 1.00
18680165831 3 0.67
13005557491 2 0.00
18676183410 1 1.00
17666364176 1 1.00
13232578610 8 0.62
13267600026 4 0.25
18576082207 1 1.00
15521595668 2 1.00
18676138087 2 0.50
13229126638 3 0.00
17089799628 4 1.00
13112923756 7 0.43
13144011156 3 0.33
18676242654 1 1.00
18680153679 2 1.00
13112917807 12 0.83
15697600807 1 1.00
13112956018 1 1.00
13112910397 2 1.00
13226068892 5 0.80
13189256678 6 0.67
13025530698 2 0.00
13211120883 3 1.00
13242235394 4 0.75
18688104419 20 0.30
17688149168 4 1.00
18676230649 3 0.67
13286373663 3 1.00
13025559359 7 0.57
15697609013 2 0.50
13178652376 3 0.67
15521516514 2 1.00
13250094151 2 1.00
17520355913 4 1.00
18688143023 11 0.55
18676167110 4 0.25
18688138768 6 0.50
18507605181 1 0.00
13025524641 1 1.00
18676449893 1 1.00
13018756712 4 0.50
13169863102 1 0.00
13232393595 5 0.80
13249030796 2 1.00
13112966728 2 1.00
18688141327 3 0.33
18676173623 1 0.00
18680151850 2 0.50
17666375528 1 0.00
13246033427 1 1.00
18607606060 2 0.50
18576022997 2 0.00
13242238976 3 0.33
13246018960 2 1.00
13267643911 3 0.67
18576261953 2 0.00
13085895338 14 0.93
15521777786 1 1.00
15521542846 1 1.00
13250092599 3 0.33
15521511738 5 0.00
13068117002 11 0.73
13129203700 2 1.00
17507605989 1 1.00
13129273392 2 1.00
13246019589 1 0.00
13005516828 1 1.00
13242210231 8 1.00
13232381283 14 0.29
18676422140 5 1.00
13189226829 2 0.50
18688130809 1 1.00
13178635245 1 1.00
13169335052 1 1.00
13189247436 3 1.00
13232341899 1 1.00
13046330051 1 0.00
13249021829 4 0.75
18680185728 1 0.00
13068166963 6 0.17
13257605580 2 0.50
13129292620 5 0.80
13112926593 1 0.00
13286352928 3 0.33
15625369587 4 0.00
13249022973 23 0.43
18675340119 1 1.00
15507608892 3 0.00
15502098656 2 0.50
13078620038 7 0.71
15625368867 8 0.12
13286307423 1 1.00
15502095607 1 1.00
13068177058 16 0.50
13005548060 3 1.00
13112904498 2 0.50
13129215185 3 0.67
17666488889 3 0.67
15697614406 1 0.00
18689388608 4 0.75
13112987699 2 0.00
13242229140 1 1.00
15602599822 2 1.00
18676109938 22 0.64
13113916583 1 1.00
17520356467 1 0.00
15507671012 12 0.67
15507655998 1 1.00
13242219315 3 1.00
15502075510 1 0.00
18664432037 11 0.55
15521796390 6 0.67
13232542029 2 0.50
13242249663 4 0.50
15507631147 6 1.00
13286353015 8 0.62
13068131738 8 0.12
18680157654 3 0.00
13005509564 1 1.00
15521598993 1 1.00
13232351969 1 0.00
13232530602 1 1.00
17666374543 1 1.00
15507687551 2 1.00
17666373178 1 1.00
17666366409 14 0.00
18676028082 3 1.00
17688112920 1 1.00
18676417541 3 0.33
18676106960 1 0.00
13085883993 19 0.53
15625370282 1 0.00
13286392568 5 1.00
18576202349 2 1.00
13286914116 2 1.00
18676149813 1 1.00
13025532571 2 0.00
15602592871 2 1.00
18689337819 3 1.00
13129222258 1 0.00
13249006965 1 1.00
13246012270 6 0.17
18666194008 2 1.00
17688117770 2 1.00
18688105570 2 1.00
13226096418 2 0.00
18664400503 1 0.00
18664470378 1 1.00
13005523206 7 0.57
15602821231 8 0.88
17688148465 8 0.00
13025556639 4 0.25
13129252784 4 1.00
18576211774 1 1.00
13025512568 1 1.00
13005548308 4 0.75
18680594182 2 1.00
18676134946 3 0.67
18676186649 4 0.75
18675343441 1 1.00
18676162012 5 1.00
13189260694 5 0.80
17666367676 1 1.00
15521557305 1 0.00
13189288732 45 0.60
17666382506 1 0.00
18676234248 2 0.00
18676164497 2 0.50
13078673918 1 1.00
13189248479 1 1.00
18676115918 2 1.00
18676411229 1 0.00
13217605986 3 1.00
13169859106 1 1.00
13232353635 6 0.33
13129214664 41 0.73
18676262693 17 0.47
13189219751 3 0.33
18676144929 1 1.00
13189222634 1 1.00
15521823609 1 1.00
13085894388 2 0.50
13169892156 2 1.00
13112900385 3 0.67
13112999050 3 1.00
18576269978 2 1.00
13018755358 5 0.60
18680180587 1 1.00
15521596068 3 0.33
13286388207 7 0.57
13169337230 1 1.00
13246010071 2 1.00
13189289244 1 1.00
13246005670 32 0.56
13112988879 2 1.00
15625334026 2 1.00
18688118558 10 0.60
15521757247 1 0.00
13267649832 1 1.00
15507636268 1 1.00
17666389027 3 0.33
15507631516 1 0.00
18576002635 4 0.50
18676163207 1 0.00
18507605099 8 0.88
13112966605 13 0.62
18676118161 1 1.00
18666183802 1 0.00
18576274601 1 1.00
18576071128 2 0.50
18676418846 6 0.00
13211129036 5 0.20
15502073750 5 1.00
17688117362 14 0.64
18676128177 2 0.00
18576263773 6 0.50
18688130620 3 0.67
18689403249 2 0.50
15521524845 2 0.00
13005540156 4 0.50
18676293745 3 0.00
13144049212 1 0.00
18689387203 5 0.80
18676029281 1 1.00
13005532877 1 1.00
13178671568 2 0.50
17666477053 2 0.50
18576019485 2 1.00
13232541419 2 0.50
17097104369 5 0.80
13005512388 1 1.00
13078652005 1 1.00
17607608600 3 0.33
18688120383 1 1.00
18666162796 3 1.00
13078646897 2 0.00
18680186665 2 0.00
18676164220 8 0.62
15521566388 1 1.00
15521542601 3 0.00
13226078248 1 0.00
13246000930 1 1.00
13068123473 9 0.56
13113917751 1 1.00
15625392525 3 1.00
13068178042 2 0.50
18689395323 1 1.00
18664420366 6 0.33
13246059886 2 0.50
13232574897 1 0.00
18666169556 13 0.69
18680163820 3 0.67
13229123090 8 0.25
13189210289 3 0.67
17089792955 1 1.00
13169895206 3 0.67
13232353678 1 0.00
17666360859 2 1.00
15507668188 1 0.00
15521792872 3 0.67
13232376510 2 1.00
13242229801 4 1.00
18664401059 1 0.00
18664414467 1 1.00
13189295535 2 0.00
13169884553 5 0.60
13129288798 2 0.50
13286338466 3 1.00
13148525302 2 0.00
15521776270 2 0.50
18676410100 1 0.00
13178661188 17 0.24
15507639080 1 1.00
13178678665 4 0.50
13242210083 2 0.50
15625333177 2 1.00
13232585208 3 0.00
13286908229 1 1.00
18676119882 19 0.63
13189297882 2 1.00
15521817818 1 0.00
13242224783 4 0.50
15697602472 1 1.00
13286313340 2 1.00
18676113443 4 1.00
13246005639 1 0.00
13178648725 1 1.00
13246023528 6 0.67
18664479709 1 0.00
15521727699 2 1.00
13169300201 3 0.33
18676400790 3 0.67
17089795433 4 0.50
13078642318 16 0.62
15521542928 1 0.00
15521511728 6 0.50
13078681282 4 1.00
18680180656 3 1.00
13112967013 6 0.83
18676016742 1 0.00
18688122883 4 1.00
18680155189 1 1.00
13169312525 1 1.00
18675395035 1 0.00
18576073081 38 0.66
18675392749 5 0.60
18676268706 1 0.00
13169858026 6 0.33
13226075894 2 0.00
13112999390 1 1.00
15507663382 2 0.50
13068153378 2 1.00
18676199198 4 1.00
13085867181 12 0.33
13169331297 3 0.33
15521862464 2 0.50
13112988831 1 1.00
15521733840 3 0.67
18664433250 1 1.00
18676030981 4 0.75
15625317516 2 0.50
17666386159 1 0.00
13005526317 1 0.00
18607603952 1 1.00
18676422505 5 0.60
13068130968 8 0.62
13178662579 10 0.80
15521575829 3 0.67
17089799387 17 0.71
13232343436 3 1.00
18576067115 1 0.00
18576012422 2 1.00
18680599447 5 0.60
18676440816 1 1.00
13113912644 1 0.00
15521572561 1 1.00
15521512477 2 1.00
13005551757 3 1.00
15507629296 2 1.00
15521770499 2 1.00
13232380537 11 0.55
18676192686 1 0.00
18664404928 2 1.00
15521534555 4 0.75
13232382050 7 0.86
13286911158 2 1.00
13068151506 1 1.00
13113930827 2 1.00
15521563464 1 1.00
18688101220 6 0.83
17097112686 2 0.50
18688147303 1 1.00
13113901098 1 1.00
18676024071 1 1.00
13232371313 4 0.50
13286945458 1 0.00
17607600632 1 0.00
18688141403 2 1.00
13286349587 2 0.50
13232371708 3 0.67
18676118232 1 1.00
13129267883 1 1.00
18675341420 2 0.50
18576095338 1 1.00
18676238363 1 1.00
13257609067 1 1.00
18689372529 2 0.50
18676124237 5 0.60
13018727879 1 0.00
13226098166 1 0.00
18576239252 3 0.33
18676122821 4 0.50
18576047540 6 0.33
15521827517 1 0.00
13286397726 17 0.59
18676021900 1 0.00
13068169127 2 1.00
13246027690 5 0.60
13226069896 1 1.00
18676025557 1 1.00
13178665169 14 0.57
13129299588 1 0.00
18666198838 3 1.00
17089799568 4 0.25
15521767853 2 0.00
13025552256 4 0.50
18507605699 5 0.20
15507644600 3 0.33
18688567816 1 1.00
13129269737 6 0.50
18666156309 5 0.60
13005506414 3 0.67
13078646936 4 0.75
13232383959 2 0.50
13232572294 2 0.50
15521758558 1 0.00
15521552657 1 0.00
15625364359 11 0.73
13129260618 1 1.00
18676126971 1 1.00
18676013338 6 0.83
13025557730 1 1.00
13018766520 1 1.00
17688104104 1 1.00
18576020553 1 0.00
18676018835 6 0.50
18576065747 2 1.00
18576233670 1 0.00
13249020785 6 0.00
13129258050 5 0.40
15502093398 1 0.00
13085898228 1 0.00
17688128957 1 1.00
15521567043 1 1.00
17666389076 9 1.00
15502085785 1 0.00
15521716632 1 1.00
13267612141 1 0.00
13018735159 1 1.00
18507604424 7 0.71
13112959510 3 0.33
15521718021 2 0.00
13286300703 3 0.67
13148517989 1 1.00
13249009926 4 1.00
15507625929 2 0.50
13242243856 4 0.50
13246026300 2 0.00
13246058560 1 1.00
13178674965 2 1.00
17089793090 5 1.00
13226098183 1 1.00
18576054865 5 0.40
18666150607 3 1.00
18676416863 4 0.50
18689341148 3 0.33
17520292961 1 0.00
18688114558 3 1.00
13005510769 4 0.75
18676269069 3 1.00
17507600061 11 0.64
13169312676 3 0.67
15625316917 1 1.00
15521822248 6 0.67
18666153518 10 0.90
17688121723 1 0.00
15521550798 1 1.00
13169873173 4 0.50
13078643870 3 1.00
15521560263 1 1.00
13129249264 3 0.33
15521765508 2 1.00
13217604540 13 0.00
13148532489 26 0.31
13242220350 2 0.00
13250485440 1 1.00
18576205428 9 0.78
15521559687 3 0.33
13226093772 1 0.00
13229100228 1 0.00
17666379868 1 1.00
13078604932 2 0.50
18680177037 1 1.00
13005550148 1 0.00
18676137809 1 1.00
13113924406 2 0.50
13226079547 2 1.00
17097112823 5 0.80
17688144978 2 0.50
18676236804 1 1.00
18680594499 3 0.67
15521860950 4 0.75
18688142246 1 1.00
17607608758 1 1.00
18676413373 7 0.57
13178614843 3 0.00
13169882598 1 1.00
15507656782 1 1.00
13242249255 1 1.00
13189203262 1 1.00
13232371524 1 0.00
18676196672 1 1.00
18688131928 1 1.00
13112952949 1 0.00
18680181083 1 1.00
18676138998 2 1.00
18676183190 3 0.67
13148522066 2 0.50
13249049992 1 1.00
18676185548 10 0.60
18688119582 1 1.00
13169878064 5 1.00
13046335446 4 1.00
13078699247 3 1.00
13078608567 3 0.33
13046328429 1 1.00
18676177748 2 0.50
13286931599 1 0.00
15521578606 1 1.00
13129274880 1 1.00
13189285794 1 1.00
13232363780 1 1.00
13246007202 2 0.50
18676180464 2 1.00
18688118313 5 1.00
13178632936 2 0.50
18680591982 14 0.36
15697603970 2 1.00
13189225171 2 1.00
13250096291 4 1.00
17520290617 1 1.00
18676265599 1 1.00
17507600905 21 0.76
17688138688 3 0.00
13178684962 1 0.00
18666166631 1 1.00
13068156356 1 0.00
15507646233 2 1.00
18576010014 3 0.33
13068191462 1 0.00
13189201609 4 0.25
17607604531 14 0.57
15521833795 18 0.72
13169873350 1 1.00
13129226596 1 1.00
17666480387 3 1.00
18675397613 5 1.00
13189261113 1 0.00
17520367528 1 0.00
13286931841 1 1.00
13068118350 1 0.00
15507678636 1 0.00
18576273310 1 0.00
15521556463 1 1.00
18664427987 2 0.50
18676033496 3 1.00
18666163638 24 0.42
18689332472 1 0.00
13025550005 1 1.00
18676177902 3 0.33
18688114731 13 0.46
18666156783 1 0.00
13226066650 2 1.00
13085897271 3 1.00
13189265009 8 0.38
13286395763 24 0.88
15502070787 10 0.40
13189248488 2 0.50
13112921793 3 0.33
18688113299 3 0.67
13169316050 5 0.20
18576253960 3 0.67
13249038969 5 0.60
18676267043 2 1.00
17666483704 1 1.00
18675399919 1 1.00
13249021112 3 0.33
13025518207 13 0.77
15521866465 4 0.75
13005513399 50 0.84
13267628352 6 0.50
13046332371 4 1.00
13068186671 5 0.60
17688110158 4 0.50
18664470135 5 0.20
18680175468 2 1.00
15521558910 4 0.50
13232377359 1 0.00
18576031060 2 0.50
18607605292 1 0.00
15602825072 9 0.44
13046317604 1 1.00
17666486213 2 0.50
13112928722 4 0.75
17688147879 1 1.00
18676262349 1 1.00
13129200359 4 0.25
13267648011 5 0.80
18676231703 1 1.00
17089798410 2 1.00
13129220882 1 0.00
15507653792 1 1.00
13169322593 2 1.00
18675393346 1 1.00
18666191248 1 1.00
13078613250 9 0.67
13250086460 2 1.00
13129275715 6 0.67
13129238589 1 0.00
15521516392 1 0.00
18688135868 11 0.64
15602590269 2 0.00
18664423884 1 1.00
13112952368 2 0.50
13129217883 1 0.00
13078657098 2 1.00
13286936266 2 1.00
13078612333 14 0.71
13005522517 1 1.00
13286346437 1 0.00
13232351934 16 0.56
13046331053 4 0.25
13078604220 4 1.00
13129293580 11 0.64
17607607337 2 1.00
18680591997 1 1.00
13189262049 1 1.00
13189233238 3 1.00
13169331573 1 1.00
17097115338 1 1.00
15521861630 2 0.00
18676172239 48 0.62
17666369229 1 0.00
13129238575 3 1.00
13242217733 1 1.00
18664405450 9 0.67
13169333269 7 0.86
15625317908 10 0.80
18576201147 1 1.00
13085875251 7 1.00
13189215509 1 0.00
15507601819 2 1.00
18676163037 3 1.00
18576271304 1 1.00
18676130205 1 1.00
13025545234 2 1.00
13169338020 1 1.00
13112993167 1 0.00
18664434529 1 1.00
18664420915 1 1.00
13232547212 7 0.57
15507688800 4 1.00
13169857501 2 1.00
13232357783 3 0.00
13169884942 1 1.00
17688108418 1 0.00
13005513389 1 1.00
15602596295 1 1.00
18680595960 16 0.56
17688132397 1 1.00
13025520018 1 1.00
18666176271 7 0.43
15625388961 4 0.75
18675349541 1 1.00
18666158808 3 0.00
18676023436 6 0.67
18576015122 4 0.25
18680157379 2 0.00
13232395831 15 0.67
13078622925 5 0.80
13169883097 4 0.75
18676165139 2 0.50
18676008912 1 1.00
13189209938 1 1.00
13178622138 3 0.67
18666188538 1 1.00
13148516863 5 0.60
18576234332 4 0.50
18676171201 2 0.50
13068104994 2 0.50
13025522292 1 1.00
15521721189 5 0.60
18676244644 2 0.00
18576233153 2 0.50
18576065036 1 1.00
