1300550
1300551
1300552
1300553
1300554
1300555
1301872
1301873
1301874
1301875
1301876
1302550
1302551
1302552
1302553
1302554
1302555
1304630
1304631
1304632
1304633
1304634
1306810
1306811
1306812
1306813
1306814
1306815
1306816
1306817
1306818
1306819
1307860
1307861
1307862
1307863
1307864
1307865
1307866
1307867
1307868
1307869
1308585
1308586
1308587
1308588
1308589
1311290
1311291
1311292
1311293
1311294
1311295
1311296
1311297
1311298
1311299
1311390
1311391
1311392
1311393
1311394
1312920
1312921
1312922
1312923
1312924
1312925
1312926
1312927
1312928
1312929
1314400
1314401
1314402
1314403
1314404
1314850
1314851
1314852
1314853
1314854
1316930
1316931
1316932
1316933
1316985
1316986
1316987
1316988
1316989
1317860
1317861
1317862
1317863
1317864
1317865
1317866
1317867
1317868
1317869
1318920
1318921
1318922
1318923
1318924
1318925
1318926
1318927
1318928
1318929
1321112
1321760
1322606
1322607
1322608
1322609
1322910
1322912
1323234
1323235
1323236
1323237
1323238
1323239
1323253
1323254
1323255
1323256
1323257
1323258
1323259
1324220
1324221
1324222
1324223
1324224
1324600
1324601
1324602
1324603
1324604
1324605
1324606
1324900
1324901
1324902
1324903
1324904
1324937
1324938
1325008
1325009
1325048
1325049
1325760
1326760
1326761
1326762
1326763
1326764
1328630
1328631
1328632
1328633
1328634
1328635
1328636
1328637
1328638
1328639
1328690
1328691
1328692
1328693
1328694
1452956
1452957
1452958
1452959
1454664
1454802
1457049
1458760
1458945
1458946
1458947
1458948
1458949
1458950
1458951
1458952
1550205
1550206
1550207
1550208
1550209
1550760
1550761
1550762
1550763
1550764
1550765
1550766
1550767
1550768
1550769
1552151
1552152
1552153
1552154
1552155
1552156
1552157
1552158
1552159
1552171
1552172
1552173
1552174
1552175
1552176
1552177
1552178
1552179
1552181
1552182
1552183
1552184
1552185
1552186
1560259
1560282
1562530
1562531
1562532
1562533
1562534
1562535
1562536
1562537
1562538
1562539
1569760
1569761
1860760
1866440
1866441
1866442
1866443
1866447
1866615
1866616
1866617
1866618
1866619
1867534
1867539
1867600
1867601
1867602
1867603
1867610
1867611
1867612
1867613
1867614
1867615
1867616
1867617
1867618
1867619
1867623
1867624
1867626
1867627
1867629
1867640
1867641
1867642
1867643
1867644
1868015
1868016
1868017
1868018
1868019
1868059
1868810
1868811
1868812
1868813
1868814
1868856
1868933
1868934
1868935
1868936
1868937
1868938
1868939
1868940
1850760
1851262
1851263
1851264
1851265
1851266
1851267
1851268
1851269
1857600
1857601
1857602
1857603
1857604
1857605
1857606
1857607
1857608
1857609
1857610
1857611
1857612
1857613
1857614
1857615
1857616
1857617
1857618
1857619
1857620
1857621
1857622
1857623
1857624
1857625
1857626
1857627
1857628
1859828
1859829
1760760
1766636
1766637
1766638
1766647
1766648
1768810
1768811
1768812
1768813
1768814
1708942
1708960
1708961
1708962
1708963
1708964
1708965
1708966
1708967
1708968
1708969
1708970
1708971
1708972
1708973
1708974
1708975
1708976
1708977
1708978
1708979
1709348
1709349
1709710
1709711
1709712
1709713
1709714
1709715
1709716
1709747
1709894
1709895
1709896
1709897
1709997
1750760
1752029
1752034
1752035
1752036
